49.673	93.492	58.451	78.359	54.255	59.833	85.773	90.397	59.261	-102.925	83.289	-6.931	-208.255	66.840	-13.906	-231.595	-65.533	18.140
49.672	93.494	58.455	78.358	54.245	59.834	85.764	90.397	59.251	-102.926	83.296	-6.918	-208.261	66.816	-13.909	-231.587	-65.549	18.123
49.673	93.492	58.452	78.354	54.251	59.850	85.776	90.393	59.251	-102.926	83.293	-6.921	-208.260	66.817	-13.902	-231.579	-65.569	18.118
49.672	93.493	58.456	78.357	54.258	59.842	85.773	90.397	59.261	-102.937	83.296	-6.924	-208.266	66.800	-13.909	-231.561	-65.593	18.117
49.673	93.491	58.449	78.356	54.248	59.842	85.776	90.393	59.252	-102.937	83.298	-6.921	-208.256	66.796	-13.881	-231.576	-65.603	18.088
49.671	93.495	58.460	78.359	54.256	59.835	85.776	90.393	59.251	-102.934	83.306	-6.930	-208.272	66.782	-13.894	-231.544	-65.624	18.098
49.673	93.508	58.466	78.361	54.253	59.828	85.776	90.397	59.255	-102.934	83.308	-6.926	-208.273	66.776	-13.883	-231.559	-65.639	18.063
49.681	93.493	58.466	78.359	54.260	59.842	85.766	90.395	59.244	-102.935	83.304	-6.933	-208.261	66.775	-13.876	-231.555	-65.675	18.031
49.675	93.502	58.449	78.359	54.256	59.833	85.776	90.398	59.258	-102.935	83.304	-6.932	-208.265	66.766	-13.865	-231.547	-65.694	18.025
49.685	93.501	58.455	78.361	54.258	59.834	85.778	90.407	59.254	-102.947	83.297	-6.935	-208.257	66.751	-13.865	-231.538	-65.712	18.000
49.684	93.507	58.469	78.359	54.260	59.842	85.769	90.409	59.247	-102.948	83.296	-6.935	-208.256	66.754	-13.856	-231.543	-65.735	17.958
49.676	93.507	58.457	78.354	54.267	59.820	85.778	90.407	59.254	-102.952	83.283	-6.934	-208.268	66.756	-13.861	-231.562	-65.757	17.936
49.680	93.508	58.436	78.361	54.257	59.832	85.769	90.409	59.247	-102.955	83.274	-6.929	-208.271	66.744	-13.861	-231.557	-65.785	17.917
49.683	93.509	58.474	78.352	54.270	59.828	85.769	90.409	59.247	-102.967	83.278	-6.926	-208.283	66.744	-13.870	-231.572	-65.800	17.902
49.664	93.507	58.451	78.349	54.263	59.836	85.765	90.400	59.252	-102.982	83.267	-6.933	-208.285	66.739	-13.880	-231.585	-65.808	17.876
49.665	93.503	58.442	78.349	54.257	59.828	85.763	90.400	59.256	-102.986	83.260	-6.922	-208.295	66.745	-13.878	-231.609	-65.805	17.846
49.673	93.506	58.458	78.349	54.262	59.835	85.765	90.396	59.246	-102.995	83.269	-6.935	-208.295	66.748	-13.897	-231.627	-65.817	17.842
49.673	93.504	58.457	78.349	54.257	59.828	85.763	90.399	59.254	-102.999	83.261	-6.926	-208.302	66.760	-13.911	-231.647	-65.806	17.820
49.668	93.494	58.464	78.336	54.250	59.828	85.762	90.387	59.253	-103.011	83.263	-6.929	-208.299	66.769	-13.917	-231.671	-65.803	17.810
49.660	93.493	58.450	78.343	54.248	59.836	85.750	90.392	59.254	-103.021	83.270	-6.928	-208.307	66.788	-13.914	-231.690	-65.779	17.812
49.660	93.497	58.455	78.333	54.249	59.831	85.750	90.387	59.247	-103.029	83.283	-6.934	-208.302	66.802	-13.940	-231.699	-65.765	17.806
49.665	93.486	58.467	78.333	54.253	59.836	85.750	90.388	59.247	-103.027	83.281	-6.944	-208.316	66.832	-13.971	-231.706	-65.732	17.837
49.653	93.488	58.467	78.330	54.252	59.838	85.750	90.392	59.254	-103.044	83.308	-6.955	-208.322	66.852	-13.993	-231.713	-65.709	17.869
49.654	93.489	58.467	78.328	54.244	59.844	85.747	90.391	59.257	-103.040	83.320	-6.956	-208.314	66.876	-13.999	-231.718	-65.677	17.894
49.655	93.491	58.469	78.335	54.251	59.829	85.750	90.388	59.247	-103.035	83.332	-6.962	-208.315	66.912	-14.013	-231.708	-65.634	17.923
49.665	93.497	58.471	78.335	54.251	59.830	85.748	90.394	59.261	-103.040	83.356	-6.973	-208.308	66.933	-14.062	-231.720	-65.589	17.940
49.655	93.499	58.465	78.335	54.251	59.830	85.752	90.401	59.250	-103.047	83.372	-6.976	-208.309	66.964	-14.088	-231.783	-65.514	17.943
49.651	93.511	58.451	78.336	54.263	59.832	85.753	90.402	59.251	-103.030	83.395	-6.970	-208.309	67.000	-14.100	-231.790	-65.452	17.968
49.670	93.513	58.474	78.338	54.265	59.831	85.762	90.406	59.265	-103.032	83.421	-6.979	-208.298	67.037	-14.125	-231.816	-65.380	17.963
49.662	93.513	58.461	78.341	54.274	59.825	85.762	90.405	59.265	-103.026	83.439	-6.994	-208.300	67.068	-14.147	-231.828	-65.338	17.974
49.675	93.521	58.464	78.349	54.275	59.838	85.756	90.415	59.251	-103.033	83.454	-6.999	-208.287	67.108	-14.166	-231.851	-65.281	17.982
49.666	93.543	58.474	78.352	54.290	59.843	85.770	90.425	59.253	-103.024	83.476	-7.011	-208.297	67.151	-14.199	-231.846	-65.230	17.989
49.676	93.533	58.468	78.343	54.290	59.833	85.768	90.428	59.261	-103.018	83.502	-7.008	-208.289	67.173	-14.208	-231.878	-65.178	18.028
49.681	93.544	58.462	78.357	54.296	59.830	85.773	90.434	59.248	-103.022	83.529	-7.014	-208.282	67.197	-14.209	-231.879	-65.138	18.046
49.679	93.550	58.477	78.348	54.301	59.828	85.773	90.438	59.254	-103.018	83.540	-7.017	-208.288	67.214	-14.209	-231.886	-65.079	18.060
49.680	93.546	58.467	78.355	54.304	59.847	85.764	90.440	59.249	-103.013	83.554	-7.017	-208.274	67.223	-14.210	-231.883	-65.057	18.063
49.681	93.549	58.469	78.347	54.302	59.831	85.773	90.438	59.254	-103.009	83.563	-7.025	-208.268	67.236	-14.212	-231.883	-65.013	18.084
49.681	93.549	58.470	78.347	54.302	59.831	85.762	90.442	59.254	-102.998	83.563	-7.017	-208.264	67.246	-14.215	-231.894	-65.002	18.096
49.669	93.547	58.461	78.347	54.297	59.823	85.768	90.428	59.261	-103.010	83.567	-7.015	-208.265	67.244	-14.220	-231.893	-64.994	18.112
49.666	93.539	58.468	78.341	54.293	59.842	85.768	90.428	59.261	-103.011	83.563	-7.022	-208.265	67.247	-14.212	-231.904	-64.992	18.108
49.664	93.524	58.462	78.337	54.280	59.841	85.759	90.424	59.246	-103.013	83.558	-7.009	-208.268	67.237	-14.207	-231.905	-64.991	18.129
49.653	93.522	58.452	78.339	54.278	59.835	85.756	90.420	59.260	-103.029	83.544	-7.018	-208.269	67.232	-14.217	-231.933	-65.000	18.121
49.669	93.516	58.481	78.338	54.266	59.833	85.755	90.416	59.253	-103.032	83.528	-7.028	-208.258	67.233	-14.204	-231.972	-65.007	18.107
49.661	93.510	58.460	78.336	54.263	59.832	85.752	90.406	59.259	-103.037	83.520	-7.017	-208.273	67.221	-14.213	-231.987	-65.015	18.109
49.657	93.514	58.473	78.331	54.257	59.845	85.752	90.401	59.250	-103.052	83.504	-7.031	-208.267	67.206	-14.205	-232.010	-65.024	18.128
49.665	93.497	58.471	78.333	54.250	59.831	85.749	90.393	59.255	-103.049	83.485	-7.005	-208.269	67.197	-14.203	-232.040	-65.039	18.110
49.656	93.498	58.464	78.331	54.253	59.838	85.750	90.388	59.247	-103.053	83.469	-7.013	-208.275	67.178	-14.210	-232.272	-64.980	17.981
49.643	93.491	58.462	78.328	54.248	59.849	85.749	90.388	59.249	-103.067	83.461	-7.014	-208.290	67.172	-14.209	-232.298	-64.988	17.952
49.643	93.491	58.463	78.332	54.238	59.829	85.744	90.382	59.260	-103.083	83.453	-7.011	-208.281	67.161	-14.198	-232.319	-65.012	17.949
49.653	93.491	58.472	78.327	54.245	59.845	85.745	90.381	59.260	-103.086	83.439	-7.013	-208.274	67.145	-14.195	-232.328	-65.042	17.943
49.641	93.495	58.473	78.329	54.241	59.837	85.746	90.380	59.255	-103.106	83.423	-7.000	-208.279	67.129	-14.201	-232.345	-65.058	17.930
49.644	93.504	58.469	78.327	54.244	59.844	85.749	90.392	59.256	-103.142	83.420	-7.011	-208.280	67.123	-14.191	-232.116	-65.168	18.068
49.646	93.500	58.458	78.327	54.245	59.846	85.749	90.388	59.249	-103.142	83.420	-7.010	-208.286	67.105	-14.200	-232.132	-65.185	18.052
49.653	93.504	58.478	78.332	54.250	59.831	85.749	90.394	59.258	-103.155	83.419	-7.021	-208.288	67.104	-14.177	-232.363	-65.112	17.932
49.653	93.503	58.477	78.331	54.258	59.847	85.749	90.394	59.258	-103.170	83.415	-7.013	-208.290	67.098	-14.189	-232.357	-65.138	17.937
49.646	93.506	58.467	78.328	54.261	59.854	85.747	90.396	59.265	-103.166	83.428	-7.011	-208.281	67.087	-14.176	-232.358	-65.137	17.944
49.655	93.500	58.468	78.321	54.260	59.842	85.737	90.399	59.259	-103.168	83.441	-6.979	-208.294	67.084	-14.168	-232.360	-65.145	17.950
49.655	93.506	58.477	78.333	54.268	59.844	85.752	90.403	59.254	-103.175	83.444	-7.010	-208.295	67.081	-14.174	-232.358	-65.137	17.962
49.660	93.512	58.463	78.333	54.267	59.841	85.752	90.403	59.254	-103.183	83.460	-7.014	-208.295	67.080	-14.177	-232.347	-65.139	17.990
49.658	93.514	58.472	78.333	54.268	59.844	85.752	90.407	59.260	-103.181	83.484	-6.984	-208.283	67.080	-14.163	-232.328	-65.147	18.041
49.659	93.513	58.469	78.333	54.267	59.841	85.752	90.407	59.260	-103.187	83.503	-7.004	-208.286	67.073	-14.153	-232.067	-65.237	18.199
49.669	93.516	58.481	78.335	54.269	59.843	85.750	90.410	59.268	-103.181	83.524	-6.993	-208.307	67.048	-14.113	-232.028	-65.257	18.268
49.648	93.521	58.474	78.333	54.267	59.841	85.750	90.405	59.260	-103.187	83.550	-6.998	-208.345	67.017	-14.058	-232.015	-65.248	18.337
49.659	93.517	58.475	78.338	54.264	59.831	85.752	90.402	59.252	-103.202	83.585	-6.996	-208.385	66.981	-13.956	-231.996	-65.248	18.428
49.659	93.508	58.459	78.334	54.270	59.845	85.750	90.409	59.267	-103.218	83.623	-6.988	-208.469	66.937	-13.843	-231.956	-65.261	18.531
49.658	93.512	58.468	78.333	54.272	59.850	85.752	90.407	59.261	-103.229	83.676	-6.978	-208.575	66.887	-13.696	-231.902	-65.263	18.687
49.660	93.510	58.461	78.334	54.271	59.848	85.750	90.410	59.268	-103.226	83.739	-6.959	-208.714	66.830	-13.577	-231.813	-65.279	18.901
49.659	93.518	58.478	78.333	54.267	59.841	85.750	90.410	59.268	-103.220	83.814	-6.943	-208.912	66.716	-13.311	-231.715	-65.321	19.125
49.656	93.521	58.486	78.334	54.271	59.848	85.752	90.407	59.260	-103.235	83.890	-6.945	-209.223	66.580	-12.947	-231.651	-65.368	19.327
49.656	93.517	58.479	78.333	54.272	59.850	85.752	90.403	59.254	-103.251	83.966	-6.944	-209.688	66.429	-12.574	-231.552	-65.456	19.586
49.647	93.522	58.479	78.333	54.272	59.850	85.750	90.410	59.268	-103.275	84.027	-6.921	-210.153	66.256	-11.882	-231.407	-65.586	19.935
49.645	93.525	58.486	78.333	54.272	59.850	85.751	90.408	59.262	-103.288	84.080	-6.905	-210.947	65.962	-11.058	-230.968	-65.734	20.471
49.649	93.520	58.471	78.328	54.267	59.865	85.749	90.411	59.269	-103.320	84.105	-6.879	-211.447	65.737	-9.551	-230.717	-65.928	20.903
49.644	93.511	58.480	78.328	54.267	59.865	85.749	90.408	59.267	-103.322	84.069	-6.839	-211.795	65.702	-7.596	-230.263	-66.191	21.496
49.652	93.511	58.492	78.318	54.267	59.857	85.744	90.404	59.283	-103.308	83.978	-6.742	-211.934	65.638	-5.196	-229.639	-66.388	22.122
49.652	93.510	58.491	78.324	54.254	59.865	85.736	90.400	59.264	-103.269	83.788	-6.565	-211.965	65.638	-2.474	-229.015	-66.650	22.809
49.636	93.489	58.486	78.311	54.242	59.856	85.731	90.393	59.276	-103.167	83.562	-6.267	-211.794	65.615	0.464	-228.251	-66.875	23.574
49.633	93.475	58.482	78.306	54.231	59.863	85.728	90.380	59.273	-102.853	83.133	-6.093	-211.243	65.589	3.573	-227.643	-67.030	24.264
49.639	93.467	58.502	78.308	54.224	59.849	85.725	90.365	59.270	-103.545	82.586	-6.338	-210.218	65.566	6.829	-226.301	-67.420	25.297
49.639	93.467	58.502	78.311	54.205	59.866	85.732	90.355	59.282	-104.120	82.006	-6.196	-209.126	64.784	7.905	-225.371	-67.761	25.836
49.634	93.438	58.495	78.313	54.198	59.855	85.730	90.340	59.278	-104.632	81.410	-4.634	-207.043	65.798	13.722	-224.078	-67.728	26.864
49.634	93.419	58.479	78.328	54.169	59.863	85.738	90.323	59.280	-104.475	80.913	-2.493	-204.910	66.033	17.594	-222.896	-67.795	27.717
49.641	93.409	58.491	78.327	54.166	59.863	85.735	90.310	59.279	-103.559	80.534	0.857	-202.522	66.224	21.361	-221.480	-67.739	28.880
49.626	93.390	58.491	78.327	54.153	59.857	85.744	90.290	59.273	-102.059	80.229	5.233	-199.890	66.471	25.224	-220.162	-67.624	29.948
49.638	93.380	58.482	78.334	54.138	59.863	85.742	90.279	59.274	-100.040	79.697	9.752	-196.961	66.644	28.925	-218.582	-67.569	31.203
49.631	93.364	58.497	78.341	54.122	59.865	85.740	90.265	59.271	-97.647	78.995	14.426	-193.794	66.799	32.669	-216.771	-67.482	32.825
49.625	93.361	58.479	78.338	54.113	59.870	85.742	90.261	59.260	-95.068	78.208	19.275	-190.324	66.940	36.438	-214.894	-67.312	34.595
49.636	93.356	58.476	78.340	54.110	59.862	85.747	90.254	59.282	-92.464	77.302	24.132	-186.550	67.141	40.406	-212.869	-67.111	36.537
49.633	93.345	58.479	78.341	54.113	59.867	85.750	90.263	59.277	-89.581	76.325	29.128	-182.452	67.375	44.524	-210.752	-66.818	38.617
49.636	93.353	58.471	78.341	54.121	59.863	85.752	90.260	59.269	-86.602	75.296	34.064	-177.898	67.589	48.825	-208.269	-66.544	40.908
49.632	93.363	58.494	78.337	54.134	59.852	85.743	90.278	59.273	-83.445	74.115	38.914	-172.956	67.766	53.346	-205.781	-66.114	43.202
49.646	93.386	58.504	78.334	54.138	59.863	85.742	90.280	59.277	-79.912	72.894	43.961	-167.792	67.910	57.794	-203.068	-65.716	45.406
49.638	93.385	58.487	78.337	54.157	59.873	85.745	90.295	59.281	-76.177	71.535	48.915	-162.374	68.076	62.151	-200.261	-65.154	47.919
49.642	93.412	58.497	78.327	54.171	59.869	85.735	90.313	59.284	-72.290	70.258	53.962	-156.575	68.106	66.581	-197.230	-64.703	50.250
49.633	93.430	58.502	78.320	54.187	59.867	85.728	90.324	59.273	-68.105	68.769	59.114	-150.605	68.109	70.823	-194.152	-64.074	52.877
49.622	93.434	58.496	78.310	54.189	59.860	85.730	90.336	59.273	-63.798	67.353	64.251	-144.241	68.016	75.071	-190.838	-63.500	55.527
49.636	93.448	58.490	78.310	54.206	59.871	85.730	90.340	59.278	-59.384	65.862	69.369	-137.678	67.900	79.254	-187.473	-62.883	58.145
49.623	93.459	58.506	78.310	54.208	59.874	85.721	90.359	59.284	-54.872	64.508	74.376	-130.919	67.665	83.540	-184.042	-62.266	60.786
49.629	93.463	58.488	78.303	54.216	59.860	85.722	90.357	59.278	-50.110	63.102	79.389	-123.921	67.285	87.646	-180.444	-61.658	63.591
49.639	93.466	58.501	78.303	54.217	59.860	85.720	90.360	59.286	-45.139	61.731	84.360	-116.881	66.881	91.695	-176.876	-61.031	66.390
49.636	93.453	58.499	78.310	54.206	59.871	85.720	90.343	59.275	-40.052	60.393	89.036	-109.831	66.363	95.657	-173.208	-60.465	69.223
49.635	93.435	58.487	78.310	54.201	59.864	85.727	90.344	59.289	-34.870	59.186	93.498	-102.840	65.766	99.365	-169.434	-59.871	72.250
49.636	93.439	58.494	78.319	54.188	59.869	85.727	90.327	59.278	-29.528	58.061	97.688	-95.983	65.251	102.919	-165.639	-59.330	75.204
49.630	93.411	58.487	78.317	54.173	59.863	85.737	90.323	59.282	-23.858	56.974	101.720	-89.330	64.668	106.237	-161.864	-58.811	78.333
49.629	93.401	58.489	78.316	54.160	59.858	85.735	90.309	59.277	-18.263	56.024	105.368	-82.916	64.214	109.317	-158.127	-58.294	81.359
49.639	93.397	58.493	78.324	54.156	59.866	85.745	90.294	59.278	-12.345	55.141	108.897	-76.901	63.853	112.166	-154.371	-57.809	84.381
49.633	93.375	58.495	78.333	54.139	59.864	85.742	90.279	59.275	-6.353	54.372	112.113	-71.238	63.628	114.771	-150.602	-57.304	87.509
49.632	93.364	58.497	78.340	54.128	59.875	85.743	90.274	59.267	-0.448	53.678	114.919	-65.976	63.569	117.205	-146.862	-56.876	90.505
49.635	93.353	58.472	78.341	54.123	59.867	85.750	90.263	59.277	5.721	53.025	117.599	-61.120	63.660	119.427	-143.102	-56.455	93.482
49.621	93.352	58.484	78.338	54.113	59.870	85.752	90.260	59.269	11.910	52.419	120.119	-56.633	63.890	121.500	-139.425	-56.024	96.374
49.621	93.347	58.474	78.341	54.121	59.865	85.742	90.262	59.262	18.006	51.868	122.220	-52.477	64.263	123.336	-135.746	-55.537	98.986
49.634	93.359	58.486	78.343	54.119	59.857	85.749	90.264	59.278	24.041	51.425	124.158	-48.534	64.833	124.843	-132.131	-54.998	101.604
49.633	93.361	58.487	78.341	54.128	59.875	85.752	90.273	59.273	30.060	50.999	125.985	-44.873	65.478	126.066	-128.591	-54.382	103.967
49.659	93.348	58.429	78.334	54.137	59.861	85.742	90.280	59.277	35.992	50.583	127.565	-41.365	66.247	127.048	-125.080	-53.718	106.206
49.665	93.428	58.565	78.335	54.155	59.874	85.735	90.295	59.271	41.742	50.228	129.042	-38.023	67.154	127.633	-121.664	-53.002	108.275
49.663	93.431	58.575	78.329	54.163	59.855	85.736	90.308	59.275	47.243	49.921	130.225	-34.827	68.125	127.943	-118.346	-52.172	110.209
49.658	93.457	58.570	78.328	54.171	59.868	85.738	90.323	59.280	52.831	49.547	131.512	-31.769	69.171	127.981	-115.129	-51.292	111.942
49.651	93.473	58.569	78.365	54.132	59.748	85.728	90.330	59.284	58.052	49.250	132.439	-28.898	70.232	127.779	-111.937	-50.342	113.556
49.661	93.473	58.577	78.331	54.171	59.794	85.742	90.353	59.312	63.032	49.074	133.249	-26.148	71.348	127.295	-108.861	-49.315	114.996
49.663	93.483	58.574	78.334	54.180	59.788	85.741	90.356	59.319	67.826	48.954	133.891	-23.561	72.488	126.595	-105.890	-48.250	116.325
49.651	93.488	58.576	78.324	54.187	59.792	85.745	90.367	59.315	72.344	49.002	134.412	-21.111	73.658	125.754	-102.957	-47.201	117.520
49.653	93.490	58.576	78.324	54.182	59.782	85.735	90.363	59.298	76.468	49.268	134.685	-18.789	74.788	124.787	-100.175	-46.160	118.569
49.659	93.491	58.593	78.334	54.181	59.792	85.733	90.367	59.308	80.418	49.645	134.883	-16.653	75.901	123.731	-97.379	-45.066	119.555
49.655	93.480	58.554	78.329	54.175	59.803	85.732	90.355	59.305	84.095	50.174	134.912	-14.648	77.016	122.663	-94.676	-44.032	120.407
49.649	93.476	58.577	78.380	54.109	59.616	85.740	90.352	59.313	87.545	50.890	134.780	-12.761	78.082	121.533	-92.101	-42.955	121.209
49.648	93.460	58.565	78.569	53.818	58.853	85.740	90.338	59.307	90.663	51.766	134.523	-10.907	79.123	120.403	-89.632	-41.941	121.884
49.660	93.447	58.552	78.274	54.245	60.063	85.747	90.328	59.320	93.615	52.657	134.066	-9.175	80.112	119.282	-87.223	-40.953	122.487
49.589	93.604	58.977	78.273	54.249	60.072	85.745	90.313	59.314	96.393	53.772	133.510	-7.546	81.077	118.143	-85.002	-39.963	123.026
49.592	93.595	58.960	78.277	54.221	60.074	85.744	90.295	59.302	99.005	54.878	132.818	-6.040	81.973	116.976	-82.688	-38.984	123.556
49.598	93.584	58.971	78.288	54.222	60.087	85.752	90.297	59.318	101.378	55.964	131.839	-4.663	82.858	115.823	-80.647	-38.054	123.931
49.585	93.571	58.960	78.280	54.212	60.057	85.754	90.293	59.308	103.579	57.142	130.927	-3.449	83.730	114.738	-78.521	-37.176	124.310
49.596	93.568	58.962	78.286	54.206	60.077	85.752	90.279	59.304	105.655	58.323	129.715	-2.388	84.538	113.629	-76.641	-36.303	124.601
49.596	93.568	58.962	78.288	54.197	60.059	85.762	90.277	59.310	107.569	59.541	128.545	-1.513	85.317	112.579	-74.809	-35.430	124.863
49.596	93.568	58.962	78.297	54.202	60.080	85.760	90.286	59.329	109.287	60.855	127.342	-0.783	86.084	111.497	-73.075	-34.619	125.108
49.600	93.580	58.961	78.290	54.214	60.068	85.764	90.292	59.316	110.845	62.131	126.021	-0.119	86.833	110.506	-71.410	-33.846	125.265
49.602	93.597	58.971	78.289	54.218	60.077	85.752	90.301	59.326	112.299	63.432	124.703	0.375	87.515	109.539	-69.918	-33.149	125.359
49.601	93.601	58.979	78.292	54.231	60.078	85.766	90.293	59.274	113.598	64.680	123.305	0.830	88.218	108.638	-68.499	-32.447	125.444
49.604	93.613	58.979	78.284	54.246	60.075	85.800	90.234	59.076	114.775	65.807	121.844	1.243	88.873	107.764	-67.068	-31.764	125.505
49.596	93.629	58.977	78.287	54.259	60.075	85.884	90.080	58.658	115.994	66.956	120.356	1.628	89.521	106.903	-65.831	-31.110	125.495
49.608	93.646	58.997	78.276	54.262	60.072	85.963	89.885	58.178	116.984	67.903	118.745	2.018	90.140	106.014	-64.708	-30.448	125.374
49.611	93.662	59.006	78.268	54.277	60.070	86.036	89.580	57.509	118.038	68.791	117.166	2.446	90.735	105.112	-63.633	-29.764	125.288
49.600	93.662	58.994	78.194	54.671	60.707	85.973	89.735	57.951	118.983	69.602	115.548	2.945	91.326	104.314	-62.635	-29.155	125.097
49.602	93.682	59.013	78.183	54.692	60.718	85.825	90.086	58.788	119.819	70.345	113.946	3.498	91.906	103.496	-61.704	-28.508	124.916
49.606	93.690	59.004	78.194	54.674	60.602	85.445	91.366	61.518	120.581	71.092	112.390	4.041	92.492	102.792	-60.827	-27.890	124.687
49.591	93.681	59.001	78.202	54.646	60.463	85.466	91.276	61.320	121.243	71.833	110.917	4.554	93.049	102.057	-60.005	-27.288	124.424
49.602	93.682	59.013	78.210	54.631	60.351	85.483	91.179	61.136	121.831	72.546	109.426	5.254	93.559	101.451	-59.371	-26.711	124.074
49.599	93.666	59.004	78.190	54.682	60.412	85.501	91.109	60.983	122.283	73.321	108.056	5.843	94.052	100.817	-58.652	-26.228	123.738
49.597	93.649	58.995	78.125	54.816	60.839	85.529	91.020	60.821	122.671	74.046	106.615	6.554	94.536	100.322	-58.035	-25.713	123.393
49.595	93.633	58.985	78.037	55.207	61.809	85.606	90.753	60.238	122.865	74.790	105.285	7.212	94.997	99.778	-57.465	-25.227	123.049
49.593	93.616	58.977	78.068	55.109	61.791	85.599	90.728	60.238	123.103	75.549	103.842	7.808	95.446	99.282	-57.008	-24.792	122.597
49.601	93.601	58.979	78.076	55.077	61.727	85.609	90.709	60.231	123.117	76.434	102.694	8.375	95.895	98.759	-56.485	-24.340	122.253
49.587	93.587	58.969	78.091	55.036	61.677	85.609	90.709	60.231	123.160	77.214	101.311	9.028	96.335	98.285	-56.048	-23.927	121.857
49.597	93.588	58.980	78.102	54.998	61.641	85.605	90.696	60.232	123.118	77.994	99.913	9.588	96.777	97.701	-55.702	-23.518	121.370
49.606	93.684	59.130	78.109	54.973	61.587	85.617	90.693	60.235	123.007	78.768	98.529	10.263	97.209	97.184	-55.355	-23.106	121.001
49.636	93.656	59.079	78.126	54.939	61.532	85.618	90.689	60.225	122.847	79.452	97.108	10.819	97.637	96.567	-55.008	-22.737	120.555
49.638	93.641	59.033	78.133	54.914	61.478	85.618	90.689	60.225	122.703	80.179	95.704	11.517	98.029	95.903	-54.723	-22.341	120.174
49.638	93.575	58.888	78.147	54.886	61.395	85.621	90.701	60.226	122.438	80.895	94.466	12.083	98.436	95.157	-54.458	-21.961	119.764
49.652	93.551	58.830	78.152	54.842	61.289	85.620	90.706	60.234	122.177	81.594	93.079	12.755	98.806	94.343	-54.226	-21.566	119.312
49.656	93.538	58.782	78.164	54.820	61.218	85.623	90.718	60.234	121.936	82.235	91.494	13.346	99.144	93.362	-54.003	-21.224	118.872
49.647	93.510	58.717	78.164	54.786	61.135	85.625	90.735	60.243	121.580	82.873	90.027	14.050	99.459	92.343	-53.807	-20.910	118.428
49.650	93.505	58.689	78.180	54.759	61.051	85.617	90.750	60.241	121.076	83.608	88.602	14.666	99.707	91.209	-53.632	-20.592	117.994
49.661	93.501	58.670	78.183	54.727	60.951	85.617	90.750	60.240	120.584	84.318	87.047	15.360	99.980	90.058	-53.442	-20.292	117.564
49.651	93.506	58.652	78.190	54.689	60.878	85.610	90.762	60.228	119.988	85.017	85.543	16.010	100.208	88.864	-53.270	-20.011	117.099
49.659	93.487	58.604	78.195	54.657	60.777	85.609	90.766	60.236	119.298	85.769	84.039	16.587	100.400	87.600	-53.152	-19.769	116.639
49.661	93.492	58.592	78.202	54.618	60.703	85.597	90.769	60.234	118.618	86.477	82.471	17.237	100.563	86.270	-53.000	-19.516	116.180
49.661	93.486	58.581	78.216	54.566	60.594	85.601	90.781	60.234	117.902	87.192	80.848	17.734	100.695	84.980	-52.881	-19.263	115.741
49.653	93.484	58.568	78.221	54.515	60.478	85.597	90.769	60.234	117.126	87.854	79.132	18.129	100.807	83.711	-52.789	-19.030	115.278
49.648	93.479	58.579	78.240	54.471	60.400	85.597	90.769	60.234	116.330	88.388	77.409	18.533	100.897	82.447	-52.690	-18.815	114.789
49.641	93.474	58.561	78.254	54.406	60.286	85.597	90.768	60.234	115.605	88.926	75.730	18.869	100.967	81.208	-52.620	-18.634	114.299
49.648	93.465	58.574	78.272	54.349	60.165	85.596	90.752	60.225	114.787	89.531	74.164	19.178	101.032	80.013	-52.527	-18.456	113.864
49.645	93.444	58.558	78.266	54.293	60.032	85.606	90.753	60.237	114.019	89.973	72.287	19.437	101.080	78.821	-52.428	-18.311	113.388
49.642	93.435	58.564	78.194	54.279	59.800	85.598	90.733	60.245	113.301	90.377	70.710	19.704	101.093	77.625	-52.363	-18.194	112.897
49.650	93.423	58.573	78.071	54.331	59.524	85.600	90.758	60.309	112.501	90.859	69.066	19.919	101.083	76.442	-52.203	-18.060	112.470
49.640	93.420	58.560	77.929	54.408	59.194	85.590	90.767	60.353	111.806	91.155	67.490	20.175	101.068	75.308	-52.143	-17.989	111.990
49.648	93.408	58.567	77.792	54.486	58.900	85.580	90.799	60.424	111.052	91.560	65.795	20.442	101.001	74.193	-52.018	-17.908	111.512
49.649	93.405	58.561	77.606	54.586	58.572	85.228	91.951	62.905	110.371	91.811	64.371	20.675	100.936	73.128	-51.904	-17.834	111.115
49.660	93.404	58.566	77.502	54.668	58.293	85.279	91.830	62.659	110.255	92.141	63.525	20.921	100.884	72.079	-51.796	-17.791	110.599
49.659	93.391	58.559	77.498	54.645	58.193	85.293	91.810	62.586	110.541	92.205	63.336	21.081	100.758	70.941	-51.643	-17.745	110.214
49.652	93.401	58.548	77.574	54.528	58.198	85.299	91.791	62.543	110.825	92.183	63.381	21.286	100.577	69.695	-51.554	-17.741	109.743
49.663	93.412	58.562	77.682	54.396	58.206	85.310	91.765	62.465	110.898	92.174	63.301	21.468	100.404	68.520	-51.432	-17.704	109.318
49.658	93.424	58.545	77.756	54.276	58.111	85.327	91.701	62.327	111.033	92.129	63.099	21.752	100.171	67.415	-51.323	-17.698	108.938
49.655	93.434	58.567	77.793	54.190	57.994	85.348	91.651	62.191	111.154	92.074	62.816	22.113	99.964	66.417	-51.232	-17.718	108.471
49.661	93.452	58.557	77.856	54.075	57.839	85.349	91.614	62.086	111.278	92.033	62.543	22.426	99.770	65.595	-51.097	-17.712	108.071
49.658	93.459	58.573	77.905	53.983	57.719	85.368	91.574	61.968	111.355	92.018	62.430	22.685	99.628	65.078	-51.000	-17.704	107.661
49.673	93.467	58.572	77.966	53.891	57.591	85.371	91.547	61.891	111.378	92.038	62.362	22.893	99.533	64.800	-50.924	-17.745	107.273
49.663	93.482	58.572	77.990	53.830	57.494	85.376	91.521	61.838	111.385	92.093	62.334	23.059	99.467	64.603	-50.837	-17.797	106.868
49.652	93.472	58.560	78.029	53.769	57.401	85.380	91.506	61.806	111.370	92.138	62.292	23.160	99.441	64.564	-50.724	-17.803	106.544
49.673	93.483	58.582	78.056	53.703	57.316	85.385	91.485	61.763	111.339	92.163	62.248	23.224	99.410	64.517	-50.639	-17.862	106.205
49.651	93.469	58.558	78.085	53.631	57.220	85.387	91.464	61.723	111.326	92.148	62.192	23.284	99.377	64.491	-50.591	-17.937	105.909
49.663	93.470	58.566	78.120	53.554	57.149	85.394	91.433	61.658	111.335	92.120	62.128	23.314	99.333	64.476	-50.531	-18.029	105.656
49.658	93.463	58.579	78.148	53.470	57.048	85.400	91.400	61.609	111.344	92.081	62.064	23.352	99.277	64.466	-50.484	-18.136	105.437
49.658	93.458	58.571	78.190	53.390	56.962	85.412	91.360	61.520	111.335	92.057	62.029	23.367	99.223	64.447	-50.419	-18.236	105.233
49.648	93.445	58.557	78.219	53.318	56.880	85.417	91.333	61.468	111.313	92.027	61.992	23.394	99.170	64.439	-50.359	-18.345	105.029
49.655	93.429	58.558	78.246	53.257	56.806	85.430	91.298	61.427	111.293	91.997	61.938	23.406	99.113	64.438	-50.304	-18.475	104.829
49.662	93.420	58.573	78.271	53.196	56.734	85.433	91.269	61.389	111.294	91.978	61.918	23.447	99.061	64.474	-50.248	-18.595	104.625
49.653	93.418	58.562	78.294	53.132	56.677	85.443	91.243	61.371	111.276	91.973	61.886	23.453	99.027	64.462	-50.185	-18.687	104.531
49.660	93.404	58.566	78.315	53.081	56.601	85.447	91.228	61.339	111.259	91.978	61.857	23.452	99.002	64.436	-50.123	-18.760	104.400
49.647	93.395	58.561	78.323	53.049	56.535	85.450	91.218	61.317	111.234	91.990	61.823	23.464	98.970	64.401	-50.073	-18.836	104.262
49.659	93.390	58.559	78.347	53.006	56.453	85.450	91.193	61.291	111.209	92.033	61.772	23.453	98.946	64.364	-50.033	-18.913	104.128
49.659	93.391	58.563	78.351	52.961	56.372	85.456	91.192	61.262	111.185	92.073	61.714	23.445	98.933	64.325	-50.018	-18.949	104.001
49.660	93.403	58.564	78.357	52.928	56.309	85.459	91.182	61.240	111.186	92.103	61.688	23.390	98.929	64.229	-50.003	-18.986	103.874
49.652	93.406	58.557	78.370	52.906	56.236	85.469	91.170	61.189	111.181	92.143	61.650	23.356	98.946	64.174	-50.000	-19.015	103.744
49.650	93.500	58.736	78.380	52.874	56.168	85.472	91.160	61.167	111.195	92.173	61.572	23.312	98.991	64.190	-49.996	-19.033	103.627
49.650	93.507	58.722	78.381	52.835	56.061	85.468	91.161	61.131	111.222	92.189	61.530	23.257	98.999	64.098	-50.007	-19.043	103.486
49.649	93.505	58.718	78.380	52.813	55.984	85.475	91.154	61.093	111.222	92.232	61.474	23.193	99.020	63.996	-50.028	-19.021	103.363
49.652	93.516	58.719	78.377	52.812	55.945	85.477	91.149	61.080	111.222	92.284	61.431	23.073	99.024	63.837	-50.042	-18.998	103.269
49.654	93.535	58.732	78.372	52.797	55.903	85.468	91.164	61.079	111.099	92.387	61.300	22.949	99.047	63.683	-50.053	-18.976	103.171
49.640	93.528	58.703	78.027	53.977	58.375	85.470	91.159	61.067	111.084	92.444	61.302	22.825	99.066	63.519	-50.070	-18.951	103.064
49.632	93.536	58.685	78.018	53.963	58.300	85.470	91.159	61.067	111.063	92.474	61.311	22.741	99.066	63.400	-50.058	-18.923	102.971
49.627	93.517	58.667	78.026	53.962	58.271	85.461	91.174	61.065	111.060	92.508	61.301	22.685	99.075	63.313	-50.050	-18.913	102.870
49.640	93.519	58.657	78.016	53.961	58.261	85.461	91.155	61.049	111.051	92.510	61.291	22.638	99.080	63.249	-50.050	-18.891	102.772
49.631	93.510	58.646	78.018	53.930	58.222	85.459	91.149	61.041	111.056	92.516	61.276	22.619	99.094	63.172	-50.041	-18.877	102.677
49.637	93.504	58.651	78.028	53.910	58.216	85.464	91.140	61.017	111.060	92.514	61.262	22.602	99.098	63.135	-50.025	-18.866	102.603
49.624	93.486	58.623	78.045	53.886	58.175	85.474	91.114	60.999	111.046	92.504	61.219	22.597	99.092	63.088	-50.007	-18.836	102.544
49.619	93.480	58.636	78.057	53.818	58.058	85.472	91.113	61.001	111.034	92.522	61.222	22.591	99.080	63.046	-50.006	-18.828	102.484
49.630	93.461	58.606	78.074	53.776	58.005	85.472	91.100	60.995	111.006	92.553	61.213	22.582	99.072	63.018	-49.986	-18.829	102.442
49.626	93.435	58.599	78.069	53.795	58.045	85.469	91.086	60.991	110.982	92.567	61.219	22.559	99.052	62.982	-49.981	-18.815	102.372
49.630	93.428	58.564	78.086	53.747	57.980	85.482	91.074	60.977	110.971	92.571	61.217	22.509	99.047	62.925	-49.959	-18.824	102.318
49.627	93.416	58.577	78.102	53.728	57.950	85.482	91.055	60.961	110.956	92.580	61.226	22.482	99.017	62.892	-49.932	-18.842	102.280
49.638	93.401	58.559	78.097	53.724	57.967	85.490	91.042	60.925	110.938	92.608	61.219	22.462	98.997	62.852	-49.914	-18.858	102.234
49.628	93.400	58.544	78.120	53.678	57.879	85.503	91.036	60.920	110.922	92.616	61.192	22.445	98.970	62.834	-49.874	-18.900	102.176
49.634	93.394	58.545	78.133	53.644	57.845	85.506	91.021	60.888	110.924	92.613	61.183	22.438	98.937	62.819	-49.841	-18.922	102.161
49.636	93.391	58.533	78.156	53.601	57.762	85.515	91.015	60.847	110.931	92.599	61.149	22.430	98.907	62.827	-49.806	-18.945	102.144
49.648	93.392	58.518	78.163	53.591	57.777	85.519	90.999	60.815	110.943	92.591	61.103	22.409	98.876	62.830	-49.743	-18.982	102.129
49.644	93.399	58.493	78.183	53.557	57.715	85.530	90.995	60.772	110.957	92.597	61.059	22.381	98.854	62.818	-49.697	-19.012	102.110
49.642	93.400	58.494	78.201	53.532	57.671	85.523	90.980	60.733	110.974	92.592	61.035	22.343	98.819	62.832	-49.620	-19.057	102.071
49.644	93.409	58.489	78.220	53.496	57.605	85.532	90.980	60.702	110.996	92.570	61.028	22.292	98.786	62.803	-49.541	-19.082	102.066
49.634	93.427	58.493	78.246	53.441	57.498	85.528	90.967	60.660	111.020	92.575	60.994	22.235	98.760	62.797	-49.454	-19.128	102.048
49.638	93.429	58.474	78.260	53.389	57.389	85.534	90.966	60.632	111.032	92.586	60.962	22.203	98.730	62.792	-49.377	-19.168	102.036
49.635	93.443	58.501	78.268	53.401	57.423	85.540	90.952	60.597	111.054	92.591	60.926	22.168	98.703	62.804	-49.318	-19.201	102.016
49.647	93.446	58.498	78.286	53.351	57.354	85.546	90.945	60.559	111.084	92.591	60.857	22.137	98.668	62.788	-49.269	-19.220	101.993
49.639	93.451	58.494	78.279	53.333	57.307	85.539	90.936	60.529	111.094	92.604	60.829	22.095	98.651	62.779	-49.221	-19.239	101.974
49.637	93.453	58.499	78.290	53.303	57.279	85.542	90.926	60.507	111.119	92.608	60.788	22.043	98.611	62.733	-49.185	-19.254	101.969
49.635	93.454	58.504	78.321	53.216	57.070	85.540	90.912	60.503	111.118	92.641	60.770	21.995	98.590	62.699	-49.134	-19.289	101.932
49.625	93.438	58.485	78.315	53.215	57.094	85.542	90.907	60.491	111.136	92.647	60.719	21.952	98.559	62.683	-49.087	-19.291	101.937
49.621	93.431	58.495	78.314	53.219	57.102	85.536	90.903	60.510	111.109	92.707	60.761	21.912	98.531	62.651	-49.056	-19.288	101.970
49.633	93.427	58.494	  NaN	  NaN	  NaN	85.536	90.903	60.510	111.078	92.777	60.735	21.881	98.495	62.633	-49.033	-19.286	101.990
49.620	93.414	58.484	  NaN	  NaN	  NaN	85.547	90.902	60.517	111.048	92.825	60.738	21.875	98.463	62.616	-49.012	-19.265	102.043
49.629	93.396	58.480	  NaN	  NaN	  NaN	85.541	90.897	60.536	111.005	92.847	60.717	21.871	98.449	62.615	-48.987	-19.256	102.109
49.631	93.394	58.473	  NaN	  NaN	  NaN	85.550	90.902	60.553	110.975	92.869	60.711	21.845	98.426	62.599	-48.961	-19.241	102.186
49.621	93.401	58.478	78.316	53.188	57.063	85.545	90.892	60.562	110.954	92.890	60.710	21.852	98.412	62.605	-48.961	-19.229	102.258
49.637	93.385	58.491	78.317	53.183	57.053	85.545	90.897	60.572	110.939	92.914	60.692	21.839	98.399	62.593	-48.967	-19.191	102.353
49.634	93.381	58.465	78.317	53.183	57.053	85.555	90.896	60.579	110.935	92.926	60.674	21.845	98.382	62.593	-48.966	-19.165	102.436
49.640	93.379	58.477	78.309	53.175	57.028	85.554	90.907	60.599	110.902	92.966	60.645	21.835	98.379	62.579	-48.972	-19.126	102.532
49.645	93.392	58.476	78.312	53.187	57.024	85.551	90.911	60.611	110.881	92.993	60.655	21.827	98.355	62.579	-48.981	-19.100	102.619
49.631	93.398	58.482	78.305	53.199	57.015	85.549	90.929	60.629	110.846	93.042	60.643	21.800	98.335	62.567	-48.976	-19.078	102.691
49.634	93.402	58.467	78.270	53.290	57.198	85.535	90.946	60.654	110.808	93.089	60.632	21.784	98.328	62.571	-48.989	-19.067	102.764
49.635	93.406	58.472	78.247	53.318	57.211	85.535	90.965	60.670	110.686	93.185	60.589	21.768	98.308	62.568	-48.994	-19.070	102.839
49.633	93.415	58.489	78.238	53.337	57.215	85.522	90.976	60.684	110.669	93.202	60.614	21.751	98.288	62.566	-48.993	-19.057	102.915
49.635	93.425	58.487	78.231	53.350	57.206	85.520	90.981	60.697	110.652	93.234	60.649	21.743	98.270	62.583	-49.001	-19.043	102.984
49.625	93.441	58.489	78.218	53.359	57.215	85.517	91.004	60.724	110.634	93.239	60.674	21.732	98.246	62.607	-49.005	-19.037	103.074
49.623	93.442	58.495	78.222	53.370	57.212	85.507	91.005	60.717	110.618	93.249	60.689	21.703	98.215	62.596	-49.002	-19.025	103.131
49.624	93.446	58.497	78.209	53.378	57.219	85.507	91.005	60.717	110.604	93.257	60.699	21.695	98.195	62.608	-49.011	-19.027	103.173
49.622	93.444	58.498	78.222	53.370	57.212	85.496	91.012	60.720	110.597	93.234	60.701	21.688	98.171	62.610	-49.020	-19.027	103.217
49.623	93.443	58.497	78.232	53.345	57.195	85.507	91.005	60.717	110.593	93.223	60.706	21.677	98.143	62.627	-49.014	-19.019	103.265
49.612	93.446	58.492	78.228	53.336	57.203	85.500	90.997	60.687	110.602	93.187	60.687	21.668	98.107	62.627	-49.026	-18.997	103.294
49.612	93.442	58.487	78.259	53.235	57.027	85.503	90.987	60.665	110.593	93.161	60.652	21.655	98.082	62.656	-49.029	-19.002	103.309
49.621	93.432	58.494	78.268	53.217	57.025	85.513	90.967	60.657	110.606	93.131	60.623	21.639	98.058	62.647	-49.015	-19.011	103.352
49.607	93.425	58.497	78.278	53.219	57.039	85.516	90.957	60.635	110.619	93.103	60.600	21.617	98.031	62.658	-48.989	-19.018	103.395
49.615	93.410	58.500	78.285	53.208	57.052	85.516	90.938	60.619	110.631	93.067	60.576	21.610	98.010	62.667	-48.983	-19.029	103.406
49.617	93.400	58.482	78.294	53.189	57.048	85.516	90.919	60.603	110.639	93.051	60.580	21.592	97.988	62.664	-48.985	-19.030	103.423
49.618	93.403	58.486	78.304	53.189	57.057	85.532	90.903	60.577	110.640	93.032	60.563	21.589	97.973	62.663	-48.979	-19.036	103.443
49.624	93.377	58.490	78.314	53.169	57.051	85.532	90.898	60.567	110.754	92.963	60.664	21.582	97.946	62.657	-48.991	-19.031	103.446
49.630	93.382	58.473	78.314	53.169	57.051	85.542	90.883	60.568	110.648	93.000	60.555	21.572	97.941	62.641	-49.005	-19.024	103.472
49.630	93.385	58.477	  NaN	  NaN	  NaN	85.548	90.882	60.540	110.768	92.945	60.661	21.562	97.937	62.622	-49.012	-19.009	103.466
49.637	93.383	58.487	  NaN	  NaN	  NaN	85.548	90.882	60.540	110.779	92.937	60.649	21.551	97.939	62.618	-49.035	-18.990	103.483
49.630	93.382	58.473	78.318	53.178	57.043	85.548	90.882	60.540	110.779	92.936	60.646	21.530	97.942	62.602	-49.075	-18.961	103.482
49.643	93.394	58.483	78.318	53.178	57.043	85.564	90.884	60.528	110.785	92.941	60.630	21.522	97.955	62.594	-49.096	-18.944	103.492
49.647	93.397	58.464	78.309	53.197	57.046	85.556	90.887	60.519	110.790	92.941	60.607	21.505	97.967	62.569	-49.117	-18.921	103.511
49.635	93.406	58.472	78.311	53.214	57.056	85.557	90.900	60.525	110.807	92.948	60.601	21.490	97.994	62.556	-49.141	-18.883	103.511
49.632	93.411	58.484	78.312	53.210	57.048	85.557	90.900	60.525	110.814	92.969	60.595	21.481	98.004	62.537	-49.140	-18.857	103.535
49.638	93.433	58.483	78.304	53.224	57.041	85.550	90.910	60.511	110.821	92.972	60.572	21.467	98.031	62.524	-49.161	-18.813	103.576
49.638	93.448	58.491	78.304	53.224	57.041	85.549	90.916	60.521	110.833	92.993	60.545	21.456	98.065	62.499	-49.187	-18.766	103.588
49.638	93.452	58.497	78.297	53.238	57.034	85.543	90.921	60.497	110.836	92.989	60.531	21.443	98.094	62.487	-49.201	-18.723	103.602
49.626	93.457	58.498	78.296	53.239	57.037	85.542	90.926	60.507	110.850	92.982	60.523	21.430	98.118	62.466	-49.237	-18.677	103.604
49.626	93.452	58.488	78.285	53.242	57.033	85.543	90.921	60.497	110.856	92.983	60.499	21.429	98.155	62.458	-49.244	-18.638	103.623
49.615	93.455	58.487	78.272	53.251	57.043	85.533	90.922	60.490	110.864	92.999	60.484	21.435	98.173	62.447	-49.266	-18.608	103.658
49.624	93.454	58.495	78.272	53.251	57.043	85.533	90.917	60.480	110.869	92.994	60.467	21.446	98.200	62.428	-49.276	-18.576	103.685
49.617	93.452	58.480	78.273	53.246	57.032	85.530	90.908	60.486	110.885	92.978	60.479	21.459	98.213	62.440	-49.287	-18.562	103.701
49.613	93.440	58.483	78.271	53.230	57.025	85.533	90.898	60.464	110.886	92.972	60.468	21.467	98.231	62.426	-49.307	-18.539	103.706
49.620	93.435	58.502	78.271	53.230	57.025	85.540	90.882	60.468	110.898	92.949	60.450	21.482	98.241	62.427	-49.319	-18.517	103.736
49.620	93.434	58.501	78.279	53.216	57.032	85.543	90.872	60.446	110.916	92.935	60.465	21.476	98.256	62.423	-49.334	-18.509	103.763
49.609	93.419	58.485	78.275	53.204	57.033	85.543	90.859	60.440	110.931	92.906	60.395	21.486	98.257	62.435	-49.368	-18.500	103.787
49.608	93.403	58.475	78.287	53.199	57.031	85.556	90.853	60.435	110.946	92.872	60.357	21.497	98.249	62.429	-49.372	-18.504	103.800
49.630	93.399	58.485	78.301	53.187	57.017	85.559	90.837	60.403	110.972	92.858	60.348	21.499	98.245	62.420	-49.383	-18.496	103.809
49.628	93.386	58.482	  NaN	  NaN	  NaN	85.559	90.819	60.387	111.020	92.830	60.388	21.508	98.240	62.421	-49.382	-18.504	103.849
49.639	93.382	58.482	  NaN	  NaN	  NaN	85.572	90.807	60.372	111.031	92.812	60.381	21.506	98.230	62.424	-49.384	-18.504	103.868
49.667	93.410	58.547	  NaN	  NaN	  NaN	85.588	90.810	60.361	111.052	92.809	60.393	21.502	98.216	62.420	-49.388	-18.505	103.889
49.672	93.410	58.526	  NaN	  NaN	  NaN	85.603	90.789	60.339	111.060	92.795	60.399	21.488	98.210	62.425	-49.395	-18.525	103.900
49.669	93.416	58.538	  NaN	  NaN	  NaN	85.603	90.789	60.339	111.059	92.794	60.399	21.475	98.196	62.409	-49.389	-18.528	103.925
49.649	93.422	58.528	  NaN	  NaN	  NaN	85.592	90.790	60.331	111.057	92.798	60.407	21.469	98.174	62.390	-49.394	-18.538	103.948
49.674	93.427	58.532	  NaN	  NaN	  NaN	85.595	90.801	60.328	111.051	92.813	60.402	21.444	98.179	62.411	-49.399	-18.546	103.958
49.660	93.440	58.552	  NaN	  NaN	  NaN	85.595	90.802	60.330	111.050	92.808	60.394	21.418	98.151	62.379	-49.393	-18.550	103.982
49.673	93.448	58.556	  NaN	  NaN	  NaN	85.588	90.812	60.316	111.040	92.809	60.389	21.387	98.140	62.390	-49.396	-18.549	104.005
49.653	93.464	58.548	  NaN	  NaN	  NaN	85.588	90.813	60.318	111.043	92.819	60.383	21.359	98.123	62.386	-49.403	-18.560	104.028
49.662	93.465	58.557	  NaN	  NaN	  NaN	85.577	90.819	60.320	111.032	92.826	60.386	21.345	98.111	62.378	-49.406	-18.566	104.038
49.641	93.475	58.560	  NaN	  NaN	  NaN	85.576	90.820	60.321	111.032	92.826	60.386	21.320	98.108	62.378	-49.410	-18.563	104.065
49.655	93.475	58.545	  NaN	  NaN	  NaN	85.570	90.826	60.300	111.025	92.825	60.370	21.294	98.102	62.374	-49.411	-18.558	104.076
49.640	93.471	58.554	  NaN	  NaN	  NaN	85.566	90.817	60.307	111.023	92.822	60.369	21.281	98.091	62.367	-49.416	-18.560	104.096
49.640	93.471	58.554	  NaN	  NaN	  NaN	85.570	90.827	60.302	111.033	92.821	60.377	21.276	98.084	62.379	-49.429	-18.560	104.108
