11397930.000000
11397935.000000
11397940.000000
11397945.000000
11397950.000000
11397955.000000
11397960.000000
11397965.000000
11397970.000000
11397975.000000
11397980.000000
11397985.000000
11397990.000000
11397995.000000
11398000.000000
11398005.000000
11398010.000000
11398015.000000
11398020.000000
11398025.000000
11398030.000000
11398035.000000
11398040.000000
11398045.000000
11398050.000000
11398055.000000
11398060.000000
11398065.000000
11398070.000000
11398075.000000
11398080.000000
11398085.000000
11398090.000000
11398095.000000
11398100.000000
11398105.000000
11398110.000000
11398115.000000
11398120.000000
11398125.000000
11398130.000000
11398135.000000
11398140.000000
11398145.000000
11398150.000000
11398155.000000
11398160.000000
11398165.000000
11398170.000000
11398175.000000
11398180.000000
11398185.000000
11398190.000000
11398195.000000
11398200.000000
11398205.000000
11398210.000000
11398215.000000
11398220.000000
11398225.000000
11398230.000000
11398235.000000
11398240.000000
11398245.000000
11398250.000000
11398255.000000
11398260.000000
11398265.000000
11398270.000000
11398275.000000
11398280.000000
11398285.000000
11398290.000000
11398295.000000
11398300.000000
11398305.000000
11398310.000000
11398315.000000
11398320.000000
11398325.000000
11398330.000000
11398335.000000
11398340.000000
11398345.000000
11398350.000000
11398355.000000
11398360.000000
11398365.000000
11398370.000000
11398375.000000
11398380.000000
11398385.000000
11398390.000000
11398395.000000
11398400.000000
11398405.000000
11398410.000000
11398415.000000
11398420.000000
11398425.000000
11398430.000000
11398435.000000
11398440.000000
11398445.000000
11398450.000000
11398455.000000
11398460.000000
11398465.000000
11398470.000000
11398475.000000
11398480.000000
11398485.000000
11398490.000000
11398495.000000
11398500.000000
11398505.000000
11398510.000000
11398515.000000
11398520.000000
11398525.000000
11398530.000000
11398535.000000
11398540.000000
11398545.000000
11398550.000000
11398555.000000
11398560.000000
11398565.000000
11398570.000000
11398575.000000
11398580.000000
11398585.000000
11398590.000000
11398595.000000
11398600.000000
11398605.000000
11398610.000000
11398615.000000
11398620.000000
11398625.000000
11398630.000000
11398635.000000
11398640.000000
11398645.000000
11398650.000000
11398655.000000
11398660.000000
11398665.000000
11398670.000000
11398675.000000
11398680.000000
11398685.000000
11398690.000000
11398695.000000
11398700.000000
11398705.000000
11398710.000000
11398715.000000
11398720.000000
11398725.000000
11398730.000000
11398735.000000
11398740.000000
11398745.000000
11398750.000000
11398755.000000
11398760.000000
11398765.000000
11398770.000000
11398775.000000
11398780.000000
11398785.000000
11398790.000000
11398795.000000
11398800.000000
11398805.000000
11398810.000000
11398815.000000
11398820.000000
11398825.000000
11398830.000000
11398835.000000
11398840.000000
11398845.000000
11398850.000000
11398855.000000
11398860.000000
11398865.000000
11398870.000000
11398875.000000
11398880.000000
11398885.000000
11398890.000000
11398895.000000
11398900.000000
11398905.000000
11398910.000000
11398915.000000
11398920.000000
11398925.000000
11398930.000000
11398935.000000
11398940.000000
11398945.000000
11398950.000000
11398955.000000
11398960.000000
11398965.000000
11398970.000000
11398975.000000
11398980.000000
11398985.000000
11398990.000000
11398995.000000
11399000.000000
11399005.000000
11399010.000000
11399015.000000
11399020.000000
11399025.000000
11399030.000000
11399035.000000
11399040.000000
11399045.000000
11399050.000000
11399055.000000
11399060.000000
11399065.000000
11399070.000000
11399075.000000
11399080.000000
11399085.000000
11399090.000000
11399095.000000
11399100.000000
11399105.000000
11399110.000000
11399115.000000
11399120.000000
11399125.000000
11399130.000000
11399135.000000
11399140.000000
11399145.000000
11399150.000000
11399155.000000
11399160.000000
11399165.000000
11399170.000000
11399175.000000
11399180.000000
11399185.000000
11399190.000000
11399195.000000
11399200.000000
11399205.000000
11399210.000000
11399215.000000
11399220.000000
11399225.000000
11399230.000000
11399235.000000
11399240.000000
11399245.000000
11399250.000000
11399255.000000
11399260.000000
11399265.000000
11399270.000000
11399275.000000
11399280.000000
11399285.000000
11399290.000000
11399295.000000
11399300.000000
11399305.000000
11399310.000000
11399315.000000
11399320.000000
11399325.000000
11399330.000000
11399335.000000
11399340.000000
11399345.000000
11399350.000000
11399355.000000
11399360.000000
11399365.000000
11399370.000000
11399375.000000
11399380.000000
11399385.000000
11399390.000000
11399395.000000
11399400.000000
11399405.000000
11399410.000000
11399415.000000
11399420.000000
11399425.000000
11399430.000000
11399435.000000
11399440.000000
11399445.000000
11399450.000000
11399455.000000
11399460.000000
11399465.000000
11399470.000000
11399475.000000
11399480.000000
11399485.000000
11399490.000000
11399495.000000
11399500.000000
11399505.000000
11399510.000000
11399515.000000
11399520.000000
11399525.000000
11399530.000000
11399535.000000
11399540.000000
11399545.000000
11399550.000000
11399555.000000
11399560.000000
11399565.000000
11399570.000000
11399575.000000
11399580.000000
11399585.000000
11399590.000000
11399595.000000
11399600.000000
11399605.000000
11399610.000000
11399615.000000
11399620.000000
11399625.000000
11399630.000000
11399635.000000
11399640.000000
11399645.000000
11399650.000000
11399655.000000
11399660.000000
11399665.000000
11399670.000000
11399675.000000
11399680.000000
11399685.000000
11399690.000000
11399695.000000
11399700.000000
11399705.000000
11399710.000000
11399715.000000
11399720.000000
11399725.000000
11399730.000000
11399735.000000
11399740.000000
11399745.000000
11399750.000000
11399755.000000
11399760.000000
11399765.000000
11399770.000000
11399775.000000
11399780.000000
11399785.000000
11399790.000000
11399795.000000
11399800.000000
11399805.000000
11399810.000000
11399815.000000
11399820.000000
11399825.000000
11399830.000000
11399835.000000
11399840.000000
11399845.000000
11399850.000000
11399855.000000
11399860.000000
11399865.000000
11399870.000000
11399875.000000
11399880.000000
11399885.000000
11399890.000000
11399895.000000
11399900.000000
11399905.000000
11399910.000000
11399915.000000
11399920.000000
11399925.000000
