193.347	83.297	59.125	228.934	50.261	60.943	229.332	87.104	60.433	-98.201	82.882	-7.338	-177.885	38.635	-5.037	-170.959	-87.419	17.178
193.347	83.294	59.121	228.932	50.264	60.950	229.340	87.095	60.443	-98.190	82.876	-7.342	-177.885	38.633	-5.044	-170.970	-87.420	17.167
193.351	83.301	59.113	228.932	50.264	60.950	229.340	87.091	60.438	-98.190	82.878	-7.337	-177.888	38.623	-5.042	-170.959	-87.418	17.179
193.348	83.292	59.118	228.932	50.264	60.950	229.339	87.096	60.446	-98.203	82.870	-7.341	-177.890	38.618	-5.049	-170.983	-87.411	17.213
193.347	83.293	59.119	228.932	50.264	60.950	229.342	87.105	60.442	-98.193	82.873	-7.324	-177.888	38.624	-5.039	-170.970	-87.417	17.173
193.342	83.291	59.137	228.932	50.265	60.952	229.331	87.096	60.435	-98.204	82.874	-7.331	-177.885	38.633	-5.044	-170.986	-87.433	17.158
193.348	83.291	59.117	228.932	50.264	60.950	229.338	87.097	60.449	-98.204	82.868	-7.343	-177.888	38.624	-5.040	-170.982	-87.417	17.167
193.347	83.297	59.125	228.932	50.265	60.952	229.343	87.104	60.439	-98.204	82.877	-7.324	-177.885	38.633	-5.044	-170.983	-87.420	17.160
193.354	83.299	59.141	228.931	50.269	60.958	229.340	87.108	60.448	-98.204	82.873	-7.333	-177.883	38.634	-5.044	-170.993	-87.415	17.159
193.347	83.293	59.119	228.932	50.265	60.952	229.343	87.101	60.435	-98.204	82.874	-7.331	-177.888	38.624	-5.039	-170.994	-87.415	17.159
193.348	83.296	59.124	228.932	50.260	60.944	229.341	87.107	60.446	-98.204	82.874	-7.331	-177.889	38.622	-5.042	-170.986	-87.427	17.169
193.348	83.296	59.124	228.932	50.265	60.952	229.338	87.097	60.451	-98.203	82.871	-7.336	-177.888	38.624	-5.039	-170.982	-87.417	17.166
193.357	83.290	59.124	228.932	50.261	60.946	229.340	87.091	60.438	-98.205	82.871	-7.334	-177.889	38.619	-5.046	-170.982	-87.416	17.167
193.344	83.288	59.129	228.932	50.264	60.950	229.330	87.096	60.436	-98.192	82.871	-7.327	-177.889	38.618	-5.049	-170.997	-87.427	17.163
193.357	83.295	59.131	228.931	50.264	60.952	229.337	87.098	60.451	-98.204	82.875	-7.328	-177.866	38.620	-5.029	-170.970	-87.414	17.178
193.348	83.295	59.122	228.932	50.265	60.952	229.331	87.092	60.430	-98.193	82.872	-7.322	-177.888	38.623	-5.041	-170.982	-87.416	17.165
193.355	83.293	59.132	228.932	50.264	60.950	229.328	87.096	60.439	-98.194	82.868	-7.330	-177.868	38.617	-5.031	-170.968	-87.405	17.210
193.348	83.295	59.122	228.931	50.264	60.952	229.343	87.104	60.439	-98.193	82.874	-7.318	-177.866	38.622	-5.021	-170.986	-87.430	17.164
193.350	83.290	59.111	228.928	50.256	60.957	229.328	87.095	60.437	-98.205	82.871	-7.332	-177.890	38.620	-5.041	-170.982	-87.419	17.161
193.347	83.296	59.124	228.933	50.263	60.949	229.328	87.095	60.437	-98.209	82.859	-7.334	-177.866	38.620	-5.025	-170.986	-87.430	17.164
193.357	83.294	59.130	228.932	50.265	60.952	229.329	87.095	60.437	-98.197	82.859	-7.325	-177.869	38.610	-5.022	-170.996	-87.411	17.205
193.345	83.295	59.126	228.932	50.265	60.952	229.328	87.096	60.439	-98.208	82.861	-7.331	-177.877	38.620	-5.034	-170.998	-87.426	17.163
193.356	83.296	59.134	228.932	50.265	60.952	229.340	87.091	60.438	-98.209	82.860	-7.330	-177.890	38.617	-5.048	-170.983	-87.417	17.167
193.356	83.291	59.128	228.928	50.256	60.957	229.337	87.094	60.445	-98.207	82.863	-7.329	-177.868	38.615	-5.035	-171.009	-87.425	17.157
193.348	83.296	59.122	228.932	50.264	60.950	229.334	87.101	60.426	-98.208	82.860	-7.331	-177.878	38.615	-5.045	-171.009	-87.422	17.162
193.344	83.296	59.127	228.934	50.262	60.945	229.340	87.091	60.438	-98.208	82.858	-7.337	-177.881	38.607	-5.036	-171.005	-87.412	17.159
193.356	83.291	59.126	228.932	50.265	60.952	229.328	87.099	60.443	-98.197	82.859	-7.324	-177.867	38.616	-5.033	-171.020	-87.422	17.155
193.347	83.292	59.119	228.928	50.255	60.957	229.328	87.096	60.439	-98.208	82.860	-7.331	-177.888	38.622	-5.041	-171.006	-87.412	17.157
193.347	83.295	59.122	228.931	50.264	60.952	229.340	87.091	60.438	-98.208	82.855	-7.343	-177.866	38.621	-5.026	-171.006	-87.412	17.159
193.348	83.295	59.122	228.932	50.265	60.952	229.332	87.092	60.430	-98.205	82.867	-7.343	-177.866	38.621	-5.026	-171.017	-87.410	17.152
193.348	83.296	59.126	228.932	50.265	60.952	229.337	87.094	60.445	-98.193	82.872	-7.323	-177.885	38.633	-5.044	-171.017	-87.411	17.152
193.342	83.286	59.130	228.931	50.269	60.958	229.330	87.097	60.438	-98.204	82.864	-7.352	-177.885	38.633	-5.044	-171.006	-87.414	17.153
193.345	83.294	59.125	228.931	50.264	60.952	229.328	87.096	60.439	-98.205	82.868	-7.339	-177.863	38.630	-5.031	-171.006	-87.414	17.153
193.347	83.296	59.124	228.932	50.264	60.950	229.330	87.093	60.432	-98.194	82.866	-7.336	-177.877	38.622	-5.032	-171.006	-87.412	17.159
193.344	83.299	59.133	228.931	50.265	60.954	229.331	87.092	60.430	-98.192	82.869	-7.333	-177.885	38.633	-5.044	-171.002	-87.404	17.149
193.345	83.299	59.131	228.932	50.265	60.952	229.331	87.097	60.438	-98.194	82.867	-7.335	-177.863	38.630	-5.031	-171.002	-87.404	17.149
193.350	83.301	59.115	228.932	50.265	60.952	229.331	87.097	60.438	-98.192	82.867	-7.335	-177.884	38.637	-5.037	-171.002	-87.404	17.149
193.347	83.296	59.124	228.922	50.266	60.946	229.331	87.093	60.432	-98.204	82.873	-7.330	-177.888	38.624	-5.039	-171.014	-87.407	17.137
193.347	83.297	59.124	228.932	50.265	60.952	229.330	87.097	60.438	-98.195	82.859	-7.328	-177.866	38.621	-5.026	-171.014	-87.407	17.136
193.348	83.296	59.125	228.932	50.265	60.952	229.330	87.096	60.436	-98.194	82.868	-7.329	-177.885	38.633	-5.044	-171.002	-87.404	17.149
193.346	83.297	59.129	228.932	50.265	60.952	229.341	87.104	60.443	-98.197	82.856	-7.331	-177.877	38.621	-5.035	-171.014	-87.407	17.137
193.348	83.292	59.116	228.932	50.265	60.952	229.343	87.105	60.441	-98.194	82.867	-7.333	-177.885	38.633	-5.044	-171.018	-87.417	17.140
193.348	83.292	59.118	228.932	50.265	60.952	229.340	87.095	60.444	-98.206	82.859	-7.337	-177.863	38.630	-5.031	-171.014	-87.400	17.147
193.345	83.299	59.132	228.932	50.264	60.950	229.340	87.091	60.438	-98.208	82.862	-7.328	-177.877	38.623	-5.032	-171.017	-87.414	17.147
193.347	83.296	59.124	228.929	50.255	60.955	229.332	87.091	60.428	-98.197	82.857	-7.330	-177.867	38.614	-5.038	-171.003	-87.408	17.142
193.345	83.284	59.124	228.932	50.265	60.952	229.331	87.092	60.430	-98.208	82.859	-7.335	-177.890	38.617	-5.048	-171.002	-87.404	17.149
193.357	83.290	59.125	228.933	50.263	60.949	229.341	87.091	60.438	-98.208	82.858	-7.336	-177.877	38.620	-5.034	-171.017	-87.417	17.140
193.348	83.292	59.118	228.933	50.263	60.949	229.328	87.095	60.437	-98.197	82.859	-7.323	-177.868	38.615	-5.035	-171.029	-87.417	17.133
193.354	83.293	59.132	228.932	50.264	60.950	229.340	87.091	60.438	-98.208	82.855	-7.343	-177.867	38.615	-5.035	-171.017	-87.414	17.147
193.342	83.286	59.129	228.929	50.267	60.957	229.331	87.091	60.429	-98.208	82.856	-7.341	-177.868	38.615	-5.035	-171.018	-87.412	17.150
193.347	83.292	59.118	228.928	50.256	60.957	229.340	87.092	60.440	-98.211	82.848	-7.333	-177.867	38.615	-5.035	-171.018	-87.418	17.140
193.345	83.295	59.126	228.928	50.252	60.951	229.331	87.092	60.430	-98.208	82.855	-7.344	-177.892	38.603	-5.055	-171.029	-87.417	17.133
193.345	83.283	59.121	228.928	50.256	60.959	229.328	87.095	60.437	-98.212	82.847	-7.331	-177.883	38.603	-5.043	-171.044	-87.421	17.141
193.343	83.285	59.128	228.926	50.255	60.960	229.329	87.095	60.437	-98.213	82.848	-7.330	-177.883	38.602	-5.043	-171.033	-87.427	17.137
193.348	83.291	59.117	228.927	50.253	60.955	229.328	87.096	60.439	-98.211	82.847	-7.335	-177.892	38.609	-5.043	-171.033	-87.417	17.155
193.345	83.284	59.123	228.929	50.255	60.955	229.330	87.093	60.432	-98.223	82.849	-7.339	-177.893	38.607	-5.046	-171.033	-87.427	17.137
193.346	83.286	59.126	228.932	50.264	60.950	229.330	87.093	60.432	-98.220	82.862	-7.335	-177.882	38.610	-5.029	-171.018	-87.414	17.145
193.333	83.288	59.123	228.932	50.260	60.944	229.340	87.091	60.438	-98.210	82.857	-7.334	-177.893	38.608	-5.043	-171.017	-87.411	17.152
193.347	83.293	59.120	228.932	50.264	60.950	229.328	87.095	60.437	-98.205	82.869	-7.336	-177.870	38.607	-5.027	-171.017	-87.413	17.147
193.345	83.283	59.123	228.932	50.264	60.950	229.331	87.096	60.435	-98.208	82.857	-7.341	-177.892	38.609	-5.042	-171.017	-87.414	17.146
193.345	83.288	59.129	228.931	50.265	60.954	229.330	87.096	60.436	-98.208	82.857	-7.341	-177.890	38.617	-5.048	-171.002	-87.404	17.149
193.347	83.297	59.127	228.932	50.265	60.952	229.331	87.097	60.438	-98.208	82.859	-7.335	-177.867	38.612	-5.042	-171.006	-87.418	17.146
193.345	83.295	59.125	228.932	50.265	60.952	229.340	87.091	60.438	-98.205	82.869	-7.337	-177.866	38.616	-5.038	-170.991	-87.408	17.151
193.347	83.292	59.119	228.931	50.264	60.952	229.331	87.097	60.438	-98.205	82.867	-7.343	-177.867	38.615	-5.035	-170.994	-87.419	17.154
193.345	83.295	59.125	228.932	50.260	60.944	229.343	87.101	60.435	-98.208	82.860	-7.331	-177.867	38.614	-5.038	-170.983	-87.420	17.159
193.350	83.294	59.117	228.934	50.261	60.943	229.337	87.095	60.447	-98.204	82.867	-7.343	-177.878	38.615	-5.044	-170.991	-87.415	17.138
193.348	83.296	59.124	228.932	50.264	60.950	229.343	87.101	60.435	-98.197	82.858	-7.327	-177.881	38.606	-5.038	-170.991	-87.414	17.139
193.358	83.305	59.134	228.928	50.256	60.957	229.338	87.094	60.445	-98.197	82.858	-7.327	-177.892	38.609	-5.042	-170.991	-87.411	17.143
193.347	83.296	59.124	228.932	50.264	60.950	229.335	87.101	60.426	-98.204	82.865	-7.349	-177.870	38.606	-5.029	-170.991	-87.411	17.144
193.347	83.297	59.126	228.929	50.267	60.960	229.340	87.091	60.438	-98.193	82.869	-7.329	-177.866	38.619	-5.028	-170.990	-87.410	17.145
193.348	83.295	59.122	228.928	50.256	60.957	229.332	87.091	60.428	-98.206	82.862	-7.332	-177.869	38.610	-5.042	-170.975	-87.394	17.159
193.348	83.291	59.116	228.933	50.263	60.949	229.340	87.092	60.440	-98.192	82.870	-7.329	-177.865	38.620	-5.025	-170.990	-87.405	17.155
193.347	83.292	59.119	228.932	50.264	60.950	229.338	87.093	60.443	-98.189	82.877	-7.341	-177.875	38.624	-5.032	-170.986	-87.384	17.169
193.345	83.287	59.127	228.928	50.256	60.959	229.337	87.098	60.453	-98.177	82.877	-7.331	-177.849	38.634	-5.014	-170.970	-87.368	17.182
193.342	83.287	59.130	228.932	50.264	60.950	229.340	87.092	60.440	-98.162	82.888	-7.325	-177.848	38.635	-5.016	-170.958	-87.366	17.195
193.345	83.294	59.124	228.928	50.256	60.957	229.331	87.097	60.438	-98.173	82.887	-7.339	-177.833	38.649	-5.000	-170.940	-87.336	17.245
193.343	83.298	59.133	228.928	50.256	60.959	229.328	87.096	60.439	-98.157	82.899	-7.331	-177.819	38.654	-5.004	-170.939	-87.329	17.259
193.354	83.295	59.134	228.932	50.261	60.947	229.330	87.097	60.438	-98.156	82.897	-7.337	-177.806	38.656	-4.994	-170.911	-87.311	17.284
193.346	83.294	59.124	228.931	50.265	60.954	229.328	87.096	60.439	-98.152	82.907	-7.341	-177.794	38.652	-4.995	-170.871	-87.293	17.318
193.344	83.296	59.131	228.931	50.265	60.954	229.328	87.096	60.439	-98.153	82.910	-7.336	-177.782	38.649	-4.990	-170.837	-87.288	17.350
193.342	83.298	59.134	228.928	50.256	60.957	229.336	87.100	60.454	-98.137	82.920	-7.330	-177.767	38.664	-4.977	-170.812	-87.277	17.386
193.343	83.302	59.138	228.928	50.256	60.959	229.327	87.101	60.446	-98.133	82.927	-7.342	-177.753	38.662	-4.974	-170.811	-87.266	17.405
193.344	83.296	59.128	228.929	50.272	60.965	229.329	87.098	60.439	-98.132	82.934	-7.329	-177.741	38.662	-4.965	-170.800	-87.261	17.447
193.353	83.295	59.135	228.931	50.265	60.954	229.330	87.110	60.442	-98.117	82.943	-7.327	-177.730	38.658	-4.962	-170.776	-87.211	17.518
193.345	83.300	59.134	228.931	50.265	60.954	229.328	87.097	60.441	-98.110	82.964	-7.334	-177.705	38.657	-4.946	-170.759	-87.184	17.574
193.348	83.309	59.130	228.919	50.272	60.957	229.339	87.109	60.450	-98.101	82.954	-7.323	-177.682	38.647	-4.948	-170.718	-87.157	17.668
193.345	83.300	59.134	228.931	50.270	60.959	229.340	87.108	60.448	-98.097	82.961	-7.333	-177.662	38.634	-4.930	-170.670	-87.149	17.737
193.356	83.297	59.134	228.932	50.265	60.952	229.339	87.096	60.446	-98.097	82.961	-7.333	-177.632	38.609	-4.924	-170.634	-87.136	17.804
193.344	83.301	59.135	228.929	50.272	60.965	229.343	87.101	60.435	-98.090	82.945	-7.329	-177.601	38.594	-4.898	-170.590	-87.149	17.837
193.356	83.291	59.126	228.932	50.265	60.952	229.340	87.095	60.444	-98.092	82.932	-7.334	-177.587	38.556	-4.886	-170.548	-87.161	17.896
193.354	83.282	59.130	228.930	50.251	60.950	229.350	87.090	60.446	-98.088	82.913	-7.312	-177.560	38.527	-4.864	-170.515	-87.169	17.931
193.333	83.275	59.121	228.929	50.255	60.957	229.341	87.091	60.438	-98.080	82.896	-7.311	-177.543	38.495	-4.859	-170.485	-87.180	17.985
193.351	83.285	59.141	228.938	50.253	60.963	229.342	87.090	60.437	-98.083	82.878	-7.322	-177.521	38.455	-4.834	-170.468	-87.205	18.006
193.338	83.266	59.136	228.935	50.241	60.962	229.341	87.078	60.434	-98.075	82.867	-7.308	-177.514	38.434	-4.838	-170.435	-87.208	18.047
193.339	83.265	59.132	228.936	50.240	60.961	229.348	87.076	60.444	-98.082	82.845	-7.300	-177.510	38.399	-4.847	-170.430	-87.237	18.052
193.348	83.259	59.135	228.936	50.240	60.961	229.336	87.070	60.444	-98.086	82.831	-7.301	-177.412	38.342	-4.771	-170.387	-87.251	18.083
193.347	83.260	59.138	228.936	50.239	60.961	229.345	87.069	60.452	-98.093	82.808	-7.297	-177.421	38.309	-4.765	-170.359	-87.273	18.116
193.354	83.262	59.154	228.933	50.230	60.963	229.346	87.065	60.445	-98.108	82.796	-7.307	-177.409	38.274	-4.763	-170.331	-87.292	18.149
193.344	83.263	59.148	228.936	50.223	60.951	229.346	87.065	60.445	-98.113	82.781	-7.307	-177.388	38.258	-4.750	-170.323	-87.298	18.171
193.345	83.250	59.141	228.934	50.226	60.958	229.343	87.068	60.454	-98.108	82.759	-7.293	-177.380	38.239	-4.754	-170.304	-87.307	18.195
193.344	83.252	59.144	228.924	50.227	60.952	229.343	87.064	60.449	-98.124	82.751	-7.292	-177.378	38.209	-4.752	-170.333	-87.324	18.196
193.331	83.246	59.142	228.933	50.226	60.960	229.344	87.063	60.446	-98.140	82.730	-7.294	-177.385	38.184	-4.753	-170.314	-87.331	18.224
193.342	83.254	59.149	228.933	50.226	60.960	229.341	87.054	60.451	-98.131	82.727	-7.287	-177.385	38.183	-4.752	-170.344	-87.345	18.230
193.341	83.255	59.153	228.933	50.226	60.960	229.342	87.069	60.456	-98.150	82.707	-7.287	-177.380	38.165	-4.752	-170.355	-87.338	18.236
193.332	83.255	59.144	228.933	50.226	60.960	229.345	87.066	60.449	-98.150	82.708	-7.285	-177.395	38.155	-4.756	-170.383	-87.338	18.243
193.347	83.261	59.140	228.933	50.227	60.962	229.333	87.066	60.442	-98.154	82.701	-7.273	-177.395	38.155	-4.756	-170.406	-87.330	18.240
193.344	83.268	59.154	228.932	50.231	60.967	229.332	87.070	60.448	-98.169	82.689	-7.282	-177.400	38.137	-4.765	-170.467	-87.323	18.241
193.331	83.257	59.145	228.930	50.230	60.969	229.333	87.069	60.446	-98.181	82.688	-7.292	-177.410	38.143	-4.764	-170.498	-87.329	18.258
193.333	83.271	59.150	228.923	50.228	60.954	229.332	87.070	60.447	-98.172	82.682	-7.271	-177.410	38.145	-4.762	-170.507	-87.309	18.264
193.332	83.257	59.145	228.923	50.232	60.959	229.335	87.067	60.441	-98.185	82.679	-7.284	-177.419	38.155	-4.774	-170.533	-87.304	18.278
193.335	83.268	59.146	228.923	50.228	60.954	229.323	87.071	60.440	-98.185	82.679	-7.284	-177.421	38.150	-4.785	-170.545	-87.291	18.294
193.332	83.256	59.144	228.921	50.231	60.961	229.323	87.072	60.442	-98.198	82.672	-7.284	-177.420	38.159	-4.766	-170.569	-87.281	18.297
193.321	83.259	59.142	228.918	50.233	60.968	229.323	87.068	60.434	-98.188	82.670	-7.279	-177.420	38.158	-4.769	-170.581	-87.269	18.311
193.331	83.257	59.145	228.921	50.231	60.961	229.323	87.072	60.442	-98.189	82.673	-7.269	-177.420	38.155	-4.776	-170.593	-87.262	18.315
193.334	83.254	59.138	228.923	50.228	60.954	229.332	87.071	60.450	-98.188	82.670	-7.279	-177.415	38.171	-4.769	-170.608	-87.259	18.334
193.331	83.257	59.146	228.930	50.217	60.967	229.332	87.070	60.448	-98.189	82.672	-7.273	-177.427	38.170	-4.778	-170.609	-87.253	18.346
193.322	83.258	59.138	228.918	50.233	60.968	229.329	87.061	60.453	-98.189	82.666	-7.286	-177.426	38.172	-4.778	-170.622	-87.242	18.379
193.328	83.249	59.153	228.923	50.228	60.954	229.332	87.054	60.440	-98.193	82.660	-7.271	-177.417	38.164	-4.782	-170.635	-87.224	18.441
193.340	83.244	59.153	228.934	50.222	60.955	229.330	87.056	60.444	-98.193	82.660	-7.271	-177.417	38.161	-4.792	-170.635	-87.217	18.477
193.341	83.255	59.154	228.930	50.216	60.963	229.330	87.056	60.445	-98.193	82.661	-7.266	-177.416	38.162	-4.786	-170.651	-87.214	18.520
193.340	83.243	59.150	228.930	50.217	60.965	229.331	87.055	60.443	-98.196	82.650	-7.265	-177.420	38.145	-4.796	-170.640	-87.205	18.567
193.337	83.246	59.157	228.930	50.212	60.959	229.340	87.055	60.453	-98.206	82.651	-7.273	-177.413	38.131	-4.786	-170.635	-87.218	18.599
193.330	83.242	59.141	228.930	50.213	60.959	229.340	87.042	60.448	-98.197	82.653	-7.254	-177.405	38.116	-4.781	-170.624	-87.209	18.668
193.341	83.244	59.151	228.930	50.217	60.965	229.334	87.052	60.436	-98.200	82.640	-7.256	-177.409	38.102	-4.785	-170.603	-87.211	18.727
193.337	83.247	59.158	228.930	50.216	60.963	229.340	87.055	60.453	-98.215	82.632	-7.260	-177.401	38.081	-4.790	-170.589	-87.227	18.805
193.340	83.243	59.150	228.930	50.212	60.959	229.343	87.051	60.444	-98.216	82.637	-7.247	-177.396	38.062	-4.790	-170.562	-87.229	18.901
193.349	83.243	59.160	228.933	50.225	60.960	229.333	87.053	60.438	-98.215	82.632	-7.259	-177.390	38.033	-4.787	-170.540	-87.264	18.955
193.341	83.244	59.151	228.933	50.222	60.957	229.340	87.055	60.453	-98.230	82.631	-7.242	-177.379	37.992	-4.775	-170.513	-87.320	19.029
193.340	83.244	59.153	228.930	50.216	60.965	229.339	87.055	60.453	-98.231	82.627	-7.247	-177.380	37.951	-4.768	-170.388	-87.359	19.147
193.340	83.244	59.152	228.921	50.214	60.953	229.343	87.052	60.446	-98.232	82.629	-7.242	-177.390	37.912	-4.768	-170.463	-87.446	19.177
193.337	83.247	59.161	228.930	50.217	60.965	229.341	87.054	60.452	-98.248	82.623	-7.235	-177.393	37.859	-4.762	-170.424	-87.508	19.253
193.347	83.246	59.168	228.930	50.216	60.965	229.338	87.045	60.456	-98.265	82.618	-7.224	-177.398	37.803	-4.758	-170.177	-87.552	19.430
193.339	83.245	59.156	228.930	50.217	60.965	229.337	87.042	60.452	-98.279	82.612	-7.221	-177.417	37.735	-4.746	-170.095	-87.610	19.607
193.336	83.233	59.157	228.931	50.212	60.960	229.331	87.042	60.439	-98.284	82.603	-7.209	-177.426	37.672	-4.734	-169.998	-87.717	19.748
193.346	83.240	59.161	228.931	50.211	60.956	229.340	87.042	60.449	-98.301	82.590	-7.215	-177.454	37.572	-4.733	-169.760	-87.762	20.035
193.336	83.232	59.154	228.937	50.202	60.972	229.347	87.044	60.466	-98.308	82.574	-7.197	-177.452	37.466	-4.691	-169.560	-87.841	20.238
193.346	83.230	59.161	228.936	50.215	60.978	229.348	87.042	60.462	-98.326	82.554	-7.193	-177.463	37.356	-4.667	-169.343	-87.933	20.554
193.346	83.230	59.160	228.941	50.209	60.964	229.351	87.039	60.453	-98.314	82.550	-7.191	-177.463	37.243	-4.632	-169.199	-88.076	20.779
193.359	83.224	59.155	228.951	50.212	60.975	229.360	87.039	60.463	-98.295	82.534	-7.180	-177.471	37.140	-4.609	-168.839	-88.172	21.097
193.360	83.227	59.161	228.951	50.196	60.968	229.360	87.038	60.461	-98.266	82.527	-7.204	-177.434	37.054	-4.571	-168.612	-88.249	21.481
193.360	83.223	59.154	228.949	50.198	60.973	229.361	87.036	60.459	-98.228	82.509	-7.223	-177.362	36.968	-4.514	-168.204	-88.289	21.907
193.361	83.222	59.153	228.961	50.193	60.974	229.373	87.033	60.460	-98.181	82.513	-7.249	-177.282	36.910	-4.418	-167.902	-88.356	22.314
193.361	83.209	59.145	228.965	50.202	60.968	229.384	87.031	60.466	-98.110	82.531	-7.251	-177.100	36.815	-4.240	-167.442	-88.391	22.812
193.371	83.219	59.156	228.974	50.205	60.981	229.387	87.028	60.457	-98.013	82.552	-7.252	-177.012	36.753	-4.127	-167.124	-88.457	23.289
193.384	83.218	59.159	228.976	50.200	60.972	229.396	87.027	60.464	-97.904	82.570	-7.253	-176.918	36.714	-3.995	-166.660	-88.432	23.922
193.384	83.218	59.159	228.987	50.200	60.978	229.402	87.036	60.459	-97.766	82.619	-7.239	-176.781	36.675	-3.793	-166.099	-88.417	24.539
193.385	83.218	59.158	228.991	50.209	60.973	229.412	87.035	60.465	-97.548	82.676	-7.165	-176.697	36.659	-3.609	-165.632	-88.353	25.198
193.386	83.217	59.157	228.991	50.210	60.975	229.409	87.038	60.472	-97.434	82.721	-7.129	-176.646	36.644	-3.329	-165.022	-88.247	25.945
193.397	83.225	59.159	229.003	50.209	60.980	229.412	87.048	60.470	-97.312	82.735	-7.108	-176.558	36.602	-2.997	-164.368	-88.152	26.640
193.391	83.228	59.151	228.999	50.213	60.989	229.418	87.045	60.459	-97.177	82.762	-7.065	-176.371	36.567	-2.606	-163.672	-88.031	27.406
193.400	83.240	59.164	229.002	50.227	60.992	229.418	87.058	60.463	-97.032	82.789	-6.989	-176.057	36.638	-2.263	-162.932	-87.823	28.208
193.393	83.238	59.149	229.002	50.222	60.984	229.420	87.055	60.456	-96.746	82.817	-6.750	-175.317	36.865	-1.501	-162.120	-87.650	29.046
193.397	83.245	59.139	228.993	50.223	60.976	229.414	87.061	60.471	-96.567	82.875	-6.469	-174.424	37.196	-0.388	-161.218	-87.405	29.905
193.393	83.237	59.149	228.991	50.225	60.980	229.407	87.060	60.457	-96.237	83.015	-5.869	-173.459	37.590	0.874	-160.312	-87.151	30.750
193.379	83.243	59.152	228.982	50.226	60.972	229.402	87.065	60.471	-95.439	83.191	-5.013	-172.360	37.957	2.300	-159.309	-86.830	31.629
193.376	83.247	59.161	228.973	50.226	60.964	229.390	87.057	60.467	-94.226	83.382	-3.875	-171.269	38.355	3.785	-158.094	-86.439	32.639
193.366	83.245	59.151	228.972	50.227	60.966	229.378	87.060	60.464	-92.742	83.638	-2.480	-170.072	38.921	5.349	-156.987	-86.060	33.543
193.351	83.240	59.156	228.956	50.219	60.968	229.372	87.051	60.471	-91.167	83.994	-0.807	-168.596	39.501	7.087	-155.623	-85.632	34.635
193.351	83.240	59.157	228.942	50.210	60.964	229.361	87.038	60.463	-89.529	84.389	1.070	-166.863	40.137	8.975	-154.251	-85.147	35.721
193.358	83.225	59.161	228.951	50.209	60.972	229.360	87.038	60.461	-87.758	84.821	3.124	-165.023	40.908	10.956	-152.630	-84.709	36.936
193.344	83.219	59.162	228.938	50.200	60.968	229.348	87.026	60.454	-85.830	85.398	5.425	-162.832	41.665	13.287	-150.703	-84.159	38.270
193.344	83.223	59.167	228.948	50.195	60.972	229.347	87.030	60.460	-83.754	85.942	7.770	-160.581	42.555	15.605	-148.869	-83.615	39.531
193.342	83.205	59.158	228.944	50.190	60.982	229.358	87.024	60.461	-81.513	86.537	10.349	-158.051	43.475	18.174	-146.844	-82.965	40.838
193.352	83.202	59.163	228.945	50.186	60.976	229.355	87.015	60.465	-79.022	87.112	12.892	-155.283	44.431	20.916	-144.553	-82.318	42.267
193.366	83.193	59.152	228.946	50.184	60.973	229.358	87.011	60.456	-76.321	87.673	15.520	-152.314	45.390	23.728	-142.204	-81.683	43.701
193.353	83.197	59.156	228.959	50.176	60.965	229.366	87.008	60.464	-73.213	88.224	18.189	-149.136	46.490	26.561	-139.696	-80.954	45.143
193.365	83.198	59.162	228.959	50.178	60.970	229.368	87.009	60.462	-69.913	88.682	20.799	-145.658	47.567	29.565	-137.112	-80.214	46.603
193.366	83.196	59.156	228.968	50.178	60.980	229.369	87.008	60.460	-66.251	89.133	23.430	-141.967	48.718	32.491	-134.389	-79.430	48.065
193.365	83.198	59.162	228.968	50.178	60.978	229.379	87.007	60.466	-62.393	89.546	25.997	-138.147	49.884	35.367	-131.431	-78.618	49.618
193.381	83.205	59.160	228.969	50.177	60.975	229.382	87.016	60.462	-58.336	89.879	28.452	-133.910	51.070	38.323	-128.475	-77.773	51.093
193.378	83.208	59.167	228.971	50.191	60.980	229.391	87.016	60.471	-53.994	90.187	30.954	-129.588	52.272	41.107	-125.348	-76.866	52.595
193.389	83.201	59.163	228.974	50.192	60.977	229.394	87.016	60.467	-49.510	90.474	33.412	-124.939	53.471	43.798	-122.176	-75.973	54.075
193.371	83.208	59.155	228.975	50.204	60.979	229.394	87.028	60.472	-44.830	90.676	35.804	-120.135	54.694	46.387	-118.943	-75.032	55.613
193.372	83.219	59.158	228.978	50.197	60.967	229.396	87.027	60.464	-40.069	90.844	38.105	-115.168	55.870	48.761	-115.578	-74.074	57.050
193.371	83.224	59.165	228.974	50.202	60.977	229.387	87.031	60.462	-35.160	91.028	40.447	-109.992	57.135	50.948	-112.152	-73.128	58.497
193.371	83.224	59.165	228.974	50.210	60.989	229.390	87.041	60.460	-30.147	91.074	42.642	-104.627	58.308	53.099	-108.568	-72.143	59.828
193.371	83.224	59.165	228.963	50.208	60.977	229.377	87.046	60.461	-25.084	91.113	44.782	-99.145	59.524	54.947	-104.863	-71.109	61.258
193.361	83.231	59.165	228.964	50.207	60.975	229.370	87.037	60.471	-19.852	91.154	46.972	-93.535	60.707	56.732	-101.158	-70.071	62.618
193.357	83.230	59.168	228.953	50.210	60.972	229.372	87.039	60.469	-14.447	91.186	49.167	-87.730	61.840	58.437	-97.298	-69.000	63.959
193.359	83.229	59.164	228.951	50.209	60.971	229.361	87.038	60.461	-8.838	91.232	51.383	-81.783	63.008	60.034	-93.399	-67.916	65.211
193.357	83.231	59.171	228.947	50.200	60.978	229.360	87.039	60.463	-3.133	91.157	53.624	-75.752	64.136	61.514	-89.432	-66.790	66.376
193.344	83.219	59.162	228.938	50.200	60.968	229.357	87.028	60.466	2.778	91.109	55.879	-69.588	65.236	62.987	-85.365	-65.653	67.544
193.344	83.219	59.160	228.948	50.198	60.975	229.357	87.025	60.462	8.906	91.084	58.215	-63.426	66.332	64.361	-81.272	-64.496	68.690
193.342	83.206	59.160	228.945	50.186	60.976	229.342	87.020	60.466	15.129	90.960	60.570	-57.168	67.387	65.721	-77.126	-63.324	69.809
193.350	83.206	59.171	228.945	50.186	60.976	229.355	87.015	60.465	21.515	90.829	62.893	-50.896	68.399	67.135	-72.962	-62.103	70.967
193.351	83.205	59.170	228.945	50.186	60.976	229.346	87.012	60.451	27.993	90.676	65.269	-44.545	69.367	68.567	-68.675	-60.889	72.146
193.350	83.194	59.167	228.948	50.182	60.968	229.353	87.017	60.471	34.555	90.411	67.708	-38.161	70.302	70.039	-64.353	-59.704	73.272
193.364	83.196	59.160	228.956	50.182	60.978	229.356	87.010	60.458	41.227	90.165	70.042	-31.749	71.227	71.647	-60.016	-58.482	74.453
193.363	83.200	59.168	228.955	50.171	60.978	229.368	87.008	60.460	47.923	89.823	72.367	-25.332	72.069	73.208	-55.678	-57.290	75.524
193.365	83.197	59.161	228.959	50.179	60.972	229.369	87.009	60.460	54.612	89.412	74.736	-18.914	72.878	74.863	-51.334	-56.102	76.644
193.368	83.195	59.153	228.969	50.178	60.979	229.376	87.010	60.475	61.362	88.986	76.950	-12.532	73.647	76.511	-46.877	-54.932	77.770
193.374	83.200	59.175	228.971	50.179	60.976	229.378	87.008	60.468	68.171	88.494	79.165	-6.148	74.363	78.080	-42.418	-53.781	78.920
193.375	83.200	59.173	228.975	50.187	60.972	229.391	87.016	60.471	75.086	87.910	81.365	0.270	75.046	79.504	-38.004	-52.617	80.028
193.372	83.206	59.151	228.975	50.188	60.971	229.394	87.028	60.472	81.916	87.233	83.489	6.703	75.711	80.902	-33.538	-51.495	81.111
193.381	83.221	59.169	228.974	50.192	60.977	229.397	87.026	60.465	88.863	86.478	85.611	13.114	76.309	82.162	-29.086	-50.341	82.228
193.374	83.216	59.151	228.975	50.204	60.979	229.397	87.026	60.465	95.806	85.653	87.639	19.508	76.837	83.314	-24.630	-49.245	83.202
193.371	83.223	59.163	228.976	50.203	60.976	229.386	87.032	60.465	102.786	84.795	89.730	25.842	77.359	84.319	-20.216	-48.103	84.141
193.372	83.219	59.155	228.976	50.202	60.974	229.387	87.040	60.462	109.660	83.886	91.758	32.118	77.842	85.221	-15.779	-47.008	84.991
193.363	83.224	59.152	228.964	50.206	60.973	229.377	87.042	60.456	116.512	82.922	93.786	38.277	78.243	85.887	-11.428	-45.905	85.907
193.370	83.225	59.166	228.963	50.208	60.977	229.373	87.037	60.466	123.306	81.933	95.715	44.385	78.612	86.467	-7.070	-44.831	86.687
193.360	83.224	59.155	228.955	50.204	60.961	229.372	87.039	60.469	129.921	80.845	97.627	50.342	78.981	86.921	-2.752	-43.816	87.529
193.358	83.230	59.167	228.952	50.210	60.973	229.361	87.038	60.461	136.462	79.783	99.450	56.264	79.290	87.276	1.589	-42.800	88.437
193.344	83.219	59.162	228.950	50.198	60.971	229.360	87.038	60.461	142.921	78.704	101.226	62.002	79.513	87.500	5.825	-41.868	89.210
193.353	83.219	59.171	228.938	50.201	60.971	229.348	87.030	60.458	149.194	77.487	102.900	67.675	79.746	87.789	10.022	-40.926	90.025
193.354	83.217	59.169	228.938	50.200	60.968	229.347	87.030	60.460	155.466	76.264	104.400	73.208	79.931	88.099	14.170	-40.006	90.844
193.342	83.209	59.164	228.947	50.199	60.977	229.348	87.026	60.454	161.567	74.930	105.795	78.622	80.106	88.441	18.137	-39.121	91.615
193.351	83.204	59.167	228.935	50.187	60.968	229.355	87.014	60.463	167.625	73.582	107.113	83.893	80.208	88.762	22.043	-38.272	92.294
193.367	83.172	59.070	228.945	50.186	60.976	229.346	87.012	60.451	173.568	72.138	108.255	89.091	80.327	89.175	25.897	-37.398	93.018
193.364	83.130	58.985	228.942	50.176	60.979	229.356	87.009	60.455	179.420	70.613	109.253	94.060	80.438	89.579	29.585	-36.560	93.665
193.362	83.278	59.352	228.955	50.183	60.981	229.356	87.013	60.461	185.107	69.064	110.163	98.854	80.554	89.942	33.257	-35.705	94.338
193.358	83.284	59.332	228.956	50.183	60.980	229.368	87.009	60.462	190.702	67.490	110.957	103.465	80.675	90.353	36.736	-34.895	94.951
193.365	83.275	59.344	228.959	50.179	60.972	229.366	87.012	60.467	196.101	65.853	111.494	107.824	80.794	90.613	40.151	-34.079	95.516
193.364	83.280	59.352	228.970	50.187	60.993	229.382	87.017	60.463	201.349	64.239	111.977	111.975	80.935	90.853	43.419	-33.327	96.071
193.378	83.285	59.350	229.001	50.233	61.083	229.420	87.005	60.445	206.477	62.684	112.316	115.956	81.122	91.070	46.564	-32.603	96.584
193.362	83.285	59.326	228.972	50.222	61.045	229.378	87.064	60.582	211.299	61.155	112.405	119.777	81.263	91.202	49.622	-31.904	97.104
193.400	83.278	59.297	228.988	50.252	61.049	229.384	87.071	60.569	215.984	59.707	112.373	123.302	81.462	91.262	52.648	-31.226	97.551
193.263	83.525	59.834	229.029	50.386	60.967	229.384	87.075	60.576	220.470	58.341	112.167	126.635	81.683	91.271	55.478	-30.523	97.920
193.259	83.532	59.852	229.004	50.300	60.794	229.380	87.079	60.586	224.700	57.002	111.649	129.800	81.882	91.139	58.230	-29.902	98.258
193.257	83.475	59.719	229.264	50.067	60.418	229.312	87.265	61.009	228.749	55.766	111.051	132.701	82.143	90.969	60.861	-29.326	98.580
193.317	83.307	59.361	228.988	50.075	60.746	229.316	87.255	60.958	232.523	54.609	110.215	135.559	82.340	90.763	63.478	-28.737	98.856
193.353	83.247	59.203	229.086	49.849	60.286	229.327	87.222	60.876	236.175	53.596	109.235	138.098	82.589	90.503	65.952	-28.226	99.165
193.241	83.530	59.827	229.117	49.769	60.123	229.336	87.157	60.721	239.596	52.713	108.186	140.420	82.834	90.155	68.400	-27.715	99.396
193.270	83.599	59.916	228.541	51.100	62.767	229.357	87.086	60.581	242.857	51.890	106.882	142.705	83.059	89.902	70.698	-27.272	99.624
193.356	83.361	59.445	228.644	50.953	62.429	229.348	87.083	60.567	245.838	51.210	105.527	144.713	83.308	89.542	72.834	-26.846	99.670
193.354	83.311	59.361	228.797	50.563	61.667	229.348	87.083	60.567	248.652	50.602	104.021	146.631	83.559	89.224	75.023	-26.419	99.877
193.338	83.309	59.335	228.925	50.276	61.133	229.345	87.070	60.565	251.296	50.102	102.440	148.384	83.832	88.943	76.976	-26.058	99.909
193.345	83.306	59.345	228.951	50.215	61.017	229.344	87.075	60.574	253.870	49.721	100.787	150.032	84.096	88.659	78.850	-25.731	99.916
193.351	83.293	59.352	229.014	50.053	60.687	229.335	87.071	60.558	256.185	49.360	99.051	151.528	84.375	88.481	80.734	-25.400	99.938
193.354	83.295	59.351	229.151	49.753	60.113	229.344	87.070	60.567	258.372	49.073	97.288	152.722	84.697	88.213	82.380	-25.085	99.853
193.342	83.285	59.344	229.252	49.469	59.566	229.333	87.061	60.561	260.439	48.847	95.443	153.830	85.017	88.050	84.036	-24.813	99.754
193.351	83.280	59.348	229.273	49.412	59.494	229.339	87.067	60.585	262.343	48.670	93.633	154.858	85.334	87.856	85.593	-24.575	99.690
193.354	83.289	59.345	228.836	50.403	61.463	229.342	87.063	60.575	264.172	48.511	91.660	155.723	85.685	87.674	87.045	-24.307	99.587
193.365	83.275	59.344	228.838	50.399	61.455	229.352	87.062	60.583	265.780	48.325	89.670	156.507	86.013	87.474	88.347	-24.091	99.346
193.364	83.284	59.358	228.843	50.408	61.447	229.362	87.061	60.590	267.356	48.318	87.791	157.170	86.373	87.316	89.584	-23.830	99.107
193.365	83.279	59.348	229.055	49.903	60.421	229.310	87.203	60.918	268.841	48.356	85.972	157.700	86.717	87.005	90.808	-23.640	98.824
193.378	83.285	59.351	229.145	49.733	60.063	229.291	87.260	61.022	270.015	48.280	83.978	158.149	87.089	86.684	91.923	-23.440	98.517
193.365	83.285	59.370	229.109	49.821	60.240	229.320	87.206	60.902	271.233	48.413	82.226	158.609	87.410	86.368	92.927	-23.234	98.116
193.379	83.263	59.306	228.857	50.419	61.452	229.378	87.065	60.584	272.164	48.471	80.324	158.966	87.741	85.978	93.899	-22.991	97.705
193.372	83.242	59.242	228.857	50.419	61.452	229.219	87.357	61.207	273.009	48.755	78.751	159.262	88.098	85.504	94.733	-22.744	97.219
193.368	83.215	59.173	228.857	50.419	61.452	229.380	87.079	60.587	273.761	49.086	77.190	159.494	88.432	84.957	95.466	-22.557	96.616
193.371	83.228	59.172	228.855	50.423	61.460	229.380	87.079	60.586	274.394	49.433	75.524	159.703	88.740	84.395	96.278	-22.361	96.126
193.370	83.223	59.166	228.846	50.421	61.447	229.374	87.089	60.573	274.976	49.991	74.153	159.891	89.071	83.805	96.962	-22.182	95.565
193.370	83.221	59.160	228.565	51.119	62.784	229.371	87.076	60.570	275.408	50.572	72.798	159.949	89.396	83.115	97.583	-21.971	94.953
193.367	83.228	59.174	228.573	51.134	62.795	229.358	87.085	60.579	275.600	51.221	71.470	160.060	89.700	82.514	98.186	-21.731	94.337
193.360	83.223	59.154	228.568	51.148	62.786	229.357	87.086	60.581	275.908	52.064	70.321	160.176	89.993	81.953	98.791	-21.513	93.772
193.368	83.227	59.172	228.585	51.107	62.721	229.348	87.082	60.566	275.909	52.902	69.145	160.257	90.318	81.397	99.221	-21.369	93.104
193.353	83.218	59.168	228.590	51.096	62.700	229.345	87.073	60.570	275.936	53.828	68.034	160.337	90.605	80.863	99.702	-21.206	92.515
193.345	83.217	59.159	228.585	51.084	62.666	229.345	87.073	60.570	275.860	54.878	66.987	160.281	90.918	80.242	100.179	-20.989	91.944
193.344	83.219	59.162	228.587	51.063	62.648	229.341	87.078	60.582	275.630	55.939	65.878	160.334	91.235	79.740	100.537	-20.761	91.378
193.353	83.214	59.164	228.594	51.059	62.635	229.339	87.063	60.578	275.476	57.060	64.720	160.384	91.538	79.259	100.860	-20.618	90.759
193.353	83.213	59.165	228.599	51.048	62.611	229.339	87.067	60.585	275.118	58.162	63.695	160.300	91.890	78.660	101.137	-20.392	90.190
193.342	83.205	59.158	228.605	51.046	62.602	229.342	87.060	60.570	274.919	59.271	62.542	160.281	92.227	78.124	101.418	-20.156	89.663
193.350	83.201	59.164	228.610	51.043	62.592	229.342	87.060	60.570	274.637	60.283	61.454	160.324	92.579	77.608	101.631	-19.945	89.086
193.352	83.191	59.161	228.633	51.029	62.564	229.352	87.058	60.577	274.356	61.309	60.375	160.200	92.974	76.972	101.857	-19.624	88.533
193.364	83.183	59.155	228.635	51.031	62.566	229.352	87.058	60.577	274.093	62.217	59.425	160.159	93.341	76.393	102.056	-19.337	88.009
193.368	83.199	59.160	228.653	51.021	62.550	229.356	87.054	60.566	273.825	63.022	58.444	160.179	93.750	75.783	102.230	-19.024	87.530
193.365	83.198	59.162	228.656	51.020	62.546	229.369	87.062	60.568	273.574	63.668	57.467	160.103	94.188	75.026	102.360	-18.708	87.003
193.377	83.205	59.163	228.674	51.024	62.536	229.368	87.066	60.575	273.538	64.316	56.671	160.181	94.570	74.356	102.538	-18.390	86.428
193.381	83.205	59.160	228.668	51.018	62.514	229.378	87.065	60.584	273.421	64.846	56.000	160.223	94.948	73.614	102.583	-18.067	85.950
193.392	83.199	59.156	228.679	50.999	62.507	229.381	87.062	60.573	273.407	65.313	55.313	160.338	95.306	72.843	102.607	-17.719	85.380
193.380	83.206	59.161	228.687	51.004	62.491	229.378	87.065	60.581	273.278	65.693	54.723	160.548	95.678	72.075	102.667	-17.380	84.854
193.384	83.215	59.156	228.686	51.005	62.493	229.381	87.074	60.577	273.373	66.112	54.285	160.824	96.034	71.335	102.741	-17.071	84.420
193.381	83.207	59.160	228.681	51.016	62.479	229.383	87.076	60.578	273.060	66.374	53.849	161.140	96.342	70.576	102.830	-16.755	83.921
193.381	83.206	59.158	228.684	51.011	62.468	229.370	87.081	60.580	273.029	66.747	53.665	161.523	96.594	69.880	102.812	-16.505	83.417
193.379	83.220	59.167	228.683	51.012	62.470	229.371	87.080	60.577	272.920	67.105	53.665	161.949	96.808	69.235	102.771	-16.211	82.971
193.370	83.222	59.162	228.683	51.007	62.464	229.360	87.082	60.573	272.511	67.369	53.570	162.456	97.017	68.644	102.791	-15.996	82.586
193.370	83.222	59.161	228.680	51.002	62.439	229.361	87.078	60.566	272.388	67.803	53.632	162.908	97.179	68.071	102.829	-15.759	82.199
193.352	83.240	59.156	228.671	51.004	62.431	229.338	87.084	60.559	271.909	68.047	53.516	163.509	97.310	67.663	102.848	-15.568	81.867
193.338	83.242	59.153	228.661	50.998	62.413	229.326	87.101	60.562	271.729	68.506	53.447	163.989	97.450	67.212	102.813	-15.369	81.520
193.310	83.273	59.142	228.635	51.009	62.416	229.280	87.119	60.558	271.261	68.865	53.288	164.575	97.506	66.885	102.730	-15.212	81.192
193.280	83.294	59.128	228.586	51.037	62.416	229.235	87.148	60.553	270.921	69.279	53.195	165.083	97.571	66.529	102.700	-15.092	80.949
193.269	83.313	59.134	228.582	51.040	62.423	229.221	87.154	60.556	270.471	69.719	53.048	165.669	97.612	66.339	102.728	-14.976	80.709
193.269	83.313	59.134	228.575	51.035	62.405	229.221	87.154	60.556	269.970	70.116	53.030	166.052	97.680	66.148	102.751	-14.859	80.478
193.266	83.301	59.134	228.573	51.037	62.410	229.221	87.154	60.556	269.607	70.518	52.993	166.417	97.718	66.013	102.769	-14.814	80.262
193.258	83.305	59.131	228.576	51.014	62.387	229.218	87.145	60.560	269.270	70.913	52.968	166.762	97.753	65.915	102.785	-14.787	80.047
193.267	83.303	59.134	228.580	51.004	62.368	229.219	87.153	60.557	268.751	71.112	52.903	166.996	97.777	65.753	102.809	-14.762	79.888
193.268	83.299	59.128	228.590	50.999	62.335	229.221	87.154	60.556	268.553	71.422	52.770	167.192	97.819	65.577	102.799	-14.722	79.698
193.278	83.313	59.142	228.607	50.983	62.312	229.221	87.154	60.556	268.323	71.588	52.656	167.373	97.840	65.361	102.797	-14.681	79.521
193.269	83.314	59.135	228.609	50.975	62.297	229.211	87.173	60.560	268.043	71.728	52.541	167.558	97.857	65.154	102.820	-14.641	79.329
193.266	83.316	59.142	228.617	50.972	62.270	229.211	87.173	60.559	267.935	71.968	52.585	167.747	97.873	64.930	102.830	-14.558	79.201
193.270	83.312	59.129	228.626	50.948	62.224	229.223	87.170	60.559	267.670	72.054	52.473	167.841	97.907	64.740	102.834	-14.546	78.983
193.262	83.313	59.123	228.636	50.933	62.212	229.224	87.168	60.558	267.421	72.094	52.361	167.934	97.913	64.586	102.823	-14.530	78.819
193.281	83.321	59.138	228.647	50.912	62.170	229.224	87.168	60.558	267.344	72.199	52.298	168.012	97.936	64.438	102.815	-14.521	78.682
193.271	83.311	59.127	228.646	50.900	62.154	229.233	87.168	60.566	267.296	72.318	52.231	168.115	97.959	64.330	102.808	-14.504	78.542
193.272	83.310	59.126	228.625	50.953	62.267	229.248	87.131	60.456	267.210	72.424	52.111	168.209	97.988	64.225	102.808	-14.451	78.450
193.282	83.307	59.132	228.629	50.943	62.249	229.246	87.121	60.458	267.040	72.426	52.015	168.293	98.039	64.124	102.831	-14.387	78.372
193.289	83.296	59.141	228.640	50.922	62.243	229.259	87.116	60.457	266.885	72.420	51.953	168.338	98.097	63.994	102.848	-14.310	78.286
193.300	83.279	59.138	228.653	50.916	62.242	229.271	87.095	60.449	266.857	72.474	51.934	168.392	98.154	63.855	102.850	-14.226	78.208
193.326	83.262	59.158	228.669	50.905	62.231	229.295	87.084	60.448	266.835	72.546	51.871	168.425	98.204	63.708	102.856	-14.124	78.138
193.317	83.250	59.149	228.681	50.896	62.227	229.306	87.068	60.449	266.804	72.639	51.801	168.430	98.276	63.547	102.834	-14.053	78.056
193.308	83.251	59.142	228.681	50.887	62.229	229.306	87.069	60.449	266.768	72.727	51.733	168.430	98.352	63.396	102.863	-13.992	77.991
193.304	83.252	59.145	228.665	50.895	62.241	229.283	87.076	60.446	266.709	72.800	51.723	168.374	98.433	63.230	102.856	-13.928	77.936
193.296	83.266	59.139	228.651	50.904	62.248	229.268	87.086	60.455	266.646	72.891	51.730	168.317	98.493	63.087	102.874	-13.899	77.892
193.286	83.283	59.141	228.627	50.925	62.253	229.258	87.100	60.451	266.567	72.991	51.704	168.249	98.555	62.935	102.895	-13.869	77.849
193.264	83.307	59.112	228.609	50.932	62.261	229.234	87.109	60.449	266.438	73.054	51.686	168.201	98.601	62.781	102.925	-13.844	77.811
193.270	83.296	59.121	228.611	50.935	62.262	229.236	87.119	60.447	266.243	73.099	51.665	168.155	98.639	62.662	102.937	-13.822	77.751
193.267	83.299	59.129	228.611	50.932	62.258	229.237	87.117	60.443	266.186	73.168	51.627	168.141	98.661	62.518	102.969	-13.812	77.739
193.272	83.299	59.123	228.623	50.928	62.225	229.240	87.116	60.438	266.155	73.238	51.584	168.125	98.671	62.413	102.991	-13.816	77.712
193.282	83.304	59.125	228.635	50.916	62.213	229.246	87.117	60.453	266.131	73.286	51.505	168.110	98.676	62.298	103.021	-13.816	77.705
193.282	83.292	59.123	228.654	50.897	62.184	229.259	87.113	60.452	266.118	73.326	51.453	168.118	98.677	62.223	103.037	-13.826	77.692
193.312	83.285	59.140	228.678	50.873	62.145	229.275	87.104	60.445	266.112	73.355	51.380	168.123	98.668	62.163	103.062	-13.853	77.680
193.323	83.268	59.139	228.709	50.839	62.118	229.309	87.079	60.446	266.102	73.352	51.288	168.135	98.659	62.132	103.078	-13.878	77.698
193.341	83.243	59.152	228.743	50.810	62.077	229.339	87.071	60.463	266.078	73.350	51.173	168.156	98.635	62.090	103.106	-13.916	77.701
193.349	83.242	59.160	228.758	50.791	62.057	229.345	87.066	60.449	266.040	73.347	51.092	168.161	98.606	62.052	103.123	-13.972	77.700
193.349	83.242	59.160	228.751	50.770	62.029	229.346	87.064	60.445	265.965	73.367	51.024	168.152	98.597	62.027	103.174	-14.019	77.708
193.350	83.241	59.158	228.758	50.762	61.989	229.349	87.058	60.468	265.889	73.363	50.953	168.131	98.577	61.992	103.198	-14.078	77.718
193.348	83.227	59.154	228.768	50.745	61.985	229.340	87.058	60.458	265.881	73.377	50.939	168.117	98.565	61.946	103.245	-14.133	77.731
193.348	83.232	59.162	228.761	50.732	61.956	229.349	87.054	60.461	265.869	73.379	50.928	168.068	98.548	61.886	103.288	-14.175	77.768
193.349	83.225	59.151	228.763	50.721	61.938	229.353	87.054	60.458	265.809	73.388	50.877	168.034	98.542	61.814	103.312	-14.216	77.788
193.344	83.215	59.155	228.775	50.696	61.922	229.338	87.044	60.453	265.803	73.394	50.852	168.007	98.532	61.764	103.347	-14.250	77.811
193.346	83.213	59.149	228.770	50.684	61.890	229.342	87.040	60.445	265.783	73.378	50.809	167.997	98.512	61.736	103.385	-14.272	77.832
193.346	83.209	59.143	228.775	50.674	61.871	229.337	87.044	60.456	265.745	73.445	50.725	167.980	98.503	61.698	103.393	-14.303	77.830
193.344	83.211	59.148	228.784	50.656	61.836	229.335	87.034	60.459	265.724	73.466	50.658	167.958	98.490	61.641	103.398	-14.327	77.839
193.338	83.209	59.168	228.794	50.643	61.825	229.345	87.029	60.461	265.718	73.470	50.634	167.943	98.483	61.604	103.417	-14.352	77.836
193.342	83.202	59.154	228.785	50.622	61.798	229.336	87.029	60.452	265.699	73.509	50.608	167.922	98.481	61.543	103.431	-14.386	77.839
193.354	83.197	59.152	228.789	50.608	61.771	229.337	87.031	60.452	265.670	73.525	50.556	167.887	98.469	61.480	103.432	-14.409	77.820
193.344	83.202	59.151	228.803	50.598	61.760	229.338	87.027	60.444	265.645	73.547	50.526	167.859	98.464	61.401	103.436	-14.434	77.778
193.342	83.201	59.152	228.808	50.587	61.738	229.338	87.028	60.446	265.622	73.569	50.494	167.838	98.448	61.333	103.457	-14.462	77.768
193.345	83.213	59.152	228.814	50.587	61.716	229.338	87.031	60.449	265.604	73.598	50.453	167.809	98.445	61.259	103.487	-14.482	77.730
193.345	83.215	59.154	228.809	50.578	61.689	229.341	87.036	60.439	265.552	73.600	50.425	167.781	98.439	61.180	103.489	-14.497	77.705
193.347	83.207	59.140	228.813	50.569	61.669	229.351	87.039	60.453	265.522	73.608	50.406	167.755	98.429	61.089	103.507	-14.536	77.662
193.358	83.219	59.151	228.825	50.561	61.665	229.351	87.039	60.453	265.481	73.616	50.380	167.734	98.417	61.015	103.542	-14.563	77.642
193.344	83.215	59.154	228.820	50.552	61.637	229.351	87.039	60.453	265.449	73.625	50.323	167.713	98.410	60.947	103.566	-14.600	77.619
193.351	83.224	59.146	228.834	50.552	61.625	229.354	87.049	60.450	265.419	73.636	50.271	167.701	98.400	60.900	103.583	-14.626	77.582
193.360	83.223	59.154	228.838	50.543	61.606	229.354	87.048	60.448	265.408	73.653	50.265	167.690	98.397	60.851	103.599	-14.655	77.557
193.348	83.231	59.160	228.841	50.534	61.588	229.357	87.045	60.439	265.400	73.663	50.249	167.675	98.388	60.822	103.613	-14.668	77.545
193.348	83.227	59.154	228.842	50.531	61.582	229.354	87.048	60.448	265.383	73.646	50.241	167.676	98.393	60.776	103.624	-14.699	77.523
193.351	83.220	59.139	228.845	50.522	61.565	229.355	87.048	60.448	265.374	73.668	50.228	167.689	98.400	60.739	103.634	-14.710	77.532
193.352	83.224	59.146	228.847	50.517	61.557	229.354	87.049	60.450	265.370	73.691	50.209	167.688	98.415	60.709	103.641	-14.725	77.539
193.351	83.223	59.144	228.847	50.513	61.551	229.351	87.039	60.453	265.337	73.671	50.194	167.696	98.423	60.643	103.654	-14.730	77.538
193.348	83.215	59.150	228.849	50.509	61.542	229.354	87.049	60.450	265.330	73.695	50.178	167.703	98.442	60.592	103.663	-14.729	77.550
193.348	83.210	59.142	228.847	50.500	61.546	229.351	87.039	60.453	265.318	73.711	50.168	167.715	98.453	60.553	103.663	-14.725	77.556
193.336	83.214	59.145	228.836	50.494	61.530	229.342	87.040	60.445	265.296	73.714	50.143	167.710	98.473	60.498	103.674	-14.708	77.575
193.349	83.205	59.135	228.836	50.498	61.535	229.342	87.040	60.445	265.276	73.723	50.147	167.712	98.481	60.456	103.674	-14.703	77.583
193.337	83.213	59.139	228.837	50.494	61.530	229.338	87.027	60.444	265.193	73.893	49.998	167.709	98.488	60.429	103.681	-14.712	77.598
193.347	83.211	59.145	228.839	50.490	61.521	229.339	87.026	60.442	265.185	73.922	49.996	167.717	98.490	60.407	103.676	-14.735	77.601
193.345	83.214	59.154	228.837	50.492	61.526	229.348	87.026	60.452	265.194	73.968	49.966	167.711	98.496	60.385	103.690	-14.761	77.618
193.357	83.206	59.147	228.837	50.476	61.517	229.339	87.030	60.448	265.192	73.971	49.915	167.693	98.479	60.355	103.695	-14.785	77.629
193.342	83.206	59.158	228.847	50.490	61.531	229.340	87.026	60.442	265.172	73.994	49.934	167.676	98.470	60.317	103.726	-14.822	77.666
193.346	83.213	59.149	228.838	50.474	61.513	229.343	87.035	60.438	265.173	74.010	49.933	167.655	98.450	60.285	103.722	-14.879	77.685
193.348	83.207	59.139	228.853	50.479	61.509	229.342	87.036	60.439	265.161	74.016	49.932	167.631	98.419	60.250	103.743	-14.933	77.706
193.338	83.207	59.131	228.854	50.475	61.501	229.348	87.042	60.460	265.159	74.048	49.918	167.610	98.401	60.220	103.744	-15.001	77.740
193.349	83.209	59.140	228.845	50.474	61.489	229.354	87.048	60.448	265.142	74.048	49.923	167.568	98.371	60.169	103.766	-15.073	77.787
193.336	83.219	59.150	228.849	50.470	61.480	229.350	87.040	60.455	265.137	74.098	49.889	167.541	98.331	60.141	103.830	-15.154	77.849
193.349	83.225	59.150	228.862	50.473	61.474	229.354	87.048	60.446	265.118	74.121	49.851	167.510	98.291	60.117	103.859	-15.221	77.876
193.341	83.221	59.135	228.862	50.472	61.471	229.354	87.048	60.448	265.005	74.087	49.797	167.489	98.260	60.083	103.918	-15.282	77.933
193.352	83.219	59.138	228.866	50.467	61.460	229.357	87.046	60.441	264.983	74.093	49.790	167.452	98.232	60.051	103.981	-15.344	77.976
193.354	83.220	59.136	228.867	50.462	61.452	229.354	87.048	60.448	264.931	74.044	49.711	167.422	98.196	60.035	104.053	-15.406	78.030
193.358	83.220	59.150	228.860	50.459	61.435	229.346	87.048	60.437	264.918	74.060	49.712	167.397	98.165	60.006	104.076	-15.465	78.043
193.360	83.219	59.149	228.861	50.453	61.424	229.354	87.048	60.448	264.923	74.081	49.708	167.359	98.132	59.980	104.077	-15.522	78.044
193.351	83.219	59.139	228.867	50.442	61.436	229.342	87.040	60.445	264.911	74.103	49.735	167.323	98.107	59.953	104.094	-15.572	78.039
193.347	83.213	59.147	228.859	50.434	61.415	229.344	87.037	60.438	264.916	74.086	49.682	167.298	98.081	59.928	104.110	-15.601	78.049
193.339	83.209	59.130	228.858	50.434	61.413	229.341	87.036	60.439	264.903	74.108	49.715	167.245	98.072	59.886	104.117	-15.634	78.045
193.344	83.200	59.146	228.859	50.429	61.405	229.329	87.028	60.436	264.883	74.078	49.715	167.217	98.067	59.847	104.108	-15.670	78.046
193.347	83.196	59.137	228.858	50.417	61.403	229.329	87.027	60.434	264.886	74.087	49.708	167.186	98.050	59.805	104.101	-15.678	78.026
193.342	83.197	59.145	228.847	50.421	61.402	229.326	87.030	60.443	264.883	74.088	49.711	167.164	98.049	59.748	104.095	-15.687	78.033
193.331	83.203	59.148	228.855	50.416	61.405	229.323	87.018	60.442	264.869	74.079	49.708	167.136	98.043	59.707	104.087	-15.690	78.016
193.338	83.193	59.159	228.850	50.412	61.386	229.326	87.015	60.435	264.867	74.083	49.711	167.111	98.051	59.668	104.088	-15.695	78.008
193.338	83.193	59.157	228.856	50.415	61.403	229.326	87.015	60.435	264.858	74.083	49.696	167.082	98.048	59.632	104.099	-15.699	78.011
193.344	83.199	59.145	228.859	50.408	61.390	229.323	87.021	60.447	264.860	74.107	49.699	167.068	98.050	59.592	104.101	-15.701	78.005
193.339	83.193	59.159	228.858	50.412	61.396	229.326	87.017	60.439	264.858	74.108	49.695	167.050	98.050	59.567	104.118	-15.705	77.986
193.333	83.202	59.144	228.862	50.407	61.385	229.327	87.014	60.433	264.858	74.109	49.693	167.031	98.048	59.543	104.133	-15.719	77.969
193.342	83.205	59.157	228.863	50.403	61.376	229.336	87.029	60.449	264.866	74.145	49.688	167.025	98.040	59.517	104.165	-15.743	77.973
193.347	83.207	59.140	228.866	50.411	61.370	229.342	87.036	60.439	264.855	74.150	49.682	167.029	98.050	59.502	104.190	-15.754	77.968
193.347	83.211	59.147	228.866	50.411	61.370	229.342	87.036	60.439	264.854	74.156	49.687	167.032	98.046	59.490	104.218	-15.765	77.962
193.354	83.212	59.158	228.869	50.411	61.364	229.342	87.040	60.445	264.862	74.170	49.663	167.036	98.042	59.479	104.261	-15.798	77.924
193.350	83.217	59.135	228.879	50.405	61.364	229.354	87.048	60.446	264.844	74.182	49.674	167.045	98.038	59.483	104.299	-15.815	77.918
193.345	83.214	59.150	228.883	50.413	61.358	229.354	87.048	60.446	264.847	74.198	49.673	167.055	98.039	59.495	104.323	-15.840	77.911
193.349	83.221	59.145	228.883	50.416	61.361	229.357	87.045	60.439	264.857	74.197	49.620	167.073	98.026	59.510	104.365	-15.862	77.928
193.362	83.221	59.149	228.886	50.408	61.346	229.357	87.046	60.441	264.840	74.224	49.661	167.075	98.023	59.501	104.405	-15.885	77.945
193.352	83.218	59.135	228.887	50.406	61.342	229.357	87.045	60.439	264.856	74.213	49.620	167.083	98.020	59.513	104.438	-15.910	77.950
193.342	83.220	59.131	228.878	50.406	61.332	229.357	87.046	60.441	264.844	74.217	49.611	167.090	98.009	59.523	104.501	-15.950	77.970
193.363	83.231	59.149	228.879	50.401	61.324	229.357	87.046	60.441	264.826	74.230	49.648	167.102	98.004	59.524	104.522	-15.975	77.968
193.339	83.211	59.134	228.889	50.399	61.330	229.357	87.045	60.439	264.832	74.306	49.544	167.100	97.990	59.521	104.551	-15.992	77.985
193.348	83.210	59.145	228.892	50.392	61.315	229.346	87.045	60.433	264.716	74.350	49.395	167.109	97.990	59.531	104.572	-16.016	77.983
193.346	83.212	59.149	228.889	50.382	61.318	229.345	87.037	60.435	264.722	74.372	49.363	167.112	97.985	59.520	104.587	-16.029	77.968
193.348	83.210	59.143	228.890	50.378	61.312	229.343	87.035	60.438	264.715	74.385	49.358	167.123	97.983	59.525	104.599	-16.040	77.960
193.341	83.209	59.129	228.881	50.377	61.301	229.342	87.036	60.439	264.717	74.399	49.360	167.120	97.973	59.527	104.625	-16.044	77.949
193.357	83.204	59.144	228.881	50.375	61.299	229.342	87.022	60.433	264.719	74.416	49.339	167.135	97.976	59.529	104.617	-16.048	77.931
193.344	83.195	59.139	228.884	50.368	61.284	229.343	87.034	60.436	264.712	74.425	49.325	167.139	97.983	59.520	104.628	-16.039	77.900
193.347	83.196	59.136	228.879	50.361	61.295	229.340	87.025	60.440	264.711	74.411	49.320	167.155	97.980	59.477	104.631	-16.021	77.858
193.345	83.198	59.141	228.891	50.357	61.294	229.349	87.024	60.448	264.717	74.418	49.308	167.155	97.986	59.448	104.638	-15.989	77.815
193.345	83.202	59.149	228.897	50.362	61.281	229.340	87.021	60.434	264.720	74.426	49.303	167.172	98.001	59.440	104.634	-15.976	77.740
193.347	83.196	59.139	228.897	50.358	61.275	229.349	87.024	60.448	264.717	74.397	49.320	167.186	98.010	59.406	104.632	-15.946	77.682
193.350	83.203	59.132	228.898	50.358	61.273	229.352	87.034	60.446	264.715	74.413	49.299	167.194	98.030	59.396	104.627	-15.930	77.620
193.339	83.199	59.129	228.898	50.357	61.271	229.355	87.030	60.434	264.715	74.413	49.299	167.211	98.036	59.389	104.622	-15.914	77.563
193.350	83.209	59.140	228.901	50.358	61.269	229.364	87.034	60.450	264.710	74.436	49.294	167.229	98.053	59.384	104.602	-15.900	77.512
193.369	83.205	59.149	228.904	50.363	61.259	229.367	87.043	60.445	264.714	74.429	49.277	167.245	98.057	59.364	104.614	-15.893	77.478
193.354	83.221	59.139	228.907	50.359	61.249	229.370	87.040	60.438	264.720	74.455	49.247	167.252	98.068	59.358	104.613	-15.899	77.433
193.365	83.214	59.134	228.908	50.358	61.247	229.368	87.042	60.443	264.714	74.451	49.258	167.256	98.060	59.341	104.618	-15.886	77.382
193.365	83.214	59.135	228.917	50.353	61.250	229.371	87.040	60.436	264.716	74.479	49.236	167.260	98.071	59.338	104.627	-15.888	77.353
193.376	83.211	59.136	228.909	50.353	61.237	229.368	87.042	60.443	264.713	74.468	49.272	167.276	98.076	59.329	104.613	-15.884	77.318
193.357	83.214	59.125	228.918	50.352	61.245	229.368	87.043	60.445	264.706	74.501	49.216	167.289	98.071	59.325	104.625	-15.879	77.283
193.355	83.215	59.128	228.921	50.348	61.236	229.371	87.040	60.436	264.706	74.512	49.214	167.292	98.079	59.319	104.649	-15.890	77.277
193.362	83.216	59.142	228.921	50.343	61.227	229.371	87.040	60.436	264.692	74.488	49.233	167.305	98.074	59.316	104.661	-15.884	77.241
193.365	83.213	59.133	228.924	50.339	61.218	229.368	87.042	60.443	264.700	74.521	49.197	167.318	98.070	59.315	104.670	-15.889	77.209
193.362	83.216	59.142	228.915	50.335	61.203	229.370	87.040	60.438	264.687	74.539	49.205	167.333	98.078	59.315	104.676	-15.875	77.205
193.355	83.214	59.127	228.916	50.334	61.199	229.368	87.042	60.444	264.679	74.540	49.194	167.344	98.075	59.319	104.703	-15.863	77.216
193.359	83.207	59.146	228.915	50.330	61.195	229.358	87.040	60.432	264.671	74.541	49.183	167.359	98.085	59.323	104.712	-15.892	77.151
193.361	83.200	59.133	228.918	50.326	61.186	229.356	87.029	60.433	264.659	74.531	49.173	167.365	98.090	59.310	104.730	-15.861	77.176
