193.312	83.300	59.146	228.902	50.279	60.964	229.280	87.115	60.436	-97.695	84.127	-6.455	-179.566	42.957	-5.050	-173.913	-84.298	17.452
193.304	83.290	59.132	228.902	50.279	60.964	229.280	87.111	60.433	-97.709	84.114	-6.467	-179.562	42.971	-5.046	-173.914	-84.301	17.447
193.304	83.290	59.132	228.893	50.280	60.956	229.280	87.115	60.436	-97.701	84.105	-6.448	-179.567	42.955	-5.056	-173.922	-84.287	17.441
193.316	83.298	59.136	228.902	50.279	60.964	229.281	87.111	60.431	-97.705	84.092	-6.447	-179.563	42.965	-5.062	-173.898	-84.282	17.466
193.314	83.288	59.138	228.902	50.279	60.964	229.281	87.111	60.431	-97.707	84.080	-6.449	-179.562	42.966	-5.059	-173.914	-84.294	17.457
193.318	83.295	59.132	228.912	50.278	60.972	229.281	87.111	60.431	-97.707	84.077	-6.455	-179.562	42.968	-5.057	-173.933	-84.282	17.441
193.311	83.294	59.116	228.907	50.273	60.950	229.281	87.114	60.435	-97.710	84.067	-6.449	-179.562	42.971	-5.048	-173.921	-84.280	17.453
193.317	83.296	59.133	228.902	50.280	60.966	229.282	87.109	60.427	-97.700	84.064	-6.442	-179.547	42.977	-5.051	-173.921	-84.283	17.446
193.313	83.284	59.135	228.905	50.279	60.961	229.281	87.110	60.429	-97.702	84.053	-6.442	-179.548	42.975	-5.055	-173.910	-84.284	17.455
193.326	83.294	59.140	228.906	50.275	60.953	229.293	87.110	60.435	-97.694	84.040	-6.434	-179.537	42.976	-5.041	-173.917	-84.276	17.438
193.318	83.283	59.127	228.903	50.278	60.963	229.284	87.111	60.427	-97.708	84.027	-6.446	-179.538	42.965	-5.044	-173.896	-84.291	17.414
193.317	83.292	59.126	228.905	50.279	60.961	229.294	87.105	60.430	-97.697	84.024	-6.442	-179.539	42.963	-5.049	-173.909	-84.287	17.448
193.315	83.286	59.136	228.908	50.276	60.954	229.291	87.109	60.437	-97.699	84.024	-6.437	-179.535	42.978	-5.041	-173.910	-84.285	17.453
193.324	83.284	59.141	228.906	50.275	60.956	229.291	87.109	60.437	-97.703	84.000	-6.443	-179.536	42.971	-5.055	-173.883	-84.275	17.463
193.308	83.286	59.123	228.903	50.278	60.963	229.294	87.106	60.429	-97.704	84.002	-6.434	-179.536	42.977	-5.044	-173.921	-84.288	17.441
193.315	83.286	59.136	228.912	50.277	60.971	229.293	87.110	60.437	-97.718	83.994	-6.436	-179.551	42.965	-5.052	-173.909	-84.285	17.454
193.318	83.295	59.132	228.908	50.276	60.954	229.284	87.111	60.429	-97.712	83.981	-6.424	-179.551	42.964	-5.055	-173.895	-84.281	17.445
193.302	83.291	59.137	228.905	50.275	60.956	229.284	87.107	60.422	-97.712	83.983	-6.419	-179.551	42.964	-5.055	-173.909	-84.284	17.453
193.314	83.284	59.133	228.902	50.279	60.964	229.281	87.115	60.436	-97.715	83.973	-6.416	-179.553	42.959	-5.062	-173.887	-84.283	17.473
193.307	83.282	59.120	228.902	50.279	60.964	229.282	87.109	60.427	-97.717	83.962	-6.415	-179.551	42.965	-5.053	-173.921	-84.280	17.453
193.307	83.297	59.127	228.902	50.279	60.964	229.281	87.115	60.436	-97.719	83.960	-6.415	-179.551	42.966	-5.050	-173.890	-84.293	17.476
193.314	83.288	59.139	228.902	50.279	60.964	229.281	87.114	60.434	-97.721	83.953	-6.406	-179.563	42.965	-5.062	-173.906	-84.271	17.455
193.302	83.291	59.136	228.902	50.279	60.964	229.281	87.111	60.431	-97.725	83.940	-6.406	-179.563	42.965	-5.062	-173.909	-84.281	17.459
193.316	83.297	59.138	228.902	50.279	60.964	229.280	87.115	60.436	-97.724	83.939	-6.410	-179.563	42.965	-5.062	-173.910	-84.284	17.454
193.304	83.289	59.130	228.904	50.276	60.957	229.280	87.111	60.433	-97.724	83.939	-6.410	-179.573	42.967	-5.068	-173.933	-84.276	17.452
193.302	83.291	59.138	228.902	50.283	60.970	229.280	87.115	60.438	-97.725	83.942	-6.400	-179.560	42.975	-5.065	-173.895	-84.274	17.455
193.317	83.295	59.132	228.907	50.273	60.950	229.281	87.114	60.434	-97.724	83.938	-6.411	-179.549	42.974	-5.059	-173.933	-84.283	17.440
193.305	83.287	59.128	228.899	50.270	60.968	229.281	87.110	60.428	-97.717	83.923	-6.406	-179.560	42.974	-5.067	-173.910	-84.281	17.458
193.307	83.294	59.121	228.905	50.276	60.957	229.280	87.115	60.436	-97.718	83.920	-6.410	-179.560	42.975	-5.065	-173.932	-84.283	17.440
193.314	83.287	59.137	228.903	50.282	60.968	229.281	87.114	60.435	-97.708	83.910	-6.401	-179.549	42.973	-5.061	-173.887	-84.286	17.465
193.318	83.294	59.131	228.903	50.278	60.963	229.284	87.107	60.422	-97.710	83.905	-6.409	-179.547	42.976	-5.056	-173.902	-84.261	17.451
193.316	83.296	59.133	228.903	50.282	60.968	229.291	87.113	60.442	-97.708	83.907	-6.406	-179.551	42.964	-5.055	-173.896	-84.287	17.419
193.306	83.287	59.128	228.910	50.273	60.947	229.294	87.106	60.429	-97.712	83.894	-6.408	-179.549	42.973	-5.061	-173.908	-84.286	17.413
193.317	83.285	59.130	228.913	50.276	60.968	229.282	87.110	60.429	-97.701	83.891	-6.403	-179.548	42.973	-5.061	-173.906	-84.274	17.449
193.319	83.294	59.127	228.915	50.274	60.963	229.294	87.106	60.429	-97.703	83.882	-6.397	-179.548	42.970	-5.068	-173.906	-84.273	17.450
193.309	83.288	59.127	228.915	50.274	60.963	229.293	87.110	60.435	-97.703	83.879	-6.406	-179.551	42.961	-5.062	-173.885	-84.285	17.432
193.321	83.291	59.120	228.911	50.269	60.941	229.291	87.109	60.437	-97.704	83.882	-6.398	-179.550	42.963	-5.059	-173.906	-84.271	17.456
193.318	83.282	59.126	228.906	50.275	60.956	229.294	87.106	60.429	-97.692	83.878	-6.397	-179.551	42.964	-5.055	-173.895	-84.271	17.461
193.305	83.289	59.131	228.906	50.275	60.956	229.284	87.107	60.424	-97.706	83.865	-6.409	-179.551	42.964	-5.055	-173.920	-84.285	17.406
193.305	83.289	59.132	228.903	50.278	60.963	229.282	87.110	60.429	-97.705	83.870	-6.399	-179.549	42.973	-5.061	-173.931	-84.278	17.412
193.306	83.286	59.127	228.903	50.278	60.963	229.281	87.114	60.437	-97.706	83.871	-6.394	-179.560	42.973	-5.072	-173.930	-84.272	17.436
193.305	83.288	59.128	228.903	50.278	60.963	229.281	87.110	60.429	-97.695	83.869	-6.392	-179.560	42.975	-5.065	-173.894	-84.270	17.463
193.295	83.287	59.119	228.902	50.279	60.964	229.281	87.110	60.428	-97.696	83.866	-6.395	-179.560	42.975	-5.065	-173.939	-84.269	17.396
193.300	83.292	59.109	228.893	50.280	60.956	229.281	87.110	60.431	-97.696	83.866	-6.392	-179.555	42.991	-5.057	-173.927	-84.270	17.402
193.302	83.292	59.141	228.893	50.280	60.956	229.281	87.111	60.431	-97.699	83.856	-6.389	-179.571	42.977	-5.072	-173.897	-84.283	17.425
193.304	83.301	59.136	228.904	50.276	60.957	229.280	87.115	60.438	-97.700	83.853	-6.393	-179.570	42.978	-5.069	-173.931	-84.280	17.407
193.297	83.289	59.120	228.902	50.279	60.964	229.281	87.111	60.431	-97.699	83.857	-6.386	-179.560	42.975	-5.065	-173.902	-84.259	17.451
193.305	83.299	59.131	228.890	50.283	60.963	229.280	87.115	60.438	-97.700	83.859	-6.382	-179.571	42.976	-5.075	-173.931	-84.281	17.406
193.316	83.302	59.141	228.898	50.274	60.942	229.281	87.114	60.435	-97.700	83.853	-6.393	-179.559	42.979	-5.061	-173.914	-84.261	17.439
193.317	83.300	59.140	228.902	50.283	60.970	229.280	87.115	60.436	-97.702	83.847	-6.384	-179.560	42.976	-5.065	-173.903	-84.263	17.444
193.322	83.302	59.122	228.902	50.279	60.964	229.281	87.115	60.436	-97.701	83.843	-6.393	-179.560	42.975	-5.068	-173.891	-84.263	17.451
193.309	83.296	59.124	228.905	50.280	60.961	229.281	87.115	60.436	-97.682	83.832	-6.374	-179.560	42.975	-5.065	-173.883	-84.275	17.463
193.306	83.287	59.128	228.906	50.279	60.961	229.296	87.119	60.431	-97.695	83.831	-6.377	-179.549	42.973	-5.062	-173.919	-84.285	17.406
193.319	83.289	59.121	228.903	50.278	60.963	229.284	87.111	60.427	-97.685	83.827	-6.373	-179.560	42.973	-5.070	-173.908	-84.286	17.413
193.318	83.295	59.132	228.905	50.280	60.963	229.296	87.119	60.431	-97.674	83.824	-6.373	-179.548	42.973	-5.061	-173.931	-84.284	17.401
193.308	83.296	59.124	228.908	50.276	60.952	229.293	87.110	60.435	-97.676	83.813	-6.370	-179.551	42.964	-5.055	-173.885	-84.289	17.425
193.319	83.295	59.129	228.906	50.278	60.959	229.297	87.118	60.429	-97.689	83.813	-6.377	-179.551	42.961	-5.062	-173.908	-84.290	17.406
193.315	83.297	59.139	228.910	50.273	60.947	229.291	87.111	60.441	-97.691	83.800	-6.382	-179.551	42.961	-5.062	-173.896	-84.287	17.419
193.309	83.284	59.119	228.908	50.272	60.948	229.293	87.110	60.435	-97.680	83.798	-6.375	-179.552	42.956	-5.071	-173.883	-84.276	17.461
193.317	83.294	59.133	228.903	50.278	60.963	229.291	87.113	60.442	-97.680	83.805	-6.358	-179.552	42.958	-5.067	-173.906	-84.273	17.450
193.313	83.287	59.140	228.906	50.275	60.956	229.284	87.107	60.422	-97.683	83.789	-6.369	-179.551	42.960	-5.065	-173.911	-84.297	17.418
193.306	83.283	59.122	228.908	50.272	60.948	229.284	87.107	60.422	-97.683	83.788	-6.371	-179.564	42.960	-5.072	-173.923	-84.300	17.404
193.304	83.285	59.127	228.903	50.278	60.963	229.281	87.110	60.431	-97.686	83.778	-6.368	-179.564	42.960	-5.069	-173.921	-84.283	17.447
193.305	83.284	59.123	228.903	50.278	60.963	229.281	87.110	60.431	-97.687	83.775	-6.370	-179.566	42.955	-5.059	-173.921	-84.277	17.457
193.303	83.287	59.130	228.903	50.278	60.963	229.281	87.109	60.429	-97.691	83.766	-6.363	-179.564	42.959	-5.072	-173.922	-84.280	17.451
193.295	83.293	59.129	228.889	50.271	60.961	229.280	87.111	60.431	-97.691	83.768	-6.358	-179.574	42.965	-5.071	-173.935	-84.286	17.432
193.302	83.291	59.137	228.893	50.280	60.956	229.280	87.111	60.431	-97.692	83.769	-6.353	-179.576	42.964	-5.071	-173.945	-84.275	17.444
193.310	83.292	59.150	228.893	50.280	60.956	229.281	87.110	60.431	-97.691	83.769	-6.355	-179.575	42.961	-5.079	-173.959	-84.285	17.419
193.296	83.300	59.126	228.902	50.279	60.964	229.280	87.114	60.436	-97.691	83.770	-6.350	-179.574	42.967	-5.069	-173.936	-84.289	17.426
193.307	83.298	59.130	228.893	50.280	60.956	229.278	87.114	60.440	-97.691	83.768	-6.357	-179.585	42.968	-5.076	-173.920	-84.275	17.437
193.305	83.300	59.134	228.893	50.279	60.955	229.280	87.115	60.436	-97.692	83.769	-6.352	-179.582	42.978	-5.078	-173.932	-84.273	17.417
193.308	83.298	59.128	228.902	50.283	60.970	229.280	87.115	60.436	-97.706	83.763	-6.350	-179.584	42.978	-5.076	-173.941	-84.262	17.442
193.296	83.289	59.121	228.903	50.282	60.968	229.280	87.115	60.436	-97.691	83.770	-6.350	-179.583	42.980	-5.074	-173.950	-84.254	17.425
193.309	83.296	59.124	228.902	50.279	60.964	229.281	87.115	60.436	-97.691	83.771	-6.347	-179.583	42.981	-5.072	-173.950	-84.250	17.431
193.326	83.299	59.147	228.903	50.278	60.963	229.281	87.115	60.436	-97.707	83.762	-6.349	-179.584	42.981	-5.072	-173.940	-84.270	17.389
193.306	83.299	59.132	228.910	50.286	60.951	229.294	87.106	60.429	-97.702	83.771	-6.360	-179.583	42.978	-5.079	-173.974	-84.260	17.382
193.317	83.295	59.133	228.905	50.279	60.961	229.281	87.114	60.435	-97.696	83.759	-6.346	-179.594	42.982	-5.079	-173.925	-84.253	17.404
193.302	83.292	59.139	228.912	50.277	60.971	229.282	87.110	60.429	-97.707	83.768	-6.337	-179.606	42.984	-5.085	-173.971	-84.256	17.367
193.319	83.304	59.129	228.903	50.278	60.963	229.282	87.113	60.434	-97.715	83.780	-6.346	-179.617	42.985	-5.092	-173.922	-84.249	17.388
193.315	83.296	59.137	228.917	50.271	60.956	229.281	87.110	60.431	-97.715	83.782	-6.341	-179.619	42.981	-5.100	-173.944	-84.246	17.376
193.314	83.288	59.142	228.905	50.279	60.961	229.291	87.113	60.442	-97.724	83.797	-6.343	-179.620	42.983	-5.093	-173.910	-84.249	17.395
193.302	83.287	59.134	228.903	50.282	60.968	229.290	87.113	60.445	-97.736	83.802	-6.342	-179.633	42.976	-5.091	-173.917	-84.228	17.403
193.326	83.296	59.144	228.908	50.272	60.948	229.285	87.106	60.422	-97.733	83.814	-6.339	-179.634	42.978	-5.087	-173.919	-84.224	17.448
193.313	83.287	59.139	228.903	50.278	60.963	229.290	87.113	60.445	-97.755	83.823	-6.344	-179.648	42.965	-5.100	-173.886	-84.221	17.503
193.304	83.289	59.133	228.908	50.272	60.948	229.281	87.110	60.431	-97.774	83.845	-6.341	-179.652	42.957	-5.090	-173.910	-84.217	17.519
193.315	83.282	59.130	228.908	50.272	60.948	229.290	87.113	60.445	-97.774	83.846	-6.337	-179.645	42.942	-5.084	-173.866	-84.204	17.620
193.316	83.293	59.132	228.903	50.278	60.963	229.281	87.111	60.431	-97.782	83.860	-6.345	-179.647	42.931	-5.086	-173.823	-84.206	17.720
193.304	83.289	59.133	228.903	50.278	60.963	229.281	87.114	60.437	-97.768	83.879	-6.320	-179.627	42.916	-5.071	-173.797	-84.164	17.905
193.305	83.300	59.137	228.902	50.280	60.966	229.281	87.115	60.439	-97.758	83.897	-6.338	-179.611	42.890	-5.056	-173.764	-84.183	18.044
193.313	83.284	59.135	228.903	50.278	60.963	229.290	87.113	60.445	-97.733	83.907	-6.324	-179.580	42.871	-5.044	-173.706	-84.193	18.195
193.316	83.297	59.137	228.908	50.272	60.948	229.290	87.113	60.445	-97.701	83.922	-6.331	-179.536	42.849	-5.027	-173.538	-84.233	18.392
193.328	83.305	59.138	228.914	50.279	60.971	229.293	87.123	60.442	-97.656	83.945	-6.333	-179.504	42.829	-5.012	-173.414	-84.246	18.637
193.316	83.296	59.137	228.920	50.281	60.954	229.297	87.119	60.431	-97.614	83.967	-6.313	-179.453	42.800	-4.973	-173.282	-84.236	18.910
193.320	83.298	59.132	228.915	50.291	60.974	229.293	87.110	60.437	-97.540	83.995	-6.316	-179.424	42.767	-4.958	-173.156	-84.217	19.299
193.328	83.304	59.138	228.921	50.284	60.958	229.306	87.118	60.439	-97.455	84.058	-6.327	-179.327	42.695	-4.886	-173.060	-84.298	19.514
193.330	83.295	59.138	228.920	50.285	60.959	229.306	87.118	60.439	-97.352	84.136	-6.347	-179.304	42.643	-4.882	-172.841	-84.340	19.836
193.329	83.291	59.133	228.930	50.284	60.967	229.313	87.108	60.451	-97.214	84.200	-6.381	-179.288	42.577	-4.831	-172.676	-84.378	20.152
193.339	83.290	59.140	228.934	50.278	60.955	229.313	87.106	60.450	-97.017	84.273	-6.347	-179.255	42.490	-4.802	-172.492	-84.407	20.557
193.328	83.281	59.135	228.940	50.269	60.970	229.323	87.105	60.457	-96.895	84.350	-6.302	-179.254	42.383	-4.757	-172.270	-84.486	20.881
193.334	83.282	59.149	228.931	50.269	60.960	229.317	87.102	60.441	-96.744	84.443	-6.251	-179.271	42.261	-4.721	-171.997	-84.517	21.267
193.334	83.271	59.148	228.941	50.263	60.961	229.326	87.101	60.449	-96.565	84.562	-6.173	-179.326	42.140	-4.654	-171.798	-84.603	21.673
193.326	83.270	59.138	228.936	50.257	60.972	229.324	87.091	60.451	-96.374	84.693	-6.051	-179.355	41.998	-4.546	-171.589	-84.683	22.053
193.344	83.268	59.154	228.938	50.258	60.971	229.334	87.086	60.454	-96.147	84.720	-5.792	-179.410	41.817	-4.410	-171.206	-84.751	22.488
193.343	83.265	59.151	228.945	50.244	60.978	229.331	87.076	60.456	-96.032	84.777	-5.511	-179.480	41.647	-4.212	-170.937	-84.857	22.885
193.333	83.254	59.142	228.948	50.253	60.974	229.335	87.084	60.453	-95.927	84.832	-5.048	-179.621	41.400	-3.966	-170.512	-84.948	23.335
193.342	83.254	59.149	228.949	50.251	60.970	229.344	87.083	60.461	-95.821	84.941	-4.216	-179.761	41.142	-3.572	-170.218	-85.089	23.765
193.344	83.255	59.150	228.946	50.238	60.969	229.342	87.069	60.458	-95.737	85.138	-3.284	-179.910	40.876	-2.980	-169.790	-85.212	24.261
193.350	83.254	59.160	228.946	50.238	60.969	229.344	87.071	60.455	-95.607	85.404	-2.029	-180.107	40.636	-2.332	-169.261	-85.337	24.824
193.350	83.254	59.160	228.958	50.250	60.978	229.345	87.082	60.457	-95.483	85.556	-0.787	-180.289	40.380	-1.219	-168.865	-85.472	25.414
193.356	83.259	59.147	228.961	50.247	60.971	229.346	87.082	60.457	-95.302	85.743	0.532	-180.495	40.119	0.198	-168.348	-85.640	26.015
193.366	83.262	59.160	228.958	50.250	60.978	229.357	87.082	60.463	-95.057	85.918	1.902	-180.682	39.916	1.783	-167.766	-85.778	26.699
193.364	83.263	59.165	228.964	50.260	60.972	229.359	87.093	60.462	-94.728	85.986	3.223	-180.726	39.766	3.542	-167.126	-85.913	27.431
193.349	83.263	59.140	228.973	50.259	60.980	229.360	87.092	60.460	-94.322	86.089	4.579	-180.380	39.676	5.605	-166.475	-86.010	28.283
193.351	83.272	59.138	228.974	50.260	60.980	229.360	87.093	60.462	-93.813	86.122	5.895	-180.067	39.652	7.621	-165.737	-86.123	29.153
193.352	83.271	59.134	228.973	50.263	60.983	229.372	87.104	60.469	-93.170	86.108	7.317	-179.530	39.688	9.808	-164.976	-86.226	30.068
193.366	83.278	59.134	228.973	50.264	60.985	229.372	87.104	60.469	-92.308	86.081	8.697	-178.726	39.706	12.112	-164.143	-86.306	31.082
193.375	83.280	59.144	228.976	50.274	60.982	229.373	87.100	60.464	-91.386	85.997	10.134	-177.728	39.743	14.569	-163.112	-86.340	32.143
193.364	83.279	59.138	228.973	50.264	60.985	229.372	87.105	60.471	-90.148	85.921	11.670	-176.682	39.832	17.019	-162.109	-86.401	33.170
193.373	83.278	59.148	228.973	50.265	60.987	229.376	87.097	60.455	-88.837	85.848	13.286	-175.587	39.994	19.485	-160.988	-86.427	34.304
193.361	83.270	59.143	228.974	50.259	60.978	229.372	87.088	60.461	-87.368	85.742	14.956	-174.215	40.160	22.127	-159.823	-86.433	35.464
193.366	83.261	59.159	228.971	50.245	60.977	229.370	87.090	60.467	-85.829	85.604	16.631	-172.542	40.343	24.939	-158.462	-86.411	36.757
193.354	83.254	59.156	228.969	50.235	60.979	229.377	87.076	60.473	-84.052	85.501	18.460	-170.767	40.494	27.834	-157.046	-86.331	38.096
193.372	83.246	59.167	228.969	50.234	60.978	229.365	87.067	60.468	-82.356	85.408	20.316	-168.940	40.774	30.640	-155.602	-86.318	39.198
193.360	83.223	59.154	228.966	50.221	60.977	229.377	87.058	60.462	-80.388	85.312	22.375	-166.933	41.000	33.477	-154.069	-86.171	40.502
193.370	83.218	59.155	228.966	50.221	60.978	229.373	87.049	60.470	-78.373	85.209	24.452	-164.580	41.268	36.366	-152.430	-86.011	41.756
193.367	83.207	59.158	228.963	50.211	60.980	229.363	87.036	60.456	-76.242	85.114	26.515	-162.256	41.538	39.105	-150.714	-85.843	43.084
193.355	83.199	59.155	228.974	50.205	60.981	229.370	87.037	60.469	-73.998	84.967	28.628	-159.775	41.865	41.899	-148.852	-85.581	44.647
193.364	83.203	59.171	228.970	50.193	60.982	229.367	87.027	60.474	-71.621	84.821	30.827	-157.007	42.162	44.683	-146.839	-85.480	45.861
193.363	83.201	59.168	228.970	50.193	60.982	229.358	87.028	60.466	-69.033	84.675	33.057	-154.090	42.501	47.402	-144.712	-85.242	47.311
193.355	83.196	59.150	228.962	50.193	60.972	229.358	87.024	60.460	-66.284	84.529	35.277	-150.986	42.877	50.226	-142.518	-84.868	48.968
193.367	83.203	59.153	228.971	50.192	60.980	229.358	87.027	60.464	-63.378	84.359	37.482	-147.773	43.333	53.085	-140.221	-84.585	50.397
193.367	83.211	59.164	228.973	50.202	60.978	229.370	87.037	60.469	-60.268	84.186	39.749	-144.438	43.721	55.795	-137.836	-84.241	51.913
193.367	83.211	59.164	228.964	50.207	60.975	229.370	87.037	60.469	-56.981	84.000	42.023	-140.713	44.156	58.592	-135.383	-83.886	53.359
193.368	83.218	59.158	228.967	50.217	60.972	229.372	87.048	60.468	-53.567	83.772	44.185	-137.143	44.610	61.294	-132.872	-83.531	54.751
193.361	83.223	59.153	228.966	50.222	60.979	229.363	87.051	60.464	-49.977	83.545	46.370	-133.284	45.106	63.866	-130.174	-83.141	56.162
193.351	83.240	59.156	228.968	50.233	60.976	229.368	87.063	60.459	-46.263	83.314	48.481	-129.229	45.592	66.251	-127.494	-82.747	57.495
193.352	83.239	59.153	228.968	50.236	60.982	229.367	87.076	60.464	-42.332	83.042	50.591	-125.193	46.104	68.534	-124.681	-82.317	58.775
193.357	83.259	59.148	228.971	50.245	60.977	229.367	87.077	60.466	-38.420	82.758	52.657	-121.065	46.593	70.655	-121.750	-81.891	60.044
193.366	83.256	59.154	228.970	50.251	60.986	229.358	87.094	60.468	-34.241	82.468	54.723	-116.704	47.100	72.815	-118.739	-81.412	61.373
193.354	83.261	59.154	228.970	50.250	60.984	229.366	87.093	60.476	-30.006	82.151	56.786	-112.369	47.594	74.676	-115.633	-80.924	62.615
193.358	83.262	59.152	228.961	50.247	60.971	229.357	87.094	60.468	-25.694	81.794	58.811	-107.947	48.025	76.602	-112.429	-80.447	63.823
193.357	83.258	59.145	228.958	50.250	60.978	229.357	87.083	60.465	-21.218	81.545	60.922	-103.524	48.543	78.283	-109.141	-79.919	65.016
193.353	83.262	59.157	228.969	50.248	60.984	229.356	87.079	60.462	-16.710	81.159	62.927	-98.942	48.986	79.973	-105.811	-79.420	66.155
193.354	83.252	59.156	228.958	50.237	60.974	229.351	87.072	60.472	-12.161	80.829	64.894	-94.324	49.459	81.497	-102.370	-78.876	67.208
193.350	83.242	59.159	228.958	50.234	60.970	229.354	87.068	60.462	-7.352	80.388	66.945	-89.580	49.954	82.919	-98.915	-78.347	68.157
193.346	83.229	59.158	228.954	50.225	60.978	229.353	87.054	60.457	-2.609	79.962	68.864	-84.769	50.442	84.308	-95.336	-77.721	69.282
193.356	83.223	59.161	228.966	50.218	60.974	229.350	87.053	60.462	2.326	79.532	70.754	-79.793	50.889	85.652	-91.686	-77.188	70.220
193.355	83.211	59.160	228.960	50.211	60.986	229.356	87.042	60.472	7.353	78.991	72.717	-74.696	51.298	86.939	-87.995	-76.586	71.146
193.350	83.205	59.169	228.961	50.207	60.980	229.357	87.029	60.468	12.432	78.481	74.548	-69.671	51.707	88.100	-84.233	-76.039	72.042
193.364	83.200	59.165	228.961	50.193	60.974	229.357	87.029	60.467	17.571	77.852	76.387	-64.488	52.093	89.284	-80.371	-75.441	72.979
193.353	83.201	59.162	228.958	50.197	60.983	229.358	87.024	60.460	22.767	77.251	78.244	-59.250	52.467	90.516	-76.490	-74.882	73.835
193.363	83.195	59.161	228.970	50.193	60.982	229.358	87.024	60.460	28.132	76.627	80.053	-53.956	52.817	91.763	-72.558	-74.325	74.747
193.362	83.197	59.164	228.968	50.195	60.989	229.358	87.028	60.466	33.452	75.898	81.836	-48.553	53.112	93.058	-68.569	-73.766	75.646
193.364	83.199	59.163	228.962	50.193	60.972	229.360	87.038	60.463	38.876	75.179	83.591	-43.026	53.386	94.510	-64.491	-73.208	76.520
193.355	83.210	59.158	228.972	50.207	60.985	229.370	87.040	60.474	44.344	74.368	85.366	-37.521	53.602	95.883	-60.400	-72.659	77.394
193.367	83.212	59.164	228.978	50.216	60.977	229.373	87.046	60.464	49.916	73.567	87.060	-31.934	53.802	97.287	-56.307	-72.103	78.284
193.361	83.227	59.160	228.966	50.221	60.978	229.372	87.051	60.474	55.466	72.679	88.768	-26.248	53.962	98.816	-52.238	-71.573	79.147
193.363	83.233	59.151	228.966	50.221	60.977	229.374	87.065	60.474	61.176	71.797	90.519	-20.616	54.089	100.285	-48.102	-71.023	80.037
193.354	83.248	59.151	228.977	50.236	60.990	229.368	87.075	60.464	66.949	70.821	92.158	-14.897	54.215	101.854	-43.979	-70.478	80.875
193.354	83.249	59.149	228.971	50.245	60.977	229.368	87.076	60.463	72.709	69.870	93.845	-9.297	54.348	103.117	-39.854	-69.935	81.672
193.359	83.260	59.146	228.974	50.243	60.970	229.369	87.079	60.465	78.544	68.824	95.406	-3.591	54.458	104.399	-35.713	-69.340	82.543
193.356	83.260	59.149	228.971	50.245	60.977	229.367	87.081	60.472	84.340	67.797	96.944	1.961	54.607	105.460	-31.591	-68.798	83.299
193.356	83.259	59.149	228.970	50.247	60.979	229.360	87.092	60.460	90.199	66.761	98.494	7.471	54.776	106.429	-27.465	-68.198	84.121
193.357	83.262	59.151	228.965	50.240	60.990	229.366	87.093	60.476	96.065	65.636	99.970	12.979	54.962	107.275	-23.367	-67.634	84.866
193.351	83.252	59.158	228.965	50.240	60.990	229.357	87.083	60.465	101.975	64.549	101.343	18.415	55.127	108.035	-19.254	-67.098	85.534
193.348	83.242	59.162	228.956	50.237	60.977	229.354	87.068	60.462	107.852	63.427	102.721	23.807	55.304	108.699	-15.168	-66.477	86.289
193.350	83.241	59.157	228.959	50.232	60.967	229.354	87.068	60.462	113.633	62.336	104.001	29.138	55.454	109.219	-11.122	-65.921	86.901
193.348	83.228	59.155	228.953	50.227	60.980	229.350	87.057	60.467	119.435	61.200	105.243	34.438	55.636	109.735	-7.117	-65.340	87.481
193.357	83.225	59.163	228.953	50.214	60.976	229.353	87.053	60.458	125.148	60.106	106.406	39.589	55.818	110.143	-3.153	-64.745	88.106
193.354	83.212	59.161	228.962	50.208	60.979	229.358	87.040	60.468	130.783	59.010	107.508	44.741	55.922	110.555	0.709	-64.177	88.649
193.355	83.212	59.160	228.958	50.197	60.983	229.360	87.038	60.463	136.302	57.869	108.441	49.823	56.055	110.937	4.695	-63.601	89.206
193.359	83.203	59.176	228.958	50.197	60.983	229.357	87.029	60.468	141.832	56.781	109.335	54.885	56.174	111.411	8.543	-62.999	89.784
193.343	83.204	59.158	228.960	50.198	60.981	229.358	87.024	60.460	147.261	55.655	110.171	59.854	56.243	111.764	12.306	-62.466	90.267
193.350	83.193	59.166	228.970	50.193	60.982	229.358	87.024	60.460	152.632	54.486	110.885	64.802	56.298	112.166	16.113	-61.904	90.797
193.366	83.196	59.156	228.962	50.193	60.972	229.367	87.023	60.468	157.949	53.319	111.500	69.676	56.338	112.620	19.790	-61.359	91.269
193.364	83.199	59.163	228.971	50.192	60.980	229.361	87.037	60.460	163.227	52.171	112.090	74.467	56.349	112.963	23.525	-60.841	91.772
193.367	83.207	59.159	228.974	50.205	60.981	229.370	87.037	60.469	168.447	50.988	112.503	79.180	56.384	113.372	27.154	-60.295	92.292
193.379	83.223	59.195	228.973	50.207	60.985	229.372	87.050	60.472	173.577	49.822	112.863	83.879	56.405	113.761	30.672	-59.833	92.666
193.360	83.304	59.341	228.975	50.221	60.987	229.372	87.051	60.474	178.709	48.648	113.265	88.462	56.388	114.125	34.190	-59.296	93.131
193.363	83.312	59.336	228.975	50.224	60.990	229.374	87.065	60.476	183.824	47.422	113.457	92.868	56.418	114.448	37.692	-58.790	93.526
193.358	83.323	59.358	228.978	50.234	60.988	229.374	87.065	60.474	188.914	46.124	113.555	97.272	56.426	114.732	41.081	-58.309	93.913
193.329	83.330	59.337	228.977	50.236	60.990	229.377	87.075	60.471	193.943	44.784	113.462	101.511	56.468	114.909	44.372	-57.795	94.220
193.364	83.252	59.162	228.968	50.236	60.982	229.367	87.077	60.466	198.915	43.467	113.418	105.622	56.564	114.990	47.562	-57.331	94.440
193.383	83.212	59.067	228.970	50.247	60.979	229.367	87.080	60.471	203.772	42.089	113.107	109.585	56.661	114.955	50.769	-56.765	94.749
193.352	83.333	59.345	228.970	50.247	60.979	229.366	87.084	60.479	208.549	40.862	112.891	113.472	56.811	114.866	53.862	-56.220	95.005
193.353	83.331	59.339	228.975	50.239	60.963	229.359	87.114	60.548	213.146	39.501	112.217	117.155	56.991	114.600	56.820	-55.704	95.095
193.357	83.339	59.334	229.026	50.161	60.828	229.342	87.135	60.588	217.715	38.304	111.628	120.692	57.216	114.278	59.754	-55.165	95.260
193.341	83.324	59.337	228.956	50.267	61.040	229.344	87.123	60.565	222.033	37.126	110.865	124.027	57.482	113.816	62.613	-54.643	95.345
193.350	83.322	59.345	228.953	50.271	61.051	229.341	87.114	60.569	226.224	36.076	110.018	127.180	57.771	113.230	65.348	-54.098	95.320
193.344	83.312	59.354	228.951	50.256	61.047	229.339	87.100	60.565	230.160	35.089	109.018	130.285	58.097	112.633	68.009	-53.567	95.291
193.357	83.307	59.352	228.954	50.248	61.032	229.349	87.099	60.573	234.041	34.315	107.976	133.153	58.443	111.969	70.603	-53.069	95.261
193.342	83.298	59.350	228.957	50.242	61.053	229.346	87.089	60.576	237.645	33.594	106.814	135.865	58.806	111.262	73.170	-52.537	95.233
193.352	83.296	59.357	228.961	50.234	61.039	229.343	87.088	60.580	241.095	32.990	105.630	138.314	59.213	110.518	75.589	-52.004	95.181
193.352	83.282	59.355	228.955	50.228	61.052	229.341	87.078	60.582	244.262	32.561	104.336	140.739	59.601	109.904	77.906	-51.547	95.084
193.354	83.244	59.266	229.024	50.162	60.859	229.345	87.074	60.571	247.346	32.278	103.012	143.008	59.970	109.293	80.314	-51.077	95.001
193.359	83.212	59.195	229.330	49.693	59.790	229.286	87.225	60.925	250.271	32.110	101.641	145.193	60.331	108.759	82.469	-50.644	94.820
193.351	83.211	59.180	229.078	49.905	60.435	229.277	87.240	60.963	253.174	31.944	100.010	147.209	60.709	108.193	84.735	-50.163	94.782
193.361	83.203	59.174	228.846	50.421	61.447	229.350	87.081	60.598	255.719	31.912	98.503	149.144	61.063	107.717	86.774	-49.769	94.584
193.363	83.199	59.166	228.855	50.423	61.460	229.356	87.087	60.583	258.128	31.854	96.878	150.983	61.407	107.238	88.826	-49.357	94.368
193.367	83.213	59.164	228.846	50.438	61.456	229.356	87.087	60.583	260.455	32.013	95.442	152.748	61.780	106.786	90.794	-48.967	94.205
193.370	83.225	59.165	228.849	50.435	61.447	229.359	87.100	60.585	262.800	32.241	93.885	154.401	62.150	106.305	92.727	-48.592	94.000
193.360	83.223	59.154	228.858	50.453	61.469	229.359	87.101	60.585	265.045	32.565	92.451	155.920	62.531	105.710	94.563	-48.194	93.727
193.362	83.241	59.165	228.542	51.137	62.830	229.358	87.114	60.591	266.953	32.925	91.283	157.399	62.956	105.169	96.289	-47.832	93.475
193.360	83.239	59.163	228.686	50.823	62.191	229.364	87.120	60.578	268.923	33.146	89.678	158.723	63.387	104.582	97.929	-47.492	93.113
193.364	83.252	59.163	228.838	50.514	61.545	229.364	87.121	60.580	270.727	33.302	88.135	159.946	63.879	103.989	99.593	-47.086	92.845
193.365	83.250	59.161	228.948	50.319	61.130	229.354	87.122	60.571	272.667	33.631	86.614	161.063	64.392	103.340	101.065	-46.689	92.414
193.355	83.249	59.149	228.968	50.281	61.051	229.354	87.122	60.571	274.348	33.879	85.065	162.043	64.925	102.688	102.548	-46.277	92.125
193.352	83.252	59.156	228.967	50.281	61.053	229.352	87.125	60.580	275.914	34.164	83.549	162.860	65.470	101.949	103.861	-45.914	91.621
193.350	83.242	59.159	228.955	50.268	61.042	229.351	87.113	60.575	277.372	34.507	82.081	163.692	66.032	101.221	105.243	-45.524	91.218
193.360	83.240	59.165	228.907	50.392	61.310	229.354	87.068	60.462	278.584	34.858	80.566	164.345	66.611	100.367	106.489	-45.081	90.834
193.357	83.230	59.167	228.889	50.427	61.389	229.352	87.067	60.464	280.001	35.483	79.201	164.911	67.215	99.518	107.635	-44.714	90.300
193.357	83.230	59.170	228.897	50.397	61.348	229.353	87.054	60.457	280.963	35.997	77.731	165.412	67.815	98.709	108.697	-44.353	89.766
193.345	83.219	59.161	228.905	50.367	61.286	229.350	87.053	60.461	281.911	36.718	76.354	165.856	68.403	97.842	109.730	-44.000	89.239
193.351	83.219	59.175	228.910	50.337	61.246	229.348	87.042	60.462	282.681	37.507	75.004	166.232	68.999	97.006	110.650	-43.609	88.721
193.363	83.201	59.168	228.919	50.311	61.193	229.348	87.042	60.463	283.478	38.467	73.766	166.550	69.571	96.103	111.465	-43.241	88.127
193.351	83.205	59.167	228.937	50.289	61.154	229.357	87.029	60.468	283.683	39.322	72.315	166.864	70.118	95.205	112.342	-42.907	87.589
193.359	83.192	59.173	228.941	50.263	61.122	229.357	87.029	60.468	284.323	40.523	71.201	167.121	70.630	94.308	113.175	-42.578	87.027
193.366	83.192	59.151	228.945	50.248	61.090	229.358	87.024	60.460	284.572	41.635	70.037	167.262	71.155	93.381	113.858	-42.284	86.435
193.362	83.190	59.167	228.951	50.234	61.059	229.358	87.028	60.466	284.796	42.854	68.905	167.447	71.646	92.463	114.643	-42.026	85.895
193.364	83.203	59.169	228.961	50.230	61.059	229.371	87.032	60.462	284.781	43.990	67.742	167.653	72.108	91.641	115.198	-41.762	85.249
193.365	83.214	59.170	228.968	50.228	61.027	229.370	87.037	60.469	284.675	45.230	66.713	167.843	72.552	90.808	115.913	-41.465	84.751
193.368	83.212	59.163	228.969	50.224	61.019	229.375	87.047	60.463	284.701	46.535	65.775	167.881	72.971	89.961	116.429	-41.180	84.077
193.359	83.223	59.158	228.963	50.233	61.004	229.373	87.049	60.468	284.535	47.844	64.808	168.008	73.382	89.216	116.963	-40.958	83.480
193.370	83.226	59.167	228.972	50.232	61.009	229.371	87.055	60.479	284.495	49.302	63.949	168.040	73.741	88.480	117.523	-40.765	82.921
193.361	83.233	59.153	228.976	50.242	61.004	229.368	87.063	60.459	284.017	50.429	63.024	168.078	74.131	87.817	117.949	-40.572	82.266
193.354	83.238	59.148	228.976	50.240	61.000	229.380	87.071	60.463	283.405	52.426	61.371	168.063	74.472	87.173	118.315	-40.285	81.702
193.373	83.239	59.167	228.970	50.254	60.993	229.379	87.072	60.464	283.089	53.591	60.565	167.980	74.835	86.515	118.712	-40.130	81.091
193.361	83.240	59.163	228.970	50.254	60.993	229.367	87.077	60.466	283.624	53.977	60.996	167.910	75.220	85.891	119.089	-39.950	80.534
193.363	83.253	59.163	228.970	50.249	60.985	229.368	87.076	60.463	282.832	55.511	59.243	167.865	75.601	85.363	119.386	-39.666	80.077
193.351	83.242	59.158	228.967	50.244	60.995	229.368	87.076	60.463	282.788	56.287	58.738	167.656	76.014	84.727	119.664	-39.453	79.479
193.358	83.242	59.170	228.958	50.238	60.976	229.362	87.070	60.475	282.766	57.013	58.280	167.465	76.381	84.106	119.899	-39.172	79.025
193.360	83.239	59.162	228.958	50.238	60.976	229.364	87.067	60.470	282.666	57.680	57.827	167.323	76.787	83.479	120.133	-38.896	78.484
193.347	83.228	59.155	228.955	50.225	60.975	229.349	87.058	60.468	282.640	58.340	57.438	167.182	77.177	82.842	120.306	-38.623	78.001
193.354	83.234	59.178	228.956	50.224	60.973	229.359	87.056	60.475	282.523	59.000	56.956	167.112	77.563	82.170	120.472	-38.389	77.441
193.354	83.217	59.168	228.953	50.214	60.976	229.350	87.041	60.456	282.371	59.687	56.534	167.073	77.915	81.510	120.609	-38.087	76.994
193.356	83.211	59.155	228.951	50.213	60.977	229.348	87.042	60.462	282.204	60.322	56.132	167.078	78.310	80.820	120.760	-37.840	76.541
193.354	83.217	59.167	228.951	50.212	60.977	229.356	87.042	60.472	282.001	60.992	55.693	167.166	78.653	80.106	120.881	-37.588	76.003
193.361	83.202	59.171	228.963	50.207	60.977	229.357	87.029	60.468	281.761	61.678	55.214	167.230	78.983	79.402	121.018	-37.377	75.590
193.362	83.200	59.168	228.960	50.198	60.981	229.356	87.027	60.467	281.463	62.348	54.786	167.378	79.321	78.655	121.148	-37.154	75.105
193.351	83.196	59.168	228.960	50.195	60.978	229.357	87.028	60.466	281.131	63.092	54.291	167.519	79.670	77.882	121.271	-36.938	74.736
193.364	83.199	59.163	228.960	50.198	60.981	229.358	87.028	60.466	280.711	63.921	53.862	167.698	80.014	77.109	121.401	-36.716	74.330
193.364	83.203	59.169	228.974	50.205	60.981	229.361	87.037	60.461	280.169	64.733	53.426	167.854	80.304	76.330	121.512	-36.570	73.888
193.354	83.201	59.157	228.973	50.206	60.982	229.370	87.037	60.471	279.663	65.560	53.042	168.013	80.563	75.522	121.637	-36.347	73.571
193.365	83.214	59.171	228.975	50.220	60.986	229.375	87.047	60.463	279.107	66.437	52.617	168.187	80.859	74.673	121.737	-36.226	73.286
193.373	83.218	59.152	228.975	50.220	60.986	229.372	87.050	60.472	278.345	67.350	52.158	168.380	81.144	73.794	121.816	-36.070	72.904
193.364	83.220	59.144	228.979	50.230	60.980	229.375	87.064	60.475	277.691	68.296	51.676	168.507	81.354	72.929	121.915	-35.956	72.544
193.352	83.239	59.151	228.969	50.235	60.980	229.377	87.062	60.467	276.929	69.235	51.227	168.744	81.568	72.136	121.982	-35.831	72.297
193.356	83.251	59.150	228.970	50.250	60.984	229.367	87.078	60.467	276.058	70.168	50.688	168.939	81.762	71.492	122.061	-35.710	72.042
193.344	83.264	59.146	228.957	50.256	60.987	229.355	87.097	60.471	275.140	71.144	50.151	169.189	81.835	71.045	122.158	-35.614	71.799
193.349	83.275	59.142	228.945	50.274	60.992	229.346	87.098	60.462	274.290	72.075	49.611	169.294	81.893	70.773	122.283	-35.613	71.499
193.344	83.285	59.127	228.943	50.278	60.998	229.333	87.104	60.467	274.359	72.631	50.331	169.425	81.904	70.656	122.406	-35.605	71.307
193.340	83.276	59.135	228.950	50.271	60.982	229.336	87.100	60.457	273.339	73.426	49.886	169.597	81.903	70.589	122.499	-35.614	71.129
193.348	83.264	59.143	228.957	50.256	60.987	229.356	87.097	60.471	272.682	74.375	49.606	169.739	81.857	70.516	122.597	-35.642	70.972
193.354	83.250	59.150	228.971	50.245	60.977	229.366	87.078	60.467	271.932	75.138	49.402	169.872	81.840	70.453	122.673	-35.697	70.785
193.352	83.235	59.147	228.968	50.235	60.980	229.368	87.063	60.459	270.062	76.031	48.029	169.930	81.818	70.341	122.786	-35.730	70.650
193.349	83.242	59.159	228.958	50.234	60.970	229.355	87.065	60.457	270.585	76.323	49.113	169.962	81.808	70.239	122.870	-35.770	70.523
193.349	83.238	59.154	228.955	50.240	60.981	229.355	87.065	60.457	270.044	76.828	49.059	169.965	81.795	70.138	122.949	-35.820	70.399
193.350	83.241	59.156	228.955	50.237	60.977	229.340	87.058	60.459	268.438	77.433	47.865	169.926	81.772	70.004	123.022	-35.866	70.288
193.340	83.240	59.145	228.941	50.231	60.979	229.329	87.074	60.458	269.197	77.598	49.075	169.891	81.756	69.897	123.087	-35.919	70.205
193.331	83.255	59.146	228.927	50.241	60.990	229.312	87.070	60.463	268.790	77.803	49.110	169.867	81.726	69.791	123.161	-35.966	70.138
193.320	83.268	59.141	228.908	50.250	61.002	229.295	87.084	60.448	268.536	78.006	49.184	169.850	81.697	69.699	123.215	-36.009	70.065
193.302	83.274	59.132	228.897	50.268	61.007	229.282	87.089	60.450	268.328	78.152	49.312	169.830	81.660	69.619	123.265	-36.059	69.957
193.302	83.275	59.127	228.893	50.260	61.015	229.271	87.096	60.452	267.998	78.493	49.163	169.815	81.623	69.549	123.317	-36.116	69.839
193.313	83.284	59.136	228.884	50.274	61.008	229.270	87.097	60.453	266.638	78.677	48.029	169.773	81.573	69.476	123.358	-36.176	69.748
193.305	83.284	59.126	228.896	50.274	61.016	229.274	87.109	60.453	267.597	78.586	49.261	169.745	81.533	69.414	123.397	-36.241	69.651
193.305	83.288	59.129	228.889	50.285	61.005	229.274	87.106	60.447	266.131	78.951	47.968	169.713	81.482	69.357	123.436	-36.299	69.564
193.307	83.298	59.127	228.889	50.289	61.010	229.276	87.120	60.449	267.122	78.977	49.026	169.639	81.426	69.272	123.482	-36.356	69.457
193.302	83.307	59.113	228.890	50.301	61.012	229.266	87.122	60.446	266.865	78.986	49.098	169.607	81.391	69.224	123.524	-36.401	69.368
193.312	83.321	59.125	228.890	50.301	61.012	229.268	87.136	60.447	265.380	79.362	47.655	169.562	81.349	69.171	123.551	-36.416	69.274
193.301	83.321	59.117	228.888	50.307	61.021	229.265	87.139	60.455	266.422	79.382	48.739	169.540	81.320	69.115	123.569	-36.459	69.137
193.301	83.325	59.124	228.878	50.309	61.015	229.265	87.139	60.455	266.097	79.663	48.358	169.523	81.293	69.063	123.593	-36.514	68.937
193.302	83.324	59.121	228.881	50.314	61.005	229.264	87.140	60.457	264.772	79.668	47.284	169.502	81.259	69.023	123.631	-36.564	68.769
193.296	83.323	59.104	228.881	50.315	61.007	229.308	86.929	60.649	264.605	79.733	47.189	169.495	81.231	68.981	123.649	-36.609	68.596
193.301	83.324	59.121	228.865	50.310	61.012	229.308	86.929	60.649	264.451	79.777	47.054	169.480	81.200	68.958	123.667	-36.639	68.428
193.281	83.325	59.108	228.865	50.309	61.010	229.252	87.144	60.456	265.639	80.253	47.819	169.473	81.155	68.908	123.662	-36.649	68.267
193.294	83.316	59.133	228.865	50.310	61.012	229.249	87.134	60.459	265.497	80.260	47.712	169.462	81.116	68.873	123.664	-36.654	68.133
193.275	83.318	59.119	228.865	50.309	61.011	229.297	86.917	60.641	264.111	79.880	46.748	169.436	81.073	68.839	123.675	-36.690	67.975
193.283	83.306	59.126	228.863	50.296	61.010	229.297	86.917	60.641	264.026	79.934	46.656	169.406	81.023	68.824	123.680	-36.721	67.798
193.283	83.302	59.121	228.859	50.287	61.014	229.286	86.904	60.639	263.930	79.946	46.568	169.368	80.983	68.786	123.679	-36.742	67.613
193.280	83.293	59.125	228.860	50.285	61.011	229.246	87.106	60.450	265.207	80.019	47.699	169.286	80.927	68.733	123.679	-36.774	67.424
193.289	83.292	59.133	228.858	50.284	61.012	229.247	87.101	60.442	265.146	80.241	47.529	169.249	80.900	68.706	123.705	-36.823	67.271
193.279	83.290	59.123	228.861	50.280	61.006	229.247	87.100	60.440	265.068	80.420	47.444	169.229	80.863	68.668	123.715	-36.842	67.185
193.279	83.283	59.124	228.868	50.270	61.016	229.248	87.102	60.445	264.965	80.483	47.417	169.244	80.840	68.676	123.713	-36.870	67.087
193.280	83.282	59.124	228.873	50.276	61.004	229.251	87.096	60.432	264.901	80.559	47.409	169.261	80.806	68.676	123.724	-36.905	67.022
193.291	83.290	59.129	228.873	50.276	61.004	229.248	87.102	60.445	264.826	80.594	47.376	169.278	80.776	68.685	123.732	-36.949	66.960
193.297	83.284	59.110	228.874	50.275	61.003	229.260	87.099	60.445	264.753	80.570	47.393	169.328	80.751	68.710	123.751	-36.977	66.918
193.289	83.300	59.111	228.886	50.288	61.011	229.260	87.111	60.450	264.593	80.234	47.571	169.351	80.731	68.709	123.767	-37.005	66.881
193.300	83.304	59.109	228.876	50.290	61.006	229.311	86.907	60.649	263.349	80.261	46.503	169.386	80.723	68.718	123.779	-37.032	66.861
193.313	83.304	59.111	228.880	50.299	61.001	229.319	86.910	60.642	263.322	80.300	46.527	169.408	80.718	68.725	123.794	-37.046	66.846
193.313	83.316	59.114	228.880	50.303	61.006	229.319	86.910	60.642	263.280	80.353	46.565	169.425	80.721	68.713	123.832	-37.074	66.872
193.308	83.328	59.103	228.879	50.304	61.005	229.321	86.923	60.645	263.249	80.416	46.606	169.438	80.736	68.725	123.855	-37.085	66.872
193.297	83.328	59.095	228.882	50.313	61.003	229.266	87.138	60.451	264.441	80.516	47.715	169.456	80.744	68.721	123.898	-37.089	66.898
193.302	83.339	59.093	228.881	50.317	61.009	229.259	87.149	60.440	264.396	80.639	47.704	169.475	80.763	68.718	123.937	-37.102	66.935
193.311	83.338	59.100	228.871	50.319	61.002	229.258	87.150	60.441	264.347	80.735	47.669	169.503	80.783	68.723	123.976	-37.116	66.966
193.308	83.342	59.107	228.869	50.322	61.007	229.245	87.143	60.441	264.319	80.868	47.616	169.561	80.809	68.756	124.035	-37.139	67.020
193.298	83.343	59.102	228.869	50.318	61.003	229.257	87.147	60.439	264.241	80.902	47.582	169.577	80.820	68.753	124.082	-37.151	67.073
193.299	83.343	59.102	228.858	50.321	60.999	229.247	87.152	60.437	264.150	80.957	47.543	169.593	80.842	68.752	124.141	-37.160	67.133
193.283	83.335	59.103	228.859	50.319	60.996	229.242	87.146	60.448	264.065	81.049	47.448	169.604	80.839	68.755	124.169	-37.181	67.167
193.285	83.337	59.102	228.859	50.319	60.998	229.242	87.146	60.448	264.118	81.321	47.395	169.605	80.843	68.758	124.216	-37.207	67.210
193.283	83.322	59.097	228.856	50.311	61.002	229.290	86.924	60.627	262.796	80.959	46.466	169.620	80.848	68.757	124.254	-37.239	67.238
193.278	83.327	59.113	228.856	50.310	61.000	229.277	86.916	60.625	262.710	81.016	46.451	169.618	80.837	68.758	124.293	-37.269	67.272
193.278	83.312	59.103	228.863	50.299	61.011	229.282	86.908	60.635	262.717	81.054	46.389	169.630	80.829	68.754	124.330	-37.316	67.291
193.278	83.311	59.105	228.853	50.296	61.000	229.295	86.920	60.631	262.697	81.098	46.349	169.634	80.804	68.761	124.350	-37.354	67.286
193.287	83.309	59.111	228.863	50.295	61.006	229.240	87.115	60.436	263.904	81.662	47.082	169.639	80.778	68.769	124.369	-37.389	67.290
193.285	83.300	59.114	228.862	50.295	61.008	229.240	87.115	60.436	263.905	81.650	47.053	169.652	80.754	68.791	124.420	-37.437	67.297
193.277	83.301	59.106	228.864	50.293	61.004	229.250	87.113	60.442	263.896	81.657	47.044	169.662	80.729	68.785	124.477	-37.474	67.331
193.290	83.307	59.105	228.876	50.290	61.005	229.259	87.112	60.450	263.886	81.295	47.234	169.664	80.707	68.802	124.506	-37.511	67.340
193.298	83.306	59.114	228.877	50.289	61.003	229.251	87.112	60.439	263.890	81.662	46.986	169.662	80.688	68.794	124.556	-37.555	67.351
193.301	83.303	59.105	228.877	50.289	61.003	229.263	87.124	60.449	263.852	81.689	46.979	169.655	80.667	68.800	124.583	-37.590	67.363
193.302	83.303	59.103	228.879	50.299	61.000	229.263	87.124	60.448	263.869	81.384	47.158	169.642	80.642	68.792	124.622	-37.629	67.374
193.293	83.320	59.103	228.880	50.299	60.998	229.265	87.135	60.448	263.849	81.419	47.177	169.640	80.645	68.799	124.647	-37.657	67.399
193.303	83.318	59.109	228.879	50.304	61.007	229.268	87.132	60.441	263.842	81.457	47.105	169.629	80.643	68.790	124.661	-37.685	67.415
193.302	83.319	59.110	228.880	50.300	60.999	229.255	87.137	60.442	263.828	81.524	47.088	169.612	80.639	68.796	124.687	-37.714	67.437
193.298	83.327	59.095	228.872	50.314	60.995	229.255	87.137	60.442	263.793	81.619	47.072	169.589	80.630	68.784	124.717	-37.737	67.448
193.291	83.325	59.078	228.878	50.317	61.011	229.254	87.138	60.443	263.776	81.688	47.046	169.595	80.633	68.801	124.735	-37.768	67.454
193.300	83.342	59.098	228.869	50.319	61.005	229.248	87.152	60.435	263.745	81.749	47.017	169.523	80.619	68.753	124.755	-37.790	67.459
193.286	83.336	59.099	228.859	50.320	60.999	229.245	87.139	60.433	263.722	81.793	47.036	169.519	80.606	68.755	124.760	-37.819	67.429
193.276	83.338	59.095	228.859	50.320	60.997	229.236	87.139	60.425	263.702	81.802	47.029	169.513	80.596	68.761	124.774	-37.849	67.407
193.288	83.342	59.091	228.859	50.320	60.997	229.234	87.142	60.429	263.654	81.880	46.965	169.509	80.583	68.765	124.794	-37.883	67.404
193.273	83.336	59.095	228.846	50.324	60.999	229.232	87.143	60.434	263.636	81.900	46.974	169.492	80.564	68.765	124.815	-37.913	67.361
193.273	83.340	59.100	228.845	50.313	60.996	229.232	87.143	60.434	263.608	81.991	46.909	169.484	80.540	68.769	124.830	-37.942	67.338
193.270	83.327	59.099	228.843	50.311	60.997	229.225	87.142	60.421	263.590	82.034	46.900	169.460	80.508	68.778	124.847	-37.992	67.330
193.270	83.327	59.100	228.843	50.314	61.001	229.224	87.139	60.419	263.580	82.036	46.893	169.444	80.464	68.788	124.853	-38.033	67.283
193.269	83.328	59.103	228.844	50.310	60.995	229.230	87.133	60.437	263.571	82.042	46.897	169.430	80.420	68.799	124.861	-38.089	67.258
193.270	83.324	59.097	228.841	50.301	60.999	229.229	87.130	60.434	263.579	82.018	46.915	169.427	80.357	68.802	124.882	-38.137	67.238
193.266	83.315	59.102	228.853	50.297	61.001	229.230	87.129	60.432	263.580	81.985	46.937	169.406	80.308	68.829	124.878	-38.183	67.220
193.270	83.311	59.092	228.850	50.300	61.008	229.234	87.126	60.423	263.583	81.975	46.953	169.389	80.262	68.839	124.885	-38.227	67.203
193.282	83.306	59.092	228.854	50.296	60.998	229.243	87.124	60.428	263.576	81.999	46.920	169.396	80.202	68.818	124.889	-38.269	67.203
193.280	83.308	59.097	228.861	50.294	61.007	229.243	87.124	60.431	263.585	81.991	46.936	169.386	80.174	68.858	124.894	-38.310	67.204
193.289	83.308	59.108	228.863	50.295	61.005	229.242	87.125	60.433	263.580	81.999	46.902	169.370	80.152	68.857	124.899	-38.340	67.206
193.280	83.309	59.099	228.864	50.293	61.004	229.244	87.124	60.429	263.584	81.971	46.925	169.384	80.127	68.877	124.898	-38.369	67.229
193.280	83.308	59.097	228.867	50.300	60.995	229.253	87.122	60.437	263.577	81.991	46.886	169.390	80.117	68.892	124.909	-38.387	67.228
193.292	83.317	59.103	228.867	50.303	60.999	229.253	87.121	60.435	263.554	82.062	46.814	169.391	80.112	68.884	124.907	-38.384	67.237
193.296	83.312	59.089	228.863	50.295	61.006	229.293	86.907	60.627	262.228	81.574	45.953	169.410	80.105	68.872	124.908	-38.384	67.235
193.291	83.306	59.100	228.864	50.294	61.003	229.298	86.919	60.633	262.221	81.598	45.940	169.407	80.122	68.888	124.916	-38.378	67.254
193.282	83.318	59.093	228.866	50.305	61.000	229.295	86.920	60.631	262.224	81.617	45.929	169.419	80.124	68.860	124.918	-38.366	67.255
193.283	83.318	59.093	228.857	50.305	60.993	229.283	86.924	60.632	262.202	81.636	45.941	169.422	80.138	68.861	124.917	-38.355	67.271
193.272	83.326	59.095	228.857	50.309	60.998	229.277	86.916	60.625	262.195	81.647	45.915	169.415	80.157	68.862	124.920	-38.327	67.278
193.283	83.334	59.098	228.856	50.310	61.000	229.287	86.925	60.625	262.183	81.665	45.922	169.428	80.181	68.872	124.910	-38.305	67.285
193.273	83.336	59.095	228.843	50.311	60.997	229.275	86.929	60.626	262.162	81.677	45.910	169.436	80.202	68.861	124.914	-38.276	67.293
193.265	83.336	59.083	228.856	50.311	61.002	229.275	86.929	60.626	262.159	81.710	45.911	169.423	80.225	68.878	124.918	-38.265	67.287
193.264	83.341	59.092	228.846	50.324	60.996	229.275	86.929	60.626	262.166	81.722	45.911	169.433	80.226	68.850	124.919	-38.243	67.304
193.273	83.336	59.095	228.846	50.324	60.996	229.275	86.929	60.626	262.147	81.718	45.899	169.433	80.231	68.859	124.915	-38.222	67.290
193.276	83.344	59.089	228.845	50.325	60.998	229.275	86.934	60.615	262.136	81.740	45.900	169.445	80.226	68.858	124.927	-38.222	67.294
193.274	83.335	59.091	228.845	50.326	61.000	229.275	86.929	60.626	262.137	81.736	45.904	169.446	80.225	68.856	124.930	-38.213	67.290
193.261	83.330	59.094	228.843	50.311	60.995	229.275	86.929	60.626	262.145	81.752	45.898	169.456	80.224	68.864	124.932	-38.215	67.286
193.273	83.335	59.093	228.847	50.323	60.996	229.275	86.929	60.626	262.125	81.757	45.904	169.456	80.219	68.859	124.944	-38.224	67.280
193.274	83.324	59.088	228.846	50.312	60.996	229.275	86.929	60.626	262.133	81.769	45.906	169.463	80.212	68.876	124.945	-38.222	67.282
193.273	83.320	59.085	228.844	50.314	60.999	229.285	86.925	60.620	262.146	81.761	45.913	169.466	80.205	68.863	124.951	-38.217	67.268
193.286	83.331	59.092	228.856	50.306	60.995	229.284	86.915	60.620	262.139	81.752	45.903	169.483	80.205	68.886	124.950	-38.216	67.268
193.274	83.319	59.084	228.857	50.305	60.993	229.288	86.911	60.624	262.134	81.756	45.899	169.487	80.204	68.880	124.944	-38.206	67.255
193.274	83.319	59.084	228.857	50.309	60.998	229.290	86.924	60.627	262.144	81.754	45.886	169.487	80.200	68.876	124.950	-38.189	67.244
193.296	83.324	59.093	228.861	50.301	60.982	229.298	86.919	60.633	262.123	81.751	45.877	169.509	80.199	68.890	124.936	-38.193	67.245
193.296	83.328	59.098	228.860	50.306	60.991	229.298	86.919	60.633	262.138	81.759	45.882	169.520	80.196	68.893	124.924	-38.173	67.252
193.293	83.316	59.098	228.870	50.300	60.992	229.288	86.911	60.624	262.131	81.776	45.885	169.529	80.215	68.881	124.916	-38.156	67.250
193.296	83.313	59.088	228.870	50.300	60.992	229.298	86.919	60.633	262.125	81.771	45.864	169.538	80.218	68.896	124.907	-38.139	67.247
193.288	83.328	59.087	228.859	50.303	60.985	229.290	86.924	60.627	262.120	81.797	45.882	169.542	80.244	68.902	124.896	-38.118	67.253
193.287	83.314	59.080	228.857	50.309	60.998	229.290	86.924	60.627	262.120	81.800	45.868	169.557	80.254	68.903	124.876	-38.096	67.252
193.287	83.326	59.083	228.857	50.306	60.995	229.246	87.138	60.431	263.341	82.394	46.581	169.559	80.269	68.907	124.873	-38.068	67.280
193.284	83.323	59.094	228.856	50.310	61.000	229.236	87.139	60.425	263.339	82.390	46.588	169.563	80.282	68.908	124.865	-38.032	67.290
193.287	83.331	59.089	228.859	50.315	60.989	229.232	87.143	60.434	263.335	82.414	46.595	169.579	80.303	68.910	124.863	-38.009	67.311
193.276	83.334	59.086	228.859	50.319	60.995	229.232	87.143	60.434	263.307	82.424	46.563	169.584	80.316	68.908	124.850	-37.997	67.321
193.274	83.341	59.097	228.848	50.322	60.991	229.235	87.152	60.430	263.299	82.441	46.560	169.586	80.327	68.907	124.852	-37.980	67.328
193.273	83.341	59.098	228.840	50.322	60.981	229.225	87.154	60.424	263.309	82.435	46.565	169.595	80.346	68.895	124.832	-37.962	67.356
193.266	83.348	59.083	228.836	50.327	60.991	229.225	87.158	60.429	263.303	82.443	46.548	169.586	80.350	68.891	124.825	-37.960	67.381
193.267	83.336	59.077	228.836	50.327	60.991	229.225	87.154	60.422	263.294	82.447	46.547	169.597	80.357	68.895	124.822	-37.940	67.399
193.277	83.345	59.088	228.836	50.327	60.991	229.225	87.155	60.424	263.297	82.443	46.530	169.586	80.358	68.890	124.808	-37.945	67.403
193.233	83.333	59.070	228.836	50.327	60.991	229.222	87.145	60.428	263.289	82.438	46.532	169.584	80.345	68.886	124.804	-37.935	67.421
193.265	83.336	59.084	228.836	50.325	60.990	229.225	87.155	60.424	263.295	82.423	46.516	169.584	80.345	68.886	124.795	-37.939	67.406
193.265	83.336	59.084	228.842	50.313	60.999	229.222	87.145	60.428	263.302	82.431	46.511	169.584	80.312	68.902	124.805	-37.942	67.412
193.246	83.328	59.066	228.849	50.318	60.983	229.225	87.142	60.420	263.295	82.419	46.501	169.592	80.296	68.907	124.801	-37.954	67.414
193.276	83.329	59.078	228.847	50.307	60.986	229.232	87.143	60.434	263.315	82.406	46.514	169.596	80.272	68.919	124.804	-37.978	67.390
193.277	83.328	59.077	228.848	50.306	60.985	229.233	87.138	60.425	263.313	82.390	46.522	169.608	80.252	68.947	124.800	-37.992	67.391
193.283	83.317	59.089	228.847	50.307	60.987	229.236	87.139	60.425	263.313	82.410	46.498	169.635	80.239	68.938	124.803	-38.001	67.376
193.275	83.318	59.082	228.857	50.305	60.993	229.237	87.134	60.416	263.308	82.392	46.508	169.628	80.228	68.946	124.805	-38.006	67.365
193.272	83.309	59.082	228.857	50.304	60.990	229.234	87.136	60.423	263.313	82.378	46.517	169.649	80.210	68.951	124.816	-38.010	67.330
193.272	83.309	59.087	228.857	50.302	60.989	229.243	87.124	60.428	263.324	82.387	46.526	169.659	80.213	68.965	124.799	-37.998	67.345
193.274	83.314	59.078	228.857	50.304	60.991	229.243	87.125	60.431	263.314	82.384	46.510	169.662	80.209	68.956	124.807	-37.999	67.318
193.284	83.316	59.087	228.858	50.303	60.989	229.246	87.133	60.424	263.320	82.396	46.501	169.680	80.211	68.979	124.780	-37.987	67.323
193.275	83.322	59.085	228.859	50.303	60.985	229.237	87.134	60.416	263.320	82.390	46.506	169.694	80.219	68.981	124.760	-37.957	67.319
193.274	83.319	59.082	228.856	50.306	60.995	229.236	87.136	60.420	263.310	82.386	46.524	169.724	80.245	68.981	124.751	-37.940	67.314
193.284	83.321	59.093	228.857	50.309	60.998	229.236	87.139	60.424	263.318	82.395	46.512	169.714	80.247	68.972	124.711	-37.922	67.290
193.277	83.331	59.081	228.847	50.308	60.988	229.235	87.140	60.426	263.305	82.388	46.508	169.729	80.269	68.980	124.693	-37.897	67.274
193.276	83.333	59.085	228.847	50.311	60.992	229.232	87.140	60.429	263.312	82.398	46.516	169.728	80.270	68.982	124.671	-37.887	67.272
193.274	83.336	59.091	228.845	50.312	60.993	229.223	87.144	60.427	263.296	82.400	46.505	169.739	80.283	68.993	124.644	-37.881	67.234
193.273	83.337	59.093	228.846	50.325	60.998	229.225	87.155	60.424	263.290	82.396	46.515	169.720	80.269	68.969	124.612	-37.863	67.220
193.275	83.339	59.094	228.836	50.326	60.990	229.225	87.155	60.424	263.290	82.399	46.517	169.742	80.292	68.986	124.607	-37.857	67.196
193.234	83.332	59.064	228.836	50.327	60.991	229.225	87.155	60.424	263.294	82.381	46.522	169.749	80.282	69.000	124.587	-37.855	67.181
193.264	83.338	59.084	228.833	50.330	60.998	229.224	87.156	60.425	263.285	82.392	46.515	169.746	80.285	69.007	124.554	-37.853	67.160
193.256	83.337	59.073	228.833	50.330	60.998	229.222	87.161	60.437	263.277	82.395	46.496	169.740	80.295	68.997	124.537	-37.844	67.137
193.247	83.339	59.069	228.832	50.317	60.996	229.222	87.145	60.428	263.272	82.378	46.491	169.739	80.270	68.988	124.510	-37.854	67.091
193.267	83.336	59.077	228.836	50.324	60.988	229.222	87.145	60.428	263.292	82.370	46.497	169.736	80.261	68.992	124.502	-37.843	67.080
193.265	83.336	59.083	228.837	50.325	60.988	229.222	87.142	60.423	263.279	82.359	46.510	169.736	80.257	68.989	124.485	-37.847	67.055
193.243	83.334	59.079	228.833	50.313	60.989	229.223	87.141	60.421	263.298	82.352	46.503	169.712	80.249	68.980	124.484	-37.855	67.045
193.267	83.334	59.079	228.833	50.313	60.991	229.223	87.141	60.421	263.290	82.349	46.489	169.708	80.224	68.976	124.476	-37.872	67.023
193.270	83.327	59.097	228.835	50.311	60.985	229.224	87.139	60.417	263.311	82.339	46.505	169.711	80.214	68.994	124.479	-37.866	67.016
193.273	83.324	59.090	228.845	50.309	60.992	229.233	87.138	60.425	263.299	82.321	46.501	169.699	80.193	68.986	124.492	-37.869	67.015
193.265	83.320	59.074	228.848	50.306	60.985	229.223	87.131	60.420	263.320	82.315	46.485	169.675	80.184	68.974	124.496	-37.894	66.991
193.275	83.317	59.078	228.847	50.307	60.987	229.233	87.126	60.422	263.317	82.323	46.471	169.697	80.178	68.981	124.504	-37.896	67.000
193.275	83.318	59.079	228.847	50.307	60.987	229.230	87.129	60.430	263.304	82.323	46.464	169.694	80.165	68.980	124.521	-37.908	66.986
