11413855.000000
11413860.000000
11413865.000000
11413870.000000
11413875.000000
11413880.000000
11413885.000000
11413890.000000
11413895.000000
11413900.000000
11413905.000000
11413910.000000
11413915.000000
11413920.000000
11413925.000000
11413930.000000
11413935.000000
11413940.000000
11413945.000000
11413950.000000
11413955.000000
11413960.000000
11413965.000000
11413970.000000
11413975.000000
11413980.000000
11413985.000000
11413990.000000
11413995.000000
11414000.000000
11414005.000000
11414010.000000
11414015.000000
11414020.000000
11414025.000000
11414030.000000
11414035.000000
11414040.000000
11414045.000000
11414050.000000
11414055.000000
11414060.000000
11414065.000000
11414070.000000
11414075.000000
11414080.000000
11414085.000000
11414090.000000
11414095.000000
11414100.000000
11414105.000000
11414110.000000
11414115.000000
11414120.000000
11414125.000000
11414130.000000
11414135.000000
11414140.000000
11414145.000000
11414150.000000
11414155.000000
11414160.000000
11414165.000000
11414170.000000
11414175.000000
11414180.000000
11414185.000000
11414190.000000
11414195.000000
11414200.000000
11414205.000000
11414210.000000
11414215.000000
11414220.000000
11414225.000000
11414230.000000
11414235.000000
11414240.000000
11414245.000000
11414250.000000
11414255.000000
11414260.000000
11414265.000000
11414270.000000
11414275.000000
11414280.000000
11414285.000000
11414290.000000
11414295.000000
11414300.000000
11414305.000000
11414310.000000
11414315.000000
11414320.000000
11414325.000000
11414330.000000
11414335.000000
11414340.000000
11414345.000000
11414350.000000
11414355.000000
11414360.000000
11414365.000000
11414370.000000
11414375.000000
11414380.000000
11414385.000000
11414390.000000
11414395.000000
11414400.000000
11414405.000000
11414410.000000
11414415.000000
11414420.000000
11414425.000000
11414430.000000
11414435.000000
11414440.000000
11414445.000000
11414450.000000
11414455.000000
11414460.000000
11414465.000000
11414470.000000
11414475.000000
11414480.000000
11414485.000000
11414490.000000
11414495.000000
11414500.000000
11414505.000000
11414510.000000
11414515.000000
11414520.000000
11414525.000000
11414530.000000
11414535.000000
11414540.000000
11414545.000000
11414550.000000
11414555.000000
11414560.000000
11414565.000000
11414570.000000
11414575.000000
11414580.000000
11414585.000000
11414590.000000
11414595.000000
11414600.000000
11414605.000000
11414610.000000
11414615.000000
11414620.000000
11414625.000000
11414630.000000
11414635.000000
11414640.000000
11414645.000000
11414650.000000
11414655.000000
11414660.000000
11414665.000000
11414670.000000
11414675.000000
11414680.000000
11414685.000000
11414690.000000
11414695.000000
11414700.000000
11414705.000000
11414710.000000
11414715.000000
11414720.000000
11414725.000000
11414730.000000
11414735.000000
11414740.000000
11414745.000000
11414750.000000
11414755.000000
11414760.000000
11414765.000000
11414770.000000
11414775.000000
11414780.000000
11414785.000000
11414790.000000
11414795.000000
11414800.000000
11414805.000000
11414810.000000
11414815.000000
11414820.000000
11414825.000000
11414830.000000
11414835.000000
11414840.000000
11414845.000000
11414850.000000
11414855.000000
11414860.000000
11414865.000000
11414870.000000
11414875.000000
11414880.000000
11414885.000000
11414890.000000
11414895.000000
11414900.000000
11414905.000000
11414910.000000
11414915.000000
11414920.000000
11414925.000000
11414930.000000
11414935.000000
11414940.000000
11414945.000000
11414950.000000
11414955.000000
11414960.000000
11414965.000000
11414970.000000
11414975.000000
11414980.000000
11414985.000000
11414990.000000
11414995.000000
11415000.000000
11415005.000000
11415010.000000
11415015.000000
11415020.000000
11415025.000000
11415030.000000
11415035.000000
11415040.000000
11415045.000000
11415050.000000
11415055.000000
11415060.000000
11415065.000000
11415070.000000
11415075.000000
11415080.000000
11415085.000000
11415090.000000
11415095.000000
11415100.000000
11415105.000000
11415110.000000
11415115.000000
11415120.000000
11415125.000000
11415130.000000
11415135.000000
11415140.000000
11415145.000000
11415150.000000
11415155.000000
11415160.000000
11415165.000000
11415170.000000
11415175.000000
11415180.000000
11415185.000000
11415190.000000
11415195.000000
11415200.000000
11415205.000000
11415210.000000
11415215.000000
11415220.000000
11415225.000000
11415230.000000
11415235.000000
11415240.000000
11415245.000000
11415250.000000
11415255.000000
11415260.000000
11415265.000000
11415270.000000
11415275.000000
11415280.000000
11415285.000000
11415290.000000
11415295.000000
11415300.000000
11415305.000000
11415310.000000
11415315.000000
11415320.000000
11415325.000000
11415330.000000
11415335.000000
11415340.000000
11415345.000000
11415350.000000
11415355.000000
11415360.000000
11415365.000000
11415370.000000
11415375.000000
11415380.000000
11415385.000000
11415390.000000
11415395.000000
11415400.000000
11415405.000000
11415410.000000
11415415.000000
11415420.000000
11415425.000000
11415430.000000
11415435.000000
11415440.000000
11415445.000000
11415450.000000
11415455.000000
11415460.000000
11415465.000000
11415470.000000
11415475.000000
11415480.000000
11415485.000000
11415490.000000
11415495.000000
11415500.000000
11415505.000000
11415510.000000
11415515.000000
11415520.000000
11415525.000000
11415530.000000
11415535.000000
11415540.000000
11415545.000000
11415550.000000
11415555.000000
11415560.000000
11415565.000000
11415570.000000
11415575.000000
11415580.000000
11415585.000000
11415590.000000
11415595.000000
11415600.000000
11415605.000000
11415610.000000
11415615.000000
11415620.000000
11415625.000000
11415630.000000
11415635.000000
11415640.000000
11415645.000000
11415650.000000
11415655.000000
11415660.000000
11415665.000000
11415670.000000
11415675.000000
11415680.000000
11415685.000000
11415690.000000
11415695.000000
11415700.000000
11415705.000000
11415710.000000
11415715.000000
11415720.000000
11415725.000000
11415730.000000
11415735.000000
11415740.000000
11415745.000000
11415750.000000
11415755.000000
11415760.000000
11415765.000000
11415770.000000
11415775.000000
11415780.000000
11415785.000000
11415790.000000
11415795.000000
11415800.000000
11415805.000000
11415810.000000
11415815.000000
11415820.000000
11415825.000000
11415830.000000
11415835.000000
11415840.000000
11415845.000000
11415850.000000
