11427985.000000
11427990.000000
11427995.000000
11428000.000000
11428005.000000
11428010.000000
11428015.000000
11428020.000000
11428025.000000
11428030.000000
11428035.000000
11428040.000000
11428045.000000
11428050.000000
11428055.000000
11428060.000000
11428065.000000
11428070.000000
11428075.000000
11428080.000000
11428085.000000
11428090.000000
11428095.000000
11428100.000000
11428105.000000
11428110.000000
11428115.000000
11428120.000000
11428125.000000
11428130.000000
11428135.000000
11428140.000000
11428145.000000
11428150.000000
11428155.000000
11428160.000000
11428165.000000
11428170.000000
11428175.000000
11428180.000000
11428185.000000
11428190.000000
11428195.000000
11428200.000000
11428205.000000
11428210.000000
11428215.000000
11428220.000000
11428225.000000
11428230.000000
11428235.000000
11428240.000000
11428245.000000
11428250.000000
11428255.000000
11428260.000000
11428265.000000
11428270.000000
11428275.000000
11428280.000000
11428285.000000
11428290.000000
11428295.000000
11428300.000000
11428305.000000
11428310.000000
11428315.000000
11428320.000000
11428325.000000
11428330.000000
11428335.000000
11428340.000000
11428345.000000
11428350.000000
11428355.000000
11428360.000000
11428365.000000
11428370.000000
11428375.000000
11428380.000000
11428385.000000
11428390.000000
11428395.000000
11428400.000000
11428405.000000
11428410.000000
11428415.000000
11428420.000000
11428425.000000
11428430.000000
11428435.000000
11428440.000000
11428445.000000
11428450.000000
11428455.000000
11428460.000000
11428465.000000
11428470.000000
11428475.000000
11428480.000000
11428485.000000
11428490.000000
11428495.000000
11428500.000000
11428505.000000
11428510.000000
11428515.000000
11428520.000000
11428525.000000
11428530.000000
11428535.000000
11428540.000000
11428545.000000
11428550.000000
11428555.000000
11428560.000000
11428565.000000
11428570.000000
11428575.000000
11428580.000000
11428585.000000
11428590.000000
11428595.000000
11428600.000000
11428605.000000
11428610.000000
11428615.000000
11428620.000000
11428625.000000
11428630.000000
11428635.000000
11428640.000000
11428645.000000
11428650.000000
11428655.000000
11428660.000000
11428665.000000
11428670.000000
11428675.000000
11428680.000000
11428685.000000
11428690.000000
11428695.000000
11428700.000000
11428705.000000
11428710.000000
11428715.000000
11428720.000000
11428725.000000
11428730.000000
11428735.000000
11428740.000000
11428745.000000
11428750.000000
11428755.000000
11428760.000000
11428765.000000
11428770.000000
11428775.000000
11428780.000000
11428785.000000
11428790.000000
11428795.000000
11428800.000000
11428805.000000
11428810.000000
11428815.000000
11428820.000000
11428825.000000
11428830.000000
11428835.000000
11428840.000000
11428845.000000
11428850.000000
11428855.000000
11428860.000000
11428865.000000
11428870.000000
11428875.000000
11428880.000000
11428885.000000
11428890.000000
11428895.000000
11428900.000000
11428905.000000
11428910.000000
11428915.000000
11428920.000000
11428925.000000
11428930.000000
11428935.000000
11428940.000000
11428945.000000
11428950.000000
11428955.000000
11428960.000000
11428965.000000
11428970.000000
11428975.000000
11428980.000000
11428985.000000
11428990.000000
11428995.000000
11429000.000000
11429005.000000
11429010.000000
11429015.000000
11429020.000000
11429025.000000
11429030.000000
11429035.000000
11429040.000000
11429045.000000
11429050.000000
11429055.000000
11429060.000000
11429065.000000
11429070.000000
11429075.000000
11429080.000000
11429085.000000
11429090.000000
11429095.000000
11429100.000000
11429105.000000
11429110.000000
11429115.000000
11429120.000000
11429125.000000
11429130.000000
11429135.000000
11429140.000000
11429145.000000
11429150.000000
11429155.000000
11429160.000000
11429165.000000
11429170.000000
11429175.000000
11429180.000000
11429185.000000
11429190.000000
11429195.000000
11429200.000000
11429205.000000
11429210.000000
11429215.000000
11429220.000000
11429225.000000
11429230.000000
11429235.000000
11429240.000000
11429245.000000
11429250.000000
11429255.000000
11429260.000000
11429265.000000
11429270.000000
11429275.000000
11429280.000000
11429285.000000
11429290.000000
11429295.000000
11429300.000000
11429305.000000
11429310.000000
11429315.000000
11429320.000000
11429325.000000
11429330.000000
11429335.000000
11429340.000000
11429345.000000
11429350.000000
11429355.000000
11429360.000000
11429365.000000
11429370.000000
11429375.000000
11429380.000000
11429385.000000
11429390.000000
11429395.000000
11429400.000000
11429405.000000
11429410.000000
11429415.000000
11429420.000000
11429425.000000
11429430.000000
11429435.000000
11429440.000000
11429445.000000
11429450.000000
11429455.000000
11429460.000000
11429465.000000
11429470.000000
11429475.000000
11429480.000000
11429485.000000
11429490.000000
11429495.000000
11429500.000000
11429505.000000
11429510.000000
11429515.000000
11429520.000000
11429525.000000
11429530.000000
11429535.000000
11429540.000000
11429545.000000
11429550.000000
11429555.000000
11429560.000000
11429565.000000
11429570.000000
11429575.000000
11429580.000000
11429585.000000
11429590.000000
11429595.000000
11429600.000000
11429605.000000
11429610.000000
11429615.000000
11429620.000000
11429625.000000
11429630.000000
11429635.000000
11429640.000000
11429645.000000
11429650.000000
11429655.000000
11429660.000000
11429665.000000
11429670.000000
11429675.000000
11429680.000000
11429685.000000
11429690.000000
11429695.000000
11429700.000000
11429705.000000
11429710.000000
11429715.000000
11429720.000000
11429725.000000
11429730.000000
11429735.000000
11429740.000000
11429745.000000
11429750.000000
11429755.000000
11429760.000000
11429765.000000
11429770.000000
11429775.000000
11429780.000000
11429785.000000
11429790.000000
11429795.000000
11429800.000000
11429805.000000
11429810.000000
11429815.000000
11429820.000000
11429825.000000
11429830.000000
11429835.000000
11429840.000000
11429845.000000
11429850.000000
11429855.000000
11429860.000000
11429865.000000
11429870.000000
11429875.000000
11429880.000000
11429885.000000
11429890.000000
11429895.000000
11429900.000000
11429905.000000
11429910.000000
11429915.000000
11429920.000000
11429925.000000
11429930.000000
11429935.000000
11429940.000000
11429945.000000
11429950.000000
11429955.000000
11429960.000000
11429965.000000
11429970.000000
11429975.000000
11429980.000000
