193.300	83.288	59.136	228.899	50.269	60.967	229.277	87.103	60.437	-98.769	83.470	-6.213	-172.897	33.847	-4.261	-166.144	-90.314	16.863
193.301	83.277	59.133	228.887	50.273	60.966	229.274	87.105	60.445	-98.768	83.474	-6.207	-172.897	33.848	-4.259	-166.156	-90.317	16.849
193.303	83.291	59.137	228.902	50.279	60.964	229.277	87.101	60.435	-98.757	83.474	-6.194	-172.897	33.848	-4.259	-166.156	-90.314	16.855
193.313	83.288	59.142	228.899	50.282	60.971	229.280	87.112	60.433	-98.756	83.473	-6.198	-172.895	33.859	-4.260	-166.155	-90.309	16.863
193.300	83.289	59.137	228.907	50.273	60.950	229.281	87.110	60.431	-98.754	83.479	-6.208	-172.897	33.850	-4.255	-166.144	-90.317	16.856
193.304	83.289	59.134	228.904	50.276	60.957	229.280	87.111	60.431	-98.753	83.479	-6.212	-172.894	33.856	-4.267	-166.144	-90.318	16.856
193.304	83.289	59.131	228.899	50.282	60.971	229.281	87.110	60.431	-98.743	83.480	-6.201	-172.897	33.848	-4.262	-166.144	-90.318	16.857
193.313	83.288	59.142	228.902	50.279	60.964	229.280	87.111	60.433	-98.742	83.481	-6.199	-172.897	33.845	-4.267	-166.132	-90.317	16.866
193.302	83.292	59.141	228.908	50.272	60.949	229.281	87.110	60.431	-98.742	83.473	-6.215	-172.894	33.855	-4.269	-166.132	-90.317	16.864
193.307	83.294	59.124	228.902	50.279	60.964	229.284	87.107	60.422	-98.730	83.479	-6.193	-172.885	33.849	-4.251	-166.128	-90.304	16.865
193.304	83.285	59.128	228.902	50.279	60.964	229.281	87.110	60.431	-98.726	83.487	-6.206	-172.897	33.848	-4.262	-166.128	-90.304	16.865
193.304	83.289	59.135	228.907	50.273	60.950	229.280	87.112	60.433	-98.740	83.478	-6.211	-172.895	33.859	-4.260	-166.128	-90.307	16.860
193.305	83.289	59.131	228.902	50.279	60.964	229.283	87.109	60.426	-98.730	83.472	-6.211	-172.883	33.855	-4.261	-166.132	-90.318	16.863
193.310	83.292	59.147	228.902	50.275	60.959	229.280	87.111	60.433	-98.729	83.478	-6.201	-172.898	33.849	-4.258	-166.132	-90.318	16.863
193.305	83.289	59.132	228.896	50.269	60.970	229.280	87.112	60.433	-98.729	83.478	-6.195	-172.893	33.861	-4.260	-166.121	-90.322	16.863
193.313	83.285	59.137	228.899	50.270	60.969	229.281	87.111	60.431	-98.729	83.477	-6.201	-172.898	33.846	-4.265	-166.144	-90.321	16.850
193.304	83.289	59.134	228.903	50.278	60.963	229.278	87.101	60.433	-98.729	83.471	-6.213	-172.897	33.848	-4.262	-166.129	-90.311	16.852
193.304	83.289	59.133	228.901	50.267	60.962	229.280	87.111	60.431	-98.729	83.472	-6.209	-172.897	33.846	-4.265	-166.145	-90.327	16.840
193.310	83.291	59.149	228.902	50.279	60.964	229.281	87.110	60.430	-98.722	83.460	-6.201	-172.897	33.846	-4.265	-166.133	-90.324	16.852
193.294	83.287	59.122	228.899	50.269	60.967	229.277	87.103	60.437	-98.733	83.459	-6.212	-172.897	33.846	-4.264	-166.144	-90.323	16.846
193.301	83.288	59.137	228.889	50.271	60.963	229.278	87.113	60.439	-98.733	83.457	-6.215	-172.897	33.848	-4.259	-166.145	-90.327	16.840
193.292	83.278	59.125	228.896	50.272	60.977	229.281	87.110	60.431	-98.733	83.461	-6.208	-172.897	33.850	-4.254	-166.144	-90.321	16.849
193.312	83.290	59.144	228.896	50.269	60.970	229.278	87.100	60.432	-98.732	83.460	-6.212	-172.897	33.847	-4.262	-166.141	-90.316	16.837
193.301	83.277	59.133	228.896	50.269	60.970	229.278	87.100	60.434	-98.721	83.458	-6.206	-172.897	33.848	-4.262	-166.141	-90.310	16.847
193.303	83.286	59.131	228.900	50.265	60.962	229.281	87.110	60.430	-98.722	83.461	-6.198	-172.897	33.848	-4.262	-166.130	-90.314	16.846
193.298	83.284	59.146	228.897	50.268	60.969	229.275	87.104	60.442	-98.722	83.462	-6.197	-172.884	33.858	-4.254	-166.140	-90.309	16.847
193.313	83.296	59.140	228.903	50.278	60.963	229.277	87.102	60.437	-98.732	83.460	-6.210	-172.894	33.857	-4.265	-166.152	-90.312	16.836
193.304	83.285	59.129	228.899	50.269	60.967	229.278	87.101	60.436	-98.720	83.464	-6.195	-172.883	33.858	-4.254	-166.144	-90.323	16.844
193.295	83.290	59.127	228.903	50.278	60.963	229.281	87.110	60.430	-98.718	83.469	-6.209	-172.882	33.859	-4.254	-166.141	-90.319	16.829
193.304	83.289	59.134	228.902	50.279	60.964	229.280	87.111	60.432	-98.718	83.470	-6.206	-172.893	33.863	-4.253	-166.136	-90.302	16.837
193.304	83.289	59.133	228.899	50.270	60.969	229.281	87.114	60.437	-98.718	83.469	-6.207	-172.880	33.875	-4.241	-166.140	-90.312	16.841
193.302	83.287	59.134	228.903	50.278	60.963	229.280	87.115	60.436	-98.717	83.471	-6.206	-172.881	33.866	-4.262	-166.148	-90.304	16.825
193.316	83.297	59.138	228.902	50.279	60.964	229.280	87.111	60.433	-98.714	83.480	-6.214	-172.893	33.860	-4.263	-166.125	-90.305	16.837
193.316	83.294	59.131	228.903	50.278	60.963	229.281	87.110	60.429	-98.716	83.471	-6.205	-172.882	33.859	-4.256	-166.136	-90.301	16.837
193.314	83.299	59.142	228.902	50.279	60.964	229.283	87.108	60.424	-98.702	83.476	-6.213	-172.890	33.870	-4.267	-166.125	-90.306	16.837
193.305	83.288	59.130	228.902	50.279	60.964	229.281	87.111	60.431	-98.697	83.493	-6.204	-172.890	33.870	-4.267	-166.125	-90.306	16.839
193.302	83.287	59.132	228.902	50.279	60.964	229.281	87.110	60.431	-98.698	83.491	-6.204	-172.882	33.859	-4.257	-166.125	-90.305	16.839
193.304	83.289	59.134	228.902	50.279	60.964	229.278	87.114	60.440	-98.700	83.480	-6.206	-172.893	33.861	-4.261	-166.109	-90.292	16.846
193.307	83.294	59.124	228.903	50.278	60.963	229.281	87.110	60.429	-98.700	83.485	-6.197	-172.894	33.863	-4.256	-166.125	-90.302	16.845
193.304	83.285	59.127	228.902	50.279	60.964	229.280	87.111	60.433	-98.697	83.488	-6.214	-172.893	33.861	-4.260	-166.124	-90.301	16.844
193.295	83.286	59.120	228.902	50.279	60.964	229.281	87.110	60.429	-98.703	83.470	-6.201	-172.894	33.857	-4.268	-166.124	-90.303	16.843
193.311	83.290	59.147	228.907	50.273	60.950	229.280	87.114	60.437	-98.701	83.478	-6.210	-172.893	33.860	-4.263	-166.124	-90.298	16.851
193.302	83.287	59.131	228.902	50.279	60.964	229.280	87.111	60.432	-98.702	83.475	-6.216	-172.893	33.861	-4.261	-166.125	-90.305	16.839
193.304	83.290	59.132	228.903	50.278	60.963	229.280	87.111	60.432	-98.690	83.478	-6.199	-172.893	33.861	-4.260	-166.125	-90.300	16.849
193.313	83.284	59.135	228.899	50.266	60.963	229.280	87.111	60.433	-98.704	83.464	-6.213	-172.882	33.862	-4.247	-166.141	-90.313	16.841
193.304	83.285	59.128	228.902	50.275	60.959	229.280	87.111	60.432	-98.705	83.466	-6.208	-172.883	33.854	-4.264	-166.140	-90.313	16.841
193.302	83.291	59.140	228.907	50.273	60.950	229.281	87.110	60.430	-98.708	83.453	-6.210	-172.893	33.863	-4.256	-166.141	-90.315	16.836
193.313	83.284	59.136	228.900	50.265	60.962	229.278	87.100	60.434	-98.707	83.456	-6.205	-172.883	33.854	-4.264	-166.153	-90.315	16.828
193.311	83.291	59.149	228.899	50.270	60.969	229.280	87.099	60.428	-98.709	83.450	-6.215	-172.893	33.861	-4.260	-166.153	-90.314	16.830
193.303	83.290	59.133	228.900	50.264	60.960	229.278	87.098	60.430	-98.710	83.454	-6.206	-172.898	33.849	-4.258	-166.154	-90.319	16.822
193.298	83.283	59.145	228.903	50.278	60.963	229.281	87.106	60.424	-98.720	83.457	-6.210	-172.902	33.836	-4.259	-166.153	-90.315	16.828
193.303	83.290	59.134	228.899	50.265	60.964	229.281	87.110	60.431	-98.709	83.456	-6.200	-172.911	33.844	-4.275	-166.156	-90.323	16.838
193.303	83.290	59.136	228.900	50.278	60.966	229.269	87.102	60.428	-98.710	83.459	-6.193	-172.914	33.834	-4.273	-166.145	-90.324	16.844
193.291	83.290	59.132	228.899	50.269	60.967	229.277	87.101	60.436	-98.710	83.459	-6.193	-172.927	33.833	-4.280	-166.145	-90.318	16.856
193.300	83.289	59.137	228.899	50.269	60.967	229.269	87.099	60.422	-98.710	83.456	-6.199	-172.938	33.836	-4.285	-166.133	-90.314	16.869
193.303	83.289	59.137	228.900	50.265	60.962	229.278	87.101	60.436	-98.709	83.463	-6.181	-172.943	33.825	-4.279	-166.148	-90.326	16.865
193.303	83.287	59.130	228.902	50.279	60.964	229.281	87.107	60.426	-98.700	83.450	-6.176	-172.973	33.818	-4.258	-166.102	-90.310	16.963
193.313	83.285	59.139	228.895	50.260	60.939	229.280	87.111	60.433	-98.702	83.448	-6.154	-173.005	33.794	-4.266	-166.103	-90.308	16.992
193.303	83.290	59.135	228.897	50.275	60.944	229.269	87.102	60.428	-98.676	83.424	-6.118	-173.062	33.735	-4.259	-166.067	-90.334	17.049
193.310	83.291	59.149	228.899	50.270	60.969	229.280	87.111	60.431	-98.664	83.385	-6.076	-173.123	33.675	-4.241	-166.036	-90.349	17.098
193.301	83.288	59.136	228.896	50.273	60.976	229.280	87.112	60.433	-98.599	83.352	-5.966	-173.305	33.596	-4.282	-165.872	-90.384	17.231
193.302	83.288	59.135	228.893	50.280	60.956	229.271	87.113	60.425	-98.502	83.312	-5.804	-173.391	33.460	-4.245	-165.704	-90.362	17.479
193.292	83.290	59.130	228.902	50.279	60.964	229.281	87.111	60.431	-98.328	83.267	-5.495	-173.457	33.355	-4.201	-165.532	-90.404	17.719
193.306	83.299	59.131	228.902	50.279	60.964	229.280	87.115	60.439	-98.157	83.238	-4.979	-173.645	33.204	-4.160	-165.378	-90.472	17.905
193.315	83.298	59.139	228.905	50.288	60.960	229.280	87.111	60.433	-97.976	83.266	-4.169	-173.789	33.010	-4.059	-165.078	-90.536	18.163
193.307	83.299	59.129	228.902	50.283	60.970	229.292	87.127	60.448	-97.591	83.299	-2.658	-173.827	32.800	-3.862	-164.870	-90.672	18.401
193.317	83.296	59.134	228.911	50.286	60.952	229.296	87.120	60.435	-97.068	83.378	-0.796	-174.026	32.639	-3.799	-164.652	-90.635	18.808
193.326	83.295	59.142	228.917	50.288	60.967	229.303	87.121	60.448	-96.426	83.477	1.445	-174.066	32.394	-3.545	-164.236	-90.751	19.221
193.330	83.307	59.141	228.929	50.284	60.968	229.306	87.118	60.439	-95.748	83.478	3.722	-174.249	32.242	-3.396	-164.092	-90.873	19.522
193.342	83.307	59.146	228.932	50.281	60.960	229.315	87.120	60.453	-94.937	83.436	5.983	-174.309	31.909	-3.055	-163.546	-90.887	20.211
193.343	83.305	59.143	228.933	50.284	60.962	229.326	87.118	60.459	-94.046	83.323	8.163	-174.519	31.716	-2.792	-163.086	-90.993	20.827
193.346	83.295	59.126	228.943	50.279	60.965	229.338	87.115	60.461	-92.936	83.168	10.267	-174.650	31.432	-2.433	-162.693	-91.051	21.472
193.353	83.299	59.144	228.955	50.278	60.969	229.351	87.121	60.461	-91.845	82.973	12.321	-174.796	31.115	-2.012	-162.124	-91.204	22.087
193.366	83.289	59.134	228.966	50.276	60.974	229.362	87.119	60.467	-90.704	82.737	14.324	-175.072	30.853	-1.586	-161.506	-91.309	22.800
193.366	83.294	59.142	228.967	50.274	60.972	229.371	87.105	60.471	-89.619	82.573	16.347	-175.064	30.562	-0.371	-160.821	-91.407	23.542
193.369	83.290	59.135	228.976	50.274	60.980	229.375	87.113	60.465	-88.382	82.423	18.366	-175.096	30.418	1.333	-160.135	-91.465	24.360
193.388	83.286	59.146	228.987	50.271	60.986	229.385	87.099	60.466	-87.213	82.271	20.329	-174.873	30.442	3.546	-159.485	-91.556	25.170
193.377	83.278	59.143	228.990	50.263	60.970	229.395	87.098	60.477	-85.919	82.122	22.284	-174.390	30.687	6.132	-158.703	-91.547	26.073
193.376	83.263	59.135	228.977	50.260	60.977	229.398	87.091	60.462	-84.493	81.995	24.255	-173.580	31.064	9.146	-157.859	-91.547	27.032
193.369	83.259	59.152	228.987	50.253	60.975	229.393	87.083	60.469	-82.933	81.802	26.190	-172.364	31.503	12.425	-156.946	-91.459	28.072
193.381	83.255	59.152	228.987	50.253	60.975	229.394	87.082	60.470	-81.128	81.628	28.235	-171.089	32.046	15.735	-155.868	-91.419	29.268
193.381	83.251	59.146	228.987	50.253	60.975	229.394	87.082	60.470	-79.217	81.420	30.310	-169.257	32.550	19.385	-154.825	-91.281	30.484
193.377	83.246	59.160	228.986	50.238	60.971	229.391	87.070	60.469	-77.154	81.250	32.413	-167.438	33.248	23.058	-153.588	-91.143	31.803
193.373	83.238	59.165	228.979	50.232	60.984	229.381	87.070	60.461	-75.101	81.073	34.598	-165.630	33.965	26.652	-152.387	-90.876	33.124
193.372	83.234	59.163	228.982	50.226	60.972	229.378	87.057	60.460	-72.997	80.943	36.815	-163.622	34.664	30.358	-150.997	-90.524	34.503
193.369	83.222	59.162	228.966	50.221	60.978	229.373	87.050	60.470	-70.783	80.891	39.075	-161.298	35.369	34.028	-149.583	-90.030	35.854
193.356	83.215	59.165	228.973	50.210	60.989	229.375	87.044	60.459	-68.511	80.833	41.382	-159.044	36.124	37.390	-148.108	-89.525	37.149
193.367	83.207	59.159	228.963	50.207	60.977	229.360	87.038	60.461	-66.147	80.806	43.803	-156.568	36.833	40.800	-146.556	-88.965	38.583
193.361	83.201	59.170	228.960	50.195	60.978	229.361	87.034	60.457	-63.717	80.811	46.147	-154.014	37.618	43.985	-144.872	-88.304	40.156
193.348	83.192	59.167	228.961	50.193	60.974	229.348	87.029	60.458	-61.074	80.863	48.564	-151.244	38.327	47.173	-143.050	-87.693	41.599
193.347	83.196	59.172	228.951	50.195	60.968	229.349	87.025	60.453	-58.251	80.969	51.117	-148.610	39.229	50.029	-141.165	-86.897	43.273
193.363	83.196	59.161	228.961	50.194	60.976	229.345	87.028	60.459	-55.330	81.064	53.600	-145.678	40.056	52.994	-139.211	-86.140	44.825
193.351	83.192	59.161	228.951	50.195	60.968	229.348	87.026	60.454	-52.125	81.239	56.205	-142.673	40.959	55.716	-137.179	-85.299	46.389
193.347	83.196	59.173	228.948	50.199	60.979	229.345	87.032	60.465	-51.895	81.584	56.888	-142.354	41.743	57.102	-136.983	-84.721	47.260
193.364	83.211	59.167	228.963	50.208	60.979	229.354	87.032	60.475	-45.428	81.523	61.284	-136.529	43.025	60.605	-133.025	-83.498	49.373
193.354	83.213	59.162	228.961	50.211	60.984	229.359	87.039	60.465	-41.862	81.697	63.806	-133.354	44.192	62.765	-130.872	-82.541	50.866
193.360	83.223	59.155	228.966	50.218	60.974	229.365	87.050	60.459	-38.176	81.881	66.301	-129.902	45.279	64.790	-128.564	-81.547	52.344
193.361	83.222	59.152	228.969	50.231	60.973	229.363	87.052	60.466	-34.374	82.076	68.673	-126.405	46.493	66.674	-126.145	-80.530	53.845
193.361	83.226	59.155	228.969	50.234	60.978	229.375	87.065	60.475	-30.465	82.213	71.069	-122.767	47.732	68.286	-123.671	-79.487	55.318
193.364	83.251	59.161	228.969	50.231	60.973	229.374	87.066	60.476	-26.400	82.403	73.373	-118.905	48.951	69.841	-121.048	-78.438	56.731
193.361	83.238	59.159	228.969	50.231	60.975	229.380	87.072	60.465	-22.131	82.610	75.640	-115.004	50.311	71.237	-118.389	-77.406	58.132
193.376	83.245	59.159	228.972	50.240	60.968	229.380	87.071	60.463	-17.791	82.791	77.870	-111.084	51.571	72.496	-115.632	-76.284	59.609
193.364	83.240	59.159	228.969	50.234	60.978	229.377	87.075	60.472	-13.309	82.922	80.015	-106.896	52.837	73.777	-112.643	-75.171	60.972
193.351	83.240	59.156	228.969	50.231	60.975	229.365	87.066	60.466	-8.782	83.015	82.093	-102.735	54.044	74.963	-109.607	-74.016	62.234
193.358	83.230	59.167	228.968	50.236	60.982	229.367	87.064	60.462	-4.164	83.105	84.096	-98.293	55.261	76.213	-106.399	-72.805	63.548
193.347	83.232	59.163	228.966	50.222	60.979	229.362	87.053	60.465	0.553	83.165	86.018	-93.878	56.455	77.443	-103.097	-71.646	64.685
193.353	83.214	59.164	228.953	50.214	60.976	229.348	87.042	60.462	5.305	83.235	87.858	-89.409	57.595	78.465	-99.758	-70.427	65.766
193.349	83.217	59.174	228.950	50.213	60.980	229.347	87.043	60.464	10.230	83.333	89.688	-84.773	58.823	79.576	-96.359	-69.175	66.861
193.349	83.206	59.171	228.947	50.200	60.978	229.335	87.030	60.453	15.191	83.369	91.463	-80.058	59.947	80.550	-92.809	-67.932	67.878
193.337	83.210	59.173	228.945	50.198	60.978	229.332	87.021	60.457	20.176	83.324	93.159	-75.270	61.092	81.448	-89.243	-66.728	68.824
193.347	83.196	59.173	228.947	50.200	60.979	229.332	87.021	60.458	25.252	83.296	94.799	-70.397	62.238	82.290	-85.592	-65.487	69.770
193.331	83.189	59.176	228.945	50.186	60.976	229.331	87.021	60.460	30.477	83.220	96.403	-65.370	63.349	83.097	-81.784	-64.259	70.727
193.337	83.190	59.156	228.935	50.188	60.969	229.320	87.024	60.457	35.718	83.048	97.985	-60.264	64.494	83.892	-77.935	-63.002	71.621
193.332	83.188	59.173	228.935	50.187	60.968	229.329	87.021	60.461	41.085	82.834	99.437	-55.016	65.576	84.635	-74.074	-61.745	72.438
193.334	83.201	59.178	228.948	50.198	60.975	229.333	87.020	60.456	46.639	82.634	100.903	-49.687	66.628	85.256	-70.130	-60.552	73.223
193.346	83.198	59.176	228.947	50.199	60.977	229.335	87.031	60.455	52.169	82.255	102.171	-44.268	67.656	86.046	-66.127	-59.321	74.044
193.342	83.209	59.164	228.948	50.199	60.977	229.344	87.034	60.469	57.835	81.901	103.494	-38.767	68.668	86.638	-62.117	-58.104	74.779
193.353	83.207	59.166	228.953	50.210	60.970	229.356	87.042	60.472	63.746	81.450	104.754	-33.193	69.663	87.314	-58.009	-56.884	75.535
193.357	83.229	59.169	228.963	50.212	60.982	229.363	87.052	60.466	69.633	80.878	105.917	-27.571	70.621	87.952	-53.883	-55.699	76.222
193.357	83.226	59.165	228.966	50.222	60.979	229.362	87.052	60.466	75.618	80.279	107.055	-21.896	71.530	88.508	-49.748	-54.514	76.904
193.361	83.234	59.157	228.966	50.222	60.977	229.366	87.061	60.459	81.686	79.619	108.160	-16.211	72.404	89.023	-45.597	-53.367	77.566
193.361	83.238	59.162	228.981	50.228	60.976	229.375	87.064	60.473	87.731	78.847	109.202	-10.498	73.229	89.461	-41.374	-52.238	78.189
193.376	83.243	59.158	228.980	50.232	60.981	229.377	87.066	60.473	93.763	78.072	110.202	-4.767	74.046	89.925	-37.144	-51.110	78.821
193.353	83.238	59.151	228.981	50.231	60.979	229.374	87.065	60.474	99.807	77.226	111.130	0.970	74.775	90.256	-32.921	-50.030	79.354
193.361	83.243	59.168	228.981	50.231	60.979	229.377	87.063	60.469	105.796	76.356	111.952	6.706	75.501	90.592	-28.679	-48.941	79.940
193.364	83.235	59.154	228.978	50.230	60.983	229.377	87.059	60.463	111.717	75.495	112.783	12.435	76.130	90.853	-24.438	-47.907	80.451
193.358	83.229	59.166	228.969	50.231	60.975	229.375	87.061	60.469	117.592	74.563	113.550	18.119	76.702	91.077	-20.205	-46.898	80.889
193.347	83.228	59.159	228.956	50.223	60.971	229.361	87.054	60.468	123.429	73.572	114.222	23.797	77.229	91.249	-15.939	-45.902	81.319
193.345	83.218	59.160	228.960	50.212	60.985	229.359	87.041	60.466	129.263	72.554	114.883	29.477	77.711	91.404	-11.725	-44.927	81.771
193.351	83.216	59.171	228.950	50.213	60.980	229.347	87.043	60.464	134.908	71.455	115.483	35.148	78.108	91.488	-7.506	-43.981	82.143
193.340	83.203	59.157	228.950	50.209	60.974	229.347	87.030	60.459	140.581	70.277	116.036	40.768	78.485	91.591	-3.351	-43.066	82.461
193.346	83.194	59.172	228.949	50.198	60.974	229.332	87.021	60.457	146.161	69.028	116.557	46.373	78.851	91.672	0.763	-42.184	82.733
193.334	83.198	59.172	228.947	50.200	60.979	229.331	87.021	60.460	151.768	67.789	117.127	51.939	79.139	91.799	4.874	-41.268	83.002
193.334	83.197	59.172	228.935	50.188	60.969	229.331	87.021	60.460	157.102	66.375	117.562	57.421	79.351	91.852	8.816	-40.448	83.150
193.334	83.197	59.170	228.935	50.187	60.968	229.328	87.025	60.469	162.478	65.022	117.982	62.826	79.598	91.804	12.788	-39.597	83.344
193.332	83.188	59.173	228.945	50.186	60.976	229.331	87.021	60.460	167.634	63.604	118.366	68.133	79.732	91.829	16.595	-38.785	83.409
193.337	83.194	59.163	228.945	50.189	60.979	229.333	87.020	60.456	172.841	62.294	118.733	73.348	79.892	91.675	20.448	-37.978	83.508
193.359	83.178	59.109	228.948	50.194	60.969	229.341	87.021	60.467	177.712	60.894	118.953	78.460	80.027	91.608	24.133	-37.197	83.561
193.372	83.157	59.027	228.958	50.197	60.983	229.348	87.039	60.458	182.568	59.626	119.117	83.440	80.113	91.365	27.792	-36.439	83.562
193.354	83.302	59.348	228.954	50.209	60.971	229.356	87.042	60.472	187.230	58.335	119.165	88.309	80.226	90.987	31.363	-35.692	83.534
193.357	83.303	59.346	228.967	50.217	60.972	229.360	87.054	60.471	191.887	57.162	119.163	93.024	80.298	90.517	34.821	-35.008	83.544
193.349	83.306	59.338	228.966	50.222	60.979	229.362	87.052	60.464	196.322	55.929	119.016	97.582	80.376	89.987	38.252	-34.310	83.513
193.363	83.313	59.337	228.969	50.231	60.973	229.377	87.061	60.468	200.758	54.803	118.803	101.991	80.422	89.275	41.604	-33.649	83.469
193.356	83.316	59.330	228.984	50.250	61.021	229.385	87.058	60.460	205.041	53.698	118.462	106.222	80.521	88.599	44.786	-33.010	83.373
193.353	83.331	59.341	229.005	50.299	61.116	229.421	87.071	60.474	209.211	52.606	118.025	110.240	80.579	87.906	47.998	-32.407	83.328
193.364	83.328	59.345	228.978	50.278	61.059	229.367	87.117	60.570	213.324	51.632	117.569	114.060	80.637	87.102	50.996	-31.826	83.251
193.363	83.328	59.348	228.976	50.265	61.056	229.364	87.124	60.585	217.327	50.599	116.774	117.692	80.713	86.404	54.010	-31.298	83.215
193.383	83.391	59.396	228.965	50.267	61.052	229.352	87.112	60.574	221.220	49.693	116.027	121.112	80.789	85.700	56.884	-30.764	83.189
193.345	83.207	59.115	228.956	50.265	61.064	229.284	87.274	60.948	224.980	48.889	115.174	124.340	80.842	84.980	59.669	-30.269	83.159
193.351	83.210	59.150	229.160	50.107	60.536	229.280	87.255	60.930	228.651	48.088	114.039	127.460	80.904	84.317	62.368	-29.775	83.121
193.235	83.542	59.852	229.210	50.101	60.444	229.313	87.175	60.749	232.277	47.399	112.870	130.328	80.962	83.632	64.956	-29.391	83.133
193.220	83.531	59.848	228.835	50.441	61.452	229.331	87.080	60.575	235.767	46.708	111.436	133.000	81.032	83.104	67.492	-28.979	83.199
193.301	83.420	59.592	228.832	50.427	61.452	229.331	87.080	60.575	239.074	46.024	109.873	135.577	81.072	82.535	69.904	-28.646	83.320
193.335	83.282	59.364	228.581	51.068	62.684	229.328	87.066	60.573	242.387	45.427	108.327	137.942	81.198	82.056	72.189	-28.279	83.311
193.335	83.272	59.348	228.762	50.596	61.769	229.327	87.071	60.582	245.548	44.784	106.672	140.150	81.259	81.630	74.436	-27.983	83.434
193.335	83.272	59.349	228.939	50.241	61.068	229.319	87.070	60.572	248.634	44.153	104.962	142.198	81.341	81.176	76.608	-27.699	83.541
193.337	83.274	59.349	229.045	50.019	60.622	229.316	87.070	60.572	251.577	43.561	103.300	144.110	81.406	80.683	78.626	-27.464	83.605
193.350	83.282	59.353	229.250	49.570	59.730	229.319	87.071	60.571	254.420	42.814	101.361	145.873	81.521	80.253	80.522	-27.238	83.625
193.344	83.277	59.366	229.258	49.431	59.526	229.316	87.074	60.579	257.116	42.173	99.564	147.464	81.669	79.868	82.387	-27.000	83.640
193.320	83.306	59.393	228.832	50.427	61.452	229.331	87.080	60.575	259.737	41.538	97.619	148.968	81.792	79.445	84.219	-26.830	83.699
193.339	83.277	59.307	228.834	50.424	61.443	229.334	87.093	60.578	262.192	40.888	95.631	150.227	81.942	78.955	85.821	-26.664	83.617
193.351	83.229	59.196	229.089	49.850	60.255	229.269	87.263	60.975	264.470	40.383	93.804	151.349	82.125	78.523	87.468	-26.505	83.557
193.356	83.228	59.170	229.093	49.852	60.260	229.281	87.248	60.913	266.553	39.810	91.814	152.346	82.287	78.155	89.039	-26.377	83.538
193.357	83.230	59.169	228.849	50.452	61.456	229.346	87.105	60.587	268.550	39.466	89.961	153.272	82.365	77.873	90.588	-26.278	83.460
193.370	83.238	59.171	228.849	50.452	61.456	229.349	87.115	60.582	270.417	39.130	88.039	154.137	82.531	77.603	91.876	-26.239	83.194
193.363	83.235	59.155	228.585	51.116	62.713	229.362	87.114	60.587	272.044	39.037	86.418	154.944	82.601	77.435	93.289	-26.151	83.057
193.373	83.245	59.166	228.617	51.115	62.671	229.361	87.111	60.582	273.501	38.920	84.630	155.753	82.721	77.287	94.500	-26.043	82.785
193.361	83.240	59.163	228.707	50.916	62.298	229.367	87.117	60.570	274.906	39.014	82.967	156.502	82.781	77.201	95.783	-25.972	82.540
193.371	83.236	59.167	228.784	50.692	61.863	229.364	87.120	60.578	276.081	39.119	81.282	157.203	82.880	77.032	96.892	-25.921	82.266
193.362	83.237	59.158	228.868	50.484	61.480	229.353	87.111	60.572	277.207	39.353	79.699	157.786	82.906	76.864	97.973	-25.845	81.955
193.358	83.229	59.167	228.923	50.363	61.239	229.349	87.099	60.573	278.136	39.727	78.131	158.449	82.981	76.784	99.003	-25.810	81.602
193.356	83.227	59.165	228.944	50.276	61.084	229.350	87.098	60.572	278.819	40.182	76.611	158.965	83.055	76.627	99.948	-25.839	81.283
193.344	83.219	59.162	228.948	50.247	61.051	229.337	87.086	60.563	279.586	40.848	75.199	159.526	83.063	76.550	100.878	-25.799	80.965
193.350	83.206	59.171	228.950	50.240	61.039	229.334	87.089	60.571	280.188	41.619	73.808	160.118	83.130	76.514	101.754	-25.826	80.689
193.340	83.208	59.165	228.941	50.240	61.030	229.331	87.080	60.575	280.637	42.404	72.353	160.590	83.188	76.327	102.620	-25.790	80.346
193.336	83.200	59.172	228.947	50.243	61.047	229.319	87.067	60.564	280.906	43.323	70.981	161.134	83.240	76.308	103.446	-25.783	80.073
193.335	83.197	59.169	228.944	50.230	61.047	229.318	87.067	60.567	281.277	44.351	69.699	161.662	83.300	76.207	104.168	-25.771	79.675
193.338	83.193	59.160	228.881	50.379	61.366	229.332	87.021	60.458	281.506	45.290	68.309	162.119	83.415	76.088	104.831	-25.781	79.318
193.332	83.184	59.167	228.862	50.402	61.409	229.341	87.019	60.466	281.638	46.257	67.081	162.546	83.491	75.917	105.542	-25.714	79.020
193.333	83.190	59.177	228.869	50.385	61.369	229.332	87.020	60.458	281.854	47.298	65.801	163.002	83.612	75.792	106.197	-25.644	78.731
193.336	83.196	59.170	228.886	50.364	61.334	229.333	87.020	60.456	281.937	48.283	64.573	163.399	83.717	75.540	106.797	-25.589	78.322
193.351	83.204	59.167	228.899	50.357	61.291	229.345	87.032	60.465	281.974	49.244	63.394	163.877	83.878	75.442	107.452	-25.555	78.004
193.354	83.217	59.167	228.906	50.335	61.243	229.351	87.035	60.450	282.026	50.211	62.153	164.285	84.056	75.161	107.933	-25.452	77.661
193.363	83.216	59.175	228.920	50.329	61.202	229.360	87.039	60.463	281.976	51.143	60.958	164.670	84.217	74.863	108.558	-25.415	77.395
193.356	83.219	59.168	228.936	50.306	61.162	229.363	87.049	60.460	282.075	52.125	59.828	165.142	84.429	74.549	109.001	-25.347	76.954
193.360	83.224	59.154	228.942	50.292	61.131	229.362	87.053	60.467	282.010	53.043	58.736	165.480	84.658	74.202	109.573	-25.313	76.760
193.352	83.239	59.154	228.951	50.287	61.093	229.368	87.063	60.459	281.953	54.019	57.603	165.826	84.895	73.807	109.982	-25.278	76.335
193.365	83.246	59.154	228.957	50.286	61.066	229.370	87.074	60.459	281.652	54.957	56.502	166.217	85.150	73.459	110.488	-25.233	76.154
193.357	83.258	59.144	228.942	50.278	61.027	229.354	87.082	60.467	281.508	56.052	55.521	166.636	85.363	73.224	110.921	-25.257	75.824
193.335	83.270	59.149	228.935	50.281	61.032	229.334	87.090	60.460	281.176	57.068	54.496	166.906	85.577	72.964	111.344	-25.211	75.579
193.330	83.290	59.134	228.924	50.282	61.026	229.314	87.105	60.450	280.913	58.246	53.553	167.144	85.744	72.716	111.779	-25.288	75.299
193.317	83.284	59.130	228.911	50.285	61.025	229.308	87.112	60.465	280.544	59.374	52.536	167.371	85.912	72.545	112.081	-25.330	75.068
193.305	83.297	59.131	228.889	50.291	61.017	229.286	87.117	60.456	279.899	60.511	51.475	167.632	86.073	72.397	112.501	-25.417	74.855
193.301	83.293	59.143	228.874	50.296	61.022	229.263	87.125	60.453	279.357	61.702	50.472	167.750	86.175	72.215	112.827	-25.467	74.665
193.281	83.309	59.133	228.859	50.303	61.027	229.247	87.116	60.451	278.632	62.894	49.467	168.046	86.306	72.127	113.116	-25.501	74.412
193.288	83.306	59.141	228.868	50.290	61.033	229.246	87.118	60.455	277.940	64.155	48.565	168.232	86.459	71.954	113.436	-25.565	74.203
193.279	83.299	59.139	228.856	50.277	61.022	229.247	87.104	60.448	277.105	65.361	47.592	168.430	86.615	71.794	113.719	-25.596	74.099
193.275	83.287	59.139	228.854	50.275	61.020	229.246	87.105	60.451	276.241	66.509	46.638	168.642	86.763	71.614	113.905	-25.617	73.892
193.277	83.297	59.139	228.856	50.274	61.016	229.246	87.100	60.443	275.378	67.764	45.898	168.930	86.954	71.388	114.060	-25.642	73.641
193.265	83.289	59.134	228.854	50.276	61.022	229.243	87.104	60.452	274.392	68.914	45.052	169.268	87.124	71.247	114.190	-25.607	73.451
193.274	83.288	59.141	228.856	50.274	61.016	229.244	87.103	60.450	273.362	70.104	44.474	169.480	87.301	70.977	114.293	-25.534	73.290
193.268	83.298	59.128	228.854	50.277	61.023	229.236	87.107	60.444	272.147	71.158	44.020	169.698	87.454	70.748	114.408	-25.480	73.121
193.279	83.295	59.129	228.856	50.288	61.022	229.242	87.109	60.459	271.117	72.245	43.795	169.829	87.544	70.566	114.475	-25.479	72.957
193.280	83.310	59.137	228.855	50.293	61.030	229.246	87.117	60.453	270.114	73.049	43.682	169.958	87.595	70.431	114.555	-25.497	72.819
193.284	83.317	59.129	228.856	50.293	61.029	229.251	87.128	60.449	269.448	73.499	43.580	170.148	87.633	70.356	114.609	-25.525	72.709
193.293	83.317	59.136	228.869	50.300	61.029	229.251	87.129	60.451	269.166	73.825	43.774	170.311	87.625	70.330	114.657	-25.567	72.604
193.287	83.332	59.132	228.874	50.310	61.023	229.260	87.133	60.466	268.964	73.994	43.810	170.485	87.603	70.336	114.715	-25.634	72.479
193.290	83.328	59.123	228.874	50.313	61.026	229.251	87.146	60.461	268.582	74.140	43.926	170.585	87.566	70.283	114.772	-25.688	72.375
193.298	83.330	59.134	228.874	50.311	61.022	229.263	87.143	60.461	268.300	74.452	44.078	170.638	87.515	70.252	114.828	-25.770	72.255
193.290	83.340	59.124	228.871	50.318	61.037	229.254	87.143	60.453	267.983	74.662	44.089	170.675	87.443	70.211	114.898	-25.877	72.121
193.301	83.337	59.129	228.864	50.311	61.014	229.251	87.146	60.461	267.746	74.725	44.096	170.667	87.353	70.175	114.978	-25.993	71.976
193.287	83.336	59.137	228.862	50.317	61.027	229.254	87.143	60.453	267.640	74.931	44.082	170.635	87.261	70.121	115.037	-26.133	71.827
193.288	83.330	59.127	228.858	50.305	61.026	229.253	87.139	60.448	267.508	75.081	44.111	170.589	87.154	70.090	115.120	-26.284	71.647
193.276	83.319	59.121	228.858	50.305	61.026	229.248	87.133	60.460	267.364	75.171	44.143	170.436	87.026	69.990	115.177	-26.424	71.529
193.270	83.316	59.138	228.846	50.292	61.017	229.235	87.125	60.456	267.207	75.214	44.124	170.354	86.920	69.950	115.224	-26.570	71.401
193.266	83.301	59.133	228.841	50.281	61.024	229.233	87.110	60.452	267.125	75.235	44.131	170.247	86.803	69.876	115.290	-26.755	71.149
193.257	83.301	59.125	228.840	50.282	61.024	229.233	87.105	60.444	267.054	75.226	44.121	170.119	86.659	69.803	115.353	-26.943	70.932
193.251	83.295	59.138	228.838	50.268	61.021	229.221	87.096	60.441	266.967	75.297	44.021	169.975	86.504	69.748	115.394	-27.096	70.774
193.258	83.279	59.143	228.829	50.267	61.011	229.221	87.097	60.441	266.900	75.340	43.935	169.886	86.388	69.692	115.442	-27.248	70.635
193.259	83.277	59.138	228.825	50.259	61.018	229.216	87.085	60.445	266.862	75.413	43.846	169.820	86.280	69.676	115.498	-27.368	70.521
193.254	83.268	59.147	228.835	50.254	61.020	229.226	87.072	60.448	266.806	75.425	43.723	169.696	86.172	69.594	115.542	-27.486	70.369
193.267	83.263	59.141	228.835	50.254	61.020	229.226	87.072	60.448	266.732	75.439	43.602	169.624	86.108	69.593	115.577	-27.592	70.217
193.256	83.270	59.148	228.835	50.257	61.024	229.228	87.082	60.446	266.639	75.429	43.484	169.585	86.045	69.574	115.635	-27.680	70.049
193.259	83.266	59.137	228.839	50.250	61.010	229.229	87.081	60.444	266.616	75.459	43.415	169.562	85.975	69.549	115.685	-27.750	69.873
193.272	83.274	59.137	228.851	50.262	61.019	229.241	87.092	60.453	266.615	75.458	43.310	169.520	85.922	69.551	115.711	-27.813	69.729
193.274	83.276	59.139	228.855	50.259	61.009	229.241	87.093	60.453	266.601	75.446	43.222	169.450	85.865	69.499	115.723	-27.841	69.570
193.278	83.279	59.122	228.857	50.272	61.012	229.248	87.099	60.441	266.500	75.587	42.974	169.430	85.821	69.461	115.759	-27.880	69.458
193.290	83.291	59.131	228.868	50.270	61.016	229.247	87.103	60.447	266.331	75.602	42.760	169.440	85.797	69.447	115.772	-27.904	69.357
193.282	83.290	59.120	228.873	50.281	61.012	229.259	87.113	60.452	266.209	75.655	42.596	169.435	85.788	69.418	115.778	-27.921	69.238
193.309	83.308	59.127	228.873	50.294	61.016	229.262	87.122	60.447	266.178	75.680	42.556	169.441	85.790	69.396	115.802	-27.924	69.161
193.297	83.312	59.125	228.873	50.294	61.014	229.262	87.126	60.455	266.154	75.716	42.551	169.449	85.793	69.374	115.824	-27.923	69.089
193.297	83.312	59.126	228.875	50.295	61.013	229.262	87.125	60.453	266.081	75.856	42.457	169.458	85.830	69.331	115.837	-27.943	68.948
193.289	83.313	59.115	228.873	50.297	61.020	229.266	87.134	60.447	265.905	76.077	42.225	169.447	85.863	69.272	115.852	-27.925	68.874
193.285	83.316	59.125	228.864	50.294	61.006	229.252	87.128	60.449	265.776	76.128	42.178	169.425	85.916	69.211	115.871	-27.924	68.765
193.298	83.311	59.121	228.863	50.296	61.010	229.252	87.127	60.447	265.648	76.152	42.206	169.413	85.982	69.134	115.890	-27.909	68.626
193.275	83.318	59.121	228.860	50.299	61.017	229.252	87.128	60.447	265.589	76.206	42.260	169.375	86.037	69.060	115.898	-27.877	68.525
193.273	83.320	59.126	228.847	50.291	61.016	229.237	87.117	60.443	265.544	76.251	42.328	169.342	86.080	68.995	115.903	-27.836	68.406
193.272	83.305	59.118	228.847	50.287	61.009	229.228	87.119	60.435	265.446	76.289	42.411	169.318	86.122	68.934	115.917	-27.771	68.319
193.249	83.300	59.111	228.834	50.275	61.001	229.224	87.107	60.438	265.366	76.434	42.360	169.285	86.168	68.865	115.924	-27.731	68.191
193.248	83.301	59.116	228.831	50.281	61.014	229.224	87.106	60.436	265.263	76.603	42.283	169.249	86.215	68.806	115.920	-27.687	68.109
193.254	83.304	59.133	228.831	50.281	61.014	229.221	87.110	60.445	265.233	76.689	42.303	169.226	86.269	68.749	115.935	-27.659	68.032
193.239	83.294	59.132	228.819	50.269	61.005	229.208	87.101	60.442	265.197	76.751	42.363	169.202	86.318	68.694	115.917	-27.619	67.949
193.251	83.294	59.134	228.830	50.267	61.007	229.220	87.098	60.443	265.175	76.817	42.417	169.179	86.384	68.641	115.896	-27.570	67.884
193.243	83.286	59.114	228.831	50.279	61.010	229.222	87.108	60.442	265.155	76.867	42.453	169.161	86.449	68.577	115.846	-27.519	67.763
193.246	83.304	59.124	228.832	50.278	61.008	229.224	87.106	60.436	265.130	76.922	42.473	169.084	86.489	68.502	115.813	-27.484	67.684
193.254	83.303	59.131	228.832	50.278	61.008	229.221	87.110	60.445	265.104	76.983	42.509	169.053	86.546	68.446	115.786	-27.459	67.579
193.259	83.311	59.123	228.843	50.279	61.014	229.232	87.110	60.451	265.080	77.024	42.519	169.040	86.579	68.421	115.782	-27.424	67.532
193.262	83.308	59.114	228.846	50.288	61.011	229.236	87.119	60.445	265.053	77.086	42.516	169.026	86.620	68.377	115.788	-27.411	67.478
193.278	83.315	59.111	228.848	50.287	61.008	229.239	87.129	60.442	265.062	77.118	42.499	169.033	86.638	68.365	115.784	-27.402	67.403
193.278	83.311	59.105	228.853	50.297	61.002	229.295	86.913	60.650	263.853	77.205	41.374	169.053	86.652	68.351	115.775	-27.421	67.291
193.291	83.323	59.114	228.861	50.301	61.017	229.254	87.140	60.447	264.906	77.118	42.422	169.067	86.660	68.352	115.783	-27.437	67.204
193.291	83.323	59.112	228.861	50.302	61.017	229.255	87.137	60.442	264.899	77.144	42.448	169.073	86.652	68.331	115.780	-27.451	67.114
193.302	83.336	59.122	228.865	50.309	61.010	229.255	87.141	60.447	264.866	77.136	42.456	169.067	86.661	68.315	115.778	-27.465	67.022
193.282	83.335	59.106	228.865	50.310	61.010	229.254	87.141	60.448	264.838	77.143	42.488	169.058	86.660	68.303	115.776	-27.475	66.937
193.286	83.332	59.095	228.865	50.311	61.012	229.245	87.142	60.440	264.828	77.154	42.506	169.053	86.666	68.281	115.772	-27.497	66.850
193.270	83.332	59.111	228.864	50.310	61.013	229.245	87.139	60.435	264.793	77.321	42.369	169.043	86.666	68.271	115.769	-27.496	66.767
193.274	83.328	59.099	228.852	50.302	61.009	229.241	87.131	60.442	264.760	77.364	42.356	169.021	86.670	68.222	115.765	-27.503	66.690
193.265	83.320	59.112	228.850	50.301	61.010	229.238	87.133	60.449	264.743	77.397	42.372	169.005	86.678	68.195	115.750	-27.510	66.597
193.249	83.313	59.115	228.836	50.293	61.009	229.227	87.120	60.437	264.708	77.432	42.367	168.979	86.690	68.164	115.730	-27.499	66.543
193.257	83.316	59.131	228.833	50.280	61.008	229.227	87.117	60.432	264.680	77.455	42.373	168.964	86.696	68.132	115.719	-27.493	66.492
193.248	83.313	59.118	228.831	50.283	61.015	229.213	87.109	60.431	264.660	77.456	42.378	168.959	86.711	68.115	115.718	-27.483	66.458
193.244	83.305	59.126	228.821	50.283	61.008	229.211	87.111	60.437	264.556	77.505	42.318	168.956	86.714	68.090	115.719	-27.480	66.406
193.232	83.305	59.118	228.818	50.287	61.016	229.210	87.111	60.437	264.536	77.504	42.327	168.964	86.717	68.070	115.705	-27.485	66.356
193.233	83.297	59.120	228.806	50.274	61.006	229.210	87.096	60.430	264.513	77.546	42.399	168.977	86.712	68.063	115.712	-27.491	66.322
193.232	83.305	59.119	228.818	50.271	61.007	229.211	87.108	60.431	264.504	77.567	42.437	168.988	86.726	68.037	115.717	-27.505	66.296
193.245	83.304	59.123	228.816	50.273	61.014	229.211	87.111	60.437	264.499	77.593	42.465	169.004	86.718	68.019	115.733	-27.509	66.275
193.253	83.299	59.125	228.819	50.282	61.009	229.213	87.109	60.431	264.482	77.626	42.497	169.011	86.726	68.007	115.744	-27.529	66.267
193.246	83.300	59.114	228.821	50.283	61.008	229.214	87.109	60.429	264.478	77.647	42.517	169.027	86.733	68.012	115.752	-27.528	66.248
193.260	83.310	59.116	228.837	50.288	61.002	229.227	87.120	60.437	264.467	77.669	42.522	169.035	86.736	67.989	115.765	-27.535	66.242
193.262	83.308	59.114	228.837	50.288	61.000	229.227	87.120	60.437	264.461	77.696	42.553	169.049	86.746	67.994	115.790	-27.550	66.234
193.269	83.312	59.097	228.841	50.301	61.000	229.238	87.129	60.442	264.455	77.728	42.556	169.066	86.752	67.986	115.811	-27.573	66.233
193.283	83.335	59.104	228.855	50.307	60.999	229.239	87.133	60.447	264.460	77.769	42.566	169.087	86.751	68.003	115.844	-27.594	66.244
193.287	83.334	59.099	228.856	50.307	60.997	229.245	87.142	60.440	264.450	77.791	42.570	169.103	86.755	67.995	115.865	-27.616	66.244
193.298	83.344	59.105	228.865	50.311	61.011	229.246	87.138	60.434	264.438	77.814	42.580	169.114	86.755	68.001	115.883	-27.648	66.250
193.299	83.343	59.101	228.869	50.318	61.004	229.248	87.148	60.431	264.434	77.838	42.566	169.131	86.758	67.991	115.911	-27.681	66.264
193.309	83.341	59.105	228.868	50.320	61.007	229.258	87.150	60.441	264.429	77.863	42.590	169.129	86.761	67.997	115.929	-27.709	66.275
193.296	83.328	59.097	228.869	50.318	61.003	229.255	87.141	60.447	264.416	77.876	42.598	169.129	86.749	67.995	115.965	-27.744	66.295
193.296	83.329	59.099	228.856	50.311	61.002	229.246	87.138	60.434	264.406	77.905	42.599	169.138	86.748	68.002	115.983	-27.781	66.295
193.285	83.337	59.103	228.856	50.311	61.002	229.243	87.141	60.441	264.377	77.926	42.580	169.127	86.746	67.992	116.014	-27.823	66.292
193.269	83.327	59.107	228.852	50.302	61.009	229.242	87.129	60.438	264.357	77.947	42.572	169.136	86.733	67.997	116.051	-27.861	66.306
193.264	83.322	59.115	228.850	50.300	61.008	229.232	87.127	60.427	264.324	77.968	42.555	169.140	86.709	68.006	116.086	-27.907	66.329
193.264	83.321	59.116	228.837	50.292	61.005	229.226	87.121	60.438	264.301	77.985	42.557	169.137	86.708	68.010	116.113	-27.941	66.343
193.251	83.306	59.102	228.834	50.292	61.010	229.226	87.121	60.438	264.285	78.005	42.567	169.146	86.690	68.006	116.126	-27.983	66.354
193.248	83.301	59.110	228.831	50.282	61.013	229.214	87.121	60.434	264.253	78.093	42.518	169.131	86.680	68.006	116.137	-28.019	66.374
193.245	83.300	59.115	228.822	50.279	61.000	229.213	87.110	60.432	264.219	78.138	42.460	169.125	86.659	68.013	116.174	-28.055	66.392
193.244	83.305	59.124	228.821	50.280	61.002	229.210	87.111	60.437	264.205	78.184	42.444	169.110	86.650	68.011	116.191	-28.084	66.400
193.241	83.293	59.123	228.819	50.282	61.009	229.210	87.111	60.437	264.188	78.204	42.461	169.101	86.646	67.995	116.207	-28.117	66.403
193.236	83.301	59.106	228.821	50.280	61.002	229.213	87.105	60.424	264.106	78.117	42.465	169.086	86.633	67.988	116.233	-28.134	66.425
193.242	83.303	59.124	228.821	50.281	61.004	229.213	87.109	60.430	264.098	78.128	42.453	169.073	86.622	67.980	116.230	-28.161	66.420
193.249	83.299	59.108	228.825	50.292	61.001	229.214	87.109	60.429	264.083	78.142	42.434	169.068	86.611	67.985	116.208	-28.179	66.394
193.249	83.302	59.113	228.830	50.283	61.015	229.216	87.119	60.427	264.084	78.135	42.424	169.055	86.598	67.975	116.205	-28.190	66.398
193.244	83.310	59.098	228.824	50.293	61.002	229.217	87.117	60.424	263.931	78.166	42.296	169.056	86.594	67.969	116.212	-28.208	66.400
193.265	83.316	59.106	228.837	50.288	61.000	229.227	87.120	60.437	263.936	78.175	42.286	169.059	86.590	67.959	116.224	-28.226	66.431
193.262	83.323	59.119	228.840	50.301	61.001	229.226	87.121	60.438	263.930	78.203	42.286	169.067	86.590	67.969	116.241	-28.237	66.452
193.265	83.316	59.105	228.840	50.301	61.001	229.229	87.130	60.434	263.928	78.222	42.299	169.075	86.597	67.956	116.236	-28.247	66.462
193.267	83.319	59.107	228.850	50.301	61.010	229.229	87.131	60.436	263.919	78.262	42.285	169.101	86.608	67.964	116.248	-28.239	66.522
193.272	83.326	59.099	228.852	50.298	61.003	229.238	87.133	60.447	263.918	78.307	42.271	169.121	86.623	67.955	116.258	-28.235	66.538
193.270	83.327	59.099	228.852	50.302	61.007	229.242	87.130	60.440	263.917	78.357	42.299	169.124	86.624	67.948	116.279	-28.234	66.561
193.273	83.336	59.095	228.852	50.299	61.003	229.232	87.131	60.432	263.904	78.394	42.315	169.141	86.648	67.948	116.298	-28.227	66.592
193.272	83.326	59.096	228.841	50.301	61.001	229.233	87.127	60.424	263.892	78.431	42.328	169.147	86.658	67.939	116.326	-28.231	66.631
193.265	83.320	59.113	228.840	50.302	61.003	229.229	87.130	60.434	263.889	78.477	42.350	169.158	86.674	67.922	116.341	-28.232	66.637
193.269	83.317	59.099	228.840	50.302	61.002	229.229	87.130	60.434	263.881	78.522	42.386	169.167	86.693	67.910	116.388	-28.226	66.661
193.265	83.316	59.108	228.837	50.305	61.009	229.226	87.121	60.438	263.876	78.568	42.388	169.184	86.713	67.910	116.403	-28.212	66.673
193.254	83.319	59.103	228.836	50.293	61.007	229.217	87.122	60.431	263.866	78.587	42.417	169.179	86.725	67.898	116.427	-28.208	66.693
193.260	83.309	59.114	228.836	50.289	61.003	229.217	87.122	60.431	263.869	78.613	42.417	169.197	86.743	67.893	116.461	-28.215	66.710
193.246	83.319	59.094	228.839	50.302	61.004	229.217	87.122	60.431	263.861	78.646	42.421	169.202	86.754	67.890	116.476	-28.198	66.727
193.256	83.317	59.098	228.833	50.293	61.012	229.217	87.122	60.431	263.862	78.674	42.426	169.218	86.762	67.887	116.507	-28.199	66.755
193.252	83.324	59.114	228.827	50.294	61.001	229.217	87.121	60.429	263.864	78.688	42.427	169.230	86.771	67.892	116.540	-28.202	66.775
193.261	83.320	59.117	228.840	50.302	61.002	229.217	87.134	60.433	263.849	78.683	42.425	169.233	86.770	67.887	116.577	-28.215	66.776
193.257	83.321	59.103	228.840	50.298	60.997	229.226	87.121	60.438	263.854	78.696	42.418	169.248	86.777	67.885	116.590	-28.217	66.816
193.269	83.324	59.098	228.839	50.303	61.004	229.232	87.127	60.427	263.849	78.720	42.405	169.247	86.778	67.887	116.598	-28.229	66.793
193.272	83.321	59.089	228.844	50.310	60.995	229.230	87.129	60.432	263.852	78.733	42.406	169.249	86.775	67.881	116.608	-28.229	66.837
193.273	83.326	59.095	228.851	50.298	61.003	229.233	87.142	60.433	263.856	78.740	42.394	169.256	86.764	67.891	116.639	-28.249	66.812
193.272	83.326	59.096	228.856	50.311	61.002	229.235	87.140	60.426	263.854	78.765	42.381	169.259	86.760	67.882	116.655	-28.262	66.832
193.285	83.337	59.104	228.856	50.311	61.002	229.245	87.139	60.435	263.860	78.771	42.367	169.257	86.746	67.879	116.676	-28.280	66.838
193.283	83.323	59.097	228.856	50.310	61.002	229.245	87.139	60.435	263.846	78.768	42.339	169.266	86.742	67.881	116.681	-28.290	66.853
193.286	83.336	59.101	228.856	50.311	61.002	229.242	87.141	60.441	263.844	78.771	42.340	169.283	86.729	67.898	116.714	-28.301	66.861
193.286	83.331	59.091	228.853	50.313	61.009	229.245	87.138	60.433	263.839	78.780	42.324	169.275	86.728	67.887	116.723	-28.328	66.824
193.286	83.335	59.099	228.856	50.310	61.000	229.245	87.138	60.433	263.839	78.793	42.324	169.279	86.737	67.879	116.779	-28.314	66.851
193.284	83.333	59.098	228.856	50.307	60.997	229.246	87.137	60.432	263.837	78.797	42.296	169.277	86.738	67.884	116.747	-28.325	66.827
193.273	83.319	59.084	228.852	50.298	61.001	229.233	87.141	60.432	263.824	78.789	42.292	169.270	86.741	67.875	116.749	-28.298	66.868
193.269	83.312	59.095	228.842	50.296	60.993	229.242	87.126	60.432	263.818	78.799	42.277	169.276	86.758	67.864	116.751	-28.299	66.829
193.269	83.313	59.095	228.840	50.301	61.001	229.233	87.127	60.424	263.808	78.788	42.262	169.279	86.769	67.862	116.713	-28.282	66.836
193.268	83.317	59.104	228.849	50.301	61.010	229.230	87.129	60.430	263.790	78.859	42.209	169.285	86.777	67.851	116.695	-28.264	66.829
193.267	83.315	59.101	228.836	50.293	61.007	229.217	87.121	60.429	263.782	78.871	42.198	169.282	86.801	67.841	116.675	-28.240	66.833
193.258	83.315	59.092	228.838	50.300	61.002	229.223	87.124	60.446	263.765	78.883	42.180	169.284	86.814	67.842	116.673	-28.236	66.839
193.252	83.306	59.101	228.824	50.293	61.000	229.217	87.121	60.429	263.755	78.901	42.182	169.303	86.815	67.827	116.663	-28.216	66.843
193.253	83.308	59.103	228.825	50.293	61.000	229.217	87.122	60.431	263.748	78.926	42.179	169.337	86.837	67.843	116.626	-28.196	66.856
193.254	83.319	59.105	228.834	50.292	61.008	229.217	87.122	60.431	263.740	78.938	42.169	169.355	86.842	67.836	116.648	-28.207	66.818
193.256	83.321	59.101	228.834	50.292	61.008	229.220	87.131	60.426	263.733	78.953	42.166	169.356	86.842	67.836	116.648	-28.203	66.824
193.258	83.316	59.093	228.828	50.306	61.001	229.219	87.132	60.428	263.727	78.971	42.184	169.369	86.840	67.836	116.648	-28.203	66.824
193.268	83.325	59.099	228.827	50.307	61.003	229.220	87.131	60.424	263.719	78.974	42.176	169.384	86.843	67.838	116.648	-28.199	66.830
193.260	83.330	59.095	228.840	50.303	61.002	229.230	87.129	60.432	263.717	78.976	42.182	169.397	86.858	67.844	116.676	-28.200	66.819
193.272	83.322	59.087	228.843	50.315	61.003	229.233	87.139	60.427	263.723	78.996	42.175	169.419	86.852	67.849	116.712	-28.194	66.832
193.285	83.333	59.096	228.855	50.311	61.002	229.244	87.139	60.434	263.720	79.002	42.185	169.445	86.871	67.859	116.714	-28.183	66.833
193.276	83.334	59.089	228.856	50.307	60.996	229.238	87.149	60.422	263.706	79.023	42.201	169.446	86.869	67.855	116.729	-28.174	66.833
193.274	83.340	59.099	228.858	50.317	60.994	229.248	87.148	60.429	263.638	78.982	42.165	169.456	86.871	67.869	116.731	-28.176	66.828
193.287	83.335	59.095	228.855	50.312	61.004	229.245	87.138	60.433	263.704	79.045	42.183	169.474	86.874	67.857	116.742	-28.174	66.836
193.290	83.344	59.091	228.856	50.311	61.002	229.245	87.138	60.433	263.689	79.040	42.188	169.476	86.872	67.853	116.754	-28.164	66.844
193.276	83.338	59.095	228.859	50.320	60.997	229.248	87.148	60.429	263.625	78.972	42.192	169.477	86.870	67.849	116.756	-28.164	66.840
193.286	83.331	59.094	228.853	50.310	61.003	229.245	87.138	60.433	263.623	79.004	42.181	169.484	86.859	67.859	116.756	-28.164	66.842
193.284	83.329	59.091	228.856	50.311	61.002	229.236	87.139	60.426	263.686	79.092	42.190	169.484	86.860	67.861	116.766	-28.167	66.847
193.271	83.327	59.099	228.856	50.307	60.996	229.233	87.139	60.427	263.620	79.007	42.187	169.485	86.856	67.862	116.784	-28.167	66.867
193.282	83.324	59.102	228.856	50.306	60.995	229.236	87.136	60.420	263.607	78.997	42.180	169.489	86.847	67.873	116.781	-28.176	66.872
193.259	83.329	59.097	228.843	50.311	60.998	229.230	87.129	60.432	263.600	79.019	42.172	169.489	86.830	67.864	116.788	-28.191	66.879
193.265	83.320	59.111	228.840	50.298	60.997	229.220	87.131	60.426	263.588	79.008	42.163	169.485	86.819	67.873	116.783	-28.201	66.883
193.268	83.313	59.097	228.841	50.297	60.995	229.220	87.131	60.426	263.565	79.019	42.132	169.482	86.808	67.870	116.789	-28.209	66.902
193.257	83.320	59.102	228.826	50.292	60.999	229.217	87.121	60.429	263.549	79.009	42.127	169.489	86.797	67.879	116.757	-28.208	66.881
193.262	83.307	59.110	228.837	50.289	61.001	229.217	87.121	60.429	263.545	78.986	42.127	169.499	86.791	67.879	116.744	-28.198	66.925
193.255	83.317	59.097	228.825	50.293	61.000	229.217	87.117	60.423	263.543	79.004	42.108	169.499	86.791	67.879	116.710	-28.222	66.863
193.251	83.311	59.108	228.824	50.293	61.002	229.217	87.117	60.423	263.538	78.996	42.115	169.494	86.786	67.863	116.705	-28.214	66.880
193.262	83.317	59.110	228.828	50.290	60.993	229.214	87.124	60.436	263.547	78.981	42.117	169.503	86.789	67.878	116.670	-28.197	66.918
193.255	83.318	59.098	228.831	50.299	60.989	229.217	87.122	60.431	263.549	78.993	42.086	169.497	86.799	67.866	116.635	-28.190	66.873
193.265	83.317	59.104	228.828	50.302	60.996	229.217	87.118	60.425	263.546	78.996	42.095	169.507	86.801	67.877	116.609	-28.178	66.878
193.256	83.318	59.095	228.830	50.303	60.994	229.222	87.128	60.419	263.549	78.976	42.075	169.513	86.807	67.863	116.591	-28.161	66.868
193.257	83.322	59.103	228.840	50.302	61.002	229.219	87.132	60.428	263.545	78.965	42.078	169.517	86.815	67.857	116.571	-28.149	66.853
193.270	83.324	59.096	228.839	50.303	61.004	229.220	87.131	60.426	263.556	78.945	42.073	169.512	86.808	67.866	116.538	-28.156	66.827
193.273	83.325	59.092	228.831	50.303	60.994	229.220	87.131	60.424	263.555	78.943	42.070	169.524	86.808	67.873	116.519	-28.142	66.814
193.230	83.324	59.076	228.830	50.303	60.994	229.230	87.129	60.432	263.569	78.939	42.070	169.524	86.803	67.865	116.501	-28.134	66.787
193.262	83.329	59.090	228.843	50.311	60.996	229.235	87.140	60.426	263.563	78.948	42.057	169.534	86.802	67.873	116.484	-28.123	66.764
193.261	83.329	59.093	228.830	50.304	60.993	229.230	87.129	60.432	263.561	78.934	42.053	169.535	86.801	67.872	116.476	-28.112	66.750
193.273	83.322	59.088	228.840	50.299	60.996	229.229	87.130	60.432	263.565	78.927	42.075	169.543	86.808	67.856	116.455	-28.100	66.734
193.261	83.329	59.093	228.840	50.302	61.000	229.229	87.130	60.432	263.571	78.929	42.058	169.542	86.809	67.861	116.444	-28.098	66.727
193.268	83.329	59.105	228.837	50.305	61.009	229.221	87.130	60.424	263.564	78.928	42.076	169.541	86.815	67.868	116.432	-28.090	66.727
193.223	83.315	59.087	228.831	50.299	60.986	229.217	87.122	60.431	263.564	78.909	42.065	169.549	86.818	67.848	116.427	-28.069	66.714
193.258	83.315	59.090	228.827	50.291	60.994	229.217	87.122	60.431	263.548	78.906	42.071	169.565	86.824	67.842	116.411	-28.054	66.731
193.243	83.310	59.096	228.824	50.293	61.000	229.217	87.121	60.429	263.550	78.902	42.064	169.555	86.828	67.840	116.403	-28.047	66.715
193.240	83.309	59.099	228.825	50.289	60.995	229.216	87.119	60.426	263.550	78.917	42.075	169.559	86.837	67.834	116.399	-28.050	66.729
193.242	83.312	59.100	228.824	50.293	61.000	229.216	87.122	60.430	263.545	78.908	42.080	169.567	86.844	67.851	116.401	-28.035	66.733
193.240	83.313	59.106	228.824	50.293	61.003	229.217	87.118	60.424	263.537	78.909	42.069	169.567	86.842	67.847	116.405	-28.030	66.723
193.222	83.303	59.082	228.822	50.292	61.004	229.216	87.119	60.425	263.543	78.908	42.083	169.568	86.840	67.847	116.402	-28.035	66.734
193.252	83.310	59.104	228.824	50.293	61.003	229.216	87.119	60.425	263.543	78.907	42.079	169.571	86.836	67.841	116.412	-28.036	66.740
193.250	83.310	59.105	228.824	50.293	61.003	229.217	87.117	60.423	263.541	78.913	42.090	169.578	86.826	67.851	116.409	-28.049	66.742
193.245	83.320	59.095	228.825	50.289	60.994	229.217	87.118	60.424	263.542	78.916	42.093	169.580	86.823	67.844	116.420	-28.050	66.748
193.253	83.320	59.104	228.824	50.294	61.002	229.216	87.122	60.430	263.539	78.919	42.066	169.590	86.821	67.852	116.430	-28.046	66.764
193.257	83.316	59.090	228.830	50.300	60.990	229.220	87.130	60.424	263.544	78.914	42.087	169.601	86.821	67.855	116.428	-28.055	66.770
193.259	83.315	59.087	228.831	50.299	60.989	229.220	87.130	60.424	263.538	78.924	42.071	169.603	86.821	67.857	116.434	-28.063	66.787
193.260	83.325	59.088	228.831	50.299	60.989	229.220	87.132	60.426	263.541	78.933	42.067	169.611	86.822	67.865	116.435	-28.060	66.793
193.270	83.327	59.099	228.840	50.302	61.000	229.230	87.129	60.432	263.554	78.944	42.074	169.627	86.827	67.861	116.446	-28.044	66.810
193.273	83.320	59.083	228.840	50.302	61.000	229.221	87.130	60.424	263.546	78.959	42.070	169.618	86.831	67.857	116.444	-28.049	66.819
193.263	83.326	59.085	228.840	50.302	61.000	229.229	87.134	60.439	263.539	78.968	42.055	169.639	86.830	67.871	116.455	-28.052	66.825
193.271	83.328	59.097	228.839	50.307	61.007	229.230	87.129	60.432	263.540	78.967	42.055	169.640	86.842	67.871	116.455	-28.047	66.832
193.274	83.319	59.084	228.843	50.311	60.996	229.220	87.132	60.426	263.534	78.969	42.042	169.643	86.839	67.865	116.454	-28.040	66.843
193.269	83.329	59.101	228.843	50.299	60.993	229.230	87.132	60.435	263.545	78.976	42.046	169.643	86.839	67.865	116.462	-28.037	66.859
193.273	83.325	59.092	228.831	50.302	60.992	229.233	87.127	60.424	263.522	78.985	42.044	169.643	86.855	67.875	116.464	-28.037	66.857
193.273	83.325	59.092	228.839	50.303	61.001	229.229	87.131	60.433	263.543	78.981	42.054	169.643	86.839	67.865	116.457	-28.039	66.879
193.256	83.317	59.095	228.839	50.303	61.004	229.229	87.131	60.433	263.519	78.994	42.025	169.645	86.840	67.866	116.467	-28.039	66.887
193.265	83.318	59.107	228.840	50.302	61.002	229.229	87.129	60.432	263.528	78.988	42.024	169.653	86.837	67.870	116.466	-28.054	66.886
193.268	83.315	59.099	228.828	50.306	61.001	229.217	87.121	60.429	263.527	79.005	42.035	169.642	86.827	67.863	116.485	-28.056	66.901
193.258	83.315	59.092	228.840	50.298	60.997	229.217	87.118	60.425	263.527	78.991	42.028	169.650	86.828	67.877	116.496	-28.058	66.907
193.267	83.315	59.098	228.827	50.290	60.993	229.217	87.117	60.423	263.519	78.991	42.016	169.649	86.816	67.876	116.491	-28.065	66.918
193.253	83.305	59.095	228.824	50.293	61.003	229.217	87.117	60.423	263.505	78.994	42.017	169.658	86.811	67.877	116.503	-28.070	66.920
193.251	83.311	59.105	228.825	50.292	60.998	229.217	87.121	60.429	263.518	78.991	42.019	169.656	86.797	67.876	116.502	-28.086	66.913
193.252	83.308	59.100	228.825	50.292	60.998	229.217	87.117	60.423	263.388	78.965	41.926	169.662	86.787	67.887	116.500	-28.088	66.912
193.254	83.311	59.104	228.825	50.293	61.000	229.217	87.117	60.423	263.511	78.987	41.998	169.666	86.795	67.882	116.502	-28.093	66.903
193.253	83.320	59.107	228.825	50.293	61.000	229.217	87.117	60.423	263.516	78.993	42.023	169.673	86.784	67.892	116.502	-28.093	66.903
193.251	83.315	59.080	228.828	50.301	60.994	229.217	87.117	60.423	263.520	78.986	42.008	169.669	86.776	67.899	116.502	-28.091	66.905
193.256	83.305	59.092	228.825	50.293	61.000	229.217	87.121	60.426	263.520	78.989	42.013	169.682	86.771	67.898	116.492	-28.090	66.898
193.267	83.316	59.102	228.837	50.289	61.001	229.217	87.121	60.429	263.523	78.982	41.996	169.682	86.774	67.904	116.491	-28.088	66.899
193.258	83.315	59.090	228.837	50.301	61.004	229.227	87.120	60.436	263.530	78.971	42.010	169.707	86.779	67.908	116.468	-28.069	66.864
