11406600.000000
11406605.000000
11406610.000000
11406615.000000
11406620.000000
11406625.000000
11406630.000000
11406635.000000
11406640.000000
11406645.000000
11406650.000000
11406655.000000
11406660.000000
11406665.000000
11406670.000000
11406675.000000
11406680.000000
11406685.000000
11406690.000000
11406695.000000
11406700.000000
11406705.000000
11406710.000000
11406715.000000
11406720.000000
11406725.000000
11406730.000000
11406735.000000
11406740.000000
11406745.000000
11406750.000000
11406755.000000
11406760.000000
11406765.000000
11406770.000000
11406775.000000
11406780.000000
11406785.000000
11406790.000000
11406795.000000
11406800.000000
11406805.000000
11406810.000000
11406815.000000
11406820.000000
11406825.000000
11406830.000000
11406835.000000
11406840.000000
11406845.000000
11406850.000000
11406855.000000
11406860.000000
11406865.000000
11406870.000000
11406875.000000
11406880.000000
11406885.000000
11406890.000000
11406895.000000
11406900.000000
11406905.000000
11406910.000000
11406915.000000
11406920.000000
11406925.000000
11406930.000000
11406935.000000
11406940.000000
11406945.000000
11406950.000000
11406955.000000
11406960.000000
11406965.000000
11406970.000000
11406975.000000
11406980.000000
11406985.000000
11406990.000000
11406995.000000
11407000.000000
11407005.000000
11407010.000000
11407015.000000
11407020.000000
11407025.000000
11407030.000000
11407035.000000
11407040.000000
11407045.000000
11407050.000000
11407055.000000
11407060.000000
11407065.000000
11407070.000000
11407075.000000
11407080.000000
11407085.000000
11407090.000000
11407095.000000
11407100.000000
11407105.000000
11407110.000000
11407115.000000
11407120.000000
11407125.000000
11407130.000000
11407135.000000
11407140.000000
11407145.000000
11407150.000000
11407155.000000
11407160.000000
11407165.000000
11407170.000000
11407175.000000
11407180.000000
11407185.000000
11407190.000000
11407195.000000
11407200.000000
11407205.000000
11407210.000000
11407215.000000
11407220.000000
11407225.000000
11407230.000000
11407235.000000
11407240.000000
11407245.000000
11407250.000000
11407255.000000
11407260.000000
11407265.000000
11407270.000000
11407275.000000
11407280.000000
11407285.000000
11407290.000000
11407295.000000
11407300.000000
11407305.000000
11407310.000000
11407315.000000
11407320.000000
11407325.000000
11407330.000000
11407335.000000
11407340.000000
11407345.000000
11407350.000000
11407355.000000
11407360.000000
11407365.000000
11407370.000000
11407375.000000
11407380.000000
11407385.000000
11407390.000000
11407395.000000
11407400.000000
11407405.000000
11407410.000000
11407415.000000
11407420.000000
11407425.000000
11407430.000000
11407435.000000
11407440.000000
11407445.000000
11407450.000000
11407455.000000
11407460.000000
11407465.000000
11407470.000000
11407475.000000
11407480.000000
11407485.000000
11407490.000000
11407495.000000
11407500.000000
11407505.000000
11407510.000000
11407515.000000
11407520.000000
11407525.000000
11407530.000000
11407535.000000
11407540.000000
11407545.000000
11407550.000000
11407555.000000
11407560.000000
11407565.000000
11407570.000000
11407575.000000
11407580.000000
11407585.000000
11407590.000000
11407595.000000
11407600.000000
11407605.000000
11407610.000000
11407615.000000
11407620.000000
11407625.000000
11407630.000000
11407635.000000
11407640.000000
11407645.000000
11407650.000000
11407655.000000
11407660.000000
11407665.000000
11407670.000000
11407675.000000
11407680.000000
11407685.000000
11407690.000000
11407695.000000
11407700.000000
11407705.000000
11407710.000000
11407715.000000
11407720.000000
11407725.000000
11407730.000000
11407735.000000
11407740.000000
11407745.000000
11407750.000000
11407755.000000
11407760.000000
11407765.000000
11407770.000000
11407775.000000
11407780.000000
11407785.000000
11407790.000000
11407795.000000
11407800.000000
11407805.000000
11407810.000000
11407815.000000
11407820.000000
11407825.000000
11407830.000000
11407835.000000
11407840.000000
11407845.000000
11407850.000000
11407855.000000
11407860.000000
11407865.000000
11407870.000000
11407875.000000
11407880.000000
11407885.000000
11407890.000000
11407895.000000
11407900.000000
11407905.000000
11407910.000000
11407915.000000
11407920.000000
11407925.000000
11407930.000000
11407935.000000
11407940.000000
11407945.000000
11407950.000000
11407955.000000
11407960.000000
11407965.000000
11407970.000000
11407975.000000
11407980.000000
11407985.000000
11407990.000000
11407995.000000
11408000.000000
11408005.000000
11408010.000000
11408015.000000
11408020.000000
11408025.000000
11408030.000000
11408035.000000
11408040.000000
11408045.000000
11408050.000000
11408055.000000
11408060.000000
11408065.000000
11408070.000000
11408075.000000
11408080.000000
11408085.000000
11408090.000000
11408095.000000
11408100.000000
11408105.000000
11408110.000000
11408115.000000
11408120.000000
11408125.000000
11408130.000000
11408135.000000
11408140.000000
11408145.000000
11408150.000000
11408155.000000
11408160.000000
11408165.000000
11408170.000000
11408175.000000
11408180.000000
11408185.000000
11408190.000000
11408195.000000
11408200.000000
11408205.000000
11408210.000000
11408215.000000
11408220.000000
11408225.000000
11408230.000000
11408235.000000
11408240.000000
11408245.000000
11408250.000000
11408255.000000
11408260.000000
11408265.000000
11408270.000000
11408275.000000
11408280.000000
11408285.000000
11408290.000000
11408295.000000
11408300.000000
11408305.000000
11408310.000000
11408315.000000
11408320.000000
11408325.000000
11408330.000000
11408335.000000
11408340.000000
11408345.000000
11408350.000000
11408355.000000
11408360.000000
11408365.000000
11408370.000000
11408375.000000
11408380.000000
11408385.000000
11408390.000000
11408395.000000
11408400.000000
11408405.000000
11408410.000000
11408415.000000
11408420.000000
11408425.000000
11408430.000000
11408435.000000
11408440.000000
11408445.000000
11408450.000000
11408455.000000
11408460.000000
11408465.000000
11408470.000000
11408475.000000
11408480.000000
11408485.000000
11408490.000000
11408495.000000
11408500.000000
11408505.000000
11408510.000000
11408515.000000
11408520.000000
11408525.000000
11408530.000000
11408535.000000
11408540.000000
11408545.000000
11408550.000000
11408555.000000
11408560.000000
11408565.000000
11408570.000000
11408575.000000
11408580.000000
11408585.000000
11408590.000000
11408595.000000
