193.307	83.260	59.138	228.899	50.236	60.950	229.276	87.070	60.423	-95.621	83.848	-5.233	-179.327	39.954	-4.400	-167.545	-83.916	16.402
193.307	83.266	59.147	228.900	50.235	60.947	229.274	87.072	60.428	-95.624	83.840	-5.224	-179.316	39.952	-4.394	-167.545	-83.917	16.402
193.309	83.259	59.134	228.899	50.248	60.956	229.274	87.072	60.428	-95.621	83.848	-5.230	-179.327	39.953	-4.399	-167.534	-83.918	16.407
193.307	83.262	59.143	228.898	50.249	60.958	229.277	87.081	60.424	-95.623	83.849	-5.223	-179.316	39.951	-4.393	-167.518	-83.907	16.411
193.299	83.265	59.135	228.898	50.253	60.964	229.276	87.086	60.432	-95.613	83.829	-5.237	-179.316	39.951	-4.393	-167.531	-83.910	16.398
193.307	83.262	59.139	228.903	50.244	60.943	229.277	87.085	60.427	-95.614	83.831	-5.233	-179.319	39.944	-4.385	-167.530	-83.910	16.399
193.299	83.261	59.128	228.898	50.249	60.957	229.277	87.085	60.429	-95.613	83.829	-5.236	-179.320	39.938	-4.395	-167.545	-83.917	16.401
193.308	83.260	59.137	228.895	50.241	60.963	229.277	87.085	60.429	-95.613	83.829	-5.237	-179.319	39.941	-4.390	-167.530	-83.904	16.410
193.289	83.268	59.129	228.893	50.250	60.943	229.280	87.082	60.420	-95.614	83.831	-5.230	-179.318	39.940	-4.394	-167.546	-83.920	16.396
193.296	83.269	59.144	228.897	50.251	60.959	229.276	87.086	60.432	-95.617	83.822	-5.224	-179.319	39.941	-4.390	-167.542	-83.906	16.398
193.310	83.274	59.140	228.897	50.251	60.959	229.279	87.083	60.424	-95.613	83.827	-5.244	-179.332	39.942	-4.397	-167.542	-83.903	16.403
193.298	83.267	59.137	228.897	50.251	60.959	229.277	87.085	60.429	-95.627	83.840	-5.216	-179.328	39.949	-4.408	-167.554	-83.908	16.384
193.298	83.267	59.137	228.902	50.245	60.945	229.277	87.085	60.429	-95.612	83.833	-5.230	-179.329	39.949	-4.408	-167.542	-83.905	16.397
193.308	83.260	59.136	228.897	50.251	60.959	229.276	87.087	60.431	-95.625	83.832	-5.237	-179.328	39.953	-4.400	-167.531	-83.913	16.393
193.310	83.274	59.141	228.895	50.253	60.966	229.276	87.083	60.425	-95.627	83.841	-5.213	-179.329	39.950	-4.405	-167.542	-83.908	16.392
193.298	83.267	59.137	228.897	50.254	60.965	229.277	87.082	60.424	-95.616	83.843	-5.201	-179.331	39.945	-4.395	-167.527	-83.895	16.401
193.304	83.268	59.152	228.889	50.251	60.951	229.276	87.085	60.429	-95.627	83.841	-5.214	-179.328	39.952	-4.403	-167.526	-83.895	16.401
193.308	83.260	59.138	228.898	50.250	60.957	229.276	87.086	60.432	-95.626	83.846	-5.204	-179.327	39.954	-4.400	-167.515	-83.900	16.402
193.307	83.265	59.144	228.894	50.241	60.964	229.276	87.086	60.432	-95.612	83.833	-5.230	-179.316	39.952	-4.394	-167.515	-83.899	16.402
193.298	83.267	59.140	228.897	50.254	60.965	229.276	87.082	60.426	-95.614	83.831	-5.230	-179.316	39.952	-4.394	-167.515	-83.903	16.395
193.298	83.263	59.131	228.897	50.251	60.959	229.277	87.085	60.429	-95.614	83.831	-5.230	-179.317	39.951	-4.397	-167.515	-83.902	16.396
193.299	83.261	59.130	228.907	50.250	60.967	229.276	87.082	60.426	-95.612	83.831	-5.235	-179.316	39.951	-4.393	-167.526	-83.901	16.390
193.307	83.261	59.138	228.898	50.250	60.957	229.277	87.084	60.427	-95.611	83.828	-5.242	-179.319	39.942	-4.390	-167.526	-83.902	16.391
193.307	83.261	59.138	228.903	50.245	60.945	229.277	87.085	60.429	-95.603	83.810	-5.247	-179.320	39.936	-4.402	-167.526	-83.902	16.389
193.299	83.265	59.135	228.899	50.240	60.955	229.279	87.083	60.424	-95.612	83.807	-5.267	-179.307	39.941	-4.381	-167.530	-83.913	16.394
193.308	83.260	59.138	228.895	50.240	60.962	229.286	87.085	60.437	-95.602	83.808	-5.253	-179.299	39.931	-4.369	-167.515	-83.906	16.390
193.308	83.264	59.142	228.912	50.244	60.953	229.277	87.085	60.427	-95.604	83.807	-5.250	-179.305	39.940	-4.388	-167.530	-83.909	16.399
193.317	83.263	59.151	228.898	50.248	60.956	229.286	87.084	60.438	-95.602	83.814	-5.240	-179.318	39.939	-4.397	-167.515	-83.903	16.396
193.314	83.267	59.127	228.911	50.245	60.956	229.289	87.081	60.428	-95.602	83.809	-5.250	-179.316	39.952	-4.393	-167.515	-83.903	16.396
193.308	83.265	59.142	228.910	50.246	60.958	229.279	87.082	60.422	-95.603	83.811	-5.243	-179.299	39.930	-4.372	-167.538	-83.901	16.383
193.308	83.264	59.143	228.898	50.250	60.957	229.277	87.086	60.431	-95.602	83.809	-5.250	-179.316	39.951	-4.393	-167.527	-83.896	16.401
193.307	83.262	59.140	228.902	50.248	60.949	229.276	87.085	60.429	-95.603	83.807	-5.253	-179.316	39.948	-4.403	-167.523	-83.885	16.397
193.307	83.261	59.138	228.898	50.250	60.957	229.279	87.082	60.422	-95.604	83.813	-5.236	-179.316	39.950	-4.401	-167.527	-83.895	16.400
193.307	83.261	59.138	228.898	50.250	60.957	229.277	87.081	60.424	-95.611	83.822	-5.252	-179.314	39.952	-4.396	-167.541	-83.902	16.403
193.307	83.266	59.145	228.902	50.245	60.945	229.279	87.083	60.424	-95.612	83.824	-5.248	-179.314	39.954	-4.392	-167.538	-83.894	16.394
193.308	83.272	59.139	228.897	50.251	60.959	229.277	87.085	60.429	-95.614	83.815	-5.243	-179.313	39.955	-4.390	-167.526	-83.898	16.396
193.299	83.266	59.136	228.897	50.251	60.959	229.276	87.085	60.429	-95.603	83.811	-5.243	-179.315	39.952	-4.393	-167.542	-83.908	16.392
193.304	83.264	59.146	228.897	50.251	60.959	229.276	87.086	60.431	-95.603	83.813	-5.240	-179.316	39.951	-4.396	-167.542	-83.905	16.399
193.304	83.264	59.147	228.888	50.250	60.949	229.276	87.087	60.431	-95.601	83.822	-5.241	-179.313	39.955	-4.390	-167.527	-83.899	16.395
193.297	83.268	59.138	228.903	50.244	60.943	229.276	87.087	60.431	-95.593	83.809	-5.234	-179.315	39.948	-4.403	-167.543	-83.912	16.386
193.307	83.266	59.147	228.897	50.251	60.959	229.276	87.087	60.431	-95.605	83.809	-5.242	-179.307	39.938	-4.391	-167.542	-83.905	16.397
193.296	83.269	59.144	228.897	50.251	60.959	229.277	87.085	60.429	-95.603	83.809	-5.245	-179.311	39.924	-4.391	-167.531	-83.910	16.399
193.307	83.265	59.144	228.900	50.248	60.952	229.277	87.085	60.429	-95.598	83.801	-5.220	-179.307	39.937	-4.393	-167.530	-83.913	16.392
193.308	83.271	59.140	228.898	50.250	60.957	229.276	87.085	60.429	-95.597	83.798	-5.230	-179.309	39.936	-4.391	-167.531	-83.913	16.392
193.308	83.260	59.136	228.897	50.254	60.965	229.288	87.082	60.432	-95.596	83.801	-5.226	-179.300	39.922	-4.388	-167.531	-83.910	16.398
193.307	83.261	59.138	228.898	50.249	60.958	229.279	87.083	60.424	-95.597	83.799	-5.225	-179.310	39.931	-4.377	-167.542	-83.909	16.392
193.296	83.258	59.140	228.908	50.247	60.963	229.289	87.082	60.430	-95.596	83.801	-5.227	-179.301	39.918	-4.372	-167.530	-83.909	16.400
193.308	83.261	59.138	228.897	50.238	60.954	229.277	87.085	60.430	-95.608	83.803	-5.227	-179.311	39.927	-4.384	-167.531	-83.914	16.393
193.308	83.261	59.139	228.899	50.248	60.956	229.277	87.081	60.424	-95.594	83.807	-5.235	-179.301	39.918	-4.372	-167.546	-83.920	16.395
193.304	83.268	59.155	228.898	50.250	60.959	229.286	87.084	60.438	-95.606	83.814	-5.224	-179.314	39.917	-4.382	-167.541	-83.912	16.387
193.296	83.254	59.136	228.900	50.238	60.952	229.277	87.085	60.430	-95.606	83.813	-5.232	-179.315	39.917	-4.382	-167.530	-83.907	16.406
193.306	83.266	59.148	228.898	50.250	60.959	229.289	87.077	60.425	-95.605	83.816	-5.225	-179.320	39.936	-4.402	-167.534	-83.924	16.397
193.304	83.259	59.142	228.898	50.249	60.958	229.280	87.082	60.423	-95.627	83.824	-5.228	-179.324	39.925	-4.396	-167.529	-83.910	16.400
193.308	83.260	59.139	228.897	50.251	60.959	229.279	87.079	60.419	-95.628	83.822	-5.234	-179.336	39.925	-4.406	-167.534	-83.917	16.408
193.296	83.264	59.139	228.897	50.251	60.959	229.273	87.073	60.430	-95.629	83.830	-5.212	-179.335	39.930	-4.399	-167.534	-83.920	16.404
193.307	83.265	59.144	228.893	50.250	60.943	229.276	87.086	60.432	-95.636	83.844	-5.221	-179.332	39.938	-4.407	-167.522	-83.911	16.428
193.310	83.274	59.140	228.894	50.241	60.964	229.276	87.087	60.431	-95.635	83.848	-5.216	-179.332	39.942	-4.395	-167.545	-83.905	16.425
193.309	83.264	59.141	228.897	50.251	60.959	229.276	87.086	60.431	-95.629	83.866	-5.230	-179.332	39.939	-4.405	-167.540	-83.911	16.466
193.295	83.266	59.140	228.897	50.251	60.959	229.276	87.087	60.431	-95.628	83.884	-5.212	-179.344	39.946	-4.395	-167.541	-83.910	16.471
193.306	83.278	59.150	228.897	50.251	60.959	229.276	87.087	60.431	-95.634	83.904	-5.210	-179.344	39.945	-4.400	-167.552	-83.893	16.494
193.298	83.267	59.137	228.896	50.255	60.966	229.276	87.087	60.431	-95.627	83.928	-5.211	-179.342	39.951	-4.389	-167.546	-83.902	16.536
193.301	83.276	59.134	228.894	50.257	60.972	229.276	87.087	60.431	-95.617	83.941	-5.246	-179.344	39.942	-4.407	-167.529	-83.903	16.598
193.300	83.278	59.139	228.896	50.255	60.966	229.275	87.091	60.439	-95.583	83.979	-5.233	-179.351	39.925	-4.388	-167.513	-83.899	16.706
193.311	83.279	59.147	228.896	50.255	60.966	229.279	87.099	60.432	-95.570	84.028	-5.235	-179.369	39.908	-4.381	-167.329	-83.895	16.865
193.300	83.278	59.138	228.896	50.256	60.968	229.276	87.099	60.436	-95.555	84.075	-5.239	-179.369	39.880	-4.370	-167.203	-83.866	17.119
193.307	83.278	59.149	228.896	50.256	60.968	229.278	87.098	60.430	-95.524	84.140	-5.235	-179.410	39.833	-4.355	-167.069	-83.808	17.402
193.305	83.281	59.156	228.893	50.259	60.975	229.275	87.091	60.439	-95.508	84.236	-5.223	-179.444	39.774	-4.348	-167.010	-83.816	17.563
193.300	83.278	59.139	228.900	50.265	60.964	229.276	87.098	60.434	-95.485	84.357	-5.218	-179.574	39.746	-4.379	-166.914	-83.863	17.703
193.308	83.277	59.148	228.897	50.271	60.975	229.279	87.100	60.434	-95.420	84.498	-5.201	-179.620	39.687	-4.358	-166.923	-83.899	17.863
193.321	83.288	59.155	228.909	50.268	60.977	229.288	87.099	60.442	-95.340	84.683	-5.198	-179.658	39.622	-4.317	-166.715	-83.856	18.268
193.311	83.279	59.147	228.909	50.267	60.976	229.288	87.099	60.442	-95.202	84.940	-5.160	-179.700	39.557	-4.241	-166.437	-83.875	18.580
193.311	83.278	59.146	228.905	50.262	60.954	229.297	87.098	60.450	-95.081	85.162	-5.055	-179.758	39.495	-4.214	-166.309	-83.932	18.779
193.320	83.277	59.152	228.912	50.264	60.969	229.300	87.095	60.442	-94.927	85.415	-4.687	-179.873	39.413	-4.183	-166.174	-83.943	19.130
193.320	83.272	59.146	228.925	50.259	60.966	229.310	87.093	60.449	-94.816	85.650	-3.992	-179.991	39.296	-4.082	-165.780	-83.905	19.673
193.322	83.275	59.149	228.925	50.259	60.966	229.314	87.105	60.448	-94.681	85.919	-2.554	-180.070	39.158	-3.834	-165.555	-84.010	20.015
193.321	83.275	59.149	228.934	50.262	60.979	229.322	87.090	60.453	-94.432	86.268	-0.616	-180.171	39.046	-3.492	-165.139	-83.997	20.587
193.335	83.269	59.147	228.944	50.260	60.986	229.334	87.102	60.462	-94.272	86.737	1.394	-180.395	38.971	-3.162	-164.841	-84.031	21.074
193.337	83.268	59.140	228.948	50.256	60.977	229.344	87.084	60.460	-93.915	87.207	3.561	-180.501	38.839	-2.690	-164.348	-84.015	21.705
193.354	83.266	59.160	228.957	50.251	60.979	229.345	87.083	60.458	-93.548	87.605	5.704	-180.636	38.791	-2.028	-164.016	-84.066	22.221
193.356	83.264	59.153	228.960	50.251	60.977	229.359	87.092	60.460	-93.128	87.977	7.773	-180.667	38.745	-0.840	-163.460	-84.061	22.856
193.356	83.263	59.153	228.961	50.246	60.969	229.359	87.089	60.457	-92.586	88.295	9.732	-180.554	38.746	0.923	-162.879	-84.078	23.536
193.361	83.263	59.147	228.961	50.251	60.974	229.368	87.079	60.466	-91.942	88.520	11.507	-180.332	38.960	2.998	-162.272	-84.041	24.358
193.351	83.261	59.135	228.971	50.246	60.976	229.372	87.088	60.461	-91.098	88.730	13.306	-179.722	39.224	5.601	-161.592	-83.962	25.230
193.357	83.250	59.145	228.970	50.250	60.984	229.369	87.091	60.468	-90.059	88.862	15.074	-178.880	39.531	8.321	-160.802	-83.862	26.208
193.367	83.261	59.155	228.970	50.250	60.984	229.367	87.081	60.471	-88.944	88.988	16.970	-178.141	39.949	11.010	-159.890	-83.733	27.328
193.369	83.259	59.150	228.971	50.250	60.982	229.369	87.091	60.468	-87.598	89.084	18.931	-176.871	40.282	13.989	-158.929	-83.565	28.478
193.357	83.267	59.156	228.970	50.250	60.984	229.366	87.081	60.471	-86.059	89.174	21.084	-175.565	40.685	16.954	-157.817	-83.445	29.789
193.356	83.264	59.154	228.960	50.249	60.973	229.357	87.082	60.463	-84.393	89.293	23.456	-174.247	41.216	20.005	-156.780	-83.265	31.200
193.344	83.255	59.151	228.958	50.237	60.973	229.357	87.078	60.457	-82.711	89.440	25.925	-172.635	41.695	23.369	-155.528	-83.072	32.755
193.341	83.242	59.148	228.945	50.243	60.977	229.342	87.069	60.457	-80.805	89.597	28.592	-171.140	42.317	26.648	-154.326	-82.778	34.315
193.347	83.246	59.167	228.952	50.231	60.986	229.343	87.068	60.456	-78.958	89.816	31.354	-169.202	42.872	30.309	-152.934	-82.369	35.959
193.336	83.235	59.162	228.953	50.227	60.980	229.349	87.057	60.466	-76.996	90.066	34.247	-167.433	43.530	33.720	-151.550	-81.919	37.543
193.343	83.219	59.162	228.952	50.212	60.974	229.340	87.042	60.451	-74.888	90.321	37.201	-165.285	44.114	37.331	-150.121	-81.430	39.203
193.351	83.204	59.165	228.947	50.199	60.976	229.344	87.034	60.469	-72.554	90.574	40.305	-163.038	44.822	40.971	-148.556	-80.910	40.943
193.352	83.199	59.156	228.948	50.197	60.973	229.345	87.016	60.457	-70.194	90.828	43.416	-160.662	45.543	44.539	-146.831	-80.331	42.808
193.338	83.194	59.160	228.955	50.184	60.982	229.342	87.018	60.465	-67.532	91.072	46.554	-158.163	46.308	48.084	-144.977	-79.646	44.739
193.346	83.182	59.170	228.958	50.181	60.973	229.340	87.005	60.461	-64.718	91.323	49.751	-155.393	47.053	51.651	-143.110	-79.032	46.556
193.345	83.180	59.169	228.955	50.183	60.980	229.340	87.004	60.461	-61.756	91.541	52.998	-152.479	47.808	55.162	-141.124	-78.269	48.583
193.346	83.181	59.169	228.955	50.183	60.980	229.342	87.006	60.461	-58.598	91.750	56.254	-149.467	48.587	58.485	-139.073	-77.507	50.486
193.356	83.180	59.173	228.958	50.180	60.973	229.352	87.004	60.466	-55.320	91.908	59.531	-146.532	49.554	61.574	-136.907	-76.821	52.212
193.358	83.189	59.171	228.960	50.194	60.976	229.355	87.015	60.465	-51.859	92.062	62.858	-143.186	50.366	64.735	-134.636	-76.023	54.161
193.362	83.201	59.170	228.961	50.193	60.974	229.357	87.028	60.466	-48.263	92.162	66.093	-139.700	51.299	67.756	-132.241	-75.204	56.072
193.366	83.213	59.168	228.963	50.208	60.979	229.358	87.040	60.468	-44.515	92.229	69.365	-136.037	52.168	70.682	-129.726	-74.426	57.931
193.357	83.230	59.170	228.967	50.217	60.972	229.363	87.050	60.463	-40.648	92.241	72.510	-132.213	53.071	73.473	-127.028	-73.615	59.894
193.357	83.226	59.163	228.966	50.222	60.979	229.360	87.055	60.473	-36.619	92.217	75.636	-128.260	54.044	76.245	-124.218	-72.768	61.865
193.350	83.240	59.157	228.969	50.231	60.975	229.365	87.066	60.467	-32.422	92.169	78.729	-124.215	54.997	78.857	-121.250	-71.934	63.811
193.353	83.249	59.149	228.958	50.238	60.976	229.352	87.072	60.469	-28.015	92.124	81.740	-119.898	55.900	81.581	-118.227	-71.100	65.711
193.339	83.245	59.155	228.958	50.238	60.973	229.352	87.072	60.469	-23.416	92.059	84.707	-115.621	56.908	84.015	-115.145	-70.235	67.569
193.345	83.251	59.144	228.957	50.239	60.978	229.344	87.070	60.456	-18.671	91.888	87.656	-111.078	57.812	86.526	-111.942	-69.389	69.398
193.343	83.253	59.148	228.955	50.238	60.979	229.341	87.074	60.465	-13.762	91.757	90.508	-106.496	58.737	88.915	-108.666	-68.498	71.234
193.337	83.248	59.163	228.945	50.240	60.972	229.332	87.075	60.457	-8.742	91.491	93.338	-101.842	59.657	91.249	-105.259	-67.626	72.857
193.339	83.244	59.155	228.940	50.232	60.983	229.329	87.074	60.458	-3.546	91.288	96.084	-97.039	60.557	93.569	-101.785	-66.668	74.677
193.337	83.247	59.163	228.942	50.226	60.970	229.326	87.064	60.464	1.705	90.963	98.831	-92.247	61.441	95.670	-98.281	-65.715	76.187
193.333	83.219	59.155	228.939	50.216	60.976	229.324	87.050	60.459	7.039	90.693	101.484	-87.339	62.323	97.617	-94.687	-64.767	77.743
193.328	83.215	59.169	228.937	50.203	60.974	229.325	87.032	60.447	12.441	90.348	104.016	-82.394	63.226	99.439	-90.934	-63.785	79.179
193.337	83.195	59.162	228.932	50.207	60.986	229.319	87.027	60.460	17.892	89.995	106.540	-77.375	64.158	101.088	-87.122	-62.722	80.697
193.335	83.200	59.175	228.944	50.191	60.983	229.322	87.022	60.452	23.384	89.633	108.847	-72.263	65.089	102.545	-83.265	-61.689	82.041
193.347	83.192	59.169	228.945	50.186	60.976	229.327	87.014	60.470	28.956	89.248	111.100	-67.111	66.037	103.867	-79.302	-60.682	83.331
193.335	83.184	59.165	228.955	50.184	60.983	229.340	87.009	60.467	34.581	88.853	113.277	-61.879	66.975	105.059	-75.266	-59.661	84.582
193.346	83.182	59.170	228.955	50.184	60.983	229.340	87.009	60.466	40.226	88.426	115.342	-56.533	67.918	106.253	-71.211	-58.619	85.788
193.348	83.179	59.162	228.958	50.180	60.973	229.352	87.001	60.461	45.956	87.990	117.320	-51.154	68.855	107.410	-67.118	-57.570	86.981
193.349	83.177	59.159	228.947	50.183	60.973	229.355	87.015	60.465	51.743	87.530	119.200	-45.671	69.759	108.498	-62.940	-56.484	88.106
193.362	83.189	59.167	228.958	50.184	60.979	229.355	87.015	60.465	57.578	87.036	121.025	-40.141	70.626	109.509	-58.708	-55.429	89.193
193.364	83.199	59.163	228.961	50.193	60.974	229.358	87.028	60.466	63.464	86.495	122.720	-34.511	71.516	110.673	-54.530	-54.374	90.266
193.352	83.203	59.165	228.964	50.207	60.975	229.370	87.037	60.469	69.402	85.875	124.350	-28.869	72.384	111.615	-50.242	-53.278	91.276
193.354	83.216	59.165	228.964	50.207	60.975	229.373	87.034	60.462	75.480	85.252	126.001	-23.205	73.238	112.630	-46.003	-52.196	92.300
193.360	83.228	59.160	228.963	50.212	60.981	229.363	87.052	60.466	81.584	84.486	127.445	-17.470	74.053	113.569	-41.704	-51.115	93.200
193.348	83.228	59.156	228.965	50.223	60.981	229.362	87.057	60.473	87.755	83.700	128.933	-11.682	74.892	114.494	-37.461	-50.010	94.120
193.354	83.237	59.146	228.968	50.236	60.982	229.361	87.070	60.477	93.895	82.876	130.295	-5.956	75.696	115.298	-33.180	-48.931	94.949
193.350	83.253	59.159	228.956	50.240	60.983	229.351	87.073	60.471	100.064	82.008	131.538	-0.216	76.482	116.014	-28.897	-47.858	95.710
193.338	83.246	59.158	228.955	50.241	60.982	229.342	87.073	60.463	106.158	81.171	132.709	5.496	77.280	116.533	-24.644	-46.761	96.483
193.344	83.251	59.146	228.955	50.238	60.979	229.341	87.073	60.463	112.229	80.314	133.701	11.201	78.057	116.900	-20.408	-45.731	97.165
193.338	83.249	59.164	228.945	50.243	60.977	229.341	87.074	60.465	118.248	79.505	134.610	16.883	78.847	117.150	-16.123	-44.699	97.806
193.343	83.237	59.174	228.946	50.239	60.971	229.333	87.070	60.450	124.206	78.690	135.430	22.528	79.601	117.155	-11.879	-43.650	98.364
193.335	83.237	59.166	228.940	50.229	60.979	229.338	87.061	60.462	130.081	77.841	136.040	28.121	80.390	116.957	-7.673	-42.624	98.856
193.340	83.223	59.173	228.939	50.216	60.974	229.327	87.047	60.452	135.955	77.090	136.600	33.652	81.167	116.693	-3.439	-41.574	99.353
193.325	83.223	59.150	228.937	50.203	60.974	229.324	87.050	60.459	141.826	76.293	136.897	39.202	81.895	116.173	0.719	-40.528	99.800
193.340	83.208	59.163	228.928	50.205	60.968	229.324	87.034	60.451	147.548	75.486	137.059	44.646	82.664	115.617	4.838	-39.518	100.186
193.335	83.197	59.171	228.929	50.197	60.989	229.322	87.023	60.452	153.266	74.702	137.101	50.079	83.326	114.951	8.926	-38.518	100.543
193.334	83.197	59.172	228.945	50.186	60.976	229.332	87.021	60.460	158.955	73.896	136.907	55.410	83.963	114.252	12.895	-37.527	100.814
193.337	83.182	59.159	228.944	50.185	60.976	229.332	87.005	60.449	164.524	73.020	136.524	60.707	84.569	113.562	16.901	-36.551	101.079
193.365	83.136	59.034	228.945	50.185	60.977	229.339	87.009	60.469	170.144	72.212	136.065	65.875	85.091	112.912	20.859	-35.641	101.336
193.339	83.268	59.338	228.955	50.183	60.980	229.343	87.002	60.453	175.669	71.301	135.452	70.966	85.573	112.227	24.672	-34.754	101.495
193.347	83.268	59.349	228.959	50.183	60.977	229.346	87.015	60.455	181.145	70.321	134.739	75.906	86.015	111.604	28.386	-33.884	101.721
193.349	83.270	59.351	228.958	50.193	60.978	229.355	87.014	60.462	186.593	69.320	133.908	80.685	86.435	110.942	32.167	-33.067	101.900
193.352	83.280	59.345	228.961	50.193	60.974	229.358	87.027	60.464	191.934	68.183	133.004	85.330	86.841	110.302	35.757	-32.281	101.995
193.358	83.285	59.330	228.960	50.198	60.981	229.377	87.043	60.486	197.211	67.055	132.014	89.816	87.194	109.633	39.312	-31.526	102.056
193.360	83.299	59.337	228.973	50.206	60.983	229.384	87.105	60.626	202.388	65.894	130.962	94.208	87.503	108.924	42.754	-30.776	102.134
193.331	83.555	59.768	228.966	50.218	60.974	229.324	87.253	60.935	207.377	64.659	129.782	98.460	87.828	108.205	46.148	-30.064	102.218
193.251	83.548	59.848	228.985	50.192	60.891	229.289	87.247	60.908	212.274	63.491	128.598	102.572	88.113	107.512	49.465	-29.408	102.219
193.271	83.621	59.898	229.036	50.198	60.586	229.356	87.085	60.512	217.022	62.278	127.173	106.585	88.416	106.780	52.566	-28.761	102.170
193.338	83.336	59.359	228.931	50.334	60.968	229.342	87.114	60.567	221.596	61.090	125.717	110.373	88.696	105.871	55.728	-28.151	102.102
193.356	83.291	59.254	228.956	50.276	61.039	229.338	87.118	60.579	225.950	59.978	124.178	114.033	88.927	105.036	58.696	-27.553	102.035
193.228	83.553	59.840	228.956	50.264	61.035	229.328	87.119	60.571	230.210	58.976	122.586	117.549	89.134	104.029	61.695	-27.035	101.907
193.222	83.565	59.865	229.145	49.873	60.227	229.316	87.123	60.570	234.136	57.966	120.819	120.980	89.332	103.015	64.584	-26.505	101.757
193.226	83.557	59.849	229.309	49.400	59.367	229.326	87.122	60.579	237.957	57.123	119.008	124.294	89.492	101.955	67.370	-26.031	101.578
193.221	83.548	59.857	228.824	50.443	61.447	229.312	87.114	60.577	241.637	56.307	117.084	127.398	89.613	100.718	70.047	-25.600	101.329
193.209	83.534	59.844	228.933	50.169	60.911	229.237	87.271	60.964	245.023	55.620	115.072	130.405	89.699	99.460	72.664	-25.244	101.094
193.209	83.534	59.844	229.050	49.918	60.410	229.254	87.210	60.849	248.234	54.958	112.994	133.363	89.753	98.223	75.219	-24.904	100.820
193.214	83.527	59.864	228.821	50.430	61.447	229.393	87.067	60.432	251.374	54.431	110.901	136.063	89.808	96.932	77.608	-24.614	100.473
193.272	83.461	59.708	228.504	51.156	62.883	229.492	87.155	60.472	254.231	53.877	108.706	138.723	89.865	95.661	79.889	-24.377	100.086
193.329	83.272	59.369	228.673	50.794	62.174	229.338	87.521	61.213	257.069	53.439	106.582	141.240	89.865	94.363	82.181	-24.199	99.747
193.334	83.278	59.359	228.872	50.383	61.367	229.161	87.696	61.701	259.648	53.050	104.469	143.519	89.855	93.059	84.306	-24.010	99.320
193.347	83.268	59.350	228.943	50.218	61.045	229.122	87.624	61.645	262.140	52.632	102.301	145.670	89.844	91.732	86.350	-23.889	98.867
193.336	83.271	59.346	229.030	50.035	60.678	229.199	87.352	61.164	264.505	52.281	100.182	147.679	89.817	90.516	88.363	-23.820	98.470
193.357	83.271	59.362	229.229	49.656	59.902	229.289	87.139	60.733	266.740	51.881	98.098	149.561	89.744	89.321	90.283	-23.753	98.000
193.359	83.269	59.357	229.335	49.364	59.355	229.337	87.073	60.593	268.844	51.428	95.966	151.331	89.671	88.205	92.090	-23.714	97.507
193.351	83.281	59.349	228.843	50.409	61.446	229.344	87.078	60.579	270.900	50.970	93.807	152.928	89.641	87.083	93.817	-23.660	96.976
193.355	83.281	59.343	228.846	50.421	61.447	229.356	87.087	60.583	272.796	50.561	91.906	154.483	89.550	86.115	95.385	-23.670	96.347
193.356	83.303	59.347	228.851	50.430	61.439	229.356	87.087	60.583	274.522	50.264	90.192	155.864	89.454	85.179	96.964	-23.682	95.743
193.348	83.308	59.342	229.098	49.843	60.248	229.280	87.273	60.973	276.120	49.857	88.334	157.316	89.343	84.390	98.483	-23.715	95.146
193.344	83.306	59.343	229.121	49.789	60.105	229.278	87.266	60.955	277.691	49.556	86.669	158.579	89.217	83.538	99.879	-23.811	94.474
193.346	83.269	59.221	228.840	50.450	61.444	229.351	87.116	60.583	279.062	49.258	85.018	159.746	89.052	82.734	101.265	-23.892	93.826
193.347	83.249	59.178	228.841	50.467	61.453	229.182	87.405	61.228	280.445	49.060	83.434	160.885	88.848	81.940	102.567	-23.989	93.176
193.349	83.243	59.163	228.841	50.467	61.453	229.338	87.118	60.579	281.637	48.893	81.825	161.976	88.664	81.173	103.767	-24.112	92.444
193.350	83.242	59.160	228.827	50.456	61.447	229.335	87.122	60.588	282.613	48.812	80.404	162.971	88.410	80.428	104.899	-24.314	91.747
193.347	83.245	59.167	228.557	51.169	62.792	229.326	87.122	60.579	283.558	48.844	78.911	163.933	88.194	79.735	106.090	-24.472	91.209
193.335	83.237	59.165	228.633	51.042	62.518	229.323	87.109	60.576	284.349	48.978	77.536	164.835	87.968	79.091	107.159	-24.715	90.491
193.335	83.233	59.158	228.709	50.868	62.191	229.314	87.110	60.568	285.036	49.182	76.161	165.694	87.677	78.470	108.195	-24.972	89.835
193.331	83.225	59.165	228.763	50.695	61.892	229.311	87.100	60.572	285.541	49.481	74.772	166.560	87.436	77.888	109.095	-25.188	89.146
193.337	83.211	59.171	228.817	50.537	61.582	229.308	87.086	60.570	285.821	49.862	73.298	167.407	87.186	77.321	109.920	-25.432	88.500
193.336	83.211	59.174	228.859	50.405	61.356	229.309	87.082	60.564	286.285	50.465	71.936	168.082	86.924	76.688	110.716	-25.694	87.844
193.337	83.199	59.168	228.901	50.316	61.200	229.308	87.069	60.559	286.376	51.000	70.353	168.817	86.711	76.030	111.514	-25.881	87.224
193.335	83.185	59.166	228.924	50.258	61.090	229.318	87.067	60.567	286.457	51.677	68.829	169.582	86.552	75.455	112.292	-26.109	86.629
193.335	83.184	59.166	228.932	50.221	61.040	229.319	87.066	60.565	286.414	52.438	67.208	170.124	86.370	74.733	112.873	-26.226	85.912
193.337	83.194	59.161	228.945	50.225	61.038	229.326	87.055	60.576	286.332	53.244	65.624	170.780	86.264	74.051	113.517	-26.410	85.357
193.346	83.181	59.168	228.945	50.229	61.045	229.330	87.052	60.565	286.160	54.089	63.956	171.255	86.188	73.297	114.007	-26.483	84.654
193.356	83.195	59.182	228.896	50.395	61.414	229.349	87.011	60.446	285.887	54.898	62.419	171.705	86.142	72.608	114.603	-26.593	84.111
193.352	83.192	59.163	228.902	50.400	61.399	229.355	87.014	60.463	285.506	55.701	60.862	172.133	86.148	72.119	115.014	-26.627	83.515
193.348	83.209	59.144	228.898	50.379	61.342	229.348	87.030	60.460	285.202	56.548	59.484	172.282	86.148	71.902	115.421	-26.666	82.898
193.349	83.238	59.154	228.891	50.377	61.297	229.330	87.058	60.448	284.937	57.461	58.279	172.287	86.118	71.862	115.851	-26.798	82.382
193.313	83.272	59.133	228.872	50.391	61.282	229.303	87.087	60.463	284.583	58.335	57.135	172.249	86.077	71.865	116.225	-26.932	81.859
193.295	83.318	59.137	228.842	50.395	61.233	229.262	87.126	60.455	284.160	59.174	56.266	172.247	86.014	71.868	116.549	-27.073	81.405
193.307	83.314	59.138	228.857	50.384	61.219	229.274	87.122	60.455	283.750	60.072	55.683	172.303	85.932	71.842	116.932	-27.285	81.003
193.319	83.305	59.130	228.866	50.363	61.171	229.286	87.118	60.456	283.304	60.888	55.224	172.382	85.843	71.866	117.260	-27.498	80.660
193.326	83.299	59.147	228.883	50.347	61.145	229.299	87.114	60.457	282.812	61.741	55.050	172.468	85.729	71.893	117.542	-27.707	80.210
193.323	83.286	59.148	228.896	50.337	61.137	229.300	87.112	60.453	282.254	62.442	54.931	172.570	85.620	71.940	117.772	-27.897	79.866
193.322	83.286	59.151	228.900	50.330	61.122	229.311	87.106	60.453	281.744	63.193	55.063	172.627	85.533	71.986	118.107	-28.057	79.552
193.322	83.274	59.147	228.916	50.317	61.103	229.321	87.090	60.456	281.315	64.046	55.342	172.698	85.456	71.987	118.336	-28.264	79.213
193.327	83.262	59.158	228.909	50.307	61.110	229.317	87.081	60.460	280.731	64.823	55.588	172.754	85.405	71.973	118.501	-28.403	78.961
193.326	83.245	59.151	228.910	50.294	61.103	229.319	87.080	60.458	280.092	65.603	55.851	172.826	85.387	71.909	118.648	-28.558	78.614
193.324	83.240	59.159	228.905	50.297	61.115	229.315	87.055	60.455	279.415	66.401	56.274	172.947	85.400	71.862	118.763	-28.660	78.360
193.328	83.228	59.173	228.905	50.282	61.110	229.314	87.052	60.452	278.640	67.229	56.628	173.013	85.435	71.772	118.854	-28.722	78.154
193.327	83.212	59.165	228.900	50.275	61.124	229.321	87.040	60.461	277.841	68.058	56.900	173.077	85.508	71.673	118.930	-28.749	77.921
193.335	83.196	59.166	228.907	50.280	61.145	229.321	87.028	60.461	277.050	68.944	57.228	173.107	85.571	71.578	118.973	-28.808	77.635
193.325	83.198	59.161	228.908	50.281	61.147	229.319	87.025	60.459	276.234	69.853	57.491	173.122	85.639	71.436	118.996	-28.837	77.380
193.325	83.203	59.167	228.888	50.284	61.167	229.318	87.027	60.463	275.436	70.768	57.648	173.122	85.728	71.346	119.034	-28.837	77.205
193.318	83.210	59.151	228.885	50.303	61.185	229.298	87.032	60.450	274.594	71.633	57.794	173.182	85.827	71.289	119.049	-28.821	76.996
193.299	83.224	59.141	228.858	50.318	61.196	229.287	87.047	60.449	273.730	72.517	57.807	173.180	85.934	71.173	119.059	-28.783	76.818
193.282	83.258	59.140	228.839	50.350	61.230	229.265	87.072	60.454	272.789	73.335	57.680	173.132	86.049	71.009	119.079	-28.711	76.618
193.284	83.273	59.142	228.812	50.385	61.287	229.244	87.090	60.445	271.894	74.159	57.535	173.097	86.146	70.873	119.111	-28.669	76.363
193.297	83.275	59.136	228.803	50.419	61.332	229.254	87.092	60.457	271.089	75.080	57.375	173.056	86.235	70.750	119.153	-28.636	76.131
193.296	83.281	59.144	228.789	50.445	61.383	229.257	87.103	60.456	270.210	75.906	57.152	173.009	86.324	70.647	119.150	-28.609	75.915
193.300	83.289	59.137	228.781	50.482	61.431	229.260	87.111	60.450	269.261	76.603	56.697	172.972	86.409	70.542	119.175	-28.582	75.691
193.295	83.302	59.126	228.765	50.512	61.489	229.258	87.117	60.459	268.503	77.439	56.341	172.927	86.492	70.425	119.188	-28.530	75.474
193.296	83.313	59.127	228.763	50.529	61.500	229.261	87.127	60.457	267.643	78.096	55.794	172.891	86.574	70.344	119.226	-28.490	75.240
193.291	83.327	59.118	228.754	50.544	61.495	229.251	87.133	60.456	266.899	78.663	55.370	172.859	86.644	70.245	119.256	-28.442	75.011
193.279	83.330	59.117	228.759	50.530	61.468	229.251	87.145	60.459	266.659	79.132	55.106	172.811	86.722	70.165	119.295	-28.422	74.769
193.277	83.337	59.128	228.763	50.505	61.405	229.240	87.149	60.457	266.439	79.160	54.865	172.757	86.796	70.064	119.294	-28.406	74.550
193.280	83.342	59.118	228.781	50.467	61.328	229.240	87.148	60.454	266.410	79.263	54.734	172.727	86.850	70.000	119.310	-28.406	74.380
193.279	83.343	59.120	228.794	50.439	61.271	229.231	87.150	60.448	266.315	79.419	54.624	172.791	86.873	69.976	119.336	-28.392	74.222
193.275	83.335	59.127	228.805	50.413	61.218	229.227	87.141	60.453	266.130	79.507	54.437	172.874	86.878	69.942	119.362	-28.359	74.064
193.263	83.341	59.131	228.807	50.372	61.148	229.225	87.140	60.454	265.881	79.689	53.957	172.973	86.895	69.930	119.412	-28.336	73.948
193.250	83.331	59.126	228.827	50.347	61.109	229.228	87.136	60.443	265.924	79.874	53.655	173.094	86.901	69.960	119.470	-28.321	73.820
193.257	83.317	59.132	228.823	50.322	61.071	229.225	87.126	60.448	265.819	79.813	53.359	173.178	86.895	69.980	119.536	-28.327	73.685
193.259	83.311	59.119	228.825	50.317	61.061	229.222	87.113	60.447	265.717	79.766	53.009	173.285	86.861	69.993	119.588	-28.356	73.544
193.256	83.305	59.130	228.826	50.295	61.043	229.223	87.111	60.443	265.568	79.909	52.629	173.422	86.792	70.041	119.675	-28.380	73.414
193.245	83.305	59.125	228.828	50.287	61.028	229.224	87.107	60.437	265.559	79.900	52.523	173.525	86.741	70.083	119.717	-28.407	73.292
193.254	83.288	59.123	228.840	50.283	61.028	229.231	87.096	60.448	265.550	79.901	52.343	173.607	86.662	70.130	119.752	-28.445	73.181
193.255	83.291	59.128	228.842	50.283	61.027	229.230	87.096	60.448	265.504	79.872	52.198	173.691	86.568	70.171	119.805	-28.526	73.031
193.277	83.280	59.125	228.840	50.268	61.022	229.243	87.091	60.447	265.451	79.822	52.024	173.743	86.479	70.198	119.862	-28.623	72.904
193.276	83.286	59.135	228.859	50.268	61.040	229.244	87.090	60.445	265.372	79.753	51.911	173.813	86.368	70.233	119.913	-28.703	72.799
193.279	83.286	59.133	228.855	50.271	61.014	229.247	87.103	60.447	265.335	79.714	51.834	173.862	86.242	70.275	119.965	-28.813	72.600
193.291	83.290	59.130	228.867	50.270	61.018	229.256	87.102	60.455	265.316	79.647	51.790	173.894	86.134	70.299	120.007	-28.899	72.481
193.292	83.294	59.136	228.870	50.280	61.014	229.257	87.102	60.453	265.272	79.574	51.756	173.914	86.022	70.313	120.043	-29.002	72.314
193.297	83.297	59.120	228.873	50.281	61.012	229.263	87.108	60.441	265.242	79.639	51.623	173.952	85.900	70.346	120.088	-29.120	72.161
193.285	83.300	59.119	228.870	50.283	61.019	229.260	87.112	60.451	265.204	79.716	51.499	173.972	85.798	70.360	120.118	-29.207	72.041
193.298	83.300	59.122	228.873	50.281	61.012	229.262	87.109	60.442	265.151	79.778	51.364	173.981	85.705	70.381	120.156	-29.294	71.949
193.294	83.316	59.137	228.869	50.285	61.021	229.259	87.116	60.457	265.092	79.792	51.249	173.978	85.615	70.402	120.190	-29.367	71.862
193.288	83.319	59.127	228.863	50.295	61.008	229.252	87.127	60.447	264.988	79.880	51.057	173.959	85.524	70.430	120.243	-29.469	71.761
193.278	83.316	59.114	228.862	50.296	61.010	229.297	86.917	60.641	263.793	79.791	50.027	173.933	85.428	70.444	120.293	-29.584	71.591
193.284	83.319	59.130	228.849	50.289	61.008	229.297	86.917	60.641	263.760	79.812	49.958	173.877	85.339	70.435	120.347	-29.687	71.469
193.274	83.324	59.130	228.846	50.292	61.017	229.282	86.908	60.635	263.703	79.864	49.806	173.821	85.252	70.431	120.386	-29.799	71.351
193.261	83.314	59.122	228.846	50.291	61.015	229.274	86.913	60.629	263.696	79.907	49.707	173.788	85.182	70.439	120.422	-29.872	71.232
193.252	83.312	59.113	228.834	50.292	61.010	229.274	86.913	60.629	263.658	79.951	49.547	173.754	85.119	70.454	120.449	-29.934	71.143
193.245	83.305	59.125	228.833	50.292	61.013	229.275	86.910	60.635	263.645	79.974	49.453	173.721	85.090	70.472	120.482	-30.002	71.058
193.256	83.301	59.126	228.831	50.283	61.015	229.264	86.902	60.621	263.647	79.987	49.362	173.688	85.045	70.470	120.510	-30.070	70.946
193.244	83.301	59.119	228.822	50.279	61.002	229.263	86.898	60.634	263.684	79.994	49.215	173.655	85.010	70.459	120.520	-30.127	70.863
193.242	83.293	59.124	228.831	50.278	61.008	229.217	87.101	60.449	265.025	79.995	50.371	173.627	84.977	70.446	120.540	-30.182	70.796
193.241	83.293	59.128	228.829	50.268	61.011	229.221	87.093	60.433	263.624	80.017	48.980	173.605	84.942	70.445	120.552	-30.234	70.724
193.240	83.286	59.132	228.828	50.268	61.013	229.269	86.884	60.624	263.602	80.029	48.897	173.577	84.923	70.441	120.571	-30.285	70.665
193.243	83.283	59.122	228.829	50.267	61.009	229.281	86.885	60.641	263.585	80.042	48.800	173.579	84.900	70.454	120.592	-30.320	70.578
193.243	83.277	59.115	228.835	50.261	60.995	229.277	86.879	60.630	263.540	80.065	48.665	173.563	84.879	70.449	120.594	-30.353	70.507
193.265	83.284	59.126	228.841	50.264	61.012	229.283	86.888	60.637	263.515	80.083	48.605	173.558	84.873	70.462	120.604	-30.384	70.417
193.265	83.276	59.127	228.845	50.260	61.004	229.291	86.887	60.632	263.489	80.104	48.537	173.560	84.867	70.452	120.608	-30.404	70.349
193.270	83.282	59.116	228.849	50.267	60.995	229.298	86.883	60.638	263.469	80.126	48.513	173.545	84.861	70.455	120.616	-30.426	70.256
193.281	83.292	59.122	228.857	50.271	61.011	229.300	86.883	60.642	263.428	80.149	48.461	173.543	84.847	70.452	120.628	-30.435	70.163
193.273	83.296	59.116	228.857	50.273	61.012	229.295	86.890	60.632	263.411	80.183	48.443	173.543	84.847	70.452	120.653	-30.453	70.054
193.273	83.293	59.112	228.851	50.282	61.000	229.301	86.899	60.639	263.375	80.208	48.410	173.543	84.847	70.453	120.651	-30.467	69.957
193.276	83.301	59.107	228.857	50.284	61.015	229.301	86.899	60.639	263.355	80.249	48.377	173.542	84.853	70.462	120.665	-30.463	69.864
193.278	83.311	59.105	228.847	50.287	61.010	229.294	86.904	60.633	263.304	80.289	48.325	173.527	84.844	70.461	120.677	-30.463	69.782
193.286	83.316	59.121	228.846	50.291	61.015	229.289	86.908	60.630	263.279	80.325	48.290	173.507	84.847	70.448	120.659	-30.464	69.675
193.265	83.320	59.112	228.838	50.289	61.001	229.282	86.908	60.635	263.255	80.366	48.253	173.501	84.854	70.431	120.663	-30.478	69.614
193.273	83.320	59.125	228.833	50.296	61.016	229.279	86.909	60.633	263.213	80.399	48.213	173.488	84.846	70.430	120.663	-30.475	69.534
193.263	83.322	59.117	228.824	50.293	61.002	229.274	86.913	60.629	263.181	80.434	48.178	173.449	84.833	70.420	120.674	-30.496	69.439
193.217	83.313	59.106	228.824	50.293	61.002	229.265	86.902	60.625	263.153	80.461	48.126	173.422	84.814	70.414	120.690	-30.524	69.364
193.247	83.315	59.118	228.817	50.288	61.018	229.265	86.902	60.625	263.131	80.521	48.090	173.405	84.791	70.414	120.717	-30.560	69.243
193.246	83.316	59.121	228.808	50.289	61.010	229.258	86.907	60.619	263.128	80.573	48.077	173.385	84.790	70.432	120.774	-30.614	69.142
193.247	83.314	59.118	228.809	50.284	61.003	229.251	86.907	60.625	263.093	80.611	48.018	173.397	84.769	70.420	120.819	-30.658	69.047
193.235	83.307	59.116	228.809	50.284	61.003	229.253	86.903	60.624	263.092	80.651	47.962	173.395	84.752	70.450	120.882	-30.719	68.999
193.236	83.306	59.114	228.806	50.275	61.007	229.253	86.903	60.624	263.079	80.686	47.931	173.409	84.730	70.435	120.920	-30.764	68.932
193.233	83.308	59.120	228.806	50.275	61.007	229.253	86.903	60.624	263.073	80.720	47.890	173.418	84.715	70.438	120.961	-30.802	68.861
193.236	83.306	59.115	228.818	50.271	61.007	229.268	86.898	60.625	263.073	80.749	47.860	173.435	84.702	70.456	121.009	-30.833	68.811
193.245	83.301	59.117	228.828	50.269	61.012	229.268	86.898	60.625	263.060	80.784	47.827	173.468	84.689	70.460	121.036	-30.858	68.755
193.245	83.304	59.123	228.832	50.277	61.006	229.276	86.893	60.631	263.073	80.806	47.803	173.485	84.680	70.484	121.079	-30.874	68.731
193.259	83.298	59.117	228.834	50.274	60.999	229.276	86.893	60.631	263.075	80.842	47.792	173.522	84.665	70.482	121.109	-30.903	68.697
193.263	83.295	59.105	228.844	50.277	61.012	229.290	86.891	60.626	263.069	80.863	47.747	173.551	84.661	70.506	121.145	-30.922	68.654
193.276	83.303	59.109	228.847	50.274	61.005	229.283	86.891	60.631	263.058	80.905	47.696	173.569	84.644	70.510	121.182	-30.942	68.609
193.277	83.301	59.104	228.851	50.282	60.997	229.295	86.890	60.632	263.052	80.976	47.647	173.576	84.631	70.526	121.209	-30.963	68.554
193.280	83.313	59.106	228.860	50.285	61.011	229.308	86.899	60.634	263.026	81.008	47.602	173.598	84.624	70.533	121.250	-30.998	68.483
193.281	83.313	59.104	228.854	50.280	60.990	229.301	86.899	60.639	263.020	81.055	47.578	173.609	84.622	70.539	121.298	-31.034	68.396
193.282	83.308	59.096	228.850	50.287	61.004	229.296	86.906	60.630	262.993	81.100	47.534	173.603	84.598	70.540	121.360	-31.072	68.332
193.280	83.315	59.107	228.853	50.296	61.000	229.293	86.907	60.627	262.986	81.156	47.527	173.597	84.572	70.538	121.440	-31.109	68.289
193.283	83.323	59.102	228.850	50.301	61.010	229.295	86.920	60.631	262.978	81.193	47.519	173.591	84.549	70.542	121.506	-31.153	68.253
193.281	83.325	59.109	228.850	50.296	61.003	229.289	86.908	60.630	262.958	81.229	47.487	173.594	84.521	70.551	121.556	-31.193	68.188
193.267	83.320	59.108	228.840	50.301	61.001	229.281	86.913	60.624	262.938	81.243	47.469	173.586	84.485	70.552	121.597	-31.245	68.144
193.259	83.315	59.091	228.836	50.293	61.007	229.274	86.913	60.629	262.906	81.269	47.466	173.571	84.447	70.574	121.665	-31.293	68.103
193.266	83.322	59.112	228.830	50.299	60.991	229.274	86.913	60.629	262.898	81.295	47.477	173.578	84.404	70.590	121.714	-31.331	68.091
193.251	83.323	59.114	228.825	50.293	61.000	229.271	86.914	60.626	262.882	81.317	47.468	173.575	84.372	70.613	121.763	-31.378	68.067
193.251	83.312	59.109	228.824	50.293	61.003	229.263	86.911	60.634	262.869	81.322	47.466	173.573	84.322	70.621	121.809	-31.434	68.045
193.240	83.314	59.106	228.820	50.285	61.008	229.248	86.910	60.614	262.848	81.358	47.435	173.571	84.296	70.635	121.857	-31.484	68.015
193.221	83.305	59.089	228.821	50.280	61.001	229.253	86.903	60.624	262.836	81.358	47.433	173.560	84.258	70.640	121.884	-31.529	67.977
193.237	83.301	59.106	228.818	50.286	61.014	229.253	86.903	60.624	262.828	81.366	47.422	173.540	84.210	70.668	121.908	-31.583	67.941
193.244	83.305	59.121	228.815	50.274	61.013	229.264	86.902	60.621	262.821	81.367	47.424	173.520	84.163	70.664	121.927	-31.646	67.882
193.234	83.297	59.118	228.818	50.270	61.005	229.262	86.889	60.618	262.821	81.364	47.432	173.514	84.136	70.663	121.943	-31.677	67.839
193.245	83.304	59.123	228.819	50.266	60.999	229.262	86.889	60.618	262.823	81.367	47.423	173.503	84.104	70.672	121.936	-31.712	67.793
193.249	83.296	59.105	228.823	50.265	60.994	229.269	86.884	60.624	262.814	81.359	47.413	173.485	84.081	70.667	121.943	-31.734	67.753
193.257	83.284	59.111	228.832	50.264	61.002	229.268	86.884	60.620	262.828	81.367	47.419	173.476	84.075	70.684	121.942	-31.757	67.737
193.259	83.286	59.112	228.845	50.272	61.005	229.282	86.887	60.633	262.827	81.368	47.419	173.452	84.064	70.671	121.927	-31.769	67.730
193.253	83.291	59.093	228.835	50.273	60.997	229.289	86.887	60.628	262.822	81.372	47.415	173.442	84.052	70.659	121.927	-31.774	67.721
193.264	83.293	59.103	228.848	50.269	60.996	229.285	86.895	60.622	262.816	81.378	47.403	173.439	84.055	70.668	121.918	-31.781	67.703
193.278	83.302	59.105	228.848	50.272	61.000	229.296	86.900	60.633	262.800	81.422	47.356	173.427	84.054	70.667	121.929	-31.782	67.709
193.278	83.298	59.098	228.850	50.283	60.999	229.285	86.895	60.622	262.785	81.447	47.346	173.425	84.043	70.667	121.926	-31.794	67.710
193.277	83.304	59.108	228.850	50.283	60.999	229.292	86.904	60.629	262.796	81.479	47.339	173.422	84.049	70.673	121.916	-31.792	67.705
193.280	83.313	59.106	228.850	50.287	61.004	229.294	86.904	60.633	262.766	81.504	47.308	173.423	84.050	70.682	121.940	-31.784	67.717
193.270	83.312	59.094	228.844	50.297	60.991	229.288	86.911	60.624	262.764	81.540	47.295	173.420	84.055	70.690	121.936	-31.788	67.731
193.270	83.328	59.104	228.840	50.289	60.998	229.278	86.925	60.626	262.744	81.579	47.256	173.423	84.048	70.712	121.948	-31.796	67.728
193.269	83.329	59.102	228.840	50.302	61.002	229.274	86.913	60.629	262.737	81.629	47.214	173.421	84.051	70.721	121.947	-31.813	67.721
193.268	83.331	59.109	228.840	50.302	61.002	229.270	86.917	60.625	262.700	81.678	47.114	173.427	84.039	70.731	121.955	-31.826	67.728
193.258	83.316	59.092	228.830	50.304	60.996	229.277	86.923	60.634	262.663	81.707	47.020	173.423	84.033	70.742	121.965	-31.826	67.738
193.250	83.332	59.090	228.827	50.303	60.997	229.265	86.918	60.619	262.660	81.751	46.997	173.429	84.021	70.752	121.966	-31.827	67.736
193.236	83.322	59.085	228.817	50.308	60.995	229.265	86.918	60.619	262.631	81.778	46.951	173.423	84.015	70.766	121.958	-31.815	67.728
193.252	83.322	59.110	228.823	50.334	61.067	229.267	86.918	60.623	262.584	81.822	46.943	173.432	84.015	70.778	121.958	-31.810	67.733
193.225	83.318	59.088	228.822	50.339	61.077	229.261	86.919	60.616	262.594	81.837	46.938	173.426	84.010	70.793	121.945	-31.805	67.734
193.255	83.324	59.108	228.820	50.325	61.072	229.263	86.919	60.620	262.572	81.854	46.916	173.413	84.015	70.797	121.944	-31.784	67.749
193.251	83.311	59.106	228.820	50.325	61.072	229.271	86.914	60.626	262.575	81.890	46.908	173.394	83.999	70.803	121.938	-31.770	67.736
193.255	83.323	59.107	228.836	50.329	61.066	229.271	86.914	60.626	262.584	81.892	46.893	173.391	84.005	70.818	121.914	-31.761	67.735
193.258	83.315	59.091	228.827	50.330	61.057	229.269	86.914	60.622	262.581	81.899	46.876	173.375	84.001	70.823	121.912	-31.735	67.755
193.268	83.313	59.097	228.834	50.319	61.069	229.286	86.909	60.627	262.579	81.909	46.851	173.375	84.014	70.832	121.880	-31.714	67.746
193.268	83.313	59.099	228.834	50.319	61.069	229.271	86.900	60.621	262.579	81.916	46.833	173.342	84.009	70.818	121.860	-31.693	67.743
193.270	83.315	59.097	228.837	50.316	61.060	229.283	86.912	60.617	262.573	81.920	46.827	173.354	84.022	70.833	121.826	-31.680	67.738
193.271	83.310	59.091	228.850	50.323	61.063	229.291	86.907	60.623	262.567	81.937	46.832	173.327	84.007	70.831	121.805	-31.662	67.731
193.280	83.308	59.096	228.851	50.322	61.061	229.286	86.911	60.619	262.560	81.948	46.809	173.311	84.004	70.839	121.763	-31.647	67.721
193.281	83.308	59.095	228.850	50.327	61.067	229.288	86.911	60.624	262.554	81.953	46.803	173.280	84.005	70.853	121.744	-31.643	67.693
193.272	83.309	59.088	228.851	50.322	61.061	229.288	86.911	60.624	262.540	81.958	46.803	173.257	83.995	70.839	121.729	-31.650	67.691
193.276	83.322	59.084	228.849	50.328	61.069	229.288	86.911	60.624	262.536	81.972	46.815	173.234	83.983	70.862	121.727	-31.659	67.645
193.270	83.331	59.106	228.840	50.329	61.060	229.290	86.924	60.627	262.523	81.981	46.805	173.215	83.966	70.869	121.707	-31.661	67.624
193.271	83.327	59.098	228.839	50.330	61.062	229.274	86.917	60.623	262.494	81.994	46.795	173.202	83.968	70.869	121.710	-31.671	67.605
193.274	83.332	59.088	228.830	50.330	61.053	229.280	86.925	60.630	262.498	82.007	46.803	173.193	83.950	70.880	121.699	-31.670	67.599
193.239	83.324	59.085	228.826	50.335	61.063	229.272	86.930	60.624	262.493	82.008	46.806	173.185	83.946	70.900	121.694	-31.663	67.578
193.220	83.322	59.067	228.830	50.304	60.996	229.262	86.922	60.619	262.508	82.014	46.781	173.180	83.940	70.911	121.700	-31.659	67.562
193.248	83.334	59.096	228.827	50.306	61.001	229.264	86.935	60.618	262.490	82.020	46.782	173.179	83.937	70.910	121.699	-31.658	67.566
193.217	83.326	59.074	228.819	50.306	60.989	229.259	86.923	60.617	262.479	82.039	46.755	173.184	83.929	70.927	121.700	-31.662	67.558
193.225	83.329	59.090	228.817	50.305	60.991	229.257	86.923	60.613	262.459	82.058	46.723	173.182	83.931	70.934	121.709	-31.658	67.572
193.213	83.321	59.086	228.817	50.305	60.991	229.257	86.923	60.613	262.462	82.075	46.724	173.191	83.935	70.951	121.718	-31.640	67.559
193.254	83.332	59.104	228.818	50.304	60.989	229.252	86.923	60.622	262.465	82.087	46.729	173.202	83.933	70.957	121.702	-31.635	67.577
193.243	83.323	59.100	228.811	50.299	61.002	229.256	86.919	60.626	262.460	82.103	46.705	173.213	83.938	70.971	121.707	-31.624	67.570
193.252	83.326	59.115	228.827	50.303	60.997	229.267	86.918	60.623	262.448	82.114	46.690	173.234	83.933	70.983	121.701	-31.594	67.570
193.247	83.323	59.096	228.830	50.300	60.990	229.265	86.918	60.619	262.439	82.122	46.677	173.255	83.941	70.996	121.691	-31.571	67.578
193.257	83.317	59.094	228.831	50.299	60.989	229.269	86.914	60.622	262.441	82.141	46.671	173.258	83.942	70.995	121.674	-31.554	67.566
193.260	83.318	59.094	228.843	50.298	60.994	229.272	86.913	60.625	262.441	82.141	46.671	173.277	83.944	71.016	121.691	-31.553	67.553
193.273	83.320	59.085	228.842	50.296	60.993	229.281	86.916	60.617	262.439	82.145	46.661	173.297	83.924	71.019	121.686	-31.542	67.540
193.284	83.321	59.096	228.853	50.297	60.999	229.286	86.911	60.619	262.438	82.144	46.661	173.316	83.926	71.040	121.680	-31.535	67.519
193.272	83.315	59.092	228.853	50.297	60.999	229.295	86.911	60.618	262.444	82.144	46.655	173.333	83.913	71.057	121.677	-31.533	67.489
193.285	83.321	59.094	228.856	50.306	60.995	229.293	86.920	60.627	262.458	82.143	46.652	173.355	83.907	71.063	121.680	-31.524	67.482
193.287	83.331	59.093	228.860	50.302	60.983	229.295	86.920	60.631	262.458	82.146	46.641	173.384	83.910	71.094	121.683	-31.517	67.435
193.287	83.335	59.098	228.857	50.305	60.993	229.295	86.920	60.631	262.447	82.155	46.635	173.397	83.905	71.092	121.691	-31.497	67.423
193.288	83.325	59.081	228.857	50.305	60.993	229.289	86.928	60.621	262.439	82.162	46.623	173.421	83.910	71.097	121.680	-31.478	67.389
193.275	83.324	59.090	228.847	50.311	60.992	229.290	86.924	60.627	262.421	82.175	46.611	173.438	83.911	71.121	121.684	-31.466	67.385
193.277	83.329	59.080	228.846	50.308	60.988	229.285	86.925	60.620	262.424	82.187	46.618	173.447	83.901	71.130	121.680	-31.447	67.367
193.277	83.338	59.091	228.846	50.309	60.988	229.275	86.929	60.626	262.400	82.188	46.604	173.461	83.907	71.127	121.679	-31.426	67.349
193.265	83.338	59.087	228.833	50.313	60.989	229.283	86.929	60.621	262.400	82.205	46.602	173.460	83.913	71.141	121.679	-31.422	67.354
193.272	83.339	59.100	228.833	50.313	60.989	229.272	86.930	60.624	262.385	82.227	46.604	173.486	83.899	71.165	121.672	-31.412	67.342
193.239	83.325	59.087	228.833	50.313	60.989	229.261	86.935	60.626	262.371	82.233	46.606	173.495	83.886	71.168	121.674	-31.410	67.342
193.230	83.327	59.081	228.820	50.317	60.990	229.252	86.926	60.614	262.357	82.232	46.586	173.517	83.879	71.176	121.692	-31.408	67.365
193.247	83.337	59.102	228.820	50.318	60.992	229.258	86.927	60.611	262.351	82.246	46.595	173.535	83.862	71.185	121.693	-31.411	67.359
193.218	83.331	59.080	228.820	50.302	60.984	229.260	86.925	60.609	262.349	82.233	46.585	173.564	83.844	71.201	121.701	-31.425	67.367
193.229	83.327	59.083	228.832	50.314	60.993	229.260	86.925	60.609	262.347	82.246	46.597	173.603	83.819	71.223	121.722	-31.434	67.370
193.261	83.332	59.098	228.830	50.304	60.993	229.265	86.918	60.619	262.335	82.248	46.609	173.662	83.796	71.256	121.715	-31.451	67.383
193.260	83.335	59.108	228.830	50.304	60.993	229.261	86.919	60.616	262.340	82.244	46.609	173.681	83.766	71.268	121.724	-31.473	67.377
193.262	83.333	59.104	228.831	50.302	60.992	229.266	86.922	60.617	262.345	82.243	46.606	173.714	83.726	71.298	121.729	-31.480	67.398
193.271	83.333	59.115	228.840	50.302	61.000	229.272	86.916	60.619	262.347	82.239	46.612	173.739	83.696	71.326	121.724	-31.507	67.391
193.272	83.333	59.114	228.841	50.300	60.997	229.279	86.916	60.613	262.348	82.239	46.613	173.772	83.683	71.334	121.725	-31.512	67.386
193.274	83.319	59.105	228.853	50.297	61.000	229.279	86.911	60.625	262.344	82.227	46.608	173.794	83.662	71.375	121.711	-31.525	67.376
193.277	83.328	59.102	228.856	50.294	60.990	229.286	86.911	60.619	262.361	82.234	46.612	173.824	83.643	71.390	121.710	-31.523	67.381
193.288	83.327	59.108	228.857	50.292	60.989	229.288	86.911	60.624	262.354	82.231	46.625	173.835	83.625	71.423	121.721	-31.526	67.385
193.292	83.319	59.094	228.860	50.301	60.984	229.296	86.913	60.610	262.354	82.231	46.625	173.859	83.616	71.458	121.718	-31.540	67.382
193.289	83.327	59.109	228.860	50.301	60.984	229.294	86.924	60.625	262.353	82.235	46.618	173.874	83.590	71.477	121.701	-31.545	67.393
193.296	83.328	59.088	228.857	50.308	60.997	229.299	86.923	60.615	262.356	82.247	46.623	173.906	83.579	71.524	121.698	-31.551	67.401
193.290	83.328	59.108	228.857	50.305	60.993	229.293	86.920	60.627	262.341	82.244	46.609	173.932	83.568	71.556	121.695	-31.541	67.419
193.294	83.336	59.102	228.857	50.305	60.993	229.289	86.928	60.621	262.335	82.248	46.605	173.939	83.556	71.568	121.681	-31.537	67.423
193.292	83.338	59.111	228.847	50.307	60.986	229.281	86.924	60.628	262.327	82.249	46.607	173.958	83.541	71.617	121.680	-31.533	67.430
193.282	83.337	59.099	228.847	50.307	60.986	229.284	86.928	60.614	262.309	82.258	46.604	173.973	83.532	71.644	121.678	-31.529	67.439
193.250	83.336	59.089	228.843	50.315	61.000	229.275	86.933	60.620	262.310	82.268	46.616	173.976	83.512	71.662	121.677	-31.526	67.445
193.280	83.343	59.110	228.836	50.314	60.988	229.264	86.934	60.628	262.302	82.268	46.619	173.988	83.493	71.693	121.673	-31.520	67.461
193.237	83.331	59.092	228.833	50.313	60.989	229.261	86.926	60.613	262.283	82.273	46.597	173.998	83.477	71.728	121.666	-31.538	67.471
193.268	83.348	59.111	228.833	50.316	60.995	229.268	86.934	60.620	262.291	82.287	46.627	173.997	83.464	71.729	121.656	-31.542	67.459
193.236	83.332	59.095	228.830	50.304	60.993	229.258	86.927	60.611	262.275	82.286	46.604	174.020	83.455	71.768	121.650	-31.546	67.474
193.256	83.337	59.106	228.823	50.314	60.982	229.268	86.934	60.620	262.274	82.277	46.589	174.028	83.443	71.775	121.645	-31.552	67.485
193.265	83.339	59.119	228.823	50.315	60.983	229.258	86.927	60.611	262.283	82.282	46.606	174.035	83.428	71.782	121.645	-31.550	67.490
193.267	83.338	59.115	228.833	50.313	60.989	229.256	86.926	60.606	262.277	82.283	46.612	174.041	83.414	71.789	121.651	-31.552	67.503
193.257	83.339	59.108	228.834	50.309	60.983	229.266	86.922	60.617	262.275	82.274	46.597	174.049	83.402	71.799	121.660	-31.563	67.511
193.267	83.339	59.117	228.830	50.304	60.993	229.270	86.930	60.620	262.282	82.286	46.599	174.054	83.381	71.811	121.647	-31.579	67.500
193.278	83.334	59.119	228.844	50.310	60.993	229.267	86.920	60.615	262.267	82.281	46.586	174.050	83.370	71.815	121.664	-31.590	67.518
193.271	83.333	59.105	228.846	50.311	60.992	229.272	86.916	60.619	262.274	82.274	46.600	174.055	83.345	71.824	121.672	-31.605	67.525
193.292	83.326	59.110	228.844	50.297	60.989	229.288	86.924	60.623	262.290	82.288	46.593	174.068	83.335	71.815	121.666	-31.614	67.535
193.281	83.333	59.112	228.859	50.303	60.985	229.284	86.915	60.620	262.297	82.280	46.604	174.069	83.318	71.839	121.689	-31.638	67.565
193.293	83.337	59.112	228.858	50.304	60.991	229.286	86.911	60.619	262.293	82.275	46.579	174.076	83.307	71.850	121.688	-31.635	67.573
193.292	83.326	59.109	228.858	50.303	60.989	229.289	86.928	60.621	262.293	82.275	46.579	174.080	83.284	71.862	121.695	-31.644	67.589
193.294	83.328	59.111	228.857	50.305	60.993	229.288	86.915	60.618	262.292	82.275	46.580	174.090	83.281	71.869	121.692	-31.658	67.589
193.283	83.331	59.110	228.860	50.301	60.984	229.288	86.924	60.623	262.302	82.283	46.592	174.099	83.268	71.872	121.712	-31.660	67.604
193.283	83.331	59.108	228.859	50.303	60.985	229.286	86.911	60.619	262.287	82.280	46.578	174.101	83.246	71.889	121.721	-31.673	67.609
193.282	83.333	59.112	228.848	50.306	60.985	229.282	86.915	60.616	262.278	82.280	46.579	174.102	83.247	71.890	121.718	-31.687	67.608
193.276	83.332	59.098	228.848	50.306	60.985	229.281	86.916	60.617	262.281	82.293	46.584	174.108	83.236	71.903	121.716	-31.687	67.612
193.284	83.327	59.102	228.847	50.307	60.986	229.285	86.925	60.620	262.274	82.297	46.581	174.117	83.235	71.911	121.717	-31.685	67.612
193.281	83.330	59.110	228.846	50.308	60.988	229.274	86.920	60.610	262.264	82.288	46.567	174.114	83.230	71.923	121.707	-31.670	67.611
193.279	83.336	59.120	228.845	50.309	60.990	229.267	86.920	60.615	262.267	82.301	46.573	174.120	83.236	71.909	121.696	-31.662	67.615
193.278	83.333	59.118	228.836	50.310	60.982	229.264	86.921	60.613	262.264	82.306	46.572	174.127	83.237	71.923	121.682	-31.654	67.623
193.277	83.335	59.122	228.833	50.313	60.989	229.264	86.921	60.613	262.249	82.315	46.564	174.128	83.240	71.927	121.675	-31.642	67.611
193.277	83.335	59.120	228.833	50.313	60.989	229.260	86.925	60.609	262.249	82.311	46.572	174.126	83.242	71.933	121.672	-31.636	67.623
