11421905.000000
11421910.000000
11421915.000000
11421920.000000
11421925.000000
11421930.000000
11421935.000000
11421940.000000
11421945.000000
11421950.000000
11421955.000000
11421960.000000
11421965.000000
11421970.000000
11421975.000000
11421980.000000
11421985.000000
11421990.000000
11421995.000000
11422000.000000
11422005.000000
11422010.000000
11422015.000000
11422020.000000
11422025.000000
11422030.000000
11422035.000000
11422040.000000
11422045.000000
11422050.000000
11422055.000000
11422060.000000
11422065.000000
11422070.000000
11422075.000000
11422080.000000
11422085.000000
11422090.000000
11422095.000000
11422100.000000
11422105.000000
11422110.000000
11422115.000000
11422120.000000
11422125.000000
11422130.000000
11422135.000000
11422140.000000
11422145.000000
11422150.000000
11422155.000000
11422160.000000
11422165.000000
11422170.000000
11422175.000000
11422180.000000
11422185.000000
11422190.000000
11422195.000000
11422200.000000
11422205.000000
11422210.000000
11422215.000000
11422220.000000
11422225.000000
11422230.000000
11422235.000000
11422240.000000
11422245.000000
11422250.000000
11422255.000000
11422260.000000
11422265.000000
11422270.000000
11422275.000000
11422280.000000
11422285.000000
11422290.000000
11422295.000000
11422300.000000
11422305.000000
11422310.000000
11422315.000000
11422320.000000
11422325.000000
11422330.000000
11422335.000000
11422340.000000
11422345.000000
11422350.000000
11422355.000000
11422360.000000
11422365.000000
11422370.000000
11422375.000000
11422380.000000
11422385.000000
11422390.000000
11422395.000000
11422400.000000
11422405.000000
11422410.000000
11422415.000000
11422420.000000
11422425.000000
11422430.000000
11422435.000000
11422440.000000
11422445.000000
11422450.000000
11422455.000000
11422460.000000
11422465.000000
11422470.000000
11422475.000000
11422480.000000
11422485.000000
11422490.000000
11422495.000000
11422500.000000
11422505.000000
11422510.000000
11422515.000000
11422520.000000
11422525.000000
11422530.000000
11422535.000000
11422540.000000
11422545.000000
11422550.000000
11422555.000000
11422560.000000
11422565.000000
11422570.000000
11422575.000000
11422580.000000
11422585.000000
11422590.000000
11422595.000000
11422600.000000
11422605.000000
11422610.000000
11422615.000000
11422620.000000
11422625.000000
11422630.000000
11422635.000000
11422640.000000
11422645.000000
11422650.000000
11422655.000000
11422660.000000
11422665.000000
11422670.000000
11422675.000000
11422680.000000
11422685.000000
11422690.000000
11422695.000000
11422700.000000
11422705.000000
11422710.000000
11422715.000000
11422720.000000
11422725.000000
11422730.000000
11422735.000000
11422740.000000
11422745.000000
11422750.000000
11422755.000000
11422760.000000
11422765.000000
11422770.000000
11422775.000000
11422780.000000
11422785.000000
11422790.000000
11422795.000000
11422800.000000
11422805.000000
11422810.000000
11422815.000000
11422820.000000
11422825.000000
11422830.000000
11422835.000000
11422840.000000
11422845.000000
11422850.000000
11422855.000000
11422860.000000
11422865.000000
11422870.000000
11422875.000000
11422880.000000
11422885.000000
11422890.000000
11422895.000000
11422900.000000
11422905.000000
11422910.000000
11422915.000000
11422920.000000
11422925.000000
11422930.000000
11422935.000000
11422940.000000
11422945.000000
11422950.000000
11422955.000000
11422960.000000
11422965.000000
11422970.000000
11422975.000000
11422980.000000
11422985.000000
11422990.000000
11422995.000000
11423000.000000
11423005.000000
11423010.000000
11423015.000000
11423020.000000
11423025.000000
11423030.000000
11423035.000000
11423040.000000
11423045.000000
11423050.000000
11423055.000000
11423060.000000
11423065.000000
11423070.000000
11423075.000000
11423080.000000
11423085.000000
11423090.000000
11423095.000000
11423100.000000
11423105.000000
11423110.000000
11423115.000000
11423120.000000
11423125.000000
11423130.000000
11423135.000000
11423140.000000
11423145.000000
11423150.000000
11423155.000000
11423160.000000
11423165.000000
11423170.000000
11423175.000000
11423180.000000
11423185.000000
11423190.000000
11423195.000000
11423200.000000
11423205.000000
11423210.000000
11423215.000000
11423220.000000
11423225.000000
11423230.000000
11423235.000000
11423240.000000
11423245.000000
11423250.000000
11423255.000000
11423260.000000
11423265.000000
11423270.000000
11423275.000000
11423280.000000
11423285.000000
11423290.000000
11423295.000000
11423300.000000
11423305.000000
11423310.000000
11423315.000000
11423320.000000
11423325.000000
11423330.000000
11423335.000000
11423340.000000
11423345.000000
11423350.000000
11423355.000000
11423360.000000
11423365.000000
11423370.000000
11423375.000000
11423380.000000
11423385.000000
11423390.000000
11423395.000000
11423400.000000
11423405.000000
11423410.000000
11423415.000000
11423420.000000
11423425.000000
11423430.000000
11423435.000000
11423440.000000
11423445.000000
11423450.000000
11423455.000000
11423460.000000
11423465.000000
11423470.000000
11423475.000000
11423480.000000
11423485.000000
11423490.000000
11423495.000000
11423500.000000
11423505.000000
11423510.000000
11423515.000000
11423520.000000
11423525.000000
11423530.000000
11423535.000000
11423540.000000
11423545.000000
11423550.000000
11423555.000000
11423560.000000
11423565.000000
11423570.000000
11423575.000000
11423580.000000
11423585.000000
11423590.000000
11423595.000000
11423600.000000
11423605.000000
11423610.000000
11423615.000000
11423620.000000
11423625.000000
11423630.000000
11423635.000000
11423640.000000
11423645.000000
11423650.000000
11423655.000000
11423660.000000
11423665.000000
11423670.000000
11423675.000000
11423680.000000
11423685.000000
11423690.000000
11423695.000000
11423700.000000
11423705.000000
11423710.000000
11423715.000000
11423720.000000
11423725.000000
11423730.000000
11423735.000000
11423740.000000
11423745.000000
11423750.000000
11423755.000000
11423760.000000
11423765.000000
11423770.000000
11423775.000000
11423780.000000
11423785.000000
11423790.000000
11423795.000000
11423800.000000
11423805.000000
11423810.000000
11423815.000000
11423820.000000
11423825.000000
11423830.000000
11423835.000000
11423840.000000
11423845.000000
11423850.000000
11423855.000000
11423860.000000
11423865.000000
11423870.000000
11423875.000000
11423880.000000
11423885.000000
11423890.000000
11423895.000000
11423900.000000
