006020635
006020640
006020645
006020650
006020655
006020660
006020665
006020670
006020675
006020680
006020685
006020690
006020695
006020700
006020705
006020710
006020715
006020720
006020725
006020730
006020735
006020740
006020745
006020750
006020755
006020760
006020765
006020770
006020775
006020780
006020785
006020790
006020795
006020800
006020805
006020810
006020815
006020820
006020825
006020830
006020835
006020840
006020845
006020850
006020855
006020860
006020865
006020870
006020875
006020880
006020885
006020890
006020895
006020900
006020905
006020910
006020915
006020920
006020925
006020930
006020935
006020940
006020945
006020950
006020955
006020960
006020965
006020970
006020975
006020980
006020985
006020990
006020995
006021000
006021005
006021010
006021015
006021020
006021025
006021030
006021035
006021040
006021045
006021050
006021055
006021060
006021065
006021070
006021075
006021080
006021085
006021090
006021095
006021100
006021105
006021110
006021115
006021120
006021125
006021130
006021135
006021140
006021145
006021150
006021155
006021160
006021165
006021170
006021175
006021180
006021185
006021190
006021195
006021200
006021205
006021210
006021215
006021220
006021225
006021230
006021235
006021240
006021245
006021250
006021255
006021260
006021265
006021270
006021275
006021280
006021285
006021290
006021295
006021300
006021305
006021310
006021315
006021320
006021325
006021330
006021335
006021340
006021345
006021350
006021355
006021360
006021365
006021370
006021375
006021380
006021385
006021390
006021395
006021400
006021405
006021410
006021415
006021420
006021425
006021430
006021435
006021440
006021445
006021450
006021455
006021460
006021465
006021470
006021475
006021480
006021485
006021490
006021495
006021500
006021505
006021510
006021515
006021520
006021525
006021530
006021535
006021540
006021545
006021550
006021555
006021560
006021565
006021570
006021575
006021580
006021585
006021590
006021595
006021600
006021605
006021610
006021615
006021620
006021625
006021630
006021635
006021640
006021645
006021650
006021655
006021660
006021665
006021670
006021675
006021680
006021685
006021690
006021695
006021700
006021705
006021710
006021715
006021720
006021725
006021730
006021735
006021740
006021745
006021750
006021755
006021760
006021765
006021770
006021775
006021780
006021785
006021790
006021795
006021800
006021805
006021810
006021815
006021820
006021825
006021830
006021835
006021840
006021845
006021850
006021855
006021860
006021865
006021870
006021875
006021880
006021885
006021890
006021895
006021900
006021905
006021910
006021915
006021920
006021925
006021930
006021935
006021940
006021945
006021950
006021955
006021960
006021965
006021970
006021975
006021980
006021985
006021990
006021995
006022000
006022005
006022010
006022015
006022020
006022025
006022030
006022035
006022040
006022045
006022050
006022055
006022060
006022065
006022070
006022075
006022080
006022085
006022090
006022095
006022100
006022105
006022110
006022115
006022120
006022125
006022130
