193.321	83.191	59.172	228.915	50.182	60.979	229.320	87.005	60.446	-87.856	93.233	-6.425	-172.251	48.573	-0.214	-173.067	-75.547	28.277
193.329	83.190	59.184	228.906	50.167	60.963	229.301	86.990	60.452	-88.129	92.669	-6.245	-172.434	47.952	-0.206	-173.727	-76.184	27.521
193.313	83.167	59.175	228.886	50.151	60.971	229.289	86.978	60.441	-88.477	92.109	-6.031	-172.995	47.547	-0.334	-174.281	-76.857	26.859
193.294	83.155	59.155	228.880	50.136	60.972	229.277	86.965	60.433	-88.837	91.547	-5.869	-173.330	47.022	-0.171	-174.552	-77.475	26.412
193.287	83.138	59.166	228.877	50.126	60.977	229.265	86.960	60.459	-89.191	91.007	-5.835	-173.692	46.435	-0.188	-174.788	-78.014	25.924
193.289	83.131	59.156	228.871	50.116	60.985	229.261	86.947	60.460	-89.582	90.593	-5.755	-173.975	45.856	-0.138	-175.102	-78.459	25.429
193.283	83.121	59.165	228.869	50.106	60.987	229.248	86.939	60.457	-89.991	90.129	-5.675	-174.374	45.454	-0.298	-175.152	-78.866	25.071
193.280	83.107	59.162	228.866	50.095	60.988	229.250	86.934	60.450	-90.298	89.718	-5.617	-174.517	45.004	-0.228	-175.237	-79.167	24.848
193.278	83.099	59.166	228.861	50.100	60.970	229.247	86.925	60.454	-90.576	89.383	-5.644	-174.610	44.703	-0.225	-175.249	-79.422	24.737
193.292	83.103	59.160	228.868	50.089	60.979	229.258	86.921	60.455	-90.933	89.040	-5.613	-174.591	44.378	-0.150	-175.351	-79.648	24.710
193.280	83.097	59.162	228.881	50.101	60.987	229.272	86.929	60.456	-91.197	88.821	-5.576	-174.530	44.126	-0.038	-175.155	-79.773	24.829
193.296	83.116	59.161	228.893	50.110	60.991	229.285	86.940	60.465	-91.397	88.671	-5.523	-174.684	43.999	-0.113	-175.051	-79.892	24.966
193.307	83.127	59.169	228.902	50.104	60.971	229.295	86.942	60.477	-91.598	88.509	-5.526	-174.600	43.852	0.066	-174.952	-79.973	25.159
193.327	83.128	59.151	228.918	50.126	60.975	229.323	86.948	60.437	-91.804	88.403	-5.536	-174.698	43.741	0.073	-174.828	-80.061	25.321
193.334	83.149	59.147	228.925	50.130	60.960	229.327	86.961	60.436	-92.020	88.344	-5.566	-175.017	43.700	-0.073	-174.575	-80.112	25.570
193.342	83.170	59.171	228.942	50.155	60.966	229.341	86.986	60.448	-92.153	88.331	-5.571	-175.073	43.650	-0.029	-174.428	-80.148	25.699
193.352	83.186	59.156	228.942	50.171	60.974	229.353	86.999	60.459	-92.244	88.336	-5.567	-175.141	43.642	-0.062	-174.336	-80.111	25.695
193.358	83.209	59.150	228.948	50.195	60.972	229.358	87.024	60.461	-92.320	88.351	-5.560	-175.296	43.741	-0.235	-174.225	-80.012	25.630
193.361	83.222	59.153	228.953	50.207	60.967	229.360	87.038	60.461	-92.416	88.382	-5.560	-175.322	43.836	-0.398	-174.204	-79.945	25.473
193.352	83.238	59.152	228.954	50.222	60.973	229.366	87.061	60.460	-92.534	88.411	-5.587	-175.448	43.998	-0.632	-174.208	-79.882	25.303
193.359	83.260	59.147	228.956	50.233	60.972	229.368	87.075	60.463	-92.754	88.438	-5.611	-175.315	44.133	-0.619	-174.191	-79.805	25.088
193.355	83.266	59.157	228.945	50.244	60.978	229.357	87.078	60.457	-93.047	88.494	-5.630	-175.422	44.376	-0.806	-174.154	-79.690	24.854
193.337	83.279	59.146	228.937	50.255	60.967	229.350	87.089	60.447	-93.360	88.593	-5.670	-175.475	44.661	-1.022	-174.199	-79.595	24.571
193.337	83.279	59.144	228.934	50.246	60.972	229.331	87.088	60.460	-93.759	88.671	-5.669	-175.312	44.866	-1.089	-174.295	-79.544	24.262
193.327	83.281	59.138	228.921	50.247	60.967	229.322	87.089	60.452	-94.004	88.735	-5.592	-175.285	45.122	-1.205	-174.366	-79.412	24.042
193.314	83.270	59.132	228.904	50.241	60.974	229.308	87.078	60.445	-94.347	88.774	-5.623	-175.216	45.366	-1.289	-174.436	-79.318	23.783
193.316	83.265	59.156	228.890	50.233	60.973	229.283	87.074	60.443	-94.568	88.764	-5.616	-175.129	45.581	-1.446	-174.503	-79.260	23.577
193.312	83.252	59.157	228.888	50.231	60.975	229.280	87.061	60.442	-94.723	88.728	-5.607	-175.080	45.792	-1.530	-174.606	-79.199	23.413
193.300	83.245	59.156	228.876	50.219	60.966	229.269	87.048	60.431	-94.879	88.676	-5.615	-175.015	45.983	-1.580	-174.677	-79.134	23.269
193.297	83.232	59.157	228.873	50.205	60.964	229.264	87.040	60.441	-95.083	88.625	-5.622	-174.979	46.124	-1.638	-174.770	-79.104	23.130
193.303	83.217	59.162	228.877	50.197	60.983	229.274	87.019	60.433	-95.297	88.611	-5.645	-174.925	46.290	-1.689	-174.878	-79.072	23.038
193.292	83.208	59.156	228.877	50.180	60.972	229.271	87.009	60.436	-95.394	88.577	-5.616	-174.896	46.402	-1.787	-175.013	-79.048	22.950
193.296	83.200	59.174	228.887	50.179	60.980	229.272	87.007	60.435	-95.488	88.548	-5.589	-174.841	46.515	-1.862	-175.134	-79.016	22.865
193.302	83.190	59.151	228.887	50.162	60.970	229.278	86.997	60.447	-95.573	88.521	-5.537	-174.777	46.637	-1.879	-175.227	-78.992	22.768
193.313	83.186	59.155	228.892	50.168	60.960	229.292	87.000	60.441	-95.632	88.494	-5.547	-174.693	46.753	-1.904	-175.341	-78.971	22.693
193.311	83.185	59.154	228.888	50.176	60.977	229.295	86.997	60.434	-95.671	88.460	-5.533	-174.650	46.880	-1.948	-175.437	-78.917	22.618
193.331	83.184	59.168	228.901	50.168	60.970	229.304	86.999	60.448	-95.706	88.418	-5.558	-174.618	46.998	-1.988	-175.534	-78.875	22.547
193.329	83.190	59.148	228.905	50.181	60.968	229.310	87.009	60.440	-95.741	88.385	-5.568	-174.552	47.113	-2.034	-175.703	-78.845	22.388
193.332	83.203	59.148	228.921	50.176	60.961	229.310	87.009	60.440	-95.797	88.369	-5.561	-174.407	47.193	-2.008	-175.827	-78.781	22.271
193.322	83.209	59.149	228.912	50.193	60.963	229.310	87.023	60.446	-95.833	88.332	-5.577	-174.318	47.299	-2.066	-175.948	-78.711	22.177
193.324	83.218	59.145	228.911	50.194	60.965	229.311	87.022	60.444	-95.880	88.327	-5.602	-174.348	47.453	-2.193	-176.020	-78.646	22.077
193.333	83.218	59.152	228.915	50.204	60.960	229.312	87.037	60.449	-95.967	88.322	-5.621	-174.294	47.614	-2.196	-176.151	-78.552	21.966
193.322	83.234	59.153	228.908	50.211	60.978	229.302	87.039	60.443	-96.051	88.323	-5.636	-174.294	47.720	-2.242	-176.384	-78.497	21.792
193.311	83.241	59.158	228.901	50.210	60.965	229.292	87.042	60.436	-96.112	88.325	-5.650	-174.201	47.794	-2.200	-176.510	-78.443	21.667
193.301	83.244	59.151	228.886	50.217	60.970	229.291	87.042	60.436	-96.184	88.324	-5.682	-174.160	47.922	-2.253	-176.633	-78.372	21.552
193.296	83.249	59.165	228.876	50.219	60.964	229.268	87.048	60.432	-96.241	88.337	-5.702	-174.189	48.091	-2.330	-176.736	-78.284	21.435
193.296	83.246	59.161	228.872	50.223	60.975	229.262	87.043	60.444	-96.300	88.356	-5.708	-174.177	48.232	-2.388	-176.831	-78.241	21.280
193.285	83.248	59.159	228.856	50.214	60.975	229.251	87.045	60.438	-96.347	88.376	-5.707	-174.126	48.341	-2.457	-177.029	-78.188	21.148
193.271	83.242	59.160	228.846	50.216	60.968	229.251	87.041	60.433	-96.383	88.387	-5.711	-174.026	48.401	-2.411	-177.153	-78.132	21.031
193.271	83.243	59.162	228.840	50.210	60.980	229.238	87.034	60.431	-96.427	88.404	-5.740	-174.004	48.532	-2.477	-177.246	-78.080	20.932
193.247	83.236	59.153	228.840	50.210	60.980	229.238	87.034	60.431	-96.447	88.424	-5.742	-173.962	48.657	-2.512	-177.271	-78.011	20.826
193.259	83.234	59.158	228.840	50.206	60.975	229.236	87.033	60.433	-96.493	88.443	-5.742	-173.958	48.787	-2.624	-177.322	-77.991	20.709
193.268	83.229	59.160	228.843	50.202	60.966	229.234	87.022	60.434	-96.540	88.480	-5.718	-173.892	48.887	-2.626	-177.349	-77.929	20.646
193.271	83.220	59.144	228.857	50.197	60.963	229.250	87.026	60.428	-96.570	88.522	-5.703	-173.809	48.962	-2.615	-177.405	-77.884	20.578
193.277	83.215	59.162	228.857	50.197	60.965	229.253	87.023	60.421	-96.601	88.543	-5.713	-173.735	49.043	-2.621	-177.448	-77.813	20.586
193.293	83.219	59.156	228.868	50.197	60.972	229.263	87.025	60.433	-96.615	88.584	-5.722	-173.675	49.115	-2.634	-177.480	-77.765	20.542
193.304	83.216	59.159	228.874	50.204	60.962	229.276	87.019	60.430	-96.685	88.626	-5.755	-173.609	49.199	-2.647	-177.496	-77.735	20.533
193.304	83.215	59.155	228.896	50.199	60.968	229.287	87.030	60.441	-96.697	88.663	-5.774	-173.541	49.311	-2.708	-177.499	-77.702	20.535
193.318	83.221	59.155	228.905	50.205	60.954	229.303	87.035	60.435	-96.713	88.692	-5.786	-173.398	49.346	-2.673	-177.476	-77.664	20.539
193.315	83.231	59.139	228.918	50.213	60.955	229.315	87.046	60.444	-96.712	88.724	-5.811	-173.363	49.408	-2.696	-177.457	-77.637	20.551
193.338	83.241	59.154	228.925	50.218	60.976	229.327	87.046	60.450	-96.716	88.748	-5.824	-173.296	49.460	-2.688	-177.424	-77.600	20.584
193.341	83.239	59.145	228.925	50.219	60.975	229.331	87.055	60.443	-96.696	88.767	-5.832	-173.265	49.505	-2.697	-177.378	-77.565	20.627
193.335	83.253	59.137	228.933	50.226	60.960	229.340	87.055	60.453	-96.699	88.790	-5.850	-173.226	49.543	-2.683	-177.351	-77.553	20.643
193.343	83.252	59.145	228.933	50.230	60.966	229.335	87.067	60.441	-96.695	88.804	-5.848	-173.189	49.582	-2.687	-177.331	-77.528	20.671
193.335	83.264	59.140	228.936	50.235	60.956	229.333	87.070	60.448	-96.684	88.802	-5.842	-173.154	49.610	-2.690	-177.318	-77.522	20.690
193.337	83.267	59.140	228.924	50.241	60.958	229.332	87.071	60.450	-96.680	88.811	-5.853	-173.134	49.634	-2.688	-177.315	-77.512	20.684
193.334	83.266	59.141	228.922	50.246	60.968	229.322	87.073	60.444	-96.691	88.809	-5.867	-173.129	49.643	-2.699	-177.326	-77.512	20.675
193.320	83.272	59.147	228.914	50.239	60.981	229.309	87.078	60.445	-96.702	88.808	-5.876	-173.110	49.662	-2.703	-177.340	-77.517	20.658
193.319	83.262	59.145	228.904	50.240	60.973	229.300	87.074	60.430	-96.729	88.802	-5.882	-173.109	49.666	-2.720	-177.360	-77.537	20.640
193.295	83.266	59.143	228.890	50.233	60.973	229.296	87.066	60.437	-96.729	88.795	-5.895	-173.117	49.679	-2.728	-177.409	-77.573	20.591
193.294	83.259	59.147	228.885	50.234	60.982	229.280	87.061	60.442	-96.734	88.782	-5.897	-173.114	49.686	-2.742	-177.446	-77.576	20.579
193.295	83.246	59.161	228.873	50.222	60.973	229.268	87.052	60.436	-96.734	88.783	-5.892	-173.110	49.699	-2.743	-177.479	-77.598	20.574
193.285	83.236	59.154	228.869	50.213	60.978	229.262	87.039	60.439	-96.715	88.764	-5.890	-173.105	49.716	-2.760	-177.606	-77.623	20.518
193.293	83.235	59.164	228.860	50.210	60.964	229.262	87.038	60.439	-96.680	88.752	-5.886	-173.117	49.718	-2.763	-177.632	-77.627	20.514
193.293	83.231	59.160	228.857	50.200	60.969	229.250	87.028	60.433	-96.604	88.730	-5.864	-173.132	49.711	-2.762	-177.637	-77.632	20.529
193.288	83.224	59.170	228.867	50.194	60.970	229.260	87.012	60.432	-96.555	88.728	-5.860	-173.145	49.713	-2.767	-177.653	-77.639	20.533
193.278	83.210	59.154	228.868	50.194	60.970	229.261	87.011	60.430	-96.519	88.700	-5.875	-173.162	49.700	-2.752	-177.657	-77.644	20.554
193.279	83.213	59.157	228.865	50.184	60.972	229.259	87.012	60.436	-96.463	88.680	-5.868	-173.167	49.686	-2.754	-177.645	-77.636	20.594
193.302	83.207	59.161	228.878	50.179	60.970	229.271	87.012	60.442	-96.413	88.673	-5.871	-173.184	49.676	-2.753	-177.514	-77.619	20.703
193.293	83.206	59.151	228.893	50.184	60.966	229.287	87.017	60.436	-96.365	88.657	-5.871	-173.207	49.644	-2.746	-177.437	-77.628	20.796
193.319	83.209	59.151	228.897	50.201	60.971	229.296	87.017	60.446	-96.328	88.647	-5.868	-173.232	49.603	-2.735	-177.340	-77.612	20.960
193.320	83.223	59.154	228.909	50.197	60.972	229.315	87.034	60.439	-96.288	88.649	-5.860	-173.263	49.557	-2.702	-177.251	-77.667	21.085
193.336	83.226	59.145	228.927	50.203	60.964	229.328	87.042	60.443	-96.213	88.641	-5.852	-173.297	49.496	-2.681	-177.147	-77.704	21.234
193.336	83.235	59.159	228.939	50.212	60.970	229.343	87.051	60.447	-96.146	88.654	-5.834	-173.330	49.440	-2.664	-177.028	-77.766	21.453
193.341	83.238	59.142	228.940	50.228	60.977	229.352	87.050	60.452	-96.044	88.656	-5.811	-173.376	49.383	-2.637	-176.760	-77.833	21.710
193.357	83.258	59.146	228.955	50.234	60.973	229.356	87.067	60.459	-95.792	88.654	-5.723	-173.391	49.318	-2.577	-176.575	-77.866	22.006
193.360	83.271	59.146	228.957	50.239	60.978	229.358	87.077	60.456	-95.597	88.649	-5.719	-173.505	49.275	-2.553	-176.274	-77.874	22.383
193.363	83.268	59.138	228.961	50.248	60.971	229.370	87.086	60.461	-95.402	88.684	-5.687	-173.589	49.208	-2.535	-175.951	-77.921	22.694
193.364	83.272	59.142	228.960	50.252	60.979	229.369	87.087	60.463	-95.028	88.735	-5.532	-173.652	49.143	-2.475	-175.618	-77.913	23.109
193.365	83.282	59.142	228.961	50.248	60.971	229.371	87.089	60.465	-94.732	88.805	-5.345	-173.749	49.083	-2.439	-175.170	-77.933	23.568
193.363	83.280	59.140	228.961	50.248	60.971	229.373	87.087	60.460	-94.412	88.882	-5.005	-173.875	49.077	-2.445	-174.799	-77.950	23.986
193.362	83.270	59.141	228.960	50.249	60.973	229.370	87.090	60.467	-94.006	89.026	-4.344	-173.976	48.974	-2.359	-174.278	-77.972	24.507
193.362	83.269	59.140	228.958	50.251	60.980	229.367	87.077	60.466	-93.717	89.240	-3.393	-174.000	48.831	-2.194	-173.730	-78.013	25.014
193.360	83.275	59.151	228.957	50.239	60.978	229.367	87.081	60.472	-93.247	89.493	-2.121	-174.177	48.801	-2.146	-173.138	-78.006	25.614
193.356	83.248	59.146	228.955	50.238	60.980	229.368	87.071	60.457	-92.538	89.801	-0.518	-174.267	48.689	-1.931	-172.538	-77.975	26.147
193.357	83.247	59.144	228.958	50.233	60.969	229.365	87.066	60.466	-91.527	90.117	1.318	-174.329	48.552	-1.701	-171.897	-77.903	26.785
193.364	83.247	59.157	228.956	50.220	60.968	229.375	87.047	60.463	-90.352	90.413	3.256	-174.296	48.424	-1.264	-171.131	-77.781	27.566
193.365	83.235	59.152	228.963	50.212	60.982	229.375	87.048	60.465	-88.944	90.690	5.323	-173.858	48.471	-0.353	-170.311	-77.684	28.369
193.371	83.224	59.163	228.976	50.202	60.974	229.385	87.045	60.471	-87.392	90.927	7.387	-172.874	48.779	1.096	-169.321	-77.513	29.320
193.363	83.219	59.145	228.976	50.203	60.976	229.399	87.037	60.463	-85.561	91.113	9.465	-171.751	49.280	2.732	-168.356	-77.278	30.241
193.394	83.217	59.167	228.984	50.204	60.989	229.400	87.039	60.467	-83.821	91.280	11.491	-170.327	49.813	4.714	-167.329	-76.976	31.221
193.376	83.203	59.141	228.987	50.200	60.980	229.407	87.036	60.475	-81.785	91.425	13.611	-168.757	50.436	6.938	-166.077	-76.635	32.373
193.396	83.209	59.153	228.997	50.198	60.987	229.409	87.022	60.464	-79.683	91.571	15.712	-167.090	51.094	9.285	-164.770	-76.262	33.526
193.396	83.210	59.154	228.987	50.199	60.979	229.407	87.023	60.469	-77.503	91.774	17.958	-165.274	51.825	11.640	-163.288	-75.861	34.777
193.395	83.208	59.153	228.987	50.200	60.981	229.407	87.024	60.472	-75.230	92.050	20.403	-163.238	52.553	14.126	-161.646	-75.349	36.139
193.383	83.215	59.158	228.987	50.200	60.980	229.397	87.026	60.465	-72.884	92.322	22.908	-160.814	53.335	16.716	-159.835	-74.783	37.699
193.370	83.208	59.156	228.977	50.202	60.974	229.396	87.026	60.465	-70.216	92.643	25.713	-158.173	54.183	19.350	-157.744	-74.217	39.417
193.371	83.204	59.150	228.974	50.205	60.981	229.384	87.031	60.466	-67.344	92.986	28.679	-155.378	55.188	22.024	-155.617	-73.527	41.135
193.366	83.208	59.158	228.961	50.206	60.979	229.371	87.035	60.468	-64.248	93.311	31.692	-152.252	56.170	24.924	-153.282	-72.733	43.009
193.361	83.222	59.155	228.947	50.200	60.979	229.367	87.027	60.474	-60.845	93.654	34.884	-148.968	57.241	27.923	-150.862	-71.897	44.866
193.346	83.213	59.149	228.948	50.199	60.977	229.347	87.030	60.460	-57.301	93.956	38.081	-145.463	58.333	31.026	-148.283	-71.021	46.781
193.342	83.218	59.162	228.937	50.202	60.973	229.347	87.039	60.459	-53.524	94.227	41.471	-141.784	59.464	34.184	-145.542	-70.121	48.787
193.331	83.224	59.165	228.934	50.206	60.981	229.336	87.042	60.455	-49.640	94.507	44.802	-137.847	60.585	37.415	-142.690	-69.140	50.859
193.329	83.222	59.167	228.924	50.203	60.970	229.322	87.036	60.456	-45.467	94.805	48.293	-133.779	61.783	40.671	-139.675	-68.126	52.980
193.324	83.235	59.156	228.919	50.212	60.990	229.321	87.040	60.464	-41.153	95.006	51.842	-129.414	63.048	44.011	-136.585	-67.110	55.118
193.330	83.225	59.166	228.926	50.205	60.970	229.322	87.040	60.462	-36.635	95.293	55.514	-124.930	64.275	47.451	-133.345	-66.054	57.350
193.337	83.233	59.156	228.927	50.204	60.967	229.325	87.033	60.449	-31.814	95.512	59.284	-120.147	65.534	50.787	-129.942	-64.903	59.688
193.336	83.235	59.163	228.931	50.208	60.989	229.336	87.033	60.455	-26.828	95.734	63.124	-115.216	66.882	54.168	-126.409	-63.772	61.942
193.342	83.221	59.169	228.940	50.211	60.968	229.344	87.034	60.468	-21.650	95.872	66.928	-109.977	68.117	57.684	-122.851	-62.598	64.225
193.358	83.224	59.158	228.947	50.213	60.983	229.360	87.038	60.463	-16.209	96.005	70.786	-104.576	69.408	61.093	-119.091	-61.410	66.534
193.370	83.220	59.160	228.963	50.205	60.974	229.371	87.036	60.467	-10.617	96.054	74.598	-99.043	70.677	64.381	-115.235	-60.224	68.796
193.371	83.220	59.159	228.970	50.193	60.984	229.373	87.033	60.460	-4.891	96.115	78.325	-93.413	72.029	67.660	-111.316	-58.968	71.164
193.372	83.218	59.156	228.973	50.202	60.978	229.383	87.032	60.468	0.929	96.127	81.956	-87.535	73.241	70.876	-107.258	-57.701	73.504
193.370	83.209	59.156	228.975	50.201	60.976	229.383	87.035	60.474	6.959	96.115	85.536	-81.610	74.494	73.983	-103.091	-56.397	75.791
193.381	83.205	59.158	228.985	50.198	60.980	229.397	87.025	60.463	12.994	96.051	88.894	-75.578	75.735	76.976	-98.863	-55.087	78.053
193.385	83.214	59.154	228.987	50.200	60.980	229.405	87.026	60.475	19.219	95.990	92.226	-69.412	76.900	79.834	-94.604	-53.794	80.223
193.385	83.209	59.147	228.986	50.201	60.982	229.402	87.032	60.488	25.435	95.849	95.250	-63.322	78.104	82.534	-90.197	-52.446	82.412
193.384	83.204	59.152	228.981	50.194	60.992	229.396	87.027	60.467	31.640	95.720	98.093	-57.114	79.219	85.055	-85.768	-51.108	84.566
193.381	83.206	59.158	228.971	50.192	60.982	229.388	87.027	60.457	37.902	95.575	100.801	-50.895	80.300	87.364	-81.279	-49.800	86.597
193.380	83.207	59.163	228.971	50.192	60.980	229.379	87.023	60.476	44.212	95.452	103.441	-44.671	81.381	89.533	-76.761	-48.476	88.561
193.368	83.211	59.162	228.970	50.193	60.984	229.371	87.024	60.465	50.507	95.289	105.851	-38.405	82.383	91.498	-72.178	-47.165	90.508
193.367	83.208	59.160	228.957	50.198	60.985	229.367	87.027	60.474	56.710	95.094	108.021	-32.135	83.369	93.281	-67.605	-45.811	92.391
193.356	83.215	59.162	228.947	50.200	60.979	229.357	87.029	60.468	63.068	94.979	110.255	-25.894	84.343	94.987	-62.939	-44.451	94.209
193.344	83.219	59.164	228.937	50.202	60.973	229.345	87.029	60.461	69.339	94.797	112.259	-19.643	85.274	96.511	-58.301	-43.163	95.929
193.342	83.222	59.170	228.932	50.207	60.987	229.344	87.034	60.469	75.582	94.632	114.160	-13.432	86.185	97.904	-53.688	-41.834	97.636
193.328	83.223	59.167	228.936	50.204	60.976	229.335	87.031	60.455	81.889	94.445	116.031	-7.234	87.084	99.225	-49.076	-40.509	99.321
193.340	83.224	59.175	228.931	50.205	60.983	229.325	87.037	60.454	88.124	94.200	117.715	-1.063	87.915	100.416	-44.423	-39.203	100.834
193.333	83.223	59.160	228.924	50.207	60.976	229.324	87.049	60.460	94.487	93.949	119.373	5.087	88.731	101.499	-39.840	-37.872	102.366
193.336	83.228	59.152	228.924	50.206	60.974	229.328	87.045	60.448	100.722	93.620	120.923	11.174	89.503	102.453	-35.266	-36.569	103.726
193.335	83.221	59.156	228.936	50.204	60.976	229.338	87.044	60.457	107.057	93.246	122.395	17.249	90.262	103.320	-30.737	-35.261	105.097
193.335	83.221	59.156	228.934	50.205	60.981	229.340	87.041	60.449	107.924	92.498	120.435	18.000	89.893	101.746	-30.260	-35.058	104.926
193.339	83.227	59.145	228.950	50.210	60.976	229.351	87.039	60.453	119.541	92.364	124.922	29.136	91.643	104.633	-21.825	-32.659	107.444
193.359	83.224	59.159	228.960	50.207	60.981	229.361	87.038	60.461	125.683	91.858	125.955	34.938	92.277	104.977	-17.456	-31.390	108.507
193.369	83.222	59.165	228.963	50.208	60.979	229.373	87.037	60.468	131.729	91.354	126.894	40.641	92.903	105.172	-13.170	-30.106	109.565
193.371	83.220	59.160	228.973	50.206	60.985	229.383	87.031	60.467	137.752	90.831	127.666	46.269	93.432	105.101	-8.914	-28.900	110.477
193.372	83.207	59.150	228.974	50.202	60.977	229.384	87.031	60.467	143.642	90.270	128.335	51.755	93.976	104.969	-4.746	-27.674	111.431
193.374	83.217	59.150	228.977	50.202	60.974	229.396	87.027	60.468	149.364	89.732	128.800	57.027	94.474	104.699	-0.633	-26.494	112.338
193.375	83.216	59.148	228.977	50.201	60.972	229.397	87.026	60.465	155.036	89.194	129.112	62.170	94.922	104.318	3.389	-25.337	113.171
193.387	83.211	59.148	228.983	50.192	60.987	229.399	87.024	60.458	160.500	88.657	129.323	67.160	95.315	103.846	7.341	-24.213	113.987
193.382	83.205	59.157	228.987	50.196	60.975	229.394	87.028	60.472	165.896	88.101	129.288	71.996	95.704	103.317	11.172	-23.096	114.818
193.369	83.206	59.156	228.973	50.193	60.979	229.384	87.030	60.465	171.056	87.557	129.152	76.668	96.072	102.846	14.882	-22.001	115.490
193.369	83.206	59.155	228.970	50.193	60.982	229.381	87.021	60.469	176.155	86.990	128.802	81.127	96.401	102.332	18.485	-20.932	116.220
193.377	83.211	59.171	228.961	50.193	60.974	229.368	87.025	60.470	181.076	86.415	128.334	85.457	96.710	101.755	22.021	-19.893	116.953
193.378	83.200	59.150	228.955	50.200	60.993	229.367	87.027	60.474	185.860	85.835	127.712	89.603	97.017	101.184	25.412	-18.876	117.653
193.364	83.184	59.094	228.947	50.200	60.979	229.357	87.025	60.462	190.521	85.206	126.967	93.597	97.300	100.703	28.711	-17.898	118.308
193.369	83.148	59.015	228.937	50.202	60.973	229.348	87.028	60.455	194.996	84.585	126.073	97.340	97.616	100.141	31.868	-16.961	118.902
193.400	83.232	59.158	228.943	50.220	60.964	229.368	86.980	60.348	199.314	83.920	125.029	100.991	97.890	99.540	34.872	-16.029	119.437
193.218	83.536	59.856	228.930	50.213	60.962	229.400	86.885	60.118	203.533	83.234	123.906	104.478	98.170	99.057	37.862	-15.129	119.972
193.221	83.548	59.857	228.957	50.140	61.065	229.432	86.785	59.886	207.317	82.442	122.604	107.737	98.429	98.491	40.649	-14.267	120.407
193.221	83.548	59.857	229.154	50.131	61.348	229.309	87.085	60.568	211.134	81.726	121.301	110.921	98.687	97.999	43.352	-13.436	120.833
193.221	83.548	59.857	229.150	50.131	61.350	229.321	87.094	60.573	214.434	80.811	120.000	113.903	98.944	97.410	45.967	-12.668	121.180
193.235	83.542	59.852	230.745	48.920	63.706	229.321	87.094	60.573	218.289	80.383	118.812	116.807	99.179	96.740	48.388	-11.928	121.461
193.221	83.548	59.857	229.170	50.118	61.320	229.324	87.091	60.564	221.197	79.318	117.176	119.536	99.440	96.108	50.770	-11.197	121.736
193.228	83.552	59.841	229.314	50.162	61.344	229.334	87.089	60.571	224.234	78.634	115.799	122.109	99.662	95.360	53.079	-10.537	121.892
193.264	83.587	59.883	229.538	50.436	61.005	229.283	87.280	61.021	227.405	78.128	114.565	124.531	99.858	94.530	55.139	-9.885	122.042
193.338	83.392	59.508	229.956	50.832	61.091	229.318	87.221	60.896	230.102	77.484	113.272	126.966	100.045	93.697	57.231	-9.251	122.056
193.362	83.301	59.338	229.942	51.128	61.310	229.332	87.171	60.780	232.604	76.920	112.008	129.164	100.237	92.805	59.074	-8.635	122.053
193.374	83.293	59.332	229.501	51.131	61.385	229.360	87.114	60.658	234.904	76.439	110.812	131.476	100.360	91.862	60.915	-8.052	121.882
193.415	83.156	59.078	229.079	50.929	61.206	229.383	87.062	60.544	237.081	76.000	109.524	133.615	100.465	90.833	62.536	-7.465	121.763
193.434	83.018	58.826	227.276	51.716	58.473	229.397	87.016	60.437	239.228	75.722	108.405	135.700	100.576	89.764	64.096	-6.898	121.432
193.273	83.526	59.847	227.864	51.111	57.142	229.410	86.972	60.339	241.035	75.409	107.293	137.728	100.620	88.595	65.557	-6.368	121.155
193.273	83.526	59.847	228.155	50.675	56.889	229.386	87.068	60.563	242.766	75.034	106.021	139.729	100.666	87.451	66.877	-5.801	120.818
193.261	83.529	59.843	228.405	50.236	56.612	229.468	86.966	60.306	244.288	74.716	104.765	141.616	100.672	86.303	68.141	-5.306	120.395
193.254	83.524	59.859	228.600	49.844	56.379	229.610	86.758	59.806	245.751	74.361	103.402	143.453	100.657	85.118	69.352	-4.839	119.975
193.245	83.523	59.847	228.775	49.491	56.133	229.799	86.482	59.153	247.107	74.078	102.020	145.175	100.601	83.866	70.463	-4.352	119.600
193.245	83.523	59.847	228.929	49.297	56.105	229.901	86.190	58.567	248.375	73.689	100.407	146.824	100.548	82.644	71.489	-3.924	119.148
193.234	83.525	59.843	229.029	49.158	56.145	229.180	87.356	61.201	249.508	73.482	99.007	148.403	100.466	81.408	72.446	-3.488	118.708
193.222	83.528	59.839	229.350	48.522	55.311	229.169	87.358	61.197	250.469	73.188	97.419	149.912	100.383	80.210	73.298	-3.076	118.230
193.230	83.533	59.860	228.916	49.254	57.367	229.167	87.362	61.205	251.382	72.978	95.715	151.326	100.276	78.975	74.157	-2.725	117.749
193.220	83.531	59.848	  NaN	  NaN	  NaN	229.156	87.364	61.201	252.419	72.460	93.330	152.659	100.170	77.814	74.954	-2.371	117.294
193.221	83.548	59.857	  NaN	  NaN	  NaN	229.156	87.364	61.201	252.981	72.484	92.074	153.912	100.025	76.604	75.683	-2.048	116.759
193.212	83.546	59.845	253.646	72.242	90.166	229.147	87.363	61.188	  NaN	  NaN	  NaN	  NaN	  NaN	  NaN	  NaN	  NaN	  NaN
193.210	83.551	59.853	254.201	71.992	88.324	229.156	87.381	61.210	  NaN	  NaN	  NaN	  NaN	  NaN	  NaN	  NaN	  NaN	  NaN
193.231	83.549	59.869	254.703	71.739	86.451	229.158	87.377	61.202	  NaN	  NaN	  NaN	  NaN	  NaN	  NaN	  NaN	  NaN	  NaN
193.223	83.544	59.848	255.198	71.429	84.596	228.971	87.974	62.330	  NaN	  NaN	  NaN	  NaN	  NaN	  NaN	  NaN	  NaN	  NaN
193.225	83.540	59.840	255.650	71.147	82.854	228.994	87.990	62.345	  NaN	  NaN	  NaN	  NaN	  NaN	  NaN	  NaN	  NaN	  NaN
193.235	83.542	59.852	256.034	70.886	81.059	229.182	87.388	61.220	  NaN	  NaN	  NaN	  NaN	  NaN	  NaN	  NaN	  NaN	  NaN
193.246	83.539	59.856	256.290	70.630	79.272	229.183	87.368	61.202	  NaN	  NaN	  NaN	  NaN	  NaN	  NaN	  NaN	  NaN	  NaN
193.253	83.544	59.840	256.568	70.499	77.685	229.197	87.378	61.208	  NaN	  NaN	  NaN	  NaN	  NaN	  NaN	  NaN	  NaN	  NaN
193.252	83.527	59.831	256.598	70.451	76.137	229.217	87.492	61.385	  NaN	  NaN	  NaN	  NaN	  NaN	  NaN	  NaN	  NaN	  NaN
193.250	83.532	59.839	256.637	70.499	74.808	229.261	87.389	61.164	227.150	52.019	61.604	161.039	99.516	67.480	80.693	-0.040	112.396
193.271	83.649	60.015	256.547	70.680	73.534	229.290	87.303	60.998	227.078	52.012	61.191	161.404	99.373	66.660	80.973	0.046	112.078
193.278	83.614	59.952	256.375	70.878	72.151	229.318	87.232	60.895	226.922	52.009	60.860	161.719	99.307	66.041	81.264	0.081	111.661
193.278	83.574	59.870	256.094	71.161	71.041	229.325	87.182	60.789	226.790	52.002	60.426	161.999	99.284	65.592	81.536	0.094	111.305
193.294	83.514	59.791	255.828	71.430	69.796	229.342	87.137	60.702	226.670	52.056	60.100	162.302	99.176	65.015	81.734	0.108	111.049
193.313	83.450	59.646	255.471	71.697	68.701	229.354	87.109	60.642	226.462	52.058	59.817	162.542	99.088	64.588	82.021	0.082	110.721
193.332	83.409	59.579	255.096	71.912	67.612	229.361	87.078	60.601	226.266	52.073	59.499	162.774	98.963	64.023	82.215	0.063	110.473
193.348	83.379	59.497	254.829	72.131	66.646	229.345	87.073	60.570	226.235	52.330	59.089	162.938	98.847	63.607	82.373	0.041	110.197
193.333	83.342	59.430	254.856	72.262	66.156	229.632	86.807	61.029	  NaN	  NaN	  NaN	163.160	98.702	63.091	82.575	-0.004	109.955
193.342	83.333	59.426	254.984	72.345	66.013	229.626	86.797	61.013	  NaN	  NaN	  NaN	163.323	98.576	62.667	82.717	-0.056	109.745
193.332	83.335	59.421	255.092	72.445	65.990	229.342	87.077	60.581	  NaN	  NaN	  NaN	163.509	98.433	62.189	82.831	-0.105	109.512
193.333	83.326	59.405	255.153	72.537	65.956	229.332	87.074	60.567	  NaN	  NaN	  NaN	163.681	98.268	61.720	83.001	-0.156	109.236
193.333	83.326	59.406	255.204	72.592	65.889	229.332	87.074	60.567	226.399	51.852	58.833	163.974	98.081	61.350	83.118	-0.182	109.004
193.333	83.326	59.406	255.328	72.583	65.804	229.331	87.080	60.575	226.404	51.736	58.796	164.299	97.853	60.919	83.245	-0.198	108.785
193.339	83.310	59.372	255.432	72.544	65.686	229.338	87.084	60.559	226.435	51.648	58.780	164.631	97.623	60.577	83.349	-0.248	108.578
193.340	83.304	59.364	255.540	72.440	65.564	229.348	87.083	60.567	226.505	51.550	58.755	165.014	97.378	60.254	83.478	-0.297	108.343
193.349	83.303	59.371	255.621	72.367	65.522	229.360	87.079	60.568	226.601	51.508	58.723	165.344	97.139	59.940	83.576	-0.332	108.166
193.361	83.300	59.372	255.699	72.314	65.460	229.361	87.078	60.566	226.663	51.438	58.710	165.610	96.906	59.601	83.681	-0.394	107.955
193.368	83.287	59.343	255.762	72.258	65.405	229.371	87.080	60.577	226.714	51.396	58.675	165.805	96.706	59.313	83.762	-0.422	107.809
193.370	83.297	59.345	255.823	72.202	65.352	229.387	87.084	60.572	226.783	51.331	58.659	166.024	96.502	59.044	83.830	-0.459	107.656
193.382	83.281	59.340	255.883	72.125	65.323	229.385	87.074	60.574	226.813	51.270	58.644	166.127	96.318	58.791	83.919	-0.552	107.429
193.402	83.277	59.351	255.939	72.041	65.265	229.398	87.065	60.566	226.914	51.237	58.621	166.158	96.166	58.577	83.990	-0.616	107.315
193.404	83.270	59.339	256.010	71.929	65.166	229.409	87.062	60.570	226.980	51.196	58.627	166.204	96.028	58.436	84.069	-0.681	107.203
193.407	83.267	59.331	256.050	71.820	65.079	229.420	87.059	60.573	227.045	51.149	58.626	166.212	95.878	58.334	84.126	-0.754	107.160
193.406	83.255	59.328	256.096	71.723	65.008	229.421	87.058	60.571	227.102	51.095	58.619	166.224	95.751	58.278	84.181	-0.794	107.164
193.406	83.256	59.331	256.139	71.590	64.899	229.419	87.043	60.567	227.128	51.044	58.625	166.217	95.608	58.165	84.229	-0.858	107.162
193.403	83.259	59.341	256.165	71.507	64.889	229.419	87.043	60.567	227.153	50.985	58.635	166.205	95.483	58.109	84.281	-0.929	107.179
193.402	83.244	59.332	256.189	71.452	64.855	229.416	87.034	60.571	227.174	50.930	58.656	166.191	95.379	58.075	84.351	-1.027	107.235
193.401	83.245	59.336	256.208	71.404	64.816	229.412	87.038	60.582	227.189	50.886	58.662	166.181	95.286	58.077	84.412	-1.089	107.279
193.398	83.237	59.339	256.197	71.387	64.797	229.403	87.036	60.568	227.189	50.852	58.681	166.172	95.200	58.082	84.488	-1.173	107.342
193.384	83.242	59.345	256.203	71.353	64.757	229.390	87.027	60.564	227.210	50.817	58.678	166.147	95.120	58.098	84.538	-1.232	107.383
193.386	83.236	59.331	256.201	71.340	64.721	229.378	87.031	60.563	227.241	50.808	58.694	166.133	95.056	58.093	84.591	-1.278	107.424
193.382	83.245	59.352	256.206	71.331	64.701	229.377	87.032	60.565	227.258	50.792	58.708	166.091	94.992	58.117	84.629	-1.346	107.453
193.372	83.247	59.344	256.196	71.333	64.658	229.367	87.034	60.561	227.291	50.797	58.726	166.055	94.930	58.098	84.667	-1.398	107.493
193.371	83.261	59.351	256.194	71.339	64.633	229.366	87.052	60.573	227.297	50.787	58.740	166.016	94.878	58.023	84.674	-1.438	107.526
193.359	83.264	59.350	256.201	71.343	64.615	229.358	87.048	60.555	227.317	50.784	58.756	165.964	94.828	57.944	84.682	-1.448	107.578
193.363	83.260	59.339	256.218	71.347	64.571	229.356	87.053	60.564	227.328	50.778	58.756	165.923	94.797	57.849	84.698	-1.448	107.613
193.371	83.265	59.358	256.257	71.316	64.559	229.356	87.053	60.564	227.371	50.755	58.772	165.901	94.780	57.743	84.704	-1.426	107.608
193.362	83.266	59.348	256.275	71.282	64.525	229.359	87.063	60.560	227.388	50.738	58.786	165.894	94.771	57.675	84.696	-1.394	107.575
193.365	83.274	59.343	256.288	71.257	64.511	229.372	87.059	60.560	227.414	50.725	58.816	165.907	94.778	57.599	84.678	-1.350	107.542
193.374	83.274	59.352	256.287	71.238	64.500	229.360	87.066	60.564	227.438	50.718	58.821	165.942	94.784	57.538	84.672	-1.310	107.508
193.370	83.264	59.322	256.288	71.233	64.491	229.373	87.061	60.563	227.458	50.710	58.828	165.980	94.816	57.484	84.665	-1.265	107.480
193.379	83.267	59.336	256.282	71.197	64.456	229.373	87.061	60.563	227.472	50.691	58.820	166.023	94.845	57.407	84.628	-1.216	107.433
193.391	83.280	59.348	256.285	71.174	64.433	229.397	87.066	60.567	227.466	50.681	58.829	166.045	94.870	57.317	84.594	-1.163	107.370
193.383	83.268	59.334	256.295	71.173	64.441	229.398	87.065	60.566	227.470	50.677	58.818	166.071	94.898	57.212	84.546	-1.101	107.279
193.401	83.262	59.343	256.276	71.175	64.425	229.398	87.065	60.566	227.480	50.676	58.826	166.103	94.936	57.132	84.484	-1.017	107.171
193.404	83.271	59.340	256.265	71.171	64.411	229.392	87.055	60.571	227.470	50.677	58.818	166.120	94.988	57.033	84.454	-0.931	107.076
193.393	83.261	59.333	256.261	71.181	64.394	229.396	87.050	60.561	227.464	50.687	58.803	166.116	95.035	56.914	84.399	-0.864	106.970
193.383	83.259	59.320	256.250	71.189	64.360	229.396	87.050	60.561	227.464	50.687	58.803	166.120	95.095	56.817	84.360	-0.781	106.860
193.392	83.259	59.329	256.240	71.190	64.352	229.396	87.050	60.561	227.455	50.683	58.786	166.124	95.148	56.680	84.327	-0.692	106.730
193.393	83.257	59.327	256.232	71.205	64.346	229.384	87.054	60.561	227.454	50.688	58.795	166.123	95.217	56.560	84.287	-0.626	106.609
193.388	83.262	59.340	256.228	71.211	64.323	229.381	87.045	60.565	227.438	50.680	58.796	166.154	95.264	56.418	84.254	-0.579	106.495
193.387	83.252	59.338	256.204	71.218	64.318	229.370	87.047	60.561	227.441	50.689	58.790	166.165	95.316	56.307	84.231	-0.526	106.388
193.381	83.261	59.326	256.185	71.220	64.302	229.369	87.048	60.562	227.437	50.685	58.805	166.174	95.361	56.192	84.189	-0.491	106.216
193.375	83.269	59.344	256.169	71.231	64.280	229.357	87.052	60.562	227.438	50.680	58.796	166.165	95.397	56.040	84.185	-0.430	106.059
193.365	83.273	59.342	256.159	71.233	64.272	229.353	87.060	60.543	227.438	50.680	58.796	166.171	95.421	55.921	84.176	-0.396	105.893
193.358	83.272	59.327	256.151	71.229	64.255	229.350	87.063	60.551	227.438	50.666	58.791	166.181	95.455	55.834	84.167	-0.368	105.766
193.346	83.276	59.328	256.139	71.202	64.239	229.359	87.063	60.559	227.459	50.659	58.799	166.197	95.476	55.758	84.157	-0.334	105.641
193.357	83.290	59.339	256.151	71.196	64.239	229.361	87.077	60.564	227.469	50.644	58.802	166.208	95.502	55.687	84.146	-0.308	105.523
193.356	83.287	59.337	256.162	71.177	64.233	229.353	87.073	60.546	227.490	50.636	58.809	166.225	95.523	55.652	84.130	-0.294	105.407
193.369	83.286	59.342	256.169	71.162	64.205	229.353	87.077	60.553	227.496	50.612	58.819	166.230	95.529	55.601	84.127	-0.299	105.313
193.374	83.293	59.331	256.185	71.151	64.227	229.365	87.073	60.553	227.511	50.601	58.807	166.228	95.524	55.557	84.119	-0.305	105.201
193.371	83.284	59.335	256.197	71.126	64.213	229.379	87.080	60.553	227.539	50.584	58.791	166.226	95.524	55.521	84.118	-0.342	105.072
193.382	83.281	59.338	256.236	71.108	64.206	229.387	87.080	60.565	227.557	50.554	58.800	166.219	95.501	55.484	84.125	-0.378	105.011
193.388	83.279	59.327	256.272	71.077	64.197	229.388	87.080	60.562	227.569	50.529	58.786	166.201	95.480	55.443	84.148	-0.430	104.925
193.376	83.278	59.319	256.293	71.043	64.160	229.389	87.078	60.560	227.589	50.499	58.792	166.177	95.445	55.408	84.189	-0.483	104.813
193.396	83.271	59.328	256.337	71.002	64.127	229.399	87.064	60.563	227.621	50.472	58.794	166.155	95.415	55.375	84.213	-0.543	104.731
193.402	83.266	59.347	256.373	70.957	64.079	229.401	87.061	60.555	227.636	50.413	58.796	166.136	95.376	55.362	84.252	-0.597	104.682
193.403	83.260	59.338	256.390	70.914	64.048	229.406	87.049	60.567	227.718	50.408	58.810	166.120	95.337	55.344	84.303	-0.648	104.674
193.391	83.247	59.329	256.423	70.855	63.997	229.412	87.042	60.551	227.760	50.379	58.820	166.102	95.301	55.335	84.325	-0.702	104.641
193.403	83.238	59.321	256.455	70.803	63.920	229.410	87.044	60.558	227.799	50.355	58.804	166.095	95.256	55.317	84.353	-0.754	104.603
193.393	83.240	59.315	256.506	70.725	63.857	229.407	87.031	60.555	227.841	50.313	58.809	166.089	95.232	55.320	84.405	-0.828	104.574
193.391	83.230	59.318	256.521	70.714	63.845	229.398	87.031	60.547	227.864	50.286	58.803	166.080	95.196	55.322	84.437	-0.883	104.547
193.402	83.240	59.327	256.534	70.690	63.831	229.395	87.034	60.555	227.908	50.271	58.815	166.053	95.173	55.309	84.466	-0.928	104.542
193.380	83.232	59.313	256.566	70.668	63.805	229.384	87.037	60.551	227.934	50.240	58.798	166.044	95.150	55.315	84.500	-0.959	104.532
193.377	83.232	59.317	256.588	70.667	63.784	229.381	87.028	60.555	227.951	50.224	58.811	166.041	95.123	55.306	84.536	-0.998	104.541
193.390	83.243	59.326	256.601	70.661	63.780	229.381	87.028	60.555	227.958	50.208	58.817	166.040	95.120	55.306	84.582	-1.022	104.533
193.376	83.250	59.330	256.626	70.669	63.753	229.371	87.042	60.552	227.966	50.193	58.823	166.039	95.108	55.301	84.621	-1.028	104.527
193.376	83.254	59.337	256.638	70.669	63.724	229.371	87.042	60.551	227.976	50.191	58.831	166.041	95.109	55.300	84.658	-1.031	104.524
193.379	83.246	59.320	256.665	70.671	63.723	229.375	87.038	60.541	227.990	50.180	58.819	166.052	95.117	55.306	84.710	-1.030	104.517
193.387	83.252	59.338	256.683	70.681	63.684	229.374	87.056	60.554	228.000	50.179	58.827	166.058	95.126	55.297	84.765	-0.993	104.531
193.392	83.258	59.329	256.701	70.703	63.686	229.377	87.053	60.546	228.010	50.178	58.835	166.078	95.155	55.293	84.824	-0.993	104.487
193.395	83.267	59.325	256.716	70.712	63.650	229.378	87.064	60.547	228.023	50.177	58.841	166.100	95.169	55.278	84.859	-0.949	104.494
193.386	83.271	59.320	256.731	70.745	63.635	229.392	87.074	60.550	228.019	50.168	58.847	166.128	95.186	55.279	84.883	-0.903	104.496
193.396	83.275	59.335	256.753	70.776	63.630	229.405	87.070	60.551	228.046	50.184	58.850	166.143	95.217	55.252	84.907	-0.865	104.499
193.406	83.274	59.340	256.776	70.808	63.625	229.405	87.070	60.548	228.054	50.188	58.867	166.190	95.252	55.250	84.919	-0.810	104.505
193.415	83.275	59.318	256.792	70.850	63.605	229.418	87.065	60.547	228.067	50.201	58.878	166.217	95.290	55.231	84.929	-0.763	104.516
193.412	83.279	59.327	256.812	70.888	63.575	229.415	87.068	60.555	228.080	50.208	58.879	166.250	95.333	55.203	84.958	-0.693	104.517
193.415	83.275	59.317	256.838	70.929	63.564	229.431	87.060	60.545	228.087	50.218	58.905	166.282	95.364	55.171	84.975	-0.606	104.538
193.413	83.272	59.318	256.853	70.976	63.553	229.425	87.066	60.562	228.103	50.220	58.933	166.312	95.412	55.151	85.008	-0.542	104.557
193.412	83.265	59.321	256.871	71.013	63.525	229.441	87.058	60.552	228.102	50.225	58.941	166.350	95.464	55.101	85.036	-0.472	104.605
193.422	83.264	59.328	256.888	71.064	63.502	229.444	87.050	60.537	228.121	50.228	58.966	166.377	95.507	55.054	85.075	-0.376	104.640
193.420	83.250	59.324	256.906	71.086	63.504	229.436	87.051	60.563	228.127	50.231	58.986	166.398	95.541	55.014	85.093	-0.301	104.691
193.422	83.247	59.319	256.927	71.138	63.478	229.436	87.046	60.556	228.135	50.235	59.003	166.414	95.564	54.983	85.114	-0.226	104.724
193.414	83.242	59.299	256.930	71.167	63.448	229.439	87.043	60.548	228.128	50.231	59.021	166.429	95.593	54.962	85.132	-0.161	104.758
193.413	83.244	59.303	256.948	71.204	63.420	229.426	87.036	60.545	228.119	50.232	59.047	166.451	95.610	54.952	85.149	-0.082	104.824
193.419	83.246	59.320	256.957	71.227	63.414	229.426	87.049	60.552	228.114	50.241	59.067	166.450	95.630	54.930	85.170	-0.020	104.902
193.408	83.242	59.320	256.956	71.261	63.395	229.423	87.040	60.556	228.114	50.255	59.072	166.463	95.660	54.905	85.204	0.026	104.962
193.411	83.263	59.319	256.959	71.275	63.398	229.410	87.045	60.557	228.109	50.265	59.092	166.468	95.669	54.896	85.203	0.087	105.024
193.408	83.249	59.315	256.957	71.299	63.383	229.413	87.054	60.553	228.102	50.280	59.087	166.483	95.698	54.875	85.206	0.152	105.075
193.405	83.257	59.331	256.955	71.319	63.362	229.400	87.059	60.555	228.098	50.285	59.098	166.489	95.717	54.866	85.164	0.218	105.111
193.395	83.275	59.335	256.948	71.334	63.356	229.403	87.056	60.546	228.077	50.293	59.091	166.493	95.731	54.828	85.138	0.276	105.170
193.387	83.270	59.317	256.948	71.366	63.372	229.395	87.071	60.542	228.076	50.311	59.104	166.493	95.745	54.795	85.120	0.338	105.198
193.396	83.272	59.327	256.944	71.377	63.355	229.402	87.073	60.556	228.066	50.326	59.101	166.493	95.764	54.771	85.081	0.401	105.208
193.392	83.277	59.305	256.937	71.392	63.349	229.408	87.079	60.544	228.048	50.343	59.087	166.496	95.780	54.739	85.053	0.465	105.224
193.393	83.281	59.311	256.925	71.412	63.355	229.408	87.080	60.546	228.031	50.360	59.073	166.496	95.794	54.705	85.013	0.522	105.241
193.393	83.292	59.314	256.919	71.422	63.341	229.408	87.083	60.551	228.018	50.365	59.077	166.480	95.793	54.639	84.981	0.583	105.229
193.406	83.293	59.319	256.914	71.432	63.361	229.405	87.086	60.559	228.020	50.380	59.079	166.484	95.817	54.604	84.942	0.628	105.229
193.415	83.292	59.327	256.922	71.436	63.343	229.411	87.076	60.535	227.997	50.373	59.069	166.485	95.820	54.564	84.920	0.686	105.255
193.408	83.290	59.311	256.921	71.436	63.343	229.420	87.079	60.551	227.986	50.380	59.070	166.485	95.836	54.537	84.878	0.744	105.231
193.415	83.287	59.322	256.908	71.442	63.346	229.421	87.079	60.548	227.989	50.389	59.064	166.491	95.841	54.518	84.853	0.791	105.225
193.403	83.283	59.324	256.920	71.455	63.357	229.425	87.070	60.531	227.991	50.383	59.055	166.492	95.855	54.485	84.818	0.835	105.205
193.412	83.279	59.327	256.910	71.442	63.343	229.428	87.063	60.554	227.991	50.383	59.055	166.522	95.860	54.468	84.773	0.865	105.215
193.412	83.267	59.322	256.910	71.442	63.343	229.428	87.063	60.554	227.977	50.376	59.053	166.528	95.866	54.453	84.762	0.903	105.197
193.416	83.257	59.301	256.898	71.457	63.343	229.428	87.063	60.554	227.977	50.376	59.053	166.544	95.887	54.458	84.742	0.937	105.166
193.412	83.261	59.314	256.902	71.452	63.332	229.426	87.049	60.551	227.977	50.376	59.053	166.564	95.903	54.449	84.730	0.972	105.144
193.414	83.255	59.305	256.902	71.453	63.332	229.426	87.048	60.549	227.969	50.372	59.036	166.574	95.917	54.427	84.717	0.992	105.114
193.412	83.245	59.306	256.900	71.457	63.340	229.414	87.040	60.545	227.964	50.368	59.051	166.581	95.935	54.416	84.709	1.033	105.081
193.423	83.247	59.316	256.894	71.468	63.326	229.414	87.053	60.551	227.969	50.372	59.036	166.589	95.954	54.403	84.703	1.060	105.077
193.412	83.261	59.316	256.891	71.472	63.337	229.413	87.050	60.546	227.955	50.364	59.035	166.597	95.977	54.390	84.684	1.078	104.976
193.407	83.251	59.319	256.883	71.469	63.321	229.410	87.045	60.557	227.945	50.365	59.026	166.603	95.987	54.382	84.673	1.116	104.958
193.409	83.261	59.317	256.874	71.489	63.323	229.413	87.054	60.553	227.948	50.379	59.029	166.615	96.011	54.358	84.658	1.146	104.946
193.406	83.269	59.334	256.876	71.503	63.326	229.403	87.055	60.544	227.938	50.394	59.026	166.619	96.027	54.362	84.617	1.170	104.900
193.390	83.272	59.315	256.864	71.523	63.331	229.406	87.064	60.540	227.937	50.399	59.034	166.623	96.050	54.324	84.593	1.214	104.885
193.399	83.272	59.324	256.853	71.543	63.337	229.405	87.070	60.548	227.921	50.411	59.012	166.629	96.072	54.320	84.572	1.225	104.835
193.393	83.281	59.311	256.851	71.561	63.351	229.408	87.079	60.544	227.923	50.425	59.014	166.639	96.090	54.305	84.558	1.254	104.822
193.393	83.293	59.315	256.845	71.572	63.336	229.408	87.079	60.544	227.917	50.435	59.000	166.626	96.103	54.267	84.547	1.287	104.796
193.395	83.295	59.314	256.831	71.583	63.348	229.408	87.084	60.550	227.915	50.454	59.013	166.624	96.107	54.238	84.530	1.298	104.773
193.408	83.303	59.316	256.819	71.602	63.354	229.420	87.092	60.555	227.906	50.455	59.005	166.627	96.119	54.238	84.512	1.324	104.727
193.414	83.305	59.334	256.832	71.610	63.356	229.423	87.089	60.546	227.913	50.460	58.987	166.642	96.123	54.230	84.493	1.337	104.669
193.409	83.302	59.315	256.822	71.617	63.356	229.423	87.089	60.546	227.902	50.466	58.988	166.661	96.140	54.223	84.482	1.351	104.632
193.418	83.301	59.323	256.808	71.622	63.359	229.427	87.085	60.536	227.907	50.470	58.973	166.649	96.146	54.189	84.460	1.363	104.584
193.411	83.298	59.307	256.807	71.622	63.360	229.426	87.072	60.532	227.899	50.485	58.967	166.656	96.146	54.164	84.446	1.369	104.549
193.422	83.280	59.301	256.790	71.619	63.369	229.434	87.069	60.540	227.887	50.472	58.957	166.649	96.143	54.144	84.419	1.391	104.487
193.418	83.288	59.317	256.781	71.620	63.361	229.434	87.069	60.540	227.869	50.470	58.932	166.654	96.150	54.132	84.378	1.397	104.411
193.416	83.274	59.313	256.773	71.616	63.379	229.438	87.065	60.530	227.865	50.461	58.938	166.655	96.145	54.123	84.338	1.413	104.351
193.419	83.266	59.301	256.767	71.606	63.388	229.432	87.059	60.543	227.859	50.471	58.924	166.650	96.153	54.104	84.307	1.421	104.288
193.413	83.261	59.313	256.755	71.593	63.377	229.433	87.054	60.534	227.855	50.462	58.930	166.653	96.149	54.093	84.283	1.426	104.245
193.413	83.261	59.313	256.747	71.589	63.395	229.429	87.045	60.541	227.850	50.467	58.907	166.643	96.146	54.077	84.266	1.427	104.206
193.412	83.261	59.314	256.737	71.590	63.387	229.426	87.048	60.549	227.827	50.460	58.897	166.641	96.150	54.048	84.250	1.436	104.183
193.422	83.248	59.317	256.724	71.582	63.385	229.429	87.045	60.541	227.827	50.460	58.897	166.641	96.150	54.049	84.222	1.444	104.148
193.412	83.257	59.307	256.710	71.568	63.412	229.413	87.041	60.546	227.812	50.467	58.866	166.642	96.149	54.046	84.194	1.457	104.124
193.408	83.266	59.327	256.695	71.579	63.423	229.414	87.037	60.539	227.807	50.476	58.886	166.634	96.145	54.024	84.143	1.477	104.096
193.409	83.261	59.317	256.673	71.581	63.410	229.401	87.041	60.539	227.791	50.488	58.863	166.630	96.151	54.000	84.112	1.491	104.074
193.400	83.265	59.314	256.663	71.595	63.442	229.403	87.055	60.544	227.781	50.489	58.855	166.634	96.155	53.986	84.076	1.521	104.050
193.399	83.263	59.311	256.650	71.601	63.445	229.394	87.056	60.535	227.764	50.519	58.846	166.626	96.154	53.972	84.037	1.551	104.026
193.399	83.262	59.309	256.619	71.609	63.429	229.403	87.055	60.544	227.753	50.526	58.847	166.631	96.161	53.959	83.980	1.584	103.990
193.380	83.274	59.308	256.596	71.630	63.429	229.396	87.070	60.539	227.724	50.530	58.823	166.637	96.167	53.943	83.928	1.620	103.972
193.393	83.276	59.303	256.570	71.642	63.433	229.393	87.073	60.548	227.706	50.546	58.809	166.632	96.175	53.925	83.859	1.664	103.997
193.382	83.283	59.304	256.551	71.658	63.422	229.402	87.074	60.558	227.690	50.571	58.791	166.636	96.184	53.918	83.810	1.678	103.959
193.404	83.291	59.318	256.532	71.673	63.445	229.398	87.081	60.537	227.674	50.583	58.768	166.629	96.181	53.901	83.773	1.714	103.946
193.396	83.295	59.312	256.511	71.694	63.443	229.401	87.077	60.528	227.653	50.590	58.761	166.636	96.181	53.877	83.734	1.732	103.921
193.393	83.285	59.315	256.501	71.696	63.435	229.408	87.080	60.546	227.634	50.593	58.745	166.637	96.176	53.864	83.702	1.753	103.913
193.394	83.292	59.312	256.497	71.700	63.446	229.408	87.079	60.543	227.610	50.586	58.735	166.640	96.189	53.867	83.679	1.761	103.911
193.392	83.283	59.314	256.472	71.712	63.450	229.408	87.079	60.544	227.604	50.597	58.720	166.651	96.171	53.858	83.648	1.766	103.895
193.406	83.284	59.305	256.467	71.721	63.470	229.408	87.079	60.544	227.598	50.607	58.706	166.654	96.176	53.847	83.638	1.780	103.891
193.396	83.278	59.300	256.457	71.723	63.462	229.409	87.065	60.538	227.588	50.608	58.698	166.658	96.174	53.839	83.618	1.787	103.882
193.414	83.276	59.319	256.449	71.719	63.445	229.406	87.068	60.546	227.582	50.618	58.683	166.662	96.167	53.812	83.605	1.771	103.860
193.415	83.259	59.306	256.441	71.714	63.463	229.416	87.064	60.548	227.580	50.604	58.681	166.662	96.167	53.812	83.572	1.791	103.821
193.412	83.258	59.309	256.441	71.714	63.463	229.407	87.051	60.533	227.580	50.604	58.681	166.665	96.162	53.802	83.581	1.791	103.827
193.413	83.256	59.307	256.438	71.705	63.469	229.414	87.049	60.544	227.566	50.596	58.679	166.651	96.149	53.792	83.542	1.790	103.792
193.412	83.257	59.308	256.424	71.711	63.472	229.404	87.037	60.531	227.570	50.605	58.673	166.653	96.146	53.786	83.544	1.800	103.788
193.415	83.253	59.301	256.410	71.717	63.475	229.403	87.042	60.540	227.560	50.607	58.665	166.654	96.144	53.781	83.532	1.804	103.787
193.411	83.246	59.309	256.406	71.707	63.482	229.401	87.041	60.542	227.560	50.607	58.665	166.654	96.140	53.774	83.531	1.803	103.784
193.408	83.254	59.322	256.395	71.713	63.482	229.404	87.038	60.533	227.550	50.608	58.657	166.656	96.141	53.773	83.519	1.808	103.786
193.409	83.249	59.312	256.399	71.723	63.476	229.400	87.046	60.550	227.550	50.621	58.662	166.645	96.141	53.766	83.521	1.827	103.797
193.400	83.266	59.316	256.403	71.732	63.470	229.390	87.047	60.542	227.554	50.617	58.650	166.646	96.136	53.756	83.517	1.824	103.809
193.390	83.267	59.310	256.389	71.738	63.473	229.403	87.056	60.546	227.554	50.617	58.650	166.636	96.137	53.747	83.488	1.841	103.795
193.399	83.266	59.319	256.389	71.738	63.473	229.391	87.056	60.538	227.563	50.629	58.663	166.636	96.137	53.747	83.485	1.867	103.832
193.390	83.267	59.307	256.397	71.742	63.455	229.393	87.057	60.537	227.552	50.636	58.664	166.626	96.137	53.738	83.498	1.872	103.876
193.390	83.284	59.321	256.383	71.748	63.458	229.396	87.067	60.534	227.546	50.646	58.649	166.627	96.137	53.735	83.497	1.882	103.894
193.392	83.282	59.312	256.385	71.762	63.461	229.396	87.070	60.539	227.545	50.651	58.658	166.630	96.143	53.727	83.495	1.907	103.920
193.393	83.293	59.316	256.385	71.762	63.461	229.401	87.077	60.528	227.555	50.650	58.666	166.627	96.137	53.735	83.472	1.926	103.936
193.393	83.292	59.312	256.399	71.757	63.458	229.399	87.080	60.534	227.555	50.650	58.666	166.633	96.142	53.720	83.498	1.940	103.985
193.393	83.292	59.315	256.395	71.761	63.469	229.398	87.081	60.537	227.565	50.649	58.674	166.633	96.142	53.720	83.485	1.951	103.993
193.404	83.291	59.318	256.403	71.766	63.451	229.395	87.071	60.541	227.561	50.653	58.686	166.636	96.142	53.716	83.493	1.981	104.034
193.394	83.275	59.298	256.403	71.766	63.451	229.395	87.071	60.541	227.561	50.653	58.686	166.637	96.151	53.713	83.499	1.997	104.069
193.392	83.278	59.305	256.409	71.755	63.466	229.396	87.070	60.539	227.565	50.649	58.674	166.640	96.150	53.707	83.496	2.014	104.099
193.400	83.266	59.315	256.417	71.760	63.448	229.405	87.070	60.548	227.557	50.644	58.692	166.644	96.155	53.696	83.492	2.038	104.142
193.399	83.267	59.316	256.420	71.755	63.437	229.403	87.055	60.544	227.557	50.644	58.692	166.643	96.159	53.703	83.492	2.061	104.161
193.400	83.262	59.309	256.435	71.759	63.430	229.406	87.052	60.535	227.567	50.629	58.695	166.646	96.154	53.692	83.495	2.068	104.203
193.402	83.259	59.301	256.432	71.749	63.436	229.401	87.042	60.541	227.561	50.620	58.704	166.657	96.149	53.691	83.492	2.084	104.231
193.402	83.259	59.304	256.439	71.754	63.418	229.403	87.042	60.540	227.571	50.619	58.713	166.658	96.148	53.689	83.530	2.092	104.279
193.397	83.252	59.314	256.449	71.753	63.427	229.401	87.041	60.542	227.556	50.616	58.720	166.658	96.151	53.693	83.534	2.092	104.310
193.409	83.260	59.318	256.449	71.753	63.427	229.401	87.041	60.542	227.567	50.610	58.719	166.671	96.147	53.690	83.543	2.117	104.342
193.396	83.254	59.316	256.448	71.758	63.435	229.401	87.041	60.542	227.566	50.615	58.728	166.671	96.159	53.695	83.528	2.123	104.367
193.406	83.252	59.323	256.455	71.762	63.417	229.391	87.047	60.539	227.566	50.615	58.728	166.664	96.157	53.678	83.537	2.130	104.388
193.408	83.250	59.316	256.451	71.767	63.429	229.401	87.041	60.542	227.566	50.615	58.728	166.662	96.159	53.683	83.546	2.134	104.402
193.402	83.263	59.310	256.457	71.758	63.409	229.395	87.052	60.528	227.576	50.614	58.736	166.667	96.167	53.673	83.544	2.143	104.419
193.406	83.268	59.332	256.459	71.771	63.411	229.403	87.055	60.544	227.576	50.614	58.736	166.671	96.179	53.673	83.546	2.159	104.426
193.409	83.266	59.324	256.467	71.776	63.394	229.403	87.055	60.544	227.579	50.623	58.729	166.665	96.188	53.657	83.549	2.173	104.426
193.399	83.271	59.323	256.475	71.794	63.415	229.396	87.070	60.539	227.579	50.623	58.729	166.667	96.199	53.655	83.540	2.187	104.423
193.399	83.279	59.322	256.465	71.781	63.402	229.393	87.073	60.548	227.576	50.627	58.741	166.673	96.209	53.647	83.540	2.197	104.435
193.401	83.282	59.322	256.483	71.798	63.398	229.405	87.070	60.548	227.582	50.637	58.732	166.669	96.218	53.616	83.534	2.213	104.431
193.395	83.291	59.307	256.483	71.798	63.398	229.410	87.077	60.537	227.578	50.641	58.743	166.671	96.226	53.624	83.536	2.221	104.426
193.396	83.295	59.311	256.483	71.798	63.398	229.410	87.077	60.537	227.591	50.641	58.749	166.678	96.238	53.603	83.531	2.231	104.412
193.401	83.294	59.326	256.482	71.803	63.406	229.411	87.076	60.535	227.591	50.641	58.749	166.678	96.237	53.600	83.541	2.233	104.422
193.405	83.293	59.321	256.485	71.798	63.395	229.408	87.080	60.546	227.597	50.631	58.763	166.685	96.242	53.585	83.543	2.245	104.423
193.406	83.287	59.311	256.497	71.793	63.394	229.411	87.076	60.535	227.598	50.625	58.754	166.678	96.253	53.572	83.544	2.248	104.425
193.402	83.276	59.313	256.496	71.792	63.394	229.408	87.066	60.540	227.590	50.621	58.772	166.691	96.251	53.575	83.548	2.254	104.416
193.415	83.272	59.310	256.500	71.788	63.383	229.406	87.068	60.546	227.601	50.606	58.775	166.692	96.246	53.565	83.558	2.259	104.430
193.399	83.267	59.317	256.506	71.791	63.403	229.406	87.068	60.546	227.611	50.600	58.775	166.697	96.253	53.555	83.560	2.256	104.424
193.403	83.262	59.306	256.512	71.768	63.377	229.406	87.064	60.540	227.621	50.598	58.783	166.708	96.250	53.559	83.554	2.265	104.410
193.412	83.263	59.316	256.521	71.766	63.386	229.413	87.053	60.551	227.635	50.606	58.784	166.711	96.263	53.558	83.551	2.255	104.413
193.402	83.262	59.310	256.528	71.765	63.397	229.416	87.050	60.542	227.642	50.591	58.790	166.714	96.259	53.547	83.564	2.263	104.415
193.411	83.258	59.310	256.536	71.756	63.374	229.413	87.053	60.551	227.638	50.582	58.797	166.714	96.259	53.548	83.565	2.259	104.406
193.409	83.253	59.319	256.524	71.757	63.368	229.407	87.047	60.529	227.638	50.582	58.797	166.720	96.268	53.536	83.558	2.269	104.397
193.413	83.256	59.307	256.544	71.760	63.356	229.400	87.045	60.549	227.638	50.582	58.797	166.717	96.277	53.520	83.568	2.267	104.399
193.413	83.256	59.306	256.544	71.760	63.356	229.404	87.050	60.538	227.656	50.585	58.787	166.714	96.278	53.523	83.570	2.263	104.390
193.412	83.262	59.315	256.558	71.769	63.358	229.414	87.049	60.544	227.662	50.588	58.806	166.717	96.290	53.523	83.571	2.262	104.386
