000000000
000000005
000000010
000000015
000000020
000000025
000000030
000000035
000000040
000000045
000000050
000000055
000000060
000000065
000000070
000000075
000000080
000000085
000000090
000000095
000000100
000000105
000000110
000000115
000000120
000000125
000000130
000000135
000000140
000000145
000000150
000000155
000000160
000000165
000000170
000000175
000000180
000000185
000000190
000000195
000000200
000000205
000000210
000000215
000000220
000000225
000000230
000000235
000000240
000000245
000000250
000000255
000000260
000000265
000000270
000000275
000000280
000000285
000000290
000000295
000000300
000000305
000000310
000000315
000000320
000000325
000000330
000000335
000000340
000000345
000000350
000000355
000000360
000000365
000000370
000000375
000000380
000000385
000000390
000000395
000000400
000000405
000000410
000000415
000000420
000000425
000000430
000000435
000000440
000000445
000000450
000000455
000000460
000000465
000000470
000000475
000000480
000000485
000000490
000000495
000000500
000000505
000000510
000000515
000000520
000000525
000000530
000000535
000000540
000000545
000000550
000000555
000000560
000000565
000000570
000000575
000000580
000000585
000000590
000000595
000000600
000000605
000000610
000000615
000000620
000000625
000000630
000000635
000000640
000000645
000000650
000000655
000000660
000000665
000000670
000000675
000000680
000000685
000000690
000000695
000000700
000000705
000000710
000000715
000000720
000000725
000000730
000000735
000000740
000000745
000000750
000000755
000000760
000000765
000000770
000000775
000000780
000000785
000000790
000000795
000000800
000000805
000000810
000000815
000000820
000000825
000000830
000000835
000000840
000000845
000000850
000000855
000000860
000000865
000000870
000000875
000000880
000000885
000000890
000000895
000000900
000000905
000000910
000000915
000000920
000000925
000000930
000000935
000000940
000000945
000000950
000000955
000000960
000000965
000000970
000000975
000000980
000000985
000000990
000000995
000001000
000001005
000001010
000001015
000001020
000001025
000001030
000001035
000001040
000001045
000001050
000001055
000001060
000001065
000001070
000001075
000001080
000001085
000001090
000001095
000001100
000001105
000001110
000001115
000001120
000001125
000001130
000001135
000001140
000001145
000001150
000001155
000001160
000001165
000001170
000001175
000001180
000001185
000001190
000001195
000001200
000001205
000001210
000001215
000001220
000001225
000001230
000001235
000001240
000001245
000001250
000001255
000001260
000001265
000001270
000001275
000001280
000001285
000001290
000001295
000001300
000001305
000001310
000001315
000001320
000001325
000001330
000001335
000001340
000001345
000001350
000001355
000001360
000001365
000001370
000001375
000001380
000001385
000001390
000001395
000001400
000001405
000001410
000001415
000001420
000001425
000001430
000001435
000001440
000001445
000001450
000001455
000001460
000001465
000001470
000001475
000001480
000001485
000001490
000001495
000001500
000001505
000001510
000001515
000001520
000001525
000001530
000001535
000001540
000001545
000001550
000001555
000001560
000001565
000001570
000001575
000001580
000001585
000001590
000001595
000001600
000001605
000001610
000001615
000001620
000001625
000001630
000001635
000001640
000001645
000001650
000001655
000001660
000001665
000001670
000001675
000001680
000001685
000001690
000001695
000001700
000001705
000001710
000001715
000001720
000001725
000001730
000001735
000001740
000001745
000001750
000001755
000001760
000001765
000001770
000001775
000001780
000001785
000001790
000001795
000001800
000001805
000001810
000001815
000001820
000001825
000001830
000001835
000001840
000001845
000001850
000001855
000001860
000001865
000001870
000001875
000001880
000001885
000001890
000001895
000001900
000001905
000001910
000001915
000001920
000001925
000001930
000001935
000001940
000001945
000001950
000001955
000001960
000001965
000001970
000001975
000001980
000001985
000001990
000001995
