141.4	-1.5623	20.201	-31.281	2.1823	-13.956	-5.1453	6.5381	-18.075	0.8567	-55.07	42.275	-61.664	-119.6	27.384	-39.255	-144.58	-2.7825
141.4	-1.561	20.202	-31.283	2.1834	-13.956	-5.1514	6.5483	-18.085	0.85548	-55.069	42.263	-61.656	-119.61	27.383	-39.252	-144.58	-2.7839
141.41	-1.5574	20.194	-31.279	2.1866	-13.953	-5.1501	6.5469	-18.072	0.85341	-55.058	42.267	-61.653	-119.61	27.387	-39.247	-144.58	-2.7811
141.4	-1.5602	20.203	-31.278	2.1739	-13.96	-5.1501	6.5469	-18.072	0.85548	-55.069	42.263	-61.652	-119.61	27.398	-39.253	-144.59	-2.7857
141.4	-1.5602	20.203	-31.276	2.1865	-13.952	-5.1504	6.5484	-18.085	0.85558	-55.056	42.269	-61.642	-119.61	27.39	-39.246	-144.58	-2.7939
141.4	-1.5584	20.191	-31.284	2.1825	-13.958	-5.1454	6.5522	-18.08	0.85888	-55.066	42.265	-61.642	-119.61	27.389	-39.243	-144.58	-2.7909
141.4	-1.5494	20.195	-31.281	2.1857	-13.955	-5.1425	6.5626	-18.057	0.8564	-55.056	42.268	-61.645	-119.6	27.391	-39.241	-144.58	-2.7895
141.4	-1.5576	20.194	-31.279	2.1866	-13.953	-5.1509	6.5594	-18.064	0.85558	-55.056	42.269	-61.65	-119.6	27.388	-39.243	-144.58	-2.7923
141.4	-1.5607	20.202	-31.28	2.1879	-13.967	-5.1454	6.5522	-18.08	0.85105	-55.047	42.271	-61.645	-119.6	27.391	-39.239	-144.58	-2.7758
141.41	-1.5551	20.196	-31.288	2.1829	-13.96	-5.1461	6.564	-18.075	0.84318	-55.051	42.264	-61.645	-119.6	27.391	-39.24	-144.58	-2.7779
141.4	-1.5576	20.194	-31.283	2.1975	-13.964	-5.1492	6.5611	-18.078	0.84779	-55.047	42.269	-61.655	-119.59	27.378	-39.252	-144.57	-2.7827
141.4	-1.5589	20.205	-31.286	2.1839	-13.96	-5.1467	6.5639	-18.075	0.84237	-55.051	42.264	-61.65	-119.59	27.381	-39.245	-144.58	-2.7776
141.4	-1.5576	20.194	-31.274	2.1896	-13.949	-5.1336	6.5568	-18.058	0.84698	-55.047	42.27	-61.647	-119.6	27.378	-39.244	-144.58	-2.7794
141.4	-1.5594	20.189	-31.281	2.187	-13.968	-5.1485	6.5588	-18.062	0.84318	-55.051	42.278	-61.65	-119.59	27.381	-39.25	-144.57	-2.7771
141.41	-1.5654	20.192	-31.28	2.1858	-13.955	-5.1467	6.5639	-18.075	0.84571	-55.049	42.28	-61.65	-119.6	27.378	-39.239	-144.58	-2.7743
141.41	-1.5577	20.193	-31.281	2.1871	-13.969	-5.1471	6.5639	-18.075	0.84019	-55.054	42.262	-61.65	-119.6	27.374	-39.245	-144.58	-2.7683
141.4	-1.5576	20.193	-31.285	2.1827	-13.959	-5.1475	6.564	-18.075	0.8406	-55.055	42.275	-61.649	-119.6	27.363	-39.244	-144.58	-2.7803
141.41	-1.5654	20.192	-31.282	2.1845	-13.956	-5.1471	6.5639	-18.075	0.84689	-55.06	42.261	-61.647	-119.6	27.377	-39.199	-144.57	-2.7653
141.4	-1.5602	20.203	-31.287	2.1804	-13.96	-5.1471	6.5639	-18.075	0.8568	-55.055	42.269	-61.642	-119.6	27.379	-39.237	-144.59	-2.7796
141.41	-1.5551	20.196	-31.285	2.184	-13.973	-5.1481	6.5639	-18.074	0.85517	-55.056	42.267	-61.638	-119.61	27.377	-39.195	-144.58	-2.7559
141.4	-1.5602	20.203	-31.288	2.1795	-13.962	-5.1592	6.5607	-18.086	0.8564	-55.056	42.268	-61.625	-119.61	27.369	-39.206	-144.58	-2.7599
141.4	-1.5596	20.189	-31.285	2.1814	-13.959	-5.1416	6.5677	-18.07	0.85017	-55.06	42.263	-61.63	-119.6	27.37	-39.201	-144.58	-2.7704
141.4	-1.5576	20.193	-31.291	2.1771	-13.963	-5.1541	6.5608	-18.082	0.85599	-55.055	42.255	-61.633	-119.61	27.38	-39.198	-144.57	-2.7675
141.4	-1.5602	20.204	-31.29	2.1783	-13.963	-5.1545	6.5608	-18.082	0.85599	-55.055	42.255	-61.628	-119.62	27.38	-39.195	-144.58	-2.7681
141.4	-1.562	20.199	-31.284	2.1824	-13.957	-5.1549	6.5609	-18.081	0.8564	-55.054	42.256	-61.633	-119.62	27.373	-39.197	-144.57	-2.7541
141.4	-1.5574	20.194	-31.299	2.1725	-13.958	-5.163	6.5678	-18.071	0.85599	-55.055	42.255	-61.63	-119.6	27.37	-39.194	-144.57	-2.7634
141.39	-1.5542	20.201	-31.282	2.1821	-13.942	-5.1545	6.5608	-18.082	0.85816	-55.052	42.257	-61.624	-119.61	27.357	-39.2	-144.57	-2.7658
141.4	-1.5576	20.194	-31.301	2.1853	-13.965	-5.15	6.5645	-18.076	0.86277	-55.048	42.262	-61.63	-119.6	27.37	-39.235	-144.59	-2.7938
141.4	-1.5602	20.203	-31.29	2.1807	-13.962	-5.1552	6.5734	-18.073	0.84318	-55.049	42.252	-61.635	-119.6	27.356	-39.193	-144.57	-2.7739
141.4	-1.5519	20.19	-31.297	2.1759	-13.969	-5.1637	6.5694	-18.084	0.84318	-55.051	42.264	-61.636	-119.61	27.367	-39.196	-144.57	-2.7773
141.4	-1.5596	20.189	-31.31	2.1817	-13.973	-5.16	6.5732	-18.077	0.84121	-55.039	42.271	-61.631	-119.6	27.358	-39.202	-144.57	-2.7696
141.4	-1.5597	20.189	-31.291	2.1926	-13.958	-5.1586	6.5732	-18.078	0.83378	-55.042	42.263	-61.635	-119.6	27.356	-39.193	-144.57	-2.761
141.41	-1.5574	20.193	-31.305	2.185	-13.97	-5.1862	6.5667	-18.09	0.8354	-55.041	42.265	-61.642	-119.6	27.353	-39.193	-144.57	-2.7614
141.4	-1.5594	20.189	-31.299	2.1875	-13.964	-5.1777	6.5733	-18.082	0.83592	-55.04	42.267	-61.644	-119.6	27.353	-39.198	-144.57	-2.7655
141.4	-1.5576	20.193	-31.301	2.1755	-13.974	-5.159	6.5843	-18.056	0.83378	-55.042	42.263	-61.64	-119.6	27.368	-39.19	-144.56	-2.7595
141.41	-1.568	20.202	-31.305	2.185	-13.97	-5.1732	6.5891	-18.064	0.83548	-55.029	42.27	-61.635	-119.6	27.364	-39.184	-144.57	-2.7592
141.4	-1.5576	20.194	-31.305	2.185	-13.97	-5.1565	6.6012	-18.059	0.83385	-55.029	42.271	-61.633	-119.6	27.357	-39.192	-144.57	-2.7623
141.41	-1.5574	20.194	-31.304	2.1872	-13.983	-5.1739	6.6068	-18.067	0.83725	-55.026	42.273	-61.635	-119.6	27.353	-39.177	-144.57	-2.7565
141.4	-1.5598	20.204	-31.305	2.185	-13.97	-5.1731	6.6067	-18.067	0.83644	-55.026	42.259	-61.626	-119.6	27.359	-39.178	-144.57	-2.7586
141.41	-1.5672	20.188	-31.3	2.1889	-13.965	-5.168	6.6105	-18.062	0.84021	-55.021	42.251	-61.624	-119.6	27.35	-39.176	-144.57	-2.7545
141.4	-1.5576	20.193	-31.305	2.185	-13.97	-5.1731	6.6067	-18.067	0.846	-55.03	42.247	-61.622	-119.58	27.368	-39.185	-144.56	-2.7559
141.41	-1.5553	20.197	-31.304	2.1872	-13.983	-5.1699	6.6188	-18.058	0.85352	-55.013	42.261	-61.624	-119.6	27.361	-39.177	-144.57	-2.7715
141.41	-1.565	20.192	-31.295	2.1922	-13.962	-5.1647	6.6099	-18.061	0.85352	-55.013	42.261	-61.62	-119.59	27.365	-39.18	-144.57	-2.7706
141.4	-1.5576	20.193	-31.303	2.2012	-13.975	-5.1688	6.6223	-18.057	0.85765	-55.023	42.257	-61.617	-119.59	27.356	-39.181	-144.56	-2.7527
141.4	-1.5576	20.193	-31.298	2.205	-13.969	-5.1626	6.6269	-18.063	0.85327	-55.012	42.261	-61.619	-119.58	27.358	-39.182	-144.57	-2.7734
141.4	-1.5576	20.193	-31.305	2.2014	-13.976	-5.1728	6.623	-18.073	0.85611	-55.009	42.25	-61.619	-119.58	27.358	-39.18	-144.57	-2.7694
141.4	-1.5576	20.193	-31.309	2.2007	-13.979	-5.1674	6.6267	-18.067	0.85693	-55.009	42.249	-61.617	-119.58	27.348	-39.179	-144.55	-2.7623
141.4	-1.5576	20.193	-31.301	2.2181	-13.965	-5.1674	6.6267	-18.067	0.85989	-55.007	42.253	-61.619	-119.58	27.358	-39.177	-144.55	-2.7617
141.41	-1.5552	20.196	-31.304	2.216	-13.968	-5.181	6.6317	-18.075	0.86371	-55.003	42.256	-61.616	-119.57	27.36	-39.179	-144.56	-2.764
141.4	-1.5578	20.193	-31.3	2.2168	-13.964	-5.1634	6.6387	-18.059	0.85796	-54.994	42.258	-61.611	-119.57	27.363	-39.173	-144.55	-2.7601
141.4	-1.5576	20.193	-31.303	2.2182	-13.966	-5.1711	6.6371	-18.079	0.8633	-55.002	42.243	-61.608	-119.57	27.366	-39.169	-144.56	-2.7731
141.41	-1.5577	20.193	-31.309	2.226	-13.965	-5.1633	6.6438	-18.071	0.86575	-55.002	42.257	-61.606	-119.57	27.356	-39.169	-144.55	-2.7692
141.4	-1.5594	20.189	-31.305	2.2289	-13.961	-5.1688	6.6401	-18.076	0.8642	-54.988	42.251	-61.611	-119.56	27.357	-39.172	-144.55	-2.7702
141.4	-1.5597	20.204	-31.306	2.2278	-13.963	-5.1555	6.6469	-18.064	0.87469	-54.992	42.268	-61.608	-119.56	27.36	-39.169	-144.55	-2.7564
141.4	-1.5572	20.192	-31.303	2.2324	-13.974	-5.1568	6.6476	-18.081	0.86718	-54.986	42.253	-61.612	-119.56	27.356	-39.163	-144.55	-2.7703
141.4	-1.5585	20.192	-31.303	2.2449	-13.966	-5.162	6.6565	-18.078	0.86651	-54.983	42.253	-61.6	-119.56	27.359	-39.167	-144.54	-2.766
141.41	-1.5579	20.207	-31.307	2.2317	-13.977	-5.1637	6.669	-18.069	0.87065	-54.969	42.263	-61.611	-119.55	27.358	-39.166	-144.54	-2.7655
141.4	-1.5597	20.188	-31.307	2.2318	-13.977	-5.1671	6.6688	-18.074	0.87479	-54.977	42.248	-61.605	-119.55	27.349	-39.158	-144.55	-2.7538
141.41	-1.5554	20.196	-31.304	2.2338	-13.974	-5.1619	6.6741	-18.082	0.86984	-54.969	42.249	-61.603	-119.55	27.362	-39.164	-144.56	-2.7714
141.4	-1.5597	20.189	-31.3	2.2482	-13.964	-5.1609	6.6741	-18.083	0.87364	-54.967	42.264	-61.597	-119.56	27.361	-39.162	-144.54	-2.763
141.41	-1.5541	20.198	-31.324	2.2346	-13.985	-5.1657	6.683	-18.08	0.8762	-54.963	42.255	-61.588	-119.55	27.345	-39.167	-144.54	-2.7662
141.4	-1.5597	20.189	-31.326	2.2873	-14.111	-5.1585	6.6896	-18.072	0.87324	-54.966	42.252	-61.595	-119.55	27.358	-39.156	-144.55	-2.7638
141.4	-1.5574	20.194	-31.312	2.254	-13.967	-5.171	6.6827	-18.084	0.87867	-54.961	42.257	-61.59	-119.54	27.362	-39.165	-144.54	-2.7661
141.4	-1.5595	20.189	-31.32	2.2506	-13.974	-5.1687	6.6961	-18.088	0.86761	-54.954	42.254	-61.595	-119.54	27.358	-39.157	-144.54	-2.76
141.4	-1.5617	20.186	-31.311	2.2575	-13.966	-5.1606	6.7029	-18.08	0.87426	-54.951	42.261	-61.595	-119.53	27.363	-39.169	-144.52	-2.76
141.41	-1.5572	20.194	-31.33	2.3017	-14.12	-5.1654	6.7117	-18.078	0.8743	-54.949	42.26	-61.598	-119.53	27.35	-39.181	-144.52	-2.7512
141.41	-1.5572	20.194	-31.332	2.3124	-14.115	-5.1657	6.7118	-18.077	0.87225	-54.95	42.257	-61.601	-119.52	27.354	-39.179	-144.52	-2.7621
141.4	-1.5602	20.204	-31.333	2.3134	-14.114	-5.162	6.7272	-18.067	0.87568	-54.935	42.267	-61.613	-119.51	27.349	-39.195	-144.52	-2.7594
141.4	-1.5576	20.193	-31.342	2.3214	-14.116	-5.1627	6.7398	-18.059	0.87158	-54.924	42.257	-61.608	-119.51	27.353	-39.182	-144.53	-2.755
141.41	-1.5574	20.193	-31.347	2.3323	-14.126	-5.1664	6.7411	-18.077	0.86217	-54.917	42.27	-61.62	-119.5	27.351	-39.189	-144.52	-2.755
141.4	-1.5582	20.206	-31.343	2.3363	-14.121	-5.163	6.7567	-18.066	0.86688	-54.911	42.262	-61.621	-119.49	27.344	-39.196	-144.51	-2.74
141.4	-1.5618	20.2	-31.354	2.3423	-14.125	-5.164	6.7708	-18.071	0.85902	-54.904	42.274	-61.629	-119.48	27.346	-39.203	-144.51	-2.7574
141.4	-1.5592	20.189	-31.35	2.3453	-14.121	-5.1814	6.7727	-18.081	0.8492	-54.896	42.272	-61.636	-119.48	27.353	-39.207	-144.51	-2.7491
141.41	-1.5577	20.193	-31.344	2.3644	-14.122	-5.1831	6.7844	-18.076	0.84132	-54.9	42.264	-61.645	-119.47	27.339	-39.215	-144.49	-2.7402
141.4	-1.5584	20.191	-31.345	2.3759	-14.115	-5.1739	6.7919	-18.064	0.83653	-54.89	42.282	-61.65	-119.46	27.343	-39.223	-144.5	-2.7481
141.4	-1.5576	20.193	-31.358	2.3705	-14.126	-5.1787	6.8008	-18.062	0.83161	-54.88	42.271	-61.647	-119.46	27.346	-39.241	-144.5	-2.7593
141.4	-1.5604	20.203	-31.371	2.3755	-14.131	-5.1879	6.8094	-18.064	0.83501	-54.876	42.288	-61.662	-119.45	27.34	-39.248	-144.49	-2.7596
141.4	-1.5576	20.193	-31.357	2.383	-14.119	-5.1805	6.8125	-18.057	0.81795	-54.875	42.279	-61.657	-119.45	27.344	-39.26	-144.48	-2.7451
141.4	-1.5574	20.194	-31.366	2.3935	-14.134	-5.1831	6.8147	-18.071	0.82762	-54.866	42.29	-61.666	-119.44	27.343	-39.246	-144.48	-2.7503
141.4	-1.5602	20.203	-31.367	2.3934	-14.133	-5.1757	6.8178	-18.065	0.81563	-54.861	42.286	-61.669	-119.44	27.355	-39.25	-144.47	-2.7503
141.4	-1.5502	20.208	-31.372	2.3904	-14.137	-5.1802	6.8251	-18.049	0.8177	-54.858	42.29	-61.665	-119.44	27.347	-39.265	-144.48	-2.7628
141.4	-1.5622	20.199	-31.361	2.3974	-14.128	-5.1805	6.8266	-18.062	0.81448	-54.848	42.294	-61.662	-119.44	27.35	-39.26	-144.46	-2.7489
141.4	-1.5594	20.189	-31.367	2.4062	-14.127	-5.1848	6.8264	-18.066	0.83321	-54.849	42.301	-61.656	-119.43	27.342	-39.26	-144.46	-2.7521
141.41	-1.5555	20.197	-31.367	2.4071	-14.126	-5.1764	6.8296	-18.06	0.82616	-54.851	42.281	-61.669	-119.43	27.349	-39.254	-144.47	-2.7522
141.4	-1.5594	20.189	-31.368	2.42	-14.133	-5.1716	6.8208	-18.063	0.83028	-54.849	42.286	-61.666	-119.42	27.352	-39.263	-144.48	-2.7459
141.4	-1.5595	20.189	-31.359	2.4121	-14.119	-5.1723	6.8333	-18.054	0.82738	-54.852	42.283	-61.666	-119.42	27.352	-39.259	-144.46	-2.7497
141.41	-1.5552	20.195	-31.363	2.4105	-14.137	-5.1579	6.8313	-18.043	0.83235	-54.848	42.287	-61.665	-119.42	27.341	-39.268	-144.47	-2.7576
141.4	-1.5597	20.189	-31.358	2.4134	-14.119	-5.1607	6.8307	-18.076	0.83189	-54.849	42.286	-61.671	-119.43	27.349	-39.265	-144.46	-2.7656
141.41	-1.5572	20.193	-31.359	2.4121	-14.119	-5.1582	6.8328	-18.056	0.83108	-54.849	42.286	-61.672	-119.41	27.354	-39.276	-144.45	-2.7502
141.4	-1.5576	20.194	-31.366	2.4071	-14.126	-5.164	6.8305	-18.081	0.83073	-54.849	42.288	-61.67	-119.42	27.349	-39.275	-144.46	-2.7567
141.41	-1.5552	20.196	-31.363	2.4217	-14.115	-5.1681	6.8268	-18.087	0.83154	-54.849	42.287	-61.674	-119.42	27.351	-39.267	-144.46	-2.7571
141.4	-1.56	20.204	-31.36	2.4137	-14.134	-5.1681	6.8268	-18.087	0.8202	-54.86	42.289	-61.669	-119.41	27.343	-39.273	-144.45	-2.7545
141.4	-1.5576	20.193	-31.357	2.4157	-14.131	-5.1691	6.8267	-18.087	0.81818	-54.891	42.272	-61.666	-119.41	27.346	-39.281	-144.46	-2.7596
141.41	-1.5556	20.21	-31.358	2.4082	-14.104	-5.1708	6.8384	-18.082	0.81885	-54.935	42.28	-61.668	-119.4	27.348	-39.29	-144.46	-2.7504
141.39	-1.5653	20.195	-31.361	2.3935	-14.1	-5.1661	6.843	-18.094	0.79403	-54.999	42.265	-61.671	-119.4	27.345	-39.353	-144.38	-2.7418
141.41	-1.5572	20.194	-31.358	2.3614	-14.085	-5.1776	6.8952	-18.099	0.76442	-55.08	42.267	-61.684	-119.38	27.347	-39.343	-144.42	-2.7475
141.4	-1.5621	20.187	-31.35	2.3199	-14.072	-5.2406	7.0627	-18.134	0.71708	-55.178	42.293	-61.708	-119.36	27.355	-39.327	-144.47	-2.7304
141.4	-1.5631	20.198	-31.315	2.206	-13.77	-5.3317	7.298	-18.192	0.64695	-55.274	42.377	-61.748	-119.36	27.353	-39.338	-144.52	-2.6578
141.4	-1.5585	20.192	-31.352	2.1602	-13.658	-5.5821	7.7325	-18.211	0.55677	-55.402	42.504	-61.796	-119.38	27.374	-39.355	-144.56	-2.6145
141.41	-1.5552	20.196	-31.42	2.2949	-13.141	-5.8655	8.3338	-17.988	0.42663	-55.549	42.635	-61.85	-119.43	27.371	-39.366	-144.61	-2.5593
141.4	-1.5596	20.189	-31.559	2.3856	-12.263	-6.0227	8.9501	-17.388	0.34798	-55.771	42.865	-61.881	-119.49	27.397	-39.355	-144.67	-2.5058
141.39	-1.5544	20.201	-31.57	2.402	-10.904	-5.987	9.434	-16.44	0.36543	-56.104	43.213	-61.902	-119.59	27.397	-39.347	-144.73	-2.5045
141.4	-1.5585	20.192	-31.587	2.5207	-9.7978	-5.6749	9.7729	-14.981	0.39685	-56.537	43.729	-61.873	-119.75	27.477	-39.288	-144.77	-2.4792
141.4	-1.5596	20.189	-31.366	2.7813	-8.001	-5.1861	10.067	-13.442	0.42627	-57.177	44.342	-61.811	-119.94	27.605	-39.251	-144.83	-2.4758
141.41	-1.5579	20.206	-31.322	2.8161	-6.2578	-4.3508	10.387	-11.593	0.48459	-57.864	45.067	-61.705	-120.16	27.732	-39.213	-144.87	-2.4729
141.4	-1.5478	20.212	-31.316	2.8512	-4.4717	-3.1577	10.646	-9.5092	0.60474	-58.692	45.893	-61.589	-120.39	27.857	-39.173	-144.92	-2.4245
141.4	-1.5486	20.197	-31.329	2.9146	-2.5884	-1.3351	11.002	-7.1751	0.77214	-59.615	46.822	-61.434	-120.63	28.026	-39.075	-145	-2.424
141.41	-1.5553	20.197	-31.354	2.8899	-0.82982	0.9651	11.367	-4.712	1.0197	-60.651	47.665	-61.236	-120.93	28.279	-38.917	-145.16	-2.4258
141.41	-1.5531	20.2	-31.361	2.7469	0.97575	3.3974	11.624	-2.2292	1.3455	-61.697	48.506	-60.962	-121.26	28.475	-38.709	-145.34	-2.3998
141.41	-1.5536	20.214	-31.205	2.5995	2.8533	6.004	11.726	0.27157	1.7334	-62.709	49.289	-60.547	-121.67	28.712	-38.453	-145.53	-2.3888
141.42	-1.5513	20.217	-30.943	2.3807	4.6672	8.6653	11.596	2.6772	2.2553	-63.762	50.081	-60.041	-122.09	28.994	-38.079	-145.81	-2.3845
141.42	-1.5612	20.213	-30.621	2.1396	6.2967	11.465	11.36	5.0195	2.8505	-64.855	50.804	-59.458	-122.52	29.356	-37.672	-146.04	-2.4032
141.42	-1.5714	20.209	-30.055	1.7666	8.1591	14.364	10.986	7.3496	3.6089	-65.985	51.546	-58.783	-122.94	29.669	-37.122	-146.34	-2.2407
141.42	-1.5838	20.204	-29.326	1.3994	9.9605	17.492	10.411	9.7064	4.5105	-67.094	52.385	-58.099	-123.32	29.978	-36.539	-146.67	-1.8282
141.43	-1.5817	20.206	-28.465	0.97352	11.513	20.765	9.645	12.039	5.4838	-68.201	53.256	-57.368	-123.62	30.319	-35.667	-146.92	-1.3609
141.43	-1.5821	20.208	-27.291	0.43192	13.143	24.61	9.0184	14.917	6.947	-69.09	54.603	-56.484	-123.92	30.672	-34.755	-147.25	-1.0113
141.44	-1.5997	20.202	-25.833	-0.16644	14.624	28.05	7.8507	17.196	8.2428	-70.4	55.516	-55.38	-124.33	31.131	-33.638	-147.66	-0.65384
141.42	-1.599	20.209	-24.045	-0.91184	16.2	31.619	6.5824	19.557	9.7191	-71.759	56.472	-54.056	-124.87	31.586	-32.637	-148.19	-0.33189
141.42	-1.6109	20.2	-22.047	-1.555	17.523	35.211	5.1323	21.819	11.398	-73.231	57.428	-52.616	-125.39	32.068	-31.341	-148.8	0.10875
141.43	-1.6072	20.208	-19.691	-2.3944	19.125	38.909	3.6235	24.094	13.228	-74.778	58.413	-51.092	-125.91	32.601	-30.144	-149.08	0.51175
141.42	-1.6109	20.2	-17.06	-3.2163	20.615	42.596	1.9096	26.235	15.24	-76.375	59.332	-49.472	-126.41	33.179	-28.545	-149.79	0.89745
141.42	-1.6113	20.201	-14.24	-4.1302	22.209	46.355	0.16199	28.305	17.438	-78.018	60.173	-47.743	-126.97	33.773	-27.019	-150.35	1.3246
141.42	-1.601	20.205	-11.183	-4.9765	23.715	50.115	-1.7074	30.186	19.776	-79.717	61.074	-45.867	-127.57	34.444	-25.439	-150.97	1.7513
141.43	-1.5966	20.21	-8.0277	-5.9453	25.334	53.955	-3.6397	31.878	22.274	-81.377	61.895	-43.855	-128.17	35.146	-23.911	-151.46	2.2472
141.42	-1.5988	20.207	-4.746	-6.9778	26.845	57.558	-5.7181	33.247	24.877	-83.098	62.783	-41.796	-128.76	35.886	-22.075	-151.99	2.875
141.43	-1.5817	20.206	-1.361	-7.9659	28.226	61.841	-7.6039	34.904	27.563	-84.742	63.535	-39.675	-129.34	36.644	-20.445	-152.37	3.3975
141.43	-1.5817	20.206	2.0636	-8.9644	29.514	65.614	-9.7424	36.02	30.319	-86.313	64.234	-37.474	-129.91	37.454	-18.535	-152.91	4.0438
141.43	-1.5716	20.211	5.4699	-9.8493	30.546	70.04	-11.657	37.466	33.113	-87.875	64.894	-35.239	-130.45	38.212	-16.604	-153.69	4.684
141.43	-1.5646	20.206	8.95	-10.86	31.584	74.239	-13.691	38.647	35.921	-89.352	65.544	-32.94	-130.97	38.956	-14.545	-154.22	5.4504
141.43	-1.5767	20.197	12.326	-11.769	32.51	78.493	-15.721	39.674	38.743	-90.773	66.111	-30.596	-131.45	39.644	-12.447	-154.96	5.9909
141.43	-1.567	20.214	15.737	-12.576	33.151	82.766	-17.727	40.589	41.584	-92.107	66.661	-28.222	-131.93	40.385	-10.41	-155.56	6.6191
141.43	-1.5643	20.206	19.144	-13.525	33.905	86.65	-19.785	41.102	44.43	-93.308	67.137	-25.814	-132.38	41.089	-8.2642	-156.03	7.3002
141.42	-1.569	20.211	22.497	-14.219	34.269	91.147	-21.563	42.075	47.26	-94.457	67.585	-23.399	-132.79	41.636	-6.1755	-156.27	7.8877
141.42	-1.5689	20.212	25.874	-15.05	34.777	95.289	-23.328	42.592	50.127	-95.531	67.917	-20.906	-133.11	42.31	-3.8468	-156.87	8.5416
141.43	-1.5669	20.216	29.231	-15.767	35.003	99.34	-25.051	42.966	52.977	-96.461	68.194	-18.406	-133.39	42.805	-1.4839	-157.45	9.1433
141.43	-1.5698	20.216	32.571	-16.483	35.21	103.31	-26.603	43.189	55.878	-97.304	68.459	-15.88	-133.63	43.375	0.81002	-157.82	9.7768
141.41	-1.5787	20.214	35.864	-17.053	35.136	106.89	-28.197	42.975	58.774	-98.046	68.626	-13.372	-133.83	43.868	3.0723	-158.15	10.351
141.41	-1.5928	20.204	39.047	-17.581	35	110.73	-29.546	42.926	61.656	-98.658	68.727	-10.791	-133.95	44.305	5.4697	-158.39	10.91
141.41	-1.5835	20.211	42.253	-18.014	34.773	114.54	-30.8	42.712	64.538	-99.174	68.786	-8.2177	-134.06	44.708	7.8746	-158.9	11.385
141.41	-1.5922	20.208	45.391	-18.422	34.373	118.26	-31.889	42.398	67.471	-99.598	68.689	-5.6392	-134.12	45.074	10.236	-159.17	11.792
141.4	-1.6005	20.209	48.503	-18.76	33.918	122.27	-32.845	42.16	70.398	-99.931	68.533	-3.0437	-134.14	45.419	12.59	-159.38	12.261
141.4	-1.6055	20.218	51.526	-19.05	33.4	125.9	-33.692	41.602	73.347	-100.2	68.37	-0.43917	-134.14	45.72	14.994	-159.51	12.615
141.4	-1.6013	20.209	54.487	-19.184	32.621	129.43	-34.457	40.798	76.344	-100.36	68.089	2.2013	-134.08	45.964	17.169	-159.46	12.866
141.4	-1.5956	20.207	57.335	-19.315	31.896	132.85	-35.113	39.881	79.337	-100.41	67.674	4.8703	-134.02	46.185	19.604	-159.5	13.191
141.1	-1.8763	19.75	60.19	-19.44	31.244	135.98	-35.788	38.547	82.315	-100.4	67.215	7.5155	-133.94	46.347	21.987	-159.52	13.426
141.1	-1.8725	19.741	62.884	-19.411	30.385	138.72	-36.335	36.86	85.306	-100.33	66.692	10.172	-133.78	46.487	24.442	-159.74	13.573
141.1	-1.8643	19.742	65.511	-19.379	29.664	142.22	-36.332	35.995	88.285	-100.13	66.122	12.813	-133.62	46.655	26.841	-159.77	13.753
141.1	-1.8592	19.749	68.021	-19.336	28.834	145.15	-36.435	34.483	91.238	-99.896	65.446	15.419	-133.41	46.704	29.195	-159.68	13.788
141.42	-1.5781	20.202	70.369	-19.125	27.86	148.12	-36.256	33.173	94.073	-99.518	64.779	17.973	-133.18	46.813	31.452	-159.49	13.913
141.42	-1.5718	20.212	72.597	-18.949	27.007	150.43	-36.184	31.196	96.861	-99.066	64.104	20.45	-132.86	46.857	33.624	-159.25	13.953
141.42	-1.5692	20.211	74.623	-18.614	26.046	153.12	-35.731	29.734	99.559	-98.48	63.385	22.861	-132.53	46.892	35.866	-159.12	14.066
141.42	-1.5603	20.215	76.444	-18.158	25.02	155.35	-35.224	28.061	102.14	-97.79	62.641	25.22	-132.11	46.902	37.953	-158.71	14.158
141.42	-1.5715	20.208	78.092	-17.734	24.108	157.01	-34.649	26.086	104.58	-97.025	61.964	27.448	-131.69	46.868	40.077	-158.57	14.15
141.42	-1.5689	20.198	79.624	-17.208	23.239	159.12	-33.707	24.8	106.87	-96.079	61.303	29.616	-131.2	46.825	42.076	-158.06	14.258
141.42	-1.5711	20.197	80.965	-16.563	22.226	160.69	-32.684	23.312	109.01	-95.101	60.737	31.674	-130.65	46.775	43.954	-157.6	14.256
141.42	-1.5738	20.207	82.287	-15.91	21.266	162.17	-31.616	21.963	111	-94.044	60.157	33.598	-130.05	46.641	45.689	-156.99	14.198
141.41	-1.5709	20.216	83.523	-15.227	20.403	163.48	-30.445	20.701	112.85	-92.857	59.696	35.439	-129.32	46.524	47.652	-156.57	14.213
141.41	-1.5809	20.212	84.636	-14.453	19.342	164.64	-29.153	19.568	114.56	-91.615	59.252	37.134	-128.58	46.391	49.322	-155.99	14.261
141.4	-1.5878	20.215	85.758	-13.619	18.415	165.67	-27.869	18.449	116.15	-90.329	58.911	38.74	-127.72	46.186	51.047	-155.42	14.318
141.41	-1.5852	20.205	86.894	-12.778	17.484	166.49	-26.428	17.423	117.6	-89.037	58.578	40.265	-126.84	46.06	52.588	-154.6	14.309
141.4	-1.5902	20.214	87.979	-11.918	16.596	167.19	-24.917	16.376	119.06	-87.685	58.325	41.71	-125.89	45.862	54.088	-153.67	14.163
141.4	-1.5902	20.214	89.003	-10.989	15.623	167.75	-23.377	15.38	120.45	-86.246	58.069	43.094	-124.92	45.72	55.648	-153.04	14.317
141.39	-1.5941	20.207	90.033	-9.9889	14.735	168.23	-21.773	14.34	121.74	-84.846	57.792	44.483	-123.89	45.523	57.148	-152.25	14.304
141.4	-1.5902	20.214	91.112	-9.0327	13.872	168.28	-20.258	12.956	123.04	-83.413	57.536	45.772	-122.9	45.357	58.533	-151.2	14.233
141.39	-1.5979	20.215	92.143	-8.0364	13.082	168.89	-18.539	12.14	124.3	-81.965	57.234	47.087	-121.82	45.169	59.861	-150.27	14.227
141.39	-1.5983	20.216	93.196	-7.0271	12.312	169.25	-16.903	11.072	125.57	-80.506	56.945	48.336	-120.75	45.001	61.216	-149.33	14.208
141.39	-1.5861	20.224	94.202	-5.9385	11.438	169.52	-15.359	9.8748	126.85	-79.052	56.59	49.63	-119.67	44.843	62.633	-148.43	14.12
141.4	-1.5814	20.217	95.305	-4.939	10.601	169.79	-13.855	8.6751	128.13	-77.669	56.195	50.878	-118.58	44.677	63.948	-147.43	14.154
141.4	-1.5781	20.22	96.446	-3.8698	9.7225	170	-12.318	7.4078	129.5	-76.253	55.77	52.165	-117.53	44.516	65.222	-146.46	13.97
141.4	-1.5852	20.205	97.68	-2.8036	8.9193	170.18	-10.898	6.1032	130.85	-74.936	55.325	53.449	-116.49	44.356	66.5	-145.35	13.891
141.4	-1.5777	20.206	99.049	-1.8448	8.1246	170.24	-9.5263	4.7338	132.26	-73.655	54.901	54.758	-115.47	44.227	67.764	-144.33	13.758
141.41	-1.5784	20.213	100.52	-0.85302	7.381	170.18	-8.128	3.3872	133.73	-72.419	54.466	56.074	-114.5	44.105	69.005	-143.29	13.635
141.41	-1.5785	20.201	102.12	0.16492	6.4747	170.03	-6.7449	2.0621	135.21	-71.278	54.037	57.392	-113.55	43.959	70.297	-142.35	13.532
141.42	-1.576	20.203	103.92	0.97506	5.9149	169.26	-5.6683	0.31842	136.71	-70.189	53.619	58.736	-112.64	43.852	71.569	-141.43	13.288
141.42	-1.5759	20.204	105.87	1.79	5.1374	169.31	-4.1309	-0.40771	138.24	-69.148	53.264	60.12	-111.78	43.706	72.883	-140.6	13.15
141.42	-1.574	20.207	107.98	2.5603	4.3289	168.7	-2.9135	-1.5244	139.76	-68.176	53.002	61.509	-110.94	43.641	74.201	-139.71	12.847
141.42	-1.5753	20.219	110.27	3.1975	3.6738	168.03	-1.7331	-2.5535	141.31	-67.25	52.805	62.904	-110.14	43.499	75.459	-138.75	12.737
141.42	-1.5756	20.218	112.79	3.8056	2.8833	167.22	-0.64665	-3.49	142.82	-66.369	52.588	64.355	-109.35	43.429	76.827	-137.94	12.634
141.41	-1.5827	20.209	115.46	4.2717	2.2357	166.32	0.41429	-4.301	144.39	-65.512	52.494	65.758	-108.61	43.382	78.244	-137.19	12.469
141.41	-1.5841	20.208	118.12	4.6547	1.4892	165.42	1.4551	-4.8891	145.65	-64.997	52.057	67.249	-107.9	43.345	79.602	-136.38	12.41
141.41	-1.5829	20.211	120.68	4.8547	0.66499	164.48	2.3835	-5.4509	147.27	-64.2	52.089	68.747	-107.22	43.339	81.139	-135.74	12.237
141.31	-1.6465	20.191	123.34	5.0392	0.31693	163.68	3.1881	-5.7501	148.9	-63.533	52.228	70.28	-106.6	43.398	82.624	-135.11	12.311
142.51	-1.3107	20.234	124.66	5.4736	0.083323	162.44	3.5795	-6.7645	150.59	-62.888	52.43	71.875	-106.03	43.506	84.139	-134.41	12.361
144.38	-0.71203	20.22	126.25	6.1632	0.38789	161.82	2.9793	-8.6275	152.17	-62.262	52.719	73.569	-105.52	43.675	85.783	-133.87	12.399
146.65	-0.18283	20.426	128.1	6.6136	0.78161	163.62	3.4237	-8.49	153.8	-61.704	52.977	75.304	-105.12	43.907	87.496	-133.35	12.589
148.76	0.077689	20.596	130.17	6.9919	1.101	167.45	4.9077	-6.1867	155.69	-61.166	53.282	77.102	-104.75	44.187	89.216	-132.89	12.789
150.75	0.41226	21.022	132.19	7.2573	1.39	170.26	5.5958	-4.9489	157.61	-60.845	53.706	78.904	-104.32	44.533	91.001	-132.41	13.15
152.67	0.7332	21.61	134.38	7.5135	1.8997	172.43	5.9827	-4.1588	159.61	-60.607	54.275	80.702	-103.88	44.878	92.795	-132	13.509
154.66	0.95968	22.366	136.7	7.8818	2.5335	174.68	6.2692	-3.2872	161.72	-60.484	54.816	82.653	-103.48	45.263	94.73	-131.73	13.794
156.99	1.1201	23.212	139.17	8.1436	3.5547	177.09	6.5323	-2.3874	163.98	-60.442	55.477	84.783	-103.22	45.708	96.761	-131.28	14.082
159.65	1.2295	24.157	141.79	8.3724	4.5334	179.71	6.7139	-1.411	166.38	-60.483	56.18	87.092	-103.06	46.152	98.983	-131.1	14.425
162.5	1.2723	25.126	144.55	8.574	5.5245	182.4	6.7778	-0.38625	168.87	-60.603	56.864	89.497	-102.91	46.64	101.12	-130.72	14.846
165.39	1.2302	26.134	147.51	8.6184	6.5653	184.59	6.3947	-0.19682	171.52	-60.779	57.653	91.96	-102.72	47.194	103.38	-130.31	15.237
168.35	1.1076	27.168	150.57	8.6913	7.444	188.34	6.7976	1.7538	174.21	-61.037	58.388	94.448	-102.57	47.755	105.83	-130.31	15.755
171.46	0.98975	28.263	153.76	8.6177	8.6242	191.48	6.7058	2.8879	176.99	-61.308	59.221	97.028	-102.47	48.321	108.32	-130.06	16.255
174.65	0.78914	29.345	157.06	8.6287	9.654	193.95	6.1274	3.1796	179.84	-61.595	60.086	99.721	-102.37	48.897	110.87	-129.89	16.728
177.95	0.61452	30.485	160.4	8.5466	10.873	197.95	6.404	5.1437	182.75	-61.915	60.916	102.49	-102.29	49.453	113.41	-129.81	17.214
177.95	0.61452	30.485	160.4	8.5466	10.873	197.95	6.404	5.1437	182.75	-61.915	60.916	102.49	-102.29	49.453	113.41	-129.81	17.214
184.6	0.14157	32.721	167.23	8.3981	13.002	204.64	6.1066	7.3669	188.58	-62.635	62.58	108.12	-102.18	50.514	118.78	-129.6	18.139
187.99	-0.086974	33.79	170.69	8.3663	13.861	208.13	5.9549	8.547	191.55	-62.961	63.407	110.99	-102.14	51.022	121.59	-129.59	18.685
191.42	-0.34043	34.785	174.23	8.3281	14.695	211.6	5.7415	9.5759	194.55	-63.248	64.267	113.86	-102.09	51.548	124.32	-129.52	19.159
194.97	-0.57376	35.757	177.84	7.9812	15.851	214.42	4.9695	9.6457	197.55	-63.551	65.065	116.79	-102	52.001	127.25	-129.66	19.648
198.58	-0.85642	36.517	181.53	7.9325	16.463	218.82	5.1038	11.366	200.63	-63.852	65.849	119.69	-101.86	52.396	130.01	-129.39	20.088
202.18	-1.2259	37.169	185.29	7.6121	16.945	221.88	4.2755	11.187	203.72	-64.136	66.534	122.62	-101.67	52.819	132.91	-129.47	20.6
205.94	-1.5215	37.746	189.17	7.2903	17.55	226.44	4.2867	12.675	206.84	-64.349	67.196	125.58	-101.44	53.189	135.82	-129.31	21.073
209.7	-1.8642	38.177	192.97	6.8936	17.814	229.55	3.3563	12.273	210.03	-64.589	67.812	128.57	-101.21	53.473	138.75	-129.3	21.495
213.45	-2.2154	38.422	196.41	6.1308	17.122	234.17	3.3457	13.464	213.25	-64.816	68.261	131.61	-100.95	53.76	141.71	-129.28	21.949
217.22	-2.5779	38.656	200.3	5.8157	17.221	237.34	2.4118	12.916	216.49	-65.024	68.667	134.69	-100.71	54.005	144.71	-129.14	22.293
221.02	-2.9306	38.745	204.19	5.472	17.184	241.26	1.9404	13.053	219.81	-65.27	68.916	137.82	-100.47	54.224	147.68	-129.14	22.582
224.79	-3.3131	38.716	208.07	5.0451	17.271	245.88	1.9268	13.919	223.21	-65.48	69.13	140.96	-100.25	54.406	150.65	-129.12	22.914
228.54	-3.6997	38.676	211.86	4.6927	17.068	248.94	1.0049	12.986	226.61	-65.709	69.165	144.13	-100.06	54.557	153.63	-128.97	23.006
232.29	-4.0858	38.533	215.59	4.4269	16.972	253.43	1.019	13.73	230.04	-66.014	69.12	147.3	-99.911	54.683	156.56	-128.97	23.169
235.99	-4.4366	38.389	219.28	4.1513	16.849	257.08	0.58411	13.517	233.45	-66.348	68.998	150.45	-99.766	54.694	159.53	-128.85	23.356
239.62	-4.8386	38.302	222.87	3.7974	16.711	259.88	-0.31267	12.393	236.82	-66.704	68.766	153.6	-99.641	54.711	162.3	-128.69	23.218
243.17	-5.2119	38.053	226.4	3.4976	16.652	263.41	-0.70728	12.133	240.11	-67.071	68.497	156.69	-99.538	54.651	165.09	-128.66	23.161
246.61	-5.581	37.82	229.84	3.1581	16.583	266.87	-1.0851	11.857	243.31	-67.444	68.134	159.71	-99.43	54.544	167.81	-128.47	22.927
250	-5.9077	37.597	233.18	2.9675	16.406	270.21	-1.4378	11.577	246.45	-67.781	67.822	162.64	-99.288	54.375	170.61	-128.63	22.812
253.31	-6.1667	37.296	236.47	2.6878	16.129	274.28	-1.2683	12.229	249.41	-68.063	67.453	165.46	-99.124	54.133	173.1	-128.27	22.51
256.42	-6.466	36.921	239.62	2.5011	15.728	276.66	-2.0843	10.861	252.25	-68.24	67.084	168.17	-98.913	53.834	175.55	-128.04	22.164
259.46	-6.6547	36.488	242.7	2.3487	15.248	280.58	-1.8541	11.425	254.97	-68.359	66.779	170.76	-98.635	53.477	177.96	-127.89	21.789
262.33	-6.7862	35.921	245.65	2.1781	14.546	282.72	-2.6531	9.9335	257.51	-68.37	66.398	173.26	-98.31	53.074	180.36	-127.71	21.497
265.06	-6.8827	35.347	248.46	2.055	14.003	285.6	-2.845	9.3849	259.95	-68.307	65.96	175.64	-97.956	52.636	182.58	-127.61	21.062
267.71	-6.8876	34.707	251.2	1.8925	13.195	288.39	-3.0258	8.7875	262.29	-68.128	65.578	177.94	-97.554	52.127	184.84	-127.4	20.761
270.17	-6.9434	33.877	253.76	1.8247	12.472	290.96	-3.2083	8.0644	264.53	-67.955	65.127	180.15	-97.157	51.608	186.98	-127.16	20.457
272.6	-6.8616	33.238	256.24	1.7572	11.427	294.25	-2.7619	8.3546	266.65	-67.776	64.609	182.26	-96.719	51.04	189.2	-127.32	20.167
274.8	-6.8123	32.356	258.56	1.8366	10.377	295.91	-3.3048	6.6772	268.72	-67.534	63.997	184.3	-96.291	50.415	190.92	-126.68	19.573
276.94	-6.7056	31.509	260.7	1.874	9.4686	298.76	-2.8684	6.7601	270.74	-67.348	63.377	186.24	-95.873	49.859	192.83	-126.4	19.117
278.92	-6.5968	30.689	262.7	1.9183	8.6306	300.78	-2.8135	5.9027	272.66	-67.129	62.625	188.12	-95.49	49.292	194.59	-126.06	18.623
280.82	-6.3862	29.811	264.53	1.9695	8.0129	302.62	-2.6636	5.0343	274.54	-66.87	61.903	189.91	-95.128	48.709	196.16	-125.87	17.956
282.55	-6.1532	29.037	266.19	2.2782	6.9523	303.56	-2.9481	3.173	276.3	-66.647	61.081	191.6	-94.76	48.059	197.77	-125.54	17.454
284.1	-5.9207	28.035	267.7	2.383	6.2605	305.82	-2.1465	3.192	277.93	-66.371	60.178	193.19	-94.429	47.437	199.39	-125.66	16.944
285.54	-5.5899	27.21	269	2.6772	5.6025	306.45	-2.3078	1.2389	279.48	-66.048	59.314	194.71	-94.094	46.819	200.75	-125.32	16.341
286.76	-5.2396	26.24	270.19	3.0343	4.5271	307.63	-1.9096	0.20431	280.89	-65.66	58.433	196.08	-93.767	46.178	201.74	-124.58	15.559
287.91	-4.7791	25.29	271.18	3.463	3.5168	308.65	-1.5129	-0.88217	282.18	-65.191	57.499	197.34	-93.393	45.487	202.92	-124.25	14.881
288.87	-4.3455	24.177	272.09	3.814	2.5209	309.62	-1.0092	-1.888	283.32	-64.718	56.545	198.51	-93.012	44.81	203.96	-123.86	14.352
289.26	-4.335	22.378	272.87	4.1501	1.5841	311.21	-0.031714	-1.9944	284.34	-64.183	55.624	199.55	-92.621	44.079	204.89	-123.59	13.55
290.01	-3.8586	21.284	273.57	4.5763	0.35288	311.18	-0.09935	-4.1289	285.29	-63.598	54.706	200.47	-92.206	43.321	205.76	-123.19	13.01
290.88	-2.5762	20.922	273.91	5.08	-0.47833	311.7	0.31562	-5.3066	286.09	-63.065	53.755	201.29	-91.752	42.55	206.5	-122.91	12.168
291.74	-1.1986	21.653	274.37	5.719	-0.86877	312.26	0.88338	-6.1188	286.89	-62.645	52.933	202	-91.29	41.785	207.2	-122.48	11.649
292.35	-0.70487	21.633	274.84	6.2016	-1.1598	312.77	1.5492	-6.5608	287.55	-62.354	52.132	202.6	-90.861	41.057	208.07	-122.61	10.916
293.09	0.076159	21.815	274.99	6.7891	-1.3876	313.04	1.9319	-7.1597	288.11	-62.15	51.463	203.12	-90.526	40.399	208.32	-121.78	10.05
293.89	0.72116	21.934	275.26	7.3432	-1.4225	314.22	2.8821	-6.5521	288.63	-61.932	50.887	203.57	-90.289	39.866	208.74	-121.47	9.4332
294.59	1.2017	22.107	275.49	7.8472	-1.476	314.52	3.2853	-6.8997	289.04	-61.709	50.348	203.97	-90.033	39.423	209.12	-121.11	8.9918
295	1.771	22.149	275.55	8.2518	-1.2858	313.68	2.9222	-8.5272	289.34	-61.474	49.983	204.25	-89.783	39.04	209.36	-120.81	8.5882
295.14	2.4738	22.248	275.56	8.7299	-1.6648	313.73	3.2639	-8.685	289.5	-61.219	49.693	204.39	-89.534	38.772	209.36	-120.56	8.3463
294.93	2.9596	22.242	275.48	9.077	-1.669	314.6	4.3002	-7.524	289.51	-60.928	49.522	204.39	-89.302	38.557	209.49	-120.3	8.129
294.48	3.2121	22.115	275.26	9.3892	-1.8137	314.48	4.7297	-7.5853	289.44	-60.615	49.389	204.33	-89.089	38.391	209.39	-120.1	7.9641
293.85	3.1527	22.062	274.97	9.6502	-2.0999	314.19	5.2108	-7.6543	289.26	-60.151	49.306	204.22	-88.899	38.261	209.28	-119.98	7.8328
293.5	3.3686	21.998	274.86	9.9578	-2.3925	314.3	5.6785	-7.2748	289.06	-59.715	49.393	204.1	-88.697	38.148	209.49	-120.25	7.9194
293.11	3.5983	22.031	274.74	10.064	-2.4237	314.23	5.9028	-7.1993	288.76	-59.469	49.398	203.89	-88.457	38.037	209.12	-119.62	7.8231
293.11	3.5983	22.031	274.55	10.194	-2.6807	292.49	3.3982	21.846	288.43	-59.19	49.454	203.54	-88.215	37.904	208.89	-119.5	7.7859
293.11	3.5983	22.031	274.49	10.21	-2.8923	292.29	2.7744	21.716	288.11	-58.911	49.511	203.17	-88.004	37.855	208.59	-119.4	7.7747
293.11	3.5983	22.031	274.49	10.209	-3.2169	292.26	2.7052	21.719	287.82	-58.702	49.454	202.82	-87.836	37.737	208.4	-119.34	7.8567
293.11	3.5983	22.031	274.43	10.176	-3.4104	292.19	2.6565	21.721	287.55	-58.585	49.518	202.52	-87.667	37.633	208.47	-119.71	7.887
293.11	3.5983	22.031	274.31	10.173	-3.756	292.13	2.6992	21.722	287.24	-58.568	49.511	202.23	-87.516	37.472	207.82	-119.3	7.6723
314.05	6.0821	-7.3202	274.16	10.162	-4.0997	292.06	2.7324	21.718	286.95	-58.635	49.415	201.94	-87.426	37.386	207.61	-119.3	7.73
314.01	5.9521	-7.4254	274	9.9585	-4.1512	292	2.7385	21.695	286.71	-58.654	49.386	201.65	-87.409	37.29	207.41	-119.33	7.7561
314.01	5.9521	-7.4254	273.86	9.9096	-4.4976	291.91	2.7406	21.674	286.45	-58.686	49.321	201.4	-87.434	37.179	207.2	-119.42	7.7724
314.01	5.9521	-7.4254	273.62	9.4929	-5.0542	291.67	2.782	21.671	286.16	-58.736	49.257	201.22	-87.414	37.117	206.85	-119.56	7.6971
314.01	5.9521	-7.4254	273.36	9.1352	-5.5233	291.43	2.8177	21.65	285.89	-58.696	49.215	201	-87.397	37.027	206.64	-119.66	7.7998
313.58	5.1078	-8.402	273.14	8.9147	-5.8477	291.3	2.8168	21.701	285.59	-58.7	49.122	200.71	-87.362	36.897	206.4	-119.76	7.967
313.58	5.1078	-8.402	272.86	8.8058	-5.9685	291.08	2.7137	21.698	285.25	-58.675	49.005	200.41	-87.286	36.778	206.17	-119.88	7.966
313.32	4.3911	-9.4797	272.62	8.5232	-6.4422	290.87	2.6507	21.721	284.91	-58.662	48.846	200.04	-87.262	36.64	205.85	-120.07	8.0394
313.32	4.3911	-9.4797	272.35	8.2687	-7.0503	290.71	2.5526	21.685	284.52	-58.701	48.66	199.67	-87.299	36.533	205.49	-120.25	8.1104
313.2	3.5801	-10.373	272.01	7.9062	-7.5488	290.45	2.4027	21.65	284.13	-58.693	48.446	199.31	-87.347	36.384	205.16	-120.38	8.0816
313.21	3.0619	-11	271.64	7.6136	-8.0422	290.24	2.233	21.747	283.68	-58.681	48.195	198.92	-87.333	36.163	204.69	-120.61	8.0597
313.36	2.5547	-11.578	271.12	7.3522	-8.7039	290.06	2.0278	21.693	283.15	-58.688	47.852	198.45	-87.296	35.897	204.32	-120.74	8.077
313.78	2.0023	-11.912	270.43	7.0085	-9.3171	289.88	1.8753	21.656	282.63	-58.672	47.56	197.9	-87.296	35.631	203.77	-120.96	7.9354
315.48	2.1914	-10.855	269.41	6.722	-10.243	289.85	1.8293	21.716	282.04	-58.73	47.161	197.32	-87.333	35.381	203.59	-121.59	8.1304
315.49	0.53235	-12.304	268.51	6.5855	-10.721	289.75	1.7523	21.745	281.45	-58.821	46.823	196.68	-87.469	35.1	203.01	-121.88	7.8836
316.59	-0.31105	-12.189	267.53	6.3777	-10.983	289.77	1.752	21.745	280.82	-58.997	46.499	196.05	-87.59	34.872	202.16	-121.71	7.6965
317.71	-1.2501	-11.969	266.49	6.1912	-11.134	289.88	1.7255	21.717	280.15	-59.245	46.151	195.39	-87.772	34.685	201.51	-121.93	7.6085
318.88	-2.3099	-11.561	265.3	6.0855	-11.363	289.99	1.6224	21.696	279.42	-59.478	45.954	194.65	-88.044	34.587	200.77	-122.31	7.5585
320.03	-3.4601	-10.912	264.08	6.0998	-11.32	290.14	1.6218	21.669	278.7	-59.745	45.867	193.88	-88.323	34.538	199.98	-122.71	7.5161
321.21	-4.6963	-10.037	262.67	5.9996	-11.121	290.28	1.6436	21.688	277.9	-60.039	45.894	193.05	-88.626	34.62	199.13	-123.04	7.6638
322.39	-6.0701	-8.8976	261.18	5.8222	-10.853	290.35	1.6668	21.711	277.03	-60.419	45.95	192.14	-88.973	34.801	198.37	-123.41	7.9141
323.47	-7.5637	-7.5919	259.62	5.6347	-10.318	290.37	1.6698	21.714	276.09	-60.867	46.15	191.16	-89.381	35.062	197.46	-123.81	8.2973
324.44	-9.1143	-6.0793	257.94	5.4296	-9.7356	290.33	1.6624	21.709	275.07	-61.443	46.441	190.14	-89.853	35.422	196.48	-124.31	8.5866
325.25	-10.782	-4.5239	256.32	5.1522	-8.8578	290.24	1.6598	21.693	274	-62.105	46.829	189.08	-90.39	35.807	195.43	-124.76	8.8956
325.79	-12.433	-2.897	254.62	4.8012	-7.8927	290.08	1.6327	21.674	272.87	-62.887	47.241	187.96	-90.998	36.31	194.29	-125.33	9.3239
325.96	-14.047	-1.3731	252.95	4.5013	-6.9832	289.94	1.6191	21.7	271.71	-63.689	47.757	186.75	-91.661	36.828	193.1	-125.89	9.7244
325.77	-15.543	0.069395	251.27	4.1039	-5.9925	289.84	1.665	21.729	270.45	-64.541	48.379	185.47	-92.361	37.41	191.9	-126.46	10.202
325.17	-16.917	1.4309	249.64	3.6126	-4.9827	289.78	1.6966	21.74	269.09	-65.402	49.078	184.1	-93.086	38.048	190.79	-127.48	10.894
324.37	-18.142	2.8538	248	3.0188	-3.7925	289.79	1.6984	21.731	267.63	-66.26	49.903	182.61	-93.84	38.708	189.04	-127.8	11.233
323.44	-19.339	4.5157	246.36	2.4018	-2.6026	289.86	1.6566	21.712	266.02	-67.144	50.796	181.02	-94.614	39.361	187.55	-128.46	11.777
322.37	-20.568	6.1288	244.68	1.7188	-1.4314	289.96	1.6006	21.704	264.22	-68.099	51.78	179.33	-95.417	40.129	185.95	-129.13	12.402
321.14	-21.832	7.8248	243.01	1.0319	-0.21202	290.07	1.6012	21.673	262.36	-69.014	52.915	177.49	-96.205	40.833	184.28	-129.83	12.993
319.86	-22.998	9.6672	241.24	0.2971	0.94106	290.17	1.6141	21.668	260.33	-69.983	53.961	175.53	-96.994	41.631	182.37	-130.5	13.632
318.29	-24.209	11.416	239.39	-0.43146	2.082	290.24	1.626	21.69	258.18	-70.959	55.12	173.47	-97.769	42.466	180.51	-131.2	14.357
318.29	-24.209	11.416	237.45	-1.2239	3.4223	290.27	1.6232	21.696	255.97	-71.898	56.264	171.26	-98.534	43.292	178.43	-131.88	15.109
314.61	-26.332	14.7	235.47	-2.0301	4.69	290.25	1.6181	21.689	253.62	-72.886	57.439	168.94	-99.322	44.123	176.25	-132.5	15.859
312.44	-27.267	16.167	233.34	-2.7862	5.9657	290.18	1.6156	21.682	251.18	-73.835	58.523	166.53	-100.13	45.005	173.98	-133.25	16.531
310.02	-28.126	17.575	231.11	-3.6321	7.331	290.1	1.5961	21.688	248.65	-74.771	59.637	163.98	-100.95	45.847	171.58	-133.81	17.177
307.48	-28.835	18.916	228.74	-4.3153	8.4613	290.01	1.6012	21.698	245.96	-75.704	60.761	161.32	-101.77	46.709	169.08	-134.47	17.945
304.67	-29.465	20.165	226.23	-5.0709	9.6971	289.94	1.6165	21.709	243.19	-76.612	61.842	158.54	-102.57	47.542	166.52	-135.17	18.604
301.72	-29.913	21.28	223.52	-5.7263	11.005	289.92	1.6249	21.702	240.26	-77.481	62.779	155.66	-103.38	48.401	163.73	-135.81	19.224
298.56	-30.201	22.382	220.57	-6.2277	12.194	289.94	1.6187	21.714	237.26	-78.264	63.711	152.69	-104.21	49.22	160.92	-136.42	19.807
295.15	-30.383	23.318	217.45	-6.6404	13.324	290	1.6027	21.703	234.12	-78.981	64.64	149.63	-105.09	50.018	158.02	-137.02	20.442
291.54	-30.303	24.27	214.17	-7.0351	14.69	290.05	1.614	21.698	230.87	-79.587	65.556	146.48	-105.97	50.793	155.04	-137.65	20.973
287.61	-30.103	24.971	210.91	-7.0801	16.329	290.1	1.6117	21.673	227.68	-79.891	66.623	143.24	-106.82	51.505	151.97	-138.21	21.573
283.49	-29.566	25.768	207.33	-7.1949	17.45	290.13	1.6229	21.675	224.15	-80.39	67.376	139.87	-107.68	52.192	149.05	-139.05	22.205
279.03	-28.958	26.268	203.5	-7.4513	18.674	290.13	1.6227	21.674	220.53	-80.731	68.101	136.41	-108.49	52.819	145.55	-139.41	22.586
274.21	-28.173	26.658	199.55	-7.5166	19.625	290.08	1.6238	21.658	216.78	-81.037	68.756	132.81	-109.33	53.439	142.22	-139.87	22.958
269.17	-27.263	26.993	195.47	-7.5711	20.661	290.03	1.6057	21.688	212.92	-81.253	69.44	129.08	-110.12	53.983	138.87	-140.64	23.476
263.92	-26.209	27.254	191.2	-7.5882	21.651	289.99	1.6122	21.718	208.91	-81.404	70.033	125.28	-110.89	54.529	135.17	-140.95	23.772
258.41	-25.11	27.479	186.83	-7.7014	22.865	289.92	1.6274	21.705	204.73	-81.52	70.656	121.34	-111.62	54.99	131.5	-141.44	24.094
252.69	-23.958	27.513	182.47	-7.5278	23.744	289.91	1.6376	21.724	200.46	-81.539	71.091	117.26	-112.35	55.415	127.75	-141.86	24.424
246.77	-22.638	27.66	177.88	-7.4036	24.347	289.93	1.6201	21.704	196.05	-81.505	71.668	113.11	-113.01	55.809	123.97	-142.25	24.719
240.64	-21.238	27.775	173.23	-7.3806	25.027	289.97	1.6086	21.704	191.56	-81.392	72.103	108.88	-113.66	56.206	119.93	-142.63	24.888
234.2	-19.815	27.727	168.42	-7.2983	25.537	290.02	1.611	21.699	186.93	-81.254	72.599	104.57	-114.27	56.477	115.97	-142.99	25.234
222.51	-14.665	28.621	163.5	-7.1922	25.906	227.47	-18.403	27.537	182.23	-81.045	72.952	100.17	-114.86	56.793	111.93	-143.6	25.381
215.51	-13.256	28.756	158.55	-7.0887	26.247	220.59	-16.93	27.342	177.44	-80.76	73.315	95.747	-115.44	57.085	107.76	-143.73	25.605
290.14	1.6176	21.68	153.5	-6.8924	26.468	NaN	NaN	NaN	172.64	-80.393	73.633	91.24	-115.96	57.208	103.6	-144.23	25.732
290.13	1.6211	21.674	148.45	-6.7685	26.732	NaN	NaN	NaN	167.76	-79.946	73.804	86.719	-116.52	57.407	99.228	-144.4	25.848
290.1	1.6058	21.68	143.21	-6.6667	26.668	NaN	NaN	NaN	162.83	-79.444	73.876	82.154	-117	57.597	94.999	-144.85	25.887
290.07	1.6116	21.707	137.99	-6.4154	26.502	NaN	NaN	NaN	157.88	-78.915	73.901	77.55	-117.55	57.732	90.611	-144.97	25.839
290.04	1.5982	21.701	132.63	-6.185	26.222	NaN	NaN	NaN	152.83	-78.282	73.816	72.971	-117.98	57.801	86.331	-145.31	25.877
290	1.6018	21.701	127.11	-6.0932	25.783	NaN	NaN	NaN	147.83	-77.616	73.671	68.344	-118.49	57.802	81.852	-145.48	25.843
289.96	1.61	21.708	121.58	-5.8561	25.294	166.9	-6.9805	22.222	142.81	-76.878	73.371	63.763	-118.9	57.795	77.47	-145.59	25.708
289.96	1.6049	21.703	115.94	-5.5978	24.76	158.12	-5.684	21.083	137.47	-76.381	72.601	59.142	-119.31	57.617	73.086	-145.92	25.558
289.97	1.6044	21.711	110.23	-5.2786	24.203	NaN	NaN	NaN	132.45	-75.535	72.179	54.574	-119.7	57.544	68.685	-146.03	25.407
289.99	1.6009	21.7	104.46	-4.9341	23.477	NaN	NaN	NaN	127.36	-74.708	71.646	49.966	-120.1	57.39	64.147	-146.09	25.145
290	1.6027	21.703	98.681	-4.6975	22.932	NaN	NaN	NaN	122.29	-73.773	71.092	45.4	-120.47	57.283	59.869	-146.33	24.838
290.01	1.604	21.7	92.813	-4.3677	22.297	NaN	NaN	NaN	117.21	-72.903	70.436	40.871	-120.78	56.998	55.473	-146.46	24.535
290.02	1.6063	21.691	86.9	-4.0428	21.589	NaN	NaN	NaN	112.09	-71.955	69.856	36.355	-121.13	56.775	51.151	-146.52	24.24
290.01	1.614	21.691	80.969	-3.694	20.775	NaN	NaN	NaN	107.01	-71.024	69.207	31.888	-121.41	56.456	46.896	-146.67	23.947
290.01	1.6116	21.702	75	-3.3552	20.091	NaN	NaN	NaN	101.93	-70.064	68.57	27.461	-121.67	56.115	42.658	-146.77	23.578
289.99	1.6147	21.694	69.036	-3.0509	19.462	NaN	NaN	NaN	96.915	-69.157	67.919	23.068	-121.93	55.741	38.503	-146.86	23.186
289.98	1.6154	21.699	62.958	-2.6929	18.522	NaN	NaN	NaN	91.877	-68.282	67.187	18.745	-122.15	55.317	34.399	-147	22.792
289.96	1.6122	21.697	57.104	-2.334	17.847	NaN	NaN	NaN	86.917	-67.468	66.555	14.471	-122.36	54.896	30.36	-147.04	22.3
289.94	1.6188	21.7	51.374	-2.0635	16.967	NaN	NaN	NaN	82.02	-66.679	65.857	10.23	-122.56	54.4	26.407	-147.11	21.789
289.95	1.6221	21.706	45.79	-1.8975	16.179	NaN	NaN	NaN	77.258	-65.932	65.212	6.0778	-122.74	53.901	22.46	-147.28	21.314
289.97	1.6169	21.703	40.362	-1.665	15.26	NaN	NaN	NaN	72.566	-65.281	64.446	1.9824	-122.91	53.362	18.661	-147.3	20.911
289.99	1.6112	21.704	35.149	-1.5347	14.408	NaN	NaN	NaN	67.988	-64.681	63.771	-2.0132	-123.04	52.811	14.926	-147.42	20.269
290.01	1.6134	21.692	30.074	-1.3996	13.515	55.571	3.3801	3.4918	63.551	-64.125	63.086	-5.9178	-123.2	52.231	11.218	-147.52	19.755
290.02	1.6119	21.7	24.678	-0.88291	13.596	50.27	4.0263	4.7333	59.227	-63.58	62.373	-9.6864	-123.36	51.649	7.7332	-147.62	19.163
290.04	1.6008	21.691	19.501	-0.311	14.233	45.547	4.2291	3.7064	55.052	-63.073	61.682	-13.33	-123.53	51.053	4.3575	-147.73	18.664
290.04	1.6031	21.696	14.913	-0.25539	13.347	40.935	4.4166	2.773	51.015	-62.578	60.994	-16.799	-123.67	50.446	1.0669	-147.84	18.098
290.04	1.602	21.693	10.548	-0.24554	12.416	36.489	4.5536	1.8848	47.134	-62.112	60.338	-20.152	-123.83	49.916	-2.024	-147.93	17.541
290.04	1.6008	21.691	6.3849	-0.2109	11.578	32.31	4.6981	1.0218	43.417	-61.655	59.709	-23.385	-123.98	49.353	-5.032	-148.02	17.023
290.04	1.6008	21.691	2.4073	-0.20278	10.699	28.255	4.8078	0.11324	39.819	-61.287	59.073	-26.484	-124.13	48.791	-7.9271	-148.11	16.504
290.04	1.5961	21.686	-1.3035	-0.2014	9.8818	24.521	4.868	-0.68013	36.44	-60.879	58.493	-29.45	-124.28	48.218	-10.704	-148.23	15.984
290.02	1.605	21.692	-4.7836	-0.15601	9.1912	20.969	4.9149	-1.5456	33.194	-60.554	57.895	-32.227	-124.38	47.71	-13.258	-148.31	15.564
290	1.6048	21.707	-8.0437	-0.17275	8.457	17.684	4.9416	-2.2573	30.18	-60.304	57.329	-34.944	-124.52	47.144	-15.832	-148.46	15.014
289.98	1.6095	21.705	-11.094	-0.1971	7.7095	14.657	4.9223	-3.0013	27.338	-60.06	56.814	-37.483	-124.62	46.584	-18.191	-148.55	14.547
289.96	1.6073	21.703	-13.859	-0.2601	6.9882	11.904	4.9317	-3.6439	24.666	-59.907	56.295	-39.883	-124.69	45.978	-20.393	-148.58	14.109
289.94	1.6066	21.705	-16.379	-0.16661	6.4719	9.3042	4.8957	-4.31	22.193	-59.793	55.803	-42.153	-124.76	45.419	-22.504	-148.62	13.473
289.94	1.6164	21.709	-18.706	-0.24797	5.7331	7.0175	4.8516	-4.8926	19.876	-59.712	55.26	-44.271	-124.81	44.816	-24.501	-148.69	12.98
289.95	1.6153	21.705	-20.846	-0.19318	5.2043	4.9108	4.7961	-5.5095	17.704	-59.621	54.761	-46.293	-124.84	44.219	-26.324	-148.75	12.348
289.97	1.6192	21.707	-22.819	-0.20295	4.5048	3.0136	4.7345	-6.111	15.714	-59.558	54.264	-48.161	-124.84	43.578	-28.066	-148.76	11.798
289.98	1.6231	21.703	-24.561	-0.1268	3.9535	1.3147	4.59	-6.7741	13.82	-59.537	53.734	-49.963	-124.87	42.914	-29.654	-148.8	11.28
289.98	1.619	21.692	-26.194	-0.14135	3.2294	-0.25664	4.5231	-7.4183	12.048	-59.485	53.22	-51.622	-124.84	42.293	-31.165	-148.88	10.608
289.99	1.6212	21.708	-27.626	-0.053899	2.7328	-1.6309	4.3905	-8.021	10.432	-59.411	52.757	-53.16	-124.82	41.617	-32.511	-148.87	10.013
289.99	1.6273	21.719	-28.933	-0.03515	2.0112	-2.9263	4.272	-8.7755	8.9	-59.372	52.194	-54.607	-124.79	40.916	-33.796	-148.91	9.4258
289.98	1.6164	21.701	-30.084	-0.016573	1.2587	-4.0253	4.1705	-9.481	7.4506	-59.323	51.7	-55.906	-124.71	40.19	-34.97	-148.91	8.8277
289.98	1.6167	21.703	-31.12	-0.0405	0.41379	-5.0333	4.0552	-10.191	6.1049	-59.258	51.107	-57.144	-124.64	39.445	-36.018	-148.9	8.2627
289.97	1.6093	21.703	-32.063	0.0294	-0.30549	-5.9403	3.9438	-10.921	4.8874	-59.203	50.521	-58.317	-124.56	38.663	-37.037	-148.93	7.6139
289.98	1.6095	21.705	-32.912	-0.0075489	-1.2445	-6.7414	3.8441	-11.679	3.806	-59.154	49.971	-59.355	-124.46	37.926	-37.948	-148.87	7.0152
289.98	1.6011	21.702	-33.342	-1.7605	-6.6856	-7.43	3.7744	-12.466	2.7653	-59.119	49.321	-60.341	-124.36	37.099	-38.79	-148.88	6.3494
289.98	1.6042	21.707	-34.004	-1.7422	-7.5712	-8.0459	3.6811	-13.193	1.8376	-59.072	48.626	-61.277	-124.25	36.261	-39.621	-148.84	5.505
289.99	1.6009	21.7	-34.61	-1.7051	-8.4647	-8.6438	3.6516	-14.005	1.0347	-59.049	47.882	-62.084	-124.14	35.409	-40.286	-148.75	4.8786
290	1.602	21.701	-35.164	-1.6714	-9.3302	-9.171	3.5702	-14.879	0.2953	-59.001	47.147	-62.798	-124.03	34.577	-40.954	-148.71	3.9718
290	1.6052	21.694	-35.677	-1.6372	-10.285	-9.6214	3.5248	-15.794	-0.35818	-58.951	46.329	-63.459	-123.91	33.668	-41.595	-148.66	3.2018
290	1.6061	21.696	-36.035	-1.6093	-11.279	-9.8677	3.4008	-16.629	-1.0011	-58.866	45.634	-64.06	-123.82	32.788	-42.063	-148.59	2.3234
290.01	1.6083	21.699	-36.277	-1.6068	-12.26	-10.064	3.2923	-17.542	-1.6346	-58.805	44.985	-64.612	-123.64	31.928	-42.465	-148.52	1.6065
289.99	1.598	21.696	-36.347	-1.6249	-13.26	-10.116	3.1521	-18.323	-2.3163	-58.711	44.437	-65.165	-123.45	31.061	-42.82	-148.39	0.93243
289.98	1.6046	21.695	-36.441	-1.5398	-13.73	-10.255	3.3401	-18.394	-2.9244	-58.678	44.041	-65.743	-123.23	30.232	-43.097	-148.3	0.42637
289.96	1.6122	21.698	-36.426	-1.3812	-13.866	-10.158	3.3203	-18.495	-3.4078	-58.721	43.916	-66.301	-122.99	29.542	-43.33	-148.18	-0.0018002
289.96	1.6091	21.692	-36.379	-1.307	-13.899	-10.053	3.2802	-18.454	-3.9021	-58.862	43.975	-66.82	-122.81	28.997	-43.578	-148.21	-0.31092
289.93	1.6133	21.704	-36.337	-1.2738	-13.874	-9.9764	3.1687	-18.346	-4.2997	-58.889	44.203	-67.227	-122.74	28.738	-43.681	-148.18	-0.40091
289.92	1.6174	21.699	-36.35	-1.2749	-13.861	-9.9303	3.0529	-18.248	-4.748	-58.815	44.555	-67.504	-122.75	28.709	-43.841	-148.13	-0.26605
289.92	1.6179	21.7	-36.393	-1.2454	-13.84	-9.9142	2.943	-18.083	-5.1179	-58.715	44.85	-67.705	-122.74	28.763	-44.014	-148.06	0.068998
289.94	1.6164	21.694	-36.466	-1.2145	-13.818	-9.9463	2.9978	-17.859	-5.512	-58.573	45.18	-67.885	-122.61	28.845	-44.177	-148.02	0.36353
289.95	1.6246	21.695	-36.544	-1.1635	-13.819	-9.9963	3.0926	-17.648	-5.8408	-58.445	45.395	-68.077	-122.46	28.829	-44.31	-147.91	0.53761
289.96	1.6232	21.703	-36.616	-1.0949	-13.835	-10.012	3.138	-17.484	-6.1396	-58.281	45.576	-68.296	-122.3	28.786	-44.386	-147.82	0.65379
289.97	1.6267	21.696	-36.694	-1.0026	-13.861	-10.057	3.1939	-17.463	-6.3647	-58.121	45.676	-68.511	-122.2	28.741	-44.476	-147.75	0.69182
289.97	1.6221	21.685	-36.778	-0.9085	-13.911	-10.129	3.3002	-17.615	-6.524	-57.985	45.646	-68.672	-122.09	28.629	-44.562	-147.69	0.73361
289.98	1.6261	21.704	-36.833	-0.80559	-13.973	-10.174	3.3885	-17.684	-6.6716	-57.785	45.569	-68.787	-121.97	28.484	-44.647	-147.62	0.6707
289.98	1.6274	21.694	-36.867	-0.72429	-14.038	-10.294	3.5147	-17.689	-6.7802	-57.67	45.401	-68.897	-121.83	28.362	-44.74	-147.56	0.58889
289.98	1.6274	21.694	-36.881	-0.64806	-14.068	-10.299	3.6072	-17.667	-6.8278	-57.585	45.262	-68.996	-121.73	28.226	-44.798	-147.51	0.47421
289.99	1.619	21.692	-36.861	-0.60454	-14.138	-10.319	3.657	-17.696	-6.8301	-57.532	45.198	-69.063	-121.66	28.12	-44.814	-147.49	0.40154
289.99	1.6213	21.696	-36.874	-0.56937	-14.163	-10.325	3.6827	-17.701	-6.828	-57.494	45.159	-69.071	-121.64	28.054	-44.824	-147.48	0.36782
289.99	1.6219	21.696	-36.886	-0.56794	-14.17	-10.313	3.677	-17.696	-6.8144	-57.466	45.136	-69.051	-121.63	28.015	-44.817	-147.49	0.34729
289.99	1.6211	21.696	-36.859	-0.56123	-14.164	-10.312	3.6786	-17.71	-6.7736	-57.459	45.118	-68.999	-121.62	27.985	-44.802	-147.51	0.33472
290	1.6199	21.701	-36.86	-0.57347	-14.17	-10.311	3.666	-17.719	-6.7181	-57.444	45.084	-68.943	-121.63	27.976	-44.782	-147.52	0.32331
289.99	1.6234	21.684	-36.849	-0.59264	-14.181	-10.291	3.6685	-17.72	-6.6408	-57.437	45.017	-68.857	-121.64	27.968	-44.707	-147.55	0.32812
289.99	1.6217	21.694	-36.84	-0.61275	-14.192	-10.28	3.6615	-17.732	-6.5003	-57.448	44.955	-68.762	-121.68	27.924	-44.645	-147.59	0.29686
289.97	1.6313	21.689	-36.836	-0.65543	-14.221	-10.277	3.6391	-17.747	-6.3763	-57.495	44.815	-68.65	-121.75	27.924	-44.579	-147.65	0.25712
289.96	1.6256	21.691	-36.827	-0.67687	-14.212	-10.257	3.6254	-17.758	-6.2004	-57.531	44.68	-68.513	-121.79	27.887	-44.475	-147.71	0.16513
289.95	1.631	21.689	-36.799	-0.71499	-14.214	-10.235	3.605	-17.786	-6.0127	-57.573	44.619	-68.372	-121.85	27.856	-44.365	-147.78	0.06557
289.94	1.6316	21.694	-36.787	-0.77352	-14.24	-10.224	3.5868	-17.82	-5.8091	-57.596	44.518	-68.194	-121.9	27.844	-44.266	-147.85	-0.026392
289.93	1.6272	21.698	-36.773	-0.81948	-14.241	-10.194	3.5539	-17.822	-5.6085	-57.655	44.365	-68.016	-121.97	27.852	-44.207	-147.91	-0.22788
289.93	1.6309	21.698	-36.748	-0.86558	-14.254	-10.169	3.5329	-17.85	-5.3805	-57.734	44.221	-67.842	-122.05	27.863	-44.093	-147.96	-0.30927
289.94	1.6219	21.69	-36.731	-0.90313	-14.244	-10.129	3.5257	-17.843	-5.1702	-57.792	44.096	-67.668	-122.12	27.87	-44.008	-148.03	-0.3939
289.95	1.6158	21.691	-36.716	-0.94732	-14.264	-10.109	3.5119	-17.854	-4.9587	-57.813	44.026	-67.47	-122.19	27.864	-43.925	-148.08	-0.44421
289.96	1.6205	21.684	-36.678	-0.98272	-14.245	-10.098	3.5049	-17.882	-4.7417	-57.854	43.915	-67.257	-122.26	27.874	-43.792	-148.15	-0.49659
289.96	1.6103	21.694	-36.639	-1.0225	-14.239	-10.069	3.4979	-17.886	-4.5574	-57.923	43.753	-67.072	-122.34	27.894	-43.666	-148.18	-0.55624
289.98	1.6126	21.693	-36.598	-1.0488	-14.227	-10.03	3.4972	-17.904	-4.3256	-57.968	43.679	-66.895	-122.4	27.893	-43.58	-148.23	-0.66239
289.98	1.614	21.696	-36.556	-1.0692	-14.202	-10.01	3.5004	-17.923	-4.1053	-57.975	43.636	-66.729	-122.44	27.898	-43.478	-148.27	-0.72837
289.98	1.6115	21.695	-36.515	-1.1013	-14.203	-9.9863	3.4912	-17.945	-3.9136	-57.998	43.569	-66.568	-122.48	27.931	-43.386	-148.29	-0.81009
