138.89	-2.9518	20.203	-38.748	0.79882	-12.933	-13.811	8.4367	-18.646	-3.4089	-53.978	41.458	-60.505	-122.93	26.93	-37.812	-147.64	-3.0404
138.89	-2.9492	20.204	-38.741	0.80258	-12.915	-13.806	8.437	-18.642	-3.4107	-53.978	41.444	-60.503	-122.93	26.944	-37.817	-147.64	-3.0317
138.89	-2.9512	20.188	-38.742	0.80383	-12.928	-13.807	8.4398	-18.641	-3.4111	-53.991	41.438	-60.505	-122.93	26.929	-37.809	-147.63	-3.0378
138.89	-2.9411	20.193	-38.748	0.79708	-12.937	-13.803	8.4401	-18.639	-3.4076	-53.988	41.44	-60.496	-122.92	26.937	-37.817	-147.63	-3.0386
138.89	-2.9513	20.2	-38.751	0.85065	-13.03	-13.807	8.437	-18.644	-3.4076	-53.988	41.44	-60.498	-122.93	26.934	-37.807	-147.63	-3.0485
138.89	-2.9508	20.186	-38.735	0.80618	-12.923	-13.81	8.4369	-18.646	-3.4083	-53.989	41.437	-60.495	-122.92	26.937	-37.796	-147.64	-3.0579
138.88	-2.9435	20.202	-38.742	0.80397	-12.928	-13.812	8.449	-18.64	-3.4024	-53.971	41.45	-60.493	-122.92	26.937	-37.799	-147.63	-3.0686
138.9	-2.9467	20.195	-38.746	0.80137	-12.931	-13.809	8.4533	-18.649	-3.3944	-53.98	41.45	-60.485	-122.92	26.943	-37.804	-147.63	-3.0344
138.89	-2.9536	20.197	-38.737	0.80435	-12.926	-13.806	8.4526	-18.636	-3.39	-53.975	41.441	-60.479	-122.93	26.93	-37.797	-147.62	-3.0673
138.89	-2.9415	20.206	-38.741	0.80117	-12.931	-13.8	8.4557	-18.628	-3.3846	-53.973	41.447	-60.478	-122.93	26.93	-37.798	-147.62	-3.0685
138.88	-2.9435	20.202	-38.74	0.80469	-12.927	-13.803	8.4524	-18.634	-3.39	-53.975	41.441	-60.475	-122.92	26.933	-37.793	-147.62	-3.0628
138.89	-2.9414	20.205	-38.737	0.80435	-12.926	-13.799	8.4431	-18.637	-3.3928	-53.978	41.437	-60.471	-122.92	26.935	-37.795	-147.62	-3.0639
138.89	-2.9467	20.194	-38.74	0.80556	-12.925	-13.811	8.4505	-18.654	-3.3895	-53.975	41.442	-60.476	-122.92	26.932	-37.791	-147.63	-3.0701
138.89	-2.9534	20.196	-38.743	0.80234	-12.93	-13.805	8.4536	-18.647	-3.3811	-53.969	41.449	-60.473	-122.92	26.933	-37.796	-147.63	-3.0734
138.89	-2.9467	20.194	-38.744	0.80151	-12.932	-13.808	8.4521	-18.638	-3.3927	-53.977	41.439	-60.472	-122.92	26.935	-37.791	-147.63	-3.0702
138.89	-2.9386	20.196	-38.739	0.80617	-12.924	-13.806	8.454	-18.649	-3.3914	-53.976	41.44	-60.466	-122.93	26.934	-37.797	-147.62	-3.0673
138.88	-2.9439	20.202	-38.752	0.85005	-13.03	-13.807	8.4537	-18.652	-3.3919	-53.976	41.438	-60.468	-122.93	26.931	-37.791	-147.63	-3.0696
138.89	-2.9389	20.195	-38.739	0.80446	-12.929	-13.81	8.4507	-18.655	-3.3866	-53.972	41.443	-60.471	-122.92	26.935	-37.797	-147.62	-3.082
138.89	-2.9489	20.191	-38.744	0.81456	-12.923	-13.808	8.4537	-18.651	-3.3986	-53.967	41.439	-60.474	-122.93	26.943	-37.788	-147.63	-3.0802
138.89	-2.9388	20.196	-38.744	0.81486	-12.923	-13.811	8.4521	-18.64	-3.4034	-53.971	41.436	-60.481	-122.93	26.927	-37.806	-147.63	-3.0759
138.89	-2.9492	20.205	-38.746	0.81406	-12.923	-13.812	8.4615	-18.632	-3.4086	-53.962	41.439	-60.481	-122.93	26.927	-37.793	-147.63	-3.0829
138.89	-2.9414	20.192	-38.755	0.80879	-12.934	-13.82	8.4581	-18.64	-3.4169	-53.966	41.433	-60.481	-122.93	26.927	-37.793	-147.62	-3.0773
138.88	-2.9431	20.192	-38.751	0.80956	-12.931	-13.819	8.4581	-18.642	-3.4158	-53.952	41.439	-60.481	-122.93	26.927	-37.789	-147.65	-3.0914
138.89	-2.9423	20.204	-38.752	0.81145	-12.929	-13.828	8.4547	-18.647	-3.4125	-53.949	41.443	-60.483	-122.93	26.923	-37.795	-147.64	-3.0747
138.88	-2.9455	20.185	-38.762	0.80345	-12.939	-13.829	8.4669	-18.641	-3.4224	-53.967	41.428	-60.483	-122.93	26.923	-37.796	-147.62	-3.0695
138.89	-2.9487	20.191	-38.763	0.8036	-12.939	-13.825	8.4703	-18.636	-3.4234	-53.956	41.432	-60.471	-122.94	26.928	-37.79	-147.63	-3.0816
138.89	-2.9513	20.201	-38.754	0.80909	-12.93	-13.826	8.47	-18.636	-3.4288	-53.957	41.428	-60.475	-122.94	26.924	-37.786	-147.63	-3.0804
138.89	-2.9487	20.191	-38.76	0.80429	-12.922	-13.829	8.467	-18.641	-3.4215	-53.955	41.448	-60.468	-122.93	26.931	-37.784	-147.64	-3.0716
138.89	-2.9515	20.201	-38.758	0.8059	-12.935	-13.828	8.4672	-18.641	-3.41	-53.96	41.438	-60.464	-122.94	26.926	-37.78	-147.64	-3.0787
138.89	-2.9488	20.19	-38.749	0.79964	-12.935	-13.831	8.4792	-18.632	-3.4091	-53.958	41.426	-60.465	-122.93	26.93	-37.781	-147.64	-3.0838
138.89	-2.9489	20.191	-38.755	0.79568	-12.939	-13.829	8.4668	-18.641	-3.3981	-53.953	41.447	-60.464	-122.94	26.924	-37.776	-147.64	-3.0781
138.89	-2.949	20.191	-38.753	0.80883	-12.932	-13.829	8.467	-18.641	-3.4017	-53.968	41.425	-60.454	-122.94	26.934	-37.772	-147.65	-3.0833
138.9	-2.9468	20.195	-38.745	0.80119	-12.932	-13.825	8.4717	-18.649	-3.3942	-53.961	41.431	-60.457	-122.94	26.931	-37.773	-147.63	-3.0774
138.89	-2.941	20.192	-38.75	0.81152	-12.927	-13.829	8.4671	-18.641	-3.3849	-53.955	41.425	-60.448	-122.93	26.926	-37.779	-147.62	-3.0748
138.9	-2.9467	20.195	-38.752	0.80914	-12.932	-13.817	8.478	-18.642	-3.3839	-53.955	41.44	-60.448	-122.93	26.926	-37.784	-147.63	-3.0796
138.89	-2.9488	20.191	-38.748	0.81139	-12.928	-13.817	8.4782	-18.642	-3.3906	-53.957	41.421	-60.448	-122.93	26.926	-37.777	-147.62	-3.0863
138.89	-2.9467	20.194	-38.749	0.81403	-12.925	-13.832	8.4679	-18.654	-3.3969	-53.95	41.422	-60.453	-122.94	26.923	-37.783	-147.63	-3.0797
138.89	-2.949	20.193	-38.759	0.80582	-12.938	-13.83	8.4809	-18.646	-3.3964	-53.949	41.423	-60.451	-122.92	26.931	-37.789	-147.63	-3.0959
138.89	-2.9488	20.19	-38.757	0.82072	-12.927	-13.829	8.4809	-18.647	-3.3814	-53.952	41.428	-60.459	-122.93	26.935	-37.797	-147.62	-3.083
138.88	-2.9433	20.189	-38.753	0.82299	-12.923	-13.825	8.4841	-18.644	-3.398	-53.951	41.435	-60.457	-122.92	26.925	-37.794	-147.62	-3.0939
138.89	-2.941	20.192	-38.754	0.82346	-12.924	-13.826	8.4839	-18.644	-3.3985	-53.95	41.422	-60.465	-122.93	26.92	-37.794	-147.62	-3.0928
138.89	-2.9409	20.193	-38.759	0.81968	-12.93	-13.826	8.4839	-18.644	-3.3942	-53.947	41.425	-60.454	-122.92	26.941	-37.788	-147.63	-3.0947
138.89	-2.9488	20.19	-38.761	0.81769	-12.931	-13.829	8.4716	-18.654	-3.4062	-53.941	41.421	-60.468	-122.92	26.935	-37.797	-147.62	-3.0962
138.89	-2.9414	20.206	-38.75	0.82495	-12.922	-13.833	8.4776	-18.651	-3.4075	-53.942	41.42	-60.468	-122.93	26.93	-37.801	-147.62	-3.0859
138.89	-2.941	20.192	-38.76	0.82064	-12.928	-13.834	8.4804	-18.651	-3.4049	-53.94	41.422	-60.468	-122.93	26.93	-37.802	-147.62	-3.0867
138.89	-2.9513	20.199	-38.758	0.82015	-12.927	-13.834	8.4804	-18.651	-3.4008	-53.94	41.426	-60.47	-122.92	26.934	-37.801	-147.62	-3.0841
138.88	-2.9535	20.197	-38.755	0.82208	-12.928	-13.829	8.4811	-18.646	-3.3986	-53.937	41.427	-60.467	-122.93	26.932	-37.8	-147.62	-3.0845
138.89	-2.9414	20.206	-38.748	0.81531	-12.926	-13.836	8.4776	-18.656	-3.3929	-53.946	41.425	-60.465	-122.93	26.934	-37.8	-147.62	-3.0853
138.89	-2.9487	20.19	-38.759	0.81877	-12.932	-13.819	8.4753	-18.647	-3.3929	-53.946	41.425	-60.465	-122.93	26.934	-37.796	-147.62	-3.0809
138.88	-2.9441	20.188	-38.754	0.82359	-12.925	-13.838	8.4773	-18.656	-3.3845	-53.942	41.432	-60.463	-122.93	26.934	-37.792	-147.62	-3.0794
138.89	-2.9514	20.2	-38.753	0.82321	-12.926	-13.833	8.4806	-18.651	-3.385	-53.952	41.426	-60.454	-122.92	26.939	-37.789	-147.61	-3.0755
138.89	-2.9493	20.204	-38.76	0.8177	-12.934	-13.833	8.4809	-18.651	-3.3698	-53.945	41.439	-60.45	-122.92	26.942	-37.798	-147.62	-3.0847
138.89	-2.9458	20.196	-38.746	0.81398	-12.923	-13.829	8.4715	-18.654	-3.3672	-53.94	41.415	-60.452	-122.92	26.942	-37.793	-147.62	-3.0789
138.89	-2.9488	20.191	-38.745	0.83011	-12.928	-13.828	8.4715	-18.655	-3.3592	-53.937	41.435	-60.446	-122.92	26.934	-37.796	-147.62	-3.0811
138.89	-2.9489	20.191	-38.745	0.8191	-12.936	-13.812	8.4783	-18.64	-3.3571	-53.936	41.435	-60.446	-122.92	26.934	-37.791	-147.62	-3.0781
138.89	-2.9511	20.187	-38.754	0.82419	-12.939	-13.817	8.4794	-18.658	-3.3499	-53.943	41.436	-60.444	-122.92	26.936	-37.79	-147.62	-3.077
138.89	-2.9467	20.194	-38.753	0.82445	-12.939	-13.817	8.478	-18.645	-3.3535	-53.932	41.426	-60.441	-122.91	26.939	-37.796	-147.62	-3.0951
138.89	-2.9488	20.19	-38.743	0.83087	-12.927	-13.817	8.4796	-18.658	-3.3451	-53.938	41.439	-60.447	-122.92	26.936	-37.799	-147.61	-3.076
138.89	-2.9389	20.196	-38.741	0.83054	-12.913	-13.823	8.479	-18.662	-3.3489	-53.941	41.421	-60.447	-122.92	26.947	-37.802	-147.62	-3.0878
138.89	-2.9467	20.194	-38.743	0.83132	-12.927	-13.81	8.4858	-18.65	-3.3554	-53.933	41.424	-60.446	-122.92	26.936	-37.799	-147.61	-3.0736
138.89	-2.9458	20.196	-38.735	0.8354	-12.907	-13.823	8.479	-18.663	-3.3469	-53.938	41.425	-60.452	-122.91	26.936	-37.801	-147.61	-3.0751
138.88	-2.9435	20.189	-38.754	0.82542	-12.936	-13.815	8.4824	-18.655	-3.3622	-53.936	41.417	-60.459	-122.91	26.944	-37.81	-147.61	-3.0842
138.89	-2.9418	20.206	-38.747	0.83028	-12.929	-13.821	8.4792	-18.663	-3.3576	-53.932	41.422	-60.463	-122.9	26.934	-37.821	-147.61	-3.06
138.88	-2.9433	20.189	-38.753	0.83953	-12.928	-13.822	8.4791	-18.663	-3.3624	-53.936	41.419	-60.467	-122.9	26.933	-37.825	-147.6	-3.083
138.89	-2.951	20.187	-38.747	0.83001	-12.933	-13.824	8.4765	-18.666	-3.3612	-53.936	41.431	-60.47	-122.9	26.931	-37.824	-147.59	-3.0821
138.89	-2.9414	20.206	-38.753	0.84001	-12.928	-13.826	8.476	-18.665	-3.3633	-53.937	41.431	-60.475	-122.89	26.934	-37.828	-147.6	-3.0977
138.88	-2.9434	20.191	-38.755	0.83949	-12.93	-13.814	8.4825	-18.656	-3.3658	-53.927	41.436	-60.484	-122.9	26.926	-37.85	-147.6	-3.0733
138.88	-2.9429	20.189	-38.756	0.83775	-12.933	-13.825	8.4762	-18.665	-3.3616	-53.924	41.438	-60.49	-122.89	26.942	-37.854	-147.6	-3.0492
138.88	-2.9437	20.203	-38.749	0.84192	-12.925	-13.822	8.4791	-18.663	-3.377	-53.92	41.433	-60.495	-122.89	26.936	-37.86	-147.6	-3.0649
138.88	-2.9409	20.191	-38.756	0.83714	-12.919	-13.814	8.4827	-18.653	-3.3776	-53.922	41.43	-60.502	-122.88	26.938	-37.865	-147.59	-3.0745
138.88	-2.9453	20.185	-38.755	0.83897	-12.932	-13.822	8.4793	-18.663	-3.3854	-53.926	41.426	-60.501	-122.88	26.941	-37.87	-147.6	-3.0668
138.89	-2.941	20.192	-38.754	0.84165	-12.929	-13.822	8.4885	-18.658	-3.386	-53.926	41.424	-60.504	-122.88	26.937	-37.872	-147.6	-3.0558
138.88	-2.9436	20.202	-38.756	0.83957	-12.931	-13.826	8.476	-18.668	-3.3819	-53.922	41.428	-60.504	-122.87	26.941	-37.877	-147.59	-3.0631
138.89	-2.941	20.192	-38.754	0.85404	-12.921	-13.812	8.4829	-18.656	-3.3756	-53.918	41.422	-60.496	-122.88	26.944	-37.872	-147.58	-3.0599
138.89	-2.9516	20.201	-38.758	0.85113	-12.926	-13.826	8.4883	-18.66	-3.3623	-53.924	41.438	-60.494	-122.88	26.947	-37.865	-147.59	-3.0582
138.89	-2.95	20.187	-38.754	0.85404	-12.921	-13.812	8.4828	-18.656	-3.3639	-53.94	41.428	-60.483	-122.88	26.947	-37.858	-147.59	-3.0557
138.89	-2.9493	20.204	-38.757	0.85172	-12.923	-13.818	8.4837	-18.674	-3.3491	-53.959	41.441	-60.467	-122.89	26.955	-37.854	-147.59	-3.04
138.9	-2.9568	20.189	-38.776	0.89267	-13.05	-13.839	8.5554	-18.743	-3.3292	-54.001	41.43	-60.442	-122.88	26.97	-37.849	-147.6	-3.0419
138.89	-2.9389	20.195	-38.77	0.82587	-12.934	-13.852	8.5656	-18.759	-3.3144	-54.021	41.442	-60.422	-122.9	26.972	-37.84	-147.6	-3.0212
138.89	-2.9493	20.204	-38.771	0.80623	-12.914	-13.844	8.5678	-18.626	-3.3101	-54.076	41.443	-60.367	-122.92	27.017	-37.822	-147.62	-3.0055
138.89	-2.9488	20.19	-38.785	0.78048	-12.902	-13.91	8.641	-18.579	-3.2872	-54.151	41.461	-60.305	-122.96	27.058	-37.781	-147.63	-2.9907
138.89	-2.949	20.191	-38.8	0.76518	-12.825	-13.95	8.8446	-18.381	-3.2555	-54.248	41.558	-60.222	-123	27.113	-37.745	-147.66	-2.971
138.89	-2.9467	20.194	-38.817	0.75894	-12.546	-14.056	9.1762	-18.084	-3.2173	-54.402	41.726	-60.141	-123.07	27.179	-37.717	-147.67	-2.9436
138.89	-2.9467	20.194	-38.822	0.81026	-11.625	-14.168	9.6564	-17.435	-3.1406	-54.646	41.939	-60.054	-123.15	27.252	-37.676	-147.71	-2.9084
138.89	-2.9467	20.194	-38.857	0.90955	-10.548	-14.127	10.131	-16.399	-2.9308	-54.971	42.219	-59.944	-123.27	27.342	-37.608	-147.76	-2.9122
138.89	-2.9491	20.192	-38.901	0.95877	-9.205	-13.719	10.581	-15.013	-2.67	-55.497	42.63	-59.772	-123.43	27.436	-37.525	-147.82	-2.921
138.89	-2.9494	20.205	-38.978	0.89462	-7.8102	-13.01	11.055	-13.356	-2.2877	-56.143	43.119	-59.502	-123.65	27.612	-37.395	-147.93	-2.9705
138.89	-2.949	20.191	-39.099	0.90927	-6.3079	-11.83	11.567	-11.428	-1.8048	-56.955	43.702	-59.172	-123.95	27.803	-37.251	-148.05	-3.0748
138.89	-2.9467	20.194	-39.117	0.85597	-4.4672	-10.022	12.168	-9.2714	-1.2658	-57.827	44.33	-58.725	-124.28	27.998	-37.072	-148.17	-3.1744
138.9	-2.9463	20.21	-39.018	0.74287	-2.5571	-7.9011	12.765	-6.8775	-0.62008	-58.809	45	-58.243	-124.67	28.197	-36.84	-148.29	-3.2951
138.9	-2.9325	20.205	-38.745	0.58242	-0.62798	-5.6448	13.152	-4.4348	0.10269	-59.822	45.689	-57.741	-125.04	28.376	-36.516	-148.47	-3.3721
138.9	-2.9425	20.202	-38.323	0.37196	1.1525	-3.3529	13.406	-2.0281	0.88748	-60.937	46.325	-57.223	-125.45	28.614	-36.234	-148.66	-3.4356
138.91	-2.9361	20.209	-37.746	0.082583	2.8431	-0.96908	13.434	0.41622	1.7741	-62.108	46.948	-56.592	-125.85	28.889	-35.88	-148.94	-3.5139
138.91	-2.9483	20.204	-36.997	-0.30905	4.6339	1.5328	13.397	2.6093	2.7621	-63.269	47.503	-55.902	-126.28	29.139	-35.525	-149.12	-3.546
138.9	-2.9531	20.21	-36.052	-0.58653	6.161	4.3399	13.19	4.7578	3.8071	-64.44	48.01	-55.136	-126.7	29.389	-34.996	-149.38	-3.6251
138.91	-2.9525	20.213	-34.83	-0.97579	7.8111	7.3638	12.833	6.8833	4.9703	-65.645	48.591	-54.326	-127.13	29.568	-34.397	-149.7	-3.6813
138.92	-2.9576	20.202	-33.586	-1.3721	9.2496	10.609	12.272	8.759	6.079	-66.803	49.188	-53.532	-127.47	29.725	-33.838	-149.74	-3.4631
138.91	-2.9636	20.208	-32.188	-1.7624	10.52	14.081	11.584	10.57	7.1708	-67.933	49.79	-52.728	-127.75	29.887	-32.88	-150.17	-3.2212
138.9	-2.9696	20.216	-30.619	-2.2813	11.593	17.671	10.786	12.433	8.3422	-69.054	50.521	-51.868	-128.02	30.042	-31.86	-150.48	-3.0035
138.9	-2.974	20.21	-28.905	-2.8668	12.56	21.427	9.819	14.319	9.5834	-70.262	51.265	-50.901	-128.36	30.2	-30.803	-151.03	-2.8148
138.9	-2.9822	20.209	-26.993	-3.4626	13.36	25.744	9.0884	16.883	11.332	-71.24	52.412	-49.764	-128.77	30.447	-29.71	-151.57	-2.5125
138.9	-2.986	20.203	-24.917	-4.1453	14.168	29.557	7.81	18.778	12.852	-72.589	53.184	-48.54	-129.22	30.701	-28.531	-152.21	-2.2315
138.9	-2.9869	20.201	-22.67	-4.7784	14.985	33.418	6.4352	20.729	14.529	-74.002	53.963	-47.192	-129.64	30.934	-27.201	-152.75	-1.9216
138.89	-2.9898	20.212	-20.241	-5.6146	16.162	37.395	4.9056	22.769	16.381	-75.496	54.65	-45.697	-130.12	31.203	-25.784	-153.3	-1.7037
138.89	-2.9863	20.205	-17.608	-6.4515	17.402	41.351	3.2976	24.794	18.345	-77.074	55.443	-44.065	-130.63	31.508	-24.263	-153.88	-1.5629
138.89	-2.9924	20.208	-14.822	-7.2677	18.601	45.358	1.5915	26.789	20.52	-78.691	56.114	-42.33	-131.22	31.925	-22.848	-154.37	-1.2463
138.9	-2.9775	20.206	-11.905	-8.1251	19.933	49.384	-0.23558	28.728	22.821	-80.4	56.86	-40.515	-131.82	32.312	-21.278	-154.94	-0.88948
138.9	-2.975	20.207	-8.7681	-9.0152	21.477	53.422	-2.1518	30.45	25.275	-82.102	57.501	-38.586	-132.39	32.819	-19.702	-155.57	-0.60073
138.89	-2.967	20.208	-5.5528	-9.9201	22.924	57.504	-4.1073	32.103	27.849	-83.808	58.164	-36.612	-132.95	33.282	-17.992	-156.12	-0.27048
138.9	-2.963	20.214	-2.1839	-10.738	24.306	61.571	-6.105	33.615	30.496	-85.549	58.868	-34.571	-133.53	33.857	-16.3	-156.62	0.18156
138.9	-2.9584	20.208	1.2829	-11.723	25.793	65.603	-8.1483	34.938	33.256	-87.264	59.447	-32.45	-134.1	34.429	-14.7	-156.91	0.69272
138.91	-2.9535	20.213	4.8222	-12.682	27.2	69.421	-10.315	35.862	36.082	-88.963	59.98	-30.245	-134.67	35.046	-12.864	-157.58	1.0108
138.9	-2.9543	20.211	8.4526	-13.535	28.316	73.745	-12.243	37.087	38.977	-90.617	60.429	-27.956	-135.23	35.62	-11.117	-157.88	1.4291
138.91	-2.9508	20.215	12.177	-14.505	29.549	77.786	-14.289	37.927	41.936	-92.257	60.914	-25.635	-135.77	36.169	-9.2282	-158.38	1.8199
138.91	-2.95	20.216	15.897	-15.341	30.524	81.87	-16.255	38.678	44.907	-93.797	61.351	-23.265	-136.25	36.781	-7.2248	-158.81	2.127
138.92	-2.9453	20.209	19.651	-16.222	31.521	85.61	-18.337	38.992	47.906	-95.232	61.674	-20.865	-136.68	37.286	-5.2523	-159.25	2.5983
138.92	-2.9433	20.213	23.383	-17.027	32.27	89.686	-20.214	39.386	50.882	-96.581	62	-18.43	-137.07	37.861	-3.066	-159.55	2.9791
138.91	-2.9518	20.201	27.064	-17.788	32.754	94.067	-21.858	39.997	53.88	-97.836	62.245	-15.966	-137.38	38.334	-0.91253	-159.89	3.5476
138.9	-2.9616	20.217	30.685	-18.462	33.133	98.166	-23.55	40.188	56.859	-98.918	62.455	-13.478	-137.61	38.822	1.4058	-160.38	3.9056
138.9	-2.9616	20.217	34.292	-19.124	33.45	101.91	-25.349	39.972	59.814	-99.885	62.616	-10.946	-137.81	39.265	3.7075	-160.88	4.3795
138.89	-2.9672	20.209	37.844	-19.785	33.569	106.38	-26.712	40.242	62.851	-100.78	62.741	-8.3483	-137.95	39.682	6.0458	-161.14	4.8168
138.89	-2.9795	20.202	41.352	-20.299	33.466	110.13	-28.335	39.78	65.82	-101.49	62.79	-5.7783	-138.06	40.056	8.3877	-161.37	5.3348
138.89	-2.9821	20.212	44.874	-20.825	33.328	114.71	-29.591	39.907	68.795	-102.15	62.789	-3.1839	-138.1	40.395	10.633	-161.4	5.6817
138.89	-2.9821	20.212	48.329	-21.245	32.982	118.52	-31.078	39.349	71.828	-102.77	62.742	-0.56422	-138.08	40.705	13.077	-161.68	6.1721
138.88	-2.9839	20.208	51.789	-21.681	32.607	122.98	-32.227	39.234	74.862	-103.26	62.588	2.0522	-138.01	40.987	15.511	-161.78	6.6134
138.88	-2.9862	20.205	55.229	-22.038	32.157	127.1	-33.473	38.751	77.884	-103.65	62.369	4.6958	-137.89	41.299	17.692	-161.76	6.9151
138.88	-2.9868	20.206	58.639	-22.35	31.589	130.9	-34.805	37.846	80.909	-103.99	62.106	7.3144	-137.76	41.529	20.113	-161.79	7.2333
138.57	-3.2709	19.718	61.978	-22.545	30.964	134.55	-36.294	36.66	83.921	-104.27	61.801	9.9102	-137.55	41.722	22.597	-161.98	7.5116
138.57	-3.269	19.733	65.221	-22.657	30.228	138.51	-37.397	35.828	86.927	-104.45	61.489	12.488	-137.31	41.884	24.919	-161.99	7.7615
138.57	-3.2593	19.723	68.293	-22.783	29.542	142.82	-38.136	35.392	89.827	-104.54	61.124	15.036	-137.01	42.014	27.303	-161.73	7.9262
138.89	-2.9693	20.206	71.182	-22.733	28.79	146.36	-38.868	34.355	92.675	-104.48	60.711	17.572	-136.72	42.122	29.793	-161.88	8.1302
138.9	-2.9729	20.209	73.816	-22.563	27.946	150.19	-39.311	33.717	95.465	-104.26	60.298	20.079	-136.4	42.152	32.149	-161.84	8.2676
138.9	-2.9627	20.215	76.277	-22.253	27.017	153.44	-39.69	32.692	98.14	-103.83	59.857	22.584	-136.02	42.209	34.521	-161.63	8.3574
138.91	-2.9636	20.208	78.484	-21.87	26.006	156.51	-39.748	31.748	100.68	-103.29	59.478	24.999	-135.58	42.168	36.732	-161.33	8.5753
138.9	-2.9557	20.21	80.502	-21.368	24.92	159.3	-39.502	30.776	103.14	-102.54	59.053	27.346	-135.07	42.119	39.008	-161.02	8.6962
138.9	-2.9582	20.209	82.302	-20.805	23.8	161.79	-39.061	29.708	105.49	-101.62	58.703	29.62	-134.5	42.076	41.426	-161.03	8.9316
138.9	-2.9578	20.206	84.01	-20.274	22.68	163.75	-38.387	28.325	107.74	-100.55	58.28	31.823	-133.88	41.968	43.612	-160.55	9.1258
138.9	-2.9592	20.219	85.536	-19.573	21.35	166.09	-37.268	27.489	109.89	-99.303	57.876	33.987	-133.18	41.833	45.856	-160.31	9.2134
138.9	-2.9599	20.203	86.951	-18.877	20.057	167.86	-36.037	26.2	112.01	-98.001	57.417	36.074	-132.44	41.755	47.947	-159.77	9.4615
138.89	-2.9621	20.201	88.259	-18.009	18.771	169.42	-34.571	24.829	114.03	-96.541	56.965	38.124	-131.64	41.652	49.978	-159.19	9.6644
138.89	-2.9649	20.211	89.427	-17.173	17.557	170.77	-32.969	23.266	116.03	-95.044	56.442	40.066	-130.82	41.512	51.928	-158.58	9.726
138.89	-2.9688	20.204	90.552	-16.229	16.327	171.84	-31.214	21.564	117.97	-93.493	55.87	41.973	-129.94	41.426	53.773	-157.79	9.8297
138.88	-2.9739	20.213	91.581	-15.267	15.127	172.73	-29.387	19.71	119.89	-91.877	55.3	43.784	-129.02	41.35	55.761	-157.24	10.054
138.88	-2.9773	20.208	92.55	-14.221	13.978	173.49	-27.459	17.822	121.73	-90.232	54.678	45.546	-128.06	41.213	57.617	-156.46	10.126
138.87	-2.9794	20.204	93.51	-13.142	12.907	173.98	-25.465	15.786	123.53	-88.544	54.048	47.242	-127.04	41.144	59.139	-155.35	10.178
138.87	-2.972	20.207	94.424	-11.984	11.847	174.35	-23.476	13.819	125.24	-86.88	53.39	48.88	-126.02	41.065	60.933	-154.69	10.219
138.87	-2.9826	20.198	95.353	-10.905	10.875	174.64	-21.515	11.927	126.92	-85.224	52.769	50.474	-124.95	40.94	62.505	-153.6	10.267
138.87	-2.9782	20.208	96.24	-9.7508	9.8874	174.79	-19.589	10.027	128.53	-83.558	52.223	51.997	-123.85	40.843	64.001	-152.57	10.276
138.87	-2.9768	20.207	97.14	-8.5219	8.9638	174.86	-17.653	8.2709	130.04	-81.895	51.677	53.454	-122.76	40.682	65.436	-151.57	10.159
138.88	-2.9758	20.208	98.095	-7.3206	8.0288	174.8	-15.745	6.5806	131.46	-80.275	51.146	54.858	-121.62	40.537	66.908	-150.58	10.125
138.88	-2.9763	20.21	99.072	-6.1696	7.2398	174.55	-13.841	4.9017	132.84	-78.659	50.706	56.207	-120.47	40.394	68.325	-149.46	10.042
138.89	-2.9691	20.205	100.11	-5.0264	6.4079	174.21	-11.951	3.3661	134.15	-77.034	50.278	57.529	-119.34	40.207	69.653	-148.43	9.973
138.89	-2.9693	20.206	101.26	-3.8661	5.4544	173.61	-10.058	1.7353	135.46	-75.402	49.945	58.825	-118.19	40.061	70.977	-147.29	9.7816
138.89	-2.9693	20.205	102.45	-2.6945	4.5385	172.74	-8.1655	0.080774	136.71	-73.736	49.579	60.123	-117.06	39.925	72.319	-146.18	9.7824
138.89	-2.9759	20.206	103.76	-1.5535	3.4627	171.6	-6.2345	-1.586	137.96	-72.072	49.303	61.38	-115.94	39.763	73.609	-144.96	9.6001
138.89	-2.967	20.207	105.16	-0.48081	2.4744	170.23	-4.325	-3.2551	139.22	-70.416	49.064	62.672	-114.85	39.667	75.036	-144.12	9.6768
138.89	-2.9649	20.211	106.74	0.57316	1.3048	168.33	-2.6555	-5.2385	140.47	-68.703	48.851	63.969	-113.77	39.549	76.484	-143.19	9.6828
138.9	-2.9632	20.216	108.52	1.4988	0.19768	166.74	-0.97012	-6.8159	141.74	-67.041	48.629	65.286	-112.76	39.46	77.961	-142.25	9.6607
138.9	-2.9648	20.212	110.46	2.3287	-0.87498	165.1	0.57857	-8.2097	143.03	-65.456	48.529	66.651	-111.77	39.408	79.361	-141.25	9.7211
138.9	-2.9731	20.211	112.54	3.0295	-1.7818	163.98	2.2058	-9.074	144.34	-63.918	48.468	68.042	-110.86	39.379	80.864	-140.45	9.796
138.9	-2.9726	20.21	114.76	3.6554	-2.8499	162.51	3.3699	-10.131	145.41	-62.805	48.051	69.465	-109.99	39.424	82.437	-139.55	9.882
138.77	-3.0176	20.191	117.21	4.1951	-3.7138	161.42	4.4332	-10.887	146.85	-61.57	48.203	70.964	-109.14	39.445	84.028	-138.83	10.064
138.77	-3.0104	20.199	119.73	4.478	-4.2954	160.52	5.2802	-11.498	148.35	-60.485	48.356	72.507	-108.38	39.536	85.568	-137.98	10.15
139.64	-2.5529	20.214	121.02	4.9985	-4.6054	160.58	6.068	-11.549	149.98	-59.613	48.671	74.156	-107.67	39.671	87.293	-137.36	10.29
141.43	-1.6493	20.209	122.73	5.7598	-4.3434	162.31	6.6657	-11.316	151.57	-58.912	49.069	75.87	-107.04	39.945	89.091	-136.75	10.497
143.38	-1.0272	20.324	124.99	6.1842	-4.018	164.38	7.1779	-11.036	153.34	-58.262	49.383	77.657	-106.53	40.225	90.853	-136.2	10.775
145.49	-0.74081	20.523	127.38	6.4628	-4.2395	166.75	7.4915	-10.611	155.32	-57.747	49.832	79.523	-106.07	40.59	92.645	-135.65	11.094
147.21	-1.0885	20.151	129.43	6.174	-4.7757	169.21	7.617	-10.04	157.4	-57.456	50.411	81.419	-105.56	40.992	94.496	-135.11	11.505
149.57	-1.0127	20.737	132.13	6.4301	-4.2071	171.78	7.7889	-9.1707	159.58	-57.359	51.105	83.335	-105.03	41.399	96.338	-134.56	11.867
152.02	-0.95458	21.52	134.87	6.6568	-3.5957	174.45	7.9349	-8.1491	161.89	-57.378	51.782	85.335	-104.54	41.809	98.243	-134.06	12.282
154.64	-0.89735	22.525	137.74	6.8993	-2.5732	177.24	8.0678	-6.9903	164.37	-57.51	52.551	87.532	-104.19	42.275	100.42	-133.82	12.643
157.57	-0.85901	23.72	140.74	7.0657	-1.4368	180.21	8.1712	-5.7199	166.91	-57.735	53.342	89.933	-103.97	42.803	102.6	-133.38	12.989
160.62	-0.95153	24.843	143.88	7.2231	-0.26756	183.3	8.1768	-4.4466	169.61	-58.026	54.225	92.444	-103.82	43.367	104.83	-133.06	13.274
164.42	-0.5889	26.843	147.55	7.6619	1.606	186	7.7968	-3.7052	172.36	-58.393	55.069	94.962	-103.65	43.934	107.26	-132.84	13.705
167.68	-0.83292	28.015	150.99	7.7607	2.7899	189.23	7.5841	-2.5093	175.2	-58.764	55.949	97.518	-103.44	44.558	109.63	-132.59	14.217
171.04	-1.0384	29.266	154.45	7.7728	4.0976	193.2	7.7227	-0.60126	178.1	-59.15	56.872	100.11	-103.24	45.203	112.05	-132.38	14.702
174.36	-1.3157	30.466	157.89	7.7103	5.2811	196.04	7.1938	0.028647	181.02	-59.528	57.797	102.77	-103.08	45.861	114.56	-132.17	15.257
177.75	-1.5164	31.722	161.39	7.7109	6.5494	200.09	7.3516	2.021	183.96	-59.908	58.76	105.47	-102.92	46.506	117.12	-131.96	15.831
181.1	-1.7495	32.876	164.81	7.6536	7.7429	203.55	7.1588	3.278	186.88	-60.243	59.767	108.19	-102.74	47.138	119.7	-131.76	16.426
184.5	-1.9704	34.035	168.32	7.6411	8.9374	207.06	6.9738	4.485	189.75	-60.533	60.658	110.93	-102.53	47.731	122.2	-131.41	16.961
187.9	-2.118	35.136	171.39	7.2297	9.1537	210.54	6.7805	5.6322	192.65	-60.754	61.63	113.68	-102.27	48.338	124.88	-131.26	17.568
191.3	-2.2676	36.128	175.22	7.4794	10.6	214.09	6.6154	6.8565	195.55	-60.895	62.601	116.41	-102.01	48.903	127.67	-131.24	18.264
194.72	-2.4042	37.042	178.44	7.1145	10.945	217.08	6.0711	7.0931	198.41	-60.983	63.556	119.18	-101.72	49.466	130.39	-131.09	18.912
198.14	-2.4682	37.903	181.99	6.9726	11.746	221.23	6.2147	8.6631	201.31	-61.019	64.467	121.94	-101.37	49.983	133.05	-130.71	19.442
201.53	-2.5383	38.6	185.54	6.9081	12.433	224.8	5.9927	9.4547	204.18	-61.044	65.282	124.7	-101.01	50.403	135.79	-130.51	20.065
204.91	-2.6098	39.214	189.1	6.8754	12.775	227.91	5.5294	9.6258	207.07	-60.996	66.054	127.49	-100.59	50.868	138.66	-130.54	20.722
208.35	-2.6646	39.765	192.65	6.7899	13.093	231.98	5.6226	10.785	210	-60.905	66.757	130.31	-100.17	51.278	141.33	-130.08	21.289
211.69	-2.7256	40.111	196.21	6.6684	13.536	235.6	5.4299	11.293	212.93	-60.851	67.358	133.13	-99.739	51.661	144.16	-129.84	21.854
215.11	-2.7532	40.473	199.75	6.6616	13.643	239.18	5.2511	11.692	215.96	-60.774	67.819	135.98	-99.309	52.039	146.91	-129.66	22.374
218.54	-2.8535	40.73	203.26	6.5553	13.927	242.68	5.0674	12.005	219.03	-60.726	68.231	138.86	-98.888	52.387	149.75	-129.58	22.852
221.99	-2.9095	40.989	206.76	6.4722	14.21	246.16	4.9114	12.2	222.14	-60.709	68.577	141.76	-98.474	52.697	152.53	-129.27	23.249
225.43	-2.9348	41.195	210.13	6.5009	14.305	249.6	4.7708	12.343	225.2	-60.747	68.738	144.65	-98.092	52.951	155.05	-128.72	23.521
228.83	-3.0388	41.314	213.48	6.4581	14.588	252.97	4.6174	12.377	228.32	-60.763	68.86	147.54	-97.711	53.194	157.68	-128.4	23.816
232.19	-3.1169	41.356	216.76	6.4396	14.468	255.67	4.1551	11.685	231.42	-60.802	68.884	150.39	-97.354	53.388	160.36	-128.06	23.968
235.46	-3.2159	41.344	219.99	6.4262	14.672	258.97	4.1067	11.748	234.41	-60.863	68.8	153.18	-97.001	53.526	162.86	-127.83	24.091
238.67	-3.317	41.301	223.14	6.39	14.876	262.61	4.296	12.237	237.38	-60.898	68.734	155.92	-96.658	53.591	165.25	-127.46	24.068
241.81	-3.3903	41.191	226.23	6.4453	14.683	265.76	4.2081	12.172	240.22	-60.964	68.596	158.58	-96.285	53.593	167.72	-127	24.11
244.88	-3.4078	41.158	229.26	6.4758	14.587	268.78	4.1284	12.047	242.98	-61.019	68.429	161.16	-95.908	53.524	170.04	-126.63	23.936
247.8	-3.4899	40.989	232.21	6.4655	14.534	271.78	3.9752	11.854	245.63	-61.063	68.215	163.66	-95.518	53.381	172.37	-126.39	23.743
250.68	-3.5201	40.709	235.14	6.3848	14.223	274.8	3.9167	11.751	248.2	-61.067	67.991	166.08	-95.109	53.177	174.78	-126.33	23.669
253.44	-3.557	40.459	237.97	6.3238	13.972	277.49	3.7099	11.327	250.64	-61.018	67.731	168.4	-94.665	52.941	176.95	-125.95	23.52
256.09	-3.578	40.066	240.7	6.3595	13.453	279.88	3.3589	10.565	253.02	-60.963	67.48	170.62	-94.242	52.635	178.8	-125.32	23.108
258.58	-3.6101	39.578	243.33	6.3867	12.984	283.03	3.523	10.789	255.23	-60.921	67.09	172.76	-93.773	52.325	180.77	-124.97	22.895
261.03	-3.6061	39.133	245.87	6.2992	12.467	285.57	3.386	10.347	257.42	-60.81	66.754	174.81	-93.306	51.951	182.73	-124.64	22.572
263.36	-3.571	38.589	248.3	6.3408	11.818	288.02	3.2851	9.8835	259.5	-60.711	66.349	176.77	-92.854	51.563	184.74	-124.59	22.386
265.58	-3.5728	38.024	250.62	6.339	11.036	290.35	3.2005	9.3446	261.5	-60.607	65.897	178.66	-92.412	51.181	186.34	-123.98	21.985
267.7	-3.5223	37.464	252.79	6.3205	10.585	292.03	2.8663	8.22	263.43	-60.513	65.388	180.47	-91.986	50.767	188.12	-123.95	21.628
269.74	-3.4599	36.809	254.83	6.3664	9.8486	294.11	2.841	7.628	265.3	-60.393	64.856	182.21	-91.572	50.335	189.48	-123.21	21.142
271.62	-3.4327	36.138	256.75	6.4279	9.2676	296.02	2.8031	6.951	267.09	-60.261	64.299	183.86	-91.172	49.896	191.25	-123.26	20.926
273.5	-3.3147	35.595	258.55	6.5209	8.6384	298.27	3.0862	6.81	268.76	-60.191	63.631	185.41	-90.803	49.447	192.38	-122.57	20.366
275.17	-3.2409	34.897	260.21	6.6776	8.0085	299.93	3.1389	6.0875	270.38	-60.062	63.018	186.89	-90.435	48.977	193.69	-122.28	19.839
276.79	-3.1524	34.253	261.79	6.7492	7.3731	301.53	3.2238	5.4239	271.9	-59.91	62.376	188.32	-90.053	48.513	195.15	-122.34	19.474
278.27	-3.0216	33.541	263.26	6.8951	6.6449	303.04	3.3305	4.6748	273.32	-59.727	61.712	189.62	-89.696	48.002	196.29	-122.03	18.988
279.7	-2.8503	32.842	264.64	7.0733	5.9457	304.39	3.4183	3.9341	274.62	-59.555	60.985	190.84	-89.347	47.448	197.4	-121.69	18.437
280.99	-2.7087	32.067	265.92	7.1478	5.3293	305.72	3.5441	3.1655	275.84	-59.331	60.296	192	-88.982	46.879	198.18	-121.04	17.798
282.24	-2.5095	31.294	267.12	7.284	4.4877	306.51	3.4022	1.7323	276.99	-59.073	59.554	193.09	-88.587	46.272	199.44	-121.1	17.368
283.33	-2.3353	30.369	268.25	7.4362	3.6001	307.62	3.5227	0.84262	278.06	-58.788	58.847	194.09	-88.2	45.668	200.11	-120.38	16.894
284.42	-2.0424	29.541	269.29	7.6084	2.5972	309.15	3.9539	0.50573	279.03	-58.476	58.08	195	-87.793	45.019	201.06	-120.04	16.218
285.34	-1.8199	28.513	270.2	7.7851	1.6515	310.12	4.0918	-0.47877	279.91	-58.097	57.266	195.83	-87.429	44.322	201.73	-119.81	15.57
286.19	-1.5876	27.398	271.05	7.8591	0.46513	310.99	4.2737	-1.5328	280.77	-57.675	56.442	196.65	-86.992	43.642	202.52	-119.51	15.086
286.46	-1.7755	25.468	271.78	8.0221	-0.80743	311.24	4.1045	-3.4058	281.5	-57.249	55.518	197.34	-86.596	42.867	203.16	-119.31	14.421
287.62	-0.94202	25.042	272.42	8.19	-2.1584	312.47	4.5691	-3.9473	282.16	-56.797	54.545	198	-86.224	42.138	203.87	-119.02	13.892
287.7	-1.1758	22.785	272.99	8.1693	-3.5038	312.82	4.5155	-5.7335	282.85	-56.245	53.617	198.64	-85.783	41.412	204.64	-119.28	13.391
288.17	-0.89897	21.263	273.46	8.2786	-5.0311	313.56	4.8421	-6.824	283.44	-55.747	52.562	199.16	-85.416	40.616	205.01	-118.56	12.816
289.86	-0.24885	21.026	273.65	8.5432	-6.0649	313.91	4.7689	-8.6719	284.01	-55.3	51.468	199.65	-85.057	39.805	205.4	-118.38	12.146
292.34	0.52895	21.698	274.02	8.911	-6.2958	313.91	4.4417	-10.795	284.58	-55.107	50.417	200.07	-84.691	39.05	205.79	-118.22	11.493
292.33	0.54446	21.62	274.38	9.2096	-6.5618	314.97	4.9934	-10.692	285.14	-55.129	49.387	200.43	-84.411	38.285	206.09	-118.07	10.789
292.27	0.90442	21.653	274.17	9.6148	-6.9693	314.28	4.7063	-12.472	285.71	-55.264	48.52	200.74	-84.263	37.626	206.33	-117.94	10.075
292.62	1.4052	21.774	274.14	9.9276	-7.2665	315.19	5.2665	-12.158	286.17	-55.479	47.755	201.05	-84.312	37.057	206.54	-117.86	9.3558
292.88	1.7547	21.835	274.14	10.241	-7.2134	315.34	5.3288	-12.72	286.51	-55.735	46.996	201.38	-84.432	36.571	206.95	-118.21	8.9016
292.99	1.8325	21.87	274.1	10.366	-7.232	315.39	5.2588	-13.226	286.81	-55.947	46.416	201.64	-84.56	36.077	206.79	-117.76	8.1997
292.89	1.7145	21.825	274.02	10.462	-7.3023	315.6	5.4498	-13.131	286.9	-56.064	46.075	201.78	-84.643	35.778	207.07	-118.18	7.8931
292.73	1.4912	21.78	273.91	10.502	-7.4096	315.58	5.3591	-13.222	286.82	-56.169	45.969	201.74	-84.662	35.529	206.77	-117.79	7.4497
292.59	1.2663	21.734	273.85	10.398	-7.4836	315.57	5.2477	-13.161	286.63	-56.255	46.014	201.54	-84.621	35.325	206.49	-117.86	7.2163
292.48	1.1451	21.699	273.76	10.22	-7.3973	315.57	5.0659	-13.105	286.36	-56.343	46.082	201.29	-84.563	35.203	206.3	-117.88	7.2088
292.36	1.0674	21.679	273.7	10.058	-7.4776	315.58	4.9027	-12.995	286.02	-56.424	46.201	201	-84.539	35.125	206.14	-117.89	7.1857
292.14	0.9956	21.679	273.63	9.8591	-7.7045	315.65	4.779	-12.803	285.72	-56.441	46.368	200.72	-84.56	35.048	205.8	-117.93	7.1771
292.15	0.9854	21.665	273.48	9.6601	-7.4495	315.71	4.6153	-12.587	285.38	-56.492	46.472	200.43	-84.564	34.989	205.47	-118.04	7.1675
292.1	0.94248	21.659	273.32	9.4445	-7.394	315.76	4.4662	-12.471	285	-56.57	46.491	200.12	-84.535	34.91	205.2	-118.01	7.2333
292.05	0.898	21.648	273.13	9.3369	-7.5513	315.82	4.247	-12.386	284.64	-56.633	46.573	199.76	-84.498	34.775	204.81	-118.06	7.1643
292.02	0.86632	21.642	272.84	9.1804	-7.4722	315.95	3.9985	-12.241	284.22	-56.772	46.598	199.36	-84.434	34.663	204.43	-118.05	7.1621
292.03	0.82875	21.646	272.46	8.9902	-7.5242	316.29	3.6918	-11.989	283.79	-56.949	46.521	198.93	-84.408	34.539	203.97	-118.12	7.0401
292.13	0.83367	21.665	271.99	8.7928	-7.8801	316.85	3.2622	-11.677	283.32	-57.106	46.527	198.48	-84.411	34.436	203.58	-118.11	7.0558
292.26	0.84041	21.661	271.15	8.4945	-8.3529	317.84	2.6545	-11.422	282.81	-57.175	46.436	198.03	-84.444	34.31	203.31	-118.71	7.0456
292.35	0.86433	21.67	270.15	8.4012	-8.8808	319.06	1.8958	-11.28	282.25	-57.127	46.176	197.55	-84.519	34.144	202.67	-118.39	6.8965
292.39	0.88694	21.685	269.02	8.2984	-9.192	320.28	1.0709	-11.185	281.76	-57.084	45.859	197.03	-84.585	33.984	202.1	-118.62	6.8546
292.39	0.87231	21.674	267.65	8.3444	-9.5594	321.43	0.27789	-10.936	281.23	-57.082	45.567	196.49	-84.613	33.85	201.63	-118.73	6.865
292.48	0.94749	21.728	266.49	8.488	-9.5321	322.56	-0.49452	-10.423	280.64	-57.165	45.314	195.88	-84.718	33.776	201	-118.99	6.8147
292.38	0.92642	21.716	265.31	8.447	-9.5906	323.51	-1.3658	-9.9503	280	-57.337	45.1	195.23	-84.956	33.713	200.54	-119.17	6.8116
292.25	0.91167	21.715	264.19	8.355	-9.5637	324.44	-2.2912	-9.302	279.39	-57.523	44.966	194.63	-85.277	33.731	199.84	-119.54	6.8641
292.1	0.91142	21.7	263.1	8.1957	-9.2782	325.11	-3.3137	-8.7013	278.74	-57.775	44.98	193.99	-85.616	33.778	199.18	-119.89	6.8749
292	0.94371	21.733	262.01	8.029	-9.1074	325.78	-4.241	-7.7303	277.99	-58.101	45.003	193.32	-85.925	33.851	198.57	-120.2	7.0417
291.95	0.97802	21.75	260.91	7.8567	-9.0593	326.36	-5.2539	-6.6505	277.19	-58.521	45.186	192.55	-86.258	34.05	197.74	-120.57	7.1554
291.94	0.98242	21.746	259.72	7.6112	-8.7937	326.92	-6.4753	-5.5515	276.39	-58.988	45.401	191.69	-86.645	34.34	196.94	-121.06	7.4506
291.98	0.96756	21.738	258.56	7.1838	-7.9735	327.56	-7.8511	-4.1533	275.5	-59.548	45.752	190.79	-87.082	34.659	196.11	-121.4	7.7556
292.07	0.93668	21.709	257.34	6.8944	-7.398	328.18	-9.3079	-2.6639	274.54	-60.25	46.098	189.81	-87.554	35.025	195.41	-122.24	8.3034
292.17	0.90983	21.713	256.08	6.5516	-6.5848	328.66	-10.84	-1.0654	273.52	-61.026	46.548	188.8	-88.113	35.488	194.18	-122.31	8.4577
292.25	0.92449	21.723	254.74	6.2115	-5.7065	329.07	-12.388	0.62985	272.45	-61.875	46.966	187.72	-88.692	35.949	193.07	-122.78	8.8928
292.3	0.93229	21.726	253.39	5.7946	-4.6749	329.23	-14.004	2.2083	271.32	-62.774	47.465	186.57	-89.348	36.537	191.94	-123.29	9.2303
292.33	0.92607	21.722	251.96	5.4197	-3.5735	329.18	-15.576	3.7443	270.12	-63.736	47.992	185.33	-90.054	37.102	190.57	-123.89	9.5952
292.31	0.92501	21.723	250.49	4.9996	-2.3902	328.9	-17.079	5.306	268.81	-64.713	48.521	183.99	-90.783	37.711	189.2	-124.38	10.003
292.27	0.9171	21.733	249.29	4.941	-0.65543	328.35	-18.518	6.7472	267.56	-65.49	49.528	182.58	-91.477	38.35	187.82	-124.89	10.407
292.19	0.90471	21.713	247.77	4.4761	0.69878	327.49	-19.98	8.0368	266.06	-66.467	50.201	180.98	-92.186	38.986	186.17	-125.41	10.851
292.1	0.89923	21.707	246.18	3.9282	1.9634	326.35	-21.246	9.3165	264.36	-67.474	50.97	179.27	-92.864	39.693	184.81	-126.24	11.524
292.05	0.91709	21.733	244.57	3.3261	3.1544	324.99	-22.37	10.546	262.54	-68.466	51.809	177.42	-93.53	40.377	182.78	-126.38	11.801
292.03	0.91843	21.725	242.9	2.742	4.4152	323.32	-23.331	11.679	260.61	-69.399	52.66	175.46	-94.205	41.114	180.89	-126.92	12.317
292.05	0.9166	21.732	241.07	2.1073	5.6235	321.43	-24.138	12.824	258.58	-70.267	53.582	173.4	-94.853	41.8	178.88	-127.4	12.809
292.11	0.89	21.705	239.2	1.619	6.7613	319.27	-24.842	13.939	256.37	-71.124	54.464	171.2	-95.525	42.552	176.87	-127.93	13.343
292.18	0.88155	21.716	237.19	0.96433	8.1464	316.93	-25.372	15.078	254	-71.966	55.409	168.89	-96.208	43.289	174.67	-128.41	13.936
292.23	0.90324	21.734	234.99	0.44065	9.4839	314.43	-25.792	16.24	251.53	-72.746	56.366	166.43	-96.881	43.99	172.46	-128.84	14.505
292.24	0.90111	21.727	232.75	0.025916	10.779	311.73	-26.089	17.328	248.93	-73.458	57.293	163.86	-97.561	44.705	170.04	-129.37	14.935
292.22	0.90897	21.732	230.33	-0.46583	12.227	308.83	-26.305	18.417	246.15	-74.156	58.251	161.16	-98.236	45.41	167.76	-130.12	15.68
292.16	0.89299	21.711	227.75	-0.76434	13.376	305.74	-26.342	19.458	243.29	-74.768	59.118	158.34	-98.911	46.101	164.89	-130.22	16.007
292.1	0.89538	21.714	225.05	-1.1274	14.795	302.35	-26.371	20.255	240.26	-75.337	60.038	155.43	-99.567	46.796	162.21	-130.69	16.548
292.06	0.91284	21.725	222.16	-1.3294	15.895	298.9	-26.139	21.194	237.15	-75.821	60.822	152.39	-100.21	47.451	159.44	-131.11	16.936
292.07	0.92088	21.698	219.11	-1.6819	17.218	295.2	-25.846	22.011	233.88	-76.273	61.645	149.24	-100.85	48.058	156.55	-131.6	17.493
292.09	0.90319	21.702	215.9	-1.8541	18.349	291.24	-25.462	22.695	230.53	-76.638	62.288	145.99	-101.52	48.674	153.54	-131.94	17.956
292.15	0.89461	21.706	212.54	-1.9857	19.542	287.18	-24.94	23.338	227.01	-76.984	63.047	142.64	-102.16	49.24	150.58	-132.62	18.428
292.19	0.9037	21.726	209.01	-2.0708	20.63	282.88	-24.307	23.842	223.45	-77.198	63.585	139.21	-102.82	49.791	147.15	-132.69	18.753
292.19	0.90583	21.713	205.33	-2.0289	21.457	278.42	-23.568	24.334	219.76	-77.398	64.076	135.68	-103.43	50.286	143.97	-133.09	19.178
292.17	0.90009	21.706	201.58	-2.1157	22.381	273.72	-22.706	24.618	216	-77.588	64.713	132.07	-104.06	50.751	140.56	-133.4	19.422
292.12	0.90021	21.706	197.65	-2.0381	23.165	268.81	-21.791	24.793	212.17	-77.665	65.062	128.35	-104.69	51.198	137.06	-133.71	19.691
292.09	0.9037	21.729	193.65	-1.9803	24	263.75	-20.796	24.952	208.22	-77.74	65.396	124.59	-105.31	51.611	133.52	-134.05	19.926
292.1	0.89824	21.704	189.54	-1.8152	24.667	258.49	-19.636	25.009	204.2	-77.719	65.714	120.72	-105.92	51.989	130.03	-134.57	20.183
292.13	0.89226	21.704	185.3	-1.7707	25.335	252.93	-18.468	24.981	200.1	-77.669	65.995	116.77	-106.53	52.31	126.2	-134.68	20.343
292.16	0.89552	21.717	181.03	-1.6256	25.902	247.2	-17.23	24.889	195.9	-77.569	66.279	112.8	-107.12	52.67	122.56	-135.16	20.546
292.18	0.89077	21.72	176.71	-1.5351	26.38	241.26	-15.861	24.803	191.61	-77.395	66.525	108.72	-107.7	52.968	118.65	-135.41	20.661
292.17	0.89473	21.715	172.27	-1.4843	26.825	235.02	-14.444	24.615	187.23	-77.166	66.772	104.59	-108.28	53.166	114.68	-135.51	20.775
292.14	0.88642	21.706	167.79	-1.3348	27.104	228.58	-12.943	24.379	182.75	-76.894	66.951	100.41	-108.8	53.371	110.75	-135.8	20.826
292.11	0.89909	21.706	163.22	-1.2802	27.294	NaN	NaN	NaN	178.25	-76.568	67.123	96.204	-109.32	53.559	106.86	-136.23	20.857
292.11	0.89414	21.708	158.49	-1.0875	27.264	NaN	NaN	NaN	173.66	-76.163	67.264	91.929	-109.85	53.699	102.77	-136.36	21.006
292.12	0.89021	21.701	153.65	-1.0323	27.33	NaN	NaN	NaN	169.03	-75.693	67.396	87.625	-110.34	53.85	98.736	-136.59	21.048
292.15	0.89111	21.715	148.72	-0.86959	27.027	NaN	NaN	NaN	164.33	-75.153	67.478	83.282	-110.86	53.922	94.704	-136.99	20.994
292.14	0.88938	21.711	143.66	-0.7553	26.928	NaN	NaN	NaN	159.6	-74.56	67.554	78.957	-111.34	53.977	90.587	-137.22	21.109
292.14	0.88878	21.723	138.48	-0.52948	26.645	NaN	NaN	NaN	154.8	-73.945	67.584	74.576	-111.83	53.987	86.472	-137.5	20.953
292.12	0.89514	21.712	133.17	-0.31096	26.184	NaN	NaN	NaN	149.98	-73.291	67.575	70.233	-112.3	53.997	82.361	-137.74	20.91
292.1	0.899	21.705	127.83	-0.053897	25.832	NaN	NaN	NaN	144.94	-72.82	67.144	65.846	-112.79	53.953	78.157	-137.88	20.712
292.11	0.89375	21.709	122.42	0.15604	25.374	NaN	NaN	NaN	140.06	-72.075	67.001	61.494	-113.21	53.815	74.099	-138.22	20.657
292.13	0.89087	21.701	116.91	0.41604	24.973	NaN	NaN	NaN	135.18	-71.32	66.762	57.13	-113.67	53.688	70.012	-138.5	20.422
292.14	0.88978	21.71	111.25	0.67326	24.335	NaN	NaN	NaN	130.32	-70.478	66.547	52.807	-114.14	53.602	65.887	-138.67	20.202
292.13	0.89242	21.705	105.56	0.95689	23.806	NaN	NaN	NaN	125.47	-69.615	66.282	48.544	-114.58	53.404	61.818	-138.97	20.051
292.12	0.89743	21.714	99.768	1.2203	23.109	NaN	NaN	NaN	120.62	-68.784	65.888	44.29	-115.09	53.278	57.866	-139.25	19.882
292.12	0.89743	21.714	93.924	1.474	22.432	NaN	NaN	NaN	115.71	-67.862	65.485	40.119	-115.52	53.064	53.832	-139.61	19.56
292.13	0.89299	21.704	88.149	1.7351	21.811	NaN	NaN	NaN	110.86	-66.993	65.042	35.946	-115.97	52.918	49.901	-139.86	19.382
292.14	0.88584	21.704	82.301	1.9832	21.092	NaN	NaN	NaN	106.09	-66.17	64.632	31.83	-116.42	52.638	45.927	-140.15	19.148
292.14	0.89127	21.7	76.234	2.2103	20.386	101.48	7.2114	10.737	101.33	-65.351	64.21	27.756	-116.86	52.433	42.052	-140.4	18.909
292.13	0.89628	21.71	70.098	2.5576	19.652	95.322	7.7466	10.029	96.544	-64.623	63.717	23.712	-117.28	52.169	38.209	-140.68	18.666
292.14	0.88888	21.709	64.211	2.7634	19.091	89.312	8.2611	9.1335	91.826	-63.935	63.22	19.691	-117.7	51.847	34.353	-140.97	18.331
292.13	0.89562	21.71	58.562	2.961	18.39	83.537	8.6043	8.4002	87.167	-63.262	62.679	15.758	-118.12	51.532	30.629	-141.22	17.973
292.14	0.89077	21.712	53.063	3.0815	17.874	77.641	9.2204	9.7849	82.621	-62.682	62.161	11.852	-118.47	51.152	26.901	-141.47	17.583
292.14	0.89097	21.711	47.641	3.1815	17.092	72.135	9.4792	8.8982	78.142	-62.158	61.612	8.0131	-118.79	50.741	23.29	-141.78	17.152
292.13	0.89628	21.71	42.431	3.239	16.437	66.835	9.7545	8.1577	73.772	-61.683	60.994	4.2242	-119.12	50.291	19.743	-142.05	16.792
292.14	0.88643	21.706	37.304	3.318	15.594	61.705	9.9741	7.359	69.557	-61.183	60.394	0.54344	-119.45	49.868	16.277	-142.29	16.4
292.14	0.89076	21.713	32.368	3.3425	14.883	56.589	10.104	6.3647	65.369	-60.729	59.778	-3.0356	-119.76	49.436	12.94	-142.59	15.877
292.13	0.89612	21.709	27.572	3.3027	14.178	51.76	10.273	5.5023	61.35	-60.264	59.123	-6.4525	-120.05	48.959	9.7231	-142.86	15.513
292.13	0.89283	21.704	22.965	3.3061	13.357	47.112	10.369	4.6165	57.435	-59.82	58.523	-9.7816	-120.34	48.48	6.6243	-143.09	15.064
292.13	0.89381	21.707	18.545	3.246	12.533	42.631	10.518	3.7466	53.622	-59.379	57.89	-13.009	-120.63	47.975	3.6184	-143.36	14.596
292.13	0.89537	21.708	14.266	3.1719	11.589	38.271	10.553	2.7301	49.973	-58.963	57.304	-16.115	-120.88	47.452	0.73101	-143.61	14.186
292.13	0.89471	21.708	10.191	3.1209	10.705	34.171	10.677	1.8252	46.47	-58.567	56.734	-19.062	-121.13	46.996	-2.0064	-143.83	13.794
292.13	0.89087	21.701	6.332	3.0369	9.8049	30.244	10.671	0.95076	43.059	-58.199	56.119	-21.935	-121.38	46.446	-4.6434	-144.08	13.305
292.12	0.88781	21.696	2.6475	2.9186	8.9459	26.514	10.695	0.023343	39.804	-57.864	55.502	-24.635	-121.62	45.926	-7.1688	-144.33	12.806
292.13	0.89241	21.717	-0.8436	2.8208	8.0225	23.004	10.684	-0.7963	36.712	-57.575	54.883	-27.214	-121.82	45.376	-9.5423	-144.55	12.341
292.13	0.89413	21.708	-4.132	2.7149	7.1339	19.735	10.656	-1.6075	33.789	-57.318	54.289	-29.678	-122.01	44.778	-11.808	-144.7	11.872
292.14	0.88814	21.708	-7.2198	2.4884	6.5032	16.656	10.647	-2.345	31.061	-57.138	53.695	-32.009	-122.23	44.237	-13.972	-144.92	11.268
292.14	0.88872	21.708	-10.088	2.3672	5.7468	13.77	10.592	-3.0925	28.45	-56.982	53.077	-34.226	-122.43	43.633	-16.014	-145.09	10.754
292.14	0.88864	21.71	-12.747	2.2434	5.0573	11.059	10.543	-3.7695	26.028	-56.88	52.498	-36.308	-122.64	42.985	-17.942	-145.31	10.162
292.14	0.88552	21.704	-15.231	2.1949	4.2127	8.558	10.491	-4.4444	23.77	-56.821	51.894	-38.231	-122.84	42.43	-19.726	-145.49	9.546
292.14	0.89109	21.713	-17.542	2.0325	3.5769	6.2675	10.419	-5.0805	21.66	-56.778	51.324	-40.04	-123.01	41.798	-21.385	-145.67	8.937
292.14	0.89093	21.713	-19.682	1.8328	2.9291	4.1636	10.383	-5.7368	19.668	-56.733	50.789	-41.762	-123.19	41.144	-22.931	-145.85	8.3765
292.14	0.89077	21.712	-21.586	1.7475	2.1499	2.2128	10.283	-6.3321	17.816	-56.694	50.262	-43.345	-123.35	40.564	-24.352	-146.04	7.8162
292.14	0.89242	21.701	-23.353	1.5449	1.5321	0.43858	10.219	-7.0354	16.074	-56.632	49.77	-44.788	-123.49	39.979	-25.629	-146.2	7.1919
292.14	0.88741	21.708	-24.96	1.4018	0.69924	-1.1361	10.03	-7.7132	14.417	-56.605	49.252	-46.184	-123.62	39.325	-26.841	-146.37	6.7141
292.14	0.88659	21.705	-26.367	1.2565	-0.17728	-2.524	9.9018	-8.4534	12.897	-56.547	48.785	-47.496	-123.73	38.687	-27.879	-146.55	6.2309
292.14	0.88675	21.706	-27.628	1.0717	-1.079	-3.6499	9.7604	-9.1823	11.448	-56.429	48.418	-48.672	-123.78	38.098	-28.846	-146.72	5.7885
292.13	0.8986	21.712	-28.631	0.85503	-1.9516	-4.6158	9.5354	-9.9565	10.076	-56.363	48.047	-49.826	-123.85	37.47	-29.662	-146.86	5.3365
292.13	0.89628	21.71	-29.469	0.70912	-2.8526	-5.3826	9.3285	-10.698	8.8016	-56.291	47.729	-50.888	-123.87	36.873	-30.476	-147.03	4.9431
292.14	0.89816	21.714	-30.138	0.55683	-3.8034	-5.9848	9.1188	-11.394	7.578	-56.257	47.489	-51.851	-123.87	36.291	-31.104	-147.19	4.5701
292.13	0.89381	21.707	-30.667	0.38358	-4.6873	-6.3986	8.898	-11.953	6.501	-56.222	47.293	-52.819	-123.87	35.626	-31.644	-147.32	4.2137
292.13	0.89553	21.709	-31.056	0.20866	-5.5232	-6.6663	8.6991	-12.52	5.5208	-56.237	47.086	-53.63	-123.85	34.992	-32.144	-147.45	3.8841
292.12	0.89054	21.701	-31.371	-0.018745	-6.3432	-6.8344	8.4691	-12.993	4.6457	-56.316	46.862	-54.381	-123.83	34.378	-32.568	-147.56	3.596
292.13	0.89243	21.705	-31.568	-0.22716	-7.1167	-6.9117	8.2224	-13.449	3.9368	-56.377	46.723	-55.005	-123.84	33.806	-32.939	-147.71	3.1993
292.12	0.88823	21.71	-31.617	-0.39526	-7.7455	-6.933	8.0088	-13.833	3.3192	-56.495	46.492	-55.511	-123.81	33.17	-33.181	-147.81	2.8524
292.13	0.89275	21.705	-31.661	-0.5045	-8.462	-6.8981	7.781	-14.148	2.8164	-56.664	46.244	-55.982	-123.85	32.577	-33.463	-147.91	2.3809
292.13	0.8898	21.714	-31.649	-0.68856	-8.9084	-6.8475	7.6559	-14.47	2.4845	-56.8	45.987	-56.303	-123.87	32.033	-33.688	-148.01	2.0084
292.13	0.89243	21.705	-31.667	-0.78493	-9.441	-6.7749	7.4962	-14.763	2.1933	-56.998	45.682	-56.568	-123.91	31.459	-33.874	-148.1	1.5565
292.13	0.8852	21.704	-31.615	-0.88383	-9.8516	-6.733	7.3808	-14.992	2.0484	-57.19	45.375	-56.72	-123.96	30.976	-34.004	-148.15	0.97866
292.12	0.88871	21.698	-31.602	-1.0064	-10.104	-6.6795	7.2503	-15.223	2.0016	-57.346	45.028	-56.815	-124.02	30.448	-34.137	-148.23	0.56245
292.13	0.88418	21.702	-31.593	-1.062	-10.491	-6.6121	7.145	-15.459	2.0214	-57.509	44.665	-56.831	-124.08	30.056	-34.181	-148.27	-0.021933
292.14	0.88642	21.706	-31.495	-1.0861	-10.732	-6.5793	7.0963	-15.792	2.1102	-57.656	44.311	-56.797	-124.15	29.697	-34.198	-148.3	-0.38593
292.14	0.8837	21.7	-31.42	-1.1566	-10.933	-6.4823	7.0186	-16.025	2.2101	-57.764	44.018	-56.738	-124.21	29.47	-34.224	-148.39	-0.71089
292.14	0.87711	21.701	-31.404	-1.2056	-11.242	-6.4419	6.9563	-16.196	2.3421	-57.8	43.798	-56.625	-124.26	29.351	-34.183	-148.43	-0.95451
292.14	0.87711	21.701	-31.376	-1.2865	-11.331	-6.4122	6.9303	-16.27	2.536	-57.791	43.68	-56.494	-124.32	29.316	-34.175	-148.43	-1.0537
292.13	0.88369	21.701	-31.329	-1.3232	-11.306	-6.3931	6.9403	-16.25	2.7004	-57.831	43.593	-56.372	-124.37	29.348	-34.147	-148.44	-1.0614
292.13	0.8845	21.702	-31.288	-1.3106	-11.208	-6.3743	6.9786	-16.111	2.8639	-57.911	43.602	-56.239	-124.39	29.364	-34.109	-148.44	-1.0676
292.14	0.88796	21.707	-31.197	-1.2874	-10.869	-6.3466	7.0407	-15.903	3.0519	-58.008	43.675	-56.1	-124.42	29.391	-34.077	-148.42	-1.1048
292.13	0.89885	21.698	-31.141	-1.2133	-10.685	-6.3429	7.119	-15.639	3.2468	-58.067	43.74	-55.975	-124.42	29.433	-34.054	-148.4	-1.1272
292.13	0.90738	21.702	-31.109	-1.2156	-10.364	-6.2734	7.2173	-15.34	3.4114	-58.153	43.776	-55.855	-124.44	29.428	-34.049	-148.39	-1.168
292.13	0.9069	21.701	-31.028	-1.1337	-10.159	-6.1715	7.2304	-15.064	3.5734	-58.239	43.796	-55.769	-124.43	29.427	-34.032	-148.39	-1.2034
292.13	0.90828	21.704	-30.944	-1.079	-10.044	-6.1028	7.279	-14.947	3.7417	-58.312	43.817	-55.685	-124.43	29.413	-34.021	-148.37	-1.2519
292.13	0.91806	21.693	-30.851	-1.0468	-9.9855	-6.023	7.311	-14.895	3.8603	-58.332	43.797	-55.615	-124.41	29.38	-33.987	-148.36	-1.3166
292.12	0.91282	21.7	-30.778	-1.0443	-10.039	-5.9523	7.3354	-14.917	3.9827	-58.28	43.725	-55.556	-124.38	29.302	-33.952	-148.33	-1.3761
292.12	0.91469	21.702	-30.709	-1.0146	-10.259	-5.8909	7.4116	-15.093	4.0268	-58.219	43.623	-55.486	-124.37	29.211	-33.929	-148.34	-1.4483
292.13	0.91686	21.702	-30.712	-1.037	-10.573	-5.8354	7.406	-15.305	4.0536	-58.111	43.494	-55.417	-124.33	29.13	-33.865	-148.36	-1.579
292.13	0.91956	21.696	-30.684	-1.0529	-10.799	-5.8462	7.377	-15.611	4.0587	-57.973	43.354	-55.372	-124.31	29.048	-33.806	-148.38	-1.6621
292.13	0.91707	21.694	-30.68	-1.105	-11.064	-5.8566	7.3724	-15.898	3.9977	-57.817	43.21	-55.321	-124.26	28.978	-33.742	-148.41	-1.7198
292.13	0.91806	21.693	-30.729	-1.1357	-11.493	-5.9083	7.381	-16.346	3.957	-57.634	43.028	-55.28	-124.22	28.927	-33.668	-148.4	-1.803
292.13	0.91061	21.69	-30.741	-1.1144	-11.887	-5.9519	7.357	-16.667	3.9439	-57.438	42.879	-55.249	-124.17	28.875	-33.607	-148.42	-1.8146
292.13	0.91057	21.706	-30.816	-1.1741	-12.199	-6.014	7.3519	-16.981	3.9	-57.271	42.724	-55.218	-124.13	28.825	-33.557	-148.41	-1.8428
292.13	0.9078	21.702	-30.915	-1.1502	-12.486	-6.093	7.4187	-17.341	3.8357	-57.084	42.569	-55.193	-124.08	28.788	-33.525	-148.41	-1.8463
292.13	0.89884	21.698	-31.016	-1.1484	-12.639	-6.1637	7.4405	-17.57	3.8043	-56.916	42.437	-55.175	-124.04	28.741	-33.499	-148.41	-1.8604
292.14	0.90089	21.701	-31.068	-1.1182	-12.727	-6.2389	7.4942	-17.71	3.7984	-56.78	42.351	-55.145	-124	28.693	-33.492	-148.39	-1.8632
292.14	0.90073	21.701	-31.115	-1.033	-12.872	-6.2889	7.5439	-17.773	3.7734	-56.701	42.265	-55.122	-123.96	28.675	-33.478	-148.36	-1.8627
292.14	0.89897	21.698	-31.124	-1.0096	-12.881	-6.3148	7.5848	-17.781	3.8135	-56.662	42.237	-55.1	-123.94	28.653	-33.49	-148.37	-1.8897
292.15	0.8957	21.705	-31.12	-0.97785	-12.875	-6.334	7.6208	-17.742	3.841	-56.642	42.217	-55.074	-123.92	28.658	-33.489	-148.35	-1.9055
292.14	0.89382	21.701	-31.109	-0.96946	-12.865	-6.3215	7.642	-17.707	3.8809	-56.641	42.211	-55.044	-123.92	28.648	-33.513	-148.32	-1.9335
292.14	0.90053	21.701	-31.081	-0.95224	-12.836	-6.3232	7.649	-17.689	3.926	-56.648	42.202	-55.013	-123.9	28.645	-33.537	-148.32	-1.9498
292.14	0.90357	21.707	-31.068	-0.94299	-12.838	-6.3104	7.6498	-17.711	3.9806	-56.645	42.149	-54.992	-123.89	28.645	-33.542	-148.29	-1.9743
292.14	0.90137	21.702	-31.057	-0.9473	-12.832	-6.3021	7.6594	-17.73	4.0401	-56.65	42.093	-54.942	-123.88	28.633	-33.557	-148.3	-2.009
292.14	0.90104	21.702	-31.046	-0.94054	-12.822	-6.3034	7.6492	-17.769	4.1135	-56.657	42.039	-54.895	-123.89	28.618	-33.543	-148.29	-2.0479
292.13	0.91056	21.706	-31.039	-0.93783	-12.817	-6.3113	7.6533	-17.818	4.1833	-56.681	41.959	-54.829	-123.91	28.599	-33.548	-148.29	-2.0845
292.13	0.91485	21.7	-31.036	-0.94796	-12.821	-6.2944	7.6521	-17.826	4.2504	-56.702	41.842	-54.761	-123.94	28.578	-33.52	-148.29	-2.1323
292.13	0.9173	21.692	-31.023	-0.9591	-12.806	-6.2966	7.6404	-17.85	4.3311	-56.733	41.769	-54.689	-123.97	28.556	-33.503	-148.31	-2.1987
292.13	0.91931	21.692	-31.025	-1.0285	-12.713	-6.2905	7.6205	-17.875	4.4072	-56.755	41.698	-54.622	-123.99	28.546	-33.471	-148.32	-2.2498
292.12	0.92441	21.692	-31.008	-1.047	-12.699	-6.275	7.6159	-17.883	4.4915	-56.772	41.661	-54.55	-124.01	28.529	-33.423	-148.35	-2.2958
292.12	0.9269	21.694	-30.995	-1.056	-12.695	-6.2663	7.5979	-17.889	4.5821	-56.775	41.635	-54.473	-124.04	28.521	-33.38	-148.36	-2.323
292.12	0.92686	21.695	-30.981	-1.0751	-12.697	-6.257	7.5918	-17.917	4.6767	-56.776	41.587	-54.396	-124.06	28.509	-33.339	-148.37	-2.3685
292.12	0.9291	21.699	-30.972	-1.0727	-12.676	-6.2618	7.6318	-17.995	4.7532	-56.772	41.533	-54.319	-124.1	28.501	-33.297	-148.38	-2.406
292.12	0.91493	21.687	-30.949	-1.086	-12.672	-6.2568	7.6128	-18.036	4.8345	-56.794	41.507	-54.214	-124.11	28.515	-33.25	-148.4	-2.4642
292.13	0.91734	21.691	-30.941	-1.0448	-12.762	-6.237	7.6134	-18.052	4.9012	-56.795	41.483	-54.15	-124.14	28.491	-33.195	-148.42	-2.4909
292.13	0.91256	21.693	-30.914	-1.0418	-12.743	-6.2299	7.607	-18.08	4.962	-56.8	41.428	-54.081	-124.15	28.489	-33.151	-148.41	-2.545
292.13	0.90794	21.702	-30.902	-1.0333	-12.742	-6.2076	7.5898	-18.108	5.0201	-56.799	41.398	-54.019	-124.17	28.491	-33.106	-148.4	-2.5786
292.14	0.90999	21.706	-30.871	-1.0265	-12.716	-6.2114	7.5848	-18.149	5.0651	-56.791	41.354	-53.964	-124.18	28.468	-33.092	-148.42	-2.6023
292.14	0.9019	21.69	-30.818	-1.0038	-12.686	-6.1901	7.5747	-18.159	5.1118	-56.782	41.313	-53.914	-124.2	28.441	-33.072	-148.44	-2.6181
292.14	0.90324	21.707	-30.82	-1.0026	-12.701	-6.1799	7.5838	-18.177	5.1473	-56.778	41.264	-53.869	-124.21	28.43	-33.053	-148.45	-2.6441
292.14	0.90539	21.697	-30.805	-1.0068	-12.693	-6.177	7.5883	-18.188	5.1782	-56.766	41.244	-53.84	-124.21	28.399	-33.03	-148.46	-2.6564
292.15	0.89659	21.706	-30.775	-0.98566	-12.66	-6.1525	7.5957	-18.197	5.1927	-56.763	41.21	-53.81	-124.22	28.381	-33.008	-148.48	-2.6824
292.15	0.90184	21.7	-30.769	-0.969	-12.662	-6.1562	7.5981	-18.232	5.2036	-56.751	41.179	-53.784	-124.21	28.38	-32.981	-148.48	-2.6849
292.15	0.90661	21.699	-30.762	-0.97482	-12.661	-6.1552	7.6149	-18.234	5.2127	-56.738	41.149	-53.769	-124.21	28.359	-32.972	-148.49	-2.7134
292.15	0.90586	21.698	-30.783	-0.97526	-12.679	-6.1632	7.6363	-18.228	5.2196	-56.718	41.148	-53.76	-124.2	28.339	-32.959	-148.49	-2.7099
292.13	0.91024	21.693	-30.757	-0.95494	-12.66	-6.1549	7.6444	-18.234	5.2247	-56.713	41.138	-53.755	-124.2	28.329	-32.954	-148.5	-2.7267
