142.14	-1.9858	20.188	-34.108	-1.7786	-13.713	-8.2943	4.3452	-18.682	-1.77	-58.306	41.707	-64.04	-123.66	27.091	-41.76	-149.32	-2.4777
142.14	-1.9943	20.184	-34.12	-1.7864	-13.723	-8.299	4.3542	-18.68	-1.7804	-58.301	41.717	-64.04	-123.66	27.091	-41.76	-149.32	-2.4811
142.14	-1.9843	20.19	-34.114	-1.7825	-13.718	-8.2963	4.3571	-18.677	-1.7829	-58.29	41.709	-64.041	-123.66	27.092	-41.754	-149.33	-2.4796
142.13	-1.9996	20.176	-34.114	-1.7706	-13.712	-8.2896	4.3488	-18.677	-1.7887	-58.281	41.711	-64.044	-123.66	27.09	-41.759	-149.32	-2.4787
142.14	-1.9959	20.184	-34.12	-1.7746	-13.717	-8.303	4.3543	-18.681	-1.7928	-58.295	41.701	-64.045	-123.66	27.088	-41.76	-149.32	-2.4791
142.14	-1.9958	20.185	-34.117	-1.7856	-13.721	-8.3072	4.3508	-18.686	-1.7773	-58.285	41.727	-64.04	-123.66	27.091	-41.764	-149.32	-2.483
142.14	-1.996	20.185	-34.111	-1.7808	-13.716	-8.2923	4.3481	-18.679	-1.7765	-58.284	41.715	-64.039	-123.66	27.093	-41.756	-149.32	-2.4753
142.13	-1.9972	20.179	-34.115	-1.7833	-13.719	-8.3125	4.3472	-18.691	-1.7845	-58.291	41.707	-64.041	-123.66	27.079	-41.745	-149.32	-2.4848
142.13	-1.9994	20.18	-34.118	-1.7864	-13.722	-8.3026	4.3418	-18.689	-1.777	-58.296	41.694	-64.031	-123.67	27.092	-41.75	-149.32	-2.4735
142.14	-1.9957	20.185	-34.118	-1.7864	-13.722	-8.2953	4.3451	-18.682	-1.7762	-58.296	41.693	-64.033	-123.67	27.078	-41.75	-149.33	-2.4925
142.13	-1.9999	20.178	-34.114	-1.7734	-13.711	-8.2944	4.3452	-18.682	-1.7525	-58.294	41.708	-64.024	-123.68	27.09	-41.743	-149.32	-2.4874
142.13	-1.9977	20.18	-34.123	-1.7896	-13.726	-8.308	4.3493	-18.672	-1.7642	-58.301	41.697	-64.022	-123.67	27.081	-41.738	-149.32	-2.4818
142.14	-1.9978	20.18	-34.111	-1.7703	-13.708	-8.2965	4.3445	-18.685	-1.7592	-58.299	41.702	-64.019	-123.68	27.077	-41.745	-149.31	-2.4692
142.13	-1.9889	20.182	-34.11	-1.7809	-13.714	-8.3001	4.3541	-18.679	-1.7645	-58.289	41.704	-64.012	-123.68	27.081	-41.755	-149.32	-2.4949
142.13	-1.9857	20.187	-34.118	-1.7856	-13.722	-8.2948	4.3577	-18.674	-1.7557	-58.293	41.692	-64.025	-123.68	27.079	-41.738	-149.32	-2.4971
142.14	-1.9934	20.187	-34.119	-1.7738	-13.716	-8.2936	4.3578	-18.675	-1.7525	-58.292	41.696	-64.024	-123.68	27.078	-41.741	-149.32	-2.4859
142.13	-1.9989	20.18	-34.117	-1.7856	-13.721	-8.2998	4.3574	-18.678	-1.7475	-58.289	41.698	-64.02	-123.67	27.082	-41.714	-149.31	-2.4788
142.14	-1.9908	20.177	-34.119	-1.7738	-13.716	-8.2996	4.3541	-18.679	-1.7549	-58.293	41.691	-64.022	-123.67	27.079	-41.737	-149.32	-2.4951
142.14	-1.9814	20.181	-34.114	-1.7706	-13.711	-8.2992	4.3574	-18.679	-1.7553	-58.282	41.699	-64.016	-123.67	27.086	-41.743	-149.31	-2.4966
142.14	-1.9915	20.19	-34.115	-1.7714	-13.713	-8.2915	4.3607	-18.672	-1.7553	-58.282	41.699	-64.025	-123.68	27.077	-41.741	-149.32	-2.4986
142.14	-1.9936	20.187	-34.124	-1.777	-13.72	-8.299	4.3542	-18.68	-1.7581	-58.281	41.696	-64.032	-123.67	27.079	-41.736	-149.33	-2.4867
142.13	-1.9863	20.186	-34.114	-1.7706	-13.711	-8.2958	4.3572	-18.677	-1.7615	-58.284	41.694	-64.029	-123.67	27.091	-41.741	-149.32	-2.487
142.13	-1.9875	20.171	-34.124	-1.777	-13.72	-8.2992	4.3574	-18.679	-1.7606	-58.283	41.694	-64.032	-123.67	27.078	-41.743	-149.32	-2.4981
142.13	-1.9868	20.186	-34.122	-1.777	-13.718	-8.304	4.3538	-18.684	-1.7661	-58.275	41.696	-64.039	-123.67	27.073	-41.742	-149.32	-2.4986
142.13	-1.9877	20.185	-34.117	-1.7744	-13.699	-8.3024	4.3544	-18.681	-1.7657	-58.275	41.697	-64.035	-123.67	27.075	-41.746	-149.33	-2.4914
142.14	-1.9946	20.183	-34.113	-1.7698	-13.71	-8.3072	4.3508	-18.686	-1.7615	-58.284	41.694	-64.034	-123.68	27.083	-41.756	-149.32	-2.4935
142.13	-1.9872	20.184	-34.123	-1.777	-13.718	-8.2996	4.3541	-18.679	-1.7628	-58.285	41.693	-64.029	-123.68	27.076	-41.743	-149.33	-2.4756
142.14	-1.9952	20.183	-34.119	-1.7865	-13.721	-8.3034	4.3539	-18.684	-1.7578	-58.28	41.685	-64.035	-123.68	27.07	-41.742	-149.33	-2.4914
142.13	-1.9877	20.185	-34.118	-1.7864	-13.722	-8.3069	4.3494	-18.673	-1.7665	-58.275	41.683	-64.035	-123.68	27.071	-41.744	-149.34	-2.4923
142.14	-1.9979	20.182	-34.122	-1.7888	-13.725	-8.2944	4.3452	-18.682	-1.7583	-58.294	41.69	-64.032	-123.68	27.085	-41.755	-149.33	-2.496
142.13	-1.9894	20.181	-34.119	-1.7872	-13.723	-8.3072	4.3508	-18.686	-1.7583	-58.294	41.69	-64.031	-123.68	27.085	-41.759	-149.34	-2.4871
142.13	-1.9988	20.179	-34.114	-1.7874	-13.705	-8.3072	4.3508	-18.686	-1.7579	-58.293	41.677	-64.039	-123.69	27.066	-41.758	-149.34	-2.4864
142.14	-1.9923	20.188	-34.117	-1.8003	-13.714	-8.3066	4.3509	-18.687	-1.7671	-58.302	41.682	-64.038	-123.69	27.078	-41.753	-149.33	-2.4975
142.14	-1.996	20.186	-34.121	-1.7901	-13.711	-8.3036	4.3524	-18.67	-1.7549	-58.293	41.691	-64.028	-123.69	27.07	-41.73	-149.33	-2.4833
142.14	-1.9976	20.181	-34.117	-1.7877	-13.708	-8.3049	4.3505	-18.684	-1.7576	-58.297	41.689	-64.037	-123.7	27.062	-41.739	-149.35	-2.4949
142.13	-1.9999	20.178	-34.118	-1.7913	-13.709	-8.3026	4.3418	-18.689	-1.7508	-58.291	41.696	-64.037	-123.69	27.077	-41.748	-149.34	-2.4979
142.13	-1.9922	20.181	-34.126	-1.7941	-13.715	-8.2953	4.3451	-18.682	-1.76	-58.294	41.676	-64.033	-123.7	27.076	-41.737	-149.35	-2.4958
142.13	-2.0002	20.179	-34.121	-1.7909	-13.711	-8.3024	4.3544	-18.681	-1.7607	-58.295	41.674	-64.028	-123.7	27.08	-41.751	-149.33	-2.496
142.14	-1.9954	20.183	-34.121	-1.7909	-13.711	-8.3001	4.3541	-18.679	-1.7592	-58.294	41.676	-64.032	-123.7	27.065	-41.747	-149.34	-2.4999
142.14	-1.9955	20.184	-34.125	-1.7919	-13.728	-8.3072	4.3508	-18.686	-1.7574	-58.293	41.678	-64.035	-123.7	27.062	-41.741	-149.34	-2.5045
142.14	-1.9954	20.183	-34.109	-1.7842	-13.701	-8.3081	4.3508	-18.686	-1.7496	-58.288	41.671	-64.029	-123.71	27.061	-41.733	-149.33	-2.5005
142.13	-1.9868	20.187	-34.118	-1.8004	-13.714	-8.2955	4.345	-18.682	-1.7524	-58.289	41.682	-64.033	-123.7	27.062	-41.74	-149.34	-2.5066
142.14	-1.9854	20.188	-34.125	-1.7933	-13.714	-8.3034	4.3539	-18.684	-1.7607	-58.283	41.681	-64.024	-123.7	27.053	-41.731	-149.33	-2.5136
142.12	-1.9942	20.176	-34.133	-1.7988	-13.721	-8.3045	4.3538	-18.684	-1.7625	-58.296	41.674	-64.027	-123.71	27.048	-41.737	-149.35	-2.4991
142.14	-1.9931	20.187	-34.12	-1.7902	-13.709	-8.299	4.3542	-18.68	-1.7632	-58.284	41.68	-64.019	-123.7	27.067	-41.712	-149.34	-2.5088
142.13	-1.9996	20.176	-34.116	-1.7884	-13.721	-8.2996	4.3541	-18.679	-1.7611	-58.282	41.681	-64.01	-123.71	27.057	-41.72	-149.34	-2.4984
142.14	-1.9926	20.189	-34.126	-1.7941	-13.715	-8.3066	4.3509	-18.687	-1.7536	-58.288	41.667	-64.008	-123.71	27.07	-41.695	-149.35	-2.5047
142.14	-1.9861	20.188	-34.122	-1.8043	-13.72	-8.2963	4.3571	-18.677	-1.7532	-58.277	41.674	-64.007	-123.71	27.057	-41.701	-149.35	-2.5471
142.14	-1.9921	20.188	-34.113	-1.7999	-13.711	-8.2986	4.3575	-18.679	-1.7429	-58.295	41.67	-64	-123.71	27.058	-41.688	-149.35	-2.5286
142.14	-1.9933	20.187	-34.115	-1.7889	-13.706	-8.3072	4.3508	-18.686	-1.7357	-58.287	41.664	-63.998	-123.72	27.057	-41.685	-149.35	-2.5366
142.14	-1.9979	20.182	-34.114	-1.7882	-13.705	-8.3034	4.3539	-18.684	-1.7294	-58.284	41.667	-63.993	-123.71	27.059	-41.688	-149.34	-2.5362
142.14	-1.9941	20.184	-34.126	-1.8067	-13.723	-8.2986	4.3575	-18.679	-1.732	-58.286	41.652	-63.987	-123.72	27.058	-41.677	-149.35	-2.5336
142.14	-1.9915	20.19	-34.117	-1.7885	-13.72	-8.299	4.3542	-18.68	-1.7208	-58.291	41.667	-63.983	-123.72	27.061	-41.668	-149.36	-2.536
142.14	-1.9955	20.184	-34.125	-1.7933	-13.714	-8.3031	4.3524	-18.671	-1.7104	-58.283	41.663	-63.977	-123.71	27.066	-41.667	-149.36	-2.5473
142.14	-1.9912	20.19	-34.113	-1.7874	-13.704	-8.2942	4.3577	-18.674	-1.7158	-58.288	41.658	-63.972	-123.73	27.064	-41.647	-149.37	-2.5414
142.14	-1.9969	20.182	-34.114	-1.7882	-13.705	-8.3084	4.3488	-18.676	-1.7104	-58.283	41.663	-63.969	-123.72	27.054	-41.663	-149.34	-2.5394
142.13	-1.9991	20.18	-34.118	-1.7906	-13.708	-8.3001	4.3574	-18.678	-1.7145	-58.273	41.653	-63.969	-123.72	27.054	-41.667	-149.34	-2.5421
142.14	-1.9944	20.185	-34.111	-1.7964	-13.709	-8.2996	4.3541	-18.679	-1.7104	-58.283	41.663	-63.974	-123.72	27.051	-41.645	-149.37	-2.5389
142.14	-1.9948	20.172	-34.104	-1.7923	-13.716	-8.3072	4.3508	-18.686	-1.7112	-58.283	41.649	-63.969	-123.72	27.042	-41.612	-149.34	-2.5104
142.14	-1.9958	20.185	-34.123	-1.7932	-13.715	-8.299	4.3542	-18.68	-1.71	-58.283	41.65	-63.965	-123.73	27.052	-41.646	-149.35	-2.5327
142.13	-1.9999	20.177	-34.116	-1.7884	-13.721	-8.3072	4.3508	-18.686	-1.7142	-58.286	41.661	-63.969	-123.72	27.065	-41.655	-149.36	-2.5414
142.14	-1.9932	20.174	-34.115	-1.7995	-13.713	-8.304	4.3538	-18.684	-1.7162	-58.275	41.665	-63.971	-123.72	27.053	-41.652	-149.35	-2.5372
142.14	-1.9991	20.181	-34.104	-1.7915	-13.717	-8.2993	4.3448	-18.687	-1.7116	-58.284	41.662	-63.976	-123.72	27.054	-41.673	-149.35	-2.5467
142.14	-1.9913	20.19	-34.115	-1.7875	-13.705	-8.2963	4.3571	-18.677	-1.71	-58.283	41.65	-63.982	-123.73	27.046	-41.678	-149.36	-2.5409
142.14	-1.9956	20.182	-34.122	-1.8036	-13.718	-8.2969	4.3571	-18.677	-1.7108	-58.283	41.65	-63.982	-123.72	27.05	-41.677	-149.35	-2.5489
142.13	-1.9975	20.179	-34.113	-1.7874	-13.704	-8.2944	4.3452	-18.682	-1.7104	-58.283	41.663	-63.986	-123.72	27.047	-41.675	-149.37	-2.5535
142.14	-1.9978	20.18	-34.106	-1.7931	-13.719	-8.292	4.3481	-18.68	-1.7178	-58.287	41.657	-63.987	-123.72	27.047	-41.695	-149.34	-2.5422
142.13	-2.0002	20.179	-34.112	-1.7865	-13.704	-8.2901	4.3487	-18.677	-1.7253	-58.281	41.656	-63.991	-123.71	27.063	-41.701	-149.36	-2.551
142.13	-2	20.178	-34.109	-1.7947	-13.721	-8.2931	4.3438	-18.67	-1.7278	-58.282	41.654	-64.001	-123.72	27.054	-41.698	-149.36	-2.5486
142.14	-1.9944	20.186	-34.109	-1.785	-13.7	-8.294	4.3452	-18.683	-1.7278	-58.282	41.654	-63.999	-123.71	27.058	-41.712	-149.34	-2.5511
142.13	-1.998	20.179	-34.115	-1.8008	-13.712	-8.2901	4.3487	-18.677	-1.7236	-58.279	41.659	-64.002	-123.72	27.055	-41.71	-149.37	-2.5601
142.14	-1.9953	20.182	-34.105	-1.7797	-13.71	-8.299	4.3542	-18.68	-1.7229	-58.294	41.666	-64.004	-123.72	27.054	-41.696	-149.35	-2.5016
142.13	-1.9898	20.182	-34.107	-1.796	-13.706	-8.2996	4.3541	-18.679	-1.7338	-58.299	41.656	-64.004	-123.72	27.054	-41.725	-149.37	-2.5401
142.14	-1.9839	20.191	-34.117	-1.8011	-13.716	-8.3066	4.3509	-18.687	-1.7273	-58.311	41.653	-64.001	-123.72	27.057	-41.736	-149.35	-2.5219
142.13	-1.997	20.183	-34.121	-1.7929	-13.711	-8.2996	4.3541	-18.679	-1.7141	-58.328	41.652	-64.011	-123.71	27.067	-41.723	-149.32	-2.4921
142.13	-1.9913	20.181	-34.118	-1.8031	-13.716	-8.3126	4.3472	-18.691	-1.712	-58.37	41.645	-64.012	-123.71	27.055	-41.758	-149.36	-2.5012
142.13	-1.9903	20.182	-34.119	-1.8069	-13.702	-8.2988	4.3449	-18.687	-1.7106	-58.425	41.631	-64.003	-123.71	27.084	-41.762	-149.36	-2.499
142.13	-1.9897	20.18	-34.118	-1.8244	-13.695	-8.2963	4.3571	-18.677	-1.694	-58.503	41.642	-63.998	-123.7	27.102	-41.738	-149.38	-2.4813
142.13	-1.9874	20.184	-34.12	-1.8387	-13.651	-8.3034	4.3539	-18.684	-1.6931	-58.577	41.632	-64.014	-123.71	27.149	-41.709	-149.43	-2.4259
142.13	-1.9879	20.184	-34.115	-1.8636	-13.584	-8.293	4.3742	-18.68	-1.7006	-58.648	41.664	-64.021	-123.72	27.172	-41.671	-149.46	-2.3651
142.13	-1.9901	20.182	-34.096	-1.8978	-13.509	-8.3035	4.5337	-18.661	-1.7339	-58.756	41.681	-64.032	-123.75	27.21	-41.649	-149.5	-2.2994
142.13	-1.9976	20.181	-34.111	-1.9278	-13.25	-8.3506	4.7424	-18.655	-1.7611	-58.895	41.795	-64.005	-123.8	27.297	-41.623	-149.57	-2.2012
142.13	-1.9915	20.181	-34.177	-1.9335	-12.562	-8.4294	5.0407	-18.421	-1.747	-59.068	41.985	-63.953	-123.91	27.347	-41.578	-149.64	-2.1417
142.13	-1.9999	20.179	-34.35	-1.9534	-11.748	-8.4217	5.5121	-17.71	-1.6668	-59.363	42.232	-63.853	-124.06	27.413	-41.497	-149.71	-2.134
142.14	-1.9978	20.18	-34.169	-1.7044	-10.251	-8.1693	5.7915	-16.701	-1.5507	-59.775	42.571	-63.718	-124.2	27.474	-41.431	-149.78	-2.1474
142.14	-1.9938	20.187	-34.293	-1.6616	-8.7589	-7.5572	6.132	-15.285	-1.362	-60.367	43.058	-63.524	-124.43	27.561	-41.346	-149.85	-2.2318
142.14	-1.9915	20.19	-34.384	-1.6814	-6.8431	-6.5702	6.4681	-13.583	-1.1045	-61.126	43.692	-63.283	-124.71	27.705	-41.215	-149.94	-2.3832
142.14	-1.9939	20.188	-34.574	-1.5879	-5.2261	-4.9631	6.8676	-11.483	-0.77386	-62.024	44.479	-63.013	-125.07	27.875	-41.094	-150.11	-2.4589
142.15	-1.9914	20.192	-34.714	-1.763	-3.0589	-2.9902	7.2092	-9.2541	-0.42735	-63.051	45.321	-62.706	-125.43	28.094	-40.934	-150.26	-2.5457
142.15	-1.9895	20.194	-34.625	-2.0048	-0.95802	-0.89439	7.3686	-6.916	0.07968	-64.202	46.159	-62.336	-125.85	28.342	-40.742	-150.43	-2.6057
142.15	-1.9896	20.196	-34.095	-2.0471	0.93295	1.1802	7.3536	-4.5151	0.68367	-65.408	46.966	-61.903	-126.29	28.57	-40.532	-150.67	-2.6589
142.15	-1.9951	20.196	-33.188	-2.3648	3.0744	3.1735	7.1621	-2.2176	1.4519	-66.684	47.788	-61.412	-126.73	28.849	-40.206	-150.89	-2.6353
142.16	-1.996	20.194	-32.223	-2.6928	4.9662	5.2592	6.8653	-0.030905	2.2972	-67.998	48.494	-60.844	-127.21	29.144	-39.912	-151.2	-2.7208
142.16	-2.0037	20.193	-31.075	-3.1044	7.0475	7.5049	6.4484	1.9866	3.2435	-69.284	49.104	-60.152	-127.71	29.423	-39.504	-151.48	-2.7223
142.16	-1.9965	20.196	-29.801	-3.4451	8.8339	9.925	5.896	3.8479	4.2819	-70.557	49.731	-59.418	-128.24	29.634	-38.938	-151.77	-2.6015
142.16	-2.0087	20.189	-28.431	-3.821	10.596	12.475	5.1411	5.3561	5.3614	-71.742	50.438	-58.634	-128.67	29.83	-38.219	-152.06	-2.4041
142.16	-2.009	20.203	-26.926	-4.3539	12.257	15.243	4.3394	6.8367	6.4812	-72.893	51.108	-57.777	-129.01	30.057	-37.343	-152.37	-2.1829
142.15	-2.0166	20.192	-25.251	-4.88	13.582	18.103	3.4222	8.2175	7.7316	-74.018	51.759	-56.783	-129.38	30.272	-36.355	-152.74	-2.0359
142.14	-2.0213	20.188	-23.426	-5.4874	14.68	21.062	2.4388	9.5904	9.1119	-75.233	52.419	-55.659	-129.83	30.592	-35.318	-153.18	-1.8639
142.14	-2.0267	20.192	-21.423	-6.1646	15.558	24.156	1.3152	10.98	10.618	-76.449	53.068	-54.399	-130.28	30.805	-34.161	-153.8	-1.6184
142.13	-2.0283	20.192	-19.147	-7.0068	16.534	27.362	0.17659	12.373	12.297	-77.746	53.749	-53.052	-130.76	31.109	-33.003	-154.29	-1.3739
142.13	-2.0304	20.19	-16.689	-7.7339	17.285	31.018	-0.85981	14.112	14.438	-78.811	54.837	-51.63	-131.19	31.421	-31.69	-154.86	-1.1512
142.13	-2.0301	20.189	-14.059	-8.6185	18.112	34.509	-2.1673	15.544	16.358	-80.208	55.48	-50.094	-131.66	31.781	-30.371	-155.31	-0.8881
142.13	-2.0323	20.187	-11.243	-9.5007	19.085	38.012	-3.6016	16.836	18.433	-81.668	56.065	-48.456	-132.15	32.18	-28.927	-155.9	-0.60415
142.13	-2.0323	20.187	-11.243	-9.5007	19.085	38.012	-3.6016	16.836	18.433	-81.668	56.065	-48.456	-132.15	32.18	-28.927	-155.9	-0.60415
142.13	-2.0285	20.192	-5.284	-11.24	20.919	45.27	-6.6624	19.235	22.949	-84.642	57.194	-44.925	-133.14	33.046	-25.935	-156.82	-0.02467
142.14	-2.0241	20.183	-2.1831	-12.153	21.983	49.043	-8.3044	20.376	25.342	-86.158	57.679	-43.053	-133.61	33.489	-24.327	-157.36	0.35286
142.15	-2.0171	20.194	0.96783	-13.035	22.97	52.879	-9.9151	21.459	27.859	-87.636	58.171	-41.122	-134.04	34.021	-22.691	-157.81	0.78791
142.14	-2.0189	20.19	4.2294	-13.894	23.911	56.474	-11.696	22.197	30.427	-89.113	58.613	-39.173	-134.49	34.551	-21.185	-157.98	1.1992
142.15	-2.0136	20.198	7.5392	-14.842	24.86	60.722	-13.192	23.413	33.005	-90.562	59.048	-37.11	-134.9	35.115	-19.333	-158.64	1.6167
142.16	-2.0093	20.205	10.902	-15.615	25.573	64.695	-14.854	24.237	35.688	-91.938	59.497	-34.986	-135.27	35.614	-17.617	-159.13	1.943
142.16	-2.0075	20.191	14.286	-16.498	26.28	68.257	-16.694	24.657	38.398	-93.242	59.769	-32.836	-135.66	36.185	-15.753	-159.55	2.4084
142.16	-2.0046	20.196	17.68	-17.316	26.861	72.576	-18.154	25.634	41.102	-94.487	60.182	-30.612	-135.97	36.715	-13.804	-159.87	2.8253
142.17	-2.001	20.202	21.078	-18.127	27.324	76.21	-19.863	25.884	43.835	-95.654	60.372	-28.37	-136.28	37.204	-12.117	-159.99	3.3021
142.17	-1.9983	20.207	24.462	-18.884	27.732	80.43	-21.266	26.554	46.58	-96.725	60.559	-26.095	-136.53	37.673	-10.033	-160.21	3.7083
142.18	-2.0067	20.204	27.823	-19.518	27.901	84.012	-22.869	26.532	49.363	-97.718	60.754	-23.772	-136.72	38.125	-8.0199	-160.53	3.9855
142.16	-2.0156	20.188	31.14	-20.152	28.089	88.281	-24.136	26.991	52.12	-98.585	60.871	-21.39	-136.86	38.526	-5.783	-160.94	4.4214
142.16	-2.0086	20.192	34.43	-20.725	28.154	92.208	-25.451	27.168	54.868	-99.371	60.912	-18.985	-136.93	38.879	-3.464	-161.14	4.8745
142.16	-2.0095	20.204	37.668	-21.22	28.011	96.091	-26.713	27.09	57.663	-100.03	60.949	-16.533	-136.94	39.254	-1.356	-161.36	5.2088
142.15	-2.0157	20.196	40.795	-21.686	27.743	99.955	-27.859	27.003	60.425	-100.55	60.971	-14.107	-136.89	39.567	0.88518	-161.48	5.6368
142.13	-2.0255	20.18	43.91	-22.034	27.44	103.83	-28.975	26.748	63.228	-100.97	60.84	-11.658	-136.79	39.903	3.1284	-161.66	5.9887
142.13	-2.0164	20.197	46.898	-22.351	27	107.61	-29.959	26.38	66.002	-101.3	60.749	-9.2024	-136.66	40.184	5.4264	-161.72	6.4397
142.13	-2.0259	20.194	49.805	-22.598	26.521	110.99	-31.005	25.607	68.84	-101.52	60.553	-6.7345	-136.5	40.445	7.6415	-161.67	6.8726
142.13	-2.0203	20.194	52.676	-22.754	25.898	114.7	-31.782	25.093	71.646	-101.65	60.3	-4.2153	-136.33	40.675	9.8382	-161.66	7.1514
142.12	-2.0247	20.188	55.452	-22.87	25.272	118.27	-32.466	24.479	74.465	-101.7	59.966	-1.6837	-136.14	40.867	12.093	-161.45	7.4295
142.13	-2.0213	20.192	58.193	-22.851	24.515	122.2	-32.85	24.158	77.294	-101.7	59.638	0.88903	-135.92	41.085	14.42	-161.46	7.6733
142.13	-2.0275	20.191	60.839	-22.861	23.829	125.69	-33.314	23.409	80.111	-101.59	59.216	3.4201	-135.68	41.199	16.862	-161.58	7.9308
142.14	-2.0217	20.2	63.416	-22.722	23.078	129.06	-33.726	22.528	82.914	-101.41	58.707	5.9599	-135.41	41.342	19.073	-161.37	8.0864
142.14	-2.0194	20.191	65.866	-22.583	22.333	132.32	-34.015	21.534	85.684	-101.19	58.207	8.4526	-135.11	41.431	21.231	-161	8.252
142.15	-2.0164	20.193	68.214	-22.284	21.475	135.1	-34.381	20.168	88.442	-100.84	57.678	10.933	-134.8	41.501	23.619	-161.04	8.3904
142.16	-2.0091	20.191	70.406	-22.034	20.736	138.43	-34.368	19.397	91.106	-100.45	57.112	13.367	-134.42	41.552	25.797	-160.71	8.4771
142.16	-2.0094	20.191	72.514	-21.639	19.889	141.31	-34.385	18.355	93.668	-99.973	56.513	15.733	-134.03	41.597	27.949	-160.53	8.4666
142.17	-2.0164	20.19	74.448	-21.182	19.12	144.03	-34.252	17.292	96.143	-99.408	56.001	18.006	-133.54	41.618	29.981	-160.03	8.5247
142.18	-2.0088	20.201	76.249	-20.719	18.315	146.58	-34.01	16.271	98.503	-98.777	55.39	20.189	-133.03	41.642	32.114	-159.74	8.5946
142.16	-2.0056	20.195	77.93	-20.046	17.473	148.85	-33.603	15.265	100.76	-98.047	54.912	22.293	-132.44	41.643	34.054	-159.3	8.6543
142.17	-2.0124	20.196	79.466	-19.43	16.865	151.04	-33.126	14.338	102.87	-97.198	54.512	24.286	-131.84	41.644	35.99	-158.77	8.7244
142.16	-2.0046	20.197	80.888	-18.706	16.181	153.04	-32.445	13.529	104.88	-96.271	54.046	26.257	-131.15	41.631	37.853	-158.19	8.8241
142.17	-2.015	20.206	82.214	-17.927	15.535	154.92	-31.67	12.783	106.74	-95.233	53.707	28.082	-130.44	41.637	39.674	-157.63	8.9552
142.15	-2.016	20.196	83.456	-17.082	14.873	156.66	-30.767	12.153	108.49	-94.133	53.475	29.855	-129.6	41.607	41.472	-156.98	9.0875
142.15	-2.0187	20.191	84.645	-16.182	14.231	158.32	-29.796	11.663	110.15	-92.935	53.313	31.534	-128.76	41.595	43.124	-156.12	9.1471
142.14	-2.0139	20.202	85.823	-15.227	13.622	159.9	-28.684	11.305	111.66	-91.666	53.176	33.146	-127.82	41.587	44.748	-155.25	9.2429
142.12	-2.0244	20.185	86.99	-14.259	13.02	161.43	-27.58	11.023	113.15	-90.38	53.198	34.706	-126.84	41.581	46.601	-154.68	9.5749
142.12	-2.0167	20.188	88.176	-13.24	12.467	162.89	-26.382	10.85	114.56	-89.026	53.173	36.222	-125.82	41.592	48.191	-153.72	9.7684
142.11	-2.0133	20.196	89.354	-12.24	11.939	163.94	-25.266	10.392	115.91	-87.648	53.231	37.666	-124.73	41.508	49.868	-152.91	9.938
142.11	-2.0198	20.197	90.614	-11.169	11.456	165.66	-23.841	10.729	117.23	-86.244	53.424	39.115	-123.6	41.52	51.363	-151.7	9.9921
142.1	-2.0158	20.192	91.85	-10.06	10.88	166.98	-22.554	10.702	118.57	-84.827	53.562	40.556	-122.44	41.498	53.016	-150.86	10.323
142.1	-2.0244	20.19	93.131	-9.0022	10.392	168.22	-21.254	10.701	119.86	-83.399	53.71	41.934	-121.29	41.49	54.677	-149.99	10.533
142.11	-2.0213	20.195	94.456	-7.91	9.957	169.4	-19.835	10.637	121.19	-81.993	53.851	43.363	-120.11	41.433	56.204	-148.9	10.707
142.11	-2.0187	20.184	95.855	-6.8252	9.5301	170.53	-18.492	10.546	122.49	-80.638	54.002	44.776	-118.93	41.462	57.714	-147.75	10.816
142.12	-2.0142	20.19	97.319	-5.7882	9.1867	171.49	-17.062	10.304	123.88	-79.297	54.126	46.205	-117.77	41.422	59.263	-146.65	10.995
142.13	-2.007	20.186	98.757	-4.6917	8.5724	172.38	-15.657	9.9341	125.29	-78.001	54.186	47.624	-116.6	41.455	60.83	-145.68	11.095
142.13	-2.008	20.2	100.33	-3.7136	8.3039	173.08	-14.245	9.3077	126.75	-76.718	54.206	49.074	-115.44	41.45	62.312	-144.59	11.169
142.14	-2.0088	20.194	101.91	-2.6508	7.7676	173.56	-12.781	8.5084	128.26	-75.474	54.155	50.488	-114.32	41.46	63.791	-143.52	11.299
142.15	-2.0147	20.196	103.44	-1.6061	7.1988	173.76	-11.311	7.457	129.78	-74.253	53.99	51.96	-113.23	41.487	65.155	-142.41	11.212
142.15	-2.0137	20.197	105.07	-0.70997	6.793	173.67	-9.725	6.1576	131.38	-72.998	53.843	53.439	-112.18	41.548	66.537	-141.33	11.293
142.16	-2.0064	20.194	106.65	0.32689	6.0497	173.24	-8.1036	4.7026	132.98	-71.772	53.577	54.906	-111.14	41.593	67.936	-140.27	11.332
142.16	-2.0091	20.191	108.41	1.2761	5.5271	172.58	-6.3987	3.1005	134.64	-70.491	53.284	56.377	-110.16	41.628	69.326	-139.27	11.325
142.17	-2.0142	20.193	110.07	2.1975	4.8188	171.62	-4.6958	1.3889	136.26	-69.215	52.887	57.847	-109.18	41.695	70.738	-138.35	11.372
142.16	-2.0122	20.201	111.77	3.1106	3.8494	170.5	-2.9355	-0.17678	137.91	-67.891	52.524	59.328	-108.26	41.75	72.066	-137.37	11.338
142.14	-2.007	20.197	113.53	3.9799	3.0601	169.28	-1.198	-1.6855	139.5	-66.541	52.131	60.806	-107.38	41.778	73.428	-136.33	11.302
142.14	-2.0093	20.196	115.24	4.788	2.0138	167.98	0.45517	-3.2372	141.05	-65.187	51.691	62.257	-106.5	41.801	74.737	-135.41	11.322
142.14	-2.0112	20.19	116.92	5.4912	0.85767	166.66	1.9629	-4.7218	142.58	-63.827	51.293	63.715	-105.64	41.82	76.14	-134.6	11.308
142.13	-2.0183	20.196	118.65	6.0882	-0.0034463	165.43	3.3548	-6.0398	144.03	-62.491	50.903	65.15	-104.81	41.789	77.532	-133.76	11.202
142.12	-2.0119	20.194	120.26	6.6671	-1.1522	164.37	4.7352	-7.1112	145.19	-61.476	50.144	66.558	-103.97	41.792	78.842	-132.84	11.209
141.92	-1.9342	20.187	121.4	6.6211	-2.9953	163.5	5.9287	-8.1248	146.67	-60.231	49.927	67.996	-103.19	41.746	80.291	-132.13	11.221
141.08	-2.0793	19.377	123.07	7.163	-3.6061	162.98	6.9411	-8.7746	148.09	-59.197	49.709	69.42	-102.4	41.7	81.649	-131.33	11.059
141.68	-1.1839	19.421	123.76	7.9229	-3.875	163.06	7.8583	-9.1262	149.53	-58.312	49.585	70.865	-101.69	41.699	83.159	-130.69	11.163
142.97	-0.23267	19.436	124.77	8.8497	-3.5846	164.08	8.6497	-9.2457	150.95	-57.525	49.613	72.359	-101.02	41.745	84.573	-129.93	11.119
144.6	0.54466	19.486	126.22	9.605	-3.4855	165.37	9.3029	-9.2822	152.42	-56.814	49.625	73.894	-100.46	41.825	86.196	-129.44	11.212
146.48	1.0863	19.495	127.85	10.14	-3.2684	166.85	9.9841	-9.257	154.1	-56.101	49.724	75.476	-99.976	41.996	87.77	-128.83	11.257
148.18	1.5313	19.52	129.62	10.589	-3.2318	168.49	10.552	-9.0663	155.78	-55.471	49.963	77.125	-99.472	42.232	89.287	-128.24	11.461
149.76	1.9445	19.439	131.45	11.004	-3.1604	170.2	11.041	-8.7666	157.52	-54.952	50.263	78.781	-98.932	42.458	90.911	-127.67	11.769
151.41	2.2551	19.57	133.33	11.428	-3.1754	172.02	11.536	-8.3958	159.34	-54.496	50.619	80.515	-98.376	42.766	92.568	-127.15	12.022
153.24	2.5392	19.894	135.29	11.81	-2.5719	173.92	11.96	-8.0034	161.28	-54.047	51.036	82.337	-97.895	43.073	94.384	-126.74	12.322
155.3	2.8515	20.403	137.39	12.182	-2.0449	175.94	12.315	-7.5014	163.29	-53.777	51.467	84.274	-97.526	43.385	96.354	-126.4	12.617
157.61	3.1444	21.044	139.6	12.555	-1.2785	178.13	12.695	-6.842	165.45	-53.521	51.981	86.339	-97.168	43.745	98.246	-125.96	12.911
160.03	3.3877	21.751	141.97	12.889	-0.62758	180.52	12.981	-6.0211	167.69	-53.398	52.517	88.468	-96.874	44.141	100.24	-125.54	13.277
162.58	3.5496	22.535	144.48	13.131	0.20331	182.97	13.163	-5.2445	170.06	-53.384	53.104	90.671	-96.594	44.574	102.36	-125.26	13.625
165.73	4.0628	24.076	147.59	13.734	1.7575	185.6	13.336	-4.3792	172.53	-53.457	53.737	92.955	-96.335	45.062	104.46	-124.92	14.011
168.5	4.0932	24.927	150.43	13.881	2.7132	188.4	13.4	-3.4913	175.05	-53.543	54.342	95.312	-96.099	45.59	106.69	-124.58	14.431
171.35	4.0211	25.848	153.38	14.104	3.6298	191.25	13.383	-2.6255	177.68	-53.753	55.002	97.72	-95.892	46.077	109	-124.51	14.872
174.37	3.934	26.812	156.4	14.104	4.7902	194.27	13.358	-1.7097	180.42	-53.983	55.732	100.2	-95.671	46.609	111.3	-124.23	15.277
177.43	3.7717	27.749	159.48	14.19	5.748	196.63	12.861	-1.5042	183.15	-54.257	56.466	102.73	-95.461	47.181	113.66	-123.96	15.778
180.58	3.5839	28.714	162.67	14.148	6.7974	200.56	13.166	0.35604	185.94	-54.576	57.195	105.3	-95.295	47.688	116.04	-123.68	16.195
183.79	3.3748	29.681	165.99	14.139	7.8098	203.83	12.987	1.4282	188.81	-54.876	57.971	107.91	-95.113	48.22	118.48	-123.45	16.644
187.04	3.1345	30.622	169.24	13.997	8.9404	207.16	12.779	2.4466	191.69	-55.225	58.748	110.55	-94.917	48.74	121.01	-123.24	17.187
190.34	2.8955	31.578	172.69	14.035	9.6665	210.55	12.537	3.3488	194.57	-55.581	59.521	113.25	-94.704	49.271	123.63	-123.25	17.641
193.68	2.6383	32.496	176	13.893	10.647	213.95	12.265	4.3794	197.46	-55.921	60.267	115.93	-94.521	49.751	126.17	-123.1	18.121
197.05	2.3865	33.398	179.49	13.756	11.506	217.43	11.952	5.2271	200.39	-56.219	61.018	118.66	-94.296	50.296	128.64	-122.73	18.597
200.43	2.1244	34.165	182.86	13.454	12.139	220.96	11.669	6.1046	203.36	-56.533	61.753	121.41	-94.061	50.749	131.24	-122.59	18.972
203.84	1.8647	34.928	186.37	13.31	12.858	223.64	10.834	5.9174	206.33	-56.834	62.479	124.15	-93.831	51.183	133.87	-122.46	19.519
207.24	1.6108	35.574	189.8	13.164	13.406	227.2	10.568	6.7083	209.31	-57.112	63.099	126.93	-93.557	51.598	136.67	-122.48	20.062
210.63	1.3713	36.119	193.22	12.818	13.876	230.74	10.234	7.2816	212.23	-57.36	63.634	129.7	-93.286	52.003	139.38	-122.33	20.482
214.01	1.1615	36.605	196.59	12.665	14.128	234.13	9.84	7.6593	215.21	-57.534	64.159	132.48	-93.009	52.348	141.89	-121.9	20.847
217.37	0.93468	36.987	199.58	12.037	13.728	237.64	9.5292	8.0815	218.18	-57.679	64.672	135.27	-92.723	52.706	144.53	-121.82	21.28
220.63	0.72564	37.258	202.97	11.754	14.222	241.87	9.7415	9.4272	221.14	-57.807	65.043	138.06	-92.443	52.994	147.18	-121.66	21.498
223.91	0.52459	37.475	206.32	11.625	14.159	244.44	8.9432	8.6981	224.08	-57.969	65.375	140.85	-92.191	53.275	149.79	-121.44	21.894
227.11	0.30704	37.661	209.6	11.415	14.366	247.77	8.6598	8.9548	227.07	-58.117	65.643	143.62	-91.944	53.544	152.38	-121.29	22.178
230.32	0.11363	37.839	212.86	11.133	14.591	251.05	8.3416	9.0776	229.98	-58.319	65.809	146.39	-91.72	53.723	154.98	-121.17	22.459
233.5	-0.12443	37.952	216.11	10.951	14.601	255.08	8.5158	10.132	232.92	-58.512	65.999	149.16	-91.491	53.882	157.75	-121.27	22.712
236.68	-0.36532	38.048	219.34	10.854	14.515	258.28	8.1596	10.218	235.76	-58.736	66.122	151.84	-91.284	53.98	160.09	-120.85	22.695
239.83	-0.64013	38.073	222.56	10.518	14.661	260.71	7.3158	9.3244	238.6	-58.963	66.194	154.48	-91.065	54.062	162.54	-120.68	22.777
242.9	-0.88176	38.058	225.68	10.373	14.679	264.71	7.4649	10.322	241.3	-59.204	66.186	157.07	-90.834	54.043	165.01	-120.52	22.895
245.89	-1.1676	37.967	228.8	10.017	14.43	267	6.5714	9.3313	243.96	-59.43	66.143	159.59	-90.589	53.986	167.24	-120.39	22.834
248.82	-1.4477	37.85	231.85	9.8245	14.078	270.06	6.18	9.2111	246.56	-59.623	66.118	162.06	-90.348	53.858	169.61	-120.29	22.752
251.65	-1.7181	37.626	234.78	9.5085	13.903	273.78	6.2889	9.9561	249.06	-59.786	66.023	164.45	-90.1	53.703	171.84	-120.16	22.708
254.39	-1.9915	37.242	237.69	9.1973	13.384	276.69	5.9092	9.7472	251.52	-59.927	65.86	166.78	-89.826	53.521	173.98	-119.98	22.562
257.08	-2.155	36.88	240.43	9.0177	13.029	279.44	5.5327	9.3032	253.92	-60.011	65.656	169.04	-89.564	53.281	176.1	-119.93	22.331
259.62	-2.3904	36.398	243.07	8.8066	12.391	281.4	4.7388	7.9777	256.22	-60.078	65.379	171.23	-89.289	53.021	178.21	-119.82	22.187
262.12	-2.545	35.809	245.58	8.5674	11.802	283.91	4.4042	7.392	258.45	-60.077	65.04	173.35	-89	52.741	180.47	-120.02	22.158
264.49	-2.6811	35.181	248.05	8.3131	11.033	287.1	4.5408	7.6586	260.63	-60.104	64.573	175.41	-88.711	52.432	182.09	-119.56	21.959
266.81	-2.7848	34.467	250.38	8.1295	10.124	289.44	4.3311	6.9217	262.78	-60.047	64.138	177.43	-88.427	52.065	183.96	-119.37	21.593
268.56	-3.391	32.907	252.61	7.8599	9.4762	290.88	3.54	5.0783	264.85	-59.982	63.579	179.38	-88.146	51.704	185.76	-119.26	21.431
270.67	-3.486	32.054	254.73	7.7196	8.5339	292.97	3.3352	4.1552	266.88	-59.942	62.938	181.23	-87.885	51.324	187.48	-119.05	21.102
272.68	-3.5544	31.189	256.7	7.6152	7.6149	295.03	3.1524	3.3152	268.85	-59.877	62.268	183.05	-87.629	50.896	188.97	-119.03	20.722
274.64	-3.6255	30.34	258.59	7.5006	6.7194	297.7	3.485	3.3839	270.72	-59.864	61.525	184.8	-87.392	50.451	190.66	-118.82	20.366
276.5	-3.6639	29.441	260.36	7.3772	6.0495	298.72	2.8893	1.3985	272.52	-59.836	60.753	186.46	-87.168	50.01	192.14	-118.68	19.928
278.24	-3.698	28.594	262.01	7.3175	5.2764	301.12	3.2452	1.4319	274.21	-59.805	59.934	188.07	-86.936	49.568	193.52	-118.49	19.575
279.85	-3.7514	27.73	263.58	7.2938	4.3197	301.89	2.6831	-0.50129	275.88	-59.77	59.187	189.56	-86.741	49.068	195.1	-118.78	19.148
281.38	-3.7497	26.89	265.02	7.2628	3.6301	303.35	2.5745	-1.4606	277.34	-59.723	58.393	190.96	-86.517	48.552	196.08	-118.13	18.626
282.77	-3.7279	25.99	266.38	7.3476	2.5459	304.74	2.6248	-2.3407	278.74	-59.627	57.604	192.26	-86.285	48.007	197.48	-118.46	18.164
284.08	-3.6706	25.14	267.63	7.1877	1.9367	306.81	3.0909	-2.2174	280.04	-59.482	56.877	193.48	-86.031	47.457	198.3	-117.83	17.539
285.23	-3.6063	24.243	268.76	7.3032	0.92638	308.02	3.0947	-3.0954	281.18	-59.308	56.131	194.57	-85.791	46.834	199.3	-117.67	17.011
286.31	-3.4563	23.352	269.85	7.2786	0.05588	309.12	3.1234	-4.0271	282.21	-59.103	55.424	195.57	-85.518	46.202	200.21	-117.56	16.446
286.31	-3.4563	23.352	270.8	7.2447	-0.81873	287.28	-3.3235	22.413	283.15	-58.849	54.735	196.52	-85.21	45.609	201.12	-117.32	15.93
286.31	-3.4563	23.352	271.7	7.3076	-1.8712	288.13	-3.1694	21.441	284.03	-58.527	54.012	197.36	-84.91	44.922	202.29	-117.6	15.529
311.95	3.6034	-6.423	272.34	7.3907	-3.0086	289.22	-2.7389	20.835	284.74	-58.206	53.28	198.1	-84.628	44.263	202.6	-117	14.823
312.68	3.7402	-7.2261	272.74	7.7055	-3.4982	290.09	-1.8577	20.803	285.48	-57.908	52.559	198.82	-84.277	43.634	203.35	-116.84	14.35
312.68	3.7402	-7.2261	273.27	8.0222	-3.6052	290.64	-1.6586	20.716	286.14	-57.708	51.93	199.39	-83.994	42.929	203.91	-116.67	13.796
312.68	3.7402	-7.2261	273.7	8.3091	-4.0744	291.59	-0.71799	21.598	286.71	-57.588	51.292	199.91	-83.825	42.322	204.54	-116.49	13.226
312.68	3.7402	-7.2261	274.09	8.5607	-4.3557	292.07	-0.42346	21.571	287.18	-57.482	50.764	200.43	-83.708	41.834	204.98	-116.37	12.567
312.68	3.7402	-7.2261	274.3	8.762	-4.2726	292.49	-0.1056	21.658	287.6	-57.378	50.309	200.85	-83.653	41.313	205.61	-116.72	12.156
312.68	3.7402	-7.2261	274.2	9.144	-4.5304	292.61	0.36209	21.715	287.94	-57.297	49.878	201.24	-83.465	40.914	205.56	-116.07	11.671
312.68	3.7402	-7.2261	274.09	9.5147	-4.8498	292.6	0.82335	21.749	288.2	-57.154	49.433	201.47	-83.253	40.626	205.84	-115.88	11.395
312.68	3.7402	-7.2261	274.02	9.8557	-4.7218	292.63	1.258	21.777	288.4	-56.975	49.083	201.62	-83.081	40.348	205.98	-115.72	11.247
312.68	3.7402	-7.2261	273.93	10.003	-4.9033	292.55	1.5929	21.771	288.49	-56.823	48.806	201.69	-83.01	40.12	205.98	-115.62	10.807
312.68	3.7402	-7.2261	273.95	10.236	-5.2501	292.65	1.8475	21.8	288.49	-56.648	48.582	201.69	-82.922	39.897	205.96	-115.46	10.629
312.68	3.7402	-7.2261	273.94	10.381	-5.3601	292.7	2.0027	21.835	288.43	-56.528	48.466	201.61	-82.763	39.674	205.93	-115.34	10.487
312.68	3.7402	-7.2261	273.94	10.376	-5.3902	292.71	2.0513	21.844	288.31	-56.448	48.412	201.45	-82.581	39.567	205.8	-115.17	10.412
312.68	3.7402	-7.2261	273.91	10.448	-5.4727	292.7	2.025	21.833	288.12	-56.382	48.421	201.21	-82.415	39.461	205.55	-115.1	10.361
312.68	3.7402	-7.2261	273.89	10.43	-5.5198	292.67	1.908	21.809	287.86	-56.321	48.431	200.95	-82.29	39.373	205.6	-115.58	10.352
312.68	3.7402	-7.2261	273.86	10.33	-5.5446	292.59	1.7232	21.758	287.61	-56.262	48.52	200.7	-82.192	39.304	205.17	-115.08	10.277
312.68	3.7402	-7.2261	273.8	10.255	-5.6345	292.48	1.4783	21.752	287.33	-56.225	48.611	200.46	-82.091	39.255	204.98	-114.99	10.359
312.68	3.7402	-7.2261	273.71	10.133	-5.7427	292.3	1.1068	21.685	286.98	-56.208	48.681	200.18	-82.021	39.205	204.69	-115.02	10.426
312.68	3.7402	-7.2261	273.62	9.9842	-5.779	292.18	0.7041	21.626	286.66	-56.254	48.81	199.89	-81.965	39.168	204.38	-115.17	10.386
314.38	4.7523	-11.672	273.43	9.8426	-5.888	292.18	0.66561	21.614	286.33	-56.292	48.906	199.57	-81.946	39.157	204.16	-115.23	10.56
314.01	4.1974	-12.238	273.19	9.6658	-5.821	292.14	0.66169	21.614	285.93	-56.388	48.985	199.27	-81.939	39.116	203.93	-115.25	10.609
314.18	3.876	-12.18	272.92	9.3872	-5.9044	292.11	0.66011	21.607	285.55	-56.414	49.068	198.94	-81.977	39.03	203.59	-115.39	10.674
314.51	3.5532	-12.109	272.75	9.0132	-6.4647	292.11	0.6575	21.616	285.09	-56.483	49.109	198.6	-81.999	38.955	203.21	-115.52	10.654
315.86	3.5252	-11.197	272.26	8.5215	-7.1622	292.01	0.62614	21.665	284.59	-56.33	49.116	198.2	-82.032	38.849	202.91	-115.66	10.893
316.82	3.0376	-11.237	271.6	8.3516	-7.6449	291.93	0.61054	21.681	284.02	-56.119	48.9	197.77	-82.029	38.688	202.55	-115.88	10.887
318	2.27	-11.349	270.78	8.2087	-7.9593	291.9	0.59566	21.691	283.5	-55.99	48.608	197.26	-81.959	38.467	202.11	-116.12	11.013
319.39	1.436	-11.211	269.82	8.1285	-8.3192	291.91	0.58388	21.69	282.97	-55.976	48.345	196.69	-81.922	38.253	201.69	-116.31	11.038
320.9	0.53627	-10.817	268.85	7.986	-8.6266	291.91	0.59012	21.697	282.41	-56.097	48.092	196.08	-82.054	38.09	201.15	-116.6	10.939
322.41	-0.44358	-10.232	267.82	7.7988	-8.9822	291.91	0.58206	21.692	281.84	-56.311	47.801	195.5	-82.308	37.945	200.69	-116.84	10.91
323.86	-1.5998	-9.661	266.52	7.5368	-9.421	292.07	0.66048	21.74	281.24	-56.619	47.432	194.96	-82.637	37.859	200.05	-117.19	10.815
325.18	-2.8725	-9.0426	265.77	7.7753	-8.7736	292.08	0.66982	21.741	280.67	-56.943	47.222	194.36	-83.008	37.729	199.36	-117.62	10.655
326.43	-4.1721	-8.2545	264.64	7.6681	-8.8437	292.09	0.67466	21.733	279.98	-57.342	47.013	193.73	-83.397	37.727	198.78	-117.96	10.69
327.59	-5.5426	-7.2066	263.49	7.3705	-8.2903	292.09	0.68196	21.732	279.17	-57.782	46.916	193	-83.815	37.715	198.03	-118.37	10.632
328.65	-6.9242	-5.9434	262.31	7.1291	-8.1453	292.09	0.68134	21.73	278.31	-58.275	46.93	192.18	-84.277	37.745	197.18	-118.91	10.69
329.59	-8.323	-4.5107	261.09	6.8516	-7.9683	292.09	0.67905	21.741	277.36	-58.83	47.003	191.31	-84.758	37.841	196.35	-119.39	10.737
330.39	-9.7763	-2.8794	259.89	6.4771	-7.6595	292.1	0.68307	21.733	276.3	-59.474	47.204	190.36	-85.26	37.998	195.42	-119.88	10.898
331.02	-11.201	-1.0734	258.71	6.0106	-7.1338	292.08	0.68363	21.737	275.2	-60.21	47.499	189.36	-85.818	38.227	194.49	-120.39	11.172
331.49	-12.61	0.86506	257.46	5.5216	-6.4721	292.09	0.67962	21.738	274.04	-61.025	47.897	188.3	-86.442	38.472	193.47	-121.03	11.319
331.68	-14.082	2.7476	256.2	5.0611	-5.9685	292.1	0.68647	21.736	272.81	-61.91	48.364	187.16	-87.135	38.819	192.4	-121.57	11.603
331.75	-15.438	4.8628	254.93	4.5082	-5.2023	292.09	0.68225	21.729	271.52	-62.864	48.87	185.99	-87.886	39.205	191.2	-122.27	11.927
331.65	-16.814	6.9066	253.57	3.9125	-4.2881	292.09	0.67875	21.738	270.18	-63.852	49.515	184.75	-88.67	39.606	189.93	-122.93	12.119
331.33	-18.186	8.9106	252.15	3.2971	-3.2066	292.08	0.66996	21.74	268.76	-64.87	50.056	183.44	-89.465	40.099	188.59	-123.7	12.449
330.8	-19.549	10.896	250.67	2.7191	-2.2995	292.07	0.67665	21.737	267.26	-65.889	50.788	182.02	-90.324	40.605	187.47	-124.76	13.07
330.08	-20.881	12.85	249.18	1.9415	-1.217	292.07	0.67225	21.748	265.64	-66.942	51.412	180.5	-91.191	41.143	185.77	-125.05	13.239
329.14	-22.168	14.678	247.63	1.3382	-0.30076	292.07	0.66369	21.744	263.96	-67.981	52.176	178.91	-92.058	41.744	184.2	-125.82	13.631
327.96	-23.374	16.399	246	0.59667	0.9472	292.07	0.66217	21.741	262.16	-69.058	52.902	177.19	-92.93	42.293	182.62	-126.45	14.144
326.56	-24.505	17.978	244.33	-0.11567	1.8594	292.07	0.66295	21.743	260.3	-70.103	53.709	175.39	-93.81	42.88	180.83	-127.19	14.514
324.95	-25.541	19.405	242.57	-0.76562	2.7602	292.06	0.65471	21.731	258.28	-71.172	54.442	173.45	-94.683	43.482	178.93	-127.92	14.883
323.14	-26.526	20.671	240.73	-1.5616	3.9499	292.06	0.65709	21.737	256.18	-72.209	55.176	171.41	-95.546	44.06	176.97	-128.64	15.314
321.15	-27.481	21.789	238.87	-2.3338	4.9307	292.07	0.66622	21.737	254.01	-73.188	55.911	169.26	-96.368	44.646	174.94	-129.36	15.729
319.51	-27.773	23.507	236.86	-3.1495	6.1709	292.08	0.65925	21.734	251.7	-74.166	56.591	166.99	-97.193	45.214	172.8	-129.95	16.167
316.62	-29.101	23.59	234.76	-3.8169	7.0139	292.08	0.66618	21.749	249.31	-75.068	57.248	164.6	-97.996	45.764	170.64	-130.6	16.586
314.02	-29.798	24.228	232.84	-4.2349	8.5465	292.08	0.66893	21.739	246.97	-75.76	58.224	162.11	-98.798	46.303	168.12	-131.27	16.989
311.29	-30.329	24.804	230.51	-4.6795	9.4146	292.09	0.66277	21.74	244.36	-76.625	58.84	159.52	-99.628	46.855	165.76	-131.88	17.269
308.35	-30.736	25.279	228.08	-5.3248	10.519	292.09	0.67595	21.738	241.63	-77.45	59.388	156.81	-100.47	47.325	163.17	-132.5	17.494
305.23	-31.04	25.623	225.46	-5.8927	11.414	292.09	0.66758	21.734	238.81	-78.186	59.848	154.04	-101.3	47.812	160.52	-133.09	17.91
301.99	-31.207	25.912	222.64	-6.3492	12.298	292.09	0.66991	21.735	235.89	-78.837	60.282	151.19	-102.11	48.306	157.86	-133.64	18.266
298.56	-31.272	26.072	219.7	-6.6995	13.006	292.09	0.67934	21.741	232.89	-79.353	60.686	148.21	-102.94	48.748	155.06	-134.24	18.529
294.96	-31.197	26.239	216.52	-6.9938	13.63	292.09	0.67978	21.742	229.71	-79.881	61.033	145.14	-103.75	49.183	152.08	-134.84	18.733
291.21	-31.011	26.353	213.15	-7.2362	14.156	292.09	0.67954	21.74	226.48	-80.293	61.4	141.99	-104.55	49.57	149.16	-135.46	18.984
287.29	-30.797	26.354	209.67	-7.4058	14.824	292.08	0.67493	21.732	223.09	-80.651	61.657	138.73	-105.33	49.944	146.13	-136.03	19.238
283.17	-30.365	26.381	206.07	-7.6109	15.365	292.09	0.68155	21.743	219.59	-80.932	61.901	135.38	-106.11	50.306	142.95	-136.53	19.389
278.89	-29.899	26.348	202.29	-7.7058	15.815	292.08	0.67172	21.744	216.02	-81.196	62.196	131.94	-106.89	50.631	139.7	-137.06	19.615
274.43	-29.332	26.314	198.45	-7.7942	16.211	292.08	0.67097	21.739	212.32	-81.403	62.514	128.4	-107.66	50.937	136.38	-137.55	19.784
269.69	-28.744	26.132	194.54	-7.9135	16.68	292.08	0.67131	21.742	208.52	-81.609	62.795	124.75	-108.41	51.187	133.09	-138.09	19.959
264.82	-27.963	26.054	190.52	-7.9765	17.173	292.08	0.66884	21.739	204.56	-81.773	63.097	121.01	-109.13	51.437	129.54	-138.5	20.099
259.66	-27.114	25.859	186.44	-7.9981	17.696	292.08	0.66809	21.738	200.55	-81.926	63.408	117.19	-109.86	51.642	125.93	-139.02	20.153
254.37	-26.086	25.751	182.24	-8.0408	18.163	292.07	0.67499	21.738	196.44	-82.039	63.667	113.28	-110.56	51.81	122.33	-139.52	20.304
254.37	-26.086	25.751	178.05	-8.0199	18.683	292.07	0.66513	21.733	192.26	-82.084	63.91	109.33	-111.26	51.979	118.63	-140.01	20.409
254.37	-26.086	25.751	173.74	-8.0305	19.161	292.07	0.66644	21.747	187.99	-82.118	64.096	105.31	-111.97	52.139	114.89	-140.65	20.378
292.07	0.66586	21.734	169.35	-8.0269	19.588	NaN	NaN	NaN	183.69	-82.104	64.325	101.25	-112.65	52.297	111	-140.94	20.442
292.07	0.66525	21.733	164.9	-8.0243	20.001	NaN	NaN	NaN	179.36	-82.091	64.594	97.133	-113.35	52.438	107.19	-141.49	20.508
292.07	0.66632	21.735	160.39	-8.024	20.473	NaN	NaN	NaN	174.98	-82.067	64.783	93.003	-114.02	52.609	103.2	-141.78	20.443
292.08	0.66881	21.739	155.74	-7.9995	20.802	NaN	NaN	NaN	170.55	-81.989	64.889	88.813	-114.71	52.716	99.271	-142.26	20.544
292.08	0.67173	21.744	151.08	-7.986	21.087	NaN	NaN	NaN	166.12	-81.84	64.852	84.603	-115.38	52.853	95.135	-142.51	20.428
292.08	0.66927	21.74	146.32	-7.9237	21.225	NaN	NaN	NaN	161.71	-81.687	64.901	80.357	-116.05	52.964	91.176	-143.03	20.424
292.08	0.66159	21.738	141.49	-7.8919	21.479	196.63	-14.86	20.863	157.22	-81.48	64.893	76.105	-116.7	53.077	86.991	-143.29	20.391
292.08	0.67189	21.744	136.55	-7.8006	21.505	189.14	-13.429	19.966	152.7	-81.175	64.822	71.832	-117.36	53.146	82.842	-143.64	20.254
292.08	0.67451	21.745	131.46	-7.6479	21.437	NaN	NaN	NaN	148.17	-80.785	64.647	67.531	-117.99	53.207	78.748	-144.03	20.252
292.09	0.67468	21.733	126.27	-7.5729	21.367	NaN	NaN	NaN	143.62	-80.313	64.467	63.261	-118.62	53.258	74.654	-144.45	20.077
292.09	0.66995	21.736	121	-7.4417	21.167	NaN	NaN	NaN	138.78	-80.006	63.884	58.956	-119.19	53.239	70.465	-144.73	20.041
292.09	0.67714	21.736	115.7	-7.2464	20.904	NaN	NaN	NaN	134.14	-79.376	63.57	54.708	-119.71	53.206	66.319	-145	19.844
292.08	0.67103	21.741	110.25	-7.066	20.592	NaN	NaN	NaN	129.47	-78.649	63.285	50.411	-120.26	53.171	62.216	-145.38	19.77
292.08	0.67375	21.733	104.8	-6.8559	20.163	NaN	NaN	NaN	124.78	-77.892	63.015	46.131	-120.76	53.088	58.196	-145.72	19.613
292.08	0.67419	21.731	99.289	-6.6318	19.692	NaN	NaN	NaN	120.07	-77.061	62.717	41.882	-121.24	52.958	54.122	-146.08	19.508
292.08	0.67365	21.746	93.787	-6.3851	19.121	NaN	NaN	NaN	115.33	-76.195	62.414	37.646	-121.7	52.851	50.146	-146.38	19.365
292.08	0.67186	21.743	88.249	-6.1876	18.582	NaN	NaN	NaN	110.57	-75.333	62.072	33.466	-122.13	52.674	46.215	-146.68	19.156
292.08	0.67147	21.742	82.762	-5.9722	18.089	NaN	NaN	NaN	105.82	-74.483	61.729	29.276	-122.52	52.488	42.267	-146.96	18.88
292.07	0.67367	21.736	77.219	-5.7998	17.561	NaN	NaN	NaN	101.09	-73.644	61.415	25.15	-122.92	52.287	38.393	-147.22	18.659
292.07	0.66677	21.736	71.491	-5.4935	16.982	NaN	NaN	NaN	96.369	-72.822	61.067	21.061	-123.26	52.028	34.564	-147.47	18.458
292.07	0.67584	21.739	65.447	-5.1441	16.272	NaN	NaN	NaN	91.678	-72.081	60.687	17.018	-123.6	51.736	30.773	-147.72	18.215
292.08	0.66878	21.738	59.784	-4.8602	15.728	84.811	-0.45139	4.3448	87.038	-71.339	60.316	13.055	-123.93	51.459	27.051	-147.98	17.894
292.08	0.66801	21.736	54.357	-4.6689	15.248	79.272	-0.020512	3.7397	82.456	-70.613	59.873	9.159	-124.24	51.135	23.417	-148.17	17.651
292.07	0.66632	21.735	49.108	-4.4312	14.559	73.881	0.66574	5.4291	78.057	-69.957	59.466	5.2962	-124.52	50.766	19.797	-148.4	17.413
292.07	0.66661	21.735	43.992	-4.246	14.042	NaN	NaN	NaN	73.707	-69.339	58.999	1.5391	-124.72	50.402	16.253	-148.63	17.063
292.07	0.67147	21.731	38.953	-4.0621	13.309	NaN	NaN	NaN	69.47	-68.754	58.478	-2.1782	-124.92	49.988	12.857	-148.77	16.613
292.08	0.67128	21.73	34.08	-3.9048	12.62	NaN	NaN	NaN	65.32	-68.207	57.912	-5.7823	-125.13	49.542	9.5252	-148.96	16.316
292.08	0.66944	21.741	29.353	-3.7064	11.849	NaN	NaN	NaN	61.338	-67.621	57.434	-9.249	-125.35	49.115	6.3243	-149.09	15.827
292.08	0.66735	21.736	24.763	-3.6859	11.244	NaN	NaN	NaN	57.411	-67.072	56.873	-12.596	-125.52	48.646	3.2622	-149.22	15.509
292.08	0.67452	21.745	20.351	-3.5147	10.305	NaN	NaN	NaN	53.592	-66.515	56.279	-15.824	-125.69	48.183	0.20839	-149.38	15.025
292.09	0.67468	21.733	15.698	-3.7743	8.8926	NaN	NaN	NaN	50.287	-65.699	56.264	-18.964	-125.81	47.673	-2.6721	-149.5	14.558
292.09	0.67468	21.733	11.658	-3.7062	8.1445	NaN	NaN	NaN	46.718	-65.155	55.745	-21.965	-125.93	47.195	-5.4128	-149.62	14.109
292.09	0.67465	21.735	7.6106	-3.1011	8.7443	32.675	3.0672	-1.6131	43.29	-64.677	55.234	-24.905	-126.06	46.691	-8.1109	-149.75	13.637
292.09	0.67554	21.748	3.9323	-3.0569	7.9247	28.733	3.1297	-2.595	39.623	-64.534	54.277	-27.695	-126.17	46.186	-10.633	-149.83	13.233
292.09	0.66761	21.745	1.1568	-2.8063	7.0812	25.216	3.2412	-3.3603	36.451	-64.141	53.816	-30.376	-126.26	45.673	-13.14	-149.92	12.792
292.08	0.67247	21.741	-2.1978	-2.7932	6.3334	21.849	3.3531	-4.1587	33.45	-63.788	53.348	-32.957	-126.36	45.159	-15.47	-150.01	12.383
292.09	0.67468	21.733	-5.4585	-3.2402	4.7601	18.802	3.431	-4.7724	30.556	-63.443	52.863	-35.425	-126.42	44.632	-17.739	-150.1	11.983
292.09	0.67702	21.737	-8.3752	-3.223	4.0602	15.896	3.4881	-5.4443	27.869	-63.146	52.401	-37.786	-126.48	44.101	-19.888	-150.12	11.462
292.08	0.67219	21.731	-11.149	-3.2263	3.3647	13.151	3.5336	-6.0969	25.299	-62.898	51.933	-40.07	-126.54	43.618	-21.932	-150.2	10.998
292.08	0.67345	21.733	-13.733	-3.1947	2.5891	10.595	3.5755	-6.7237	22.951	-62.666	51.492	-42.169	-126.56	43.111	-23.933	-150.21	10.583
292.08	0.67235	21.729	-16.071	-3.2101	2.1322	8.2423	3.5765	-7.3105	20.677	-62.466	51.037	-44.19	-126.58	42.59	-25.704	-150.23	10.064
292.08	0.6691	21.74	-18.312	-3.13	1.3393	6.0284	3.6376	-7.9082	18.587	-62.273	50.589	-46.037	-126.57	42.077	-27.477	-150.27	9.6647
292.07	0.67744	21.739	-20.348	-3.1204	0.81985	4.0522	3.6998	-8.4682	16.631	-62.066	50.148	-47.871	-126.59	41.556	-29.08	-150.25	9.1408
292.08	0.66895	21.726	-22.259	-3.0403	0.072533	2.1622	3.7247	-9.0742	14.805	-61.931	49.696	-49.524	-126.55	41.011	-30.59	-150.26	8.6898
292.08	0.67127	21.74	-24.023	-3.0698	-0.45413	0.47063	3.7516	-9.6174	13.046	-61.73	49.251	-51.087	-126.51	40.477	-31.993	-150.25	8.2523
292.08	0.67352	21.743	-25.588	-2.9767	-1.1277	-1.0935	3.808	-10.209	11.468	-61.567	48.793	-52.563	-126.45	39.921	-33.302	-150.19	7.7653
292.08	0.67145	21.727	-27.072	-2.917	-1.8574	-2.4962	3.8727	-10.829	9.9234	-61.365	48.351	-53.934	-126.35	39.384	-34.534	-150.16	7.2543
292.08	0.67378	21.731	-28.371	-2.8536	-2.5728	-3.8363	3.8821	-11.525	8.4965	-61.173	47.919	-55.209	-126.25	38.805	-35.614	-150.07	6.7545
292.08	0.66984	21.738	-29.562	-2.8164	-3.3321	-4.9052	3.8328	-12.129	7.1522	-60.986	47.48	-56.416	-126.11	38.152	-36.658	-150.05	6.2331
292.09	0.67424	21.732	-30.628	-2.7812	-4.2727	-5.8651	3.8469	-12.895	5.8326	-60.745	47.074	-57.575	-125.97	37.512	-37.542	-149.98	5.7474
292.09	0.67361	21.731	-31.591	-2.7934	-5.3074	-6.6841	3.7564	-13.628	4.5751	-60.49	46.727	-58.662	-125.79	36.873	-38.41	-149.95	5.2653
292.09	0.66733	21.732	-32.35	-2.82	-6.1478	-7.3288	3.6479	-14.346	3.3456	-60.267	46.398	-59.741	-125.61	36.191	-39.146	-149.83	4.8237
292.08	0.67143	21.73	-33.002	-2.7716	-7.252	-7.7888	3.5651	-14.982	2.1805	-60.059	46.099	-60.73	-125.38	35.48	-39.776	-149.77	4.347
292.08	0.67611	21.735	-33.589	-2.8606	-8.4329	-8.1554	3.4634	-15.586	1.091	-59.853	45.848	-61.666	-125.16	34.763	-40.341	-149.68	3.8604
292.08	0.67275	21.729	-34.188	-3.0748	-9.6352	-8.4076	3.4164	-16.192	0.10285	-59.665	45.575	-62.521	-124.93	34.04	-40.853	-149.62	3.4214
292.08	0.66909	21.74	-34.512	-3.066	-10.618	-8.5378	3.3241	-16.71	-0.83728	-59.521	45.325	-63.294	-124.73	33.205	-41.266	-149.57	3.0026
292.08	0.66809	21.739	-34.628	-3.0672	-11.373	-8.6335	3.2258	-17.208	-1.6616	-59.348	45.038	-63.947	-124.55	32.415	-41.626	-149.5	2.5432
292.08	0.66848	21.735	-34.745	-3.1058	-12.147	-8.7054	3.134	-17.808	-2.3933	-59.247	44.728	-64.548	-124.34	31.687	-41.86	-149.42	2.0521
292.07	0.66616	21.734	-34.837	-3.1109	-12.974	-8.6422	3.0471	-18.253	-3.0365	-59.129	44.44	-65.033	-124.17	30.905	-42.145	-149.38	1.6453
292.06	0.66965	21.728	-34.942	-3.011	-13.237	-8.8386	3.3613	-18.08	-3.5591	-59.024	44.176	-65.466	-123.97	30.226	-42.298	-149.26	1.1865
292.06	0.66981	21.739	-35.001	-2.8229	-13.492	-8.8094	3.4276	-18.103	-3.9639	-59.027	43.993	-65.829	-123.81	29.539	-42.417	-149.18	0.81154
292.06	0.67042	21.73	-35.013	-2.6942	-13.492	-8.8052	3.4609	-18.112	-4.2241	-59.078	43.879	-66.097	-123.66	29.052	-42.543	-149.15	0.42761
292.07	0.675	21.735	-35.028	-2.6509	-13.536	-8.7961	3.4395	-18.119	-4.418	-59.134	43.849	-66.28	-123.61	28.752	-42.559	-149.13	0.081852
292.07	0.67629	21.737	-35.065	-2.6185	-13.538	-8.8032	3.429	-18.082	-4.5602	-59.14	43.894	-66.376	-123.63	28.667	-42.601	-149.14	-0.0075646
292.06	0.68468	21.74	-35.112	-2.621	-13.521	-8.8326	3.4173	-18.058	-4.6105	-59.103	44.013	-66.38	-123.65	28.712	-42.666	-149.12	0.061476
292.07	0.67604	21.738	-35.161	-2.648	-13.558	-8.8273	3.3971	-17.986	-4.6442	-59.04	44.158	-66.337	-123.64	28.783	-42.779	-149.06	0.24145
292.07	0.69027	21.736	-35.166	-2.6239	-13.531	-8.8098	3.3988	-17.912	-4.656	-58.967	44.292	-66.295	-123.57	28.839	-42.802	-149.02	0.34519
292.07	0.69022	21.734	-35.153	-2.6123	-13.532	-8.798	3.4266	-17.842	-4.6384	-58.919	44.351	-66.262	-123.53	28.871	-42.808	-148.99	0.35888
292.07	0.6931	21.723	-35.154	-2.5803	-13.546	-8.7796	3.4423	-17.852	-4.5957	-58.881	44.305	-66.232	-123.49	28.862	-42.8	-148.97	0.33031
292.08	0.69078	21.731	-35.125	-2.5313	-13.536	-8.7493	3.4819	-17.857	-4.5149	-58.846	44.197	-66.213	-123.46	28.829	-42.813	-148.94	0.26064
292.08	0.69078	21.731	-35.045	-2.4621	-13.519	-8.7053	3.5433	-17.843	-4.3884	-58.827	44.103	-66.199	-123.4	28.765	-42.835	-148.91	0.20941
292.08	0.68861	21.741	-34.996	-2.4299	-13.507	-8.6651	3.5714	-17.888	-4.2734	-58.817	44.012	-66.189	-123.32	28.688	-42.886	-148.89	0.098813
292.08	0.688	21.726	-34.939	-2.4045	-13.481	-8.6229	3.5906	-17.912	-4.1448	-58.815	43.935	-66.186	-123.26	28.603	-42.859	-148.86	-0.024835
292.09	0.69182	21.732	-34.904	-2.3833	-13.466	-8.5884	3.594	-17.95	-4.0357	-58.818	43.79	-66.159	-123.24	28.566	-42.858	-148.86	-0.092517
292.09	0.68336	21.73	-34.877	-2.379	-13.465	-8.5638	3.6026	-17.977	-3.9438	-58.814	43.697	-66.141	-123.22	28.521	-42.838	-148.86	-0.11464
292.09	0.68813	21.728	-34.848	-2.3648	-13.441	-8.5429	3.5924	-18.002	-3.857	-58.8	43.636	-66.111	-123.22	28.488	-42.83	-148.87	-0.16031
292.09	0.69037	21.732	-34.838	-2.3707	-13.453	-8.5348	3.5971	-18.009	-3.7905	-58.8	43.575	-66.075	-123.22	28.459	-42.822	-148.89	-0.17064
292.08	0.68695	21.724	-34.831	-2.3784	-13.454	-8.5249	3.592	-18.006	-3.7426	-58.799	43.517	-66.061	-123.23	28.434	-42.81	-148.91	-0.20025
292.08	0.68108	21.731	-34.836	-2.3849	-13.461	-8.5218	3.595	-18.004	-3.7164	-58.801	43.472	-66.048	-123.24	28.414	-42.799	-148.95	-0.21455
292.08	0.68621	21.723	-34.839	-2.4007	-13.47	-8.53	3.5882	-18.012	-3.703	-58.789	43.443	-66.046	-123.25	28.357	-42.78	-148.98	-0.24605
292.07	0.67863	21.728	-34.848	-2.4079	-13.478	-8.5287	3.6009	-18.004	-3.691	-58.788	43.407	-66.044	-123.26	28.346	-42.783	-149.01	-0.28169
292.08	0.68349	21.735	-34.855	-2.425	-13.48	-8.5621	3.6203	-17.997	-3.6814	-58.788	43.369	-66.033	-123.28	28.3	-42.792	-149.03	-0.2861
292.07	0.68005	21.73	-34.878	-2.4287	-13.493	-8.5668	3.6312	-17.979	-3.6739	-58.794	43.353	-66.03	-123.3	28.226	-42.775	-149.06	-0.32125
292.07	0.68593	21.727	-34.88	-2.4443	-13.488	-8.5851	3.6459	-17.98	-3.6759	-58.789	43.296	-66.028	-123.31	28.203	-42.781	-149.07	-0.33426
292.08	0.6832	21.735	-34.899	-2.4565	-13.506	-8.5999	3.676	-17.955	-3.6589	-58.785	43.232	-66.028	-123.32	28.167	-42.782	-149.1	-0.36103
292.07	0.67888	21.726	-34.929	-2.4634	-13.512	-8.6268	3.7118	-17.95	-3.6392	-58.764	43.169	-66.023	-123.33	28.147	-42.793	-149.12	-0.39707
292.07	0.68005	21.73	-34.932	-2.4645	-13.514	-8.6407	3.7456	-17.917	-3.6202	-58.768	43.104	-66.015	-123.35	28.099	-42.803	-149.13	-0.43766
292.07	0.68128	21.731	-34.95	-2.4752	-13.532	-8.6506	3.7669	-17.911	-3.6022	-58.75	43.052	-66.002	-123.35	28.074	-42.804	-149.15	-0.46504
292.07	0.68083	21.73	-34.955	-2.4918	-13.543	-8.6629	3.7726	-17.915	-3.5882	-58.758	42.985	-65.99	-123.36	28.048	-42.812	-149.17	-0.48492
292.08	0.68276	21.734	-34.952	-2.4902	-13.539	-8.6842	3.7735	-17.911	-3.5538	-58.744	42.953	-65.968	-123.37	28.038	-42.8	-149.19	-0.51777
292.08	0.69506	21.74	-34.957	-2.4954	-13.531	-8.6887	3.7951	-17.901	-3.5272	-58.745	42.908	-65.927	-123.38	28.034	-42.812	-149.21	-0.56576
292.08	0.6808	21.731	-34.97	-2.5036	-13.543	-8.7096	3.8052	-17.891	-3.4965	-58.734	42.859	-65.904	-123.39	28.01	-42.802	-149.22	-0.59591
292.08	0.6956	21.728	-34.98	-2.5109	-13.551	-8.7211	3.8131	-17.88	-3.4608	-58.721	42.828	-65.866	-123.42	27.998	-42.77	-149.25	-0.63737
292.08	0.68416	21.719	-34.995	-2.5179	-13.566	-8.7341	3.8296	-17.863	-3.4262	-58.717	42.802	-65.831	-123.44	27.977	-42.762	-149.26	-0.68511
292.08	0.68747	21.725	-34.999	-2.5181	-13.569	-8.7514	3.8463	-17.849	-3.4013	-58.709	42.764	-65.794	-123.45	27.958	-42.732	-149.29	-0.69931
292.08	0.68808	21.726	-35.005	-2.5223	-13.574	-8.7641	3.8611	-17.846	-3.3527	-58.699	42.726	-65.755	-123.47	27.938	-42.718	-149.29	-0.73897
292.08	0.69314	21.725	-35.017	-2.5198	-13.579	-8.7601	3.8751	-17.823	-3.3219	-58.687	42.705	-65.724	-123.49	27.903	-42.679	-149.3	-0.80493
292.08	0.68845	21.727	-35.012	-2.5151	-13.574	-8.773	3.8824	-17.84	-3.2704	-58.679	42.708	-65.671	-123.51	27.89	-42.633	-149.33	-0.8449
292.08	0.68387	21.719	-35.027	-2.5241	-13.588	-8.7816	3.8894	-17.829	-3.2287	-58.66	42.696	-65.619	-123.52	27.893	-42.606	-149.34	-0.86765
292.08	0.68636	21.724	-35.024	-2.5225	-13.585	-8.7891	3.9005	-17.841	-3.19	-58.667	42.656	-65.573	-123.53	27.879	-42.571	-149.35	-0.9097
292.08	0.68325	21.734	-35.025	-2.5233	-13.587	-8.7918	3.9122	-17.836	-3.1548	-58.666	42.631	-65.526	-123.54	27.867	-42.535	-149.38	-0.96208
292.07	0.68153	21.729	-35.015	-2.528	-13.585	-8.788	3.9294	-17.838	-3.0944	-58.66	42.61	-65.473	-123.56	27.856	-42.496	-149.38	-1.0227
292.08	0.68817	21.727	-35.012	-2.5284	-13.581	-8.7873	3.9344	-17.851	-3.0425	-58.671	42.574	-65.401	-123.58	27.84	-42.454	-149.39	-1.0423
292.08	0.68329	21.732	-35.005	-2.5257	-13.575	-8.7881	3.9476	-17.86	-2.9944	-58.674	42.529	-65.336	-123.6	27.837	-42.413	-149.41	-1.0732
