139.97	-1.0205	20.244	-33.792	-2.3647	-13.888	-13.486	9.74	4.5188	-1.6148	-59.458	41.923	-64.573	-123.86	26.834	-43.46	-149.95	-2.8996
139.97	-1.0205	20.244	-33.792	-2.3647	-13.888	-13.486	9.74	4.5188	-1.6148	-59.458	41.923	-64.573	-123.86	26.834	-43.46	-149.95	-2.8996
139.97	-1.0171	20.249	-33.78	-2.3603	-13.868	-13.486	9.74	4.5188	-1.6194	-59.449	41.925	-64.564	-123.86	26.823	-43.458	-149.96	-2.9028
139.97	-1.0176	20.25	-33.775	-2.3546	-13.889	-13.486	9.7426	4.5177	-1.616	-59.459	41.922	-64.562	-123.86	26.825	-43.467	-149.95	-2.907
139.97	-1.0196	20.246	-33.781	-2.3663	-13.881	-13.485	9.7373	4.52	-1.611	-59.454	41.914	-64.557	-123.86	26.828	-43.45	-149.96	-2.8996
139.97	-1.0186	20.246	-33.78	-2.3654	-13.881	-13.484	9.7262	4.5135	-1.6227	-59.461	41.903	-64.563	-123.87	26.821	-43.443	-149.96	-2.8954
139.97	-1.0185	20.249	-33.778	-2.363	-13.901	-13.479	9.736	4.5155	-1.6218	-59.449	41.912	-64.559	-123.87	26.821	-43.447	-149.96	-2.9077
139.97	-1.0185	20.249	-33.78	-2.3654	-13.881	-13.479	9.7334	4.5166	-1.619	-59.449	41.927	-64.564	-123.87	26.822	-43.447	-149.95	-2.9072
139.97	-1.0198	20.245	-33.78	-2.3714	-13.894	-13.484	9.7262	4.5135	-1.6202	-59.449	41.926	-64.563	-123.87	26.821	-43.433	-149.96	-2.9018
139.97	-1.0107	20.25	-33.793	-2.3655	-13.888	-13.485	9.7373	4.52	-1.6281	-59.452	41.907	-64.563	-123.87	26.821	-43.434	-149.97	-2.8973
139.98	-1.0135	20.256	-33.778	-2.3639	-13.882	-13.491	9.7366	4.5144	-1.623	-59.449	41.925	-64.558	-123.86	26.814	-43.445	-149.96	-2.895
139.96	-1.0147	20.259	-33.783	-2.3627	-13.867	-13.486	9.74	4.5188	-1.6301	-59.455	41.918	-64.557	-123.87	26.821	-43.435	-149.96	-2.8951
139.97	-1.0198	20.245	-33.779	-2.3596	-13.869	-13.486	9.74	4.5188	-1.6276	-59.453	41.919	-64.553	-123.87	26.813	-43.443	-149.97	-2.9123
139.96	-1.0129	20.245	-33.794	-2.3663	-13.888	-13.486	9.74	4.5188	-1.6263	-59.45	41.909	-64.557	-123.87	26.809	-43.436	-149.96	-2.9044
139.97	-1.0196	20.246	-33.792	-2.3596	-13.875	-13.486	9.7406	4.5045	-1.6272	-59.439	41.914	-64.554	-123.87	26.824	-43.429	-149.97	-2.9041
139.97	-1.021	20.257	-33.792	-2.3596	-13.875	-13.486	9.74	4.5188	-1.6151	-59.446	41.93	-64.555	-123.87	26.823	-43.429	-149.96	-2.8895
139.96	-1.0144	20.257	-33.79	-2.3572	-13.876	-13.486	9.74	4.5188	-1.6206	-59.449	41.913	-64.553	-123.87	26.824	-43.428	-149.97	-2.8961
139.97	-1.0196	20.246	-33.791	-2.3588	-13.876	-13.486	9.7426	4.5177	-1.6204	-59.445	41.913	-64.552	-123.87	26.812	-43.42	-149.96	-2.8977
139.97	-1.0188	20.25	-33.782	-2.3619	-13.868	-13.486	9.74	4.5188	-1.6204	-59.445	41.913	-64.55	-123.87	26.825	-43.426	-149.96	-2.9018
139.96	-1.0138	20.261	-33.783	-2.3627	-13.867	-13.496	9.7321	4.5102	-1.6198	-59.448	41.913	-64.545	-123.88	26.814	-43.398	-149.94	-2.881
139.96	-1.0153	20.244	-33.788	-2.3496	-13.883	-13.486	9.74	4.5188	-1.6152	-59.444	41.918	-64.548	-123.87	26.827	-43.391	-149.95	-2.8882
139.97	-1.0115	20.262	-33.791	-2.3639	-13.889	-13.481	9.7472	4.522	-1.6122	-59.442	41.919	-64.55	-123.87	26.814	-43.406	-149.95	-2.8872
139.97	-1.0193	20.246	-33.777	-2.3512	-13.876	-13.486	9.74	4.5188	-1.6164	-59.445	41.917	-64.55	-123.87	26.814	-43.427	-149.96	-2.9033
139.97	-1.0207	20.244	-33.779	-2.3596	-13.869	-13.485	9.7373	4.52	-1.6156	-59.445	41.917	-64.544	-123.87	26.817	-43.389	-149.95	-2.878
139.97	-1.0187	20.248	-33.78	-2.3603	-13.868	-13.486	9.74	4.5188	-1.6243	-59.449	41.91	-64.555	-123.87	26.808	-43.39	-149.95	-2.8768
139.96	-1.0145	20.257	-33.779	-2.3596	-13.869	-13.486	9.74	4.5188	-1.6122	-59.442	41.919	-64.552	-123.87	26.811	-43.395	-149.95	-2.8822
139.97	-1.0198	20.246	-33.791	-2.3588	-13.876	-13.475	9.7478	4.5275	-1.6146	-59.443	41.918	-64.55	-123.87	26.814	-43.403	-149.95	-2.8865
139.97	-1.0126	20.262	-33.778	-2.3579	-13.869	-13.486	9.74	4.5188	-1.6175	-59.433	41.922	-64.55	-123.87	26.811	-43.39	-149.95	-2.8785
139.96	-1.0118	20.247	-33.781	-2.3663	-13.881	-13.491	9.738	4.5135	-1.6117	-59.442	41.932	-64.544	-123.88	26.824	-43.397	-149.95	-2.8837
139.97	-1.0173	20.248	-33.78	-2.3603	-13.868	-13.486	9.74	4.5188	-1.6226	-59.448	41.912	-64.558	-123.87	26.806	-43.395	-149.94	-2.8786
139.97	-1.0189	20.247	-33.78	-2.3654	-13.881	-13.486	9.74	4.5188	-1.6198	-59.448	41.913	-64.56	-123.88	26.805	-43.426	-149.97	-2.917
139.96	-1.0122	20.247	-33.794	-2.3663	-13.888	-13.486	9.74	4.5188	-1.6281	-59.452	41.907	-64.55	-123.88	26.807	-43.423	-149.97	-2.9028
139.97	-1.0231	20.254	-33.781	-2.3663	-13.881	-13.49	9.7387	4.5276	-1.623	-59.449	41.911	-64.556	-123.89	26.803	-43.423	-149.98	-2.9055
139.97	-1.0185	20.247	-33.786	-2.3719	-13.86	-13.486	9.74	4.5188	-1.6234	-59.45	41.924	-64.561	-123.88	26.803	-43.421	-149.98	-2.9066
139.96	-1.0168	20.256	-33.785	-2.3762	-13.873	-13.491	9.7354	4.5146	-1.6259	-59.438	41.915	-64.554	-123.89	26.815	-43.385	-149.96	-2.881
139.97	-1.0208	20.257	-33.783	-2.3627	-13.867	-13.496	9.7347	4.5091	-1.628	-59.44	41.927	-64.555	-123.89	26.815	-43.415	-149.98	-2.9026
139.97	-1.0106	20.249	-33.784	-2.3695	-13.86	-13.49	9.7328	4.5157	-1.6226	-59.449	41.923	-64.554	-123.89	26.804	-43.418	-149.98	-2.9146
139.97	-1.0189	20.247	-33.796	-2.3696	-13.867	-13.495	9.7315	4.5245	-1.6196	-59.445	41.915	-64.553	-123.89	26.802	-43.38	-149.97	-2.8932
139.97	-1.0176	20.249	-33.784	-2.3754	-13.873	-13.495	9.7294	4.5113	-1.619	-59.448	41.912	-64.547	-123.89	26.801	-43.382	-149.96	-2.8775
139.97	-1.0226	20.255	-33.781	-2.3611	-13.868	-13.484	9.7288	4.5124	-1.618	-59.445	41.901	-64.542	-123.89	26.819	-43.379	-149.96	-2.8756
139.97	-1.0191	20.247	-33.781	-2.3662	-13.881	-13.491	9.7354	4.5146	-1.606	-59.437	41.913	-64.531	-123.89	26.814	-43.379	-149.96	-2.8763
139.97	-1.0164	20.25	-33.779	-2.3536	-13.856	-13.484	9.7288	4.5124	-1.6005	-59.433	41.916	-64.532	-123.89	26.812	-43.376	-149.97	-2.8784
139.97	-1.0109	20.249	-33.78	-2.3654	-13.881	-13.491	9.7354	4.5146	-1.6077	-59.44	41.91	-64.54	-123.89	26.795	-43.375	-149.97	-2.8777
139.97	-1.0124	20.262	-33.779	-2.3596	-13.869	-13.483	9.7282	4.5267	-1.6009	-59.434	41.915	-64.535	-123.89	26.799	-43.367	-149.96	-2.8861
139.97	-1.0097	20.25	-33.782	-2.3678	-13.88	-13.484	9.7262	4.5135	-1.5951	-59.442	41.913	-64.531	-123.89	26.814	-43.374	-149.97	-2.8899
139.96	-1.0137	20.259	-33.769	-2.367	-13.874	-13.48	9.7445	4.5231	-1.596	-59.443	41.902	-64.53	-123.89	26.813	-43.374	-149.96	-2.8869
139.97	-1.0106	20.248	-33.764	-2.3511	-13.869	-13.491	9.7366	4.5144	-1.593	-59.439	41.902	-64.54	-123.88	26.811	-43.385	-149.96	-2.8798
139.97	-1.0106	20.249	-33.778	-2.352	-13.876	-13.48	9.7445	4.5231	-1.6013	-59.433	41.902	-64.538	-123.87	26.803	-43.377	-149.94	-2.8804
139.97	-1.0182	20.247	-33.777	-2.3563	-13.889	-13.48	9.7445	4.5231	-1.5959	-59.428	41.907	-64.542	-123.88	26.812	-43.392	-149.94	-2.8885
139.97	-1.0231	20.254	-33.777	-2.3512	-13.876	-13.48	9.7445	4.5231	-1.6009	-59.434	41.915	-64.55	-123.87	26.814	-43.401	-149.95	-2.884
139.97	-1.0067	20.256	-33.775	-2.3496	-13.877	-13.481	9.7472	4.522	-1.6125	-59.428	41.912	-64.56	-123.88	26.805	-43.424	-149.97	-2.9016
139.97	-1.0222	20.256	-33.776	-2.3503	-13.876	-13.486	9.7426	4.5177	-1.6158	-59.429	41.911	-64.555	-123.87	26.808	-43.433	-149.96	-2.8925
139.97	-1.0069	20.269	-33.776	-2.3503	-13.876	-13.481	9.7472	4.522	-1.6116	-59.426	41.915	-64.565	-123.86	26.796	-43.433	-149.97	-2.9215
139.97	-1.0106	20.248	-33.777	-2.3452	-13.863	-13.475	9.7478	4.5275	-1.615	-59.429	41.911	-64.565	-123.86	26.796	-43.433	-149.96	-2.9034
139.97	-1.0176	20.251	-33.775	-2.3436	-13.864	-13.481	9.7472	4.522	-1.6172	-59.432	41.909	-64.575	-123.87	26.799	-43.432	-149.97	-2.8943
139.97	-1.0098	20.25	-33.775	-2.3496	-13.877	-13.486	9.74	4.5188	-1.6242	-59.436	41.916	-64.574	-123.87	26.801	-43.437	-149.96	-2.8953
139.96	-1.0118	20.247	-33.777	-2.3452	-13.863	-13.491	9.7354	4.5146	-1.6188	-59.433	41.922	-64.574	-123.87	26.801	-43.438	-149.96	-2.9083
139.97	-1.0101	20.265	-33.776	-2.3503	-13.876	-13.486	9.74	4.5188	-1.6204	-59.445	41.913	-64.568	-123.88	26.787	-43.438	-149.97	-2.8975
139.97	-1.0178	20.25	-33.778	-2.3587	-13.869	-13.496	9.7321	4.5102	-1.6151	-59.442	41.905	-64.575	-123.87	26.799	-43.444	-149.97	-2.9016
139.97	-1.0089	20.251	-33.781	-2.3611	-13.868	-13.486	9.7426	4.5177	-1.6126	-59.441	41.906	-64.574	-123.87	26.801	-43.443	-149.98	-2.9042
139.97	-1.0178	20.25	-33.779	-2.3596	-13.869	-13.485	9.7394	4.5332	-1.6196	-59.445	41.913	-64.574	-123.88	26.794	-43.454	-149.98	-2.91
139.97	-1.0187	20.247	-33.766	-2.3587	-13.862	-13.485	9.7394	4.5332	-1.6114	-59.44	41.907	-64.572	-123.88	26.797	-43.454	-149.96	-2.9138
139.97	-1.0176	20.25	-33.778	-2.3639	-13.882	-13.488	9.7237	4.5225	-1.616	-59.444	41.904	-64.573	-123.88	26.808	-43.446	-149.97	-2.8998
139.96	-1.0157	20.259	-33.78	-2.3603	-13.868	-13.49	9.7348	4.5289	-1.626	-59.451	41.907	-64.585	-123.88	26.804	-43.448	-149.97	-2.9022
139.97	-1.0169	20.252	-33.785	-2.3762	-13.873	-13.484	9.7262	4.5135	-1.6168	-59.446	41.916	-64.578	-123.87	26.799	-43.46	-149.98	-2.9099
139.98	-1.0153	20.253	-33.77	-2.3678	-13.873	-13.491	9.7354	4.5146	-1.6148	-59.457	41.911	-64.581	-123.88	26.806	-43.464	-149.98	-2.9163
139.97	-1.0182	20.247	-33.784	-2.3696	-13.861	-13.495	9.7303	4.5247	-1.6186	-59.461	41.907	-64.579	-123.88	26.81	-43.467	-149.99	-2.9206
139.97	-1.0174	20.25	-33.784	-2.3644	-13.847	-13.485	9.7394	4.5332	-1.6155	-59.486	41.909	-64.578	-123.88	26.809	-43.466	-149.98	-2.905
139.97	-1.0097	20.25	-33.79	-2.3819	-13.852	-13.482	9.7276	4.541	-1.6195	-59.507	41.911	-64.565	-123.88	26.813	-43.46	-149.99	-2.9022
139.97	-1.0167	20.252	-33.791	-2.3836	-13.832	-13.484	9.7388	4.5475	-1.6164	-59.545	41.907	-64.564	-123.88	26.825	-43.469	-150	-2.9096
139.98	-1.0155	20.254	-33.798	-2.402	-13.816	-13.491	9.729	4.5818	-1.6216	-59.594	41.894	-64.567	-123.88	26.866	-43.461	-150	-2.8892
139.97	-1.0223	20.257	-33.798	-2.4099	-13.753	-13.448	9.6628	4.8421	-1.6152	-59.654	41.908	-64.57	-123.88	26.89	-43.466	-150.02	-2.8737
139.96	-1.0143	20.255	-33.786	-2.4304	-13.67	-13.443	9.6525	4.9059	-1.6064	-59.72	41.908	-64.581	-123.88	26.902	-43.449	-150.03	-2.8411
139.97	-1.0058	20.257	-33.793	-2.4529	-13.503	-13.43	9.648	5.0156	-1.5912	-59.813	41.909	-64.572	-123.89	26.931	-43.426	-150.06	-2.8132
139.97	-1.0198	20.246	-33.814	-2.4826	-13.335	-13.415	9.683	5.1736	-1.57	-59.908	41.945	-64.543	-123.93	26.968	-43.394	-150.12	-2.7673
139.97	-1.0127	20.261	-33.847	-2.5281	-13.047	-13.417	9.751	5.4525	-1.5125	-60.062	42.009	-64.499	-123.98	27.008	-43.325	-150.18	-2.7286
139.96	-1.0122	20.247	-33.88	-2.5531	-12.649	-13.45	9.7719	5.8839	-1.4457	-60.257	42.118	-64.441	-124.06	27.074	-43.281	-150.21	-2.6279
139.96	-1.0155	20.256	-33.866	-2.5401	-12.028	-13.446	9.7527	6.5532	-1.3953	-60.483	42.301	-64.378	-124.17	27.114	-43.247	-150.28	-2.5838
139.97	-1.0224	20.256	-34.127	-0.82555	-6.7514	-13.311	9.8104	7.3995	-1.2462	-60.793	42.58	-64.29	-124.29	27.173	-43.169	-150.33	-2.5944
139.97	-1.0109	20.249	-33.994	-0.95266	-6.0166	-13.07	9.8908	8.3202	-1.0723	-61.23	42.893	-64.208	-124.42	27.237	-43.128	-150.38	-2.6677
139.97	-1.0175	20.249	-33.772	-1.0907	-5.1589	-12.468	10.046	9.8557	-0.82114	-61.827	43.307	-64.069	-124.6	27.324	-43.013	-150.5	-2.6642
139.97	-1.0167	20.252	-33.518	-1.236	-4.1199	-11.716	10.321	11.466	-0.50729	-62.508	43.822	-63.901	-124.82	27.465	-42.965	-150.58	-2.6988
139.97	-1.0228	20.258	-33.174	-1.5031	-3.1702	-10.568	10.747	13.54	-0.12554	-63.314	44.331	-63.719	-125.04	27.598	-42.959	-150.71	-2.8072
139.97	-1.0179	20.251	-32.809	-1.7651	-2.0341	-9.1932	11.215	16.124	0.34217	-64.179	44.933	-63.506	-125.31	27.8	-42.836	-150.82	-2.8182
139.98	-1.0233	20.254	-32.507	-1.9917	-0.70424	-7.4415	12.068	18.93	0.8528	-65.159	45.48	-63.208	-125.61	27.993	-42.757	-150.91	-2.8828
139.98	-1.014	20.259	-32.254	-2.2993	0.65229	-5.3088	12.946	22.276	1.484	-66.26	46.074	-62.867	-125.98	28.184	-42.66	-150.99	-2.9106
139.99	-1.0244	20.267	-31.585	-2.9076	0.98083	-2.9085	13.851	25.716	2.1852	-67.401	46.63	-62.438	-126.38	28.432	-42.491	-151.3	-2.9989
139.98	-1.0286	20.261	-31.071	-3.2041	2.6395	-0.48264	14.721	29.053	2.9125	-68.572	47.209	-61.916	-126.8	28.678	-42.218	-151.42	-2.9881
139.99	-1.0355	20.262	-30.345	-3.5351	4.2581	2.2173	15.426	32.592	3.7383	-69.83	47.798	-61.359	-127.25	28.927	-41.893	-151.73	-3.0499
139.99	-1.0231	20.256	-29.433	-3.9177	5.8146	4.8579	16.085	35.502	4.6473	-71.145	48.331	-60.764	-127.66	29.157	-41.657	-151.94	-3.1665
139.99	-1.0331	20.253	-28.387	-4.3535	7.3565	7.6429	16.63	38.627	5.6662	-72.516	48.793	-60.122	-128.09	29.39	-41.25	-152.28	-3.1849
139.99	-1.0333	20.265	-27.336	-4.8212	8.7903	10.643	17.101	41.867	6.7656	-73.94	49.212	-59.457	-128.54	29.624	-40.792	-152.55	-3.2096
139.99	-1.0355	20.264	-26.095	-5.3273	10.165	13.582	17.552	44.798	7.9708	-75.338	49.657	-58.749	-128.98	29.859	-40.494	-152.66	-3.2018
139.99	-1.0357	20.263	-24.679	-5.9185	11.48	16.666	17.974	47.52	9.5583	-76.415	50.536	-57.971	-129.39	30.116	-39.766	-153.21	-2.9523
139.99	-1.049	20.269	-23.135	-6.539	12.699	19.84	18.164	50.294	10.851	-77.781	51.082	-57.105	-129.76	30.394	-38.972	-153.56	-2.7658
139.98	-1.0414	20.257	-21.424	-7.2313	13.782	23.015	18.165	52.883	12.278	-79.161	51.515	-56.06	-130.21	30.666	-38.029	-153.97	-2.6878
139.97	-1.0484	20.263	-19.632	-7.971	14.796	26.181	18.165	55.13	13.77	-80.572	52.025	-54.884	-130.77	30.969	-37.234	-154.31	-2.6085
139.98	-1.0463	20.265	-17.691	-8.7359	15.858	29.339	17.982	57.427	15.374	-81.971	52.454	-53.588	-131.34	31.252	-36.081	-155.11	-2.4535
139.97	-1.0478	20.26	-15.664	-9.5425	16.885	37.158	20.654	63.583	17.069	-83.43	52.896	-52.226	-131.91	31.603	-35.068	-155.62	-2.2426
139.97	-1.048	20.26	-13.502	-10.368	17.901	40.271	20.353	65.646	18.847	-84.907	53.39	-50.827	-132.46	31.961	-34.127	-155.93	-2.0674
139.97	-1.0511	20.257	-11.236	-11.212	18.923	43.998	20.355	68.043	20.741	-86.379	53.781	-49.364	-133.03	32.338	-32.644	-156.66	-1.8781
139.98	-1.043	20.255	-8.8409	-12.076	20	47.142	19.933	69.906	22.693	-87.871	54.132	-47.812	-133.63	32.758	-31.5	-157.11	-1.7031
139.98	-1.0469	20.263	-6.3895	-12.951	21.021	50.271	19.458	71.567	24.759	-89.37	54.483	-46.171	-134.25	33.177	-30.25	-157.8	-1.5514
139.98	-1.0409	20.269	-3.8089	-13.835	22.052	48.536	15.375	69.004	26.843	-90.84	54.79	-44.506	-134.87	33.664	-29.067	-158	-1.2306
139.98	-1.0388	20.259	-1.1877	-14.706	23.013	51.73	14.773	70.62	29.009	-92.327	55.132	-42.829	-135.43	34.089	-27.529	-158.79	-0.9702
139.98	-1.0388	20.259	1.46	-15.572	23.991	58.825	17.435	75.398	31.186	-93.829	55.386	-41.101	-135.97	34.546	-26.399	-158.96	-0.63146
139.99	-1.0346	20.266	4.2031	-16.418	24.919	61.866	16.804	76.772	33.375	-95.224	55.662	-39.368	-136.5	35.007	-24.837	-159.6	-0.37146
140	-1.0378	20.258	6.9288	-17.283	25.743	64.934	16.157	78.121	35.61	-96.604	55.84	-37.627	-136.97	35.416	-23.529	-159.94	-0.071777
140	-1.0391	20.27	9.6805	-18.078	26.541	64.325	12.233	76.211	37.833	-97.968	56.059	-35.82	-137.43	35.878	-22.055	-160.3	0.28448
140	-1.0394	20.255	12.437	-18.872	27.237	67.349	11.698	77.24	40.036	-99.214	56.287	-34.006	-137.88	36.357	-20.418	-160.92	0.61003
140.01	-1.0301	20.267	15.195	-19.613	27.781	73.847	14.376	81.11	42.249	-100.35	56.436	-32.124	-138.31	36.784	-18.972	-161.21	0.99401
140.01	-1.033	20.263	17.916	-20.323	28.257	73.357	10.495	79.093	44.471	-101.43	56.599	-30.226	-138.74	37.162	-17.322	-161.73	1.2485
140	-1.0354	20.259	20.615	-21.007	28.595	79.569	13.365	82.409	46.71	-102.39	56.679	-28.295	-139.13	37.565	-15.915	-161.83	1.5378
140.01	-1.0338	20.265	23.313	-21.61	28.817	79.163	9.4289	80.326	48.938	-103.31	56.777	-26.358	-139.46	37.881	-14.137	-162.18	1.7896
140.01	-1.0464	20.269	26	-22.204	28.866	81.995	8.9768	80.705	51.192	-104.08	56.817	-24.391	-139.72	38.233	-12.234	-162.66	2.1087
140.01	-1.0472	20.256	28.666	-22.732	28.815	84.839	8.5566	81.047	53.412	-104.71	56.754	-22.433	-139.89	38.507	-10.573	-162.56	2.3962
140	-1.0517	20.262	31.311	-23.206	28.613	87.715	8.211	81.223	55.703	-105.35	56.641	-20.406	-139.97	38.777	-8.7577	-162.85	2.6528
139.99	-1.0486	20.272	34.015	-23.621	28.279	105	-35.307	28.072	57.98	-105.79	56.476	-18.447	-139.99	38.995	-6.8339	-163.29	3.0372
139.99	-1.0498	20.27	36.676	-24.014	27.702	108.15	-36.396	27.552	60.286	-106.23	56.265	-16.414	-139.93	39.247	-5.0783	-163.3	3.4301
139.99	-1.0514	20.267	39.367	-24.343	27.064	111.32	-37.455	26.95	62.573	-106.53	55.988	-14.385	-139.86	39.418	-3.0153	-163.46	3.6948
139.97	-1.0481	20.262	42.03	-24.623	26.311	114.52	-38.465	26.237	64.957	-106.78	55.698	-12.33	-139.73	39.559	-1.3715	-163.27	3.9029
139.97	-1.0509	20.256	44.697	-24.878	25.419	117.68	-39.411	25.414	67.341	-106.99	55.276	-10.216	-139.57	39.683	0.6612	-163.38	4.1624
139.97	-1.0488	20.259	47.315	-25.085	24.601	120.74	-40.413	24.488	69.74	-107.13	54.836	-8.0815	-139.36	39.758	2.7791	-163.61	4.4052
139.96	-1.0433	20.27	49.931	-25.2	23.826	123.83	-41.143	23.565	72.226	-107.2	54.396	-5.8948	-139.17	39.801	4.6726	-163.42	4.6135
139.95	-1.0497	20.26	52.437	-25.304	22.997	126.89	-41.812	22.624	74.728	-107.27	53.86	-3.6586	-138.93	39.841	6.8968	-163.47	4.7512
139.96	-1.0485	20.266	54.945	-25.314	22.313	129.78	-42.357	21.549	77.251	-107.24	53.339	-1.3804	-138.74	39.842	8.8087	-163.33	4.7856
139.96	-1.0456	20.267	57.417	-25.327	21.594	132.71	-42.721	20.493	79.763	-107.18	52.738	0.91462	-138.56	39.833	10.839	-163.12	4.8004
139.97	-1.0439	20.264	59.864	-25.263	20.884	135.48	-43.084	19.375	82.263	-107.07	52.176	3.2234	-138.31	39.833	13.103	-163.22	4.8263
139.65	-1.3431	19.765	62.247	-25.174	20.172	138.12	-43.323	18.252	84.786	-106.89	51.619	5.5069	-138.05	39.796	15.062	-162.93	4.9352
139.29	-1.5949	19.442	64.646	-25.02	19.503	140.66	-43.591	17.135	87.262	-106.71	51.051	7.773	-137.75	39.734	17.236	-162.82	4.8858
139.29	-1.5949	19.442	66.935	-24.844	18.795	143.1	-43.642	16.02	89.69	-106.45	50.525	9.9891	-137.42	39.682	19.134	-162.31	4.7976
139.3	-1.5995	19.447	69.177	-24.581	18.093	145.4	-43.589	14.993	92.02	-106.13	50.039	12.186	-137.07	39.581	21.105	-162.04	4.7351
139.3	-1.5942	19.439	71.275	-24.274	17.338	147.52	-43.364	14.013	94.28	-105.71	49.646	14.339	-136.66	39.481	23.333	-162	4.7113
139.32	-1.5988	19.443	73.296	-23.897	16.585	149.6	-43.074	13.109	96.442	-105.18	49.25	16.423	-136.21	39.358	25.189	-161.42	4.6581
139.32	-1.5975	19.449	75.213	-23.453	15.825	151.5	-42.453	12.267	98.498	-104.55	48.904	18.436	-135.7	39.214	27.192	-161.06	4.5992
139.33	-1.5928	19.453	77.012	-22.944	15.019	153.24	-41.905	11.507	100.47	-103.79	48.642	20.363	-135.16	39.045	29.251	-161.01	4.5557
139.32	-1.6086	19.424	78.678	-22.433	14.096	154.86	-41.128	10.722	102.32	-102.95	48.445	22.232	-134.53	38.879	31.134	-160.56	4.5843
140.02	-1.0392	20.266	80.555	-22.195	13.056	156.35	-40.171	10.091	104.13	-101.98	48.289	23.997	-133.88	38.72	32.941	-160.12	4.6135
140.02	-1.0516	20.26	82.06	-21.552	12.086	157.66	-39.12	9.4143	105.79	-100.92	48.124	25.731	-133.17	38.55	34.764	-159.6	4.6902
140.01	-1.0446	20.259	83.429	-20.85	11.112	158.84	-37.99	8.7427	107.4	-99.774	48.011	27.377	-132.44	38.391	36.51	-159	4.669
140	-1.0471	20.266	84.778	-20.123	10.212	159.87	-36.843	8.0154	108.94	-98.588	47.932	28.941	-131.67	38.175	38.245	-158.5	4.7907
139.99	-1.0438	20.264	86.082	-19.44	9.4352	160.91	-35.531	7.4499	110.41	-97.402	47.916	30.515	-130.85	38.068	40.06	-158.13	4.9291
139.98	-1.0441	20.252	87.311	-18.689	8.4714	161.86	-34.237	6.8535	111.84	-96.151	47.811	31.995	-130.04	37.883	41.798	-157.6	4.9943
139.98	-1.0386	20.259	88.555	-17.885	7.6967	162.8	-32.867	6.315	113.26	-94.909	47.721	33.475	-129.18	37.788	43.222	-156.64	5.0682
139.98	-1.0386	20.259	89.759	-17.09	6.9857	139.97	-1.0407	20.26	114.65	-93.699	47.622	34.9	-128.33	37.667	44.812	-155.96	5.08
164.51	-30.142	5.1937	90.943	-16.223	6.3327	139.96	-1.0417	20.259	116	-92.5	47.554	36.337	-127.45	37.586	46.525	-155.52	5.2588
164.51	-30.142	5.1937	92.091	-15.34	5.7412	139.96	-1.0357	20.259	117.38	-91.294	47.405	37.722	-126.59	37.508	47.906	-154.67	5.2804
166	-27.408	3.9341	93.249	-14.388	5.2373	139.96	-1.0442	20.256	118.75	-90.073	47.297	39.133	-125.72	37.447	49.497	-153.97	5.4115
166.69	-26.031	3.2647	94.374	-13.474	4.8486	139.95	-1.0394	20.265	120.12	-88.875	47.16	40.532	-124.84	37.371	50.792	-152.98	5.4239
166.69	-26.031	3.2647	95.503	-12.498	4.3981	139.95	-1.0385	20.267	121.48	-87.679	47.017	41.906	-123.97	37.362	52.281	-152.24	5.5069
166.69	-26.031	3.2647	96.629	-11.63	3.9752	139.96	-1.0357	20.27	122.84	-86.526	46.836	43.308	-123.04	37.306	53.796	-151.49	5.5844
166.69	-26.031	3.2647	97.789	-10.674	3.5274	139.96	-1.0343	20.259	124.22	-85.331	46.721	44.689	-122.17	37.236	55.077	-150.56	5.5603
166.69	-26.031	3.2647	99.064	-9.6861	3.1438	139.96	-1.0415	20.256	125.59	-84.163	46.54	46.054	-121.25	37.224	56.48	-149.7	5.5547
166.69	-26.031	3.2647	100.34	-8.76	2.6738	139.97	-1.0374	20.263	126.94	-83.021	46.387	47.415	-120.31	37.129	57.947	-148.9	5.565
166.69	-26.031	3.2647	101.66	-7.9585	2.2899	139.98	-1.0429	20.252	128.3	-81.889	46.271	48.753	-119.37	37.063	59.235	-147.98	5.5734
166.69	-26.031	3.2647	103.05	-7.0631	1.7017	139.98	-1.0432	20.265	129.65	-80.758	46.154	50.084	-118.45	37.013	60.567	-147.06	5.5772
166.69	-26.031	3.2647	104.42	-6.178	1.0306	139.99	-1.0365	20.262	130.97	-79.639	46.049	51.372	-117.57	36.894	61.935	-146.21	5.5435
166.69	-26.031	3.2647	105.78	-5.4156	0.64994	139.99	-1.0335	20.267	132.22	-78.553	45.897	52.663	-116.67	36.872	63.263	-145.45	5.521
166.69	-26.031	3.2647	107.13	-4.5048	0.085994	140	-1.0405	20.268	133.45	-77.441	45.82	53.872	-115.8	36.789	64.523	-144.55	5.5209
166.69	-26.031	3.2647	108.34	-3.6602	-0.39369	140	-1.0444	20.262	134.6	-76.328	45.773	55.071	-114.95	36.731	65.746	-143.73	5.5172
166.69	-26.031	3.2647	109.51	-2.846	-0.78323	139.99	-1.0349	20.266	135.69	-75.219	45.753	56.215	-114.15	36.646	67.026	-143.05	5.4879
166.69	-26.031	3.2647	110.63	-2.0006	-1.2616	140	-1.0391	20.267	136.74	-74.121	45.741	57.323	-113.34	36.578	68.221	-142.27	5.4516
166.69	-26.031	3.2647	111.74	-1.1383	-1.6782	140	-1.0389	20.254	137.7	-73	45.756	58.4	-112.6	36.559	69.282	-141.31	5.3445
166.69	-26.031	3.2647	112.84	-0.42545	-1.999	139.99	-1.0455	20.259	138.67	-71.905	45.881	59.456	-111.87	36.563	70.519	-140.75	5.5665
167.89	-4.6349	-7.6798	113.97	0.27421	-2.3081	139.99	-1.037	20.264	139.61	-70.841	45.976	60.47	-111.17	36.541	71.699	-140.19	5.5093
166.51	-3.4255	-8.6675	115.14	0.96237	-2.8711	139.98	-1.0405	20.255	140.5	-69.772	46.066	61.492	-110.46	36.566	72.691	-139.25	5.5315
166.51	-3.4255	-8.6675	116.29	1.4843	-3.3057	139.97	-1.0341	20.255	141.44	-68.695	46.153	62.493	-109.8	36.569	73.863	-138.79	5.7716
166.51	-3.4255	-8.6675	117.71	2.1072	-3.6822	139.97	-1.0399	20.26	142.38	-67.722	46.307	63.534	-109.17	36.625	75.073	-138.29	5.9199
166.51	-3.4255	-8.6675	119.01	2.4566	-4.2386	139.84	-1.0765	20.249	143.36	-66.757	46.464	64.587	-108.61	36.674	76.141	-137.64	6.0113
166.51	-3.4255	-8.6675	120.55	2.9385	-4.5875	139.84	-1.078	20.247	144.09	-66.066	46.224	65.681	-108.07	36.818	77.289	-137.06	6.169
166.51	-3.4255	-8.6675	121.94	3.2544	-5.146	139.81	-1.0257	20.256	145.14	-65.186	46.372	66.791	-107.58	36.894	78.509	-136.61	6.2826
166.51	-3.4255	-8.6675	122.52	3.7973	-5.3608	140.12	-0.62064	20.191	146.18	-64.415	46.555	67.956	-107.11	37.028	79.769	-136.23	6.4127
166.51	-3.4255	-8.6675	123.28	4.5094	-4.9861	140.91	0.27946	20.267	147.16	-63.745	46.77	69.134	-106.72	37.171	80.957	-135.69	6.5247
166.51	-3.4255	-8.6675	124.24	5.1903	-5.1521	141.74	0.97491	20.238	148.22	-63.022	46.935	70.389	-106.38	37.319	82.274	-135.3	6.7293
166.51	-3.4255	-8.6675	125.31	5.4924	-4.9854	142.8	1.5217	20.261	149.44	-62.327	47.195	71.666	-106.11	37.525	83.605	-135.14	6.9256
166.51	-3.4255	-8.6675	126.49	5.8745	-5.0937	144.07	1.901	20.306	150.64	-61.816	47.458	72.969	-105.81	37.712	84.99	-134.78	7.1481
166.51	-3.4255	-8.6675	127.74	6.1442	-5.0417	145.41	2.1994	20.389	151.9	-61.375	47.767	74.285	-105.47	37.892	86.25	-134.41	7.2974
166.51	-3.4255	-8.6675	129.11	6.4625	-4.6972	146.75	2.4289	20.66	153.24	-60.99	48.124	75.666	-105.17	38.025	87.696	-134.11	7.5303
166.51	-3.4255	-8.6675	130.6	6.7568	-4.207	148.11	2.682	21.127	154.66	-60.755	48.5	77.13	-104.92	38.199	89.145	-133.86	7.6365
166.51	-3.4255	-8.6675	132.22	7.1034	-3.683	149.59	2.9589	21.72	156.19	-60.595	48.953	78.678	-104.76	38.375	90.746	-133.76	7.7414
166.51	-3.4255	-8.6675	133.97	7.4363	-3.0321	151.17	3.1461	22.347	157.74	-60.524	49.411	80.297	-104.64	38.583	92.371	-133.56	7.9703
166.51	-3.4255	-8.6675	135.82	7.7319	-2.4094	152.93	3.2773	23.004	159.36	-60.469	49.879	81.975	-104.5	38.835	93.956	-133.3	8.1081
166.51	-3.4255	-8.6675	137.72	7.8866	-1.7394	154.87	3.3462	23.75	161.05	-60.509	50.413	83.653	-104.4	39.076	95.596	-133.12	8.304
166.51	-3.4255	-8.6675	139.76	7.9977	-0.89814	156.84	3.3422	24.479	162.81	-60.578	50.954	85.417	-104.29	39.319	97.461	-133.12	8.5669
179.4	7.3064	-4.9946	141.86	8.0962	-0.1365	158.88	3.3074	25.187	164.66	-60.603	51.588	87.251	-104.21	39.625	99.097	-132.9	8.7482
181.16	7.133	-4.6209	144.05	8.2641	0.42092	161	3.2395	25.969	166.52	-60.749	52.127	89.117	-104.16	39.94	101.07	-132.94	8.9749
183.96	7.4533	-3.1068	146.28	8.2353	1.1791	163.21	3.1908	26.8	168.51	-60.864	52.831	91.077	-104.09	40.3	102.88	-132.73	9.2827
186.27	7.4304	-2.1734	148.64	8.2411	2.0188	165.45	3.1149	27.592	170.51	-61.038	53.415	93.042	-104.04	40.616	104.82	-132.63	9.6509
188.76	7.3512	-1.3821	151.1	8.244	2.6358	167.74	2.9574	28.319	172.6	-61.189	54.134	95.081	-104	40.99	106.93	-132.75	10.003
191.31	7.2228	-0.54191	153.66	8.0986	3.4652	170.2	2.8355	29.122	174.81	-61.38	54.811	97.184	-103.93	41.37	108.88	-132.58	10.408
193.96	7.0765	0.26854	156.29	8.0582	4.0137	172.75	2.682	29.881	177.03	-61.584	55.473	99.316	-103.87	41.727	110.95	-132.47	10.75
196.73	6.8716	1.0615	159.05	7.866	4.7873	175.39	2.4677	30.535	179.31	-61.775	56.138	101.51	-103.76	42.105	113.19	-132.47	11.164
199.54	6.623	1.7794	161.87	7.7995	5.2408	178.15	2.2623	31.286	181.69	-62.031	56.768	103.74	-103.67	42.464	115.31	-132.36	11.57
202.5	6.3842	2.6317	164.83	7.6303	5.7346	180.96	2.0015	31.891	184.1	-62.245	57.357	106.04	-103.54	42.85	117.52	-132.34	11.908
205.54	6.0553	3.2974	167.77	7.3155	6.3724	183.91	1.7601	32.51	186.59	-62.534	57.98	108.39	-103.44	43.145	119.88	-132.27	12.356
208.68	5.7001	3.877	170.53	6.6917	6.2742	186.9	1.4544	33.085	189.13	-62.76	58.599	110.79	-103.28	43.436	122.22	-132.3	12.674
211.84	5.3492	4.5394	173.69	6.4487	6.8348	190.01	1.1638	33.65	191.69	-63.006	59.145	113.21	-103.15	43.666	124.59	-132.26	13.013
215.12	4.9716	5.0318	176.93	6.1944	7.1284	193.12	0.8292	34.022	194.33	-63.292	59.56	115.69	-102.98	43.971	126.97	-132.21	13.359
218.35	4.5747	5.4979	180.18	5.9438	7.3084	196.26	0.52806	34.447	197.02	-63.549	60.013	118.2	-102.83	44.172	129.49	-132.39	13.624
221.08	3.8499	5.3098	183.47	5.6103	7.6893	199.49	0.22986	34.823	199.72	-63.835	60.37	120.75	-102.65	44.429	132.02	-132.32	13.945
224.94	3.7436	6.2397	186.73	5.3232	7.9841	202.65	-0.12322	35.037	202.47	-64.099	60.715	123.31	-102.49	44.584	134.49	-132.25	14.228
228.17	3.3379	6.4442	189.96	5.1034	8.0477	205.83	-0.45777	35.294	205.26	-64.382	60.933	125.91	-102.33	44.806	136.77	-131.88	14.392
231.46	2.9774	6.7585	193.22	4.7857	8.2912	208.99	-0.81345	35.473	208.05	-64.689	61.155	128.51	-102.17	44.952	139.19	-131.81	14.566
234.65	2.6158	6.9872	196.43	4.5394	8.7225	212.23	-1.129	35.745	210.88	-64.962	61.303	131.1	-102.03	45.13	141.62	-131.76	14.704
237.86	2.2556	7.1874	199.64	4.2927	8.7754	215.44	-1.4641	35.929	213.64	-65.267	61.389	133.71	-101.87	45.24	143.96	-131.64	14.812
240.45	1.567	6.6537	202.81	4.1234	8.8476	218.63	-1.7955	36.137	216.46	-65.547	61.528	136.3	-101.71	45.348	146.47	-131.53	14.985
244.19	1.5677	7.46	205.95	3.9565	8.8384	221.77	-2.1011	36.263	219.18	-65.832	61.529	138.85	-101.55	45.436	148.81	-131.4	15.043
247.26	1.2261	7.5457	209.06	3.5642	9.229	224.89	-2.4144	36.359	221.9	-66.095	61.563	141.39	-101.38	45.486	151.13	-131.35	15.045
250.4	0.89736	7.5665	212.1	3.386	9.383	227.96	-2.6685	36.433	224.58	-66.337	61.603	143.89	-101.19	45.523	153.44	-131.15	15.077
252.87	0.24568	6.952	215.11	3.1813	9.2863	230.95	-2.9187	36.425	227.23	-66.519	61.608	146.35	-100.99	45.512	155.88	-131.25	15.119
256.36	0.23283	7.453	218.09	2.9836	9.1917	233.88	-3.1455	36.35	229.78	-66.642	61.566	148.76	-100.73	45.468	157.96	-130.81	15.122
259.28	-0.032033	7.3547	220.99	2.7773	9.0724	236.71	-3.3722	36.139	232.25	-66.747	61.463	151.1	-100.45	45.381	160.17	-130.63	15.017
262.09	-0.29668	7.2232	223.8	2.5778	8.7571	239.51	-3.5502	35.938	234.65	-66.833	61.371	153.4	-100.15	45.278	162.38	-130.49	14.969
264.88	-0.5111	7.0197	226.51	2.5747	8.1265	242.19	-3.6626	35.649	237.02	-66.828	61.227	155.64	-99.848	45.139	164.43	-130.35	14.868
267.55	-0.73752	6.7142	229.16	2.3676	7.8798	244.79	-3.7543	35.361	239.32	-66.75	61.07	157.83	-99.532	44.991	166.72	-130.45	14.971
270.13	-0.9469	6.3223	231.73	2.1543	7.6826	247.28	-3.8036	34.999	241.49	-66.675	60.851	159.95	-99.202	44.771	168.63	-129.89	14.852
272.21	-1.3226	5.4507	234.18	2.1026	7.0536	249.69	-3.8328	34.522	243.66	-66.559	60.633	162	-98.853	44.544	170.59	-129.75	14.692
275.04	-1.221	5.5496	236.56	1.9378	6.7001	252	-3.8742	33.997	245.74	-66.432	60.373	164.01	-98.503	44.277	172.49	-129.59	14.555
276.88	-1.6754	4.4788	238.86	1.8853	5.9624	254.27	-3.8647	33.568	247.76	-66.325	60.046	165.95	-98.164	44.001	174.29	-129.35	14.39
279.15	-1.7986	4.0476	241.09	1.8586	5.259	256.39	-3.9326	32.991	249.72	-66.24	59.675	167.8	-97.84	43.737	176.05	-129.12	14.257
281.74	-1.6737	4.0694	243.18	1.6994	4.9306	258.52	-3.9541	32.454	251.61	-66.188	59.307	169.58	-97.527	43.439	177.74	-128.92	14.02
283.82	-1.7731	3.6362	245.24	1.5491	4.5024	260.56	-3.9742	31.97	253.43	-66.127	58.899	171.29	-97.201	43.101	179.25	-128.7	13.665
285.79	-1.8985	3.1528	247.19	1.4722	3.8709	262.47	-4.0575	31.434	255.18	-66.07	58.478	172.94	-96.905	42.766	180.8	-128.46	13.544
287.24	-2.2366	2.1491	249.04	1.4949	3.3771	264.33	-4.0871	30.964	256.85	-66.013	58.077	174.51	-96.632	42.388	182.28	-128.35	13.193
289.04	-2.2958	1.702	250.83	1.4526	2.7497	266.06	-4.1324	30.52	258.39	-66.005	57.647	176.02	-96.361	42.013	183.7	-128.05	12.796
291.18	-2.1355	1.7478	252.51	1.3806	2.4341	267.68	-4.1824	29.954	259.9	-65.927	57.192	177.44	-96.111	41.591	184.91	-127.87	12.444
292.8	-2.2184	1.2456	254.12	1.336	1.9404	269.32	-4.1342	29.521	261.29	-65.897	56.774	178.83	-95.828	41.184	186.24	-127.74	11.981
293.91	-2.5161	0.28254	255.66	1.3331	1.2234	270.79	-4.145	28.945	262.67	-65.788	56.337	180.1	-95.567	40.739	187.49	-127.43	11.605
295.39	-2.609	-0.31324	257.11	1.2541	0.88974	272.2	-4.1418	28.441	263.9	-65.693	55.879	181.32	-95.307	40.297	188.61	-127.31	11.315
296.83	-2.6521	-0.7635	258.5	1.2239	0.090713	273.56	-4.1151	27.853	265.1	-65.611	55.387	182.47	-95.039	39.853	189.94	-127.42	10.959
298.56	-2.4627	-0.83147	259.82	1.302	-0.69007	274.81	-4.1284	27.189	266.21	-65.522	54.89	183.56	-94.745	39.369	190.66	-126.88	10.402
299.81	-2.5668	-1.4657	261.04	1.1412	-1.0172	276.02	-4.0739	26.636	267.29	-65.4	54.37	184.57	-94.505	38.893	191.61	-126.74	9.9395
300.95	-2.5813	-2.0429	262.19	1.1299	-1.7982	277.1	-4.085	25.907	268.32	-65.288	53.87	185.53	-94.242	38.382	192.49	-126.56	9.5727
301.65	-2.8212	-3.2468	263.25	1.1152	-2.4773	278.19	-4.0042	25.238	269.28	-65.161	53.255	186.46	-93.992	37.923	193.6	-126.79	9.2238
303	-2.5899	-3.4412	264.21	1.1339	-3.3051	279.11	-3.9686	24.509	270.23	-65.026	52.692	187.3	-93.763	37.425	194.11	-126.18	8.7625
303.5	-2.8184	-4.7964	265.06	1.1277	-3.9715	280.03	-3.8932	23.731	271.03	-64.87	52.017	188.07	-93.555	36.91	195.08	-126.5	8.3229
304.22	-2.8066	-5.6302	265.83	1.3099	-5.0603	280.84	-3.7937	22.99	271.82	-64.675	51.339	188.8	-93.309	36.379	195.44	-125.92	7.8554
305.38	-2.4669	-6.0233	266.49	1.2354	-5.7767	281.56	-3.6552	22.074	272.55	-64.434	50.686	189.46	-93.098	35.85	196.13	-125.8	7.3156
306.05	-2.378	-6.7984	266.93	1.4164	-6.368	283.14	-3.0612	21.893	273.21	-64.195	49.922	190.07	-92.867	35.292	196.63	-125.63	6.957
306.74	-2.2645	-7.6535	267.52	1.5757	-6.1987	284.92	-2.9606	21.687	273.78	-64.099	49.212	190.57	-92.662	34.694	197.07	-125.55	6.34
307.33	-2.1761	-8.2696	268.01	1.807	-6.4376	285.88	-2.8921	21.666	274.39	-63.997	48.572	191.06	-92.47	34.152	197.85	-125.79	6.0014
307.7	-1.9443	-8.6957	268.24	1.9795	-6.6944	286.11	-2.5981	21.551	274.88	-64.048	47.961	191.48	-92.365	33.641	197.98	-125.24	5.3872
307.61	-2.0717	-9.7059	268.51	2.1716	-6.8803	286.43	-2.3596	21.645	275.31	-64.077	47.403	191.84	-92.294	33.176	198.27	-125.16	4.7449
308.49	-1.7878	-9.4728	268.72	2.3769	-7.1725	286.72	-2.1882	21.636	275.68	-64.036	47.009	192.2	-92.155	32.738	198.52	-125.12	4.3268
308.19	-2.1293	-10.565	268.91	2.4773	-7.255	286.96	-2.0503	21.562	275.92	-63.93	46.681	192.44	-92.025	32.375	198.68	-124.91	3.9761
309.06	-1.7433	-10.015	269.07	2.6376	-7.5142	287.14	-1.9643	21.558	276.02	-63.822	46.53	192.55	-91.842	32.065	199.04	-125.28	3.7487
308.74	-2.0264	-10.84	269.21	2.7235	-7.5803	287.33	-1.8807	21.582	276.03	-63.659	46.431	192.57	-91.614	31.801	198.87	-124.74	3.4357
309.43	-1.7161	-10.19	269.31	2.7831	-7.6293	287.51	-1.7845	21.581	276	-63.475	46.41	192.54	-91.393	31.632	198.93	-124.62	3.3978
309.57	-1.6223	-10.172	269.41	2.8621	-7.655	287.67	-1.725	21.578	275.93	-63.272	46.442	192.5	-91.187	31.513	198.94	-124.48	3.4405
309.67	-1.5213	-10.201	269.45	2.933	-7.7149	287.78	-1.5727	21.593	275.84	-63.06	46.458	192.49	-91.02	31.415	198.94	-124.37	3.478
309.15	-1.7709	-11.01	269.49	3.0389	-7.7219	287.83	-1.4719	21.61	275.8	-62.816	46.503	192.46	-90.819	31.323	199.24	-124.67	3.6018
309.24	-1.6673	-11.082	269.51	3.1318	-7.7519	287.87	-1.3517	21.64	275.74	-62.6	46.529	192.41	-90.627	31.246	199	-124.15	3.4828
309.95	-1.1775	-10.277	269.53	3.2361	-7.8847	287.91	-1.2343	21.658	275.68	-62.388	46.522	192.33	-90.433	31.193	198.98	-124.04	3.5472
310.01	-1.078	-10.308	269.51	3.4842	-8.3744	287.94	-1.1224	21.669	275.64	-62.187	46.532	192.25	-90.234	31.141	198.92	-123.9	3.6003
309.51	-1.3403	-11.147	269.5	3.5019	-8.3814	287.96	-1.0059	21.688	275.6	-61.997	46.529	192.18	-90.048	31.107	198.89	-123.82	3.6922
309.64	-1.2557	-11.211	269.48	3.5918	-8.4036	287.99	-0.89875	21.674	275.57	-61.868	46.514	192.14	-89.876	31.057	198.83	-123.71	3.7514
310.31	-0.89341	-10.618	269.44	3.6429	-8.458	288	-0.79075	21.653	275.54	-61.759	46.436	192.11	-89.724	31.014	198.79	-123.62	3.8123
310.38	-0.92962	-10.714	269.4	3.6866	-8.4796	288	-0.71903	21.637	275.48	-61.682	46.367	192.08	-89.588	30.975	198.76	-123.55	3.8424
309.92	-1.322	-11.492	269.32	3.665	-8.4415	288.01	-0.67706	21.624	275.38	-61.655	46.271	192.03	-89.443	30.902	198.88	-123.9	3.9653
310.57	-1.1023	-10.846	269.24	3.5706	-8.4079	288.01	-0.65737	21.615	275.3	-61.621	46.279	191.96	-89.3	30.855	198.59	-123.43	3.9003
310.73	-1.2703	-10.842	269.13	3.5333	-8.5254	288.01	-0.65737	21.615	275.18	-61.595	46.283	191.86	-89.18	30.834	198.44	-123.38	3.9155
310.41	-1.7455	-11.506	269.08	3.4107	-9.0851	288.04	-0.68496	21.617	275.03	-61.558	46.353	191.74	-89.068	30.797	198.31	-123.38	3.9664
311.22	-1.5801	-10.792	268.71	3.0025	-10.001	288.18	-0.66371	21.679	274.83	-61.471	46.341	191.6	-88.981	30.778	198.18	-123.35	4.0637
311.65	-1.8219	-10.812	268.23	2.8764	-10.809	288.13	-0.54976	21.662	274.54	-61.281	46.245	191.44	-88.885	30.731	198.04	-123.35	4.2575
312.35	-2.2475	-11.14	267.58	2.9011	-11.006	288.05	-0.455	21.665	274.29	-60.952	46.066	191.22	-88.764	30.639	198.1	-123.76	4.5224
313.04	-2.7818	-11.705	266.69	3.1774	-11.249	287.94	-0.3302	21.656	274.03	-60.578	45.666	190.97	-88.614	30.545	197.73	-123.47	4.53
313.48	-3.0794	-12.052	265.64	3.3781	-11.609	287.87	-0.21416	21.641	273.87	-60.273	45.387	190.68	-88.495	30.495	197.46	-123.46	4.5458
313.94	-3.2812	-12.099	264.58	3.5149	-11.968	287.85	-0.10707	21.628	273.61	-60.102	45.055	190.35	-88.466	30.477	197.14	-123.51	4.6321
314.53	-3.6141	-12.019	263.63	3.5787	-12.057	287.85	-0.070707	21.632	273.34	-59.939	44.865	190.01	-88.462	30.533	196.86	-123.44	4.8011
315.11	-4.1434	-11.867	262.65	3.7822	-12.445	287.86	-0.089609	21.629	272.97	-59.83	44.741	189.63	-88.436	30.544	196.35	-123.57	4.8739
315.66	-4.635	-11.503	261.68	3.9309	-12.22	287.88	-0.18262	21.623	272.49	-59.815	44.757	189.17	-88.429	30.598	195.93	-123.61	5.0016
316.13	-5.1839	-10.927	260.81	4.0244	-11.867	287.93	-0.30031	21.64	271.92	-59.884	44.814	188.6	-88.456	30.803	195.35	-123.71	5.2296
316.56	-5.6348	-10.053	259.9	4.1032	-11.503	288.01	-0.40524	21.657	271.36	-59.968	45.12	187.96	-88.506	31.09	194.88	-123.79	5.5769
316.92	-6.1548	-9.1176	258.93	4.1411	-11.135	288.09	-0.49267	21.668	270.67	-60.163	45.39	187.28	-88.613	31.337	194.24	-123.95	5.8756
317.25	-6.8237	-8.1397	257.9	4.0964	-10.33	288.16	-0.57034	21.678	270.02	-60.369	45.788	186.6	-88.791	31.676	193.65	-124.11	6.2627
317.62	-7.5573	-7.0602	256.79	4.1709	-9.7538	288.17	-0.60857	21.68	269.28	-60.736	46.093	185.88	-89.03	32.057	192.85	-124.32	6.5066
317.9	-8.3655	-5.9319	255.61	4.0933	-8.9606	288.18	-0.58804	21.671	268.52	-61.187	46.47	185.08	-89.41	32.483	192.08	-124.65	6.8707
318.12	-9.2796	-4.8388	254.42	3.9945	-7.9572	288.16	-0.54815	21.672	267.77	-61.667	46.879	184.23	-89.795	32.914	191.28	-124.81	7.2207
318.28	-10.31	-3.7649	253.22	3.9009	-7.1975	288.13	-0.52166	21.667	266.89	-62.254	47.188	183.3	-90.211	33.347	190.29	-125.14	7.5237
318.26	-11.436	-2.729	252	3.822	-6.3598	288.1	-0.46726	21.666	265.96	-62.914	47.576	182.28	-90.629	33.834	189.23	-125.42	7.819
318.21	-12.58	-1.7101	250.81	3.5883	-5.4305	288.05	-0.41736	21.661	265	-63.578	47.93	181.15	-91.033	34.235	188.21	-126.12	8.1886
317.95	-13.888	-0.88455	249.58	3.3342	-4.6262	287.99	-0.35141	21.637	263.93	-64.296	48.309	179.92	-91.446	34.698	186.81	-126.07	8.2704
317.57	-15.21	-0.066056	248.35	3.1119	-3.971	287.94	-0.27984	21.644	262.75	-65.051	48.712	178.6	-91.838	35.1	185.48	-126.36	8.6358
316.98	-16.524	0.70781	247.12	2.768	-3.3342	287.92	-0.20139	21.627	261.45	-65.821	49.147	177.16	-92.239	35.539	184.05	-126.71	8.8829
316.21	-17.769	1.4376	245.87	2.2253	-2.3715	287.91	-0.16704	21.615	260.06	-66.599	49.551	175.62	-92.65	35.98	182.57	-126.97	9.1702
315.25	-18.918	2.2504	244.57	1.808	-1.7914	287.91	-0.18284	21.617	258.59	-67.364	50.023	174.01	-93.039	36.428	181.16	-127.62	9.6271
314.04	-20.016	2.87	243.19	1.2676	-1.094	287.93	-0.22867	21.619	256.96	-68.167	50.467	172.29	-93.449	36.871	179.39	-127.6	9.8539
312.66	-21.005	3.5051	241.7	0.76609	-0.44967	287.95	-0.30472	21.64	255.31	-68.943	51.008	170.47	-93.88	37.339	177.66	-127.97	10.109
311.08	-21.944	3.9788	240.09	0.28809	0.16963	288	-0.35879	21.64	253.51	-69.75	51.43	168.57	-94.35	37.807	175.73	-128.28	10.504
309.26	-22.744	4.4245	238.35	-0.16228	0.72924	288.06	-0.41	21.657	251.65	-70.515	51.813	166.57	-94.844	38.299	173.76	-128.61	10.797
307.25	-23.442	4.8237	236.51	-0.68871	1.6067	288.09	-0.45141	21.667	249.68	-71.289	52.26	164.48	-95.38	38.792	171.71	-128.88	11.11
305.07	-24.002	5.1031	234.54	-1.104	2.327	288.11	-0.4835	21.664	247.59	-72.051	52.593	162.31	-95.915	39.306	169.61	-129.29	11.428
302.63	-24.504	5.3327	232.46	-1.5071	2.9487	288.13	-0.50905	21.658	245.42	-72.775	53.002	160.01	-96.478	39.809	167.31	-129.66	11.665
300.1	-24.865	5.6303	230.22	-1.7937	3.4881	288.13	-0.51902	21.658	243.17	-73.409	53.376	157.64	-97.055	40.292	165.03	-129.92	11.966
297.28	-25.09	5.7905	227.81	-2.1199	4.2691	288.14	-0.52377	21.674	240.72	-74.041	53.652	155.14	-97.647	40.781	162.52	-130.27	12.2
294.3	-25.177	5.9537	225.3	-2.3674	4.7942	288.12	-0.51682	21.664	238.16	-74.591	53.983	152.54	-98.222	41.248	159.99	-130.63	12.425
291.12	-25.095	6.0797	222.63	-2.6056	5.4445	288.12	-0.50634	21.665	235.49	-75.066	54.26	149.85	-98.81	41.711	157.38	-131.01	12.618
287.75	-24.924	6.1736	220.03	-2.4227	6.5934	288.09	-0.48787	21.662	232.88	-75.24	54.856	147.04	-99.397	42.115	154.74	-131.29	12.901
284.16	-24.59	6.2816	217.11	-2.504	7.223	288.08	-0.44731	21.663	229.9	-75.575	55.154	144.11	-99.996	42.5	151.94	-131.76	13.042
280.33	-24.12	6.358	213.98	-2.5218	7.8199	288.04	-0.41038	21.674	226.82	-75.822	55.386	141.09	-100.58	42.864	149.02	-132.01	13.239
276.41	-23.563	6.4994	210.66	-2.3921	8.3374	287.99	-0.36652	21.651	223.62	-75.995	55.648	137.97	-101.14	43.186	146.07	-132.37	13.465
272.25	-22.914	6.7523	207.22	-2.3096	8.7353	287.94	-0.30285	21.647	220.31	-76.117	55.864	134.76	-101.73	43.548	143.03	-132.68	13.725
267.85	-22.078	6.6912	203.66	-2.3206	9.4475	287.92	-0.25336	21.649	216.93	-76.18	56.06	131.48	-102.31	43.921	139.98	-133.26	13.87
263.25	-21.147	6.5307	199.89	-2.1151	9.7292	287.91	-0.22113	21.635	213.39	-76.231	56.293	128.1	-102.89	44.223	136.68	-133.3	13.999
258.4	-20.21	6.4792	196.03	-2.0757	10.304	287.91	-0.21895	21.64	209.78	-76.212	56.463	124.62	-103.46	44.519	133.36	-133.68	14.134
253.4	-19.119	6.426	192.11	-1.9866	10.647	287.92	-0.25226	21.626	206.06	-76.181	56.638	121.07	-104.05	44.814	130.06	-134.16	14.372
248.24	-18.024	6.4117	188.15	-1.8076	11.049	287.95	-0.29384	21.646	202.29	-76.109	56.828	117.45	-104.62	45.123	126.52	-134.31	14.384
242.88	-16.871	6.3175	184.06	-1.7079	11.419	287.97	-0.3422	21.643	198.39	-76.03	56.971	113.75	-105.19	45.402	122.96	-134.62	14.515
237.28	-15.75	6.1866	179.83	-1.6372	11.586	288.01	-0.36958	21.646	194.48	-75.908	57.125	109.99	-105.75	45.662	119.4	-134.92	14.594
231.53	-14.583	6.0986	175.63	-1.5563	11.781	288.03	-0.38003	21.656	190.47	-75.762	57.254	106.16	-106.31	45.901	115.71	-135.23	14.696
225.61	-13.4	5.8777	171.32	-1.6082	11.915	288.04	-0.39528	21.656	186.37	-75.586	57.335	102.28	-106.86	46.144	112.1	-135.62	14.72
219.52	-12.206	5.821	166.96	-1.6439	12.02	288.04	-0.39556	21.658	182.19	-75.36	57.475	98.35	-107.41	46.359	108.31	-135.8	14.857
213.25	-10.964	5.5768	162.56	-1.6237	12.042	288.04	-0.39775	21.653	177.97	-75.145	57.591	94.38	-107.95	46.573	104.62	-136.09	14.912
206.85	-9.7769	5.5084	158.05	-1.6119	12.026	288.01	-0.37801	21.647	173.71	-74.875	57.701	90.363	-108.49	46.807	100.7	-136.5	14.967
194.72	-5.7477	7.1079	153.37	-1.6066	11.771	200.26	-8.5369	5.3479	169.38	-74.562	57.749	86.309	-109.05	46.987	96.818	-136.74	14.98
287.97	-0.32307	21.649	148.73	-1.6447	11.779	NaN	NaN	NaN	164.99	-74.228	57.822	82.227	-109.59	47.185	92.895	-136.9	15.062
287.94	-0.29256	21.65	143.94	-1.5895	11.779	186.67	-6.2241	5.0191	160.53	-73.875	57.886	78.137	-110.13	47.387	88.917	-137.16	14.937
287.93	-0.28246	21.653	139.03	-1.5121	11.721	180.04	-5.8807	3.4461	156.04	-73.438	57.968	73.987	-110.67	47.519	84.99	-137.53	15.037
287.93	-0.29483	21.647	133.98	-1.3675	11.67	NaN	NaN	NaN	151.23	-73.239	57.59	69.84	-111.18	47.668	81.051	-137.8	15.022
287.95	-0.31127	21.632	128.84	-1.1695	11.645	NaN	NaN	NaN	146.64	-72.756	57.578	65.655	-111.7	47.745	76.996	-138.09	15.047
287.96	-0.32507	21.648	123.61	-0.96293	11.5	NaN	NaN	NaN	142.02	-72.22	57.594	61.471	-112.18	47.843	72.988	-138.29	15.025
287.97	-0.3426	21.655	118.3	-0.81054	11.418	NaN	NaN	NaN	137.37	-71.671	57.538	57.295	-112.66	47.941	69.027	-138.63	15.087
287.97	-0.34402	21.656	112.93	-0.6055	11.235	NaN	NaN	NaN	132.69	-71.1	57.427	53.121	-113.15	48.016	65.054	-138.93	15.053
287.97	-0.35674	21.647	107.57	-0.41632	11.105	NaN	NaN	NaN	128.11	-70.471	57.404	48.977	-113.62	48.034	61.092	-139.18	15.049
287.97	-0.34455	21.653	102.23	-0.21277	11.129	125.98	-2.4478	-2.2927	123.46	-69.881	57.218	44.854	-114.09	48.012	57.174	-139.51	14.895
287.96	-0.33741	21.653	96.856	-0.0012937	10.914	NaN	NaN	NaN	118.84	-69.345	57.053	40.757	-114.55	48.051	53.234	-139.8	14.958
287.96	-0.3269	21.645	91.454	0.18065	10.694	NaN	NaN	NaN	114.26	-68.792	56.853	36.681	-115.02	48.017	49.354	-140.09	14.812
287.94	-0.30459	21.644	85.938	0.36449	10.439	NaN	NaN	NaN	109.75	-68.178	56.678	32.662	-115.44	47.997	45.533	-140.36	14.681
287.93	-0.28853	21.647	80.423	0.67311	10.265	NaN	NaN	NaN	105.21	-67.624	56.535	28.661	-115.9	47.923	41.718	-140.65	14.666
287.92	-0.27835	21.648	74.976	0.8993	10.016	NaN	NaN	NaN	100.71	-67.109	56.309	24.706	-116.31	47.885	37.976	-140.91	14.564
287.93	-0.2866	21.649	69.593	1.0747	9.6863	NaN	NaN	NaN	96.269	-66.53	56.093	20.81	-116.73	47.791	34.254	-141.2	14.46
287.93	-0.29878	21.644	64.384	1.2575	9.538	NaN	NaN	NaN	91.869	-66.041	55.831	16.966	-117.11	47.672	30.654	-141.55	14.33
287.94	-0.3145	21.64	59.184	1.3792	9.088	NaN	NaN	NaN	87.543	-65.502	55.671	13.134	-117.51	47.562	27.089	-141.8	14.189
287.96	-0.31621	21.648	53.771	1.1172	8.1386	NaN	NaN	NaN	83.205	-65.032	55.472	9.3915	-117.88	47.411	23.55	-142.11	14.023
287.96	-0.32426	21.648	48.787	1.1953	7.8044	NaN	NaN	NaN	78.999	-64.56	55.282	5.7524	-118.22	47.25	20.19	-142.4	13.908
287.97	-0.32242	21.65	44.866	1.7741	8.2185	NaN	NaN	NaN	74.9	-64.102	55.084	2.1844	-118.56	47.047	16.838	-142.61	13.705
287.96	-0.3235	21.648	39.789	1.5978	7.5588	60.502	4.7951	-6.0683	70.882	-63.654	54.875	-1.2807	-118.88	46.878	13.744	-142.89	13.608
287.96	-0.31655	21.647	35.212	1.6205	7.009	55.844	4.9743	-6.459	66.954	-63.236	54.637	-4.6882	-119.21	46.649	10.509	-143.19	13.346
287.95	-0.30851	21.649	30.802	1.6501	6.6597	51.362	5.1244	-6.9884	63.134	-62.837	54.393	-7.981	-119.5	46.486	7.4707	-143.44	13.291
287.95	-0.29989	21.65	26.475	1.595	6.301	48.016	4.0097	-5.5331	59.411	-62.461	54.163	-11.177	-119.83	46.317	4.4702	-143.69	13.072
287.95	-0.29989	21.65	22.378	1.5372	5.8728	43.714	4.0754	-6.0655	55.849	-62.146	53.966	-14.249	-120.13	46.09	1.7065	-143.95	13
287.95	-0.30166	21.65	18.443	1.4966	5.484	39.755	4.1918	-6.3909	52.396	-61.846	53.79	-17.228	-120.45	45.912	-1.0948	-144.23	12.838
287.95	-0.30906	21.649	14.651	1.4033	5.1027	35.998	4.3082	-6.649	49.064	-61.549	53.558	-20.073	-120.73	45.717	-3.7533	-144.52	12.67
287.95	-0.3104	21.647	11.05	1.3362	4.79	32.237	4.3004	-7.0804	45.863	-61.316	53.411	-22.847	-121.04	45.518	-6.2975	-144.79	12.47
287.95	-0.30914	21.65	7.6527	1.2078	4.494	28.794	4.3286	-7.4272	42.764	-61.122	53.221	-25.495	-121.29	45.287	-8.7333	-145.04	12.356
287.94	-0.30492	21.644	4.3699	1.1616	4.0569	25.537	4.3405	-7.667	39.81	-60.925	53.098	-28.072	-121.59	45.054	-11.069	-145.25	12.189
287.94	-0.30413	21.642	1.35	1.0101	3.8221	22.411	4.3316	-7.9288	37.003	-60.803	52.943	-30.512	-121.83	44.828	-13.358	-145.53	11.915
287.94	-0.29452	21.649	-1.5252	0.89327	3.5189	19.498	4.2975	-8.1957	34.319	-60.687	52.835	-32.853	-122.07	44.578	-15.469	-145.68	11.739
287.94	-0.29233	21.65	-4.2512	0.7524	3.2396	16.847	4.3134	-8.3571	31.732	-60.614	52.691	-35.087	-122.27	44.306	-17.557	-145.93	11.449
287.93	-0.29722	21.643	-6.8616	0.64125	2.8703	14.181	4.1627	-8.6765	29.302	-60.602	52.509	-37.256	-122.5	43.974	-19.563	-146.12	11.19
287.95	-0.29927	21.65	-9.2328	0.51563	2.6633	11.72	4.1286	-8.8993	27.004	-60.56	52.365	-39.262	-122.69	43.662	-21.409	-146.27	10.978
287.94	-0.30194	21.647	-11.496	0.40931	2.3383	9.5747	4.085	-9.0172	24.794	-60.558	52.13	-41.216	-122.9	43.279	-23.171	-146.5	10.614
287.95	-0.29402	21.633	-13.682	0.24273	2.0525	7.4839	4.0137	-9.2469	22.733	-60.588	51.935	-43.052	-123.08	42.928	-24.808	-146.66	10.255
287.94	-0.30143	21.65	-15.671	0.17335	1.6301	5.3765	3.8926	-9.6291	20.757	-60.589	51.696	-44.82	-123.26	42.498	-26.403	-146.87	9.9566
287.95	-0.29769	21.655	-17.623	0.01067	1.221	3.4596	3.8457	-10.023	18.855	-60.562	51.405	-46.48	-123.39	42.069	-27.905	-147.04	9.4754
287.96	-0.2989	21.637	-19.446	-0.11254	0.65323	1.7478	3.722	-10.436	17.037	-60.541	51.115	-48.091	-123.52	41.582	-29.314	-147.2	9.1702
287.95	-0.30449	21.653	-21.127	-0.19695	-0.026616	0.04701	3.5572	-10.978	15.275	-60.469	50.784	-49.623	-123.66	41.11	-30.621	-147.37	8.732
287.96	-0.30436	21.641	-22.716	-0.40395	-0.643	-1.3985	3.5266	-11.456	13.625	-60.372	50.476	-51.05	-123.74	40.588	-31.842	-147.51	8.2946
287.95	-0.30641	21.651	-24.221	-0.56717	-1.4811	-2.9117	3.413	-12.117	11.999	-60.295	50.106	-52.439	-123.83	39.991	-32.958	-147.73	7.9317
287.95	-0.30699	21.65	-25.672	-0.81744	-2.2877	-4.3187	3.258	-12.834	10.412	-60.152	49.706	-53.72	-123.89	39.428	-34.01	-147.87	7.5739
287.96	-0.30599	21.654	-26.953	-0.92873	-3.28	-5.377	3.229	-13.369	8.9551	-60.03	49.334	-54.958	-123.97	38.822	-34.987	-148.05	7.063
287.96	-0.3046	21.643	-28.147	-1.086	-4.155	-6.6251	3.0311	-14.221	7.577	-59.906	48.924	-56.09	-124.01	38.194	-35.836	-148.16	6.6363
287.94	-0.30492	21.644	-29.224	-1.2195	-5.1021	-7.5791	3.0432	-14.802	6.2645	-59.76	48.491	-57.163	-124.05	37.571	-36.686	-148.34	6.165
287.95	-0.2972	21.655	-30.284	-1.3491	-6.0913	-8.5596	2.904	-15.56	5.0385	-59.636	48.001	-58.147	-124.08	36.907	-37.424	-148.43	5.7148
287.94	-0.30152	21.648	-31.459	-1.7783	-7.3764	-9.4195	2.8538	-16.251	3.949	-59.519	47.539	-59.021	-124.12	36.269	-38.138	-148.61	5.2145
287.94	-0.30161	21.647	-32.256	-1.9076	-8.1445	-10.244	2.6857	-17.006	2.9471	-59.434	47.016	-59.822	-124.12	35.583	-38.722	-148.68	4.76
287.94	-0.30446	21.642	-32.965	-1.9603	-9.1457	-10.943	2.6272	-17.804	2.0176	-59.324	46.527	-60.549	-124.17	34.879	-39.318	-148.8	4.2522
287.93	-0.30045	21.64	-33.507	-2.1127	-9.8901	-11.482	2.5401	-18.504	1.1825	-59.218	46.052	-61.23	-124.18	34.209	-39.791	-148.91	3.6161
287.93	-0.29968	21.652	-33.93	-2.1985	-10.677	-11.821	2.4495	-19.019	0.44433	-59.2	45.579	-61.803	-124.17	33.503	-40.212	-148.97	3.0838
287.93	-0.30307	21.649	-34.257	-2.3037	-11.383	-12.176	2.3646	-19.597	-0.22355	-59.157	45.148	-62.344	-124.16	32.86	-40.605	-149.02	2.5883
287.94	-0.29231	21.65	-34.547	-2.3948	-12.116	-12.332	2.3812	-20.075	-0.80351	-59.2	44.758	-62.779	-124.12	32.184	-40.887	-149.05	2.0317
287.93	-0.30333	21.65	-34.742	-2.4918	-12.742	-12.412	2.298	-20.442	-1.2764	-59.188	44.398	-63.173	-124.12	31.563	-41.183	-149.11	1.4956
287.93	-0.30397	21.648	-34.803	-2.5262	-13.313	-12.513	2.2451	-20.841	-1.6978	-59.235	44.085	-63.512	-124.12	30.925	-41.383	-149.14	1.0888
287.93	-0.30273	21.649	-34.851	-2.5091	-13.637	-12.66	2.2138	-21.314	-2.0324	-59.274	43.788	-63.773	-124.09	30.41	-41.476	-149.14	0.54025
287.94	-0.29519	21.647	-34.903	-2.4985	-13.728	-12.721	2.2638	-21.383	-2.2979	-59.326	43.567	-63.994	-124.05	29.934	-41.607	-149.17	0.19855
287.93	-0.29968	21.652	-34.877	-2.4761	-13.733	-12.643	2.25	-21.405	-2.4655	-59.412	43.49	-64.194	-124.03	29.538	-41.661	-149.19	-0.063984
287.93	-0.29704	21.632	-34.81	-2.4775	-13.71	-12.383	2.2563	-21.237	-2.5704	-59.523	43.519	-64.33	-124	29.323	-41.708	-149.18	-0.24918
287.94	-0.2948	21.635	-34.715	-2.5038	-13.683	-12.278	2.1721	-21.179	-2.6278	-59.579	43.592	-64.409	-124.01	29.231	-41.758	-149.2	-0.28678
287.94	-0.29749	21.645	-34.662	-2.4794	-13.838	-12.146	2.0999	-21.11	-2.6527	-59.601	43.725	-64.432	-124.02	29.228	-41.798	-149.2	-0.21827
287.94	-0.28888	21.656	-34.518	-2.4984	-13.81	-12.029	2.1243	-20.95	-2.6354	-59.607	43.888	-64.423	-124.01	29.255	-41.836	-149.19	-0.15922
287.94	-0.29273	21.638	-34.34	-2.507	-13.772	-11.9	2.1488	-20.813	-2.603	-59.602	44.024	-64.402	-123.95	29.277	-41.852	-149.16	-0.063656
287.94	-0.2923	21.652	-34.134	-2.4901	-13.675	-11.653	2.2412	-20.585	-2.5504	-59.592	44.14	-64.382	-123.86	29.272	-41.85	-149.12	-0.027123
287.95	-0.29673	21.642	-33.924	-2.4528	-13.586	-11.467	2.2989	-20.471	-2.4708	-59.58	44.188	-64.35	-123.8	29.256	-41.819	-149.05	-0.064105
287.95	-0.29103	21.624	-33.769	-2.436	-13.584	-11.328	2.3434	-20.427	-2.3495	-59.533	44.202	-64.305	-123.73	29.224	-41.79	-148.99	-0.11949
287.96	-0.28854	21.627	-33.605	-2.3733	-13.596	-11.301	2.354	-20.529	-2.2192	-59.474	44.141	-64.231	-123.65	29.166	-41.758	-148.95	-0.20019
287.94	-0.29023	21.641	-33.457	-2.2964	-13.595	-11.048	2.4658	-20.531	-2.0505	-59.367	44.035	-64.133	-123.56	29.109	-41.712	-148.88	-0.34383
287.96	-0.28546	21.629	-33.406	-2.2076	-13.769	-7.6501	4.2063	-17.825	-1.9035	-59.257	43.935	-64.046	-123.46	29.01	-41.668	-148.82	-0.40548
287.96	-0.28659	21.615	-33.385	-2.1379	-13.802	-7.6295	4.3267	-18.073	-1.7658	-59.108	43.732	-63.953	-123.39	28.96	-41.603	-148.78	-0.46233
287.95	-0.28211	21.624	-33.399	-1.9889	-13.942	-7.6377	4.4378	-18.149	-1.6225	-58.966	43.525	-63.845	-123.33	28.883	-41.524	-148.74	-0.52554
287.95	-0.27843	21.628	-33.375	-1.8884	-13.931	-7.6206	4.5487	-18.197	-1.4534	-58.869	43.402	-63.737	-123.27	28.845	-41.451	-148.71	-0.58003
287.94	-0.27223	21.616	-33.34	-1.8212	-13.906	-7.619	4.6124	-18.222	-1.3221	-58.803	43.262	-63.627	-123.23	28.811	-41.366	-148.67	-0.66373
287.95	-0.2693	21.621	-33.335	-1.7614	-13.899	-7.6094	4.6854	-18.244	-1.2189	-58.752	43.173	-63.506	-123.23	28.787	-41.284	-148.67	-0.73754
287.94	-0.27498	21.639	-33.331	-1.7086	-13.981	-7.5968	4.7515	-18.246	-1.1298	-58.703	43.088	-63.39	-123.24	28.74	-41.228	-148.67	-0.77455
287.94	-0.27378	21.626	-33.321	-1.6744	-13.956	-7.6163	4.8124	-18.254	-1.04	-58.641	43.041	-63.296	-123.24	28.737	-41.183	-148.7	-0.82263
287.95	-0.26726	21.621	-33.319	-1.6582	-13.96	-7.6122	4.8604	-18.24	-0.93825	-58.592	43.034	-63.21	-123.25	28.718	-41.127	-148.7	-0.87253
287.95	-0.26942	21.618	-33.313	-1.6401	-13.948	-7.633	4.8931	-18.268	-0.84854	-58.551	43.016	-63.134	-123.26	28.719	-41.118	-148.72	-0.96083
287.95	-0.26819	21.619	-33.32	-1.6452	-13.956	-7.6323	4.9255	-18.263	-0.77862	-58.521	42.952	-63.051	-123.28	28.69	-41.088	-148.76	-1.0388
287.94	-0.27206	21.627	-33.303	-1.6481	-13.948	-7.633	4.9516	-18.264	-0.71145	-58.522	42.875	-62.976	-123.32	28.648	-41.078	-148.79	-1.0823
287.94	-0.2719	21.616	-33.294	-1.671	-13.941	-7.6413	4.9491	-18.288	-0.63074	-58.549	42.79	-62.907	-123.35	28.626	-41.067	-148.83	-1.1483
287.94	-0.27237	21.628	-33.266	-1.6838	-13.93	-7.6204	4.9522	-18.286	-0.55013	-58.594	42.71	-62.861	-123.39	28.586	-41.064	-148.87	-1.2115
