134.53	0.77113	20.334	-26.277	2.4539	-12.908	0.57471	4.4189	-17.96	5.125	-56.469	41.479	-62.111	-117.14	27.876	-42.422	-143.67	-2.1443
134.53	0.78083	20.34	-26.251	2.4055	-12.796	0.57276	4.4161	-17.963	5.125	-56.469	41.479	-62.111	-117.14	27.866	-42.411	-143.7	-2.1383
134.53	0.76847	20.344	-26.272	2.4575	-12.902	0.58003	4.4229	-17.954	5.1206	-56.472	41.474	-62.109	-117.14	27.877	-42.426	-143.68	-2.1356
134.52	0.77676	20.332	-26.269	2.4456	-12.908	0.57894	4.4191	-17.956	5.1323	-56.465	41.485	-62.114	-117.14	27.874	-42.438	-143.67	-2.1398
134.53	0.7711	20.334	-26.255	2.4059	-12.799	0.56965	4.416	-17.961	5.1206	-56.472	41.474	-62.117	-117.13	27.877	-42.439	-143.68	-2.145
134.53	0.78085	20.34	-26.248	2.4091	-12.792	0.58106	4.423	-17.955	5.1221	-56.473	41.488	-62.115	-117.14	27.874	-42.438	-143.67	-2.1405
134.53	0.77891	20.335	-26.254	2.4032	-12.799	0.57808	4.4201	-17.957	5.1238	-56.469	41.478	-62.115	-117.14	27.874	-42.426	-143.69	-2.1403
134.52	0.77296	20.341	-26.278	2.4535	-12.895	0.57727	4.4185	-17.943	5.1213	-56.473	41.488	-62.119	-117.14	27.871	-42.434	-143.68	-2.1396
134.52	0.77668	20.333	-26.251	2.4061	-12.797	0.57471	4.4189	-17.96	5.1163	-56.464	41.489	-62.125	-117.13	27.873	-42.423	-143.68	-2.1389
134.53	0.76824	20.345	-26.252	2.4196	-12.803	0.56969	4.4276	-17.958	5.1189	-56.474	41.487	-62.128	-117.13	27.869	-42.439	-143.67	-2.1535
134.53	0.77888	20.335	-26.279	2.4636	-12.904	0.56969	4.4276	-17.958	5.1078	-56.469	41.482	-62.124	-117.13	27.873	-42.421	-143.69	-2.1513
134.53	0.77862	20.336	-26.248	2.4084	-12.793	0.57226	4.4272	-17.941	5.1142	-56.465	41.489	-62.129	-117.13	27.869	-42.428	-143.68	-2.1389
134.53	0.77739	20.347	-26.248	2.4099	-12.807	0.56883	4.4286	-17.959	5.1125	-56.464	41.488	-62.134	-117.14	27.866	-42.437	-143.67	-2.1494
134.53	0.78122	20.338	-26.284	2.4633	-12.906	0.56992	4.426	-17.945	5.1078	-56.469	41.482	-62.141	-117.13	27.865	-42.443	-143.67	-2.1404
134.53	0.77896	20.335	-26.266	2.4111	-12.801	0.56248	4.4246	-17.964	5.1085	-56.469	41.496	-62.135	-117.13	27.87	-42.455	-143.66	-2.144
134.53	0.77789	20.334	-26.255	2.4167	-12.791	0.56803	4.427	-17.945	5.1046	-56.458	41.487	-62.142	-117.13	27.865	-42.446	-143.68	-2.1343
134.53	0.78224	20.341	-26.254	2.4188	-12.803	0.56797	4.4233	-17.947	5.1087	-56.455	41.49	-62.143	-117.13	27.854	-42.463	-143.66	-2.1339
134.53	0.78193	20.341	-26.258	2.4186	-12.806	0.57226	4.4272	-17.941	5.1025	-56.459	41.486	-62.152	-117.12	27.863	-42.445	-143.67	-2.1392
134.53	0.78079	20.339	-26.262	2.415	-12.811	0.56969	4.4276	-17.958	5.0941	-56.464	41.479	-62.147	-117.12	27.856	-42.446	-143.67	-2.1292
134.53	0.77901	20.334	-26.26	2.4164	-12.81	0.57019	4.4271	-17.94	5.1017	-56.458	41.485	-62.157	-117.12	27.86	-42.45	-143.66	-2.1371
134.53	0.77889	20.335	-26.256	2.4073	-12.812	0.57195	4.4145	-17.949	5.1025	-56.459	41.486	-62.152	-117.12	27.864	-42.458	-143.66	-2.1273
134.53	0.77635	20.333	-26.28	2.4537	-12.91	0.5752	4.4184	-17.942	5.1017	-56.458	41.485	-62.154	-117.12	27.863	-42.453	-143.66	-2.1415
134.53	0.77313	20.337	-26.278	2.455	-12.908	0.57096	4.4261	-17.945	5.0997	-56.459	41.485	-62.149	-117.13	27.862	-42.453	-143.66	-2.1293
134.53	0.76957	20.345	-26.258	2.4059	-12.814	0.57195	4.4145	-17.949	5.0997	-56.461	41.496	-62.148	-117.13	27.863	-42.457	-143.66	-2.1434
134.54	0.77271	20.35	-26.259	2.4152	-12.809	0.57195	4.4145	-17.949	5.0997	-56.461	41.496	-62.159	-117.13	27.857	-42.445	-143.67	-2.1406
134.53	0.77866	20.337	-26.252	2.4202	-12.802	0.57092	4.4145	-17.949	5.1005	-56.459	41.484	-62.155	-117.13	27.856	-42.439	-143.68	-2.1287
134.54	0.77512	20.341	-26.248	2.409	-12.792	0.56694	4.4232	-17.947	5.0956	-56.464	41.493	-62.142	-117.13	27.865	-42.445	-143.67	-2.1388
134.53	0.77878	20.336	-26.278	2.4538	-12.907	0.57122	4.4272	-17.94	5.0929	-56.464	41.479	-62.155	-117.14	27.867	-42.457	-143.67	-2.132
134.53	0.78093	20.339	-26.249	2.4077	-12.794	0.55972	4.4202	-17.953	5.0964	-56.462	41.481	-62.15	-117.13	27.859	-42.452	-143.66	-2.1411
134.53	0.77889	20.335	-26.249	2.4084	-12.793	0.56671	4.4248	-17.96	5.0964	-56.462	41.481	-62.157	-117.13	27.859	-42.441	-143.68	-2.1303
134.53	0.77858	20.337	-26.242	2.4142	-12.8	0.57195	4.4145	-17.949	5.0961	-56.449	41.488	-62.154	-117.13	27.859	-42.456	-143.68	-2.1387
134.53	0.78109	20.339	-26.247	2.4106	-12.806	0.56772	4.4143	-17.953	5.0894	-56.455	41.482	-62.151	-117.13	27.86	-42.45	-143.68	-2.1462
134.52	0.77631	20.345	-26.247	2.4106	-12.806	0.56663	4.4105	-17.955	5.0905	-56.454	41.483	-62.156	-117.14	27.855	-42.452	-143.68	-2.1313
134.52	0.77623	20.345	-26.253	2.4175	-12.79	0.56774	4.4248	-17.96	5.0833	-56.457	41.476	-62.154	-117.13	27.857	-42.46	-143.67	-2.1352
134.53	0.77885	20.335	-26.26	2.4164	-12.81	0.56694	4.4232	-17.947	5.0825	-56.459	41.488	-62.162	-117.13	27.857	-42.452	-143.68	-2.1333
134.53	0.77221	20.335	-26.252	2.4181	-12.789	0.5752	4.4184	-17.942	5.0833	-56.446	41.496	-62.161	-117.14	27.85	-42.448	-143.69	-2.1347
134.52	0.77623	20.345	-26.255	2.4179	-12.792	0.56694	4.4232	-17.947	5.0772	-56.46	41.471	-62.176	-117.14	27.845	-42.46	-143.68	-2.1407
134.52	0.77665	20.333	-26.261	2.4157	-12.811	0.57597	4.4174	-17.947	5.0813	-56.447	41.496	-62.17	-117.13	27.852	-42.446	-143.68	-2.1302
134.53	0.78236	20.329	-26.249	2.4219	-12.799	0.56464	4.4246	-17.959	5.0798	-56.449	41.491	-62.173	-117.13	27.848	-42.46	-143.68	-2.1527
134.53	0.78311	20.34	-26.27	2.461	-12.902	0.56487	4.4231	-17.946	5.0833	-56.446	41.496	-62.173	-117.13	27.848	-42.462	-143.67	-2.1364
134.53	0.77091	20.335	-26.262	2.415	-12.811	0.56694	4.4232	-17.947	5.0801	-56.447	41.495	-62.174	-117.13	27.848	-42.462	-143.66	-2.144
134.53	0.77823	20.348	-26.261	2.4157	-12.811	0.57819	4.4212	-17.94	5.0798	-56.447	41.482	-62.171	-117.13	27.849	-42.445	-143.68	-2.1444
134.53	0.78077	20.339	-26.251	2.423	-12.802	0.56766	4.4106	-17.955	5.0764	-56.449	41.491	-62.169	-117.13	27.851	-42.447	-143.67	-2.1294
134.53	0.77971	20.339	-26.256	2.4193	-12.807	0.57195	4.4145	-17.949	5.084	-56.455	41.491	-62.168	-117.13	27.852	-42.445	-143.68	-2.1303
134.53	0.7799	20.337	-26.249	2.4219	-12.799	0.57195	4.4145	-17.949	5.0737	-56.451	41.489	-62.168	-117.13	27.852	-42.465	-143.66	-2.1356
134.54	0.78432	20.342	-26.262	2.4162	-12.809	0.57172	4.4161	-17.962	5.0728	-56.451	41.489	-62.168	-117.13	27.852	-42.448	-143.67	-2.1277
134.54	0.77298	20.338	-26.28	2.4669	-12.903	0.57092	4.4145	-17.949	5.0746	-56.438	41.496	-62.176	-117.14	27.845	-42.448	-143.67	-2.1259
134.54	0.7729	20.339	-26.26	2.4164	-12.81	0.56663	4.4105	-17.955	5.06	-56.446	41.486	-62.171	-117.13	27.849	-42.449	-143.67	-2.1417
134.53	0.76623	20.33	-26.263	2.4149	-12.811	0.56694	4.4232	-17.947	5.0737	-56.438	41.497	-62.17	-117.13	27.851	-42.45	-143.67	-2.144
134.53	0.78282	20.343	-26.262	2.415	-12.811	0.56058	4.4191	-17.952	5.0644	-56.444	41.502	-62.178	-117.14	27.846	-42.438	-143.68	-2.139
134.54	0.77319	20.337	-26.263	2.4149	-12.811	0.55972	4.4202	-17.953	5.0659	-56.442	41.504	-62.18	-117.14	27.843	-42.446	-143.67	-2.1277
134.53	0.77924	20.351	-26.261	2.4283	-12.802	0.56613	4.4216	-17.933	5.0659	-56.442	41.504	-62.18	-117.14	27.843	-42.445	-143.69	-2.1336
134.52	0.77627	20.345	-26.264	2.4254	-12.807	0.56297	4.4241	-17.946	5.0507	-56.44	41.496	-62.178	-117.14	27.844	-42.437	-143.68	-2.1405
134.53	0.76869	20.331	-26.265	2.4253	-12.807	0.5632	4.4225	-17.933	5.048	-56.44	41.482	-62.181	-117.14	27.841	-42.448	-143.68	-2.1315
134.54	0.77422	20.34	-26.27	2.4356	-12.79	0.55494	4.4273	-17.938	5.0585	-56.435	41.489	-62.171	-117.13	27.849	-42.44	-143.68	-2.1297
134.53	0.76894	20.331	-26.264	2.4269	-12.806	0.55892	4.4186	-17.94	5.0527	-56.436	41.487	-62.18	-117.14	27.843	-42.432	-143.68	-2.1218
134.53	0.77886	20.335	-26.258	2.4306	-12.801	0.55788	4.4185	-17.939	5.0446	-56.428	41.485	-62.173	-117.13	27.847	-42.437	-143.68	-2.1272
134.53	0.77886	20.335	-26.265	2.4281	-12.807	0.55905	4.4302	-17.93	5.0484	-56.437	41.482	-62.178	-117.14	27.844	-42.427	-143.68	-2.1363
134.54	0.77191	20.337	-26.258	2.4306	-12.801	0.56138	4.4313	-17.926	5.0408	-56.432	41.494	-62.177	-117.12	27.849	-42.436	-143.68	-2.1383
134.53	0.77886	20.335	-26.272	2.4364	-12.805	0.55183	4.4271	-17.936	5.0432	-56.429	41.498	-62.188	-117.13	27.842	-42.434	-143.67	-2.121
134.53	0.78021	20.352	-26.271	2.4371	-12.804	0.5536	4.4146	-17.945	5.0432	-56.429	41.498	-62.19	-117.13	27.841	-42.44	-143.68	-2.141
134.53	0.77886	20.335	-26.274	2.4341	-12.808	0.56217	4.4225	-17.933	5.0404	-56.43	41.484	-62.185	-117.13	27.845	-42.446	-143.67	-2.137
134.53	0.7812	20.337	-26.277	2.4327	-12.81	0.55494	4.4273	-17.938	5.0334	-56.424	41.482	-62.197	-117.12	27.843	-42.455	-143.66	-2.1278
134.53	0.77221	20.336	-26.274	2.4341	-12.808	0.5549	4.4157	-17.941	5.0343	-56.437	41.49	-62.189	-117.13	27.842	-42.453	-143.66	-2.1274
134.53	0.7809	20.339	-26.272	2.4217	-12.8	0.55685	4.4185	-17.939	5.0303	-56.437	41.487	-62.204	-117.13	27.836	-42.448	-143.66	-2.1336
134.53	0.77976	20.338	-26.27	2.4251	-12.811	0.55685	4.4185	-17.939	5.0355	-56.436	41.491	-62.187	-117.13	27.841	-42.464	-143.67	-2.1501
134.53	0.77969	20.339	-26.26	2.4299	-12.802	0.56338	4.4172	-17.922	5.027	-56.44	41.484	-62.196	-117.12	27.842	-42.456	-143.68	-2.1483
134.54	0.77503	20.342	-26.266	2.4274	-12.808	0.56418	4.4188	-17.936	5.0303	-56.437	41.487	-62.191	-117.13	27.838	-42.448	-143.67	-2.1294
134.53	0.76882	20.331	-26.279	2.4178	-12.819	0.56022	4.4197	-17.936	5.0285	-56.439	41.486	-62.191	-117.13	27.838	-42.458	-143.68	-2.1384
134.54	0.77502	20.342	-26.263	2.427	-12.806	0.55995	4.4186	-17.94	5.0397	-56.433	41.493	-62.19	-117.14	27.834	-42.446	-143.68	-2.1452
134.54	0.77421	20.34	-26.273	2.4221	-12.813	0.55513	4.4141	-17.928	5.0338	-56.435	41.49	-62.189	-117.13	27.84	-42.444	-143.68	-2.1439
134.53	0.77087	20.333	-26.265	2.4247	-12.808	0.56418	4.4188	-17.936	5.0294	-56.439	41.486	-62.197	-117.13	27.835	-42.45	-143.69	-2.149
134.53	0.77056	20.335	-26.263	2.427	-12.806	0.55782	4.4148	-17.941	5.0282	-56.44	41.485	-62.19	-117.13	27.827	-42.454	-143.68	-2.1475
134.54	0.77197	20.337	-26.27	2.4245	-12.812	0.55806	4.4132	-17.928	5.0244	-56.44	41.484	-62.19	-117.13	27.838	-42.457	-143.68	-2.1495
134.54	0.77296	20.338	-26.273	2.4342	-12.809	0.55513	4.4141	-17.928	5.035	-56.433	41.492	-62.197	-117.13	27.835	-42.468	-143.67	-2.155
134.53	0.77084	20.334	-26.271	2.4244	-12.812	0.56663	4.4211	-17.915	5.0165	-56.434	41.482	-62.203	-117.13	27.834	-42.446	-143.68	-2.1449
134.53	0.77086	20.334	-26.272	2.4364	-12.805	0.54895	4.4112	-17.935	5.0189	-56.431	41.486	-62.207	-117.12	27.82	-42.465	-143.67	-2.1479
134.53	0.78285	20.342	-26.273	2.4342	-12.809	0.55218	4.4229	-17.927	5.0153	-56.434	41.482	-62.206	-117.11	27.828	-42.456	-143.67	-2.1458
134.53	0.77884	20.335	-26.28	2.4298	-12.814	0.54908	4.4228	-17.925	5.0124	-56.434	41.48	-62.214	-117.12	27.832	-42.482	-143.64	-2.1572
134.53	0.77884	20.335	-26.278	2.4339	-12.81	0.54908	4.4228	-17.925	5.0086	-56.425	41.482	-62.205	-117.11	27.828	-42.493	-143.63	-2.1439
134.53	0.78073	20.339	-26.274	2.4375	-12.807	0.5544	4.4268	-17.92	5.0034	-56.429	41.478	-62.207	-117.11	27.828	-42.494	-143.62	-2.1411
134.53	0.7789	20.335	-26.283	2.4429	-12.808	0.55011	4.4228	-17.926	5.0114	-56.435	41.478	-62.212	-117.12	27.833	-42.492	-143.63	-2.1435
134.52	0.77661	20.333	-26.284	2.4295	-12.817	0.5531	4.4257	-17.924	5.0132	-56.45	41.472	-62.208	-117.11	27.828	-42.507	-143.64	-2.1561
134.53	0.77892	20.335	-26.275	2.4334	-12.809	0.54565	4.4242	-17.943	5.0292	-56.483	41.477	-62.202	-117.11	27.83	-42.506	-143.64	-2.1575
134.53	0.78118	20.337	-26.263	2.4149	-12.811	0.57501	4.4316	-17.952	5.0474	-56.528	41.478	-62.195	-117.12	27.829	-42.522	-143.64	-2.1513
134.53	0.77881	20.335	-26.255	2.4517	-12.882	0.57704	4.438	-17.994	5.077	-56.607	41.454	-62.175	-117.12	27.84	-42.54	-143.64	-2.1579
134.52	0.77615	20.345	-26.226	2.4135	-12.87	0.60076	4.4637	-18.027	5.1313	-56.723	41.436	-62.147	-117.12	27.869	-42.56	-143.66	-2.1447
134.52	0.77759	20.334	-26.151	2.3701	-12.831	0.64972	4.5538	-18.058	5.2031	-56.879	41.417	-62.13	-117.13	27.907	-42.576	-143.67	-2.128
134.53	0.76841	20.334	-26.082	2.3189	-12.798	0.6289	4.7562	-18.111	5.2572	-57.044	41.377	-62.103	-117.16	27.978	-42.61	-143.66	-2.1001
134.53	0.77924	20.351	-26.05	2.2347	-12.732	0.49125	5.068	-18.209	5.3705	-57.213	41.366	-62.064	-117.18	28.059	-42.645	-143.66	-2.0431
134.53	0.76566	20.343	-26.023	2.053	-12.418	0.29573	5.363	-18.503	5.5143	-57.409	41.341	-61.963	-117.23	28.192	-42.637	-143.7	-1.9838
134.53	0.76617	20.341	-26.027	1.9191	-12.278	0.16088	5.7752	-18.498	5.7298	-57.669	41.305	-61.834	-117.33	28.297	-42.52	-143.94	-1.8815
134.53	0.76665	20.345	-25.962	1.7031	-11.766	-0.011302	6.195	-18.382	6.0178	-57.959	41.353	-61.666	-117.47	28.385	-42.414	-144.04	-1.8163
134.53	0.76317	20.354	-25.59	1.7872	-10.686	-0.021533	6.6459	-17.943	6.3632	-58.387	41.444	-61.379	-117.68	28.539	-42.351	-144.14	-1.8799
134.53	0.76351	20.34	-25.124	1.8003	-9.2975	0.12363	7.0642	-16.979	6.8371	-58.986	41.578	-61.051	-117.98	28.616	-42.247	-144.24	-2.064
134.53	0.76839	20.334	-24.551	1.6987	-7.7037	0.60376	7.2025	-15.665	7.5127	-59.846	41.89	-60.617	-118.35	28.756	-41.953	-144.52	-2.2451
134.52	0.7736	20.345	-23.824	1.54	-6.069	1.3676	7.1568	-14.095	8.3002	-60.869	42.329	-60.125	-118.81	28.916	-41.66	-144.66	-2.3385
134.53	0.76642	20.358	-22.833	1.2407	-4.212	2.3426	6.9104	-12.286	9.223	-62.133	42.91	-59.508	-119.35	29.1	-41.326	-145.02	-2.5277
134.54	0.77365	20.342	-21.491	0.84492	-2.2792	3.6392	6.5663	-10.369	10.285	-63.59	43.553	-58.784	-119.96	29.332	-41.101	-145.1	-2.772
134.55	0.76644	20.354	-20.018	0.33995	-0.47757	5.2717	6.0279	-8.4582	11.462	-65.094	44.259	-57.951	-120.61	29.647	-40.479	-145.66	-2.8611
134.55	0.77131	20.347	-18.199	-0.28752	1.5116	7.2094	5.4313	-6.4445	12.808	-66.749	44.966	-57.045	-121.29	30.039	-39.881	-146.11	-2.929
134.56	0.77216	20.35	-16.203	-0.98179	3.3163	9.3987	4.6782	-4.5889	14.344	-68.436	45.638	-56.004	-121.98	30.441	-39.249	-146.59	-2.9502
134.56	0.7647	20.349	-14.045	-1.8147	5.1869	11.883	3.8488	-2.7466	16.047	-70.121	46.26	-54.829	-122.72	30.879	-38.552	-146.85	-2.9227
134.56	0.76169	20.358	-11.853	-2.5277	6.8105	14.694	2.962	-1.0815	17.917	-71.818	46.879	-53.459	-123.52	31.406	-37.633	-147.45	-2.7111
134.57	0.76532	20.353	-9.5342	-3.4195	8.5938	18.002	1.992	0.54937	19.908	-73.535	47.467	-51.958	-124.33	31.948	-36.486	-148.12	-2.5621
134.56	0.7618	20.347	-7.1381	-4.2704	10.102	21.963	0.94582	2.0337	21.968	-75.189	48.16	-50.364	-125.07	32.473	-35.24	-148.69	-2.0082
134.56	0.7642	20.352	-4.6913	-5.1927	11.55	26.931	-0.15163	3.4435	24.115	-76.8	48.867	-48.612	-125.76	33.055	-33.701	-149.32	-1.499
134.57	0.75639	20.35	-2.1254	-6.084	12.703	32.239	-1.4074	4.8145	26.428	-78.441	49.716	-46.747	-126.49	33.673	-31.955	-150.07	-1.055
134.57	0.75253	20.358	0.6532	-7.147	13.958	37.602	-2.8882	6.2321	28.837	-80.136	50.474	-44.734	-127.24	34.298	-29.939	-151.14	-0.57403
134.56	0.74459	20.359	3.5859	-8.2022	15.02	42.999	-4.5176	7.7183	31.408	-81.873	51.24	-42.578	-127.99	34.948	-28.159	-151.93	-0.016987
134.55	0.75484	20.353	6.7522	-9.2563	16.087	48.386	-6.2735	9.236	34.175	-83.659	52.059	-40.323	-128.65	35.658	-26.053	-152.58	0.8247
134.55	0.75031	20.347	10.121	-10.403	17.215	53.726	-8.0982	10.692	37.095	-85.448	52.886	-37.954	-129.3	36.315	-24.073	-153.13	1.501
134.55	0.74986	20.359	13.595	-11.562	18.464	59.444	-9.7395	12.69	40.344	-86.996	53.995	-35.442	-129.97	37.015	-21.701	-153.9	2.038
134.54	0.74657	20.364	17.156	-12.703	19.749	64.74	-11.692	14.086	43.442	-88.814	54.729	-32.774	-130.7	37.826	-19.463	-154.49	2.7454
134.54	0.74912	20.357	20.737	-13.78	20.955	69.398	-14.052	14.859	46.568	-90.55	55.43	-30.06	-131.4	38.53	-16.929	-155.46	3.4652
134.54	0.74653	20.367	24.344	-14.751	22.074	74.602	-16.039	16.039	49.749	-92.228	56.118	-27.258	-132.04	39.259	-14.767	-155.92	4.0394
134.54	0.74555	20.365	27.934	-15.729	23.157	80.318	-17.815	17.621	52.937	-93.761	56.654	-24.42	-132.66	40.084	-12.208	-156.56	4.5911
134.54	0.75916	20.36	31.486	-16.614	24.097	84.942	-20.023	18.181	56.104	-95.225	57.25	-21.586	-133.23	40.776	-9.3126	-157.3	5.3869
134.54	0.76419	20.354	35.036	-17.473	25.01	90.608	-21.651	19.615	59.265	-96.547	57.826	-18.673	-133.69	41.525	-6.9144	-157.55	5.9574
134.55	0.76258	20.364	38.473	-18.167	25.649	95.212	-23.767	20.08	62.425	-97.755	58.363	-15.75	-134.05	42.24	-3.9427	-158.16	6.8415
134.55	0.76642	20.356	41.991	-18.891	26.263	100.75	-25.364	21.324	65.56	-98.776	58.819	-12.815	-134.29	42.962	-1.5065	-158.3	7.5139
134.55	0.77232	20.35	45.418	-19.431	26.684	105.73	-27.037	22.083	68.7	-99.646	59.271	-9.8629	-134.45	43.608	1.4806	-158.84	8.374
134.55	0.77911	20.35	48.814	-19.88	27.017	110.06	-28.845	22.322	71.819	-100.4	59.666	-6.9062	-134.56	44.223	4.0847	-158.82	9.1038
134.55	0.78023	20.351	52.197	-20.313	27.185	114.87	-30.221	22.846	74.953	-100.98	60.006	-3.9391	-134.57	44.801	6.8801	-159	9.927
134.54	0.77646	20.359	55.509	-20.628	27.249	119.5	-31.523	23.224	78.042	-101.39	60.279	-0.97423	-134.51	45.373	9.7956	-159.17	10.477
134.55	0.76979	20.359	58.706	-20.839	27.129	123.95	-32.636	23.453	81.143	-101.67	60.502	1.9874	-134.38	45.849	12.563	-159.14	11.24
134.55	0.76892	20.358	61.818	-20.946	26.937	128.3	-33.562	23.58	84.203	-101.77	60.659	4.9557	-134.15	46.316	15.577	-159.53	11.773
134.55	0.77131	20.347	64.758	-20.935	26.547	132.59	-34.312	23.613	87.226	-101.67	60.727	7.9086	-133.87	46.686	18.318	-159.36	12.397
134.56	0.76446	20.348	67.583	-20.831	25.977	136.75	-34.902	23.508	90.252	-101.46	60.755	10.832	-133.55	47.066	21.129	-159.28	12.932
134.56	0.75989	20.344	70.271	-20.687	25.507	140.77	-35.347	23.318	93.18	-101.09	60.669	13.734	-133.15	47.387	23.871	-159.09	13.429
134.55	0.75875	20.342	72.82	-20.342	24.777	144.72	-35.589	23.021	96.122	-100.58	60.556	16.611	-132.72	47.708	26.626	-158.84	13.905
134.56	0.7516	20.356	75.171	-20.028	24.177	148.87	-35.529	23.013	98.986	-99.989	60.372	19.406	-132.26	47.989	29.25	-158.41	14.221
134.56	0.7471	20.351	77.367	-19.503	23.397	152.37	-35.484	22.495	101.8	-99.293	60.052	22.178	-131.74	48.267	31.88	-158.2	14.623
134.56	0.7513	20.357	79.408	-19.004	22.857	155.22	-35.375	21.46	104.53	-98.513	59.722	24.861	-131.16	48.553	34.405	-157.74	14.952
134.55	0.75503	20.35	81.275	-18.349	22.201	158.63	-34.774	21.087	107.19	-97.602	59.299	27.475	-130.58	48.777	36.767	-157.05	15.25
134.56	0.7613	20.361	83.009	-17.584	21.517	161.37	-34.125	20.217	109.76	-96.597	58.788	30.006	-129.97	49.016	39.097	-156.52	15.579
134.55	0.75443	20.349	84.544	-16.804	20.879	163.84	-33.195	19.302	112.28	-95.507	58.287	32.515	-129.31	49.193	41.577	-156.21	15.818
134.55	0.75377	20.351	85.974	-15.934	20.053	166.02	-32.133	18.221	114.7	-94.302	57.684	34.949	-128.6	49.362	43.781	-155.47	16.078
134.54	0.7633	20.352	87.282	-15.037	19.379	168.06	-30.87	17.107	117.02	-92.978	57.062	37.291	-127.84	49.473	45.887	-154.67	16.264
134.54	0.76192	20.35	88.382	-14.075	18.525	169.86	-29.457	15.867	119.26	-91.567	56.408	39.593	-127.02	49.525	48.01	-154	16.411
134.53	0.75685	20.343	89.465	-13.019	17.656	171.48	-27.903	14.535	121.4	-90.017	55.72	41.8	-126.13	49.548	50.019	-153.19	16.535
134.53	0.76803	20.347	90.472	-11.989	16.724	172.93	-26.234	13.123	123.43	-88.413	54.985	43.896	-125.21	49.522	52.087	-152.43	16.654
134.53	0.76798	20.348	91.331	-10.92	15.802	174.25	-24.494	11.722	125.37	-86.743	54.275	45.935	-124.24	49.463	53.94	-151.39	16.701
134.53	0.76806	20.348	92.208	-9.8635	14.82	175.28	-22.714	10.219	127.22	-85.06	53.521	47.843	-123.19	49.294	55.809	-150.56	16.603
134.52	0.7739	20.345	93.086	-8.7631	13.709	176.21	-20.823	8.7222	129.02	-83.342	52.793	49.677	-122.11	49.014	57.723	-149.66	16.557
134.52	0.76854	20.365	94.054	-7.6003	12.484	177.02	-18.918	7.3037	130.72	-81.654	52.084	51.452	-120.99	48.758	59.413	-148.57	16.399
134.52	0.7739	20.345	95.029	-6.6071	11.345	177.76	-17.026	5.9398	132.3	-79.98	51.333	53.142	-119.89	48.387	61.192	-147.69	16.209
134.52	0.77613	20.348	96.15	-5.5466	9.9403	178.44	-15.257	4.6355	133.83	-78.383	50.63	54.773	-118.74	47.973	62.792	-146.57	15.873
134.52	0.77309	20.359	97.337	-4.5539	8.5524	179.01	-13.566	3.3298	135.34	-76.884	49.932	56.305	-117.61	47.534	64.318	-145.5	15.557
134.52	0.77309	20.359	98.593	-3.5878	7.2036	134.53	0.77993	20.355	136.74	-75.423	49.243	57.74	-116.48	47.067	65.895	-144.6	15.175
179.95	-10.298	0.88446	99.827	-2.6905	5.7926	134.54	0.77367	20.354	138.12	-74.032	48.545	59.142	-115.37	46.628	67.276	-143.54	14.764
179.95	-10.298	0.88446	101.11	-1.8116	4.5961	134.54	0.77454	20.355	139.43	-72.756	47.916	60.455	-114.34	46.15	68.548	-142.56	14.32
179.95	-10.298	0.88446	102.39	-0.97515	3.423	134.55	0.76544	20.355	140.72	-71.509	47.307	61.703	-113.35	45.7	69.823	-141.6	13.915
180.34	-5.9176	-3.0272	103.7	-0.16412	2.2563	134.55	0.76793	20.344	141.98	-70.35	46.617	62.924	-112.4	45.288	71.038	-140.67	13.546
180.34	-5.9176	-3.0272	104.98	0.65467	1.2838	134.55	0.759	20.341	143.2	-69.225	46.034	64.065	-111.51	44.912	72.017	-139.61	13.063
180.34	-5.9176	-3.0272	106.36	1.4265	0.23479	134.55	0.76993	20.348	144.36	-68.123	45.493	65.154	-110.67	44.535	73.161	-138.93	12.651
180.34	-5.9176	-3.0272	107.76	2.1188	-0.56366	134.55	0.75718	20.354	145.49	-67.04	45.052	66.188	-109.87	44.214	74.17	-138.04	12.317
180.34	-5.9176	-3.0272	109.19	2.7849	-1.3605	134.56	0.75984	20.344	146.53	-65.995	44.791	67.164	-109.08	43.946	75.188	-137.35	12.035
180.34	-5.9176	-3.0272	110.59	3.4341	-2.2171	134.56	0.75987	20.345	147.49	-64.943	44.57	68.042	-108.36	43.71	76.102	-136.64	11.668
180.34	-5.9176	-3.0272	111.96	3.9865	-2.8369	134.56	0.75995	20.345	148.37	-63.877	44.498	68.875	-107.68	43.503	77.018	-135.94	11.503
180.34	-5.9176	-3.0272	113.3	4.5669	-3.4065	134.55	0.76286	20.354	149.15	-62.856	44.494	69.696	-107.02	43.344	77.92	-135.25	11.366
180.34	-5.9176	-3.0272	114.8	5.1112	-3.8141	134.47	0.74689	20.358	149.93	-61.881	44.617	70.494	-106.42	43.209	78.668	-134.53	11.114
180.34	-5.9176	-3.0272	116.21	5.5597	-4.0636	134.47	0.7603	20.365	150.36	-61.174	44.385	71.266	-105.86	43.079	79.561	-133.97	10.999
164.07	8.0525	-14.315	117.17	5.9584	-4.3003	134.56	0.83426	20.351	151.08	-60.3	44.564	72.039	-105.29	42.954	80.457	-133.37	10.975
162.24	8.7738	-12.871	118.28	6.4439	-4.3018	135.07	1.0954	20.446	151.83	-59.413	44.777	72.849	-104.75	42.918	81.467	-133.07	10.902
161.57	9.9566	-12.305	119.68	6.9872	-4.4166	135.97	1.1926	20.554	152.6	-58.577	45.059	73.66	-104.27	42.896	82.26	-132.31	10.775
160.74	10.61	-12.384	121.19	7.3254	-4.3416	137.23	1.203	20.55	153.48	-57.832	45.331	74.532	-103.82	42.852	83.328	-131.98	10.999
161.4	11.096	-12.185	122.1	7.5519	-4.1708	139.03	1.5886	20.356	154.36	-57.274	45.585	75.443	-103.35	42.892	84.278	-131.57	11.012
162.49	11.301	-12.288	123.21	8.0523	-4.2071	140.78	2.1848	20.43	155.33	-56.777	45.912	76.403	-102.91	42.96	85.366	-131.2	11.107
163.7	11.378	-12.365	124.53	8.3824	-3.9244	142.21	2.6952	20.491	156.43	-56.277	46.122	77.434	-102.54	43.051	86.485	-130.72	11.144
165.13	11.512	-12.221	126	8.6452	-3.7922	143.58	2.9613	20.602	157.68	-55.943	46.415	78.582	-102.14	43.144	87.757	-130.46	11.397
166.62	11.689	-11.896	127.63	8.9171	-3.7083	145.02	3.1115	20.777	159.09	-55.678	46.715	79.827	-101.78	43.229	89.013	-130.18	11.603
167.63	11.449	-12.138	129.38	9.1248	-3.453	146.58	3.182	21.011	160.58	-55.57	47.084	81.216	-101.45	43.399	90.413	-129.91	11.74
170.2	11.999	-10.903	131.27	9.2623	-3.0086	148.36	3.2808	21.4	162.28	-55.542	47.482	82.717	-101.19	43.563	91.882	-129.69	11.868
171.55	11.569	-11.196	133.33	9.4571	-2.6789	150.39	3.3438	21.865	164.07	-55.591	47.837	84.363	-100.98	43.727	93.592	-129.6	12.037
174.48	11.856	-9.9693	135.58	9.4828	-2.0573	152.8	3.3976	22.457	166.05	-55.693	48.277	86.157	-100.8	43.964	95.146	-129.19	12.142
176.25	11.291	-10.171	138.03	9.576	-1.4843	155.33	3.257	22.892	168.09	-55.936	48.733	88.01	-100.65	44.204	96.961	-129.06	12.422
179.54	11.446	-8.8335	140.65	9.5764	-0.81895	158.12	3.1641	23.55	170.29	-56.182	49.241	89.978	-100.5	44.488	98.805	-128.88	12.606
182.31	11.123	-8.1802	143.41	9.4938	-0.097918	160.94	2.9388	24.16	172.62	-56.486	49.786	92.003	-100.33	44.779	100.78	-128.73	12.93
184.55	10.411	-8.2304	146.32	9.4365	0.43289	163.9	2.6951	24.903	175.06	-56.849	50.364	94.142	-100.2	45.107	102.78	-128.52	13.149
188.31	10.414	-6.7243	149.39	9.324	1.2446	166.93	2.4207	25.65	177.57	-57.317	50.985	96.384	-100.06	45.439	104.92	-128.44	13.475
191.5	10.013	-5.9436	152.56	9.1664	1.9913	170.03	2.0727	26.313	180.15	-57.812	51.597	98.696	-99.93	45.751	107.12	-128.32	13.854
194.84	9.4974	-5.1095	155.91	9.0163	2.6887	173.33	1.7426	27.124	182.85	-58.313	52.281	101.09	-99.77	46.109	109.34	-128.19	14.119
198.33	9.0262	-4.2245	159.35	8.8032	3.4717	176.67	1.2974	27.881	185.57	-58.832	52.942	103.54	-99.593	46.465	111.74	-127.96	14.511
201.88	8.4471	-3.442	162.89	8.6005	4.2988	180.17	0.92906	28.718	188.37	-59.386	53.621	106.01	-99.394	46.818	114.05	-127.85	14.768
205.5	7.8335	-2.6561	166.52	8.3795	4.8553	183.7	0.51851	29.473	191.23	-59.977	54.32	108.57	-99.163	47.151	116.47	-127.67	15.165
209.25	7.2693	-1.7693	170.21	8.0774	5.6215	187.24	0.014214	30.21	194.14	-60.509	54.98	111.17	-98.935	47.495	118.98	-127.58	15.496
212.27	6.2169	-1.896	173.92	7.8053	6.3405	190.88	-0.37062	30.929	197.09	-61.063	55.672	113.85	-98.685	47.813	121.55	-127.39	15.856
216.8	6.0201	-0.34112	177.73	7.5	6.8057	194.47	-0.83664	31.538	200.06	-61.61	56.201	116.56	-98.429	48.108	124.13	-127.18	16.106
220.62	5.3964	0.28369	181.46	7.243	7.2242	198.14	-1.2589	32.123	203.06	-62.102	56.761	119.33	-98.145	48.381	126.72	-126.96	16.422
223.74	4.3614	-0.00011494	185.26	6.9586	7.6691	201.83	-1.6907	32.627	206.13	-62.611	57.258	122.11	-97.846	48.662	129.4	-126.67	16.789
228.21	4.1823	1.3646	189	6.5537	8.2027	205.48	-2.1328	33.05	209.19	-63.068	57.722	124.93	-97.544	48.903	132.1	-126.44	17.09
231.98	3.5898	1.8235	192.78	6.2634	8.6001	209.18	-2.5077	33.535	212.3	-63.531	58.085	127.76	-97.218	49.116	134.77	-126.2	17.308
235.07	2.6496	1.473	196.46	6.0055	8.845	212.81	-2.9114	33.919	215.37	-63.974	58.427	130.59	-96.907	49.326	137.42	-126	17.581
238.71	2.0977	1.7841	200.13	5.7352	8.9867	216.36	-3.3109	34.235	218.45	-64.39	58.696	133.43	-96.579	49.534	140.03	-125.7	17.715
243.03	2.031	2.9469	203.73	5.5595	9.2601	219.88	-3.6895	34.515	221.45	-64.818	58.958	136.23	-96.256	49.68	142.65	-125.33	17.829
246.59	1.6241	3.2644	206.74	4.8557	8.5582	223.36	-4.0184	34.807	224.44	-65.215	59.093	138.99	-95.91	49.804	145.14	-125.07	17.914
250.05	1.2559	3.5203	210.21	4.6665	8.6276	226.77	-4.2853	35.042	227.36	-65.498	59.235	141.72	-95.542	49.881	147.66	-124.75	17.968
252.69	0.43978	2.7727	213.58	4.5329	8.9819	230.1	-4.5179	35.236	230.17	-65.798	59.34	144.41	-95.174	49.912	150.06	-124.28	17.965
255.98	0.13207	2.8946	216.92	4.4292	8.9686	233.34	-4.7363	35.331	232.96	-65.993	59.377	147.02	-94.772	49.899	152.47	-123.81	17.945
259.17	-0.22891	2.8576	220.14	4.3621	9.1339	236.48	-4.9536	35.359	235.65	-66.169	59.424	149.55	-94.354	49.802	154.93	-123.6	17.894
263.13	-0.011677	3.8466	223.35	4.2598	8.9516	239.53	-5.1039	35.367	238.28	-66.28	59.427	152.05	-93.888	49.699	157.28	-123.25	17.793
265.61	-0.71621	2.9903	226.42	4.193	8.8094	242.5	-5.2243	35.24	240.76	-66.337	59.432	154.46	-93.408	49.512	159.59	-122.84	17.701
269.19	-0.65284	3.5704	229.48	4.11	8.5373	245.38	-5.2957	35.07	243.16	-66.384	59.321	156.79	-92.905	49.259	161.74	-122.46	17.48
272.19	-0.87993	3.4843	232.43	4.054	8.2525	248.16	-5.398	34.887	245.48	-66.364	59.256	159.05	-92.365	48.965	163.88	-122.08	17.251
274.57	-1.4226	2.7159	235.29	3.9784	7.8822	250.81	-5.4527	34.637	247.69	-66.329	59.135	161.23	-91.82	48.592	166.03	-121.68	16.992
277.37	-1.6717	2.5219	238.08	3.8508	7.3536	253.41	-5.4897	34.298	249.84	-66.288	58.963	163.34	-91.261	48.189	168.06	-121.26	16.73
280.11	-1.8418	2.3456	240.74	3.8002	6.873	255.83	-5.5458	33.85	251.87	-66.24	58.716	165.36	-90.69	47.775	170.08	-120.89	16.514
283.19	-1.7373	2.6464	243.3	3.7252	6.3006	258.19	-5.5627	33.443	253.9	-66.144	58.431	167.31	-90.157	47.355	171.86	-120.47	16.094
285.12	-2.2271	1.6188	245.73	3.7022	5.7089	260.42	-5.5851	32.982	255.82	-66.052	58.084	169.2	-89.624	46.917	173.55	-120.08	15.715
287.47	-2.3083	1.2315	248.05	3.739	5.0441	262.57	-5.5938	32.387	257.69	-65.975	57.674	171.01	-89.131	46.429	175.29	-119.65	15.272
290.18	-2.21	1.3544	250.24	3.6281	4.5399	264.66	-5.5777	31.864	259.5	-65.918	57.185	172.77	-88.654	45.902	176.96	-119.25	14.879
291.77	-2.5807	0.17043	252.33	3.682	3.8463	266.68	-5.6032	31.26	261.24	-65.881	56.643	174.46	-88.196	45.374	178.35	-118.9	14.435
293.74	-2.6982	-0.47195	254.32	3.6573	3.2452	268.61	-5.6229	30.623	262.94	-65.813	56.062	176.06	-87.791	44.822	179.87	-118.5	13.867
296.13	-2.5402	-0.55631	256.18	3.7433	2.5555	270.49	-5.6099	29.947	264.58	-65.773	55.399	177.6	-87.372	44.246	181.27	-118.14	13.298
297.9	-2.6143	-1.349	257.97	3.7919	1.6784	272.28	-5.6083	29.206	266.1	-65.717	54.675	179.04	-86.966	43.643	182.54	-117.82	12.78
299.54	-2.7047	-2.185	259.62	3.8096	0.90602	273.94	-5.6259	28.347	267.53	-65.651	53.898	180.43	-86.567	43.044	183.72	-117.47	12.25
301.14	-2.5292	-2.7728	261.11	3.8697	0.27386	275.53	-5.5479	27.563	268.93	-65.526	53.114	181.69	-86.171	42.41	184.87	-117.13	11.526
302.54	-2.5631	-3.7001	262.5	3.9364	-0.61412	276.94	-5.5215	26.607	270.18	-65.374	52.296	182.89	-85.77	41.74	185.78	-116.71	11.041
303.8	-2.5282	-4.6755	263.77	4.017	-1.7154	278.22	-5.4419	25.629	271.33	-65.201	51.454	183.97	-85.362	41.077	186.92	-116.49	10.299
304.93	-2.456	-5.6954	264.89	4.147	-2.6931	279.44	-5.2404	24.745	272.37	-64.963	50.621	184.97	-84.979	40.391	187.82	-116.13	9.7765
304.93	-2.456	-5.6954	265.85	4.2863	-3.5235	280.48	-5.0582	23.729	273.34	-64.664	49.716	185.86	-84.584	39.642	188.57	-115.92	9.0318
306.83	-2.2056	-7.863	266.71	4.4859	-4.6262	281.4	-4.7923	22.613	274.23	-64.294	48.846	186.71	-84.185	38.914	189.37	-115.55	8.4345
306.83	-2.2056	-7.863	267.4	4.5972	-5.7602	282.52	-4.6852	21.897	275.01	-63.897	47.892	187.45	-83.786	38.164	190.04	-115.39	7.7657
306.83	-2.2056	-7.863	267.92	5.0226	-6.4316	284.68	-4.1125	21.711	275.74	-63.513	47.021	188.13	-83.409	37.324	190.64	-114.93	7.1248
306.83	-2.2056	-7.863	268.6	5.4846	-6.6155	285.53	-3.4898	21.698	276.39	-63.325	46.214	188.74	-83.053	36.581	191.24	-114.79	6.3916
306.83	-2.2056	-7.863	269.01	5.8859	-6.8488	285.91	-3.1203	21.711	276.94	-63.215	45.432	189.28	-82.751	35.777	191.69	-114.61	5.6324
310.5	-0.89657	-11.649	269.38	6.2271	-7.1873	286.35	-2.7155	21.679	277.38	-63.024	44.894	189.74	-82.508	35.169	192.28	-114.32	5.0568
310.5	-0.89657	-11.649	269.79	6.4841	-7.3908	286.77	-2.4263	21.682	277.65	-62.82	44.525	190.14	-82.274	34.612	192.64	-114.07	4.4473
310.5	-0.89657	-11.649	270.1	6.7753	-7.6763	287.14	-2.1691	21.656	277.84	-62.515	44.261	190.4	-81.974	34.103	192.81	-113.78	4.0445
311.84	-0.57493	-12.48	270.34	7.0291	-7.8854	287.42	-2.0059	21.662	277.87	-62.164	44.17	190.53	-81.562	33.705	193.04	-113.6	3.8065
311.84	-0.57493	-12.48	270.56	7.1928	-8.1648	287.68	-1.7768	21.705	277.79	-61.762	44.172	190.5	-81.112	33.458	193.13	-113.32	3.652
311.84	-0.57493	-12.48	270.7	7.336	-8.2928	287.92	-1.5963	21.703	277.69	-61.33	44.289	190.41	-80.69	33.223	193.19	-113.05	3.7029
311.84	-0.57493	-12.48	270.78	7.4973	-8.3643	288.06	-1.4403	21.708	277.59	-60.907	44.396	190.32	-80.315	33.114	193.19	-112.84	3.7664
312.63	0.067309	-12.568	270.8	7.7448	-8.5377	288.1	-1.2561	21.7	277.47	-60.527	44.453	190.27	-80.007	33.061	193.15	-112.53	3.6957
312.71	0.27088	-12.644	270.79	8.004	-8.8698	288.15	-1.0723	21.712	277.36	-60.171	44.506	190.19	-79.742	33.007	193.19	-112.48	3.8689
312.8	0.46884	-12.683	270.79	8.1217	-9.1664	288.2	-0.9326	21.695	277.24	-59.865	44.5	190.09	-79.487	32.943	193.11	-112.25	3.9464
312.85	0.59953	-12.733	270.73	8.289	-9.3339	288.21	-0.77566	21.691	277.13	-59.571	44.568	189.95	-79.257	32.875	193	-112.17	4.0042
312.89	0.69261	-12.804	270.65	8.4565	-9.7283	288.22	-0.65334	21.683	277.05	-59.325	44.555	189.78	-79.03	32.817	192.83	-112.01	4.0329
312.92	0.74691	-12.896	270.57	8.5456	-9.987	288.25	-0.62879	21.664	276.93	-59.105	44.524	189.63	-78.839	32.787	192.73	-111.93	4.1238
312.97	0.79879	-13.033	270.49	8.5639	-10.307	288.28	-0.65272	21.645	276.77	-58.942	44.498	189.51	-78.678	32.764	192.66	-111.88	4.183
313	0.78496	-13.156	270.34	8.4002	-11.186	288.3	-0.70736	21.65	276.61	-58.792	44.41	189.39	-78.552	32.709	192.57	-111.82	4.2316
313.04	0.79764	-13.301	270.08	8.2266	-12.143	288.31	-0.74936	21.659	276.45	-58.573	44.344	189.29	-78.451	32.674	192.47	-111.79	4.2931
313.08	0.77392	-13.461	269.89	8.1367	-12.72	288.33	-0.77885	21.663	276.28	-58.328	44.248	189.19	-78.347	32.598	192.35	-111.74	4.3669
313.15	0.68718	-13.664	269.83	8.1543	-12.802	288.33	-0.80123	21.666	276.13	-58.214	44.06	189.06	-78.191	32.444	192.25	-111.76	4.4326
313.2	0.51602	-13.897	269.76	8.1283	-12.859	288.34	-0.82524	21.665	275.97	-58.191	43.938	188.89	-78.059	32.313	192.08	-111.8	4.4472
313.29	0.31227	-14.202	269.66	8.0955	-12.959	288.33	-0.82972	21.673	275.83	-58.141	43.876	188.71	-78.058	32.273	192	-111.88	4.4382
313.39	0.1207	-14.49	269.56	8.0575	-13.027	288.33	-0.86212	21.675	275.71	-58.022	43.768	188.56	-78.135	32.29	191.8	-111.99	4.3994
313.5	-0.12963	-14.747	269.51	7.9756	-13.073	288.33	-0.87336	21.67	275.61	-57.904	43.699	188.47	-78.137	32.309	191.67	-112.11	4.6039
313.56	-0.31696	-15.009	269.45	7.9123	-13.089	288.3	-0.8874	21.668	275.48	-57.784	43.611	188.39	-78.043	32.338	191.53	-112.13	4.7747
313.53	-0.4504	-15.229	269.28	7.8078	-12.879	288.21	-0.92494	21.692	275.36	-57.713	43.548	188.23	-77.961	32.366	191.39	-112.14	4.9154
313.46	-0.58347	-15.411	269.13	7.7441	-13.057	288.1	-0.94386	21.712	275.24	-57.668	43.515	188.03	-77.937	32.441	191.22	-112.18	5.0786
313.39	-0.71021	-15.525	268.93	7.6816	-12.997	287.94	-0.95118	21.72	275.13	-57.625	43.536	187.86	-77.959	32.561	190.98	-112.24	5.2634
313.33	-0.80034	-15.523	268.74	7.6244	-12.881	287.8	-0.96252	21.716	275.01	-57.594	43.524	187.72	-77.98	32.654	190.8	-112.3	5.3581
313.27	-0.82058	-15.478	268.51	7.4787	-12.81	287.66	-0.93389	21.693	274.88	-57.578	43.519	187.58	-77.995	32.755	190.59	-112.34	5.6075
313.25	-0.89676	-15.414	268.28	7.4596	-12.894	287.54	-0.88541	21.687	274.66	-57.594	43.552	187.44	-77.99	32.861	190.37	-112.37	5.7719
313.28	-1.0972	-15.368	268.01	7.3631	-12.763	287.47	-0.86042	21.692	274.46	-57.616	43.602	187.24	-77.993	32.98	190.2	-112.46	5.9815
313.44	-1.2603	-15.188	267.72	7.2922	-12.984	287.4	-0.88992	21.688	274.25	-57.617	43.697	186.98	-78.046	33.128	189.96	-112.53	6.1677
313.7	-1.4275	-14.919	267.37	7.1602	-12.953	287.35	-0.89641	21.685	274.02	-57.581	43.739	186.74	-78.038	33.241	189.71	-112.59	6.331
313.95	-1.709	-14.749	266.92	7.083	-12.638	287.3	-0.89432	21.673	273.7	-57.565	43.703	186.49	-78.078	33.362	189.38	-112.67	6.4421
314.33	-2.08	-14.54	266.42	7.175	-12.938	287.31	-0.89257	21.66	273.44	-57.517	43.754	186.18	-78.116	33.532	189.03	-112.67	6.6541
314.8	-2.6009	-14.401	265.82	7.0964	-12.646	287.31	-0.9044	21.668	273.13	-57.515	43.806	185.85	-78.155	33.643	188.81	-112.75	6.8767
315.4	-3.2746	-14.252	265.13	7.1571	-12.729	287.31	-0.90572	21.666	272.77	-57.547	43.747	185.47	-78.223	33.801	188.34	-112.92	7.0992
316.08	-4.0437	-14.093	264.34	7.2864	-12.764	287.31	-0.88853	21.666	272.4	-57.542	43.72	185.06	-78.297	33.925	188.01	-112.95	7.1694
316.75	-4.9599	-13.944	263.47	7.283	-12.599	287.31	-0.88853	21.666	271.99	-57.59	43.686	184.61	-78.395	34.122	187.54	-113.01	7.4376
317.49	-5.8157	-13.575	262.52	7.3776	-12.562	287.3	-0.89569	21.671	271.58	-57.675	43.643	184.12	-78.491	34.217	187.05	-113.21	7.5634
318.21	-6.6427	-13.039	261.49	7.4244	-12.279	287.29	-0.90322	21.658	271.04	-57.813	43.558	183.58	-78.644	34.372	186.53	-113.3	7.7311
318.92	-7.5138	-12.298	260.65	7.744	-11.81	287.4	-0.84681	21.685	270.47	-58.003	43.648	182.98	-78.808	34.481	185.94	-113.52	7.8952
319.6	-8.541	-11.488	259.66	7.913	-11.363	287.4	-0.84923	21.695	269.75	-58.272	43.708	182.3	-79.017	34.585	185.28	-113.72	7.9109
320.25	-9.6426	-10.544	258.66	7.979	-10.648	287.39	-0.85311	21.689	268.95	-58.641	43.814	181.57	-79.291	34.736	184.58	-113.9	8.0849
320.8	-10.821	-9.4883	257.62	8.0435	-9.9018	287.4	-0.86304	21.697	268.1	-59.056	43.972	180.76	-79.581	34.906	183.8	-114.26	8.2217
321.2	-12.082	-8.4613	256.53	8.1233	-9.4795	287.39	-0.85254	21.69	267.19	-59.493	44.259	179.86	-79.936	35.108	182.86	-114.49	8.2289
321.44	-13.351	-7.4085	255.34	8.086	-8.5996	287.39	-0.85181	21.691	266.2	-60.009	44.482	178.89	-80.305	35.328	181.98	-114.96	8.4478
321.45	-14.537	-6.3185	254.02	7.9944	-7.5423	287.4	-0.85051	21.692	265.1	-60.584	44.81	177.83	-80.768	35.599	180.93	-115.2	8.5841
321.25	-15.77	-5.2957	252.63	7.9585	-6.5055	287.39	-0.8516	21.692	263.95	-61.2	45.087	176.68	-81.255	35.937	179.91	-115.65	8.8096
320.87	-16.982	-4.3147	251.17	7.8701	-5.4596	287.39	-0.85233	21.691	262.67	-61.879	45.414	175.46	-81.807	36.29	178.76	-116.09	9.0436
320.33	-18.174	-3.3006	249.58	7.7633	-4.122	287.4	-0.84808	21.696	261.33	-62.585	45.776	174.12	-82.427	36.655	177.46	-116.47	9.3356
319.59	-19.301	-2.2254	247.91	7.6767	-2.9325	287.41	-0.8508	21.701	259.91	-63.324	46.221	172.68	-83.063	37.093	176.01	-117.07	9.498
318.69	-20.432	-1.1432	246.11	7.5171	-1.2762	287.41	-0.8514	21.7	258.32	-64.135	46.613	171.12	-83.773	37.564	174.56	-117.5	9.8081
317.59	-21.557	-0.081094	244.62	7.7126	0.94501	287.41	-0.83931	21.696	256.85	-64.738	47.478	169.48	-84.507	38.056	172.87	-118.04	9.998
316.31	-22.623	0.95834	242.58	7.5426	2.5089	287.41	-0.8473	21.693	255.03	-65.609	47.923	167.68	-85.277	38.568	171.12	-118.58	10.307
314.8	-23.633	2.0567	240.5	7.3457	4.2751	287.42	-0.84165	21.702	253.08	-66.52	48.499	165.76	-86.094	39.164	169.2	-119.04	10.615
313.1	-24.575	3.109	238.22	7.0469	5.9052	287.42	-0.84403	21.699	251.01	-67.428	49.035	163.7	-86.906	39.732	167.16	-119.58	10.877
311.08	-25.506	4.0235	235.9	6.7858	7.8111	287.42	-0.84674	21.695	248.8	-68.353	49.552	161.5	-87.723	40.378	164.95	-119.92	11.131
308.91	-26.233	4.9974	233.42	6.4933	9.838	287.41	-0.84943	21.703	246.47	-69.254	50.167	159.13	-88.546	41.012	162.77	-120.53	11.56
306.49	-26.901	5.9463	230.88	6.3324	11.785	287.42	-0.8461	21.695	243.93	-70.129	50.765	156.59	-89.358	41.652	160.32	-121.08	11.794
303.84	-27.349	6.9312	228.16	5.9856	13.895	287.42	-0.85386	21.707	241.24	-70.953	51.46	153.93	-90.174	42.3	157.72	-121.5	12.179
300.91	-27.728	7.8695	225.29	5.7723	15.88	287.41	-0.8502	21.693	238.38	-71.713	52.146	151.11	-90.994	42.968	155.11	-121.98	12.603
297.79	-27.938	8.854	222.21	5.4937	17.803	287.41	-0.85154	21.7	235.34	-72.389	52.767	148.12	-91.797	43.601	152.27	-122.45	12.964
294.45	-28.022	9.8697	218.96	5.1563	19.671	287.41	-0.85372	21.698	232.12	-72.992	53.532	144.97	-92.577	44.219	149.17	-122.99	13.344
290.85	-28.006	10.795	215.5	4.8388	21.228	287.41	-0.85304	21.7	228.73	-73.5	54.217	141.66	-93.369	44.863	146.06	-123.37	13.687
287.05	-27.85	11.786	211.82	4.5306	22.648	287.4	-0.84807	21.697	225.14	-73.92	54.968	138.21	-94.116	45.487	143.01	-124.04	14.225
283.05	-27.554	12.807	207.98	4.2441	23.78	287.4	-0.85619	21.693	221.38	-74.352	55.811	134.61	-94.867	46.129	139.54	-124.5	14.591
278.92	-27.113	13.906	203.98	3.9386	24.885	287.4	-0.84899	21.695	217.48	-74.599	56.566	130.87	-95.557	46.732	136.1	-125.05	15.006
274.53	-26.642	14.907	199.82	3.6289	25.899	287.4	-0.8472	21.699	213.45	-74.821	57.314	126.99	-96.259	47.359	132.51	-125.56	15.464
269.94	-26.047	15.94	195.52	3.3902	26.806	287.4	-0.85014	21.693	209.25	-75.021	58.101	123	-96.932	47.929	128.79	-126.02	15.937
265.26	-25.34	16.96	191.09	3.1698	27.637	287.39	-0.85131	21.691	204.91	-75.143	58.839	118.89	-97.594	48.513	124.94	-126.48	16.379
260.31	-24.587	17.882	186.53	2.9344	28.483	287.4	-0.84695	21.711	200.49	-75.311	59.621	114.68	-98.27	49.106	121.08	-126.92	16.828
255.26	-23.719	18.868	181.85	2.7611	29.274	287.4	-0.84744	21.71	195.98	-75.364	60.34	110.36	-98.916	49.651	117.18	-127.6	17.407
249.97	-22.837	19.748	177.08	2.5966	29.994	287.4	-0.8488	21.695	191.32	-75.447	61.112	105.94	-99.567	50.186	112.92	-127.82	17.698
244.41	-21.828	20.365	172.11	2.5324	30.542	287.41	-0.83914	21.696	186.62	-75.465	61.746	101.45	-100.23	50.732	108.78	-128.28	18.084
238.76	-20.668	21.067	167.11	2.4045	31.143	287.41	-0.84263	21.693	181.78	-75.44	62.43	96.884	-100.88	51.239	104.74	-128.96	18.597
232.85	-19.489	21.623	162.01	2.3831	31.461	287.41	-0.84712	21.694	176.96	-75.351	63.126	92.267	-101.53	51.751	100.24	-129.27	18.885
226.71	-18.147	22.05	156.8	2.3493	31.752	222.53	-13.77	22.727	172.02	-75.246	63.744	87.595	-102.18	52.215	95.89	-129.66	19.265
220.45	-16.805	22.4	151.48	2.3769	31.874	216.12	-12.52	23.15	167.05	-75.091	64.336	82.882	-102.83	52.671	91.486	-130.23	19.687
214	-15.344	22.635	146.1	2.3251	32.019	209.6	-11.124	23.523	162.07	-74.871	64.893	78.139	-103.48	53.088	87.056	-130.63	20.103
207.39	-13.86	22.696	140.6	2.3631	32.037	202.87	-9.7614	23.793	157.04	-74.559	65.324	73.372	-104.15	53.577	82.75	-131.34	20.502
200.58	-12.325	22.617	134.99	2.4646	31.952	195.98	-8.3453	23.806	151.98	-74.191	65.79	68.611	-104.84	53.956	78.185	-131.65	20.879
193.79	-10.705	22.664	129.29	2.5439	31.81	189.05	-6.9243	24.025	146.92	-73.8	66.12	63.834	-105.53	54.32	73.764	-132.31	21.186
186.75	-9.209	22.468	123.5	2.7116	31.527	181.91	-5.529	24.009	141.86	-73.368	66.516	59.08	-106.26	54.733	69.241	-132.78	21.588
179.6	-7.6238	22.189	117.69	2.7975	31.34	174.63	-4.1269	23.843	136.79	-72.926	66.806	54.337	-107.03	55.088	64.739	-133.33	21.926
172.32	-6.111	21.858	111.87	2.8173	31.072	167.19	-2.7963	23.699	131.73	-72.466	67.002	49.613	-107.75	55.423	60.301	-133.95	22.184
164.85	-4.614	21.387	106.01	2.8819	30.688	159.69	-1.5991	23.547	126.66	-72.012	67.236	44.895	-108.49	55.739	55.826	-134.51	22.39
157.38	-3.2012	20.927	100.16	2.9281	30.355	152.02	-0.28446	22.939	121.62	-71.532	67.404	40.206	-109.24	55.976	51.31	-134.92	22.621
149.77	-1.9073	20.342	94.318	2.9405	29.926	144.35	0.91502	22.653	116.59	-71.085	67.502	35.578	-109.94	56.225	46.908	-135.57	22.877
287.4	-0.85062	21.694	88.563	2.9987	29.551	NaN	NaN	NaN	111.59	-70.624	67.562	30.947	-110.69	56.44	42.526	-136.17	23.083
287.39	-0.85356	21.702	82.816	3.0172	29.092	NaN	NaN	NaN	106.63	-70.171	67.583	26.42	-111.38	56.64	38.235	-136.72	23.251
287.4	-0.84803	21.696	77.198	3.0297	28.648	NaN	NaN	NaN	101.72	-69.727	67.589	21.915	-112.12	56.729	33.933	-137.29	23.229
287.4	-0.84918	21.695	71.62	2.8948	28.301	NaN	NaN	NaN	96.859	-69.284	67.566	17.492	-112.82	56.834	29.684	-137.86	23.339
287.4	-0.84874	21.697	66.158	2.8367	27.779	112.87	2.8628	17.419	92.026	-68.884	67.531	13.136	-113.51	56.88	25.53	-138.41	23.423
287.4	-0.8471	21.699	60.848	2.749	27.307	NaN	NaN	NaN	87.023	-68.771	67.066	8.8199	-114.17	56.86	21.473	-138.97	23.381
287.4	-0.85589	21.695	55.617	2.5942	26.75	NaN	NaN	NaN	82.341	-68.385	66.98	4.6259	-114.81	56.86	17.389	-139.47	23.396
287.4	-0.84462	21.703	50.525	2.466	26.012	NaN	NaN	NaN	77.759	-68.108	66.829	0.4414	-115.42	56.762	13.469	-140.01	23.237
287.41	-0.84164	21.705	45.671	2.2139	25.407	NaN	NaN	NaN	73.251	-67.867	66.68	-3.6359	-116.02	56.641	9.6433	-140.62	23.245
287.41	-0.84701	21.706	40.933	1.9778	24.643	NaN	NaN	NaN	68.881	-67.656	66.543	-7.5999	-116.6	56.497	5.8819	-141.09	23.101
287.41	-0.8471	21.694	36.386	1.7392	23.858	70.369	4.8848	9.1993	64.547	-67.535	66.298	-11.505	-117.18	56.299	2.2518	-141.67	22.882
287.41	-0.83706	21.699	31.695	1.7192	23.752	65.816	3.1934	10.397	60.416	-67.371	66.136	-15.3	-117.74	56.032	-1.197	-142.17	22.782
287.41	-0.8498	21.703	27.537	1.4063	23.028	60.262	3.1198	9.7509	56.358	-67.255	65.869	-18.986	-118.28	55.755	-4.631	-142.69	22.571
287.41	-0.84861	21.691	23.022	1.4571	23.673	57.974	4.7345	11.888	52.458	-67.185	65.626	-22.525	-118.79	55.412	-7.9666	-143.2	22.276
287.41	-0.85245	21.701	19.15	1.2018	23.068	52.79	4.5502	11.168	48.695	-67.127	65.336	-25.962	-119.3	55.112	-11.269	-143.79	21.792
287.41	-0.84638	21.695	16.479	0.10122	20.002	47.818	4.3362	10.458	45.127	-67.043	65.09	-29.249	-119.78	54.725	-14.18	-144.24	21.633
287.41	-0.85145	21.702	12.952	-0.1555	19.015	43.033	4.1644	9.7562	41.587	-66.954	64.701	-32.399	-120.25	54.275	-17.222	-144.69	21.156
287.41	-0.85135	21.7	9.555	-0.58334	18.12	38.469	3.8514	8.9479	38.275	-66.854	64.387	-35.508	-120.49	54.096	-19.926	-145.25	20.838
287.4	-0.84884	21.698	6.4176	-0.88872	17.249	34.208	3.63	8.2187	35.092	-66.733	64.036	-38.344	-120.85	53.649	-22.569	-145.68	20.412
287.4	-0.84663	21.699	3.4362	-1.1779	16.322	30.08	3.3253	7.3677	32.109	-66.598	63.675	-41.044	-121.22	53.163	-25.016	-146.09	20.032
287.4	-0.84688	21.699	0.50013	-1.4824	15.411	26.448	3.0716	6.5433	29.291	-66.474	63.28	-43.571	-121.55	52.634	-27.273	-146.47	19.677
287.4	-0.84519	21.702	-2.3519	-1.7233	14.508	23.381	2.8639	5.7093	26.596	-66.409	62.832	-45.955	-121.86	52.086	-29.411	-146.82	19.237
287.4	-0.84961	21.708	-5.0454	-1.9198	13.538	20.743	2.7202	4.9615	24.102	-66.304	62.353	-48.172	-122.13	51.566	-31.516	-147.17	18.806
287.4	-0.84689	21.699	-7.4699	-2.1257	12.713	18.353	2.5385	4.1723	21.816	-66.24	61.819	-50.235	-122.38	50.992	-33.406	-147.36	18.335
287.4	-0.84862	21.696	-9.639	-2.3571	11.834	16.18	2.3636	3.367	19.664	-66.221	61.203	-52.222	-122.59	50.34	-35.276	-147.74	17.736
287.4	-0.85295	21.704	-11.633	-2.573	10.935	14.173	2.164	2.5526	17.736	-66.224	60.624	-54.042	-122.75	49.658	-36.918	-147.95	17.168
287.4	-0.84618	21.7	-13.638	-2.9474	9.5998	12.345	1.9578	1.7098	15.943	-66.274	59.957	-55.743	-122.88	48.922	-38.484	-148.13	16.544
287.4	-0.84491	21.688	-15.171	-3.1154	8.6889	10.725	1.7329	0.88635	14.325	-66.366	59.268	-57.273	-122.99	48.162	-40.048	-148.36	15.778
287.41	-0.85447	21.697	-16.5	-3.2588	7.7546	9.3865	1.5599	0.040614	12.858	-66.449	58.567	-58.698	-123.06	47.386	-41.212	-148.52	15.11
287.4	-0.84694	21.7	-17.724	-3.412	6.7189	8.1217	1.2814	-0.911	11.529	-66.512	57.815	-60.013	-123.11	46.514	-42.39	-148.69	14.301
287.41	-0.8513	21.7	-18.749	-3.5565	5.6032	7.1099	1.0881	-1.8981	10.308	-66.542	57.001	-61.187	-123.15	45.621	-43.478	-148.77	13.431
287.4	-0.84499	21.702	-19.645	-3.7176	4.5791	6.1769	0.87789	-2.9915	9.223	-66.557	56.138	-62.257	-123.14	44.679	-44.437	-148.96	12.575
287.4	-0.84614	21.701	-20.342	-3.7948	3.354	5.3744	0.65625	-4.1643	8.2648	-66.582	55.225	-63.195	-123.12	43.723	-45.321	-148.97	11.757
287.41	-0.85378	21.699	-21.037	-3.9078	1.9866	4.774	0.48523	-5.317	7.4218	-66.505	54.268	-64.046	-123.06	42.697	-46.028	-149.11	10.816
287.4	-0.84707	21.7	-21.662	-4.0444	0.56154	4.1892	0.2839	-6.6339	6.6772	-66.446	53.187	-64.75	-122.98	41.656	-46.734	-149.1	9.9576
287.42	-0.84806	21.709	-22.125	-4.1405	-0.84011	3.6425	0.065892	-8.067	6.0655	-66.32	52.091	-65.364	-122.89	40.591	-47.232	-149.13	8.9919
287.41	-0.85507	21.697	-22.558	-4.2106	-2.3986	3.2247	-0.10073	-9.5471	5.5517	-66.228	50.882	-65.861	-122.77	39.496	-47.652	-149.2	7.9865
287.4	-0.84614	21.701	-22.908	-4.3231	-3.9351	2.8595	-0.27184	-11.107	5.127	-66.042	49.642	-66.287	-122.65	38.383	-48.055	-149.22	6.9113
287.4	-0.85037	21.694	-23.273	-4.3363	-5.7339	2.5189	-0.41394	-12.745	4.8407	-65.906	48.273	-66.599	-122.51	37.21	-48.533	-148.94	5.7886
287.41	-0.85356	21.699	-23.472	-4.3411	-7.4299	2.2865	-0.61416	-14.473	4.6204	-65.714	46.922	-66.694	-122.53	35.849	-48.717	-149.06	4.6783
287.4	-0.84793	21.699	-23.653	-4.4374	-9.2113	2.1978	-0.90667	-16.273	4.376	-65.443	45.55	-66.905	-122.36	34.622	-48.91	-149.03	3.546
287.4	-0.84987	21.693	-23.711	-4.541	-11.171	2.1825	-1.1711	-18.049	4.1147	-65.135	44.235	-67.104	-122.15	33.435	-49.055	-148.94	2.4303
287.39	-0.85141	21.691	-23.776	-4.6297	-13.012	2.0917	-1.1688	-18.676	3.8151	-64.835	43.106	-67.353	-121.86	32.232	-49.222	-148.9	1.311
287.4	-0.84951	21.681	-24.006	-4.2961	-13.059	1.8854	-0.61795	-18.721	3.4897	-64.548	42.235	-67.647	-121.5	30.952	-49.148	-148.77	0.41451
287.4	-0.85004	21.692	-23.974	-3.8839	-13.292	2.0488	-0.46412	-18.686	3.1356	-64.591	41.754	-67.946	-121.16	29.792	-49.103	-148.66	-0.47872
287.4	-0.84664	21.683	-23.844	-3.7244	-13.398	2.2238	-0.36181	-18.663	2.7773	-64.695	41.709	-68.245	-120.89	28.868	-48.979	-148.62	-1.2534
287.4	-0.84557	21.685	-23.747	-3.6468	-13.421	2.3848	-0.35804	-18.636	2.2588	-64.627	41.973	-68.503	-120.78	28.493	-48.759	-148.78	-1.7123
287.4	-0.82925	21.684	-23.734	-3.5896	-13.413	2.4813	-0.44958	-18.658	1.8531	-64.382	42.464	-68.696	-120.82	28.421	-48.743	-148.77	-1.6592
287.4	-0.82977	21.698	-23.806	-3.5305	-13.439	2.5289	-0.555	-18.702	1.4681	-64.006	42.887	-68.851	-120.8	28.459	-48.826	-148.56	-1.0969
287.41	-0.8268	21.702	-23.957	-3.4035	-13.447	2.4857	-0.62529	-18.72	1.0928	-63.595	43.321	-68.971	-120.57	28.558	-48.895	-148.48	-0.48996
287.42	-0.82969	21.705	-24.129	-3.2284	-13.611	2.3993	-0.50915	-18.573	0.72914	-63.185	43.641	-69.071	-120.26	28.674	-48.946	-148.34	-0.1875
287.42	-0.82807	21.696	-24.258	-3.096	-13.742	2.3133	-0.28348	-18.492	0.43979	-62.776	43.86	-69.169	-119.98	28.681	-48.972	-148.26	-0.11617
287.42	-0.8255	21.699	-24.36	-2.8458	-13.941	2.2326	-0.037242	-18.487	0.17185	-62.343	43.925	-69.306	-119.8	28.643	-49.041	-148.15	-0.115
287.42	-0.82382	21.702	-24.44	-2.56	-13.965	2.1854	0.19311	-18.463	0.019167	-61.96	43.871	-69.439	-119.59	28.549	-49.131	-147.9	-0.060414
287.42	-0.82543	21.699	-24.478	-2.366	-13.939	2.1062	0.48654	-18.466	-0.074906	-61.61	43.784	-69.585	-119.27	28.443	-49.131	-147.66	0.0040914
287.42	-0.82577	21.7	-24.551	-2.0966	-14.141	2.0164	0.74584	-18.564	-0.11944	-61.325	43.648	-69.743	-118.93	28.298	-49.151	-147.48	0.020007
287.42	-0.82565	21.699	-24.592	-1.8571	-14.17	1.98	0.90728	-18.62	-0.15738	-61.044	43.489	-69.834	-118.68	28.122	-49.221	-147.29	-0.091962
287.43	-0.81824	21.696	-24.611	-1.6594	-14.165	1.9414	1.0544	-18.669	-0.16283	-60.813	43.337	-69.905	-118.5	28.053	-49.405	-146.91	-0.23093
287.43	-0.82048	21.693	-24.636	-1.5132	-14.272	1.8877	1.1693	-18.714	-0.16499	-60.641	43.29	-69.944	-118.37	28.008	-49.333	-146.97	-0.27971
287.42	-0.81604	21.689	-24.649	-1.4264	-14.279	1.8584	1.2122	-18.71	-0.18303	-60.528	43.282	-69.976	-118.25	27.998	-49.353	-146.93	-0.23932
287.41	-0.80772	21.69	-24.683	-1.358	-14.432	1.8473	1.2333	-18.703	-0.21054	-60.437	43.34	-70.009	-118.16	27.955	-49.376	-146.91	-0.21218
287.4	-0.81427	21.692	-24.716	-1.3339	-14.453	1.8161	1.2373	-18.703	-0.24182	-60.389	43.374	-70.038	-118.12	27.943	-49.394	-146.89	-0.20695
287.4	-0.81526	21.691	-24.746	-1.3392	-14.472	1.7924	1.2297	-18.673	-0.27795	-60.361	43.373	-70.06	-118.15	27.908	-49.409	-146.92	-0.21462
287.4	-0.80805	21.691	-24.759	-1.3619	-14.478	1.777	1.2251	-18.637	-0.28317	-60.377	43.358	-70.053	-118.2	27.883	-49.438	-146.98	-0.25331
287.4	-0.80408	21.697	-24.782	-1.3972	-14.479	1.7576	1.215	-18.594	-0.27791	-60.423	43.309	-70.046	-118.26	27.854	-49.465	-147	-0.3111
287.39	-0.81068	21.69	-24.791	-1.4891	-14.351	1.7485	1.1887	-18.551	-0.2644	-60.494	43.21	-70.049	-118.33	27.803	-49.493	-147.08	-0.3861
287.4	-0.80821	21.691	-24.813	-1.5508	-14.353	1.718	1.1595	-18.507	-0.23814	-60.584	43.121	-70.049	-118.42	27.763	-49.559	-147.15	-0.49033
287.39	-0.81099	21.686	-24.833	-1.6367	-14.269	1.7144	1.1018	-18.423	-0.1989	-60.683	43.063	-70.048	-118.51	27.758	-49.736	-147.1	-0.60146
287.4	-0.8186	21.687	-24.876	-1.7249	-14.297	1.7021	1.0599	-18.391	-0.16186	-60.796	43.011	-70.029	-118.62	27.731	-49.75	-147.18	-0.67661
287.4	-0.82766	21.687	-24.934	-1.8181	-14.277	1.6568	1.0082	-18.37	-0.1239	-60.91	42.973	-70.017	-118.73	27.695	-49.721	-147.34	-0.75415
287.4	-0.83154	21.694	-24.978	-1.9076	-14.304	1.6407	0.96035	-18.3	-0.1001	-61.044	42.9	-70.01	-118.84	27.673	-49.722	-147.44	-0.81441
287.4	-0.84275	21.688	-25.027	-1.9953	-14.363	1.5711	0.8859	-18.288	-0.089302	-61.163	42.838	-70.02	-118.94	27.675	-49.735	-147.49	-0.88532
287.4	-0.84566	21.684	-25.08	-2.0886	-14.37	1.5309	0.82548	-18.27	-0.11335	-61.252	42.77	-70.031	-119.03	27.623	-49.662	-147.71	-0.90134
287.4	-0.84766	21.685	-25.109	-2.1904	-14.313	1.5089	0.78245	-18.212	-0.1368	-61.339	42.769	-70.057	-119.13	27.607	-49.685	-147.77	-0.92795
287.4	-0.85708	21.682	-25.163	-2.2542	-14.347	1.4836	0.73929	-18.159	-0.17516	-61.41	42.74	-70.071	-119.2	27.591	-49.741	-147.84	-0.98797
287.41	-0.86233	21.685	-25.218	-2.3235	-14.355	1.4519	0.69467	-18.126	-0.2211	-61.462	42.731	-70.099	-119.26	27.563	-49.798	-147.91	-1.0315
287.41	-0.86922	21.688	-25.265	-2.3696	-14.379	1.4193	0.65118	-18.082	-0.27058	-61.512	42.749	-70.136	-119.31	27.551	-49.849	-147.95	-1.0708
287.41	-0.86908	21.688	-25.291	-2.4044	-14.381	1.3928	0.61327	-18.04	-0.3262	-61.527	42.756	-70.183	-119.34	27.511	-49.869	-148.01	-1.0791
287.41	-0.86929	21.688	-25.343	-2.4482	-14.408	1.356	0.59806	-18.01	-0.41588	-61.563	42.735	-70.226	-119.37	27.491	-49.899	-148.02	-1.1129
287.4	-0.86387	21.684	-25.391	-2.4718	-14.417	1.3286	0.58338	-17.96	-0.48161	-61.569	42.741	-70.282	-119.39	27.453	-49.934	-148.04	-1.1293
287.4	-0.86387	21.684	-25.424	-2.4815	-14.426	1.3023	0.58677	-17.914	-0.54875	-61.563	42.75	-70.324	-119.4	27.425	-50.045	-148.08	-1.2061
287.39	-0.8531	21.689	-25.462	-2.4906	-14.451	1.2784	0.57805	-17.888	-0.61678	-61.543	42.756	-70.364	-119.4	27.393	-50.082	-148.09	-1.2155
287.39	-0.85497	21.686	-25.479	-2.4874	-14.446	1.2697	0.58608	-17.872	-0.68013	-61.521	42.779	-70.394	-119.4	27.365	-49.991	-148.06	-1.1473
287.38	-0.84766	21.685	-25.494	-2.4722	-14.431	1.2619	0.59039	-17.859	-0.74357	-61.494	42.787	-70.435	-119.39	27.346	-50.013	-148.06	-1.1596
287.39	-0.8384	21.682	-25.504	-2.4643	-14.433	1.2541	0.59848	-17.844	-0.80882	-61.445	42.805	-70.467	-119.38	27.312	-50.013	-148.04	-1.1674
