140.69	-2.7796	20.203	-35.111	-5.5062	-13.863	-9.6306	1.1089	-18.532	-3.0891	-61.908	41.756	-64.703	-127.51	26.811	-43.593	-153.59	-2.4885
140.69	-2.7771	20.207	-35.098	-5.4994	-13.852	-9.6303	1.109	-18.532	-3.0936	-61.912	41.751	-64.706	-127.51	26.808	-43.608	-153.6	-2.4897
140.69	-2.7799	20.203	-35.098	-5.5017	-13.838	-9.6261	1.1121	-18.53	-3.0772	-61.913	41.745	-64.693	-127.51	26.813	-43.596	-153.59	-2.495
140.69	-2.7874	20.202	-35.101	-5.5017	-13.855	-9.6242	1.1	-18.536	-3.07	-61.922	41.745	-64.687	-127.52	26.809	-43.595	-153.59	-2.5061
140.69	-2.7794	20.203	-35.104	-5.5062	-13.844	-9.6261	1.1125	-18.527	-3.0609	-61.914	41.739	-64.678	-127.52	26.817	-43.592	-153.59	-2.5043
140.68	-2.7829	20.211	-35.094	-5.4989	-13.849	-9.6261	1.1125	-18.527	-3.0654	-61.918	41.734	-64.675	-127.52	26.818	-43.593	-153.59	-2.5192
140.68	-2.7843	20.209	-35.103	-5.5026	-13.856	-9.6184	1.1158	-18.52	-3.0618	-61.917	41.725	-64.67	-127.52	26.822	-43.601	-153.6	-2.5125
140.69	-2.7801	20.201	-35.112	-5.4992	-13.844	-9.6291	1.1086	-18.536	-3.0555	-61.911	41.731	-64.678	-127.52	26.817	-43.594	-153.59	-2.5186
140.68	-2.7843	20.209	-35.102	-5.4899	-13.848	-9.6235	1.1154	-18.524	-3.0535	-61.91	41.731	-64.677	-127.52	26.817	-43.599	-153.59	-2.5227
140.69	-2.7773	20.206	-35.102	-5.4899	-13.848	-9.6223	1.1156	-18.524	-3.0542	-61.91	41.732	-64.67	-127.51	26.81	-43.591	-153.59	-2.5054
140.69	-2.7818	20.212	-35.105	-5.4922	-13.851	-9.622	1.1156	-18.525	-3.0495	-61.906	41.735	-64.674	-127.52	26.82	-43.598	-153.6	-2.5115
140.69	-2.7796	20.203	-35.104	-5.4914	-13.85	-9.6232	1.1169	-18.538	-3.0571	-61.909	41.728	-64.676	-127.52	26.818	-43.596	-153.59	-2.5083
140.69	-2.7773	20.206	-35.099	-5.5021	-13.84	-9.6309	1.1136	-18.545	-3.0467	-61.903	41.738	-64.667	-127.51	26.813	-43.586	-153.6	-2.5097
140.69	-2.7773	20.206	-35.106	-5.4923	-13.851	-9.6253	1.1135	-18.544	-3.05	-61.906	41.734	-64.668	-127.51	26.823	-43.584	-153.6	-2.5174
140.69	-2.7809	20.215	-35.101	-5.5017	-13.855	-9.6232	1.1169	-18.538	-3.0384	-61.911	41.724	-64.654	-127.52	26.827	-43.579	-153.6	-2.5155
140.69	-2.7782	20.204	-35.099	-5.5003	-13.853	-9.6284	1.1259	-18.535	-3.0264	-61.903	41.722	-64.653	-127.52	26.815	-43.579	-153.6	-2.5168
140.68	-2.7829	20.212	-35.097	-5.4986	-13.85	-9.6155	1.1202	-18.531	-3.0264	-61.903	41.722	-64.645	-127.52	26.817	-43.583	-153.6	-2.5321
140.69	-2.7788	20.205	-35.102	-5.5025	-13.856	-9.6217	1.117	-18.538	-3.013	-61.907	41.724	-64.64	-127.52	26.819	-43.571	-153.61	-2.5198
140.69	-2.7784	20.204	-35.103	-5.5041	-13.856	-9.6147	1.1203	-18.531	-3.0137	-61.92	41.705	-64.637	-127.53	26.817	-43.57	-153.6	-2.529
140.68	-2.7826	20.198	-35.093	-5.4981	-13.848	-9.6283	1.1101	-18.55	-3.0011	-61.911	41.701	-64.629	-127.53	26.821	-43.562	-153.61	-2.545
140.69	-2.7811	20.214	-35.094	-5.4989	-13.849	-9.6244	1.1132	-18.548	-2.9975	-61.92	41.684	-64.62	-127.53	26.81	-43.564	-153.61	-2.5429
140.69	-2.7799	20.204	-35.097	-5.5013	-13.85	-9.6108	1.1234	-18.529	-2.9845	-61.911	41.697	-64.622	-127.53	26.813	-43.566	-153.6	-2.5397
140.69	-2.7805	20.202	-35.092	-5.4973	-13.847	-9.612	1.1233	-18.528	-2.9816	-61.909	41.697	-64.615	-127.53	26.824	-43.566	-153.6	-2.541
140.69	-2.779	20.218	-35.096	-5.5004	-13.851	-9.6182	1.1164	-18.54	-2.9816	-61.909	41.697	-64.619	-127.52	26.829	-43.567	-153.6	-2.5408
140.69	-2.7799	20.216	-35.084	-5.4958	-13.827	-9.6061	1.1269	-18.524	-2.9757	-61.906	41.704	-64.619	-127.52	26.817	-43.575	-153.6	-2.5465
140.69	-2.778	20.204	-35.091	-5.4974	-13.845	-9.6201	1.1214	-18.549	-2.9887	-61.913	41.692	-64.626	-127.53	26.824	-43.57	-153.6	-2.5312
140.69	-2.7796	20.203	-35.087	-5.4936	-13.841	-9.6135	1.12	-18.535	-2.9965	-61.905	41.693	-64.624	-127.52	26.827	-43.583	-153.6	-2.5325
140.69	-2.7808	20.214	-35.09	-5.4954	-13.83	-9.6185	1.1201	-18.536	-2.9935	-61.904	41.708	-64.639	-127.52	26.819	-43.575	-153.6	-2.5323
140.69	-2.7796	20.203	-35.091	-5.4967	-13.846	-9.6212	1.1166	-18.542	-2.9968	-61.894	41.712	-64.638	-127.52	26.808	-43.584	-153.6	-2.5345
140.69	-2.7796	20.203	-35.092	-5.4973	-13.847	-9.6114	1.1233	-18.529	-3.0022	-61.899	41.707	-64.64	-127.52	26.82	-43.582	-153.6	-2.52
140.69	-2.7749	20.208	-35.093	-5.4981	-13.848	-9.6118	1.1248	-18.542	-3.0068	-61.9	41.704	-64.64	-127.52	26.82	-43.585	-153.6	-2.5355
140.69	-2.7824	20.214	-35.089	-5.495	-13.843	-9.6144	1.1236	-18.53	-2.9961	-61.906	41.706	-64.638	-127.52	26.808	-43.588	-153.6	-2.552
140.69	-2.7808	20.214	-35.087	-5.4942	-13.842	-9.6138	1.125	-18.544	-2.9957	-61.908	41.718	-64.639	-127.52	26.809	-43.584	-153.6	-2.5233
140.69	-2.7771	20.206	-35.1	-5.5009	-13.854	-9.6133	1.1214	-18.549	-2.9935	-61.904	41.708	-64.643	-127.52	26.817	-43.571	-153.6	-2.531
140.69	-2.7795	20.204	-35.091	-5.4974	-13.845	-9.6138	1.1214	-18.548	-2.996	-61.904	41.695	-64.631	-127.53	26.806	-43.57	-153.6	-2.5286
140.69	-2.7773	20.206	-35.089	-5.4958	-13.845	-9.6206	1.1199	-18.535	-2.9869	-61.9	41.7	-64.628	-127.53	26.81	-43.572	-153.6	-2.5465
140.69	-2.7796	20.203	-35.092	-5.4973	-13.847	-9.6152	1.1235	-18.53	-2.9719	-61.902	41.694	-64.623	-127.53	26.811	-43.574	-153.61	-2.5482
140.69	-2.7784	20.204	-35.098	-5.5	-13.853	-9.6127	1.1215	-18.549	-2.9703	-61.901	41.693	-64.617	-127.53	26.81	-43.563	-153.61	-2.5459
140.68	-2.7843	20.21	-35.089	-5.4958	-13.845	-9.6186	1.1178	-18.554	-2.9612	-61.906	41.695	-64.61	-127.53	26.815	-43.565	-153.61	-2.5483
140.69	-2.777	20.204	-35.093	-5.4981	-13.848	-9.6067	1.1269	-18.523	-2.9583	-61.905	41.685	-64.605	-127.53	26.819	-43.557	-153.62	-2.548
140.69	-2.7794	20.203	-35.089	-5.4958	-13.845	-9.6153	1.1249	-18.544	-2.9546	-61.903	41.688	-64.604	-127.54	26.814	-43.565	-153.62	-2.5516
140.69	-2.7796	20.203	-35.098	-5.4994	-13.852	-9.6115	1.1248	-18.542	-2.956	-61.915	41.667	-64.601	-127.54	26.817	-43.556	-153.62	-2.5621
140.69	-2.7793	20.203	-35.089	-5.4958	-13.845	-9.6177	1.1216	-18.55	-2.9472	-61.911	41.674	-64.598	-127.53	26.805	-43.557	-153.61	-2.5555
140.68	-2.7695	20.208	-35.088	-5.4963	-13.829	-9.6124	1.1247	-18.542	-2.9457	-61.908	41.676	-64.603	-127.53	26.819	-43.56	-153.63	-2.5662
140.69	-2.7786	20.204	-35.086	-5.4926	-13.842	-9.6213	1.1181	-18.556	-2.9445	-61.907	41.677	-64.601	-127.54	26.814	-43.551	-153.6	-2.5627
140.69	-2.7807	20.202	-35.092	-5.4973	-13.847	-9.6136	1.1214	-18.549	-2.9409	-61.905	41.68	-64.6	-127.53	26.803	-43.563	-153.61	-2.5608
140.68	-2.7716	20.204	-35.091	-5.4985	-13.833	-9.6138	1.125	-18.544	-2.9437	-61.907	41.677	-64.608	-127.53	26.816	-43.551	-153.62	-2.5691
140.68	-2.785	20.207	-35.095	-5.4998	-13.85	-9.6097	1.1245	-18.546	-2.9388	-61.904	41.681	-64.603	-127.52	26.807	-43.566	-153.62	-2.5645
140.69	-2.7772	20.207	-35.08	-5.4912	-13.838	-9.613	1.1214	-18.549	-2.9321	-61.9	41.687	-64.604	-127.52	26.807	-43.562	-153.61	-2.5596
140.69	-2.7796	20.203	-35.084	-5.4909	-13.839	-9.6216	1.1195	-18.569	-2.9368	-61.901	41.684	-64.598	-127.52	26.81	-43.562	-153.61	-2.5617
140.69	-2.7795	20.203	-35.09	-5.4936	-13.859	-9.608	1.1293	-18.553	-2.94	-61.903	41.668	-64.604	-127.52	26.807	-43.561	-153.61	-2.557
140.69	-2.7782	20.205	-35.088	-5.4941	-13.844	-9.6101	1.1259	-18.56	-2.9449	-61.895	41.684	-64.601	-127.52	26.821	-43.561	-153.61	-2.559
140.69	-2.7773	20.206	-35.086	-5.4926	-13.842	-9.6101	1.1259	-18.56	-2.9416	-61.905	41.68	-64.596	-127.52	26.811	-43.558	-153.61	-2.5568
140.69	-2.7782	20.204	-35.086	-5.4926	-13.842	-9.6062	1.1294	-18.554	-2.9411	-61.89	41.673	-64.597	-127.53	26.806	-43.552	-153.62	-2.558
140.69	-2.7773	20.206	-35.09	-5.4936	-13.859	-9.6189	1.1225	-18.566	-2.9357	-61.9	41.685	-64.6	-127.53	26.803	-43.536	-153.61	-2.6267
140.69	-2.7782	20.205	-35.088	-5.4941	-13.844	-9.6181	1.124	-18.58	-2.9312	-61.897	41.687	-64.593	-127.53	26.808	-43.548	-153.62	-2.5555
140.69	-2.7785	20.205	-35.082	-5.49	-13.851	-9.6092	1.126	-18.56	-2.9238	-61.905	41.674	-64.585	-127.52	26.803	-43.545	-153.63	-2.572
140.68	-2.7833	20.211	-35.077	-5.4882	-13.833	-9.6231	1.119	-18.572	-2.925	-61.906	41.673	-64.587	-127.54	26.807	-43.553	-153.62	-2.5725
140.69	-2.7803	20.201	-35.078	-5.489	-13.835	-9.6101	1.1259	-18.56	-2.9206	-61.915	41.67	-64.585	-127.54	26.807	-43.531	-153.62	-2.6451
140.68	-2.7717	20.204	-35.082	-5.4928	-13.838	-9.6098	1.1259	-18.56	-2.9227	-61.917	41.668	-64.582	-127.54	26.81	-43.547	-153.63	-2.5755
140.69	-2.7786	20.204	-35.084	-5.491	-13.839	-9.6169	1.1226	-18.567	-2.9118	-61.897	41.671	-64.582	-127.54	26.808	-43.545	-153.62	-2.569
140.69	-2.7799	20.216	-35.085	-5.4945	-13.84	-9.6178	1.1226	-18.567	-2.9155	-61.91	41.66	-64.574	-127.54	26.81	-43.543	-153.63	-2.5722
140.68	-2.7818	20.212	-35.085	-5.4927	-13.84	-9.6098	1.1259	-18.56	-2.9127	-61.91	41.663	-64.582	-127.54	26.808	-43.532	-153.61	-2.6397
140.69	-2.781	20.214	-35.076	-5.4861	-13.846	-9.6095	1.1259	-18.56	-2.921	-61.914	41.657	-64.578	-127.53	26.8	-43.556	-153.62	-2.5755
140.69	-2.7782	20.205	-35.081	-5.4922	-13.837	-9.6107	1.1259	-18.56	-2.921	-61.914	41.657	-64.585	-127.54	26.807	-43.555	-153.62	-2.5759
140.69	-2.7803	20.201	-35.084	-5.491	-13.839	-9.6107	1.1259	-18.56	-2.9238	-61.905	41.674	-64.591	-127.53	26.795	-43.537	-153.61	-2.6441
140.69	-2.7782	20.204	-35.076	-5.4873	-13.832	-9.613	1.1261	-18.562	-2.9304	-61.895	41.675	-64.59	-127.54	26.804	-43.563	-153.62	-2.5652
140.69	-2.7782	20.205	-35.088	-5.4941	-13.844	-9.6107	1.1259	-18.56	-2.945	-61.895	41.67	-64.6	-127.54	26.801	-43.568	-153.62	-2.5794
140.68	-2.7803	20.2	-35.085	-5.4918	-13.84	-9.6184	1.1225	-18.567	-2.9445	-61.891	41.671	-64.602	-127.53	26.788	-43.567	-153.62	-2.5809
140.69	-2.7794	20.202	-35.084	-5.491	-13.839	-9.6178	1.1226	-18.567	-2.9448	-61.893	41.681	-64.603	-127.54	26.8	-43.571	-153.62	-2.5694
140.69	-2.7749	20.207	-35.094	-5.4854	-13.841	-9.6215	1.1317	-18.564	-2.9561	-61.889	41.68	-64.608	-127.53	26.801	-43.565	-153.62	-2.5653
140.69	-2.7784	20.205	-35.086	-5.4926	-13.842	-9.6182	1.1351	-18.559	-2.9482	-61.895	41.68	-64.602	-127.52	26.794	-43.563	-153.63	-2.568
140.69	-2.7771	20.206	-35.083	-5.4904	-13.839	-9.6215	1.1317	-18.564	-2.9441	-61.892	41.684	-64.602	-127.53	26.788	-43.564	-153.61	-2.5759
140.69	-2.7793	20.202	-35.091	-5.4818	-13.852	-9.613	1.1261	-18.562	-2.9539	-61.887	41.682	-64.6	-127.53	26.789	-43.565	-153.62	-2.566
140.68	-2.7695	20.208	-35.088	-5.4941	-13.844	-9.6178	1.1226	-18.567	-2.9486	-61.894	41.667	-64.597	-127.53	26.79	-43.563	-153.61	-2.5773
140.69	-2.7773	20.206	-35.089	-5.4928	-13.858	-9.6012	1.1329	-18.549	-2.9486	-61.894	41.667	-64.594	-127.53	26.793	-43.561	-153.62	-2.5798
140.68	-2.7704	20.206	-35.073	-5.4703	-13.835	-9.6063	1.1308	-18.568	-2.9398	-61.887	41.674	-64.595	-127.53	26.794	-43.558	-153.62	-2.5782
140.68	-2.7695	20.208	-35.074	-5.4865	-13.831	-9.6125	1.1276	-18.575	-2.9274	-61.891	41.665	-64.594	-127.53	26.782	-43.562	-153.61	-2.5908
140.68	-2.7716	20.204	-35.075	-5.4725	-13.839	-9.6024	1.1339	-18.566	-2.9199	-61.887	41.671	-64.585	-127.52	26.787	-43.538	-153.61	-2.6559
140.69	-2.7748	20.207	-35.075	-5.4725	-13.839	-9.6095	1.1307	-18.573	-2.9195	-61.886	41.658	-64.58	-127.53	26.797	-43.554	-153.62	-2.5763
140.69	-2.7784	20.205	-35.07	-5.4832	-13.829	-9.6101	1.1306	-18.573	-2.9271	-61.89	41.651	-64.586	-127.52	26.799	-43.566	-153.61	-2.581
140.69	-2.7782	20.204	-35.073	-5.4703	-13.835	-9.6024	1.1339	-18.566	-2.9227	-61.887	41.642	-64.59	-127.53	26.797	-43.561	-153.61	-2.573
140.68	-2.774	20.201	-35.077	-5.4734	-13.84	-9.614	1.1271	-18.578	-2.9194	-61.885	41.659	-64.586	-127.51	26.806	-43.57	-153.6	-2.5773
140.68	-2.7726	20.201	-35.082	-5.4747	-13.844	-9.6013	1.1355	-18.58	-2.9261	-61.878	41.66	-64.6	-127.52	26.796	-43.571	-153.6	-2.6009
140.69	-2.7784	20.205	-35.073	-5.4724	-13.823	-9.6063	1.1304	-18.571	-2.9377	-61.882	41.65	-64.599	-127.52	26.785	-43.576	-153.6	-2.578
140.69	-2.7785	20.205	-35.071	-5.482	-13.842	-9.6028	1.1353	-18.579	-2.9319	-61.882	41.667	-64.602	-127.52	26.794	-43.581	-153.61	-2.5704
140.69	-2.7791	20.203	-35.075	-5.4738	-13.825	-9.6101	1.1306	-18.573	-2.936	-61.882	41.663	-64.609	-127.51	26.796	-43.588	-153.6	-2.5706
140.69	-2.7672	20.211	-35.086	-5.4778	-13.848	-9.614	1.1271	-18.578	-2.9415	-61.887	41.66	-64.616	-127.51	26.79	-43.593	-153.6	-2.5745
140.69	-2.7784	20.205	-35.075	-5.474	-13.825	-9.614	1.1271	-18.578	-2.9407	-61.887	41.66	-64.62	-127.52	26.801	-43.594	-153.61	-2.5612
140.68	-2.7829	20.21	-35.074	-5.4732	-13.824	-9.614	1.1271	-18.578	-2.9456	-61.89	41.656	-64.624	-127.51	26.791	-43.587	-153.61	-2.5734
140.68	-2.776	20.197	-35.085	-5.4792	-13.833	-9.6146	1.1271	-18.578	-2.9501	-61.881	41.659	-64.622	-127.5	26.792	-43.603	-153.61	-2.5686
140.68	-2.7819	20.212	-35.084	-5.4776	-13.832	-9.6149	1.127	-18.578	-2.9531	-61.894	41.65	-64.63	-127.51	26.799	-43.601	-153.61	-2.566
140.69	-2.7784	20.204	-35.089	-5.4823	-13.837	-9.614	1.1271	-18.578	-2.9527	-61.895	41.663	-64.623	-127.51	26.803	-43.598	-153.61	-2.5636
140.69	-2.7793	20.202	-35.08	-5.4751	-13.829	-9.614	1.1271	-18.578	-2.9443	-61.889	41.657	-64.621	-127.52	26.788	-43.609	-153.61	-2.5736
140.69	-2.7784	20.205	-35.076	-5.4846	-13.832	-9.601	1.134	-18.566	-2.9478	-61.893	41.655	-64.626	-127.51	26.8	-43.606	-153.61	-2.5688
140.69	-2.7808	20.215	-35.084	-5.4761	-13.846	-9.6134	1.1272	-18.578	-2.9448	-61.89	41.656	-64.613	-127.51	26.793	-43.598	-153.6	-2.5781
140.68	-2.7833	20.212	-35.072	-5.4715	-13.822	-9.6125	1.1272	-18.579	-2.9516	-61.895	41.652	-64.609	-127.51	26.795	-43.617	-153.61	-2.5744
140.69	-2.7796	20.203	-35.076	-5.4725	-13.839	-9.6029	1.1213	-18.573	-2.9408	-61.898	41.64	-64.606	-127.51	26.798	-43.595	-153.6	-2.574
140.68	-2.7803	20.2	-35.077	-5.4888	-13.835	-9.6028	1.1353	-18.579	-2.9346	-61.897	41.645	-64.61	-127.51	26.795	-43.6	-153.61	-2.5794
140.68	-2.7804	20.2	-35.069	-5.4806	-13.84	-9.6067	1.1319	-18.585	-2.9284	-61.903	41.63	-64.606	-127.51	26.798	-43.604	-153.61	-2.5815
140.69	-2.7806	20.202	-35.062	-5.477	-13.833	-9.6026	1.1227	-18.587	-2.9211	-61.912	41.631	-64.597	-127.5	26.803	-43.594	-153.61	-2.5628
140.68	-2.7807	20.202	-35.06	-5.4762	-13.832	-9.6029	1.1227	-18.587	-2.9152	-61.921	41.627	-64.591	-127.51	26.803	-43.606	-153.61	-2.586
140.69	-2.779	20.218	-35.06	-5.4762	-13.832	-9.5906	1.131	-18.589	-2.9067	-61.929	41.628	-64.595	-127.5	26.792	-43.6	-153.61	-2.5788
140.68	-2.7835	20.212	-35.065	-5.4793	-13.836	-9.5895	1.1185	-18.597	-2.9167	-61.947	41.614	-64.593	-127.5	26.796	-43.606	-153.61	-2.5722
140.68	-2.7829	20.197	-35.06	-5.4761	-13.832	-9.6195	1.1702	-18.682	-2.9058	-61.941	41.622	-64.594	-127.5	26.807	-43.6	-153.61	-2.5656
140.69	-2.7793	20.202	-35.065	-5.4808	-13.837	-9.5901	1.1185	-18.597	-2.9017	-61.95	41.606	-64.59	-127.49	26.799	-43.602	-153.61	-2.5684
140.68	-2.7803	20.2	-35.059	-5.4783	-13.83	-9.5848	1.1221	-18.592	-2.8919	-61.959	41.62	-64.593	-127.49	26.814	-43.613	-153.6	-2.5673
140.68	-2.7827	20.197	-35.048	-5.4868	-13.815	-9.5855	1.1234	-18.605	-2.8959	-61.988	41.603	-64.584	-127.49	26.828	-43.625	-153.61	-2.5755
140.68	-2.7706	20.206	-35.051	-5.4886	-13.832	-9.6166	1.1751	-18.69	-2.8875	-62.024	41.589	-64.575	-127.49	26.836	-43.687	-153.63	-2.6055
140.69	-2.7809	20.215	-35.052	-5.5041	-13.826	-9.6228	1.1719	-18.697	-2.8695	-62.068	41.574	-64.561	-127.49	26.84	-43.702	-153.63	-2.5838
140.69	-2.7797	20.216	-35.052	-5.5217	-13.819	-9.6166	1.1751	-18.69	-2.8302	-62.135	41.544	-64.537	-127.5	26.868	-43.707	-153.64	-2.5936
140.69	-2.781	20.214	-35.063	-5.5571	-13.817	-9.6327	1.1759	-18.686	-2.7869	-62.217	41.511	-64.498	-127.51	26.908	-43.709	-153.65	-2.5684
140.68	-2.7842	20.21	-35.069	-5.5852	-13.788	-9.6477	1.1819	-18.692	-2.7105	-62.29	41.472	-64.439	-127.54	26.983	-43.69	-153.67	-2.5705
140.68	-2.7828	20.198	-35.062	-5.6217	-13.727	-9.6469	1.1974	-18.68	-2.6304	-62.378	41.438	-64.371	-127.58	27.058	-43.651	-153.7	-2.5588
140.68	-2.7886	20.204	-35.007	-5.7185	-13.5	-9.63	1.2311	-18.636	-2.4673	-62.502	41.406	-64.294	-127.64	27.141	-43.624	-153.73	-2.571
140.68	-2.7833	20.212	-34.986	-5.8324	-13.215	-9.648	1.3112	-18.527	-2.2861	-62.714	41.419	-64.175	-127.69	27.246	-43.585	-153.76	-2.5508
140.67	-2.7888	20.204	-34.972	-5.8919	-12.689	-9.6356	1.4457	-18.2	-2.1069	-62.931	41.473	-64.064	-127.77	27.307	-43.571	-153.76	-2.5668
140.68	-2.7854	20.208	-34.735	-5.6596	-11.646	-9.6927	1.6776	-17.717	-1.8263	-63.27	41.564	-63.896	-127.9	27.39	-43.428	-153.96	-2.5347
140.68	-2.7884	20.205	-34.604	-5.574	-10.561	-9.6673	1.9019	-17.058	-1.5053	-63.659	41.72	-63.72	-128.07	27.468	-43.359	-154.08	-2.5786
140.67	-2.7898	20.202	-34.505	-5.6322	-9.3487	-9.5411	1.9866	-16.166	-1.0852	-64.182	41.91	-63.469	-128.33	27.559	-43.252	-154.16	-2.6797
140.68	-2.7869	20.209	-34.35	-5.6358	-8.1373	-9.2518	2.063	-15.082	-0.59521	-64.82	42.202	-63.143	-128.62	27.697	-43.138	-154.25	-2.792
140.68	-2.7857	20.21	-34.062	-5.7478	-6.6735	-8.8096	2.0756	-13.879	-0.026989	-65.568	42.542	-62.768	-128.97	27.865	-43.039	-154.37	-2.8658
140.68	-2.7854	20.21	-33.74	-5.8744	-5.3435	-8.1769	2.0411	-12.634	0.60899	-66.399	42.912	-62.387	-129.33	28.082	-42.857	-154.59	-2.9615
140.68	-2.7846	20.212	-33.323	-6.0688	-3.8393	-7.2552	1.925	-11.282	1.2685	-67.266	43.305	-61.943	-129.73	28.277	-42.671	-154.78	-3.0126
140.68	-2.7857	20.21	-32.839	-6.3144	-2.3351	-6.2282	1.8127	-10.025	2.0432	-68.257	43.737	-61.47	-130.12	28.47	-42.52	-155.01	-3.1061
140.69	-2.7924	20.211	-32.278	-6.6019	-0.71849	-4.8262	1.6146	-8.6182	2.8843	-69.281	44.125	-60.963	-130.56	28.657	-42.214	-155.22	-3.1433
140.68	-2.7958	20.206	-31.749	-6.9046	0.94898	-3.0782	1.4438	-7.1343	3.8007	-70.368	44.569	-60.359	-131.04	28.861	-41.964	-155.45	-3.2485
140.69	-2.7924	20.21	-31.078	-7.2009	2.6915	-1.1827	1.1541	-5.8295	4.8145	-71.531	44.922	-59.689	-131.55	29.107	-41.506	-155.72	-3.1946
140.7	-2.8005	20.211	-30.186	-7.604	4.4019	0.97432	0.86562	-4.3654	5.9576	-72.78	45.271	-58.974	-132.09	29.371	-41.174	-156.1	-3.4027
140.7	-2.798	20.214	-29.13	-8.0275	6.0684	3.3027	0.46001	-2.933	7.2359	-74.066	45.584	-58.168	-132.62	29.623	-40.765	-156.35	-3.4477
140.69	-2.8028	20.207	-27.877	-8.5091	7.7039	5.81	-0.023437	-1.4948	8.5591	-75.396	45.844	-57.322	-133.15	29.866	-40.218	-156.7	-3.5988
140.7	-2.8124	20.204	-26.376	-9.0545	9.2191	8.5733	-0.63792	-0.18654	9.9693	-76.831	46.146	-56.395	-133.68	30.102	-39.69	-157.1	-3.7317
140.7	-2.8095	20.21	-24.687	-9.6157	10.654	11.628	-1.3982	1.1244	11.496	-78.307	46.464	-55.39	-134.19	30.338	-39.105	-157.58	-3.8284
140.7	-2.8269	20.21	-22.89	-10.152	11.821	14.96	-2.3056	2.309	13.009	-79.719	46.783	-54.406	-134.67	30.491	-38.33	-157.97	-3.65
140.7	-2.8151	20.203	-20.897	-10.859	13.054	18.596	-3.345	3.3866	14.599	-81.07	47.174	-53.369	-135.02	30.677	-37.365	-158.3	-3.3615
140.69	-2.8175	20.199	-18.69	-11.536	13.967	22.344	-4.511	4.451	16.207	-82.482	47.634	-52.233	-135.34	30.884	-36.262	-158.68	-3.2654
140.69	-2.8211	20.208	-16.294	-12.173	14.461	26.248	-5.7274	5.5956	17.98	-83.881	48.122	-50.9	-135.72	31.153	-35.102	-158.98	-3.1202
140.69	-2.8179	20.213	-13.726	-13.013	15.095	30.134	-7.0236	6.596	19.872	-85.269	48.609	-49.386	-136.2	31.451	-33.837	-159.52	-3.0339
140.68	-2.8251	20.201	-10.996	-13.772	15.474	34.128	-8.4235	7.6193	21.881	-86.662	49.084	-47.754	-136.66	31.734	-32.368	-160.37	-2.6964
140.67	-2.8188	20.203	-8.096	-14.596	15.956	38.164	-9.7688	8.6096	24.03	-88.016	49.539	-46.012	-137.06	32.045	-31.014	-160.57	-2.4181
140.67	-2.8223	20.21	-5.08	-15.417	16.503	42.224	-11.279	9.406	26.323	-89.398	49.922	-44.201	-137.42	32.49	-29.171	-161.19	-2.0121
140.67	-2.8173	20.201	-1.969	-16.168	16.984	46.398	-12.777	10.202	28.777	-90.778	50.344	-42.289	-137.81	32.911	-27.379	-161.68	-1.6021
140.67	-2.8121	20.213	1.2868	-16.976	17.587	51.007	-14.063	11.379	31.671	-91.86	51.11	-40.22	-138.18	33.355	-25.655	-162.17	-1.2537
140.67	-2.8064	20.209	4.6715	-17.778	18.186	55.321	-15.626	12.059	34.407	-93.22	51.367	-38.04	-138.55	33.899	-23.975	-162.26	-0.81194
140.67	-2.8051	20.209	8.1276	-18.588	18.751	59.28	-17.53	12.219	37.233	-94.602	51.658	-35.77	-138.9	34.387	-21.875	-162.69	-0.20021
140.68	-2.8017	20.215	11.707	-19.389	19.304	64.313	-19.001	13.229	40.147	-95.983	51.89	-33.438	-139.15	34.988	-19.972	-162.88	0.18872
140.68	-2.8028	20.212	15.357	-20.215	19.857	68.979	-20.784	13.778	43.147	-97.355	52.063	-31.011	-139.43	35.516	-17.876	-163.14	0.6575
140.68	-2.8015	20.215	19.066	-20.974	20.278	73.723	-22.549	14.31	46.18	-98.717	52.211	-28.543	-139.68	36.149	-15.669	-163.64	1.2734
140.68	-2.8039	20.21	22.849	-21.808	20.799	78.523	-24.352	14.841	49.314	-100	52.407	-25.986	-139.92	36.725	-13.525	-163.85	1.6753
140.69	-2.8076	20.215	26.639	-22.609	21.316	82.787	-26.337	14.87	52.438	-101.26	52.579	-23.356	-140.11	37.298	-11.219	-164.09	2.1313
140.68	-2.8012	20.215	30.391	-23.275	21.573	87.39	-28.106	15.145	55.568	-102.44	52.715	-20.684	-140.26	37.896	-8.8474	-164.19	2.7258
140.69	-2.8063	20.217	34.085	-23.88	21.853	92.429	-29.527	15.879	58.73	-103.49	52.875	-17.924	-140.34	38.492	-6.4732	-164.32	3.1785
140.69	-2.8112	20.214	37.758	-24.517	22.1	96.395	-31.242	15.63	61.852	-104.37	53.05	-15.19	-140.41	39.01	-3.9981	-164.37	3.8204
140.69	-2.8054	20.219	41.274	-24.985	22.147	100.7	-32.626	15.703	64.947	-105.12	53.245	-12.359	-140.4	39.544	-1.5698	-164.3	4.3063
140.68	-2.8117	20.211	44.721	-25.377	22.175	104.82	-33.89	15.726	68.023	-105.71	53.453	-9.5896	-140.34	40.024	1.0129	-164.37	4.8573
140.69	-2.8188	20.211	48.042	-25.727	22.14	108.89	-34.995	15.726	71.047	-106.16	53.612	-6.8046	-140.23	40.453	3.6747	-164.55	5.4988
140.69	-2.8198	20.209	51.263	-25.967	22.023	113.34	-35.697	16.22	74.029	-106.45	53.785	-4.0129	-140.08	40.862	6.2317	-164.41	6.0234
140.68	-2.8231	20.204	54.406	-26.078	21.773	116.79	-36.702	15.754	76.953	-106.67	53.965	-1.2746	-139.87	41.19	8.8287	-164.42	6.4295
140.68	-2.8258	20.214	57.47	-26.157	21.513	121.05	-37.17	16.17	79.843	-106.76	54.112	1.5022	-139.61	41.507	11.609	-164.63	6.8153
140.68	-2.8281	20.211	60.417	-26.17	21.133	124.25	-37.986	15.608	82.63	-106.71	54.186	4.2206	-139.28	41.776	14.276	-164.49	7.291
140.68	-2.8251	20.201	63.254	-26.123	20.634	128.35	-38.257	15.917	85.388	-106.58	54.302	6.8785	-138.92	42.026	16.622	-164.09	7.719
140.68	-2.8129	20.208	65.985	-25.936	20.047	131.86	-38.606	15.706	88.112	-106.31	54.372	9.4799	-138.46	42.212	19.311	-163.98	8.0391
140.68	-2.8144	20.208	68.596	-25.685	19.502	135.19	-38.887	15.325	90.723	-105.93	54.348	12.004	-138	42.414	21.699	-163.63	8.344
140.68	-2.8121	20.21	71.006	-25.324	18.812	138.34	-39.006	14.913	93.288	-105.44	54.324	14.465	-137.44	42.588	24.305	-163.59	8.7147
140.68	-2.8117	20.21	73.234	-24.875	18.208	141.3	-38.903	14.436	95.745	-104.85	54.28	16.831	-136.88	42.786	26.588	-162.9	9.0948
140.68	-2.803	20.213	75.277	-24.378	17.606	143.61	-38.829	13.529	98.115	-104.1	54.199	19.143	-136.26	42.983	28.928	-162.55	9.3489
140.68	-2.7961	20.208	77.109	-23.689	16.943	146.58	-38.183	13.442	100.42	-103.19	54.171	21.413	-135.61	43.148	31.233	-162.26	9.8118
140.68	-2.7988	20.203	78.807	-22.991	16.394	148.56	-37.731	12.62	102.61	-102.2	54.139	23.595	-134.95	43.339	33.548	-161.88	10.181
140.67	-2.7945	20.198	80.347	-22.238	15.854	151.09	-36.733	12.545	104.69	-101.11	54.114	25.696	-134.22	43.469	35.638	-161.23	10.581
140.68	-2.8014	20.211	81.801	-21.421	15.403	152.68	-35.835	11.752	106.68	-99.865	54.123	27.738	-133.46	43.66	37.727	-160.65	10.91
140.67	-2.807	20.204	83.127	-20.459	14.818	154.88	-34.59	11.745	108.59	-98.591	54.16	29.685	-132.62	43.831	39.757	-159.98	11.286
140.68	-2.8016	20.214	84.381	-19.508	14.291	156.57	-33.352	11.328	110.42	-97.193	54.187	31.554	-131.75	43.921	41.725	-159.28	11.637
140.67	-2.7967	20.197	85.619	-18.589	13.844	158.1	-32.073	10.916	112.12	-95.796	54.254	33.335	-130.8	44.044	43.695	-158.53	11.853
140.67	-2.8061	20.206	86.79	-17.574	13.297	159.27	-30.87	10.261	113.75	-94.328	54.292	35.063	-129.8	44.07	45.589	-157.81	12.178
140.68	-2.803	20.211	87.992	-16.502	12.782	160.64	-29.566	9.8626	115.28	-92.857	54.307	36.708	-128.73	44.165	47.301	-156.81	12.472
140.67	-2.8097	20.204	89.163	-15.488	12.359	162.31	-28.05	9.8811	116.81	-91.335	54.383	38.264	-127.63	44.135	49.131	-155.94	12.729
140.67	-2.8106	20.201	90.365	-14.399	11.805	163.16	-26.727	9.2143	118.23	-89.885	54.448	39.764	-126.5	44.143	50.735	-154.83	12.846
140.67	-2.8095	20.203	91.564	-13.279	11.145	164.61	-25.267	9.1863	119.59	-88.441	54.459	41.192	-125.36	44.057	52.335	-153.91	13.031
140.68	-2.8181	20.215	92.826	-12.162	10.662	165.64	-23.823	8.8518	120.94	-86.988	54.501	42.604	-124.19	44.047	53.95	-152.95	13.168
140.67	-2.8182	20.2	94.048	-11.021	10.061	166.68	-22.464	8.5193	122.28	-85.597	54.511	43.996	-123.03	43.964	55.398	-151.85	13.09
140.68	-2.8164	20.204	95.304	-9.9496	9.5675	167.56	-21.077	8.1	123.58	-84.245	54.459	45.308	-121.9	43.895	56.822	-150.75	13.198
140.68	-2.8155	20.206	96.579	-8.8672	9.111	168.46	-19.678	7.7192	124.88	-82.938	54.404	46.625	-120.79	43.801	58.244	-149.67	13.272
140.67	-2.8171	20.201	97.918	-7.7864	8.6913	169.21	-18.371	7.1825	126.2	-81.687	54.29	47.936	-119.67	43.758	59.569	-148.62	13.249
140.68	-2.8235	20.204	99.327	-6.7772	8.4079	169.78	-17.084	6.4852	127.53	-80.479	54.151	49.233	-118.58	43.698	60.908	-147.61	13.202
140.68	-2.802	20.216	100.79	-5.7955	7.9192	170.21	-15.736	5.7345	128.88	-79.325	54.019	50.498	-117.57	43.619	62.173	-146.51	13.076
140.68	-2.812	20.209	102.34	-4.8137	7.4938	170.3	-14.369	4.7788	130.26	-78.205	53.835	51.772	-116.54	43.56	63.4	-145.48	13.031
140.68	-2.8095	20.211	103.9	-3.8028	6.963	170.12	-12.964	3.7664	131.59	-77.115	53.548	53.018	-115.58	43.475	64.633	-144.51	12.933
140.69	-2.8099	20.215	105.51	-2.8819	6.3865	169.63	-11.507	2.6642	132.93	-76.006	53.299	54.244	-114.66	43.402	65.815	-143.5	12.741
140.69	-2.8061	20.216	107.09	-2.005	5.8189	168.58	-10.144	1.1636	134.23	-74.905	53.074	55.463	-113.73	43.307	66.987	-142.6	12.659
140.68	-2.8019	20.213	108.67	-1.1531	5.1123	168.17	-8.4219	0.51984	135.49	-73.773	52.895	56.641	-112.88	43.157	68.122	-141.68	12.465
140.68	-2.8019	20.214	110.2	-0.2966	4.3315	166.82	-7.0712	-0.95818	136.66	-72.617	52.623	57.779	-112.02	43.009	69.317	-140.82	12.295
140.68	-2.7968	20.206	111.71	0.45883	3.6571	165.82	-5.6317	-2.0299	137.79	-71.411	52.359	58.902	-111.2	42.847	70.371	-139.98	12.149
140.68	-2.801	20.215	113.19	1.1446	2.7973	165.36	-4.0368	-2.5969	138.84	-70.243	52.076	59.974	-110.41	42.65	71.504	-139.14	11.961
140.68	-2.8005	20.215	114.72	1.8527	1.7934	163.92	-2.9342	-4.1585	139.87	-69.078	51.836	61.053	-109.61	42.413	72.638	-138.37	11.819
140.68	-2.801	20.199	116.11	2.3226	0.63165	163.56	-1.4795	-4.6094	140.9	-67.881	51.58	62.106	-108.89	42.219	73.786	-137.79	11.581
140.65	-2.746	20.214	117.59	2.7257	-0.26331	162.76	-0.36921	-5.4883	141.92	-66.738	51.373	63.173	-108.19	41.948	74.934	-137.09	11.48
140.5	-2.5416	20.254	118.82	2.8011	-1.8747	162.13	0.71754	-6.2397	142.69	-65.982	50.81	64.262	-107.5	41.719	76.043	-136.36	11.274
140.04	-2.1552	20.179	120.16	2.8714	-3.2815	161.77	1.5544	-6.7839	143.74	-65.101	50.659	65.348	-106.85	41.515	77.264	-135.86	11.05
139.58	-1.6326	20.159	121.87	3.1659	-4.1272	161.55	2.307	-7.2808	144.84	-64.34	50.502	66.451	-106.26	41.304	78.392	-135.18	10.897
140.27	-0.92915	20.233	122.5	3.7448	-4.4005	161.61	3.0254	-7.6838	146.03	-63.666	50.453	67.629	-105.72	41.14	79.719	-134.78	10.811
141.5	-0.29839	20.202	123.48	4.459	-4.2679	162.43	3.6245	-7.8904	147.22	-63.081	50.428	68.898	-105.23	41.05	80.904	-134.26	10.721
142.86	0.29696	20.296	124.64	5.146	-4.2446	163.52	4.0672	-7.9914	148.55	-62.531	50.423	70.234	-104.87	41.012	82.289	-133.84	10.618
144.34	0.70168	20.287	126.06	5.4826	-4.0689	164.8	4.4524	-8.0991	149.97	-62.061	50.428	71.659	-104.56	41.011	83.72	-133.51	10.6
146.09	0.99697	20.22	127.64	5.8414	-4.2316	166.32	4.7555	-8.1262	151.5	-61.673	50.562	73.137	-104.23	41.054	85.209	-133.16	10.652
147.75	1.2312	20.255	129.43	6.0435	-4.0426	167.25	4.5596	-8.8022	153.14	-61.374	50.749	74.669	-103.86	41.136	86.682	-132.82	10.744
149.34	1.3636	20.256	131.31	6.158	-4.0742	169.81	5.1869	-7.7549	154.87	-61.158	50.969	76.259	-103.53	41.223	88.296	-132.57	10.859
151.12	1.4969	20.302	133.27	6.3495	-4.081	171.7	5.3216	-7.4622	156.64	-60.933	51.217	77.997	-103.28	41.371	89.981	-132.32	10.996
152.91	1.5127	20.394	135.37	6.4414	-3.9134	173.7	5.4479	-7.1469	158.55	-60.836	51.49	79.878	-103.08	41.542	91.847	-132.23	11.082
154.78	1.4581	20.605	137.55	6.527	-3.6413	175.88	5.6026	-6.6742	160.59	-60.73	51.818	81.829	-102.9	41.694	93.72	-131.93	11.245
156.93	1.521	21.062	139.84	6.6097	-3.2473	178.08	5.6776	-6.3118	162.75	-60.695	52.19	83.903	-102.73	41.928	95.739	-131.85	11.345
159.21	1.5317	21.494	142.24	6.7397	-2.8291	180.49	5.747	-5.7677	164.96	-60.774	52.51	86.03	-102.58	42.118	97.75	-131.68	11.574
161.71	1.5238	22.106	144.75	6.7867	-2.3358	183	5.7951	-5.1929	167.28	-60.886	52.898	88.238	-102.48	42.303	99.835	-131.48	11.74
164.34	1.4282	22.66	147.37	6.7844	-1.6812	184.8	5.3289	-5.451	169.71	-61.043	53.268	90.558	-102.41	42.558	102.06	-131.49	11.88
167.08	1.3438	23.278	150.11	6.8546	-1.0201	188.28	5.6978	-4.017	172.19	-61.241	53.656	92.923	-102.35	42.81	104.27	-131.37	12.095
169.88	1.1616	23.89	152.96	6.788	-0.55351	191.13	5.5986	-3.4054	174.79	-61.437	54.153	95.356	-102.26	43.114	106.6	-131.24	12.328
172.75	1.0132	24.475	155.91	6.7472	0.076771	194.05	5.4605	-2.7526	177.36	-61.627	54.603	97.816	-102.15	43.402	108.92	-131.02	12.488
175.72	0.83468	25.106	158.93	6.6258	0.78951	197.09	5.3056	-2.1386	179.98	-61.87	55.087	100.3	-102.03	43.666	111.45	-131.15	12.886
178.71	0.59847	25.62	162.05	6.5463	1.048	200.21	5.0622	-1.4563	182.71	-62.095	55.687	102.85	-101.89	43.968	113.81	-131.04	13.207
181.87	0.44435	26.33	165.27	6.3702	1.829	203.4	4.8302	-0.8457	185.38	-62.319	56.198	105.42	-101.78	44.267	116.21	-130.88	13.532
185.03	0.1593	26.848	168.55	6.215	2.3709	206.69	4.5441	-0.20702	188.18	-62.506	56.762	108.07	-101.58	44.537	119.01	-131.1	13.881
188.28	-0.062041	27.414	171.89	6.0578	2.7882	210.07	4.3181	0.4153	190.95	-62.744	57.294	110.72	-101.44	44.834	121.49	-130.86	14.2
191.57	-0.32018	27.922	175.27	5.872	3.1939	212.65	3.5398	0.11321	193.81	-62.952	57.783	113.43	-101.24	45.112	124.11	-130.77	14.552
194.93	-0.58386	28.412	178.7	5.6163	3.6517	216.06	3.2191	0.60223	196.71	-63.121	58.276	116.14	-101.07	45.404	126.7	-130.76	14.893
198.32	-0.81261	28.863	182.09	5.3845	4.0518	220.31	3.3792	1.9808	199.58	-63.334	58.72	118.9	-100.83	45.678	129.37	-130.66	15.212
201.66	-1.0978	29.22	185.53	5.2357	4.2781	223.71	3.0681	2.3588	202.53	-63.505	59.126	121.65	-100.65	45.923	131.97	-130.54	15.55
205.06	-1.3349	29.565	188.96	4.9323	4.7446	226.36	2.2987	1.8247	205.5	-63.69	59.504	124.45	-100.43	46.195	134.66	-130.43	15.899
208.4	-1.5766	29.91	192.33	4.7798	5.159	229.75	2.0053	2.156	208.44	-63.871	59.79	127.23	-100.24	46.412	137.33	-130.35	16.161
211.72	-1.8327	30.157	195.71	4.6606	5.1947	233.16	1.7741	2.5117	211.41	-64.033	60.084	130.03	-100.04	46.662	139.94	-130.16	16.405
215.04	-2.0478	30.446	199.05	4.3661	5.5916	236.48	1.532	2.7798	214.33	-64.223	60.259	132.79	-99.847	46.859	142.6	-129.94	16.66
218.28	-2.2177	30.714	202.3	4.2705	5.8955	239.8	1.3558	3.1012	217.25	-64.379	60.499	135.55	-99.625	47.001	145.14	-129.89	16.752
221.46	-2.4052	30.99	205.54	4.1335	6.2309	243.02	1.0977	3.2792	220.07	-64.535	60.635	138.28	-99.404	47.121	147.89	-129.95	16.982
224.61	-2.6072	31.194	208.72	4.0144	6.3255	247.06	1.454	4.531	222.91	-64.658	60.822	140.96	-99.17	47.202	150.24	-129.5	16.978
227.7	-2.7498	31.398	211.87	3.9073	6.4992	249.45	0.82879	3.8836	225.62	-64.786	60.9	143.61	-98.906	47.257	152.72	-129.32	17.023
230.74	-2.8818	31.519	214.93	3.8645	6.5317	252.54	0.69391	4.0249	228.3	-64.879	60.97	146.19	-98.626	47.251	155.18	-129.05	17.002
233.75	-2.9923	31.636	217.96	3.7907	6.6151	256.31	0.96952	5.04	230.95	-64.991	61.017	148.71	-98.336	47.225	157.55	-128.81	16.998
236.7	-3.0994	31.742	220.94	3.6568	6.7976	258.52	0.33635	4.1985	233.55	-65.031	61.084	151.18	-98.007	47.165	159.97	-128.87	17.049
239.57	-3.2238	31.749	223.85	3.6001	6.8612	261.41	0.14446	4.1738	236.05	-65.069	61.06	153.58	-97.673	47.133	162.17	-128.37	17.003
242.36	-3.3061	31.684	226.72	3.5962	6.5971	265.04	0.506	5.1248	238.51	-65.104	60.997	155.92	-97.309	47.008	164.25	-127.97	16.901
245.09	-3.3362	31.6	229.49	3.5945	6.5416	267.81	0.36734	5.045	240.9	-65.065	60.901	158.19	-96.931	46.869	166.42	-127.66	16.726
247.73	-3.3901	31.479	232.19	3.5439	6.5532	270.55	0.29798	4.954	243.25	-65.005	60.866	160.41	-96.522	46.706	168.69	-127.69	16.742
250.31	-3.3903	31.288	234.8	3.6205	6.1104	273.18	0.21599	4.7966	245.48	-64.969	60.678	162.58	-96.084	46.507	170.54	-126.98	16.499
252.76	-3.3266	31.077	237.32	3.6352	5.9335	274.91	-0.2851	3.6382	247.7	-64.83	60.484	164.68	-95.663	46.291	172.78	-127.05	16.425
255.16	-3.2348	30.789	239.72	3.7267	5.6509	277.36	-0.27216	3.3387	249.8	-64.67	60.213	166.71	-95.229	46.045	174.66	-126.73	16.24
257.4	-3.1217	30.366	242	3.8282	5.1773	280.38	0.28142	3.929	251.84	-64.454	59.905	168.69	-94.8	45.788	176.32	-126.04	15.945
259.58	-3.01	29.9	244.19	3.93	4.7811	281.81	-0.10185	2.5049	253.84	-64.17	59.587	170.63	-94.371	45.513	178.16	-125.72	15.75
261.7	-2.8219	29.424	246.3	4.0384	4.2958	283.98	0.057679	2.0864	255.82	-63.858	59.228	172.52	-93.933	45.226	179.9	-125.35	15.679
263.75	-2.5866	28.927	248.29	4.1388	3.751	286.8	0.72278	2.4889	257.69	-63.51	58.825	174.36	-93.498	44.917	181.65	-125.09	15.353
265.71	-2.3902	28.274	250.21	4.3861	3.0791	288.78	0.87417	1.9153	259.52	-63.153	58.365	176.13	-93.065	44.565	183.27	-124.77	15.052
267.56	-2.2422	27.571	252.11	4.4298	2.4016	290.7	1.015	1.2706	261.29	-62.786	57.915	177.83	-92.637	44.161	184.92	-124.38	14.818
269.43	-1.9946	26.986	253.92	4.513	1.9244	292.55	1.1441	0.61114	263.01	-62.47	57.436	179.46	-92.219	43.79	186.73	-124.42	14.657
271.19	-1.8666	26.257	255.71	4.6044	1.1197	294.38	1.2632	-0.0043883	264.6	-62.176	56.869	181.03	-91.768	43.411	187.88	-123.74	14.204
272.88	-1.6801	25.618	257.43	4.7282	0.31847	295.22	0.73474	-1.786	266.16	-61.895	56.401	182.49	-91.339	42.978	189.51	-123.8	13.906
274.54	-1.5477	24.996	259.08	4.7554	-0.1098	297.73	1.3234	-1.3537	267.63	-61.675	55.826	183.89	-90.897	42.546	190.61	-123.02	13.507
276.03	-1.4673	24.306	260.67	4.8712	-1.1464	298.69	1.0035	-2.7359	269.04	-61.438	55.319	185.2	-90.485	42.114	191.87	-122.73	13.124
277.5	-1.3323	23.655	262.13	4.9062	-1.5011	300.11	1.0156	-3.467	270.34	-61.215	54.781	186.44	-90.102	41.668	193	-122.44	12.74
278.79	-1.2407	23.045	263.5	4.9881	-2.3131	301.53	1.1198	-3.9752	271.54	-60.987	54.254	187.58	-89.714	41.215	194.04	-122.09	12.339
280.01	-1.033	22.385	264.72	5.091	-3.1241	302.79	1.2107	-4.6305	272.68	-60.72	53.674	188.66	-89.346	40.748	195.1	-121.85	11.867
281.7	-0.49428	22.007	265.75	5.2436	-3.5827	303.85	1.2974	-5.5215	273.75	-60.392	53.132	189.66	-88.983	40.28	196	-121.55	11.55
283.81	0.23956	21.622	266.71	5.6455	-4.1549	304.72	1.1648	-6.673	274.74	-60.134	52.555	190.58	-88.635	39.81	196.86	-121.29	11.063
285.19	0.34833	21.596	267.66	5.873	-4.1754	306.48	1.903	-6.1528	275.66	-59.856	51.971	191.44	-88.322	39.331	197.62	-121.09	10.616
285.91	0.80684	21.623	268.36	6.3171	-4.4476	307.24	2.2722	-6.5018	276.5	-59.675	51.446	192.23	-88.044	38.91	198.42	-120.75	10.361
286.71	0.92423	21.609	269.11	6.3815	-4.3869	307.12	2.0714	-7.8741	277.27	-59.495	51.028	192.97	-87.777	38.528	199.15	-120.44	9.9168
287.38	1.0945	21.66	269.81	6.7558	-4.7256	308.67	2.8224	-7.0508	277.93	-59.327	50.66	193.62	-87.545	38.155	199.95	-120.69	9.6366
287.95	1.2811	21.628	270.34	7.0861	-4.9438	309.26	3.0575	-7.3349	278.52	-59.122	50.282	194.19	-87.312	37.82	200.17	-120.08	9.1349
288.45	1.4301	21.651	270.87	7.2934	-4.8633	309.85	3.281	-7.5728	279.03	-58.904	49.972	194.67	-87.072	37.51	200.94	-120.22	9.0389
288.89	1.6643	21.64	271.32	7.4384	-4.9229	310.5	3.7047	-7.3343	279.45	-58.656	49.747	195.05	-86.798	37.284	201.02	-119.59	8.6476
288.89	1.6643	21.64	271.7	7.7058	-5.1327	289.26	1.8562	21.7	279.77	-58.407	49.538	195.36	-86.509	37.017	201.32	-119.44	8.4347
288.89	1.6643	21.64	272.03	7.955	-5.3504	289.58	2.1015	21.699	280.01	-58.17	49.348	195.62	-86.259	36.764	201.58	-119.17	8.2418
311.55	4.3769	-7.8371	272.26	8.1063	-5.4324	289.72	2.2688	21.716	280.21	-57.897	49.182	195.82	-86.051	36.577	201.89	-119.03	8.155
311.55	4.3769	-7.8371	272.48	8.3316	-5.6681	289.97	2.4228	21.744	280.38	-57.672	49.042	196	-85.835	36.41	202.08	-118.76	8.0066
312.04	4.7548	-8.0661	272.64	8.495	-5.6926	290.13	2.5406	21.683	280.5	-57.446	48.874	196.12	-85.617	36.27	202.18	-118.62	7.9836
312.04	4.7548	-8.0661	272.75	8.6395	-5.7127	290.26	2.6747	21.647	280.62	-57.261	48.772	196.19	-85.424	36.165	202.27	-118.47	7.8588
312.04	4.7548	-8.0661	272.82	8.8097	-5.8286	290.33	2.7829	21.669	280.67	-57.091	48.636	196.2	-85.251	36.063	202.3	-118.27	7.7827
312.35	5.2034	-8.3813	272.85	9.0502	-6.1089	290.39	2.8561	21.683	280.69	-56.95	48.539	196.19	-85.104	35.982	202.22	-118.17	7.7276
312.4	5.3151	-8.4731	272.88	9.1567	-6.1657	290.4	2.9062	21.692	280.67	-56.812	48.432	196.15	-84.963	35.898	202.45	-118.48	7.771
312.43	5.4068	-8.5887	272.87	9.2132	-6.2658	290.4	2.9373	21.688	280.63	-56.674	48.364	196.09	-84.855	35.843	202.15	-117.98	7.6139
312.45	5.4551	-8.6304	272.84	9.2393	-6.3362	290.39	2.9523	21.69	280.57	-56.581	48.313	195.99	-84.777	35.796	202.01	-117.97	7.5038
312.45	5.4551	-8.6304	272.8	9.2353	-6.397	290.36	2.9661	21.678	280.47	-56.526	48.271	195.87	-84.721	35.757	201.89	-117.96	7.4832
312.45	5.4551	-8.6304	272.74	9.1924	-6.4528	290.3	2.9516	21.656	280.35	-56.505	48.257	195.75	-84.672	35.723	201.79	-117.98	7.5123
312.45	5.4551	-8.6304	272.68	9.1197	-6.5363	290.29	2.9642	21.668	280.22	-56.513	48.248	195.64	-84.665	35.703	201.68	-118.03	7.6153
312.45	5.4551	-8.6304	272.58	8.9888	-6.6938	290.28	2.9547	21.654	280.1	-56.567	48.229	195.53	-84.675	35.7	201.56	-118.1	7.7167
312.45	5.4551	-8.6304	272.65	8.5599	-6.8735	290.28	2.9547	21.654	279.98	-56.664	48.225	195.42	-84.714	35.713	201.4	-118.14	7.8039
312.45	5.4551	-8.6304	272.57	8.2308	-7.9796	290.23	2.9559	21.652	279.85	-56.742	48.213	195.33	-84.78	35.783	201.27	-118.25	7.9256
312.67	4.6453	-9.1948	272.44	7.7055	-8.1281	290.19	2.9728	21.646	279.72	-56.757	48.2	195.21	-84.832	35.792	201.07	-118.37	7.9878
312.76	4.2725	-9.476	272.36	7.4564	-8.4251	290.15	2.9671	21.645	279.57	-56.809	48.129	195.06	-84.823	35.747	201.08	-118.98	8.2567
312.76	4.2725	-9.476	272.19	7.274	-8.5242	290.01	2.8916	21.637	279.37	-56.903	48	194.87	-84.793	35.69	200.62	-118.7	8.2533
312.76	4.2725	-9.476	271.94	7.1011	-8.5266	289.81	2.7792	21.687	279.18	-57.007	47.833	194.66	-84.858	35.654	200.45	-118.84	8.2901
313.75	3.9245	-9.3042	271.73	6.8722	-8.7068	289.67	2.63	21.716	279	-57.165	47.674	194.43	-85.029	35.641	200.24	-118.99	8.3605
313.11	2.5515	-10.806	271.43	6.5692	-9.128	289.58	2.5025	21.702	278.72	-57.353	47.514	194.22	-85.201	35.555	199.89	-119.18	8.3128
313.68	1.9531	-10.892	270.88	6.1564	-9.5041	289.64	2.462	21.75	278.34	-57.534	47.357	193.96	-85.299	35.459	199.56	-119.38	8.2717
314.55	1.1553	-10.847	270.31	5.896	-9.5864	289.56	2.3763	21.725	277.98	-57.703	47.262	193.57	-85.357	35.362	199.21	-119.48	8.3963
315.63	0.30318	-10.539	269.67	5.805	-9.8819	289.52	2.3234	21.714	277.48	-57.976	47.134	193.05	-85.411	35.228	198.64	-119.7	8.2548
316.75	-0.57765	-9.9907	268.97	5.5795	-9.5399	289.49	2.2961	21.717	277.01	-58.334	47.109	192.49	-85.494	35.144	198.22	-119.82	8.3482
317.8	-1.5819	-9.3541	268.24	5.4173	-9.5077	289.48	2.293	21.727	276.42	-58.758	47.101	191.89	-85.703	35.137	197.63	-120.11	8.2165
318.76	-2.5854	-8.6194	267.39	5.2417	-9.1186	289.5	2.2976	21.719	275.89	-59.191	47.197	191.31	-85.969	35.145	196.99	-120.4	8.2403
319.67	-3.6387	-7.789	266.48	5.0974	-8.7254	289.52	2.2964	21.724	275.24	-59.701	47.263	190.71	-86.279	35.273	196.41	-120.62	8.356
320.5	-4.7803	-6.9048	265.42	5.0508	-8.0945	289.53	2.294	21.719	274.57	-60.219	47.433	190.02	-86.598	35.418	195.66	-120.93	8.3543
321.27	-5.9888	-5.8487	264.4	5.0472	-7.5488	289.53	2.3122	21.709	273.81	-60.758	47.671	189.23	-86.924	35.632	194.84	-121.3	8.5636
321.95	-7.274	-4.7978	263.13	4.9707	-6.8715	289.53	2.3095	21.717	272.94	-61.346	47.877	188.34	-87.305	35.88	194	-121.53	8.7162
322.61	-8.5481	-3.5612	261.76	4.7517	-6.1917	289.52	2.3042	21.711	271.96	-61.949	48.116	187.39	-87.723	36.194	193.1	-121.91	9.0043
323.05	-9.9101	-2.4524	260.17	4.684	-5.4671	289.5	2.3138	21.715	270.94	-62.594	48.426	186.39	-88.201	36.568	192.1	-122.17	9.2127
323.27	-11.322	-1.3131	258.56	4.5136	-4.5543	289.49	2.3173	21.723	269.84	-63.252	48.718	185.29	-88.663	36.951	190.94	-122.54	9.4806
323.3	-12.685	-0.11501	256.85	4.5023	-3.9094	289.5	2.3197	21.725	268.66	-63.925	49.075	184.07	-89.139	37.38	189.65	-122.92	9.7051
322.99	-13.972	0.93303	255.16	4.2663	-2.9454	289.5	2.3128	21.713	267.37	-64.643	49.465	182.73	-89.578	37.786	188.4	-123.28	10.026
322.99	-13.972	0.93303	255.16	4.2663	-2.9454	289.5	2.3128	21.713	267.37	-64.643	49.465	182.73	-89.578	37.786	188.4	-123.28	10.026
321.36	-16.111	2.8644	251.73	3.7682	-1.0477	289.5	2.3207	21.716	264.45	-66.058	50.493	179.66	-90.469	38.809	185.58	-124.23	10.864
320.05	-16.926	3.6054	250.01	3.4275	-0.015382	289.48	2.3226	21.719	262.81	-66.717	51.097	177.98	-90.912	39.337	183.65	-124.18	11.055
318.44	-17.64	4.3499	248.26	3.1607	0.60919	289.49	2.3154	21.708	261.02	-67.381	51.591	176.17	-91.347	39.894	181.87	-124.5	11.54
316.57	-18.158	5.0346	246.48	2.7356	1.6057	289.49	2.3128	21.718	259.15	-67.977	52.245	174.24	-91.773	40.448	180.18	-124.77	11.96
314.47	-18.601	5.6993	244.54	2.3866	2.4621	289.49	2.3128	21.718	257.14	-68.534	52.837	172.18	-92.173	41.037	178.16	-124.99	12.427
312.15	-18.934	6.3324	242.56	2.0151	3.219	289.49	2.3003	21.723	254.96	-69.059	53.574	169.95	-92.567	41.611	176.01	-125.37	12.808
309.65	-19.162	7.0357	240.39	1.6625	4.1499	289.49	2.2982	21.733	252.66	-69.571	54.146	167.61	-92.954	42.159	173.84	-125.65	13.219
306.92	-19.304	7.6954	238.11	1.3338	5.0465	289.49	2.2981	21.721	250.22	-70.048	54.813	165.15	-93.366	42.741	171.56	-125.8	13.719
303.98	-19.319	8.3083	235.66	1.0971	5.8118	289.5	2.2929	21.725	247.63	-70.495	55.417	162.57	-93.803	43.309	169.04	-126.09	14.073
300.84	-19.191	8.912	233.06	0.88544	6.7233	289.5	2.2928	21.724	244.89	-70.891	56.045	159.86	-94.244	43.839	166.54	-126.38	14.418
297.49	-18.939	9.5001	230.26	0.74937	7.7028	289.5	2.2954	21.729	242.04	-71.227	56.663	157.05	-94.71	44.386	163.97	-126.71	14.861
293.96	-18.568	10.037	227.28	0.71047	8.6039	289.5	2.2918	21.722	239.08	-71.487	57.234	154.13	-95.224	44.926	161.3	-127.01	15.35
290.26	-18.119	10.559	224.11	0.69209	9.49	289.5	2.2988	21.72	236	-71.663	57.814	151.09	-95.733	45.461	158.58	-127.54	15.714
286.34	-17.593	11.077	220.74	0.79215	10.258	289.51	2.2933	21.722	232.79	-71.793	58.313	147.97	-96.264	45.988	155.44	-127.65	16.023
282.34	-16.995	11.598	217.23	0.86453	11.229	289.51	2.2908	21.716	229.48	-71.854	58.851	144.76	-96.812	46.474	152.43	-127.86	16.381
278.15	-16.296	12.037	213.9	1.4078	12.536	289.51	2.3032	21.725	226.27	-71.621	59.664	141.45	-97.375	46.973	149.4	-128.25	16.797
273.78	-15.476	12.278	210.09	1.6233	13.223	289.5	2.307	21.733	222.78	-71.637	60.063	138.06	-97.948	47.423	146.18	-128.55	17.036
269.22	-14.687	12.362	206.2	1.8236	14.142	289.51	2.3079	21.717	219.2	-71.568	60.43	134.59	-98.523	47.87	142.97	-128.99	17.447
264.56	-13.777	12.629	202.25	1.9087	14.899	289.5	2.3129	21.726	215.51	-71.55	60.787	131.06	-99.109	48.286	139.74	-129.54	17.752
259.7	-12.896	12.768	198.19	2.1009	15.491	289.5	2.3128	21.726	211.78	-71.501	61.103	127.44	-99.718	48.666	136.27	-129.63	17.939
254.64	-11.981	12.882	194.08	2.2884	16.174	289.5	2.3233	21.719	207.98	-71.4	61.43	123.78	-100.33	48.999	132.92	-129.98	18.284
249.38	-11.009	12.915	189.98	2.3879	16.732	289.5	2.3172	21.723	204.06	-71.325	61.667	120.04	-100.93	49.312	129.39	-130.35	18.477
243.89	-9.9961	12.826	185.88	2.5033	17.432	289.5	2.3129	21.712	200.15	-71.219	61.918	116.25	-101.55	49.622	125.76	-130.77	18.717
238.21	-8.9778	12.705	181.62	2.5702	17.728	289.5	2.3106	21.722	196.1	-71.133	62.114	112.41	-102.17	49.892	122.16	-131.18	18.835
232.36	-7.9273	12.65	177.36	2.6108	17.965	289.5	2.3201	21.715	191.97	-71.041	62.289	108.51	-102.82	50.117	118.58	-131.63	18.953
232.36	-7.9273	12.65	173.04	2.5059	18.073	289.49	2.3057	21.717	187.82	-70.895	62.432	104.58	-103.44	50.332	114.8	-132.12	18.97
232.36	-7.9273	12.65	168.67	2.5242	18.111	289.49	2.3136	21.72	183.59	-70.729	62.541	100.58	-104.09	50.465	111.01	-132.49	18.997
232.36	-7.9273	12.65	164.09	2.3236	17.887	289.49	2.313	21.732	179.33	-70.548	62.588	96.581	-104.71	50.633	107.2	-132.87	18.991
207.24	-3.6384	11.636	159.48	2.2825	17.696	289.48	2.3076	21.724	175.06	-70.307	62.602	92.529	-105.37	50.736	103.35	-133.33	19.027
289.5	2.3062	21.732	154.74	2.2739	17.488	NaN	NaN	NaN	170.72	-69.994	62.532	88.507	-106.02	50.875	99.491	-133.68	18.949
289.5	2.296	21.714	149.9	2.3204	17.269	NaN	NaN	NaN	166.34	-69.692	62.472	84.435	-106.69	50.937	95.62	-134.12	18.974
289.5	2.2961	21.715	144.89	2.3083	16.951	NaN	NaN	NaN	161.96	-69.288	62.331	80.376	-107.35	51	91.756	-134.54	18.855
289.5	2.2993	21.72	139.84	2.345	16.86	NaN	NaN	NaN	157.29	-69.116	61.875	76.318	-108.02	51.01	87.817	-135.02	18.827
289.5	2.2992	21.721	134.73	2.4373	16.497	NaN	NaN	NaN	152.85	-68.729	61.659	72.288	-108.66	51.02	84.012	-135.39	18.745
289.5	2.2981	21.717	129.55	2.5269	16.199	NaN	NaN	NaN	148.41	-68.259	61.54	68.242	-109.32	51.018	80.101	-135.87	18.696
289.51	2.3028	21.724	124.36	2.5774	15.996	NaN	NaN	NaN	143.91	-67.794	61.277	64.204	-109.97	51	76.23	-136.32	18.522
289.5	2.2981	21.717	119.14	2.5917	15.579	NaN	NaN	NaN	139.44	-67.359	61.08	60.197	-110.57	50.95	72.406	-136.74	18.453
289.5	2.3003	21.72	114.02	2.5686	15.311	NaN	NaN	NaN	134.94	-66.896	60.871	56.171	-111.19	50.824	68.48	-137.13	18.303
289.5	2.3103	21.712	108.87	2.6087	14.835	NaN	NaN	NaN	130.48	-66.524	60.55	52.168	-111.78	50.73	64.683	-137.54	18.132
289.51	2.3015	21.722	103.76	2.4984	14.449	NaN	NaN	NaN	126.03	-66.105	60.323	48.19	-112.36	50.576	60.892	-138.05	17.964
289.5	2.3084	21.722	98.698	2.4394	14.027	NaN	NaN	NaN	121.58	-65.817	59.958	44.23	-112.93	50.383	57.104	-138.51	17.812
289.5	2.3077	21.721	93.612	2.3187	13.534	NaN	NaN	NaN	117.23	-65.542	59.63	40.28	-113.51	50.199	53.373	-138.87	17.601
289.49	2.3174	21.724	88.714	2.2376	13.164	NaN	NaN	NaN	112.85	-65.366	59.228	36.383	-114.07	49.98	49.579	-139.33	17.293
289.49	2.3174	21.725	83.614	2.1676	12.601	NaN	NaN	NaN	108.62	-65.23	58.909	32.548	-114.68	49.788	45.831	-139.74	16.968
289.49	2.3153	21.719	78.554	2.0996	12.254	NaN	NaN	NaN	104.38	-65.166	58.498	28.714	-115.28	49.505	42.189	-140.25	16.598
289.49	2.3126	21.73	73.689	2.0479	12.063	NaN	NaN	NaN	100.22	-65.079	58.107	24.968	-115.92	49.228	38.541	-140.66	16.309
289.49	2.3126	21.728	68.926	1.9325	11.788	NaN	NaN	NaN	96.135	-65.028	57.675	21.273	-116.54	48.943	35.048	-141.17	15.934
289.48	2.3107	21.714	64.185	1.7341	11.558	NaN	NaN	NaN	92.133	-65.03	57.255	17.67	-117.14	48.645	31.46	-141.63	15.59
289.49	2.3155	21.721	59.522	1.5507	11.094	NaN	NaN	NaN	88.177	-64.999	56.857	14.102	-117.65	48.329	28.053	-142.15	15.209
289.49	2.3101	21.727	55.044	1.4391	10.687	NaN	NaN	NaN	84.608	-64.7	56.886	10.602	-118.21	48.012	24.756	-142.56	14.797
289.48	2.3077	21.724	50.605	1.2346	10.257	NaN	NaN	NaN	80.782	-64.69	56.464	7.1911	-118.74	47.656	21.434	-143.03	14.44
289.49	2.3008	21.723	46.282	1.066	9.844	71.156	4.6823	-1.0019	77.051	-64.621	56.094	3.8196	-119.24	47.277	18.192	-143.43	14.02
289.49	2.3057	21.717	42.147	0.93636	9.2561	66.713	4.6944	-0.69302	73.088	-64.815	55.251	0.53534	-119.69	46.912	15.109	-143.88	13.663
289.5	2.3078	21.721	38.038	0.67183	8.7865	62.611	4.5909	-1.1843	69.453	-64.77	54.831	-2.6697	-120.12	46.556	12.079	-144.25	13.349
289.5	2.3041	21.717	34.075	0.48393	8.2207	58.679	4.5365	-1.6691	65.945	-64.688	54.505	-5.7975	-120.55	46.141	9.1542	-144.68	12.899
289.5	2.2934	21.723	30.259	0.34877	7.6157	54.807	4.3951	-2.2458	62.525	-64.6	54.113	-8.8446	-120.96	45.747	6.2789	-145.05	12.561
289.49	2.3023	21.727	26.57	0.14516	7.082	51.165	4.3105	-2.7492	59.153	-64.537	53.738	-11.807	-121.33	45.319	3.5376	-145.42	12.194
289.5	2.2936	21.712	22.979	-0.041797	6.4494	47.539	4.1812	-3.2926	55.903	-64.476	53.362	-14.627	-121.67	44.924	0.90675	-145.79	11.774
289.5	2.3006	21.72	19.513	-0.23524	5.9695	44.096	4.1019	-3.8081	52.793	-64.412	52.94	-17.419	-122.04	44.447	-1.6739	-146.17	11.4
289.5	2.3006	21.72	16.194	-0.37507	5.335	40.756	3.9574	-4.366	49.791	-64.339	52.562	-20.094	-122.41	44.011	-4.1786	-146.48	11.013
289.5	2.3008	21.72	12.999	-0.62661	4.8383	37.554	3.8512	-4.8663	46.896	-64.328	52.187	-22.629	-122.74	43.608	-6.5163	-146.83	10.666
289.5	2.3077	21.721	9.9237	-0.82034	4.3084	34.479	3.7155	-5.3946	44.138	-64.269	51.833	-25.097	-123.06	43.181	-8.8219	-147.12	10.306
289.5	2.2981	21.717	7.0425	-1.0168	3.8161	31.58	3.5823	-5.8756	41.444	-64.26	51.42	-27.463	-123.39	42.749	-11.046	-147.47	9.8561
289.5	2.3076	21.721	4.2556	-1.2156	3.2304	28.863	3.4301	-6.351	38.912	-64.259	51.044	-29.719	-123.67	42.324	-13.133	-147.68	9.499
289.5	2.3077	21.721	1.6157	-1.3935	2.6668	26.216	3.2713	-6.8789	36.485	-64.278	50.678	-31.871	-123.94	41.901	-15.188	-148.04	9.0175
289.5	2.3114	21.723	-0.86266	-1.566	2.1516	23.787	3.1476	-7.3293	34.173	-64.321	50.311	-33.992	-124.22	41.436	-17.143	-148.31	8.6277
289.49	2.3128	21.718	-3.1579	-1.7907	1.7555	21.448	2.9518	-7.7912	31.977	-64.356	49.948	-35.967	-124.47	41.01	-18.956	-148.56	8.3089
289.49	2.3154	21.72	-5.3609	-1.9233	1.1619	19.307	2.816	-8.2478	29.9	-64.419	49.592	-37.817	-124.7	40.571	-20.704	-148.81	7.8167
289.49	2.3155	21.72	-7.438	-2.1343	0.66155	17.28	2.6576	-8.6453	27.923	-64.472	49.252	-39.645	-124.92	40.056	-22.351	-149	7.4286
289.49	2.3177	21.722	-9.361	-2.247	0.15214	15.4	2.5225	-9.0761	26.037	-64.55	48.852	-41.334	-125.12	39.622	-23.996	-149.11	6.9279
289.49	2.313	21.716	-11.169	-2.3616	-0.34416	13.615	2.3863	-9.4856	24.291	-64.58	48.5	-42.949	-125.27	39.129	-25.45	-149.43	6.4712
289.49	2.3152	21.719	-12.88	-2.5399	-0.82557	11.975	2.2534	-9.9582	22.588	-64.603	48.141	-44.479	-125.42	38.591	-26.765	-149.59	6.0127
289.49	2.3127	21.718	-14.443	-2.5835	-1.4502	10.383	2.0836	-10.492	20.983	-64.629	47.779	-45.901	-125.53	38.139	-28.13	-149.79	5.5822
289.49	2.3014	21.711	-15.923	-2.7435	-1.9335	8.9384	1.9396	-10.987	19.441	-64.641	47.372	-47.311	-125.66	37.587	-29.286	-149.88	5.177
289.49	2.3128	21.718	-17.363	-2.8505	-2.6384	7.5975	1.78	-11.538	17.93	-64.556	47.015	-48.637	-125.7	37.021	-30.435	-150.02	4.6648
289.49	2.3039	21.728	-18.668	-2.9984	-3.2945	6.4171	1.6262	-12.132	16.468	-64.448	46.672	-49.882	-125.73	36.452	-31.438	-150.15	4.2101
289.5	2.2958	21.726	-19.795	-3.0368	-4.1613	5.2894	1.48	-12.744	15.021	-64.359	46.36	-51.129	-125.75	35.84	-32.43	-150.26	3.6877
289.5	2.2933	21.736	-20.967	-3.1727	-5.0589	4.3585	1.3263	-13.317	13.601	-64.241	46.101	-52.282	-125.7	35.281	-33.348	-150.25	3.3172
289.49	2.2999	21.725	-21.974	-3.3334	-6.0503	3.4863	1.1978	-13.914	12.192	-64.055	45.85	-53.431	-125.67	34.657	-34.093	-150.45	2.9327
289.49	2.2957	21.731	-22.889	-3.4241	-6.9896	2.7349	0.96209	-14.479	10.881	-63.865	45.671	-54.496	-125.58	34.067	-34.782	-150.51	2.586
289.49	2.2911	21.718	-23.692	-3.5398	-7.9484	2.0353	0.83646	-15.02	9.6453	-63.691	45.518	-55.518	-125.53	33.415	-35.449	-150.57	2.2815
289.49	2.3012	21.714	-24.655	-3.9601	-9.1002	1.448	0.75374	-15.415	8.4314	-63.565	45.345	-56.41	-125.45	32.83	-35.997	-150.63	1.9701
289.49	2.2907	21.721	-25.307	-4.0085	-9.8786	0.91968	0.66813	-15.824	7.3394	-63.376	45.223	-57.227	-125.39	32.261	-36.536	-150.63	1.6341
289.49	2.2967	21.733	-25.821	-4.1038	-10.452	0.443	0.58251	-16.219	6.3132	-63.245	45.072	-57.97	-125.33	31.688	-36.971	-150.76	1.2945
289.49	2.2998	21.736	-26.283	-4.1676	-11.119	0.038918	0.51595	-16.532	5.4167	-63.097	45	-58.631	-125.29	31.158	-37.305	-150.81	0.9963
289.49	2.2981	21.721	-26.645	-4.2533	-11.615	-0.27924	0.47786	-16.822	4.5736	-62.954	44.845	-59.211	-125.23	30.627	-37.603	-150.78	0.74155
289.48	2.3079	21.722	-26.972	-4.3028	-12.163	-0.55071	0.45054	-17.076	3.8932	-62.827	44.802	-59.718	-125.17	30.169	-37.833	-150.77	0.56646
289.48	2.3009	21.714	-27.192	-4.2888	-12.658	-0.749	0.4228	-17.286	3.2792	-62.724	44.725	-60.129	-125.07	29.806	-38.038	-150.77	0.3761
289.47	2.2975	21.718	-27.398	-4.3481	-12.988	-0.93161	0.41093	-17.496	2.7642	-62.579	44.685	-60.481	-124.99	29.493	-38.192	-150.75	0.25479
289.48	2.3031	21.727	-27.595	-4.3392	-13.384	-1.1233	0.39577	-17.673	2.391	-62.437	44.69	-60.745	-124.93	29.257	-38.297	-150.71	0.18612
289.47	2.301	21.713	-27.75	-4.3243	-13.544	-1.2658	0.48517	-17.776	2.0833	-62.277	44.628	-60.92	-124.88	29.12	-38.381	-150.7	0.15507
289.47	2.3107	21.715	-27.853	-4.289	-13.584	-1.4056	0.58105	-17.641	1.8718	-62.159	44.634	-61.034	-124.83	29.015	-38.432	-150.69	0.14048
289.48	2.3037	21.715	-28.029	-4.2946	-13.669	-1.502	0.64117	-17.646	1.7385	-62.099	44.665	-61.081	-124.79	28.971	-38.468	-150.65	0.15372
289.48	2.3031	21.716	-28.126	-4.2532	-13.686	-1.6038	0.72853	-17.582	1.6884	-62.052	44.689	-61.085	-124.75	28.94	-38.467	-150.62	0.15444
289.48	2.3057	21.719	-28.213	-4.2252	-13.69	-1.7024	0.80303	-17.539	1.6723	-61.991	44.694	-61.056	-124.73	28.921	-38.468	-150.59	0.12619
