145.93	-1.3529	20.325	-34.938	2.8195	-14.254	-6.6928	1.2947	-17.24	-9.677	-58.646	42.686	-84.388	-111.35	26.881	-65.298	-140.63	-1.6497
145.93	-1.3529	20.324	-34.941	2.8062	-14.279	-6.703	1.2977	-17.23	-9.6692	-58.64	42.692	-84.393	-111.35	26.894	-65.321	-140.61	-1.6668
145.93	-1.3529	20.324	-34.94	2.807	-14.279	-6.6982	1.2906	-17.246	-9.675	-58.645	42.686	-84.393	-111.35	26.894	-65.426	-140.4	-1.758
145.93	-1.3529	20.324	-34.94	2.807	-14.279	-6.6899	1.2975	-17.238	-9.6585	-58.647	42.694	-84.404	-111.35	26.887	-65.326	-140.61	-1.6427
145.94	-1.3498	20.328	-34.942	2.7986	-14.272	-6.6968	1.3034	-17.238	-9.6734	-58.656	42.682	-84.408	-111.34	26.89	-65.434	-140.4	-1.7628
145.94	-1.3506	20.327	-34.94	2.801	-14.292	-6.7003	1.3021	-17.241	-9.6747	-58.658	42.68	-84.41	-111.34	26.889	-65.324	-140.62	-1.6453
145.93	-1.3528	20.324	-34.942	2.8054	-14.278	-6.691	1.2936	-17.239	-9.6876	-58.653	42.677	-84.415	-111.33	26.89	-65.335	-140.6	-1.6693
145.93	-1.3529	20.324	-34.941	2.8003	-14.291	-6.6964	1.3038	-17.25	-9.6767	-58.659	42.68	-84.412	-111.34	26.876	-65.334	-140.6	-1.6681
145.94	-1.3506	20.327	-34.943	2.7926	-14.284	-6.691	1.3079	-17.244	-9.6843	-58.651	42.679	-84.424	-111.34	26.884	-65.336	-140.6	-1.6567
145.93	-1.3555	20.334	-34.943	2.7978	-14.271	-6.7003	1.3021	-17.241	-9.6803	-58.649	42.683	-84.431	-111.33	26.883	-65.337	-140.6	-1.6723
145.93	-1.3529	20.325	-34.942	2.7995	-14.291	-6.7003	1.3021	-17.241	-9.6872	-58.653	42.688	-84.425	-111.33	26.889	-65.336	-140.63	-1.6516
145.93	-1.3531	20.324	-34.942	2.7986	-14.272	-6.7003	1.3021	-17.241	-9.7005	-58.661	42.666	-84.438	-111.33	26.87	-65.341	-140.6	-1.6563
145.94	-1.3505	20.327	-34.944	2.8028	-14.258	-6.6993	1.3022	-17.242	-9.698	-58.648	42.687	-84.448	-111.32	26.877	-65.366	-140.63	-1.6676
145.93	-1.352	20.326	-34.953	2.8001	-14.279	-6.6993	1.3022	-17.242	-9.7025	-58.651	42.682	-84.457	-111.33	26.86	-65.378	-140.62	-1.6695
145.93	-1.352	20.326	-34.941	2.8053	-14.259	-6.6982	1.3049	-17.251	-9.7109	-58.655	42.676	-84.468	-111.32	26.87	-65.375	-140.62	-1.666
145.93	-1.3539	20.321	-34.955	2.7985	-14.278	-6.6993	1.3022	-17.242	-9.7133	-58.645	42.681	-84.476	-111.31	26.871	-65.385	-140.61	-1.6714
145.93	-1.352	20.326	-34.956	2.7927	-14.291	-6.7003	1.3021	-17.241	-9.7185	-58.651	42.689	-84.489	-111.31	26.856	-65.387	-140.63	-1.6651
145.93	-1.3527	20.324	-34.958	2.7852	-14.303	-6.6979	1.3033	-17.238	-9.7172	-58.649	42.69	-84.49	-111.31	26.865	-65.393	-140.63	-1.6542
145.93	-1.3454	20.325	-34.948	2.7819	-14.276	-6.7033	1.2993	-17.244	-9.7314	-58.645	42.685	-84.492	-111.31	26.865	-65.406	-140.62	-1.672
145.94	-1.3506	20.327	-34.958	2.7843	-14.284	-6.6949	1.3062	-17.235	-9.7362	-58.649	42.692	-84.509	-111.3	26.858	-65.404	-140.64	-1.6742
145.93	-1.3529	20.325	-34.957	2.785	-14.284	-6.6979	1.3033	-17.238	-9.7304	-58.644	42.699	-84.508	-111.31	26.846	-65.404	-140.63	-1.6693
145.93	-1.3529	20.325	-34.957	2.785	-14.284	-6.7033	1.2993	-17.244	-9.7415	-58.653	42.69	-84.509	-111.3	26.846	-65.404	-140.64	-1.6634
145.93	-1.352	20.326	-34.96	2.7768	-14.296	-6.6979	1.3033	-17.238	-9.7404	-58.652	42.69	-84.515	-111.31	26.852	-65.404	-140.62	-1.6702
145.94	-1.3587	20.327	-34.953	2.7711	-14.268	-6.7041	1.2977	-17.23	-9.7422	-58.655	42.702	-84.52	-111.31	26.834	-65.399	-140.63	-1.683
145.94	-1.3478	20.332	-34.951	2.7608	-14.274	-6.703	1.2977	-17.23	-9.7415	-58.653	42.69	-84.518	-111.31	26.838	-65.396	-140.65	-1.6625
145.93	-1.3552	20.323	-34.963	2.7616	-14.282	-6.7102	1.2948	-17.237	-9.7404	-58.652	42.69	-84.516	-111.33	26.843	-65.405	-140.64	-1.6783
145.94	-1.3605	20.323	-34.965	2.7658	-14.268	-6.703	1.2977	-17.23	-9.7424	-58.666	42.682	-84.503	-111.33	26.837	-65.406	-140.63	-1.6756
145.93	-1.3529	20.325	-34.966	2.7591	-14.281	-6.703	1.2977	-17.23	-9.7458	-58.669	42.678	-84.511	-111.34	26.828	-65.396	-140.63	-1.6834
145.93	-1.3556	20.334	-34.956	2.7568	-14.273	-6.703	1.2978	-17.23	-9.7414	-58.666	42.683	-84.504	-111.35	26.84	-65.398	-140.64	-1.6755
145.93	-1.3529	20.325	-34.968	2.7457	-14.286	-6.706	1.2949	-17.233	-9.7414	-58.666	42.683	-84.492	-111.35	26.831	-65.393	-140.63	-1.6851
145.93	-1.3525	20.338	-34.959	2.7476	-14.265	-6.703	1.2978	-17.23	-9.7329	-58.661	42.69	-84.497	-111.34	26.831	-65.385	-140.64	-1.6727
145.93	-1.3547	20.336	-34.968	2.7457	-14.286	-6.703	1.2978	-17.23	-9.7502	-58.673	42.675	-84.505	-111.35	26.825	-65.386	-140.65	-1.6745
145.93	-1.3529	20.325	-34.968	2.7508	-14.273	-6.7033	1.2993	-17.244	-9.7414	-58.666	42.683	-84.502	-111.34	26.828	-65.393	-140.65	-1.6892
145.94	-1.3505	20.327	-34.969	2.75	-14.273	-6.7033	1.2993	-17.244	-9.7482	-58.658	42.684	-84.496	-111.34	26.82	-65.401	-140.63	-1.688
145.93	-1.3528	20.324	-34.968	2.7566	-14.26	-6.7033	1.2993	-17.244	-9.745	-58.656	42.686	-84.502	-111.34	26.817	-65.389	-140.63	-1.6829
145.93	-1.352	20.326	-34.97	2.7492	-14.273	-6.7029	1.312	-17.235	-9.7543	-58.66	42.679	-84.506	-111.33	26.819	-65.398	-140.62	-1.6986
145.94	-1.3498	20.328	-34.971	2.7484	-14.272	-6.7033	1.2993	-17.244	-9.7536	-58.648	42.686	-84.51	-111.33	26.816	-65.398	-140.63	-1.6895
145.94	-1.3506	20.327	-34.968	2.7566	-14.26	-6.6949	1.3062	-17.235	-9.7511	-58.644	42.689	-84.513	-111.32	26.831	-65.398	-140.62	-1.6963
145.93	-1.3529	20.324	-34.968	2.7566	-14.26	-6.7003	1.3021	-17.241	-9.7552	-58.647	42.671	-84.508	-111.33	26.832	-65.396	-140.62	-1.6929
145.93	-1.3529	20.325	-34.969	2.75	-14.273	-6.6979	1.3034	-17.238	-9.7547	-58.648	42.684	-84.519	-111.32	26.815	-65.391	-140.63	-1.6814
145.94	-1.3507	20.327	-34.957	2.7551	-14.253	-6.6992	1.3022	-17.242	-9.7558	-58.649	42.683	-84.517	-111.32	26.818	-65.405	-140.62	-1.6987
145.94	-1.3507	20.327	-34.968	2.7508	-14.273	-6.6979	1.3034	-17.238	-9.7446	-58.64	42.694	-84.502	-111.33	26.822	-65.392	-140.63	-1.6721
145.94	-1.3505	20.327	-34.968	2.7457	-14.286	-6.6952	1.3077	-17.249	-9.7531	-58.646	42.672	-84.503	-111.33	26.833	-65.39	-140.63	-1.6982
145.94	-1.3507	20.327	-34.959	2.7425	-14.278	-6.6899	1.2975	-17.238	-9.7376	-58.648	42.68	-84.502	-111.33	26.822	-65.385	-140.64	-1.6853
145.94	-1.3582	20.325	-34.962	2.7333	-14.27	-6.6869	1.3108	-17.243	-9.7367	-58.648	42.679	-84.492	-111.34	26.823	-65.387	-140.64	-1.6877
145.94	-1.3506	20.327	-34.962	2.7274	-14.283	-6.6956	1.295	-17.257	-9.7414	-58.666	42.683	-84.496	-111.34	26.82	-65.397	-140.63	-1.7147
145.94	-1.351	20.328	-34.958	2.7424	-14.259	-6.655	1.3187	-17.224	-9.7351	-58.663	42.688	-84.498	-111.34	26.828	-65.385	-140.64	-1.686
145.94	-1.3488	20.331	-34.961	2.7392	-14.258	-6.6891	1.2991	-17.251	-9.73	-58.657	42.681	-84.499	-111.34	26.817	-65.393	-140.63	-1.6984
145.94	-1.3505	20.327	-34.963	2.7266	-14.283	-6.6923	1.3067	-17.249	-9.7325	-58.66	42.676	-84.506	-111.35	26.826	-65.397	-140.65	-1.696
145.94	-1.3506	20.327	-34.965	2.7241	-14.263	-6.6923	1.3067	-17.249	-9.7435	-58.667	42.681	-84.508	-111.34	26.81	-65.399	-140.63	-1.7005
145.94	-1.3498	20.328	-34.973	2.7349	-14.278	-6.6941	1.3078	-17.249	-9.7545	-58.661	42.678	-84.513	-111.35	26.81	-65.4	-140.63	-1.6999
145.93	-1.3519	20.326	-34.972	2.7306	-14.291	-6.6995	1.3037	-17.255	-9.7523	-58.66	42.68	-84.522	-111.34	26.817	-65.403	-140.63	-1.7018
145.93	-1.3529	20.324	-34.976	2.7257	-14.27	-6.6949	1.3062	-17.235	-9.759	-58.651	42.682	-84.524	-111.34	26.805	-65.402	-140.64	-1.6941
145.93	-1.3529	20.325	-34.987	2.7272	-14.278	-6.6949	1.3062	-17.235	-9.7745	-58.65	42.675	-84.533	-111.35	26.81	-65.411	-140.63	-1.7056
145.93	-1.3527	20.324	-34.99	2.713	-14.283	-6.6967	1.3072	-17.236	-9.7722	-58.659	42.682	-84.541	-111.34	26.809	-65.402	-140.65	-1.6994
145.93	-1.3529	20.325	-34.99	2.7188	-14.27	-6.6999	1.3149	-17.233	-9.7767	-58.65	42.686	-84.543	-111.34	26.81	-65.41	-140.64	-1.6987
145.94	-1.3505	20.327	-34.989	2.7256	-14.277	-6.7072	1.3119	-17.24	-9.782	-58.667	42.675	-84.548	-111.34	26.795	-65.422	-140.64	-1.715
145.94	-1.3497	20.329	-34.991	2.7172	-14.27	-6.7126	1.3078	-17.246	-9.7856	-58.657	42.678	-84.561	-111.34	26.79	-65.424	-140.64	-1.7065
145.93	-1.3529	20.325	-34.99	2.7188	-14.27	-6.6949	1.3062	-17.235	-9.7869	-58.657	42.69	-84.555	-111.34	26.807	-65.409	-140.65	-1.6903
145.94	-1.3505	20.327	-34.995	2.7021	-14.275	-6.6999	1.3149	-17.233	-9.7802	-58.653	42.682	-84.56	-111.34	26.815	-65.414	-140.66	-1.6935
145.93	-1.3552	20.323	-34.99	2.7188	-14.27	-6.6949	1.3062	-17.235	-9.7809	-58.666	42.676	-84.561	-111.34	26.802	-65.419	-140.64	-1.7026
145.93	-1.3529	20.325	-34.993	2.7096	-14.262	-6.7021	1.3032	-17.242	-9.778	-58.667	42.679	-84.562	-111.35	26.808	-65.426	-140.64	-1.6932
145.94	-1.3574	20.328	-34.995	2.6971	-14.288	-6.6952	1.3077	-17.249	-9.7593	-58.68	42.68	-84.559	-111.35	26.812	-65.427	-140.65	-1.6949
145.94	-1.3506	20.327	-34.998	2.6819	-14.273	-6.6922	1.3105	-17.246	-9.7565	-58.721	42.674	-84.546	-111.35	26.835	-65.429	-140.66	-1.7023
145.94	-1.3606	20.323	-34.989	2.677	-14.245	-6.6914	1.3121	-17.26	-9.7357	-58.775	42.671	-84.535	-111.36	26.875	-65.428	-140.65	-1.6985
145.93	-1.3529	20.324	-34.999	2.6384	-14.248	-6.6836	1.3221	-17.278	-9.7074	-58.853	42.661	-84.524	-111.36	26.912	-65.43	-140.67	-1.6794
145.94	-1.3606	20.323	-35.002	2.5933	-14.203	-6.6396	1.3518	-17.27	-9.6594	-58.941	42.644	-84.512	-111.38	26.964	-65.432	-140.69	-1.6628
145.94	-1.3606	20.323	-34.985	2.5265	-14.181	-6.623	1.3691	-17.299	-9.6057	-59.046	42.635	-84.472	-111.4	27.034	-65.417	-140.73	-1.6312
145.94	-1.3606	20.323	-34.982	2.4556	-14.106	-6.591	1.3978	-17.326	-9.5371	-59.16	42.614	-84.395	-111.45	27.145	-65.443	-140.69	-1.6326
145.94	-1.3564	20.33	-34.968	2.3422	-14.019	-6.5662	1.4425	-17.393	-9.4295	-59.315	42.603	-84.307	-111.51	27.215	-65.422	-140.72	-1.6262
145.94	-1.3506	20.327	-34.89	2.2102	-13.86	-6.5485	1.5086	-17.442	-9.2732	-59.526	42.643	-84.219	-111.6	27.276	-65.394	-140.76	-1.6386
145.93	-1.3528	20.324	-34.845	2.0446	-13.556	-6.5327	1.6213	-17.497	-9.1262	-59.738	42.618	-84.091	-111.69	27.313	-65.351	-140.79	-1.6454
145.94	-1.3498	20.328	-34.828	1.8992	-13.286	-6.5691	1.7738	-17.537	-8.9481	-59.98	42.632	-83.936	-111.85	27.388	-65.233	-140.84	-1.6919
145.94	-1.3507	20.327	-34.865	1.7143	-12.95	-6.6041	1.9056	-17.576	-8.7389	-60.305	42.629	-83.715	-112.1	27.503	-65.086	-141.01	-1.7916
145.93	-1.3558	20.334	-34.88	1.5132	-12.64	-6.74	2.0339	-17.78	-8.5177	-60.629	42.638	-83.451	-112.36	27.597	-64.924	-141.22	-1.9232
145.93	-1.3528	20.324	-34.988	1.3457	-12.228	-6.8772	2.1726	-17.972	-8.2208	-60.99	42.67	-83.09	-112.68	27.696	-64.906	-141.16	-2.071
145.94	-1.3506	20.328	-35.103	1.1912	-11.466	-7.0548	2.5466	-17.717	-7.8641	-61.435	42.742	-82.747	-113.03	27.914	-64.559	-141.59	-2.1355
145.93	-1.3533	20.337	-35.098	1.0064	-10.664	-7.1565	2.8923	-17.234	-7.44	-62.001	42.858	-82.297	-113.43	27.95	-64.277	-141.76	-2.3112
145.93	-1.3529	20.325	-34.939	0.84513	-9.4739	-6.994	3.1011	-16.472	-6.9118	-62.693	43.032	-81.806	-113.89	28.129	-64.244	-141.74	-2.482
145.94	-1.351	20.33	-34.616	0.63079	-8.2891	-6.7018	3.1176	-15.52	-6.3454	-63.506	43.241	-81.299	-114.41	28.274	-63.784	-142.26	-2.6781
145.94	-1.3614	20.339	-34.471	2.1818	-2.1859	-6.1362	3.01	-14.343	-5.639	-64.495	43.632	-80.733	-114.94	28.499	-63.553	-142.38	-2.7418
145.95	-1.356	20.33	-33.711	1.6677	-1.1425	-5.3709	2.821	-13.024	-4.9079	-65.579	44.009	-80.142	-115.52	28.758	-63.256	-142.57	-3.0416
145.95	-1.3685	20.325	-32.774	1.1598	0.059824	-4.411	2.4889	-11.674	-4.1258	-66.771	44.425	-79.519	-116.1	29.006	-62.771	-143.12	-3.0803
145.95	-1.3684	20.325	-31.477	0.59004	1.276	-3.2639	2.0652	-10.293	-3.1785	-68.011	44.945	-78.833	-116.7	29.254	-62.514	-143.19	-3.1821
145.96	-1.3709	20.332	-30.181	-0.068227	2.4428	-1.8478	1.5798	-8.8368	-2.1822	-69.328	45.327	-78.081	-117.36	29.558	-61.977	-143.63	-3.1989
145.96	-1.3743	20.327	-28.867	-0.73227	3.7245	-0.26347	1.1294	-7.3879	-1.0669	-70.665	45.794	-77.207	-118.07	29.946	-61.268	-144.33	-3.2628
145.96	-1.3763	20.326	-27.596	-1.3759	5.0907	1.4428	0.59143	-6.113	0.16591	-71.957	46.09	-76.199	-118.82	30.306	-60.769	-144.52	-3.4812
145.96	-1.3762	20.342	-26.342	-1.9619	6.5086	3.508	0.07075	-4.7642	1.4677	-73.259	46.451	-75.106	-119.57	30.67	-60.023	-145	-3.4505
145.97	-1.3812	20.329	-25.149	-2.5368	7.918	6.0466	-0.47901	-3.472	2.8931	-74.557	46.805	-73.911	-120.32	31.144	-59.217	-145.47	-3.2881
145.96	-1.3736	20.332	-24.132	-3.1054	9.2403	9.3007	-1.1615	-2.326	4.3627	-75.753	47.167	-72.701	-120.95	31.596	-58.372	-145.95	-2.7368
145.96	-1.3771	20.34	-23.089	-3.7286	10.397	13.135	-1.9105	-1.3028	5.8623	-76.857	47.604	-71.455	-121.52	32.053	-57.247	-146.45	-2.3338
145.95	-1.3793	20.335	-21.502	-4.658	10.331	17.186	-2.7257	-0.20398	7.4153	-77.929	48.08	-70.082	-122.18	32.535	-55.91	-147.11	-2.0154
145.95	-1.3835	20.329	-20.132	-5.4313	11.165	21.298	-3.715	0.87638	9.0495	-79.014	48.59	-68.559	-122.91	33.011	-54.535	-147.88	-1.7933
145.94	-1.3749	20.333	-18.447	-6.2463	11.891	25.338	-4.8892	1.9064	10.817	-80.173	49.072	-66.942	-123.67	33.486	-53.188	-148.59	-1.3928
145.94	-1.3738	20.333	-16.506	-7.1252	12.623	29.138	-6.2084	2.8361	12.664	-81.378	49.614	-65.238	-124.34	33.986	-51.769	-149.26	-0.94521
145.94	-1.3782	20.339	-14.287	-8.0792	13.357	33.821	-7.0764	4.7683	14.915	-82.369	50.614	-63.482	-125	34.531	-50.252	-149.97	-0.58338
145.94	-1.3782	20.339	-11.844	-9.0712	14.126	37.526	-8.6233	5.7225	16.976	-83.726	51.212	-61.697	-125.69	35.065	-48.493	-150.6	-0.3496
145.94	-1.3687	20.344	-9.2688	-10.019	14.912	41.271	-10.133	6.7843	19.089	-85.134	51.792	-59.81	-126.42	35.653	-46.779	-151.27	0.061256
145.93	-1.3706	20.34	-6.6255	-10.982	15.86	45.102	-11.748	7.962	21.241	-86.597	52.361	-57.827	-127.15	36.259	-45.003	-152.14	0.52181
145.93	-1.3678	20.33	-3.9067	-11.924	16.772	49.031	-13.393	9.171	23.451	-88.019	52.956	-55.78	-127.84	36.9	-43.25	-152.75	1.057
145.94	-1.3715	20.336	-1.144	-12.852	17.778	53.076	-15.008	10.444	25.761	-89.487	53.583	-53.718	-128.42	37.577	-41.343	-153.23	1.727
145.94	-1.3714	20.335	1.6225	-13.739	18.807	57.018	-16.636	11.616	28.079	-90.895	54.146	-51.63	-128.96	38.279	-39.715	-153.37	2.3695
145.95	-1.371	20.334	4.4646	-14.628	19.697	60.819	-18.313	12.687	30.533	-92.203	54.748	-49.514	-129.44	39.045	-37.737	-153.82	3.1823
145.95	-1.3692	20.339	7.319	-15.454	20.7	64.582	-19.856	13.709	32.979	-93.442	55.303	-47.329	-129.92	39.767	-35.776	-154.29	3.9444
145.95	-1.3693	20.339	10.223	-16.254	21.454	68.375	-21.246	14.747	35.473	-94.586	55.877	-45.041	-130.35	40.471	-33.726	-154.72	4.7542
145.95	-1.3692	20.339	13.167	-17.02	22.172	72.078	-22.592	15.709	37.992	-95.627	56.465	-42.713	-130.79	41.227	-31.71	-155.18	5.4866
145.95	-1.3666	20.329	16.15	-17.708	22.874	75.792	-23.909	16.59	40.56	-96.584	57.039	-40.305	-131.13	41.966	-29.442	-155.44	6.4076
145.95	-1.3692	20.339	19.168	-18.382	23.408	79.49	-25.24	17.395	43.172	-97.439	57.508	-37.9	-131.4	42.653	-27.028	-155.89	7.1058
145.96	-1.377	20.337	22.241	-18.993	23.784	83.382	-26.402	18.108	45.763	-98.215	58.123	-35.425	-131.58	43.322	-24.886	-156.06	7.7933
145.95	-1.3815	20.333	25.325	-19.562	24.071	87.257	-27.596	18.81	48.44	-98.862	58.556	-32.939	-131.73	43.974	-22.606	-156.31	8.5754
145.95	-1.3834	20.329	28.484	-20.069	24.229	91.242	-28.87	19.43	51.106	-99.422	58.958	-30.403	-131.81	44.572	-20.12	-156.59	9.3291
145.94	-1.3759	20.33	31.654	-20.542	24.276	95.315	-30.063	19.977	53.849	-99.882	59.397	-27.794	-131.82	45.116	-17.426	-157.09	9.97
145.93	-1.3793	20.327	34.85	-20.962	24.264	99.405	-31.191	20.372	56.617	-100.27	59.754	-25.142	-131.82	45.646	-15.041	-156.98	10.542
145.94	-1.38	20.34	38.096	-21.357	24.046	103.6	-32.265	20.81	59.45	-100.6	60.052	-22.422	-131.74	46.131	-12.389	-157.12	11.204
145.93	-1.3729	20.339	41.344	-21.72	23.824	107.75	-33.35	21.073	62.33	-100.84	60.293	-19.647	-131.62	46.59	-9.6064	-157.31	11.944
145.93	-1.372	20.341	44.68	-22.039	23.491	111.85	-34.391	21.249	65.274	-101.05	60.426	-16.818	-131.5	47.008	-7.1024	-157.24	12.407
145.93	-1.3741	20.338	48.007	-22.294	23.161	115.96	-35.261	21.338	68.28	-101.24	60.492	-13.894	-131.32	47.407	-4.1645	-157.58	12.8
145.93	-1.3718	20.339	51.311	-22.544	22.654	120.04	-36.064	21.351	71.373	-101.38	60.462	-10.931	-131.15	47.659	-1.5021	-157.25	13.136
145.92	-1.3629	20.342	54.674	-22.716	22.225	123.98	-36.825	21.171	74.532	-101.51	60.339	-7.8885	-130.98	48.015	1.2549	-157.13	13.521
145.93	-1.3697	20.342	57.982	-22.867	21.717	127.99	-37.551	20.953	77.737	-101.62	60.139	-4.8266	-130.78	48.215	4.0956	-157.02	13.829
145.94	-1.3646	20.335	61.186	-22.925	21.173	131.84	-38.283	20.532	80.983	-101.66	59.831	-1.6989	-130.58	48.463	7.0034	-157.05	14.151
145.94	-1.3637	20.335	64.403	-22.928	20.676	135.69	-38.836	20.016	84.25	-101.65	59.418	1.3947	-130.35	48.622	9.8327	-156.7	14.358
145.94	-1.3613	20.339	67.494	-22.874	20.018	139.47	-39.294	19.394	87.532	-101.54	58.989	4.5194	-130.07	48.764	12.567	-156.49	14.456
145.94	-1.3602	20.34	70.471	-22.721	19.394	143.21	-39.683	18.675	90.763	-101.31	58.485	7.6211	-129.78	48.86	15.651	-156.6	14.624
145.95	-1.3665	20.341	73.366	-22.478	18.685	146.85	-39.961	17.871	93.916	-100.99	57.888	10.717	-129.44	48.915	18.483	-156.3	14.692
145.87	-1.384	20.348	76.058	-22.204	17.803	150.31	-40.057	17.036	97.049	-100.52	57.307	13.747	-129.06	48.923	21.173	-155.83	14.708
145.3	-1.8891	19.569	78.658	-21.853	16.868	153.65	-39.985	16.161	100.08	-99.938	56.681	17.189	-128.37	49.217	24.54	-155.27	15.211
145.31	-1.8929	19.56	81.081	-21.462	15.795	156.9	-39.762	15.358	103.03	-99.213	56.123	20.124	-127.88	49.157	27.132	-154.79	15.088
145.31	-1.8929	19.56	83.403	-21.004	14.681	159.9	-39.264	14.444	105.9	-98.392	55.533	22.97	-127.37	49.031	30.159	-154.76	15.261
145.31	-1.8929	19.56	85.645	-20.498	13.52	162.77	-38.664	13.603	108.67	-97.501	54.919	25.275	-127.09	48.531	32.046	-154.28	14.846
145.29	-1.9036	19.545	87.791	-19.979	12.299	165.49	-37.983	12.746	111.35	-96.461	54.311	27.988	-126.46	48.34	34.63	-153.87	14.736
145.31	-1.9034	19.555	89.895	-19.412	11.12	168.05	-37.143	11.84	113.9	-95.412	53.688	30.577	-125.8	48.072	37.172	-153.36	14.621
145.29	-1.9036	19.545	91.951	-18.825	9.8964	170.46	-36.303	10.885	116.44	-94.296	53.136	33.065	-125.07	47.813	39.73	-153.03	14.648
145.28	-1.9102	19.548	93.995	-18.184	8.7733	172.71	-35.38	9.9313	118.81	-93.245	52.466	35.497	-124.3	47.542	42.069	-152.45	14.469
145.29	-1.8984	19.559	96.019	-17.57	7.5581	174.97	-34.316	9.0817	121.15	-92.141	51.851	37.801	-123.51	47.191	44.392	-151.74	14.344
145.28	-1.8997	19.554	97.994	-16.906	6.4822	176.99	-33.384	8.1477	123.38	-91.071	51.28	40.045	-122.66	46.828	46.549	-151.02	14.109
145.94	-1.3759	20.33	100.36	-16.561	4.9626	178.86	-32.521	7.2081	125.6	-89.997	50.781	42.221	-121.8	46.458	48.784	-150.51	13.947
145.94	-1.3746	20.331	102.29	-15.858	3.9063	180.47	-31.559	6.1083	127.68	-88.984	50.212	44.316	-120.95	46.096	50.778	-149.61	13.718
145.93	-1.3679	20.331	104.1	-15.175	3.1189	182.16	-30.472	5.3058	129.71	-87.944	49.659	46.364	-120.11	45.766	52.793	-148.86	13.404
145.93	-1.3693	20.33	105.85	-14.383	2.1539	183.71	-29.295	4.5274	131.67	-86.864	49.109	48.367	-119.27	45.443	54.841	-148.22	13.076
145.93	-1.3719	20.339	107.48	-13.615	1.5216	185.1	-27.976	3.7047	133.59	-85.824	48.64	50.326	-118.49	45.148	56.659	-147.37	12.803
145.93	-1.3581	20.333	109.03	-12.769	0.90838	186.33	-26.513	2.9581	135.47	-84.768	48.106	52.261	-117.75	44.864	58.523	-146.6	12.493
145.93	-1.3602	20.332	110.54	-11.869	0.22258	187.41	-25.004	2.213	137.3	-83.678	47.607	54.172	-117	44.621	60.363	-145.77	12.205
145.93	-1.3596	20.345	111.96	-11.034	-0.18106	188.34	-23.405	1.4872	139.15	-82.626	47.144	56.032	-116.29	44.384	62.13	-145.03	11.883
145.93	-1.3543	20.326	113.34	-10.175	-0.47404	189.04	-21.715	0.70011	140.86	-81.559	46.697	57.857	-115.54	44.137	63.887	-144.42	11.785
145.93	-1.3569	20.335	114.63	-9.3064	-0.78226	189.62	-20.033	-0.083451	142.6	-80.499	46.295	59.628	-114.82	43.979	65.46	-143.42	11.455
145.93	-1.3678	20.33	115.81	-8.3867	-0.91861	189.97	-18.431	-0.97432	144.24	-79.435	45.937	61.31	-114.12	43.813	67.159	-142.78	11.25
145.94	-1.3637	20.336	116.95	-7.3955	-0.80132	190.28	-16.749	-1.7168	145.83	-78.371	45.691	62.92	-113.39	43.706	68.57	-141.87	11.035
145.94	-1.3736	20.333	117.87	-6.2508	-0.72064	190.41	-15.184	-2.4708	147.31	-77.335	45.447	64.408	-112.65	43.603	70.084	-141.08	10.82
145.95	-1.3725	20.335	119.04	-5.2805	-0.81998	190.45	-13.564	-3.0339	148.72	-76.291	45.302	65.804	-111.91	43.545	71.433	-140.25	10.752
145.95	-1.3694	20.34	120.26	-4.3125	-1.1918	190.32	-11.95	-3.5392	149.98	-75.282	45.315	67.097	-111.15	43.469	72.636	-139.43	10.802
145.95	-1.3665	20.329	121.52	-3.3601	-1.5763	NaN	NaN	NaN	151.19	-74.249	45.328	68.297	-110.39	43.406	74.018	-138.78	10.553
145.95	-1.3779	20.337	122.93	-2.5875	-2.0468	NaN	NaN	NaN	152.27	-73.243	45.44	69.413	-109.64	43.375	75.207	-138.05	10.571
145.96	-1.3768	20.337	124.23	-1.9588	-2.1989	NaN	NaN	NaN	153.28	-72.237	45.646	70.467	-108.89	43.324	76.351	-137.34	10.729
145.95	-1.3792	20.336	125.59	-1.4567	-2.3406	NaN	NaN	NaN	154.26	-71.216	45.935	71.467	-108.13	43.31	77.544	-136.73	10.699
145.95	-1.3793	20.336	126.95	-0.97607	-2.6481	NaN	NaN	NaN	155.16	-70.129	46.186	72.411	-107.39	43.268	78.604	-135.91	10.628
145.96	-1.3743	20.327	128.22	-0.53979	-3.0658	NaN	NaN	NaN	156.04	-69.051	46.457	73.312	-106.63	43.249	79.714	-135.4	10.776
146.28	-1.1272	20.373	129.04	-0.030074	-3.2572	NaN	NaN	NaN	156.85	-67.942	46.747	74.181	-105.9	43.22	80.697	-134.69	10.92
147.36	-0.32345	20.392	129.99	0.66827	-3.374	NaN	NaN	NaN	157.6	-66.834	46.943	75.041	-105.18	43.248	81.744	-134.08	10.796
148.81	0.46952	20.328	131	1.2384	-3.6251	NaN	NaN	NaN	158.33	-65.703	47.139	75.89	-104.58	43.256	82.782	-133.59	11.1
150.22	1.152	20.439	131.81	1.6564	-3.735	NaN	NaN	NaN	158.82	-64.92	46.865	76.778	-104.01	43.309	83.76	-133.1	11.177
151.38	1.8493	20.438	132.31	1.8316	-4.7586	NaN	NaN	NaN	159.59	-63.82	47.048	77.633	-103.5	43.381	84.901	-132.78	11.344
151.87	2.6488	20.615	132.46	2.5759	-4.7177	NaN	NaN	NaN	160.3	-62.819	47.242	78.504	-103.01	43.49	85.642	-132.06	11.377
151.76	3.6257	20.552	132.55	3.4932	-4.7656	NaN	NaN	NaN	160.94	-61.982	47.378	79.375	-102.54	43.58	86.587	-131.48	11.537
151.16	4.1197	19.98	132.75	4.3517	-4.9112	NaN	NaN	NaN	161.64	-61.049	47.478	80.264	-102.14	43.735	87.611	-131.21	11.727
151.12	4.8132	19.91	132.93	5.1061	-4.7408	NaN	NaN	NaN	162.35	-60.186	47.562	81.146	-101.79	43.884	88.554	-130.79	11.943
151.32	5.3923	19.929	133.33	5.708	-4.8904	NaN	NaN	NaN	163.08	-59.363	47.67	82.047	-101.48	44.012	89.387	-130.32	12.167
151.68	5.9897	19.88	133.71	6.3303	-4.8938	NaN	NaN	NaN	163.82	-58.579	47.766	82.937	-101.07	44.15	90.384	-129.91	12.119
152.6	7.0162	20.428	134.59	7.3839	-3.9814	NaN	NaN	NaN	164.59	-57.876	47.863	83.806	-100.68	44.228	91.393	-129.72	12.418
152.98	7.4189	19.976	134.67	7.6071	-4.455	NaN	NaN	NaN	165.35	-57.254	47.981	84.712	-100.37	44.327	92.296	-129.27	12.37
154.19	8.376	20.571	135.9	8.702	-3.6773	NaN	NaN	NaN	166.43	-56.39	48.563	85.676	-100.11	44.448	93.282	-129.02	12.743
155.2	8.9665	20.724	136.63	9.2781	-3.3281	NaN	NaN	NaN	167.28	-55.832	48.765	86.701	-99.911	44.504	94.36	-128.72	12.645
156.11	9.4553	20.872	137.44	9.7735	-2.983	176.68	12.222	-10.139	168.13	-55.325	48.978	87.732	-99.712	44.601	95.561	-128.65	12.766
157.03	9.8893	21.158	138.36	10.234	-2.8414	177.32	12.763	-9.2558	168.82	-55.195	48.811	88.778	-99.461	44.718	96.64	-128.42	12.924
158.02	10.263	21.373	139.55	10.663	-2.795	178.37	13.171	-8.912	169.86	-54.836	49.119	89.861	-99.239	44.818	97.825	-128.28	13.122
159.14	10.573	21.712	140.76	10.999	-2.3445	179.54	13.449	-8.5853	171.02	-54.579	49.467	91.023	-99.066	44.968	99.09	-128.09	13.305
160.47	10.782	22.045	142.17	11.262	-2.1105	180.93	13.672	-8.2245	172.27	-54.411	49.759	92.28	-98.943	45.102	100.18	-127.8	13.4
162.06	10.952	22.37	143.81	11.458	-1.8205	181.85	13.464	-8.5601	173.67	-54.304	50.109	93.66	-98.791	45.27	101.74	-127.8	13.659
163.9	11.014	22.766	145.6	11.584	-1.2469	184.29	13.847	-7.499	175.2	-54.279	50.454	95.117	-98.662	45.429	103.14	-127.68	13.837
165.85	10.964	23.111	147.66	11.626	-1.0627	186.29	13.837	-7.0237	176.86	-54.365	50.843	96.658	-98.579	45.617	104.68	-127.62	13.878
168.06	10.896	23.599	149.88	11.621	-0.59092	188.47	13.703	-6.5655	178.7	-54.552	51.248	98.326	-98.481	45.848	106.31	-127.45	14.156
170.37	10.706	24.05	152.28	11.543	-0.28332	190.86	13.493	-6.0561	180.64	-54.796	51.688	100.08	-98.408	46.071	108.02	-127.45	14.362
172.83	10.47	24.589	154.81	11.445	0.48013	192.64	12.854	-6.2147	182.7	-55.124	52.126	101.96	-98.371	46.291	109.76	-127.39	14.562
175.47	10.158	25.172	157.5	11.234	0.87322	195.97	12.908	-4.8836	184.86	-55.607	52.519	103.92	-98.344	46.551	111.7	-127.29	14.878
178.2	9.7565	25.786	160.35	10.997	1.4963	198.79	12.548	-4.1427	187.13	-56.058	53.007	105.96	-98.34	46.845	113.61	-127.29	15.125
181.05	9.3472	26.46	163.25	10.718	2.1365	201.71	12.11	-3.5183	189.49	-56.56	53.564	108.06	-98.355	47.14	115.39	-127.11	15.24
183.96	8.8618	27.101	166.27	10.446	2.9299	204.07	11.291	-3.4611	191.9	-57.129	54.056	110.24	-98.357	47.474	117.61	-127.17	15.625
186.95	8.3988	27.858	169.37	10.113	3.4846	207.75	11.119	-1.962	194.36	-57.735	54.569	112.45	-98.367	47.817	119.63	-127.19	15.88
190.01	7.8273	28.601	172.55	9.8109	4.3088	210.89	10.583	-1.1878	196.86	-58.382	55.125	114.71	-98.368	48.177	121.74	-127.12	16.205
193.14	7.3738	29.413	175.85	9.5293	4.9807	214.07	10.059	-0.37175	199.45	-59.012	55.755	117	-98.361	48.521	123.87	-127.16	16.525
196.17	6.803	30.115	179.19	9.3301	6.1336	217.29	9.4842	0.41659	202.02	-59.675	56.279	119.31	-98.347	48.868	126.11	-127.05	16.808
199.36	6.3121	30.86	182.49	9.0226	6.7912	219.86	8.49	0.34929	204.65	-60.288	56.868	121.66	-98.295	49.204	128.16	-126.84	16.985
202.54	5.7762	31.45	185.82	8.6653	7.3296	223.8	8.3239	1.8531	207.22	-60.878	57.343	124.01	-98.227	49.493	130.42	-126.88	17.295
205.73	5.2796	32.085	189.08	8.2688	7.9051	226.46	7.3599	1.7802	209.83	-61.42	57.874	126.39	-98.14	49.792	132.69	-126.76	17.616
208.92	4.7789	32.56	192.32	7.8374	8.2818	230.39	7.116	3.0137	212.44	-61.961	58.322	128.76	-98.034	50.065	134.88	-126.68	17.852
212.08	4.2907	33.006	195.51	7.3884	8.65	233.01	6.1266	2.7592	215.04	-62.482	58.74	131.13	-97.896	50.328	137.11	-126.47	18.046
215.23	3.8114	33.336	198.23	6.4555	8.026	236.93	5.9013	3.8628	217.68	-62.964	59.115	133.52	-97.725	50.517	139.48	-126.51	18.342
218.33	3.3213	33.664	201.45	6.0846	8.344	239.51	4.9144	3.5663	220.26	-63.444	59.435	135.88	-97.571	50.714	141.65	-126.37	18.51
221.47	2.8544	33.899	204.67	5.6714	8.3718	243.38	4.6747	4.5404	222.84	-63.912	59.7	138.26	-97.388	50.845	143.88	-126.15	18.614
224.58	2.4138	34.119	207.84	5.2219	8.5629	245.93	3.6792	4.0326	225.39	-64.374	59.926	140.61	-97.222	50.959	146.18	-126.18	18.818
227.65	1.9518	34.37	210.96	4.8581	8.8349	249.04	3.0523	4.2625	227.94	-64.818	60.128	142.94	-97.026	51.032	148.33	-126	18.935
230.64	1.4466	34.526	214.08	4.5293	8.7518	252.81	2.8726	5.2806	230.48	-65.284	60.28	145.27	-96.863	51.109	150.41	-125.88	18.959
233.63	0.97438	34.661	217.14	4.1109	9.0024	255.14	1.8772	4.5264	232.96	-65.754	60.367	147.55	-96.666	51.11	152.64	-125.73	19.009
236.58	0.51584	34.775	220.11	3.7354	9.1721	258.2	1.3562	4.7957	235.4	-66.197	60.433	149.82	-96.5	51.144	154.64	-125.62	18.97
239.47	0.051518	34.882	223.06	3.3975	9.2166	261.06	0.78984	4.8581	237.79	-66.651	60.428	152.02	-96.306	51.099	156.75	-125.47	18.871
242.31	-0.41658	34.927	225.92	3.054	9.2114	263.98	0.30631	4.962	240.08	-67.077	60.425	154.18	-96.122	51.047	158.79	-125.21	18.84
245.06	-0.83298	34.898	228.71	2.7201	9.1577	266.77	-0.24881	4.9009	242.38	-67.411	60.398	156.3	-95.915	50.958	160.72	-125.09	18.903
247.75	-1.2101	34.864	231.46	2.4221	9.1004	270.07	-0.41422	5.5507	244.63	-67.742	60.412	158.38	-95.694	50.851	162.62	-124.87	18.634
250.29	-1.5923	34.825	234.11	2.057	9.0133	272.24	-1.1504	4.9836	246.7	-68.032	60.307	160.38	-95.456	50.747	164.47	-124.71	18.62
252.84	-1.9031	34.756	236.68	1.7717	8.9876	275.37	-1.264	5.5808	248.81	-68.268	60.292	162.33	-95.209	50.587	166.36	-124.58	18.421
255.24	-2.1687	34.592	239.18	1.4448	8.8122	277.34	-2.0023	4.7782	250.77	-68.477	60.204	164.2	-94.919	50.391	168.12	-124.37	18.302
257.56	-2.4552	34.334	241.56	1.2438	8.488	280.33	-2.0729	5.3577	252.66	-68.64	60.086	166.03	-94.635	50.189	169.92	-124.21	18.115
259.78	-2.7067	34.083	243.91	0.9364	8.2428	282.16	-2.7104	4.6086	254.54	-68.731	60.037	167.8	-94.302	49.958	171.51	-123.84	18.031
261.93	-2.9295	33.867	246.15	0.76354	7.8021	284.38	-3.0527	4.3949	256.3	-68.837	59.873	169.5	-93.969	49.71	173.21	-123.71	17.872
264.01	-3.099	33.611	248.28	0.60934	7.4738	286.57	-3.3397	4.2272	258	-68.94	59.658	171.15	-93.621	49.444	174.73	-123.54	17.491
266.02	-3.2114	33.318	250.3	0.55658	7.1659	289.13	-3.3243	4.5607	259.65	-68.994	59.441	172.73	-93.309	49.175	176.28	-123.26	17.41
267.89	-3.3855	32.955	252.25	0.29016	6.9648	291.06	-3.4966	4.2873	261.27	-69.02	59.171	174.26	-92.976	48.881	177.65	-123.05	17.046
269.7	-3.4672	32.693	254.07	0.39289	6.6301	292.35	-3.9736	3.352	262.85	-69.041	58.891	175.75	-92.657	48.595	179.13	-122.73	16.815
271.45	-3.4987	32.317	255.83	0.29533	6.1355	294.63	-3.7658	3.6175	264.3	-69.019	58.553	177.17	-92.341	48.273	180.39	-122.5	16.592
273.08	-3.4893	31.938	257.45	0.34845	5.8483	296.27	-3.7748	3.2829	265.79	-68.962	58.199	178.54	-92.022	47.951	181.77	-122.23	16.226
274.64	-3.4908	31.528	258.97	0.35353	5.4396	297.75	-3.8459	2.768	267.11	-68.892	57.749	179.87	-91.701	47.6	182.97	-121.89	15.937
276.09	-3.4075	31.064	260.39	0.50822	4.9275	298.76	-4.0572	1.7203	268.45	-68.738	57.365	181.12	-91.378	47.256	184.1	-121.61	15.623
277.5	-3.2575	30.531	261.75	0.53574	4.4068	300.58	-3.797	1.6906	269.68	-68.548	56.935	182.3	-91.024	46.858	185.15	-121.27	15.364
278.74	-3.1996	29.879	263.03	0.56536	3.7867	301.33	-4.0595	0.46766	270.83	-68.352	56.45	183.39	-90.669	46.44	186.24	-121.01	14.964
279.94	-3.042	29.301	264.22	0.67653	3.0634	303.04	-3.7075	0.44709	271.94	-68.124	55.925	184.44	-90.304	46.051	187.26	-120.73	14.61
281.05	-2.8889	28.522	265.31	0.76965	2.5127	303.68	-3.9146	-0.83538	272.94	-67.868	55.435	185.4	-89.901	45.616	188.13	-120.37	14.276
282.12	-2.6613	27.796	266.32	0.87145	1.6789	304.69	-3.882	-1.6053	273.87	-67.571	54.895	186.29	-89.491	45.151	188.9	-120.22	13.829
283.02	-2.4642	27	267.25	0.94772	0.81671	306.09	-3.5536	-1.8585	274.72	-67.281	54.293	187.1	-89.094	44.657	189.61	-119.78	13.554
283.89	-2.229	26.174	268.05	1.1942	-0.059874	306.5	-3.6699	-3.2691	275.54	-66.895	53.731	187.88	-88.679	44.145	190.52	-119.61	13.135
284.64	-1.9736	25.257	268.78	1.3085	-0.9217	307.7	-3.303	-3.5507	276.24	-66.551	53.065	188.57	-88.289	43.653	191.11	-119.39	12.641
285.32	-1.6321	24.321	269.36	1.5489	-1.8601	307.85	-3.3642	-5.0677	276.93	-66.134	52.366	189.19	-87.894	43.1	191.74	-119.06	12.331
285.84	-1.3331	23.324	269.88	1.6621	-2.7742	308.37	-3.1549	-6.1525	277.52	-65.689	51.639	189.76	-87.518	42.532	192.24	-118.81	11.798
286.27	-0.98603	22.247	270.3	1.9202	-3.9213	309.24	-2.6849	-6.6058	278.05	-65.254	50.827	190.28	-87.117	41.93	192.75	-118.55	11.358
287.08	-0.93868	21.767	270.54	2.1808	-4.6584	309.64	-2.3882	-7.7064	278.52	-64.776	49.983	190.72	-86.764	41.309	193.55	-118.82	11.025
287.36	-0.73304	21.714	270.8	2.6559	-4.8995	310.02	-1.95	-8.449	278.98	-64.411	49.189	191.13	-86.399	40.691	193.62	-118.09	10.313
287.63	-0.067874	21.694	270.95	3.1353	-5.2873	310.53	-1.2818	-8.5486	279.42	-64.237	48.5	191.45	-86.07	40.062	193.89	-117.8	9.8023
287.85	0.31773	21.733	271.13	3.4196	-5.5711	310.82	-0.79191	-8.9582	279.74	-64.128	47.796	191.74	-85.845	39.49	194.14	-117.6	9.2091
288.08	0.62465	21.721	271.29	3.7877	-5.8963	NaN	NaN	NaN	280.05	-63.993	47.137	192.01	-85.738	38.987	194.39	-117.42	8.5527
288.35	0.74997	21.729	271.4	4.1477	-6.194	311.45	-0.4184	-10.002	280.29	-63.845	46.609	192.28	-85.643	38.503	194.59	-117.22	8.0147
288.46	0.89037	21.752	271.47	4.3017	-6.2945	NaN	NaN	NaN	280.4	-63.67	46.263	192.45	-85.433	38.069	194.66	-116.97	7.6117
288.44	1.0124	21.762	271.49	4.4346	-6.6118	NaN	NaN	NaN	280.35	-63.501	46.137	192.48	-85.152	37.761	194.77	-116.91	7.4058
288.51	1.0981	21.765	271.5	4.5514	-6.7254	311.94	-0.36269	-10.867	280.22	-63.301	46.074	192.39	-84.86	37.484	194.8	-116.77	7.2599
288.55	1.1459	21.758	271.49	4.7005	-7.0323	NaN	NaN	NaN	280.11	-63.106	46.134	192.25	-84.597	37.316	194.78	-116.61	7.1962
288.59	1.1908	21.742	271.49	4.7614	-7.1771	NaN	NaN	NaN	280.02	-62.917	46.221	192.11	-84.428	37.205	194.74	-116.5	7.1977
288.6	1.2178	21.725	271.42	4.9095	-7.2669	NaN	NaN	NaN	279.93	-62.741	46.296	192.04	-84.294	37.103	194.64	-116.46	7.2028
288.6	1.2349	21.723	271.37	4.9694	-7.3846	NaN	NaN	NaN	279.83	-62.593	46.302	191.98	-84.19	37.019	194.58	-116.38	7.2096
288.6	1.2531	21.728	271.32	5.0028	-7.6381	NaN	NaN	NaN	279.75	-62.479	46.293	191.9	-84.082	36.963	194.5	-116.37	7.135
288.59	1.2657	21.721	271.28	4.9889	-8.0253	NaN	NaN	NaN	279.67	-62.38	46.259	191.79	-83.952	36.897	194.43	-116.29	7.1505
288.67	1.309	21.759	271.03	4.7794	-8.6587	NaN	NaN	NaN	279.56	-62.284	46.164	191.69	-83.822	36.814	194.38	-116.3	7.1828
288.66	1.3149	21.756	270.97	4.6817	-9.6483	NaN	NaN	NaN	279.46	-62.166	46.119	191.59	-83.713	36.736	194.27	-116.26	7.1964
288.66	1.312	21.765	270.82	4.5298	-10.346	312.42	-0.41493	-11.684	279.33	-62.005	46.022	191.5	-83.601	36.643	194.2	-116.24	7.2062
288.65	1.3069	21.757	270.68	4.4086	-11.001	312.49	-0.5216	-11.929	279.21	-61.795	45.905	191.4	-83.447	36.517	194.12	-116.2	7.214
288.62	1.307	21.767	270.63	4.3468	-11.535	312.55	-0.71764	-12.397	279.04	-61.639	45.701	191.27	-83.272	36.366	194.05	-116.17	7.22
288.61	1.3255	21.771	270.45	4.3591	-11.957	312.67	-0.96352	-13.041	278.93	-61.395	45.527	191.13	-83.129	36.245	193.94	-116.17	7.1796
288.51	1.3375	21.768	270.23	4.3062	-12.653	312.71	-1.1691	-13.671	278.84	-61.113	45.284	190.97	-83.068	36.136	193.8	-116.18	7.1968
288.47	1.3603	21.768	270.07	4.2956	-12.616	312.78	-1.2612	-14.069	278.69	-60.858	45.024	190.83	-82.999	36.017	193.66	-116.17	7.2164
288.45	1.3706	21.773	269.99	4.3206	-12.68	312.86	-1.4428	-14.352	278.55	-60.739	44.879	190.7	-82.843	35.852	193.51	-116.25	7.2391
288.42	1.3807	21.757	269.86	4.4304	-12.917	312.9	-1.6395	-14.526	278.41	-60.7	44.827	190.55	-82.738	35.794	193.39	-116.3	7.3058
288.41	1.3987	21.761	269.77	4.3367	-12.817	312.93	-1.7949	-14.579	278.24	-60.667	44.872	190.35	-82.744	35.831	193.28	-116.37	7.3568
288.4	1.405	21.76	269.75	4.1951	-12.713	312.99	-1.9737	-14.625	278.07	-60.637	44.907	190.17	-82.75	35.913	193.12	-116.37	7.4673
288.4	1.4025	21.77	269.66	4.1292	-12.688	313.07	-2.2434	-14.691	277.9	-60.606	44.944	190.02	-82.718	35.972	192.98	-116.45	7.6992
288.4	1.3935	21.766	269.47	4.0715	-12.61	313.19	-2.5663	-14.878	277.74	-60.557	44.967	189.86	-82.669	36.048	192.78	-116.49	7.8104
288.4	1.4041	21.759	269.26	4.1277	-12.844	313.37	-2.937	-15.041	277.64	-60.45	44.984	189.68	-82.628	36.12	192.43	-116.43	7.9684
288.41	1.3988	21.763	269.05	4.0346	-12.787	313.53	-3.0633	-14.984	277.53	-60.382	44.982	189.5	-82.607	36.243	192.29	-116.52	8.1662
288.4	1.3962	21.758	268.75	3.9768	-12.721	313.82	-3.3176	-14.735	277.35	-60.387	45.067	189.28	-82.587	36.382	192.11	-116.55	8.3538
288.42	1.3939	21.766	268.42	3.9114	-12.52	314.32	-3.7135	-14.509	277.15	-60.428	45.083	189.08	-82.564	36.448	191.96	-116.6	8.5064
288.42	1.3938	21.766	268.07	3.9574	-12.693	314.9	-4.2663	-14.373	276.94	-60.491	45.052	188.89	-82.576	36.535	191.81	-116.69	8.7533
288.42	1.3961	21.769	267.61	3.9066	-12.53	315.56	-4.8816	-14.286	276.73	-60.546	45.114	188.65	-82.599	36.659	191.51	-116.74	8.8652
288.42	1.3982	21.773	267.06	4.0115	-12.661	316.3	-5.5355	-14.031	276.54	-60.597	45.168	188.38	-82.625	36.831	191.18	-116.8	9.0095
288.42	1.3995	21.774	266.47	3.9284	-12.388	317	-6.1216	-13.702	276.32	-60.68	45.208	188.1	-82.628	36.951	190.85	-116.84	9.2307
288.43	1.4016	21.777	265.77	3.9409	-12.335	317.74	-6.7786	-13.257	276.04	-60.806	45.216	187.78	-82.705	37.146	190.63	-116.98	9.5048
288.43	1.4049	21.766	265.02	3.9853	-12.4	318.54	-7.4226	-12.674	275.71	-60.974	45.283	187.47	-82.83	37.324	190.27	-117.17	9.6803
288.43	1.4153	21.772	264.22	3.8563	-11.995	319.43	-8.1496	-11.998	275.4	-61.121	45.36	187.12	-83.012	37.557	189.86	-117.41	9.8688
288.42	1.4205	21.768	263.42	3.8239	-12.239	320.25	-9.0565	-11.306	275.02	-61.308	45.498	186.76	-83.192	37.784	189.48	-117.52	10.105
288.41	1.4159	21.762	262.51	3.6631	-12.003	321.1	-9.9162	-10.479	274.58	-61.532	45.57	186.31	-83.395	38.062	189	-117.75	10.373
288.42	1.4229	21.771	261.54	3.5476	-11.966	321.82	-10.833	-9.6138	274.15	-61.751	45.764	185.8	-83.629	38.357	188.43	-117.99	10.713
288.41	1.4185	21.764	260.58	3.3004	-11.935	322.39	-11.809	-8.7962	273.56	-62.058	45.872	185.23	-83.903	38.675	187.94	-118.27	11.139
288.41	1.418	21.763	259.64	3.0746	-11.763	322.89	-12.696	-7.8306	273.02	-62.316	46.082	184.62	-84.204	39.01	187.27	-118.58	11.344
288.42	1.4324	21.777	258.67	2.8517	-11.506	323.2	-13.666	-7.0138	272.35	-62.711	46.199	183.94	-84.554	39.3	186.58	-118.83	11.678
288.41	1.4244	21.763	257.62	2.5184	-10.768	323.32	-14.659	-6.2152	271.65	-63.119	46.397	183.19	-84.918	39.609	185.88	-119.27	12.007
288.42	1.4229	21.773	256.59	2.2961	-10.409	323.34	-15.578	-5.322	270.85	-63.593	46.638	182.36	-85.343	39.926	184.96	-119.6	12.208
288.42	1.4105	21.762	255.5	1.9838	-9.9593	323.14	-16.591	-4.5528	269.98	-64.115	46.864	181.46	-85.798	40.266	183.99	-120.03	12.473
288.42	1.4204	21.771	254.32	1.6269	-9.4089	322.9	-17.527	-3.6807	269.02	-64.65	47.092	180.47	-86.304	40.636	183.03	-120.49	12.669
288.42	1.4133	21.77	253.04	1.2587	-8.8583	322.49	-18.544	-2.8076	267.95	-65.218	47.388	179.41	-86.824	40.976	181.96	-120.95	12.983
288.43	1.4153	21.773	251.71	0.94321	-8.2441	321.91	-19.538	-2.0205	266.8	-65.813	47.669	178.24	-87.361	41.388	180.73	-121.25	13.263
288.43	1.4034	21.779	250.25	0.56779	-7.6321	321.14	-20.653	-1.2954	265.53	-66.418	48.041	176.93	-87.901	41.752	179.56	-121.79	13.602
288.44	1.4011	21.773	248.75	0.21593	-7.0455	320.27	-21.629	-0.40493	264.15	-67.052	48.489	175.52	-88.465	42.199	178.22	-122.31	13.975
288.44	1.4003	21.774	247.08	-0.16976	-6.092	319.18	-22.636	0.35772	262.61	-67.731	48.931	173.98	-89.054	42.659	176.68	-122.79	14.264
288.44	1.4017	21.774	245.39	-0.54333	-5.2212	317.94	-23.596	1.1678	261.02	-68.392	49.516	172.33	-89.666	43.151	175.11	-123.27	14.643
288.44	1.4005	21.773	243.58	-0.94637	-4.1933	316.52	-24.496	2.0105	259.25	-69.127	50.074	170.59	-90.292	43.651	173.42	-123.74	15.093
288.44	1.3978	21.769	241.65	-1.2371	-3.3402	314.94	-25.294	2.8948	257.35	-69.851	50.666	168.71	-90.928	44.181	171.59	-124.23	15.484
288.44	1.4002	21.772	239.59	-1.6443	-2.0223	313.13	-26.109	3.7172	255.36	-70.527	51.392	166.69	-91.572	44.794	169.63	-124.67	15.85
288.44	1.3952	21.78	237.4	-1.9285	-0.85734	311.23	-26.811	4.6525	253.2	-71.196	52.108	164.57	-92.194	45.351	167.66	-125.21	16.309
288.43	1.4019	21.766	235.06	-2.2015	0.32197	309.11	-27.418	5.5847	250.91	-71.833	52.868	162.3	-92.85	46.003	165.55	-125.67	16.824
288.43	1.4012	21.765	232.61	-2.4346	1.3343	306.75	-27.974	6.4336	248.5	-72.418	53.685	159.91	-93.469	46.625	163.26	-126.13	17.233
288.42	1.4108	21.766	230.02	-2.7177	2.7195	304.18	-28.419	7.2874	245.88	-73.003	54.463	157.37	-94.076	47.244	160.92	-126.65	17.706
288.42	1.4074	21.773	227.26	-2.9446	4.0263	301.44	-28.684	8.2757	243.19	-73.502	55.291	154.67	-94.686	47.927	158.34	-127.02	18.242
288.42	1.4098	21.775	224.35	-3.0667	5.2937	298.51	-28.901	9.1699	240.31	-73.984	56.18	151.83	-95.251	48.634	155.81	-127.41	18.774
288.41	1.4188	21.767	221.31	-3.2811	6.8196	295.32	-29.031	10.047	237.27	-74.443	57.023	148.84	-95.816	49.343	152.97	-127.8	19.354
288.41	1.4178	21.778	218.09	-3.391	8.3086	291.89	-29.09	10.758	234.07	-74.874	57.832	145.71	-96.402	50.102	150.04	-128.19	19.905
288.4	1.4212	21.76	214.66	-3.4382	9.8408	288.29	-28.868	11.7	230.79	-75.238	58.704	142.46	-97.009	50.805	147.01	-128.6	20.357
288.42	1.4274	21.778	211.44	-3.1181	11.828	284.43	-28.598	12.459	227.5	-75.32	59.925	139.09	-97.612	51.546	143.76	-128.94	20.902
288.42	1.4256	21.776	207.68	-3.0501	13.455	280.4	-28.017	13.424	223.92	-75.549	60.763	135.6	-98.191	52.269	140.55	-129.32	21.519
288.41	1.4183	21.766	203.65	-3.0068	14.957	276.1	-27.389	14.232	220.19	-75.76	61.618	131.97	-98.778	52.957	137.17	-129.67	22.04
288.42	1.4229	21.771	199.47	-2.8573	16.185	271.65	-26.585	15.114	216.28	-75.856	62.46	128.23	-99.376	53.647	133.65	-130.09	22.659
288.42	1.4226	21.774	195.09	-2.639	17.685	266.95	-25.647	15.95	212.3	-75.859	63.266	124.39	-99.949	54.276	130.1	-130.48	23.151
288.42	1.4108	21.766	190.54	-2.4462	19.013	262.13	-24.498	16.844	208.14	-75.782	64.05	120.47	-100.53	54.95	126.46	-130.82	23.652
288.43	1.4154	21.774	185.78	-2.2222	20.303	257.04	-23.295	17.543	203.87	-75.614	64.908	116.44	-101.09	55.568	122.73	-131.15	24.141
288.43	1.4043	21.769	180.88	-2.0096	21.555	251.74	-21.95	18.314	199.52	-75.397	65.672	112.31	-101.65	56.178	118.91	-131.41	24.546
288.43	1.405	21.772	175.9	-1.6256	22.441	246.19	-20.571	18.92	195.04	-75.147	66.364	108.09	-102.2	56.777	115.05	-131.72	25.025
288.44	1.41	21.777	170.75	-1.4237	23.589	240.45	-19.128	19.527	190.48	-74.841	67.137	103.78	-102.73	57.383	111.11	-132.31	25.52
288.43	1.3949	21.765	165.58	-1.1725	24.651	234.53	-17.624	20.037	185.84	-74.544	67.879	99.394	-103.26	57.959	107.01	-132.35	25.981
288.44	1.3994	21.773	160.2	-0.94004	25.596	228.45	-16.136	20.532	181.1	-74.243	68.499	94.953	-103.81	58.529	102.81	-132.76	26.399
288.43	1.403	21.78	154.87	-0.69091	26.4	222.11	-14.691	20.838	176.36	-73.877	69.178	90.423	-104.37	59.08	98.536	-133.11	26.917
288.43	1.403	21.767	149.47	-0.45018	27.287	215.65	-13.194	21.151	171.48	-73.552	69.774	85.854	-104.94	59.606	94.316	-133.4	27.323
288.43	1.4034	21.768	143.96	-0.26797	27.933	209.06	-11.716	21.386	166.55	-73.228	70.389	81.237	-105.52	60.106	90.053	-133.81	27.776
288.43	1.4131	21.77	138.38	-0.046424	28.533	202.34	-10.234	21.604	161.62	-72.857	70.892	76.586	-106.1	60.608	85.621	-134.11	28.15
288.42	1.4119	21.767	132.9	0.12823	29.15	195.44	-8.7943	21.711	156.64	-72.517	71.392	71.896	-106.66	61.075	81.128	-134.47	28.545
288.42	1.4083	21.775	127.38	0.22494	29.582	188.47	-7.4078	21.78	151.64	-72.161	71.845	67.203	-107.26	61.47	76.776	-135.02	28.831
288.42	1.4084	21.775	121.82	0.40202	29.772	181.34	-6.1216	21.696	146.62	-71.826	72.187	62.451	-107.87	61.854	72.194	-135.26	29.043
288.41	1.4155	21.762	116.28	0.50684	30.011	174.09	-4.8831	21.551	141.58	-71.458	72.495	57.766	-108.45	62.151	67.812	-135.76	29.358
288.41	1.4235	21.763	110.7	0.60905	30.268	NaN	NaN	NaN	136.56	-71.089	72.742	53.086	-109.03	62.518	63.286	-135.96	29.49
288.4	1.4184	21.769	105.17	0.7382	30.177	NaN	NaN	NaN	131.54	-70.702	72.888	48.394	-109.67	62.74	58.854	-136.51	29.714
288.4	1.4234	21.777	99.567	0.80412	30.294	NaN	NaN	NaN	126.56	-70.309	73.005	43.736	-110.25	62.949	54.317	-136.74	29.791
288.4	1.4187	21.77	93.977	0.9548	30.132	NaN	NaN	NaN	121.58	-69.929	73.042	39.118	-110.86	63.129	49.978	-137.2	29.966
288.41	1.4264	21.783	88.341	0.99449	30.082	NaN	NaN	NaN	116.64	-69.501	73.061	34.519	-111.49	63.327	45.477	-137.48	29.998
288.41	1.4147	21.773	82.745	1.1585	29.855	NaN	NaN	NaN	111.71	-69.126	73	29.962	-112.06	63.416	41.071	-137.94	30.032
288.42	1.4199	21.783	77.162	1.2434	29.694	NaN	NaN	NaN	106.78	-68.735	72.912	25.433	-112.65	63.444	36.765	-138.41	30.011
288.42	1.4187	21.78	71.628	1.2536	29.413	NaN	NaN	NaN	101.57	-68.626	72.308	20.941	-113.23	63.392	32.389	-138.73	29.913
288.42	1.4092	21.776	66.241	1.3482	29.052	NaN	NaN	NaN	96.715	-68.214	72.161	16.5	-113.77	63.348	28.088	-139.09	29.765
288.42	1.4131	21.771	60.884	1.3689	28.61	NaN	NaN	NaN	91.926	-67.845	71.871	12.087	-114.29	63.239	23.836	-139.48	29.688
288.43	1.4055	21.771	55.649	1.4167	28.009	NaN	NaN	NaN	87.194	-67.498	71.618	7.7468	-114.74	63.04	19.719	-139.89	29.451
288.43	1.4068	21.771	50.583	1.4116	27.503	88.917	3.2375	14.371	82.53	-67.158	71.262	3.4511	-115.16	62.779	15.61	-140.23	29.225
288.44	1.4096	21.777	45.561	1.4232	26.803	82.8	3.4599	13.652	77.973	-66.835	70.877	-0.76628	-115.55	62.482	11.585	-140.54	28.894
288.43	1.4058	21.772	40.693	1.4216	25.985	76.666	4.2382	14.723	73.509	-66.548	70.434	-4.8973	-115.92	62.097	7.6054	-140.86	28.448
288.43	1.4006	21.778	35.964	1.3784	25.287	71.013	4.2864	13.776	69.134	-66.276	69.915	-8.8911	-116.29	61.725	3.7609	-141.15	28.022
288.43	1.4048	21.772	31.418	1.3447	24.46	65.586	4.3286	12.951	64.89	-65.966	69.361	-12.806	-116.62	61.241	0.080174	-141.52	27.6
288.43	1.4051	21.771	26.974	1.304	23.594	60.408	4.4369	12.133	60.753	-65.689	68.765	-16.6	-116.93	60.717	-3.4862	-141.73	27.202
288.42	1.3989	21.773	22.72	1.2861	22.523	55.343	4.5023	11.196	56.783	-65.423	68.064	-20.279	-117.26	60.168	-7.1616	-142.03	26.51
288.42	1.4122	21.769	18.618	1.2339	21.605	50.445	4.518	10.232	52.934	-65.166	67.294	-23.821	-117.51	59.581	-10.564	-142.35	25.932
288.42	1.411	21.766	14.346	0.9115	20.077	45.707	4.5081	9.2678	49.253	-64.935	66.542	-27.365	-117.62	59.142	-13.827	-142.61	25.265
288.42	1.4178	21.779	10.936	1.1382	19.511	41.414	4.1279	6.3609	45.719	-64.7	65.751	-30.637	-117.85	58.505	-17.022	-142.72	24.636
288.41	1.4151	21.776	7.0677	1.3564	19.082	36.623	4.4396	7.2811	42.319	-64.476	64.88	-33.775	-118.08	57.824	-19.93	-142.98	23.994
288.41	1.4163	21.763	3.8791	1.0608	17.595	32.285	4.3714	6.2382	39.079	-64.27	63.993	-36.788	-118.29	57.062	-23.002	-143.18	23.112
288.42	1.421	21.77	0.59373	1.0749	16.426	28.181	4.3092	5.1961	35.962	-64.043	63.087	-39.669	-118.46	56.346	-25.76	-143.36	22.316
288.41	1.4317	21.776	-2.5755	1.0545	15.372	24.398	4.2616	4.1484	32.997	-63.851	62.185	-42.393	-118.65	55.574	-28.37	-143.46	21.598
288.41	1.4146	21.773	-5.0735	1.2708	14.745	20.941	4.2526	3.0452	30.188	-63.644	61.235	-45.005	-118.79	54.79	-30.912	-143.64	20.812
288.41	1.4261	21.767	-8.5654	0.99606	13.278	17.884	4.259	1.9865	27.512	-63.47	60.3	-47.49	-118.88	53.924	-33.362	-143.85	19.883
288.42	1.4199	21.783	-11.321	1.0097	12.09	14.979	4.2688	0.86466	24.977	-63.243	59.305	-49.86	-118.97	53.078	-35.593	-143.82	19.141
288.42	1.4203	21.77	-13.94	1.0405	10.847	12.355	4.2712	-0.28599	22.578	-63.038	58.333	-52.064	-119.01	52.181	-37.715	-143.94	18.255
288.42	1.42	21.77	-16.343	1.061	9.6282	9.9197	4.309	-1.3942	20.307	-62.871	57.341	-54.182	-119.04	51.29	-39.825	-143.97	17.373
288.42	1.4117	21.767	-18.584	1.0255	8.5376	7.6088	4.2945	-2.5485	18.183	-62.664	56.37	-56.194	-119.01	50.361	-41.638	-144.12	16.438
288.43	1.4131	21.77	-20.646	1.0236	7.2906	5.5124	4.2845	-3.75	16.172	-62.49	55.365	-58.06	-118.99	49.43	-43.589	-143.97	15.516
288.43	1.4131	21.77	-22.518	1.0758	5.9775	3.666	4.2915	-4.8672	14.303	-62.261	54.436	-59.819	-118.91	48.455	-45.277	-143.96	14.646
288.43	1.403	21.778	-24.231	1.0525	4.7578	1.9209	4.2536	-6.1156	12.577	-62.077	53.446	-61.473	-118.83	47.508	-46.713	-144.15	13.774
288.44	1.3975	21.769	-25.787	1.1146	3.3763	0.40514	4.2257	-7.32	10.954	-61.844	52.543	-62.975	-118.72	46.577	-48.107	-144.18	12.908
288.43	1.4037	21.768	-27.186	1.0347	2.1156	-0.99249	4.1283	-8.5031	9.4835	-61.675	51.641	-64.409	-118.59	45.61	-49.374	-144.13	12.053
288.43	1.4047	21.784	-28.399	1.002	0.87422	-2.1755	4.0981	-9.6997	8.1223	-61.515	50.68	-65.709	-118.45	44.621	-50.461	-144.24	11.172
288.44	1.3985	21.77	-29.478	1.0039	-0.53446	-3.2621	3.9764	-10.895	6.887	-61.344	49.772	-66.88	-118.3	43.645	-51.541	-144.25	10.289
288.43	1.4003	21.776	-30.404	0.96325	-1.792	-4.2111	3.8993	-12.135	5.7821	-61.198	48.873	-67.98	-118.16	42.638	-52.685	-144.02	9.401
288.43	1.4058	21.772	-31.204	0.95205	-3.1213	-4.9812	3.7499	-13.262	4.7656	-61.08	47.894	-68.952	-118	41.652	-53.55	-144.05	8.4857
288.42	1.4102	21.768	-31.918	0.9165	-4.4491	-5.7039	3.6368	-14.425	3.9157	-60.935	47.003	-69.803	-117.84	40.686	-54.237	-144.17	7.6471
288.42	1.406	21.774	-32.481	0.85862	-5.8017	-6.1542	3.4624	-15.556	3.1254	-60.816	46.13	-70.552	-117.72	39.766	-55.018	-143.96	6.7712
288.42	1.411	21.766	-33	0.70779	-7.2198	-6.5492	3.197	-16.737	2.3776	-60.713	45.368	-71.28	-117.54	38.809	-55.666	-143.91	5.8308
288.41	1.4179	21.779	-33.59	0.34351	-8.936	-6.7476	2.9594	-17.746	1.6547	-60.564	44.689	-71.96	-117.36	37.882	-55.991	-144.08	5.1054
288.41	1.4163	21.764	-33.783	0.24635	-10.137	-6.9284	2.7413	-18.54	1.0083	-60.492	44.123	-72.616	-117.1	37.018	-56.628	-143.76	4.3613
288.4	1.4111	21.768	-33.929	0.15682	-11.201	-7.1414	2.8711	-18.373	0.38445	-60.398	43.65	-73.054	-117.03	35.889	-56.955	-143.93	3.7566
288.41	1.4138	21.758	-34.081	0.1794	-11.984	-7.1641	2.969	-18.359	-0.13668	-60.485	43.313	-73.654	-116.83	35.063	-57.234	-143.95	3.1007
288.4	1.4166	21.756	-34.045	0.20609	-12.205	-7.0991	2.9685	-18.338	-0.62034	-60.675	43.143	-74.109	-116.63	34.345	-57.51	-143.91	2.5015
288.41	1.4159	21.762	-33.949	0.27961	-12.268	-7.0407	2.9393	-18.351	-1.042	-60.881	43.015	-74.543	-116.49	33.608	-57.956	-143.64	1.8808
288.41	1.4159	21.762	-33.848	0.38371	-12.426	-6.9479	2.8814	-18.357	-1.4422	-60.998	43.002	-74.901	-116.42	33.116	-58.2	-143.54	1.4607
288.41	1.404	21.77	-33.794	0.47992	-12.622	-6.8121	2.8225	-18.364	-1.7892	-61.082	43.002	-75.231	-116.36	32.627	-58.323	-143.47	1.011
288.42	1.4086	21.761	-33.743	0.54608	-12.695	-6.7093	2.768	-18.38	-2.0859	-61.114	42.987	-75.538	-116.21	32.25	-58.384	-143.57	0.82031
288.42	1.4078	21.762	-33.745	0.60982	-12.803	-6.6585	2.7326	-18.372	-2.355	-61.104	42.964	-75.844	-116	31.945	-58.734	-143.28	0.5884
288.43	1.4015	21.763	-33.713	0.70544	-12.847	-6.6384	2.7173	-18.37	-2.6046	-61.044	42.923	-76.146	-115.78	31.649	-59.028	-143.11	0.48571
288.42	1.4114	21.77	-33.685	0.79839	-12.902	-6.5918	2.735	-18.377	-2.8514	-60.959	42.924	-76.425	-115.57	31.392	-59.122	-143.19	0.39499
288.43	1.4036	21.768	-33.649	0.95554	-13.013	-6.5474	2.7642	-18.379	-3.0888	-60.916	42.946	-76.686	-115.42	31.145	-59.206	-143.16	0.22221
288.43	1.4078	21.76	-33.628	1.1112	-13.178	-6.5032	2.795	-18.394	-3.3079	-60.855	42.948	-76.922	-115.25	30.918	-59.522	-142.88	0.10795
288.43	1.407	21.771	-33.592	1.2351	-13.211	-6.4686	2.8169	-18.392	-3.5431	-60.732	42.974	-77.183	-115.05	30.705	-59.732	-142.69	0.054342
288.44	1.4098	21.777	-33.57	1.3437	-13.215	-6.4381	2.8568	-18.397	-3.7648	-60.623	42.972	-77.414	-114.88	30.482	-59.779	-142.68	-0.032572
288.43	1.4122	21.769	-33.548	1.4392	-13.215	-6.4109	2.9042	-18.399	-3.982	-60.544	42.95	-77.66	-114.67	30.26	-59.959	-142.46	-0.22246
288.43	1.4129	21.77	-33.549	1.5334	-13.244	-6.3997	2.9297	-18.406	-4.181	-60.446	42.951	-77.91	-114.49	30.046	-59.947	-142.6	-0.25443
288.43	1.4203	21.765	-33.562	1.6338	-13.372	-6.3839	2.9532	-18.414	-4.3942	-60.343	42.951	-78.099	-114.35	29.886	-60.143	-142.52	-0.29359
288.42	1.4251	21.762	-33.559	1.7125	-13.374	-6.3816	2.9687	-18.403	-4.5837	-60.25	42.958	-78.312	-114.22	29.692	-60.32	-142.4	-0.39634
288.41	1.4303	21.758	-33.551	1.7768	-13.368	-6.3751	2.9728	-18.397	-4.7528	-60.208	42.947	-78.524	-114.09	29.517	-60.533	-142.15	-0.51656
288.42	1.4345	21.765	-33.56	1.8203	-13.395	-6.3835	2.9659	-18.405	-4.9287	-60.166	42.959	-78.72	-113.97	29.342	-60.64	-142.1	-0.52358
288.41	1.4438	21.767	-33.595	1.8986	-13.554	-6.3927	2.9574	-18.4	-5.109	-60.138	42.911	-78.911	-113.9	29.245	-60.742	-142.11	-0.54848
288.41	1.4379	21.761	-33.615	1.9036	-13.579	-6.3918	2.9278	-18.401	-5.2916	-60.093	42.91	-79.091	-113.84	29.127	-60.736	-142.3	-0.5482
288.41	1.4333	21.761	-33.642	1.9125	-13.574	-6.3903	2.9131	-18.379	-5.4221	-60.063	42.926	-79.261	-113.79	29	-60.858	-142.33	-0.58697
288.41	1.4428	21.765	-33.653	1.8966	-13.606	-6.3996	2.8776	-18.388	-5.5585	-60.074	42.93	-79.405	-113.76	28.929	-60.944	-142.35	-0.57681
288.4	1.4309	21.762	-33.668	1.874	-13.613	-6.4119	2.852	-18.38	-5.6549	-60.076	42.952	-79.552	-113.73	28.826	-61.046	-142.37	-0.59528
288.4	1.4334	21.765	-33.697	1.8534	-13.624	-6.419	2.8131	-18.346	-5.7459	-60.085	42.943	-79.672	-113.72	28.767	-61.128	-142.38	-0.61358
288.4	1.4358	21.757	-33.72	1.8259	-13.638	-6.4424	2.7665	-18.311	-5.8302	-60.116	42.924	-79.793	-113.71	28.708	-61.282	-142.3	-0.60624
288.41	1.4259	21.765	-33.716	1.746	-13.514	-6.4629	2.7332	-18.28	-5.9146	-60.157	42.887	-79.895	-113.72	28.617	-61.38	-142.28	-0.62338
288.4	1.421	21.76	-33.746	1.7127	-13.535	-6.4845	2.6855	-18.245	-5.9831	-60.176	42.855	-79.968	-113.74	28.595	-61.395	-142.36	-0.66136
288.41	1.4003	21.764	-33.78	1.6782	-13.558	-6.4929	2.6549	-18.186	-6.0383	-60.2	42.828	-80.034	-113.75	28.555	-61.555	-142.25	-0.66087
288.41	1.4012	21.766	-33.827	1.6481	-13.586	-6.4912	2.6263	-18.12	-6.089	-60.234	42.8	-80.085	-113.77	28.508	-61.572	-142.29	-0.68424
288.41	1.3984	21.764	-33.888	1.5973	-13.634	-6.5184	2.5973	-18.071	-6.144	-60.246	42.793	-80.129	-113.81	28.466	-61.599	-142.33	-0.72127
288.42	1.3965	21.756	-33.939	1.5779	-13.658	-6.581	2.5549	-18.055	-6.1916	-60.263	42.773	-80.16	-113.85	28.435	-61.62	-142.42	-0.74836
288.42	1.3966	21.769	-33.981	1.5512	-13.681	-6.6563	2.5032	-18.034	-6.2486	-60.26	42.746	-80.183	-113.88	28.394	-61.601	-142.47	-0.76874
