139.17	1.6177	20.181	-32.971	-0.19598	-13.718	-6.2567	4.6765	-18.203	-2.5896	-55.845	42.743	-64.255	-121.52	26.521	-40.335	-147.48	-1.4469
139.18	1.6202	20.184	-32.976	-0.1978	-13.723	-6.2456	4.6812	-18.18	-2.586	-55.856	42.752	-64.244	-121.52	26.501	-40.322	-147.48	-1.4524
139.17	1.6179	20.179	-32.97	-0.1938	-13.73	-6.2567	4.6765	-18.203	-2.5654	-55.843	42.756	-64.238	-121.52	26.517	-40.316	-147.48	-1.4489
139.17	1.6189	20.181	-32.965	-0.19208	-13.712	-6.2574	4.6766	-18.202	-2.5642	-55.84	42.746	-64.227	-121.52	26.508	-40.322	-147.48	-1.4535
139.17	1.6189	20.166	-32.97	-0.1938	-13.73	-6.2517	4.6802	-18.198	-2.5654	-55.843	42.756	-64.228	-121.53	26.519	-40.313	-147.49	-1.4509
139.17	1.6201	20.182	-32.966	-0.19079	-13.726	-6.2486	4.6832	-18.195	-2.5475	-55.844	42.753	-64.217	-121.53	26.497	-40.309	-147.49	-1.4614
139.17	1.6261	20.181	-32.969	-0.19427	-13.715	-6.242	4.6863	-18.188	-2.5467	-55.844	42.752	-64.214	-121.53	26.501	-40.301	-147.49	-1.4593
139.17	1.6263	20.181	-32.969	-0.19291	-13.729	-6.249	4.6832	-18.195	-2.5421	-55.84	42.756	-64.215	-121.53	26.513	-40.293	-147.49	-1.4522
139.17	1.6281	20.183	-32.961	-0.1914	-13.709	-6.2486	4.6832	-18.195	-2.5475	-55.842	42.753	-64.214	-121.52	26.517	-40.301	-147.48	-1.4554
139.18	1.6228	20.187	-32.97	-0.19509	-13.716	-6.2454	4.6828	-18.194	-2.5477	-55.832	42.758	-64.204	-121.52	26.519	-40.291	-147.49	-1.4523
139.17	1.6313	20.177	-32.957	-0.18365	-13.718	-6.2533	4.6921	-18.192	-2.5465	-55.831	42.759	-64.211	-121.52	26.532	-40.299	-147.48	-1.4417
139.17	1.6227	20.172	-32.972	-0.19098	-13.744	-6.2533	4.6921	-18.192	-2.5444	-55.829	42.762	-64.211	-121.51	26.52	-40.294	-147.48	-1.4633
139.18	1.625	20.176	-32.967	-0.19057	-13.727	-6.2539	4.6795	-18.2	-2.5381	-55.823	42.768	-64.215	-121.51	26.517	-40.297	-147.48	-1.44
139.18	1.6253	20.192	-32.969	-0.17901	-13.72	-6.2495	4.6831	-18.195	-2.5415	-55.826	42.766	-64.215	-121.51	26.517	-40.297	-147.48	-1.4384
139.17	1.6313	20.177	-32.978	-0.18347	-13.729	-6.261	4.6763	-18.207	-2.5524	-55.83	42.755	-64.211	-121.51	26.534	-40.295	-147.48	-1.4378
139.17	1.6328	20.177	-32.973	-0.18076	-13.726	-6.2537	4.6921	-18.192	-2.5489	-55.816	42.765	-64.213	-121.51	26.518	-40.293	-147.47	-1.4466
139.17	1.6206	20.182	-32.966	-0.17722	-13.718	-6.246	4.6827	-18.194	-2.5564	-55.82	42.759	-64.209	-121.51	26.51	-40.295	-147.48	-1.4364
139.18	1.6325	20.179	-32.968	-0.18561	-13.754	-6.2582	4.6884	-18.198	-2.5523	-55.817	42.763	-64.202	-121.51	26.525	-40.287	-147.48	-1.448
139.18	1.6247	20.177	-32.976	-0.18045	-13.74	-6.2493	4.6957	-18.187	-2.5444	-55.826	42.762	-64.202	-121.5	26.515	-40.296	-147.48	-1.4489
139.18	1.627	20.18	-32.975	-0.18166	-13.727	-6.2486	4.6832	-18.195	-2.5346	-55.819	42.771	-64.201	-121.5	26.516	-40.288	-147.47	-1.4432
139.17	1.6312	20.189	-32.975	-0.17818	-13.753	-6.248	4.6833	-18.195	-2.5385	-55.822	42.755	-64.191	-121.51	26.516	-40.282	-147.48	-1.4678
139.18	1.627	20.18	-32.964	-0.17224	-13.744	-6.2488	4.6958	-18.187	-2.5351	-55.818	42.758	-64.191	-121.51	26.517	-40.278	-147.47	-1.4784
139.17	1.6304	20.175	-32.973	-0.18072	-13.738	-6.2458	4.6862	-18.192	-2.5372	-55.821	42.754	-64.186	-121.51	26.52	-40.282	-147.48	-1.4469
139.18	1.6327	20.178	-32.963	-0.18735	-13.725	-6.2542	4.692	-18.192	-2.535	-55.821	42.757	-64.183	-121.51	26.521	-40.275	-147.49	-1.4826
139.17	1.6333	20.175	-32.963	-0.18757	-13.723	-6.2533	4.6921	-18.192	-2.5219	-55.823	42.762	-64.175	-121.52	26.52	-40.272	-147.48	-1.4817
139.17	1.633	20.177	-32.958	-0.17091	-13.711	-6.2454	4.6861	-18.193	-2.5252	-55.826	42.758	-64.171	-121.51	26.526	-40.278	-147.49	-1.4622
139.18	1.6229	20.172	-32.97	-0.17613	-13.75	-6.2409	4.6899	-18.187	-2.5181	-55.819	42.751	-64.172	-121.51	26.523	-40.265	-147.49	-1.4904
139.18	1.6348	20.181	-32.95	-0.16812	-13.706	-6.2426	4.6982	-18.183	-2.5119	-55.817	42.771	-64.17	-121.51	26.513	-40.259	-147.49	-1.4742
139.18	1.627	20.18	-32.957	-0.16955	-13.725	-6.2459	4.7003	-18.198	-2.5174	-55.819	42.753	-64.168	-121.51	26.513	-40.262	-147.49	-1.491
139.18	1.6352	20.179	-32.962	-0.17362	-13.715	-6.2452	4.6987	-18.185	-2.5111	-55.816	42.759	-64.158	-121.52	26.515	-40.26	-147.49	-1.4758
139.18	1.6372	20.183	-32.96	-0.17136	-13.728	-6.2424	4.6998	-18.197	-2.5076	-55.812	42.761	-64.159	-121.5	26.521	-40.264	-147.49	-1.4912
139.18	1.6329	20.178	-32.962	-0.17099	-13.743	-6.242	4.6998	-18.197	-2.5064	-55.812	42.762	-64.16	-121.5	26.521	-40.257	-147.49	-1.4717
139.18	1.6372	20.183	-32.957	-0.16708	-13.737	-6.245	4.7003	-18.198	-2.5128	-55.815	42.756	-64.164	-121.51	26.518	-40.261	-147.49	-1.4883
139.18	1.6327	20.178	-32.951	-0.16452	-13.733	-6.2333	4.7066	-18.189	-2.5196	-55.807	42.758	-64.161	-121.5	26.521	-40.262	-147.49	-1.4823
139.19	1.6291	20.183	-32.947	-0.16497	-13.702	-6.2418	4.7033	-18.196	-2.508	-55.8	42.768	-64.161	-121.5	26.521	-40.266	-147.48	-1.4745
139.18	1.6368	20.186	-32.959	-0.15696	-13.719	-6.237	4.7035	-18.192	-2.515	-55.803	42.761	-64.16	-121.5	26.52	-40.26	-147.49	-1.4746
139.18	1.6374	20.183	-32.963	-0.15725	-13.751	-6.2403	4.6914	-18.201	-2.5168	-55.805	42.761	-64.165	-121.49	26.523	-40.27	-147.48	-1.4517
139.19	1.6294	20.181	-32.958	-0.16827	-13.724	-6.2371	4.6944	-18.198	-2.518	-55.804	42.748	-64.165	-121.49	26.523	-40.259	-147.47	-1.4791
139.18	1.6261	20.19	-32.961	-0.1552	-13.747	-6.2418	4.7033	-18.196	-2.5121	-55.8	42.764	-64.169	-121.49	26.508	-40.264	-147.48	-1.4707
139.18	1.6348	20.181	-32.961	-0.15649	-13.734	-6.2401	4.704	-18.193	-2.5141	-55.79	42.769	-64.167	-121.49	26.522	-40.27	-147.48	-1.4786
139.18	1.6249	20.177	-32.965	-0.16085	-13.724	-6.2398	4.6914	-18.201	-2.5177	-55.792	42.766	-64.17	-121.49	26.519	-40.272	-147.49	-1.4419
139.18	1.6273	20.178	-32.968	-0.16139	-13.727	-6.245	4.7003	-18.198	-2.5285	-55.786	42.763	-64.171	-121.49	26.52	-40.264	-147.48	-1.472
139.18	1.625	20.176	-32.961	-0.1552	-13.747	-6.245	4.7003	-18.198	-2.527	-55.798	42.757	-64.18	-121.49	26.517	-40.27	-147.47	-1.4722
139.18	1.627	20.18	-32.961	-0.1552	-13.747	-6.2459	4.7003	-18.198	-2.527	-55.798	42.757	-64.18	-121.49	26.517	-40.275	-147.49	-1.4427
139.18	1.627	20.18	-32.97	-0.16229	-13.728	-6.2456	4.6988	-18.184	-2.5224	-55.795	42.774	-64.18	-121.49	26.518	-40.277	-147.48	-1.4396
139.18	1.627	20.18	-32.961	-0.16911	-13.729	-6.2444	4.6876	-18.207	-2.5304	-55.801	42.755	-64.177	-121.5	26.514	-40.278	-147.48	-1.4384
139.18	1.6252	20.177	-32.97	-0.15882	-13.755	-6.2333	4.6931	-18.18	-2.5324	-55.802	42.754	-64.177	-121.5	26.514	-40.271	-147.49	-1.4647
139.18	1.627	20.18	-32.973	-0.16311	-13.745	-6.2447	4.6988	-18.185	-2.5206	-55.795	42.763	-64.173	-121.5	26.529	-40.263	-147.48	-1.4711
139.18	1.6244	20.19	-32.96	-0.15777	-13.72	-6.2452	4.6987	-18.185	-2.5162	-55.804	42.76	-64.165	-121.49	26.533	-40.263	-147.48	-1.4599
139.18	1.627	20.18	-32.968	-0.16139	-13.727	-6.2461	4.6877	-18.206	-2.5154	-55.802	42.748	-64.175	-121.5	26.516	-40.268	-147.48	-1.4623
139.18	1.627	20.18	-32.963	-0.15854	-13.737	-6.2545	4.6915	-18.196	-2.5083	-55.799	42.753	-64.171	-121.5	26.518	-40.269	-147.49	-1.437
139.17	1.6281	20.184	-32.963	-0.15862	-13.737	-6.2449	4.6862	-18.193	-2.5034	-55.809	42.763	-64.166	-121.49	26.523	-40.271	-147.49	-1.4532
139.18	1.6224	20.187	-32.975	-0.16536	-13.732	-6.2496	4.6952	-18.19	-2.5083	-55.799	42.753	-64.166	-121.51	26.517	-40.272	-147.49	-1.4295
139.18	1.621	20.186	-32.977	-0.16716	-13.75	-6.2386	4.6895	-18.185	-2.5038	-55.808	42.75	-64.161	-121.5	26.521	-40.26	-147.49	-1.4728
139.17	1.6302	20.188	-32.973	-0.16657	-13.719	-6.2496	4.6952	-18.19	-2.5018	-55.806	42.754	-64.159	-121.5	26.522	-40.258	-147.49	-1.4601
139.17	1.6302	20.187	-32.969	-0.16011	-13.741	-6.2531	4.6937	-18.206	-2.5079	-55.798	42.754	-64.172	-121.5	26.53	-40.271	-147.49	-1.4399
139.17	1.6281	20.186	-32.97	-0.1648	-13.717	-6.2458	4.6862	-18.192	-2.5083	-55.799	42.753	-64.166	-121.51	26.517	-40.267	-147.5	-1.4427
139.17	1.6302	20.188	-32.974	-0.16456	-13.746	-6.2505	4.6951	-18.19	-2.5091	-55.809	42.745	-64.172	-121.5	26.519	-40.269	-147.48	-1.4382
139.17	1.6305	20.174	-32.968	-0.17174	-13.748	-6.2449	4.6862	-18.193	-2.5152	-55.803	42.748	-64.172	-121.5	26.53	-40.266	-147.5	-1.4411
139.18	1.6244	20.19	-32.977	-0.16642	-13.748	-6.242	4.6984	-18.183	-2.5168	-55.805	42.761	-64.175	-121.5	26.527	-40.27	-147.49	-1.4374
139.18	1.6372	20.183	-32.975	-0.16545	-13.747	-6.2484	4.6958	-18.187	-2.5034	-55.808	42.751	-64.172	-121.5	26.505	-40.268	-147.49	-1.4384
139.18	1.635	20.182	-32.966	-0.17085	-13.747	-6.2436	4.6869	-18.19	-2.5154	-55.802	42.748	-64.181	-121.49	26.529	-40.272	-147.49	-1.4382
139.18	1.627	20.18	-32.963	-0.15862	-13.737	-6.2456	4.6988	-18.184	-2.5154	-55.802	42.748	-64.164	-121.49	26.526	-40.27	-147.49	-1.4389
139.19	1.6273	20.192	-32.976	-0.16553	-13.747	-6.242	4.6984	-18.183	-2.5113	-55.799	42.752	-64.17	-121.49	26.519	-40.272	-147.49	-1.4401
139.19	1.6296	20.182	-32.963	-0.15862	-13.737	-6.2329	4.693	-18.181	-2.5125	-55.8	42.751	-64.164	-121.49	26.526	-40.263	-147.49	-1.4388
139.19	1.6291	20.183	-32.972	-0.1623	-13.744	-6.2369	4.6894	-18.186	-2.5042	-55.796	42.757	-64.158	-121.49	26.516	-40.263	-147.48	-1.4347
139.19	1.6305	20.183	-32.972	-0.16223	-13.744	-6.2337	4.6946	-18.193	-2.509	-55.799	42.753	-64.169	-121.49	26.508	-40.271	-147.48	-1.4523
139.19	1.6313	20.186	-32.962	-0.16748	-13.742	-6.2383	4.6894	-18.186	-2.4939	-55.801	42.747	-64.158	-121.49	26.527	-40.258	-147.47	-1.4675
139.19	1.6272	20.18	-32.956	-0.15341	-13.73	-6.2329	4.693	-18.181	-2.4848	-55.796	42.75	-64.145	-121.49	26.52	-40.258	-147.49	-1.4739
139.19	1.6307	20.183	-32.959	-0.16942	-13.727	-6.238	4.691	-18.199	-2.4923	-55.813	42.741	-64.143	-121.49	26.521	-40.257	-147.49	-1.4728
139.19	1.633	20.186	-32.964	-0.16744	-13.757	-6.242	4.6998	-18.197	-2.4799	-55.804	42.74	-64.134	-121.48	26.515	-40.257	-147.49	-1.4742
139.19	1.6305	20.183	-32.954	-0.16769	-13.709	-6.2323	4.6946	-18.194	-2.4642	-55.822	42.735	-64.13	-121.48	26.529	-40.262	-147.49	-1.4783
139.18	1.6383	20.185	-32.964	-0.17225	-13.744	-6.2371	4.7035	-18.192	-2.4622	-55.849	42.722	-64.112	-121.5	26.517	-40.246	-147.49	-1.4943
139.18	1.6371	20.183	-32.968	-0.1793	-13.722	-6.2409	4.7034	-18.196	-2.4464	-55.883	42.727	-64.089	-121.48	26.534	-40.244	-147.51	-1.4892
139.18	1.6374	20.182	-32.98	-0.20212	-13.713	-6.2465	4.7045	-18.213	-2.4393	-55.963	42.716	-64.076	-121.48	26.568	-40.248	-147.52	-1.4964
139.19	1.6321	20.185	-32.978	-0.20544	-13.696	-6.2493	4.7313	-18.23	-2.443	-56.037	42.705	-64.061	-121.47	26.579	-40.25	-147.54	-1.4936
139.19	1.6305	20.183	-32.976	-0.23721	-13.68	-6.2606	4.7893	-18.266	-2.4482	-56.127	42.71	-64.043	-121.46	26.63	-40.249	-147.56	-1.4741
139.18	1.637	20.183	-32.988	-0.25668	-13.635	-6.2993	4.9228	-18.34	-2.4541	-56.22	42.744	-64.008	-121.47	26.668	-40.208	-147.59	-1.4401
139.18	1.6399	20.186	-32.998	-0.29654	-13.413	-6.4662	5.207	-18.456	-2.4819	-56.335	42.784	-63.961	-121.5	26.692	-40.178	-147.63	-1.3993
139.18	1.6351	20.179	-33.073	-0.34179	-13.106	-6.6925	5.6911	-18.581	-2.5485	-56.468	42.865	-63.908	-121.56	26.731	-40.132	-147.68	-1.3742
139.18	1.6395	20.186	-33.244	-0.2643	-12.443	-7.0408	6.3634	-18.323	-2.5984	-56.592	43.073	-63.846	-121.62	26.761	-40.068	-147.72	-1.3563
139.18	1.6385	20.184	-33.385	-0.18967	-11.622	-7.0666	6.9643	-17.558	-2.6299	-56.773	43.228	-63.766	-121.73	26.803	-40.004	-147.76	-1.347
139.18	1.6385	20.185	-33.605	-0.11	-10.586	-6.7998	7.5626	-16.522	-2.5531	-57.087	43.605	-63.652	-121.86	26.855	-39.933	-147.81	-1.3992
139.18	1.6374	20.183	-33.961	-0.064215	-9.3506	-5.9925	8.0643	-15.111	-2.4149	-57.582	44.068	-63.476	-122.03	26.949	-39.828	-147.88	-1.483
139.19	1.6403	20.189	-34.151	0.23244	-7.3932	-4.6861	8.6953	-13.399	-2.2595	-58.234	44.647	-63.207	-122.28	27.122	-39.718	-147.99	-1.5852
139.2	1.6371	20.194	-34.713	0.30044	-5.7141	-2.463	9.3802	-11.204	-2.0093	-58.961	45.339	-62.938	-122.55	27.292	-39.516	-148.07	-1.6773
139.2	1.6361	20.192	-35.099	0.41945	-3.984	-0.093174	9.9502	-8.8689	-1.7046	-59.813	46.076	-62.616	-122.87	27.539	-39.317	-148.19	-1.68
139.2	1.628	20.19	-35.185	0.32922	-1.799	2.1501	10.347	-6.4491	-1.2828	-60.737	46.849	-62.285	-123.22	27.733	-39.197	-148.36	-1.7718
139.21	1.6345	20.189	-35.111	0.21655	0.022115	4.1885	10.53	-4.0267	-0.81571	-61.719	47.579	-61.846	-123.62	27.981	-38.879	-148.55	-1.7907
139.21	1.6321	20.198	-34.794	0.11866	1.8415	6.1827	10.59	-1.6842	-0.14575	-62.839	48.268	-61.318	-124.04	28.271	-38.529	-148.72	-1.7743
139.21	1.6321	20.198	-34.25	-0.088213	3.7162	8.205	10.487	0.49984	0.60988	-63.907	48.85	-60.719	-124.47	28.566	-38.169	-148.96	-1.7905
139.21	1.6201	20.191	-33.461	-0.34639	5.6922	10.408	10.252	2.5309	1.4985	-65.026	49.436	-60.05	-124.94	28.929	-37.768	-149.19	-1.8047
139.21	1.6201	20.192	-32.554	-0.69632	7.6433	12.821	9.8332	4.4266	2.5194	-66.17	50.032	-59.331	-125.39	29.223	-37.285	-149.52	-1.7574
139.21	1.6221	20.195	-31.527	-0.95529	9.3638	15.508	9.2999	6.257	3.6091	-67.261	50.676	-58.577	-125.8	29.489	-36.648	-149.81	-1.4892
139.21	1.6148	20.202	-30.359	-1.3074	10.951	18.417	8.5313	7.988	4.7218	-68.326	51.301	-57.747	-126.15	29.755	-35.812	-150.06	-1.1537
139.2	1.6128	20.198	-28.959	-1.7841	12.336	21.558	7.6497	9.7554	5.9396	-69.44	52.051	-56.796	-126.49	30.093	-34.826	-150.37	-0.86304
139.2	1.6001	20.192	-27.331	-2.3918	13.558	25.223	6.8666	11.965	7.6126	-70.315	53.312	-55.678	-126.91	30.471	-33.808	-150.81	-0.65307
139.19	1.5912	20.191	-25.445	-2.8948	14.42	28.592	5.7485	13.822	9.0982	-71.601	54.113	-54.427	-127.39	30.868	-32.761	-151.33	-0.34951
139.19	1.5993	20.211	-23.241	-3.6344	15.559	31.997	4.4284	15.654	10.768	-72.905	54.896	-53.067	-127.89	31.257	-31.545	-151.96	0.043306
139.19	1.586	20.2	-20.762	-4.3948	16.539	35.489	3.0292	17.438	12.591	-74.336	55.751	-51.623	-128.34	31.696	-30.335	-152.45	0.3767
139.18	1.5919	20.199	-17.949	-5.2077	17.677	39.087	1.5164	19.223	14.587	-75.879	56.596	-50.063	-128.82	32.139	-28.927	-153.06	0.71414
139.18	1.5905	20.197	-14.85	-6.0678	18.911	42.801	-0.14774	20.945	16.802	-77.463	57.367	-48.395	-129.37	32.644	-27.381	-153.63	1.0006
139.18	1.5883	20.21	-11.639	-6.9432	20.033	46.564	-1.9524	22.494	19.171	-79.127	58.222	-46.554	-129.95	33.212	-25.982	-153.94	1.382
139.19	1.586	20.2	-8.225	-7.875	21.29	50.387	-3.8169	23.963	21.668	-80.878	58.907	-44.631	-130.54	33.836	-24.267	-154.68	1.8403
139.2	1.5955	20.198	-4.6979	-8.8651	22.607	54.312	-5.7853	25.317	24.344	-82.607	59.61	-42.648	-131.12	34.48	-22.609	-155.3	2.3217
139.2	1.5958	20.198	-1.0825	-9.9237	23.871	58.269	-7.7789	26.535	27.128	-84.359	60.275	-40.591	-131.71	35.165	-20.98	-155.93	2.745
139.21	1.6024	20.197	2.5946	-10.917	25.049	62.263	-9.8176	27.644	29.972	-86.102	60.878	-38.477	-132.26	35.883	-19.213	-156.49	3.2687
139.21	1.6046	20.199	6.3606	-12.068	26.355	66.287	-11.911	28.598	32.868	-87.816	61.446	-36.297	-132.84	36.624	-17.33	-157.02	3.8888
139.22	1.6111	20.205	10.2	-13.118	27.32	70.331	-13.979	29.473	35.808	-89.509	62.015	-34.046	-133.38	37.303	-15.562	-157.62	4.3501
139.22	1.6153	20.196	14.048	-14.164	28.144	74.348	-16.039	30.147	38.775	-91.101	62.544	-31.725	-133.88	37.937	-13.532	-158.11	4.9601
139.23	1.6229	20.195	17.882	-15.196	28.816	78.055	-18.189	30.436	41.746	-92.607	62.961	-29.388	-134.39	38.649	-11.644	-158.69	5.4434
139.23	1.6206	20.193	21.724	-16.207	29.272	82.424	-20	31.209	44.707	-94.035	63.301	-27.011	-134.85	39.348	-9.6917	-159.19	5.9243
139.23	1.6231	20.196	25.5	-17.172	29.592	86.426	-21.868	31.568	47.66	-95.321	63.561	-24.613	-135.24	39.836	-7.7316	-159.46	6.3751
139.23	1.6228	20.196	29.249	-18.127	29.749	90.433	-23.685	31.802	50.603	-96.527	63.859	-22.169	-135.59	40.445	-5.5836	-159.89	6.9956
139.22	1.616	20.198	32.891	-18.994	29.686	94.001	-25.533	31.544	53.563	-97.583	64.051	-19.668	-135.87	40.895	-3.2346	-160.48	7.4454
139.22	1.6144	20.198	36.51	-19.767	29.545	98.245	-26.956	31.849	56.522	-98.531	64.137	-17.141	-136.09	41.294	-0.86735	-160.97	7.8375
139.22	1.6113	20.194	39.967	-20.547	29.169	102.17	-28.401	31.723	59.448	-99.323	64.09	-14.566	-136.23	41.77	1.4524	-161.29	8.3559
139.21	1.6023	20.193	43.433	-21.194	28.698	106.08	-29.755	31.405	62.388	-99.953	64.053	-11.978	-136.32	42.121	3.7605	-161.51	8.9015
139.2	1.6081	20.194	46.763	-21.706	27.893	109.99	-31.008	30.938	65.385	-100.44	63.858	-9.3611	-136.35	42.421	6.0735	-161.67	9.3302
139.19	1.6018	20.213	50.003	-22.153	26.99	113.85	-32.101	30.304	68.368	-100.8	63.59	-6.6814	-136.33	42.678	8.703	-162.24	9.6531
139.19	1.6009	20.21	53.109	-22.607	26.025	117.69	-33.038	29.527	71.391	-101.02	63.223	-4.0139	-136.32	42.922	11.125	-162.45	10.085
139.18	1.5921	20.199	56.056	-22.904	24.906	121.42	-33.843	28.58	74.427	-101.13	62.779	-1.3093	-136.28	43.163	13.568	-162.58	10.458
139.18	1.5914	20.212	58.839	-23.097	23.764	125.12	-34.54	27.516	77.483	-101.15	62.226	1.4392	-136.19	43.344	15.876	-162.51	10.719
139.18	1.5921	20.196	61.442	-23.27	22.729	128.72	-35.104	26.298	80.539	-101.11	61.579	4.1463	-136.1	43.544	18.254	-162.61	10.973
139.18	1.6019	20.203	63.885	-23.243	21.594	132.21	-35.54	24.907	83.591	-100.94	60.804	6.8478	-135.97	43.692	20.674	-162.62	11.232
139.19	1.5989	20.193	66.142	-23.155	20.507	135.56	-35.928	23.35	86.586	-100.71	60.026	9.5079	-135.8	43.824	23.084	-162.78	11.423
139.19	1.6002	20.195	68.322	-22.944	19.47	138.78	-36.141	21.754	89.482	-100.31	59.212	12.087	-135.58	43.952	25.422	-162.85	11.594
139.2	1.6062	20.19	70.291	-22.682	18.396	141.8	-36.222	20.096	92.295	-99.855	58.345	14.612	-135.32	44.067	27.758	-162.66	11.745
139.21	1.6079	20.202	72.119	-22.29	17.227	144.31	-36.336	18.104	95.055	-99.275	57.504	17.084	-134.97	44.141	29.792	-162.32	11.902
139.21	1.62	20.193	73.907	-21.897	16.185	147.25	-35.977	16.731	97.658	-98.59	56.668	19.481	-134.58	44.219	32.068	-162.22	12.009
139.22	1.6162	20.198	75.514	-21.373	15.003	149.7	-35.642	15.09	100.13	-97.789	55.819	21.817	-134.11	44.222	34.09	-161.79	12.16
139.22	1.6149	20.197	77.049	-20.823	13.804	151.69	-35.247	13.24	102.49	-96.904	54.995	24.065	-133.61	44.227	36.204	-161.56	12.137
139.23	1.6174	20.2	78.562	-20.257	12.775	154.06	-34.421	11.991	104.79	-95.896	54.249	26.28	-132.99	44.205	38.246	-161.08	12.371
139.23	1.619	20.189	79.935	-19.598	11.526	156	-33.597	10.505	106.96	-94.795	53.506	28.385	-132.35	44.134	40.196	-160.55	12.424
139.22	1.6121	20.193	81.314	-18.857	10.315	157.76	-32.664	8.9742	109.09	-93.633	52.831	30.447	-131.63	44.116	42.168	-159.98	12.546
139.22	1.6113	20.194	82.595	-18.11	9.0757	159.37	-31.587	7.5064	111.09	-92.375	52.128	32.432	-130.86	43.998	43.981	-159.21	12.423
139.2	1.6102	20.196	83.923	-17.321	7.9332	160.52	-30.584	5.712	113.06	-91.122	51.398	34.38	-130	43.981	45.994	-158.71	12.681
139.18	1.6101	20.199	85.214	-16.514	6.781	162.34	-29.279	4.6864	114.97	-89.777	50.778	36.273	-129.15	43.903	47.86	-158.02	12.733
139.18	1.6093	20.198	86.56	-15.626	5.6402	163.71	-28.117	3.3734	116.86	-88.463	50.232	38.127	-128.22	43.794	49.649	-157.15	12.834
139.18	1.6044	20.205	87.926	-14.772	4.6736	165.09	-26.858	2.2571	118.68	-87.162	49.674	39.923	-127.31	43.806	51.428	-156.28	12.858
139.16	1.605	20.21	89.338	-13.867	3.6583	166.4	-25.651	1.2119	120.47	-85.848	49.203	41.708	-126.34	43.686	53.222	-155.47	12.864
139.15	1.5998	20.201	90.769	-12.889	2.7266	167.71	-24.412	0.34989	122.24	-84.577	48.77	43.47	-125.32	43.65	54.876	-154.47	12.924
139.15	1.596	20.21	92.244	-12.049	2.2093	169.04	-23.151	-0.44453	123.95	-83.387	48.394	45.18	-124.33	43.617	56.62	-153.58	12.885
139.15	1.5961	20.198	93.738	-11.089	1.4931	170.28	-21.969	-1.1444	125.7	-82.18	48.136	46.861	-123.32	43.548	58.233	-152.51	12.946
139.15	1.5988	20.2	95.287	-10.088	1.105	171.48	-20.765	-1.7032	127.35	-81.041	47.878	48.54	-122.33	43.58	59.884	-151.6	12.964
139.16	1.6038	20.194	96.772	-9.1202	0.74771	172.67	-19.508	-2.1899	129.01	-79.912	47.691	50.197	-121.29	43.531	61.482	-150.58	12.932
139.16	1.6059	20.198	98.193	-8.1475	0.42853	173.68	-18.189	-2.641	130.64	-78.797	47.516	51.787	-120.31	43.529	63.012	-149.47	12.901
139.17	1.6124	20.206	99.664	-7.0845	0.24304	174.72	-16.928	-3.041	132.2	-77.676	47.391	53.39	-119.32	43.551	64.612	-148.5	13.022
139.18	1.6088	20.198	100.98	-6.1384	0.0087947	175.56	-15.548	-3.4461	133.74	-76.495	47.321	54.939	-118.32	43.63	66.134	-147.59	12.944
139.19	1.6016	20.196	102.36	-5.1069	-0.19722	176.27	-14.138	-3.8782	135.21	-75.311	47.265	56.458	-117.32	43.666	67.611	-146.49	13.025
139.2	1.6107	20.195	103.61	-4.1602	-0.40243	176.79	-12.685	-4.4122	136.67	-74.099	47.222	57.911	-116.35	43.7	68.998	-145.51	13.114
139.2	1.6225	20.203	104.88	-3.157	-0.73831	176.98	-11.21	-5.1239	138.12	-72.831	47.221	59.339	-115.38	43.801	70.494	-144.58	13.212
139.21	1.6219	20.196	106.17	-2.152	-1.0866	176.51	-9.7722	-6.2611	139.47	-71.54	47.132	60.737	-114.37	43.815	71.949	-143.64	13.249
139.21	1.6203	20.197	107.49	-1.1837	-1.5527	176.42	-8.0015	-6.8458	140.81	-70.215	47.089	62.108	-113.38	43.903	73.242	-142.67	13.343
139.22	1.6158	20.199	108.83	-0.23342	-2.2439	175.67	-6.3119	-7.8106	142.13	-68.835	47.07	63.424	-112.38	43.904	74.624	-141.67	13.469
139.22	1.625	20.201	110.13	0.64579	-2.7406	174.65	-4.6252	-8.8946	143.43	-67.425	46.948	64.71	-111.4	43.913	76.02	-140.78	13.602
139.21	1.6196	20.193	111.46	1.5078	-3.7007	173.35	-2.9985	-10.165	144.68	-65.944	46.813	65.989	-110.42	43.927	77.404	-139.91	13.597
139.2	1.6126	20.198	112.87	2.2805	-4.5461	171.97	-1.3854	-11.308	145.92	-64.492	46.711	67.228	-109.46	43.944	78.69	-138.96	13.706
139.2	1.6105	20.197	114.19	2.9121	-5.5541	170.4	0.19377	-12.444	147.1	-63.01	46.545	68.459	-108.51	43.88	79.952	-138.05	13.8
139.19	1.6145	20.205	115.43	3.3731	-6.7484	168.83	1.7006	-13.542	148.29	-61.59	46.412	69.703	-107.61	43.888	81.292	-137.21	13.94
139.18	1.6093	20.198	116.26	3.4744	-8.4705	167.06	2.9717	-14.753	149.16	-60.422	45.837	70.93	-106.76	43.881	82.641	-136.42	13.966
139.17	1.6022	20.201	117.68	4.0915	-9.5638	165.49	4.2299	-15.668	150.34	-59.082	45.686	72.193	-105.93	43.951	83.901	-135.59	14.007
139.16	1.6079	20.199	119.13	4.6109	-10.378	163.98	5.272	-16.604	151.52	-57.781	45.536	73.44	-105.13	43.944	85.198	-134.78	14.182
138.59	1.2466	19.461	120.49	5.415	-10.569	162.66	6.2805	-17.272	152.73	-56.568	45.525	74.708	-104.4	44.01	86.603	-134.14	14.224
139.59	1.9868	19.445	121.33	6.223	-10.578	162.34	7.2171	-17.424	153.96	-55.463	45.571	76.024	-103.75	44.172	87.916	-133.44	14.465
141.43	3.4814	19.842	121.95	6.9277	-10.862	163.15	8.148	-17.521	155.15	-54.538	45.748	77.371	-103.16	44.31	89.348	-132.87	14.563
142.92	4.9252	20.279	123.04	7.7049	-10.668	164.17	8.8543	-17.413	156.42	-53.759	45.86	78.789	-102.66	44.539	90.736	-132.28	14.786
144.04	5.6956	20.348	124.35	8.3036	-10.584	165.31	9.4607	-17.247	157.84	-53.002	46.13	80.249	-102.27	44.804	92.135	-131.72	15.036
144.91	5.8077	19.824	125.79	8.775	-10.458	166.61	9.9879	-17.059	159.3	-52.367	46.378	81.768	-101.82	45.08	93.66	-131.33	15.306
146	5.8555	19.459	127.6	9.4154	-10.115	168.06	10.502	-16.764	160.85	-51.766	46.687	83.316	-101.35	45.34	95.238	-130.9	15.587
147.66	6.0522	19.528	129.31	9.7647	-10.105	169.63	10.964	-16.458	162.51	-51.264	47.024	84.931	-100.9	45.572	96.84	-130.49	15.853
149.85	6.5225	20.005	130.99	9.9567	-10.067	171.4	11.321	-16.109	164.31	-50.877	47.342	86.686	-100.52	45.819	98.507	-130.03	16.061
151.6	6.5488	20.019	133.19	10.502	-9.5739	173.34	11.652	-15.67	166.23	-50.571	47.699	88.567	-100.18	46.002	100.31	-129.68	16.357
153.87	6.8798	20.372	135.37	10.837	-8.9761	175.5	11.925	-15.219	168.27	-50.404	48.064	90.573	-99.937	46.231	102.33	-129.53	16.404
156.3	7.1565	20.815	137.74	11.118	-8.8065	177.76	12.114	-14.846	170.43	-50.326	48.44	92.643	-99.688	46.392	104.24	-129.21	16.618
158.92	7.2844	21.172	140.33	11.347	-8.3343	180.33	12.191	-14.254	172.7	-50.351	48.795	94.779	-99.489	46.564	106.36	-129.03	16.751
161.69	7.2522	21.652	143.09	11.421	-7.7956	183.01	12.203	-13.687	175.11	-50.387	49.221	97.021	-99.298	46.765	108.54	-128.99	16.943
164.55	7.1429	22.049	145.98	11.448	-7.4364	185.82	12.181	-13.216	177.6	-50.551	49.573	99.352	-99.172	46.915	110.77	-128.81	17.149
167.53	6.926	22.543	149.01	11.502	-7.0175	188.75	12.069	-12.551	180.17	-50.746	49.968	101.78	-99.089	47.106	113.03	-128.67	17.249
170.62	6.6865	22.947	152.14	11.441	-6.5349	191.82	11.889	-12.164	182.83	-51.033	50.343	104.26	-98.993	47.299	115.39	-128.71	17.414
173.77	6.361	23.393	155.38	11.377	-6.1748	194.93	11.663	-11.55	185.57	-51.378	50.785	106.78	-98.933	47.454	117.77	-128.65	17.586
177.04	6.069	23.812	158.72	11.26	-5.8214	198.21	11.329	-11.095	188.35	-51.756	51.16	109.33	-98.853	47.642	120.16	-128.5	17.688
180.39	5.7515	24.294	162.16	11.079	-5.4853	201.6	10.953	-10.6	191.19	-52.174	51.495	111.91	-98.768	47.861	122.55	-128.47	17.872
183.85	5.3256	24.74	165.66	10.908	-4.9465	205.08	10.532	-10.071	194.15	-52.658	51.903	114.52	-98.698	48.012	125.03	-128.47	18.091
187.38	4.8669	25.09	169.31	10.682	-4.6824	208.65	10.022	-9.7151	197.11	-53.167	52.249	117.17	-98.61	48.223	127.54	-128.43	18.275
191.05	4.4342	25.515	172.99	10.408	-4.1861	212.3	9.5338	-9.2456	200.14	-53.667	52.594	119.89	-98.494	48.376	130.14	-128.55	18.507
194.69	3.9187	25.839	176.76	10.082	-3.9661	216.03	9.0385	-8.8042	203.25	-54.2	52.968	122.63	-98.394	48.501	132.74	-128.54	18.616
198.38	3.4141	26.155	180.56	9.7115	-3.8139	219.82	8.5093	-8.4097	206.35	-54.73	53.262	125.43	-98.296	48.71	135.28	-128.37	18.825
202.6	3.3824	27.211	184.38	9.3486	-3.5463	223.57	7.9369	-8.1241	209.51	-55.224	53.571	128.27	-98.151	48.846	137.9	-128.31	18.907
206.31	2.8667	27.473	188.19	8.9838	-3.2676	227.37	7.4112	-7.7757	212.71	-55.772	53.844	131.11	-98.046	48.971	140.53	-128.27	19.043
209.98	2.3385	27.714	192	8.6506	-3.0694	231.17	6.903	-7.3435	215.86	-56.247	54.099	133.98	-97.926	49.188	143.3	-128.33	19.369
213.63	1.848	27.98	195.8	8.2652	-2.7696	234.94	6.3761	-7.0256	219.06	-56.735	54.344	136.85	-97.793	49.34	145.88	-128.09	19.397
217.3	1.3545	28.247	199.57	7.9356	-2.607	238.72	5.8839	-6.6859	222.22	-57.253	54.576	139.71	-97.658	49.436	148.56	-128.09	19.493
220.92	0.8683	28.533	203.31	7.554	-2.3153	242.46	5.3655	-6.3398	225.33	-57.709	54.82	142.56	-97.495	49.541	151.15	-127.95	19.601
224.47	0.36557	28.771	207.04	7.1801	-2.1699	246.14	4.8692	-5.9869	228.39	-58.259	54.989	145.37	-97.352	49.659	153.78	-127.79	19.69
228.02	-0.089659	29.043	210.68	6.8475	-1.7405	249.81	4.3825	-5.6962	231.43	-58.702	55.218	148.13	-97.196	49.754	156.37	-127.7	19.787
231.5	-0.52644	29.298	214.31	6.5072	-1.8013	253.42	3.9226	-5.3729	234.43	-59.16	55.439	150.88	-96.991	49.805	159.04	-127.78	19.846
234.88	-0.96041	29.517	217.86	6.2531	-1.612	256.99	3.4552	-5.0401	237.34	-59.586	55.637	153.57	-96.793	49.809	161.51	-127.68	19.887
238.26	-1.3873	29.72	221.34	5.9307	-1.2403	260.47	2.9743	-4.77	240.22	-60.003	55.819	156.22	-96.597	49.808	163.86	-127.27	19.754
241.59	-1.7858	29.931	224.78	5.6836	-1.3019	263.92	2.5342	-4.5046	243	-60.407	55.96	158.81	-96.36	49.77	166.28	-127.07	19.82
244.84	-2.1228	30.124	228.17	5.3045	-1.0413	267.33	2.1015	-4.2633	245.76	-60.703	56.134	161.34	-96.119	49.747	168.66	-126.94	19.783
248.01	-2.5021	30.228	231.49	5.0864	-1.1704	270.64	1.6516	-4.0521	248.41	-61.041	56.278	163.83	-95.845	49.69	171.11	-127.1	19.837
251.08	-2.8369	30.291	234.73	4.7011	-0.89575	273.94	1.2213	-3.8719	250.99	-61.317	56.342	166.25	-95.555	49.596	173.27	-126.56	19.692
254.13	-3.1467	30.332	237.91	4.5086	-1.2069	276.6	0.45108	-4.4451	253.51	-61.573	56.422	168.6	-95.254	49.46	175.48	-126.43	19.578
257.06	-3.5019	30.287	240.99	4.1848	-1.1447	280.23	0.36808	-3.729	255.95	-61.824	56.456	170.89	-94.925	49.301	177.71	-126.16	19.592
259.89	-3.8394	30.178	244	3.8893	-1.26	283.36	0.020898	-3.5015	258.34	-62.022	56.479	173.09	-94.598	49.072	179.74	-125.95	19.452
262.65	-4.1024	30.104	246.88	3.5948	-1.4115	286.27	-0.37861	-3.5931	260.66	-62.274	56.387	175.25	-94.218	48.874	181.88	-126.03	19.325
265.36	-4.3595	29.987	249.63	3.3586	-1.608	289.02	-0.74307	-3.7049	262.9	-62.473	56.244	177.35	-93.879	48.653	183.58	-125.43	19.011
267.96	-4.6003	29.811	252.26	3.2526	-1.873	291.67	-1.0663	-3.855	265.11	-62.657	56.041	179.36	-93.558	48.412	185.45	-125.17	18.784
270.4	-4.8362	29.505	254.77	3.0884	-2.1835	294.17	-1.3376	-4.0738	267.2	-62.873	55.726	181.32	-93.225	48.137	187.22	-124.85	18.531
272.77	-5.0297	29.199	257.1	3.0368	-2.3427	296.48	-1.5775	-4.4103	269.26	-63.024	55.357	183.2	-92.897	47.83	188.92	-124.57	18.245
275.05	-5.142	28.869	259.31	2.9223	-2.5751	298.73	-1.7335	-4.7685	271.22	-63.132	54.965	185.01	-92.596	47.523	190.71	-124.68	18.041
277.21	-5.2145	28.426	261.36	2.8747	-3.0148	300.74	-1.8546	-5.2539	273.08	-63.16	54.505	186.74	-92.259	47.207	192.08	-123.96	17.63
279.19	-5.2891	27.769	263.25	2.9099	-3.5639	302.24	-2.1685	-6.3299	274.82	-63.142	53.953	188.39	-91.911	46.877	193.46	-123.69	17.311
281.09	-5.2256	27.205	265.01	2.9547	-4.1844	304.42	-1.9921	-6.4799	276.49	-63.008	53.421	189.91	-91.563	46.502	194.91	-123.32	16.983
282.76	-5.2059	26.489	266.65	2.97	-4.9611	306.05	-1.9403	-7.1229	278.02	-62.852	52.815	191.33	-91.195	46.144	196.11	-123.06	16.673
284.31	-5.0512	25.789	268.08	3.1394	-5.635	307.56	-1.8787	-7.9195	279.48	-62.605	52.264	192.67	-90.787	45.736	197.3	-122.72	16.227
285.67	-4.8914	24.995	269.43	3.1044	-6.2649	308.93	-1.7481	-8.6827	280.79	-62.31	51.646	193.88	-90.396	45.314	198.66	-122.81	15.997
286.94	-4.649	24.232	270.64	3.2289	-7.1014	310.23	-1.5677	-9.406	281.95	-61.985	51.007	194.98	-89.969	44.846	199.43	-122.04	15.523
288.04	-4.3985	23.363	271.75	3.3863	-7.9608	311.35	-1.4083	-10.245	283.02	-61.576	50.417	195.98	-89.542	44.389	200.42	-121.71	15.139
289.07	-4.0835	22.575	272.71	3.6419	-8.8301	312.35	-1.2172	-11.114	283.96	-61.178	49.786	196.91	-89.053	43.902	201.32	-121.36	14.835
290.05	-3.6556	21.868	273.56	3.747	-9.752	313.29	-1.0044	-11.885	284.79	-60.741	49.15	197.72	-88.607	43.415	201.99	-121.09	14.303
291.38	-2.2469	21.637	274.12	4.1976	-10.317	314.01	-0.879	-12.748	285.59	-60.269	48.599	198.44	-88.136	42.906	202.72	-120.72	13.967
291.87	-1.6036	21.613	274.77	4.5928	-10.618	315.05	-0.40869	-13.111	286.21	-60.004	48.025	199.08	-87.676	42.376	203.45	-120.35	13.559
292.8	-1.3596	21.645	275.23	5.0326	-10.759	315.61	0.23676	-13.382	286.85	-59.686	47.528	199.63	-87.271	41.901	203.99	-120.06	13.115
292.81	-1.1321	21.698	275.5	5.5516	-10.578	315.84	0.75354	-13.702	287.35	-59.387	47.159	200.13	-86.969	41.465	204.67	-120.26	12.759
292.9	0.048836	21.686	275.76	6.0292	-11.177	315.84	0.85635	-14.677	287.74	-59.165	46.764	200.58	-86.772	41.092	204.98	-119.47	12.426
293.42	0.33197	21.732	276.15	6.3601	-11.17	316.93	1.6011	-14.241	288.11	-58.845	46.374	201.04	-86.556	40.773	205.34	-119.21	11.972
293.8	0.50266	21.711	276.47	6.6367	-11.382	317.35	1.8291	-14.487	288.43	-58.429	46.126	201.37	-86.278	40.5	205.87	-119.42	11.847
294.02	0.81978	21.721	276.66	6.9493	-11.676	317.69	2.0232	-14.637	288.55	-58.077	46.011	201.52	-85.908	40.242	205.78	-118.74	11.569
294.27	0.88586	21.691	276.81	7.2187	-11.798	317.98	2.2742	-14.794	288.61	-57.722	45.994	201.55	-85.529	40.086	206.2	-118.95	11.596
294.45	0.97702	21.675	276.94	7.349	-11.899	317.7	2.201	-15.337	288.57	-57.379	46.029	201.52	-85.178	39.982	205.98	-118.32	11.501
294.57	1.0737	21.699	277	7.4467	-11.961	318.32	2.6445	-14.641	288.51	-57.089	46.112	201.47	-84.915	39.952	206.03	-118.17	11.545
294.64	1.1563	21.739	277.02	7.5248	-12.033	318.39	2.7567	-14.591	288.43	-56.784	46.275	201.45	-84.73	39.989	206.05	-118.06	11.665
294.68	1.2016	21.749	276.99	7.514	-12.012	318.44	2.8591	-14.537	288.37	-56.538	46.4	201.4	-84.6	40.034	206.05	-118	11.778
294.68	1.2218	21.752	276.95	7.5341	-12.076	318.46	2.9286	-14.503	288.29	-56.363	46.528	201.31	-84.491	40.1	206.02	-117.92	11.956
294.69	1.2363	21.762	276.89	7.5119	-12.166	318.5	2.9402	-14.444	288.2	-56.226	46.636	201.2	-84.416	40.174	205.94	-117.89	12.145
294.68	1.2331	21.756	276.79	7.4482	-12.332	318.53	2.9078	-14.414	288.1	-56.162	46.698	201.07	-84.365	40.236	206.1	-118.36	12.487
294.65	1.2593	21.765	276.74	7.2568	-12.943	318.53	2.8263	-14.438	288.01	-56.139	46.773	200.92	-84.372	40.333	205.72	-117.98	12.448
294.58	1.336	21.786	276.58	7.1086	-13.181	318.5	2.735	-14.554	287.86	-56.123	46.737	200.79	-84.415	40.422	205.56	-118.06	12.652
294.49	1.3773	21.788	276.43	7.0328	-13.206	318.49	2.5982	-14.705	287.7	-56.126	46.637	200.66	-84.46	40.446	205.43	-118.15	12.755
294.34	1.3664	21.723	276.26	6.8644	-13.042	318.47	2.4342	-14.827	287.6	-56.248	46.549	200.51	-84.508	40.455	205.51	-118.73	12.998
294.2	1.4048	21.716	276.15	6.7292	-13.049	318.45	2.2268	-14.936	287.51	-56.434	46.445	200.32	-84.601	40.458	205.37	-118.86	13.004
294.1	1.4613	21.722	275.97	6.5223	-13.084	318.37	1.9179	-15.076	287.37	-56.648	46.389	200.12	-84.809	40.483	204.85	-118.65	12.943
294.15	1.5877	21.788	275.59	6.1463	-13.208	318.37	1.599	-15.164	287.22	-56.925	46.264	199.91	-85.078	40.546	204.8	-119.37	13.064
294.08	1.6357	21.787	275.24	5.935	-13.179	318.4	1.209	-15.193	287.03	-57.199	46.194	199.71	-85.309	40.564	204.31	-119.19	13.037
294.07	1.6401	21.783	274.79	5.7423	-13.084	318.47	0.77984	-15.196	286.75	-57.527	46.108	199.45	-85.526	40.623	204.03	-119.4	13.094
294.07	1.6254	21.786	274.42	5.4575	-13.034	318.61	0.31998	-15.152	286.49	-57.806	46.08	199.13	-85.788	40.701	203.67	-119.77	13.22
294.07	1.6127	21.794	273.81	5.1893	-12.743	318.84	-0.1176	-14.87	286.18	-58.089	46.105	198.74	-86.094	40.749	203.21	-120.06	13.228
294.08	1.5517	21.786	273.07	5.0352	-12.675	319.06	-0.69422	-14.715	285.79	-58.43	46.096	198.33	-86.39	40.914	202.9	-120.42	13.44
294.13	1.4983	21.769	272.23	4.7793	-12.491	NaN	NaN	NaN	285.33	-58.728	46.147	197.9	-86.753	41.065	202.62	-121.24	13.692
294.15	1.4876	21.779	271.29	4.586	-12.46	NaN	NaN	NaN	284.84	-58.946	46.149	197.43	-87.133	41.256	201.91	-121.16	13.752
294.15	1.5075	21.78	270.16	4.3769	-12.201	NaN	NaN	NaN	284.32	-59.271	46.146	196.91	-87.51	41.419	201.39	-121.54	14.016
294.15	1.5102	21.769	268.99	4.1726	-12.094	NaN	NaN	NaN	283.81	-59.639	46.173	196.31	-87.904	41.602	200.75	-122	14.228
294.17	1.5197	21.785	267.79	3.937	-12.009	NaN	NaN	NaN	283.19	-60.09	46.189	195.67	-88.31	41.805	200.17	-122.39	14.476
294.17	1.5249	21.778	266.57	3.6187	-11.892	NaN	NaN	NaN	282.48	-60.61	46.235	194.97	-88.785	41.977	199.36	-122.88	14.584
294.17	1.5279	21.781	265.35	3.2304	-11.472	NaN	NaN	NaN	281.75	-61.161	46.371	194.21	-89.316	42.144	198.56	-123.42	14.719
294.18	1.534	21.792	264.14	2.8564	-10.959	NaN	NaN	NaN	280.93	-61.794	46.534	193.42	-89.873	42.343	197.86	-123.95	14.935
294.18	1.5345	21.778	262.94	2.4938	-10.451	NaN	NaN	NaN	280.05	-62.504	46.701	192.56	-90.483	42.609	197.01	-124.47	15.129
294.18	1.5345	21.778	261.73	2.0511	-9.8318	320.76	-6.3034	-7.8254	279.08	-63.253	46.898	191.62	-91.126	42.868	196.02	-125.09	15.264
294.19	1.537	21.781	260.49	1.6335	-9.2963	321.72	-8.1294	-8.0074	278.1	-63.997	47.161	190.59	-91.791	43.114	195.26	-126.14	15.538
294.19	1.5321	21.784	259.2	1.189	-8.5766	321.21	-8.5872	-5.8159	277.04	-64.737	47.543	189.5	-92.519	43.483	193.96	-126.31	15.689
294.19	1.5247	21.787	257.81	0.72073	-7.8806	321.23	-9.6512	-4.6187	275.83	-65.53	47.891	188.37	-93.24	43.874	192.79	-126.91	16
294.17	1.5251	21.779	256.38	0.22753	-6.9538	320.98	-11.026	-3.9165	274.57	-66.314	48.359	187.13	-93.951	44.269	191.58	-127.56	16.334
294.18	1.5179	21.781	254.9	-0.29456	-6.0515	320.86	-12.07	-2.4833	273.19	-67.138	48.843	185.76	-94.697	44.739	190.31	-128.26	16.685
294.17	1.5126	21.774	253.31	-0.79809	-4.8928	320.34	-13.399	-1.3675	271.75	-67.966	49.397	184.28	-95.456	45.207	188.77	-128.91	17.02
294.17	1.5071	21.779	251.72	-1.2937	-4.0614	319.69	-14.674	-0.21253	270.21	-68.812	50.059	182.74	-96.243	45.719	187.33	-129.55	17.464
294.16	1.4996	21.782	250.06	-1.824	-2.8852	318.91	-15.8	1.227	268.52	-69.728	50.691	181.09	-97.084	46.286	185.78	-130.26	17.894
294.16	1.5002	21.77	248.32	-2.3914	-1.477	318.05	-16.859	2.67	266.81	-70.607	51.49	179.36	-97.942	46.851	184.1	-130.94	18.34
294.16	1.5	21.769	246.52	-2.9587	-0.21919	316.76	-18.032	3.7992	264.91	-71.551	52.18	177.53	-98.813	47.404	182.3	-131.67	18.691
294.15	1.4994	21.785	244.66	-3.5174	1.1457	315.27	-19.137	5.0017	262.93	-72.484	52.916	175.62	-99.716	48.061	180.5	-132.32	19.176
294.15	1.4948	21.788	242.72	-4.0325	2.4569	313.59	-20.102	6.1445	260.88	-73.388	53.743	173.56	-100.59	48.666	178.59	-132.98	19.687
294.15	1.5048	21.78	240.7	-4.5995	4.0384	311.83	-20.865	7.5064	258.68	-74.306	54.574	171.37	-101.47	49.328	176.39	-133.68	20.016
294.15	1.5071	21.77	238.57	-5.2001	5.6097	309.6	-21.821	8.3565	256.35	-75.219	55.329	169.08	-102.31	49.97	174.15	-134.31	20.508
294.15	1.507	21.781	236.67	-5.3014	7.5648	307.32	-22.563	9.2457	254.12	-75.859	56.41	166.63	-103.17	50.603	171.89	-134.88	21.079
294.16	1.5141	21.778	234.4	-5.6846	8.9766	304.45	-23.352	10.01	251.55	-76.658	57.158	164.07	-103.99	51.2	169.64	-135.89	21.456
294.16	1.5246	21.782	231.92	-6.2078	10.471	301.61	-23.831	10.678	248.84	-77.419	57.914	161.38	-104.82	51.76	166.95	-136.08	21.811
294.17	1.52	21.785	229.31	-6.595	11.688	298.47	-24.215	11.386	245.96	-78.103	58.616	158.58	-105.64	52.288	164.25	-136.68	22.116
294.17	1.5251	21.78	226.55	-7.0515	12.956	295.27	-24.235	12.239	242.97	-78.697	59.261	155.67	-106.39	52.782	161.5	-137.24	22.368
294.17	1.5369	21.787	223.63	-7.4517	14.193	291.63	-24.318	12.717	239.84	-79.214	59.832	152.65	-107.1	53.237	158.68	-137.76	22.692
294.18	1.5322	21.789	220.56	-7.8004	15.209	287.77	-24.129	13.113	236.57	-79.6	60.393	149.51	-107.78	53.673	155.97	-138.5	23.143
294.18	1.5231	21.785	217.27	-8.0432	16.153	283.52	-23.845	13.429	233.17	-79.919	60.901	146.26	-108.42	54.047	152.78	-138.75	23.379
294.18	1.5207	21.781	213.72	-8.3298	16.81	279.16	-23.358	13.594	229.65	-80.135	61.338	142.89	-109.06	54.395	149.57	-139.2	23.445
294.18	1.5317	21.789	210	-8.4711	17.414	274.57	-22.716	13.725	225.99	-80.253	61.714	139.41	-109.66	54.68	146.48	-139.83	23.795
294.18	1.518	21.779	206.12	-8.5608	17.828	269.64	-21.861	13.869	222.19	-80.272	62.022	135.83	-110.24	54.958	143.13	-140.19	23.929
294.17	1.5238	21.792	201.96	-8.7447	18.058	264.46	-20.98	13.839	218.27	-80.191	62.305	132.12	-110.79	55.199	139.54	-140.36	23.971
294.18	1.5152	21.789	197.74	-8.6952	18.365	258.96	-19.968	13.676	214.22	-80.037	62.535	128.3	-111.33	55.41	135.99	-140.78	24.089
294.17	1.5109	21.781	193.16	-8.6246	18.321	253.26	-18.789	13.532	210.06	-79.801	62.648	124.39	-111.85	55.593	132.39	-141.1	24.239
294.17	1.5072	21.778	188.42	-8.5526	18.442	247.27	-17.61	13.064	205.81	-79.455	62.753	120.4	-112.37	55.763	128.71	-141.43	24.405
294.16	1.503	21.787	183.57	-8.3029	18.352	241.2	-16.188	12.903	201.45	-79.071	62.809	116.32	-112.89	55.886	124.96	-141.81	24.436
294.16	1.502	21.783	178.54	-8.0475	18.202	234.84	-14.852	12.322	196.96	-78.587	62.777	112.2	-113.42	55.989	121.18	-142.42	24.513
294.16	1.5094	21.784	173.35	-7.7611	17.951	228.29	-13.456	11.843	192.42	-78.053	62.799	108	-113.93	56.06	117.26	-142.73	24.556
294.15	1.5047	21.777	168.12	-7.5095	17.765	221.52	-12.007	11.655	187.77	-77.497	62.69	103.76	-114.44	56.106	113.21	-142.94	24.481
294.15	1.5025	21.775	162.75	-7.2314	17.507	214.55	-10.586	11.314	183.03	-76.881	62.533	99.466	-114.95	56.099	109.21	-143.24	24.512
294.15	1.5074	21.77	157.32	-6.9686	17.208	207.4	-9.2514	10.971	178.23	-76.277	62.47	95.135	-115.46	56.09	105.19	-143.69	24.388
294.15	1.5076	21.781	151.84	-6.622	16.731	200.12	-7.9296	10.776	173.39	-75.647	62.294	90.755	-115.96	56.035	101.07	-143.97	24.398
294.16	1.5119	21.774	146.28	-6.3118	16.422	192.76	-6.5848	9.7081	168.49	-74.99	62.043	86.342	-116.43	56.004	96.909	-144.26	24.198
294.16	1.5155	21.781	140.74	-6.0291	16	NaN	NaN	NaN	163.54	-74.403	61.835	81.897	-116.91	55.906	92.645	-144.42	24.084
294.17	1.5204	21.786	135.18	-5.7906	15.708	NaN	NaN	NaN	158.61	-73.751	61.578	77.438	-117.35	55.753	88.472	-144.78	23.794
294.17	1.5201	21.785	129.58	-5.5073	15.252	NaN	NaN	NaN	153.59	-73.086	61.294	72.955	-117.79	55.551	84.166	-144.92	23.637
294.17	1.5253	21.779	123.92	-5.2349	14.695	NaN	NaN	NaN	148.57	-72.463	60.907	68.46	-118.22	55.39	79.974	-145.23	23.305
294.17	1.5251	21.78	118.27	-4.9488	14.206	NaN	NaN	NaN	143.25	-72.057	60.157	63.975	-118.6	55.145	75.727	-145.46	23.017
294.18	1.5168	21.777	112.53	-4.6981	13.78	NaN	NaN	NaN	138.22	-71.322	59.736	59.505	-118.98	54.89	71.497	-145.69	22.78
294.17	1.525	21.79	106.81	-4.4475	13.045	NaN	NaN	NaN	133.11	-70.656	59.314	55.032	-119.37	54.64	67.291	-145.91	22.46
294.17	1.5269	21.784	101.06	-4.1727	12.396	NaN	NaN	NaN	128.07	-69.843	58.921	50.593	-119.68	54.317	63.08	-146.03	22.134
294.18	1.5176	21.778	95.207	-3.9244	11.659	NaN	NaN	NaN	123.04	-69.091	58.383	46.217	-119.98	53.989	59.027	-146.31	21.763
294.17	1.5239	21.776	89.319	-3.7283	10.856	NaN	NaN	NaN	117.99	-68.259	57.887	41.864	-120.34	53.704	54.892	-146.52	21.437
294.17	1.5154	21.788	83.525	-3.5186	10.164	NaN	NaN	NaN	113.01	-67.439	57.407	37.585	-120.66	53.386	50.812	-146.65	21.136
294.16	1.5174	21.784	77.767	-3.2793	9.5077	NaN	NaN	NaN	108.06	-66.676	56.851	33.344	-120.96	53.035	46.822	-146.85	20.834
294.16	1.5153	21.78	72.028	-3.0823	8.8531	NaN	NaN	NaN	103.19	-65.902	56.346	29.139	-121.25	52.671	42.903	-147.08	20.489
294.16	1.5118	21.776	66.332	-2.8923	8.1705	NaN	NaN	NaN	98.374	-65.134	55.795	25.044	-121.54	52.322	39.023	-147.26	20.098
294.16	1.512	21.788	60.845	-2.6819	7.4502	NaN	NaN	NaN	93.655	-64.407	55.247	20.986	-121.85	51.944	35.191	-147.41	19.629
294.15	1.5054	21.78	55.362	-2.5725	6.8531	NaN	NaN	NaN	89.011	-63.727	54.697	17.006	-122.12	51.556	31.445	-147.57	19.326
294.15	1.5065	21.783	50.037	-2.4228	6.3443	NaN	NaN	NaN	84.433	-63.072	54.164	13.111	-122.38	51.166	27.76	-147.71	18.939
294.15	1.5078	21.78	44.838	-2.2395	5.6171	NaN	NaN	NaN	79.96	-62.494	53.633	9.2947	-122.63	50.777	24.168	-147.85	18.502
294.15	1.5092	21.785	39.647	-2.1596	5.1694	NaN	NaN	NaN	75.574	-61.958	53.15	5.591	-122.88	50.38	20.731	-148.02	18.112
294.16	1.5121	21.774	34.236	-2.4647	3.8407	NaN	NaN	NaN	71.312	-61.417	52.672	1.9437	-123.16	49.981	17.322	-148.18	17.656
294.16	1.512	21.788	29.939	-2.0175	4.0331	NaN	NaN	NaN	67.511	-60.579	52.662	-1.6171	-123.39	49.554	14.023	-148.3	17.26
294.16	1.5129	21.776	25.36	-1.9267	3.2814	NaN	NaN	NaN	63.465	-60.119	52.273	-5.0454	-123.58	49.185	10.871	-148.44	16.879
294.16	1.5155	21.78	20.959	-1.9408	2.8331	44.869	3.8576	-10.179	59.531	-59.679	51.886	-8.4315	-123.76	48.757	7.7448	-148.59	16.54
294.17	1.5202	21.786	16.805	-1.898	2.286	40.395	4.0159	-9.7686	55.396	-59.537	51.105	-11.681	-123.92	48.392	4.8504	-148.67	16.19
294.17	1.5193	21.785	12.765	-1.938	1.7232	36.377	4.1739	-10.203	51.684	-59.137	50.819	-14.83	-124.08	48.006	1.9767	-148.85	15.86
294.17	1.5222	21.788	8.9816	-1.9144	1.133	32.55	4.2317	-10.674	48.129	-58.737	50.595	-17.846	-124.23	47.595	-0.71766	-148.96	15.6
294.17	1.5226	21.789	5.3827	-2.0029	0.81865	28.955	4.298	-11.113	44.709	-58.397	50.341	-20.69	-124.36	47.254	-3.2926	-149.07	15.283
294.18	1.5176	21.778	1.9416	-2.0348	0.10959	25.601	4.3396	-11.472	41.436	-58.074	50.196	-23.478	-124.51	46.844	-5.73	-149.19	14.982
294.18	1.5152	21.789	-1.1915	-2.1185	-0.22332	22.373	4.4177	-11.932	38.332	-57.774	50.043	-26.112	-124.61	46.488	-7.9998	-149.31	14.748
294.17	1.5191	21.784	-4.1198	-2.1008	-0.90632	19.51	4.4395	-12.196	35.367	-57.47	49.941	-28.632	-124.72	46.128	-10.194	-149.4	14.486
294.18	1.5144	21.79	-6.898	-2.1926	-1.3238	16.713	4.4588	-12.638	32.601	-57.227	49.824	-31.03	-124.8	45.771	-12.286	-149.46	14.266
294.17	1.5103	21.78	-9.4684	-2.3358	-1.7395	14.157	4.4653	-12.983	29.959	-57.056	49.742	-33.299	-124.89	45.366	-14.227	-149.59	14.06
294.16	1.5169	21.78	-11.827	-2.4021	-2.1876	11.887	4.467	-13.193	27.501	-56.913	49.602	-35.423	-124.96	45.001	-16.12	-149.66	13.765
294.16	1.5178	21.782	-13.973	-2.4292	-2.6284	9.748	4.4003	-13.445	25.224	-56.798	49.485	-37.444	-125.05	44.622	-17.855	-149.72	13.428
294.16	1.5152	21.78	-15.957	-2.4796	-2.9834	7.7774	4.3483	-13.654	23.113	-56.701	49.422	-39.288	-125.11	44.222	-19.509	-149.83	13.177
294.17	1.5172	21.784	-17.804	-2.5911	-3.3033	5.9837	4.4014	-13.942	21.109	-56.674	49.267	-41.063	-125.2	43.818	-20.993	-149.88	12.85
294.15	1.5083	21.783	-19.456	-2.6293	-3.7247	4.35	4.325	-14.194	19.285	-56.655	49.097	-42.704	-125.26	43.38	-22.416	-149.96	12.545
294.16	1.514	21.779	-21.021	-2.7057	-4.1405	2.8825	4.2738	-14.416	17.595	-56.643	48.939	-44.25	-125.31	42.942	-23.774	-150.01	12.061
294.16	1.5127	21.777	-22.354	-2.767	-4.5268	1.5485	4.254	-14.725	16.005	-56.638	48.727	-45.67	-125.35	42.491	-24.991	-150.07	11.817
294.16	1.5116	21.788	-23.64	-2.8549	-4.9483	0.3063	4.1724	-14.997	14.563	-56.639	48.511	-47.012	-125.4	41.984	-26.184	-150.13	11.426
294.16	1.5171	21.781	-24.753	-2.8687	-5.4681	-0.78589	4.1696	-15.367	13.186	-56.64	48.266	-48.268	-125.42	41.489	-27.18	-150.17	11.023
294.16	1.5273	21.787	-25.91	-3.0064	-6.1184	-1.7404	4.0027	-15.69	11.935	-56.616	47.982	-49.402	-125.43	40.985	-28.121	-150.26	10.593
294.16	1.5273	21.787	-27.099	-3.2924	-7.1116	-2.6327	3.9613	-16.158	10.744	-56.598	47.713	-50.459	-125.43	40.482	-28.988	-150.29	10.157
294.16	1.5316	21.78	-27.946	-3.3275	-7.6708	-3.4664	3.8785	-16.628	9.6308	-56.543	47.387	-51.463	-125.45	39.901	-29.801	-150.36	9.7412
294.17	1.5323	21.781	-28.716	-3.422	-8.2967	-4.2241	3.8059	-17.154	8.5886	-56.487	47.045	-52.34	-125.43	39.341	-30.504	-150.4	9.2673
294.17	1.5247	21.79	-29.398	-3.463	-8.9861	-4.8208	3.7043	-17.646	7.5778	-56.463	46.688	-53.164	-125.42	38.748	-31.16	-150.47	8.8403
294.17	1.5249	21.778	-30.024	-3.5376	-9.6686	-5.3734	3.6271	-18.119	6.6834	-56.373	46.392	-53.908	-125.41	38.151	-31.715	-150.51	8.3842
294.17	1.525	21.79	-30.554	-3.5972	-10.388	-5.84	3.5643	-18.604	5.8132	-56.318	46.103	-54.593	-125.37	37.508	-32.152	-150.53	7.9626
294.17	1.5222	21.788	-30.942	-3.688	-10.947	-6.2021	3.571	-19.112	4.9387	-56.238	45.75	-55.249	-125.34	36.831	-32.576	-150.59	7.4086
294.17	1.525	21.79	-31.303	-3.6973	-11.724	-6.5087	3.5618	-18.955	4.1923	-56.2	45.473	-55.826	-125.29	36.146	-32.899	-150.63	6.9915
294.17	1.5229	21.776	-31.531	-3.6678	-12.111	-6.7506	3.7582	-18.869	3.5127	-56.226	45.273	-56.36	-125.24	35.417	-33.269	-150.67	6.5003
294.16	1.526	21.785	-31.629	-3.6554	-12.314	-6.7851	3.8036	-18.862	2.9042	-56.454	45.077	-56.842	-125.2	34.629	-33.486	-150.67	6.0014
294.17	1.5197	21.785	-31.626	-3.655	-12.426	-6.751	3.7754	-18.874	2.3971	-56.678	44.98	-57.296	-125.16	33.902	-33.749	-150.72	5.4244
294.16	1.5177	21.782	-31.634	-3.6405	-12.534	-6.7063	3.7583	-18.855	1.9768	-56.91	44.842	-57.649	-125.16	33.136	-33.889	-150.78	4.8162
294.16	1.5178	21.783	-31.684	-3.5832	-12.796	-6.6743	3.7116	-18.878	1.586	-57.126	44.658	-57.94	-125.19	32.472	-34.035	-150.81	4.231
294.16	1.5119	21.788	-31.621	-3.5492	-12.872	-6.5696	3.7007	-18.895	1.2885	-57.31	44.536	-58.171	-125.2	31.741	-34.108	-150.85	3.6476
294.16	1.5142	21.779	-31.607	-3.4937	-13.113	-6.449	3.691	-18.906	0.96881	-57.507	44.348	-58.395	-125.19	31.074	-34.217	-150.84	3.1471
294.15	1.5097	21.771	-31.561	-3.5107	-13.208	-6.3206	3.7052	-18.887	0.66263	-57.679	44.108	-58.576	-125.18	30.407	-34.29	-150.88	2.5558
294.16	1.5138	21.778	-31.547	-3.4651	-13.455	-6.248	3.7275	-18.879	0.42102	-57.835	43.88	-58.737	-125.16	29.816	-34.329	-150.88	2.0818
294.16	1.5171	21.781	-31.541	-3.4434	-13.537	-6.2005	3.746	-18.857	0.25903	-57.949	43.698	-58.881	-125.17	29.23	-34.328	-150.92	1.5644
294.16	1.5167	21.78	-31.535	-3.4131	-13.596	-6.1787	3.75	-18.873	0.10675	-58.06	43.548	-58.953	-125.17	28.773	-34.347	-150.98	1.1566
294.17	1.5201	21.772	-31.517	-3.3942	-13.622	-6.1903	3.8036	-18.963	-0.025453	-58.152	43.41	-58.991	-125.18	28.431	-34.319	-151.03	0.89344
294.17	1.5247	21.79	-31.514	-3.3892	-13.635	-6.1599	3.7518	-18.878	-0.12503	-58.172	43.344	-58.99	-125.22	28.25	-34.322	-151.05	0.65127
294.17	1.5276	21.781	-31.52	-3.3811	-13.631	-6.1645	3.7609	-18.875	-0.1551	-58.152	43.338	-58.979	-125.25	28.181	-34.316	-151.06	0.6072
294.17	1.5347	21.782	-31.538	-3.3897	-13.645	-6.185	3.7618	-18.873	-0.1441	-58.11	43.388	-58.948	-125.27	28.211	-34.339	-151.04	0.63536
294.17	1.5366	21.785	-31.558	-3.3774	-13.633	-6.1726	3.756	-18.869	-0.12394	-58.073	43.431	-58.91	-125.28	28.259	-34.36	-151	0.69527
294.18	1.5324	21.774	-31.566	-3.3654	-13.645	-6.1898	3.7459	-18.883	-0.097438	-58.028	43.455	-58.843	-125.27	28.327	-34.376	-150.98	0.76508
294.18	1.5467	21.786	-31.579	-3.3301	-13.659	-6.1613	3.7596	-18.857	-0.047656	-57.972	43.454	-58.789	-125.23	28.37	-34.391	-150.97	0.82819
294.18	1.537	21.78	-31.587	-3.3031	-13.68	-6.1619	3.7715	-18.854	0.016806	-57.897	43.443	-58.751	-125.19	28.368	-34.385	-150.95	0.7782
294.17	1.5417	21.778	-31.584	-3.2684	-13.69	-6.1469	3.7702	-18.862	0.10378	-57.849	43.359	-58.703	-125.15	28.374	-34.371	-150.92	0.73366
294.18	1.5441	21.781	-31.572	-3.2178	-13.671	-6.1506	3.77	-18.866	0.17902	-57.799	43.269	-58.655	-125.11	28.34	-34.349	-150.89	0.6741
294.18	1.5459	21.785	-31.568	-3.1834	-13.682	-6.1276	3.7847	-18.858	0.27017	-57.792	43.186	-58.582	-125.08	28.274	-34.319	-150.88	0.55818
294.18	1.5473	21.787	-31.552	-3.1569	-13.69	-6.1128	3.8285	-18.856	0.35369	-57.765	43.101	-58.512	-125.06	28.201	-34.289	-150.87	0.45229
294.18	1.5438	21.782	-31.547	-3.1369	-13.694	-6.1071	3.8609	-18.851	0.45819	-57.743	42.996	-58.418	-125.08	28.125	-34.238	-150.88	0.36488
294.17	1.5395	21.774	-31.519	-3.1316	-13.69	-6.1352	3.9342	-18.951	0.55534	-57.74	42.879	-58.335	-125.09	28.07	-34.196	-150.91	0.24375
294.17	1.5418	21.777	-31.506	-3.1243	-13.68	-6.1252	3.941	-18.944	0.65051	-57.745	42.795	-58.239	-125.12	28.025	-34.147	-150.97	0.15297
294.17	1.5422	21.775	-31.514	-3.1301	-13.688	-6.1183	3.9443	-18.937	0.7503	-57.755	42.672	-58.13	-125.15	28.004	-34.077	-151.02	0.072645
294.17	1.5373	21.784	-31.512	-3.1416	-13.695	-6.1223	3.9286	-18.947	0.85162	-57.758	42.624	-58.026	-125.2	27.987	-34.014	-151.05	-0.030144
294.17	1.5372	21.783	-31.518	-3.1526	-13.675	-6.1166	3.929	-18.943	0.94968	-57.778	42.552	-57.928	-125.27	27.957	-33.958	-151.08	-0.091132
294.17	1.5367	21.783	-31.503	-3.173	-13.663	-6.1157	3.9168	-18.948	1.0661	-57.775	42.487	-57.816	-125.32	27.941	-33.889	-151.11	-0.15461
294.16	1.5329	21.778	-31.503	-3.2026	-13.667	-6.1154	3.9154	-18.935	1.1566	-57.803	42.407	-57.703	-125.37	27.949	-33.845	-151.16	-0.23363
294.16	1.5439	21.786	-31.5	-3.218	-13.66	-6.1196	3.9123	-18.937	1.2385	-57.821	42.328	-57.632	-125.41	27.945	-33.775	-151.2	-0.31323
294.17	1.5347	21.779	-31.497	-3.2439	-13.658	-6.1143	3.9001	-18.941	1.3237	-57.863	42.266	-57.556	-125.45	27.929	-33.753	-151.22	-0.37709
294.17	1.5346	21.78	-31.506	-3.2687	-13.662	-6.11	3.8878	-18.944	1.4017	-57.895	42.204	-57.488	-125.51	27.898	-33.726	-151.24	-0.43799
294.17	1.5393	21.787	-31.512	-3.2855	-13.673	-6.1138	3.8833	-18.933	1.4711	-57.925	42.165	-57.426	-125.55	27.89	-33.702	-151.28	-0.49053
294.17	1.5344	21.782	-31.521	-3.3079	-13.676	-6.1116	3.8712	-18.939	1.5216	-57.951	42.096	-57.389	-125.58	27.862	-33.696	-151.31	-0.52462
294.17	1.5393	21.787	-31.519	-3.3083	-13.661	-6.1092	3.871	-18.937	1.5609	-57.974	42.074	-57.355	-125.6	27.853	-33.685	-151.35	-0.56473
294.17	1.5346	21.78	-31.518	-3.321	-13.667	-6.1163	3.8677	-18.944	1.588	-57.982	42.068	-57.326	-125.62	27.815	-33.689	-151.36	-0.6091
294.17	1.5369	21.784	-31.524	-3.3249	-13.673	-6.1092	3.871	-18.937	1.6016	-57.984	42.046	-57.319	-125.64	27.791	-33.687	-151.39	-0.64894
294.17	1.537	21.784	-31.521	-3.3232	-13.671	-6.1098	3.8709	-18.936	1.6121	-57.976	42.042	-57.308	-125.65	27.767	-33.691	-151.39	-0.66997
294.17	1.5385	21.785	-31.543	-3.3235	-13.695	-6.1098	3.8709	-18.936	1.6081	-57.976	42.038	-57.307	-125.64	27.717	-33.709	-151.4	-0.69993
294.17	1.5513	21.78	-31.526	-3.3097	-13.681	-6.1085	3.871	-18.937	1.5995	-57.969	42.035	-57.323	-125.64	27.707	-33.72	-151.41	-0.72588
294.18	1.5432	21.78	-31.524	-3.2935	-13.686	-6.1065	3.874	-18.934	1.5904	-57.946	42.044	-57.338	-125.63	27.663	-33.727	-151.4	-0.7366
294.18	1.5441	21.781	-31.536	-3.2866	-13.69	-6.1092	3.8742	-18.936	1.5632	-57.926	42.041	-57.358	-125.61	27.644	-33.744	-151.39	-0.74759
294.17	1.554	21.784	-31.526	-3.2643	-13.685	-6.1085	3.8879	-18.945	1.5082	-57.909	42.022	-57.394	-125.6	27.602	-33.772	-151.38	-0.772
294.18	1.5501	21.788	-31.552	-3.2528	-13.693	-6.1098	3.891	-18.944	1.4686	-57.88	42.03	-57.43	-125.58	27.579	-33.822	-151.4	-0.79298
294.18	1.5493	21.774	-31.543	-3.23	-13.692	-6.1016	3.8944	-18.937	1.4181	-57.861	42.028	-57.469	-125.56	27.553	-33.848	-151.37	-0.79487
294.18	1.556	21.787	-31.559	-3.2229	-13.71	-6.1088	3.8896	-18.93	1.3757	-57.825	42.053	-57.51	-125.54	27.512	-33.858	-151.37	-0.79719
294.18	1.56	21.78	-31.561	-3.1972	-13.711	-6.1099	3.9036	-18.935	1.3083	-57.804	42.044	-57.538	-125.53	27.476	-33.872	-151.36	-0.80079
294.18	1.5465	21.782	-31.567	-3.1838	-13.721	-6.1116	3.9016	-18.924	1.2595	-57.769	42.053	-57.586	-125.52	27.444	-33.894	-151.35	-0.80762
294.17	1.5538	21.784	-31.573	-3.1725	-13.719	-6.1236	3.9089	-18.942	1.2183	-57.746	42.071	-57.612	-125.51	27.423	-33.913	-151.35	-0.81952
294.17	1.5448	21.779	-31.584	-3.1767	-13.742	-6.1239	3.9074	-18.929	1.1732	-57.735	42.08	-57.654	-125.5	27.375	-33.93	-151.34	-0.83998
294.17	1.5538	21.784	-31.596	-3.1673	-13.745	-6.1232	3.9074	-18.929	1.1225	-57.719	42.092	-57.68	-125.5	27.336	-33.931	-151.34	-0.84205
