-32.017	-1.7087	-14.101	-44.641	-147.41	-1.9928	-66.683	-121.48	27.934	-1.9149	-60.179	43.331	-4.9368	1.6736	-16.533	NaN	NaN	NaN
-32.003	-1.7002	-14.089	-44.649	-147.4	-1.993	-66.687	-121.47	27.949	-1.9177	-60.181	43.329	-4.92	1.6808	-16.516	NaN	NaN	NaN
-32.014	-1.7054	-14.098	-44.648	-147.4	-1.9931	-66.685	-121.48	27.932	-1.9171	-60.18	43.343	-4.9253	1.6769	-16.522	NaN	NaN	NaN
-32.006	-1.7006	-14.092	-44.662	-147.39	-1.9842	-66.69	-121.47	27.922	-1.9143	-60.177	43.331	-4.92	1.6808	-16.516	NaN	NaN	NaN
-31.996	-1.6969	-14.069	-44.658	-147.4	-1.984	-66.696	-121.46	27.923	-1.927	-60.187	43.334	-4.92	1.6808	-16.516	NaN	NaN	NaN
-32.012	-1.7045	-14.098	-44.661	-147.41	-1.9889	-66.696	-121.47	27.919	-1.9181	-60.179	43.341	-4.9309	1.6649	-16.536	NaN	NaN	NaN
-32.011	-1.7038	-14.096	-44.683	-147.4	-1.9784	-66.701	-121.48	27.928	-1.9229	-60.182	43.324	-4.9253	1.6769	-16.522	NaN	NaN	NaN
-32.015	-1.7063	-14.099	-44.688	-147.4	-1.971	-66.713	-121.47	27.924	-1.9325	-60.178	43.337	-4.9193	1.6682	-16.525	NaN	NaN	NaN
-32.001	-1.6988	-14.087	-44.672	-147.41	-1.9961	-66.715	-121.46	27.929	-1.9263	-60.185	43.336	-4.9266	1.6651	-16.531	NaN	NaN	NaN
-32.012	-1.7046	-14.097	-44.684	-147.39	-1.9795	-66.727	-121.47	27.919	-1.9447	-60.188	43.338	-4.9316	1.6597	-16.524	NaN	NaN	NaN
-32.015	-1.7063	-14.099	-44.697	-147.41	-1.9784	-66.731	-121.47	27.915	-1.9391	-60.182	43.344	-4.9234	1.6653	-16.527	NaN	NaN	NaN
-32.004	-1.6989	-14.103	-44.701	-147.4	-1.9631	-66.739	-121.46	27.916	-1.9416	-60.185	43.342	-4.9161	1.6541	-16.515	NaN	NaN	NaN
-32.018	-1.7085	-14.103	-44.7	-147.39	-1.9725	-66.742	-121.46	27.913	-1.945	-60.186	43.353	-4.9283	1.6598	-16.519	NaN	NaN	NaN
-32.02	-1.7122	-14.091	-44.694	-147.41	-1.9621	-66.749	-121.47	27.908	-1.9541	-60.179	43.339	-4.9241	1.66	-16.515	NaN	NaN	NaN
-32.016	-1.7078	-14.1	-44.697	-147.41	-1.9654	-66.741	-121.46	27.914	-1.9577	-60.18	43.348	-4.9264	1.6482	-16.524	NaN	NaN	NaN
-32.01	-1.7024	-14.094	-44.699	-147.4	-1.9614	-66.744	-121.46	27.911	-1.9632	-60.185	43.343	-4.9264	1.6482	-16.524	NaN	NaN	NaN
-32.016	-1.707	-14.1	-44.694	-147.4	-1.9616	-66.739	-121.46	27.902	-1.9637	-60.184	43.33	-4.9261	1.6609	-16.516	NaN	NaN	NaN
-32.019	-1.7074	-14.104	-44.686	-147.4	-1.9686	-66.736	-121.46	27.906	-1.9562	-60.177	43.338	-4.9234	1.651	-16.522	NaN	NaN	NaN
-32.024	-1.6979	-14.1	-44.69	-147.4	-1.971	-66.738	-121.46	27.902	-1.9426	-60.169	43.347	-4.9264	1.6482	-16.524	NaN	NaN	NaN
-32.024	-1.6966	-14.114	-44.674	-147.4	-1.9786	-66.729	-121.45	27.896	-1.943	-60.168	43.334	-4.9307	1.648	-16.528	NaN	NaN	NaN
-32.025	-1.6987	-14.101	-44.674	-147.39	-1.9594	-66.724	-121.44	27.9	-1.9428	-60.168	43.333	-4.9271	1.6466	-16.51	NaN	NaN	NaN
-32.025	-1.6986	-14.103	-44.668	-147.38	-1.9691	-66.721	-121.44	27.901	-1.9418	-60.164	43.323	-4.9297	1.6481	-16.529	NaN	NaN	NaN
-32.021	-1.6955	-14.098	-44.675	-147.39	-1.9639	-66.716	-121.44	27.894	-1.9349	-60.148	43.333	-4.9264	1.6482	-16.524	NaN	NaN	NaN
-32.023	-1.6964	-14.099	-44.669	-147.38	-1.9697	-66.715	-121.44	27.894	-1.9358	-60.148	43.334	-4.9314	1.6569	-16.521	NaN	NaN	NaN
-32.026	-1.6847	-14.109	-44.67	-147.38	-1.9822	-66.723	-121.43	27.881	-1.9438	-60.152	43.315	-4.9359	1.644	-16.534	NaN	NaN	NaN
-32.025	-1.6853	-14.094	-44.675	-147.39	-1.9891	-66.718	-121.42	27.885	-1.9436	-60.15	43.315	-4.9359	1.644	-16.534	NaN	NaN	NaN
-32.021	-1.683	-14.091	-44.666	-147.39	-1.9845	-66.718	-121.42	27.885	-1.9543	-60.143	43.313	-4.9359	1.644	-16.534	NaN	NaN	NaN
-32.018	-1.6786	-14.1	-44.677	-147.39	-1.9866	-66.724	-121.41	27.886	-1.9445	-60.137	43.321	-4.9334	1.6436	-16.517	NaN	NaN	NaN
-32.022	-1.6817	-14.104	-44.678	-147.39	-1.9737	-66.735	-121.42	27.878	-1.9584	-60.148	43.323	-4.9334	1.6436	-16.517	NaN	NaN	NaN
-32.037	-1.678	-14.112	-44.683	-147.38	-1.9714	-66.731	-121.42	27.881	-1.9606	-60.137	43.327	-4.9337	1.6451	-16.53	NaN	NaN	NaN
-32.027	-1.683	-14.108	-44.681	-147.39	-1.9627	-66.732	-121.42	27.878	-1.9603	-60.136	43.328	-4.9387	1.6397	-16.523	NaN	NaN	NaN
-32.027	-1.6821	-14.109	-44.673	-147.39	-1.9583	-66.738	-121.42	27.874	-1.9582	-60.134	43.33	-4.9334	1.6436	-16.517	NaN	NaN	NaN
-32.031	-1.6874	-14.099	-44.676	-147.39	-1.9714	-66.745	-121.43	27.88	-1.9689	-60.141	43.321	-4.9295	1.6311	-16.521	NaN	NaN	NaN
-32.034	-1.6896	-14.102	-44.682	-147.39	-1.9764	-66.743	-121.42	27.858	-1.9563	-60.133	43.331	-4.9368	1.628	-16.528	NaN	NaN	NaN
-32.023	-1.6943	-14.112	-44.688	-147.4	-1.97	-66.746	-121.43	27.866	-1.9585	-60.146	43.311	-4.9222	1.6342	-16.514	NaN	NaN	NaN
-32.034	-1.7011	-14.122	-44.687	-147.4	-1.9601	-66.745	-121.43	27.867	-1.9581	-60.147	43.324	-4.9252	1.6208	-16.51	NaN	NaN	NaN
-32.017	-1.6925	-14.094	-44.685	-147.4	-1.9547	-66.745	-121.43	27.866	-1.9596	-60.148	43.308	-4.92	1.621	-16.506	NaN	NaN	NaN
-32.037	-1.7047	-14.112	-44.689	-147.4	-1.9719	-66.746	-121.43	27.866	-1.9548	-60.145	43.325	-4.9388	1.6147	-16.523	NaN	NaN	NaN
-32.038	-1.7055	-14.113	-44.683	-147.41	-1.9691	-66.744	-121.42	27.856	-1.9526	-60.145	43.313	-4.9242	1.6209	-16.51	NaN	NaN	NaN
-32.032	-1.7016	-14.107	-44.68	-147.41	-1.9739	-66.739	-121.42	27.859	-1.9556	-60.145	43.311	-4.9328	1.6193	-16.529	NaN	NaN	NaN
-32.023	-1.6938	-14.098	-44.674	-147.4	-1.978	-66.742	-121.42	27.855	-1.9522	-60.142	43.313	-4.942	1.6241	-16.533	NaN	NaN	NaN
-32.034	-1.6876	-14.115	-44.674	-147.4	-1.9807	-66.734	-121.42	27.849	-1.9505	-60.141	43.303	-4.9222	1.6342	-16.514	NaN	NaN	NaN
-32.031	-1.6874	-14.099	-44.672	-147.4	-1.9753	-66.734	-121.42	27.846	-1.9508	-60.142	43.302	-4.9368	1.628	-16.528	NaN	NaN	NaN
-32.03	-1.6853	-14.112	-44.664	-147.4	-1.985	-66.725	-121.41	27.843	-1.9472	-60.137	43.303	-4.9261	1.6325	-16.506	NaN	NaN	NaN
-32.034	-1.6758	-14.108	-44.667	-147.4	-1.9842	-66.726	-121.41	27.841	-1.9372	-60.129	43.3	-4.9169	1.6381	-16.509	NaN	NaN	NaN
-32.041	-1.6786	-14.114	-44.658	-147.4	-1.9862	-66.727	-121.41	27.841	-1.929	-60.124	43.295	-4.9305	1.631	-16.52	NaN	NaN	NaN
-32.04	-1.677	-14.114	-44.654	-147.4	-1.9841	-66.715	-121.42	27.83	-1.935	-60.127	43.302	-4.9222	1.6342	-16.514	NaN	NaN	NaN
-32.032	-1.6734	-14.107	-44.654	-147.4	-1.9936	-66.712	-121.4	27.838	-1.9272	-60.122	43.295	-4.9232	1.6341	-16.514	NaN	NaN	NaN
-32.036	-1.6764	-14.111	-44.661	-147.39	-1.9983	-66.709	-121.41	27.834	-1.9222	-60.131	43.293	-4.9169	1.6381	-16.509	NaN	NaN	NaN
-32.031	-1.6726	-14.105	-44.663	-147.39	-1.9987	-66.696	-121.42	27.841	-1.9222	-60.13	43.279	-4.9172	1.6396	-16.522	NaN	NaN	NaN
-32.033	-1.6748	-14.109	-44.66	-147.39	-1.9965	-66.7	-121.4	27.842	-1.9037	-60.119	43.281	-4.9224	1.6357	-16.528	NaN	NaN	NaN
-32.032	-1.6859	-14.114	-44.659	-147.4	-2.0028	-66.696	-121.4	27.846	-1.908	-60.122	43.276	-4.9072	1.6329	-16.521	NaN	NaN	NaN
-32.028	-1.6829	-14.11	-44.648	-147.4	-1.993	-66.695	-121.42	27.841	-1.8916	-60.137	43.279	-4.9019	1.6368	-16.515	NaN	NaN	NaN
-32.023	-1.6816	-14.106	-44.644	-147.41	-2.011	-66.695	-121.42	27.852	-1.8902	-60.136	43.278	-4.9019	1.6331	-16.517	NaN	NaN	NaN
-32.025	-1.6839	-14.108	-44.658	-147.4	-2.0013	-66.7	-121.42	27.848	-1.8955	-60.14	43.261	-4.9012	1.6242	-16.524	NaN	NaN	NaN
-32.018	-1.6912	-14.108	-44.664	-147.41	-1.994	-66.699	-121.42	27.848	-1.8905	-60.148	43.26	-4.8939	1.6272	-16.517	NaN	NaN	NaN
-32.019	-1.692	-14.109	-44.673	-147.4	-2.0025	-66.707	-121.42	27.832	-1.8776	-60.154	43.263	-4.8929	1.6273	-16.518	NaN	NaN	NaN
-32.021	-1.6934	-14.111	-44.68	-147.4	-1.9975	-66.703	-121.42	27.847	-1.8928	-60.164	43.247	-4.8939	1.6272	-16.517	NaN	NaN	NaN
-32.018	-1.6912	-14.108	-44.681	-147.4	-1.9965	-66.716	-121.42	27.831	-1.8906	-60.162	43.251	-4.8866	1.6303	-16.511	NaN	NaN	NaN
-32.021	-1.6934	-14.111	-44.691	-147.4	-2.0016	-66.728	-121.41	27.84	-1.8808	-60.156	43.259	-4.8856	1.6304	-16.511	NaN	NaN	NaN
-32.02	-1.6921	-14.109	-44.697	-147.4	-1.9784	-66.732	-121.41	27.836	-1.8942	-60.152	43.256	-4.8984	1.6249	-16.537	NaN	NaN	NaN
-32.019	-1.6926	-14.11	-44.706	-147.41	-1.986	-66.743	-121.42	27.842	-1.9016	-60.147	43.268	-4.8859	1.6319	-16.525	NaN	NaN	NaN
-32.017	-1.693	-14.108	-44.715	-147.4	-1.9881	-66.752	-121.41	27.828	-1.9104	-60.162	43.253	-4.8932	1.6288	-16.531	NaN	NaN	NaN
-32.022	-1.6942	-14.112	-44.715	-147.4	-1.9732	-66.753	-121.41	27.829	-1.9234	-60.147	43.271	-4.8942	1.6288	-16.531	NaN	NaN	NaN
-32.018	-1.6912	-14.108	-44.737	-147.4	-1.9727	-66.766	-121.41	27.825	-1.9287	-60.163	43.259	-4.8859	1.6319	-16.525	NaN	NaN	NaN
-32.023	-1.6951	-14.113	-44.717	-147.4	-1.9673	-66.766	-121.41	27.825	-1.9209	-60.158	43.267	-4.8859	1.6319	-16.525	NaN	NaN	NaN
-32.023	-1.6943	-14.112	-44.736	-147.41	-1.9703	-66.769	-121.41	27.836	-1.9429	-60.173	43.26	-4.8879	1.6328	-16.525	NaN	NaN	NaN
-32.014	-1.692	-14.091	-44.74	-147.41	-1.9576	-66.769	-121.41	27.834	-1.9399	-60.187	43.254	-4.8769	1.6403	-16.53	NaN	NaN	NaN
-32.007	-1.7007	-14.092	-44.744	-147.41	-1.9635	-66.769	-121.41	27.833	-1.9364	-60.215	43.256	-4.8834	1.6378	-16.549	NaN	NaN	NaN
-32.001	-1.6988	-14.087	-44.748	-147.41	-1.9532	-66.777	-121.4	27.834	-1.9338	-60.243	43.257	-4.8515	1.6575	-16.539	NaN	NaN	NaN
-32	-1.7141	-14.065	-44.772	-147.42	-1.9395	-66.777	-121.4	27.835	-1.9347	-60.275	43.252	-4.8459	1.6909	-16.573	NaN	NaN	NaN
-31.985	-1.7204	-14.047	-44.772	-147.44	-1.8692	-66.769	-121.41	27.836	-1.9141	-60.316	43.257	-4.8425	1.6969	-16.598	NaN	NaN	NaN
-31.97	-1.7408	-14.048	-44.783	-147.45	-1.8646	-66.765	-121.41	27.864	-1.8928	-60.36	43.245	-4.8317	1.7059	-16.616	NaN	NaN	NaN
-31.951	-1.7734	-14.025	-44.764	-147.46	-1.8549	-66.751	-121.41	27.886	-1.855	-60.42	43.248	-4.8179	1.732	-16.636	NaN	NaN	NaN
-31.919	-1.8114	-14.012	-44.747	-147.47	-1.8354	-66.735	-121.43	27.954	-1.7969	-60.531	43.235	-4.7952	1.7692	-16.666	NaN	NaN	NaN
-31.888	-1.8628	-14.045	-44.737	-147.48	-1.8348	-66.685	-121.46	28.008	-1.7179	-60.655	43.215	-4.7858	1.8549	-16.701	NaN	NaN	NaN
-31.781	-2.0008	-13.734	-44.705	-147.55	-1.8129	-66.601	-121.51	28.099	-1.6238	-60.784	43.23	-4.7803	1.9654	-16.763	NaN	NaN	NaN
-31.732	-2.1257	-13.54	-44.668	-147.65	-1.7979	-66.498	-121.59	28.169	-1.4734	-60.941	43.243	-4.8303	2.0907	-16.974	NaN	NaN	NaN
-31.69	-2.2167	-13.484	-44.609	-147.73	-1.7754	-66.356	-121.7	28.247	-1.2982	-61.232	43.248	-4.9011	2.3148	-17.151	NaN	NaN	NaN
-31.632	-2.322	-13.299	-44.567	-147.86	-1.7943	-66.174	-121.85	28.322	-1.0725	-61.481	43.257	-4.9656	2.5949	-17.053	NaN	NaN	NaN
-31.505	-2.4045	-12.856	-44.481	-147.95	-1.8229	-65.963	-122	28.39	-0.76138	-61.885	43.318	-4.9147	2.8453	-16.911	NaN	NaN	NaN
-31.319	-2.6489	-11.866	-44.349	-148.06	-1.8668	-65.697	-122.23	28.486	-0.36973	-62.41	43.441	-4.6419	3.003	-16.438	NaN	NaN	NaN
-31.083	-2.7591	-10.953	-44.236	-148.15	-1.98	-65.395	-122.51	28.587	0.11171	-63.095	43.673	-4.3	3.1025	-15.455	NaN	NaN	NaN
-30.69	-2.8992	-9.6038	-44.097	-148.43	-2.141	-65.033	-122.89	28.746	0.65195	-63.924	43.967	-3.7053	3.185	-14.235	NaN	NaN	NaN
-29.917	-2.9411	-7.7351	-43.984	-148.68	-2.261	-64.642	-123.29	28.933	1.3087	-64.985	44.466	-2.945	3.0712	-12.895	NaN	NaN	NaN
-29.269	-3.1455	-6.4343	-43.902	-148.79	-2.3723	-64.199	-123.73	29.128	2.0073	-66.086	44.905	-1.9141	2.8216	-11.435	NaN	NaN	NaN
-28.393	-3.4936	-4.8632	-43.651	-149.26	-2.4838	-63.701	-124.23	29.354	2.7929	-67.319	45.387	-0.64126	2.4729	-9.8974	NaN	NaN	NaN
-27.371	-3.8837	-3.3631	-43.455	-149.5	-2.5739	-63.16	-124.77	29.555	3.6488	-68.627	45.872	0.96633	2.0707	-8.3231	NaN	NaN	NaN
-26.24	-4.3462	-1.9093	-43.042	-149.97	-2.5945	-62.577	-125.36	29.778	4.6043	-69.984	46.39	2.8432	1.4953	-6.8846	NaN	NaN	NaN
-25.078	-4.8989	-0.50017	-42.67	-150.46	-2.6386	-61.938	-125.99	30.077	5.6637	-71.433	46.816	5.1156	0.8953	-5.4663	NaN	NaN	NaN
-23.89	-5.5958	1.0578	-42.244	-151	-2.7447	-61.209	-126.64	30.344	6.7951	-72.855	47.231	7.9264	0.23116	-4.0936	NaN	NaN	NaN
-22.636	-6.1114	2.3398	-41.671	-151.56	-2.7877	-60.329	-127.39	30.64	8.0451	-74.373	47.694	11.205	-0.49091	-2.6684	NaN	NaN	NaN
-21.407	-6.7722	3.7605	-40.999	-152.24	-2.6584	-59.384	-128.16	30.968	9.3526	-75.837	47.966	14.737	-1.3704	-1.3979	NaN	NaN	NaN
-20.062	-7.4585	5.0219	-40.444	-152.68	-2.1304	-58.499	-128.82	31.29	10.783	-77.332	48.39	18.635	-2.3671	-0.092594	NaN	NaN	NaN
-18.603	-8.2874	6.157	-39.637	-153.42	-1.5241	-57.604	-129.33	31.586	12.25	-78.801	48.781	22.861	-3.5104	1.233	NaN	NaN	NaN
-16.948	-9.1704	6.9266	-38.552	-154.5	-1.1594	-56.561	-129.95	31.875	13.746	-80.337	49.278	27.346	-4.8655	2.6731	NaN	NaN	NaN
-15.009	-10.216	7.7049	-37.27	-155.42	-1.2002	-55.196	-130.8	32.19	15.378	-81.981	49.665	31.997	-6.3859	4.2422	NaN	NaN	NaN
-12.854	-11.34	8.3473	-35.872	-156.27	-1.0004	-53.581	-131.75	32.506	17.579	-83.431	50.535	37.228	-7.9139	6.2311	NaN	NaN	NaN
-10.419	-12.529	8.9633	-34.613	-157.17	-0.75317	-51.879	-132.59	32.827	19.529	-85.254	50.959	41.933	-9.8927	7.6367	NaN	NaN	NaN
-7.7277	-13.667	9.5989	-33.479	-157.72	-0.44549	-50.215	-133.32	33.151	21.67	-87.139	51.281	46.656	-11.975	9.0873	NaN	NaN	NaN
-4.8321	-14.91	10.352	-31.993	-158.54	-0.13518	-48.519	-134.05	33.539	23.932	-89.066	51.563	51.306	-14.192	10.419	NaN	NaN	NaN
-1.795	-16.116	11.126	-30.5	-159.39	0.084497	-46.713	-134.86	33.913	26.323	-91.005	51.809	55.877	-16.452	11.553	NaN	NaN	NaN
1.32	-17.367	12.037	-29.013	-160.23	0.32721	-44.753	-135.72	34.337	28.85	-92.944	52.048	59.999	-18.87	12.315	NaN	NaN	NaN
4.4578	-18.479	12.771	-27.383	-160.98	0.67519	-42.64	-136.56	34.85	31.42	-94.839	52.234	64.6	-21.047	13.442	NaN	NaN	NaN
7.6638	-19.706	13.593	-25.479	-161.83	0.98982	-40.415	-137.35	35.34	34.133	-96.629	52.253	68.814	-23.259	14.107	NaN	NaN	NaN
10.847	-20.856	14.352	-23.528	-162.66	1.2535	-38.149	-138.07	35.824	36.887	-98.363	52.365	72.597	-25.578	14.406	NaN	NaN	NaN
14.078	-21.97	14.996	-21.735	-163.37	1.5375	-35.816	-138.83	36.259	39.7	-99.957	52.362	76.986	-27.476	15.157	NaN	NaN	NaN
17.279	-22.991	15.488	-19.812	-164.01	1.8853	-33.41	-139.54	36.805	42.536	-101.42	52.322	80.986	-29.446	15.52	NaN	NaN	NaN
20.444	-23.987	15.865	-17.828	-164.33	2.346	-30.907	-140.2	37.266	45.379	-102.74	52.285	84.521	-31.474	15.321	NaN	NaN	NaN
23.498	-24.899	15.972	-15.81	-164.91	2.7104	-28.411	-140.78	37.748	48.212	-103.92	52.231	88.903	-33.048	15.815	NaN	NaN	NaN
26.528	-25.825	16.167	-13.387	-165.74	2.998	-25.861	-141.25	38.137	51.045	-104.97	52.2	92.78	-34.687	15.876	NaN	NaN	NaN
29.454	-26.56	16.239	-11.205	-166.2	3.4537	-23.281	-141.66	38.614	53.9	-105.85	52.121	96.285	-36.363	15.443	NaN	NaN	NaN
32.309	-27.207	16.191	-8.9951	-166.56	3.907	-20.724	-142.02	39.02	56.731	-106.59	52.009	100.07	-37.74	15.394	NaN	NaN	NaN
35.043	-27.752	16.111	-6.7029	-166.77	4.2772	-18.144	-142.31	39.384	59.525	-107.25	51.933	103.84	-38.954	15.292	NaN	NaN	NaN
37.73	-28.229	16.017	-4.1191	-167.41	4.7238	-15.503	-142.55	39.699	62.308	-107.72	51.865	107.95	-39.928	15.537	NaN	NaN	NaN
40.359	-28.605	15.815	-1.7159	-167.69	5.0957	-12.862	-142.72	40.025	65.077	-108.08	51.723	111.2	-41.029	15.054	NaN	NaN	NaN
42.953	-28.954	15.476	0.69094	-167.89	5.5144	-10.231	-142.85	40.307	67.842	-108.35	51.596	115.17	-41.694	15.279	NaN	NaN	NaN
45.537	-29.167	15.058	3.0946	-167.92	5.8746	-7.5677	-142.92	40.546	70.606	-108.52	51.553	118.3	-42.534	14.804	NaN	NaN	NaN
48.13	-29.411	14.719	5.5923	-168.09	6.2431	-4.8661	-142.89	40.832	73.353	-108.53	51.353	121.64	-43.07	14.537	NaN	NaN	NaN
50.666	-29.551	14.243	8.1168	-168.33	6.5843	-2.2169	-142.86	41.058	76.127	-108.55	51.207	124.99	-43.49	14.242	NaN	NaN	NaN
53.204	-29.607	13.842	10.635	-168.3	6.9478	0.43939	-142.76	41.292	78.909	-108.46	51.022	128.08	-43.789	13.818	NaN	NaN	NaN
55.712	-29.619	13.605	13.014	-168.09	7.1639	3.0944	-142.61	41.516	81.682	-108.31	50.816	131.43	-43.863	13.642	NaN	NaN	NaN
58.133	-29.507	13.256	15.409	-167.94	7.3872	5.7391	-142.43	41.743	84.405	-108.09	50.596	134.28	-43.939	13.017	NaN	NaN	NaN
60.458	-29.27	12.82	17.964	-167.89	7.758	8.347	-142.17	41.989	87.099	-107.79	50.376	136.99	-43.844	12.459	NaN	NaN	NaN
62.669	-29.048	12.571	20.416	-167.76	7.8865	10.872	-141.87	42.145	89.694	-107.39	50.157	139.63	-43.62	11.875	NaN	NaN	NaN
64.836	-28.648	12.24	22.715	-167.37	8.1856	13.343	-141.51	42.336	92.233	-106.85	49.992	142.14	-43.28	11.35	NaN	NaN	NaN
66.872	-28.227	11.863	25.021	-167.06	8.3902	15.711	-141.08	42.472	94.674	-106.23	49.822	144.15	-42.946	10.447	138.98	-2.6338	20.307
68.771	-27.715	11.494	27.174	-166.49	8.5165	18.071	-140.58	42.603	97.001	-105.48	49.686	146.67	-42.141	10.346	138.97	-2.6333	20.294
70.606	-27.121	10.983	29.57	-166.25	8.7612	20.29	-140.02	42.719	99.204	-104.61	49.58	148.74	-41.305	9.9337	138.98	-2.6291	20.301
72.295	-26.475	10.459	31.631	-165.54	8.9502	22.493	-139.39	42.777	101.35	-103.63	49.545	150.6	-40.352	9.495	138.98	-2.6338	20.307
73.92	-25.774	9.963	33.79	-164.98	9.1727	24.585	-138.7	42.855	103.36	-102.53	49.494	152.19	-39.282	9.0516	138.97	-2.6346	20.306
75.489	-25.039	9.4198	36.052	-164.68	9.2883	26.629	-137.97	42.877	105.33	-101.34	49.477	153.71	-38.078	8.6246	138.97	-2.6352	20.289
76.968	-24.227	8.8925	38.14	-164.03	9.5641	28.617	-137.17	42.954	107.18	-100.1	49.496	155.25	-36.702	8.3718	138.98	-2.6344	20.304
78.448	-23.385	8.3255	40.161	-163.35	9.7506	30.535	-136.33	42.928	108.98	-98.832	49.521	NaN	NaN	NaN	138.97	-2.6253	20.295
79.897	-22.529	7.8406	42.182	-162.58	9.8847	32.361	-135.44	42.925	110.75	-97.518	49.591	NaN	NaN	NaN	138.96	-2.6321	20.297
81.363	-21.623	7.291	44.044	-161.74	10.097	34.173	-134.5	42.902	112.42	-96.208	49.657	NaN	NaN	NaN	138.96	-2.6323	20.3
82.892	-20.708	6.7943	45.952	-160.84	10.211	35.919	-133.5	42.836	114.09	-94.894	49.715	NaN	NaN	NaN	138.96	-2.6299	20.301
84.436	-19.79	6.3577	47.892	-160	10.346	37.669	-132.53	42.842	115.78	-93.591	49.841	NaN	NaN	NaN	138.96	-2.6367	20.307
86.06	-18.87	5.9068	49.815	-159.2	10.501	39.405	-131.5	42.791	117.39	-92.327	49.9	NaN	NaN	NaN	138.95	-2.6292	20.308
87.683	-17.978	5.5226	51.543	-158.14	10.55	41.103	-130.52	42.808	119.07	-91.133	49.974	NaN	NaN	NaN	138.95	-2.6265	20.298
89.384	-17.044	5.2115	53.364	-157.36	10.633	42.794	-129.51	42.736	120.77	-89.997	50.014	NaN	NaN	NaN	138.95	-2.6263	20.299
91.097	-16.145	4.9567	55.059	-156.28	10.639	44.474	-128.51	42.791	122.43	-88.94	50.067	NaN	NaN	NaN	138.95	-2.6311	20.304
92.79	-15.221	4.7482	56.823	-155.42	10.776	46.149	-127.56	42.768	124.11	-87.92	50.132	NaN	NaN	NaN	138.95	-2.6267	20.298
94.573	-14.269	4.6643	58.385	-154.34	10.685	47.768	-126.62	42.819	125.8	-86.966	50.161	NaN	NaN	NaN	138.96	-2.6343	20.297
96.315	-13.373	4.7442	60.004	-153.52	10.736	49.397	-125.73	42.847	127.49	-86.045	50.182	NaN	NaN	NaN	138.96	-2.6336	20.298
98.057	-12.503	4.7862	61.502	-152.48	10.748	50.978	-124.83	42.922	129.13	-85.181	50.21	NaN	NaN	NaN	138.96	-2.6343	20.296
99.833	-11.589	4.8042	62.992	-151.47	10.737	52.526	-123.96	43.017	130.74	-84.359	50.199	NaN	NaN	NaN	138.96	-2.6326	20.3
101.55	-10.693	4.8892	64.512	-150.7	10.765	54.033	-123.11	43.031	132.34	-83.506	50.267	NaN	NaN	NaN	138.96	-2.6321	20.297
103.27	-9.8558	4.8717	65.8	-149.51	10.517	55.508	-122.26	43.063	133.9	-82.648	50.256	NaN	NaN	NaN	138.97	-2.6268	20.306
105.04	-8.9905	4.8562	67.235	-148.75	10.657	56.932	-121.44	43.124	135.37	-81.753	50.306	NaN	NaN	NaN	138.97	-2.634	20.305
106.69	-8.1717	4.677	68.689	-148.03	10.662	58.28	-120.6	43.115	136.76	-80.825	50.305	NaN	NaN	NaN	138.97	-2.6351	20.305
108.28	-7.3395	4.4638	69.996	-147.19	10.628	59.593	-119.77	43.083	138.09	-79.818	50.392	NaN	NaN	NaN	138.98	-2.6317	20.295
109.84	-6.5473	4.1026	71.219	-146.24	10.531	60.837	-118.98	43.024	139.36	-78.724	50.442	NaN	NaN	NaN	138.97	-2.6239	20.296
111.23	-5.8033	3.8277	72.58	-145.61	10.511	62.048	-118.16	42.987	140.54	-77.599	50.474	NaN	NaN	NaN	138.97	-2.6243	20.297
112.51	-5.0089	3.4612	73.807	-144.82	10.522	63.184	-117.38	42.896	141.63	-76.387	50.518	NaN	NaN	NaN	138.97	-2.6265	20.293
113.68	-4.0898	3.1481	75	-143.98	10.425	64.31	-116.58	42.767	142.67	-75.146	50.485	NaN	NaN	NaN	138.97	-2.6365	20.302
114.67	-3.1214	2.8132	76.221	-143.28	10.333	65.392	-115.82	42.611	143.63	-73.869	50.477	NaN	NaN	NaN	138.97	-2.6294	20.303
115.7	-2.0727	1.9801	77.416	-142.6	10.252	66.439	-115.07	42.466	144.55	-72.625	50.431	NaN	NaN	NaN	138.96	-2.6294	20.301
116.84	-1.3746	1.2401	78.486	-141.88	10.163	67.454	-114.34	42.322	145.46	-71.37	50.355	NaN	NaN	NaN	138.96	-2.6285	20.303
118.15	-0.66495	0.22241	79.465	-140.99	10.077	68.434	-113.65	42.113	146.36	-70.182	50.248	NaN	NaN	NaN	138.96	-2.6222	20.303
119.5	-0.082671	-0.25433	80.677	-140.6	9.965	69.436	-112.96	41.92	146.97	-69.31	49.644	NaN	NaN	NaN	138.95	-2.6302	20.306
120.83	0.38512	-1.0582	81.754	-139.96	9.8737	70.431	-112.3	41.738	147.88	-68.201	49.482	NaN	NaN	NaN	138.85	-2.6708	20.298
121.58	0.91909	-1.508	82.74	-139.25	9.6518	71.418	-111.68	41.507	148.83	-67.189	49.295	NaN	NaN	NaN	139.35	-2.311	20.293
122.6	1.7143	-1.6774	83.895	-138.8	9.4242	72.429	-111.11	41.308	149.76	-66.265	49.055	NaN	NaN	NaN	140.49	-1.5783	20.282
123.12	2.4606	-1.6575	84.971	-138.24	9.2324	73.471	-110.58	41.096	150.72	-65.441	48.838	NaN	NaN	NaN	140.94	-0.80772	20.321
123.86	3.3483	-1.6022	86.056	-137.72	9.0705	74.554	-110.11	40.912	151.65	-64.791	48.708	NaN	NaN	NaN	141.54	0.10056	20.301
124.69	3.9379	-1.6741	87.206	-137.27	8.8886	75.692	-109.71	40.791	152.63	-64.121	48.617	NaN	NaN	NaN	142.42	0.73769	20.333
125.74	4.5593	-1.5685	88.403	-136.94	8.7391	76.838	-109.33	40.621	153.7	-63.559	48.536	NaN	NaN	NaN	143.41	1.1936	20.315
126.75	5.0753	-1.7134	89.556	-136.4	8.6068	78.019	-108.94	40.497	154.83	-63.015	48.586	NaN	NaN	NaN	144.7	1.8075	20.394
127.95	5.563	-1.4556	90.833	-136.11	8.5565	79.252	-108.58	40.417	156	-62.571	48.623	NaN	NaN	NaN	146.11	2.2964	20.387
129.31	6.0265	-1.4788	92.19	-135.81	8.5173	80.567	-108.25	40.362	157.23	-62.12	48.763	NaN	NaN	NaN	147.33	2.5864	20.28
130.67	6.3609	-1.535	93.565	-135.49	8.4666	81.931	-107.95	40.334	158.56	-61.744	48.929	NaN	NaN	NaN	148.53	2.9473	20.306
132.22	6.6648	-1.4887	95.026	-135.21	8.4681	83.364	-107.66	40.318	159.92	-61.432	49.079	NaN	NaN	NaN	150	3.239	20.331
134	7.0329	-1.4065	96.522	-134.92	8.4799	84.853	-107.37	40.302	161.41	-61.164	49.306	NaN	NaN	NaN	151.53	3.369	20.346
135.77	7.1922	-1.202	98.12	-134.68	8.4887	86.433	-107.11	40.321	162.98	-60.958	49.545	NaN	NaN	NaN	153.11	3.4711	20.465
137.77	7.4829	-0.91424	99.727	-134.38	8.4566	88.113	-106.91	40.338	164.69	-60.906	49.796	NaN	NaN	NaN	154.89	3.5911	20.794
139.7	7.6076	-0.39532	101.55	-134.35	8.4748	89.907	-106.81	40.418	166.46	-60.883	50.09	NaN	NaN	NaN	156.78	3.6999	21.288
141.9	7.8464	0.12698	103.29	-134.17	8.4941	91.788	-106.74	40.493	168.38	-60.94	50.453	NaN	NaN	NaN	158.92	3.7937	21.923
144.18	7.9779	0.78168	105.22	-134.13	8.6231	93.763	-106.72	40.62	170.36	-61.098	50.784	NaN	NaN	NaN	161.1	3.7312	22.47
146.54	8.0132	1.3948	107.07	-133.88	8.7255	95.829	-106.67	40.789	172.48	-61.301	51.16	NaN	NaN	NaN	163.52	3.6904	23.19
149.05	8.0058	2.0598	109.13	-133.99	8.8943	97.92	-106.69	40.96	174.7	-61.548	51.578	NaN	NaN	NaN	166.01	3.5206	23.885
151.7	7.9449	2.7236	111.17	-133.95	8.9405	100.08	-106.7	41.165	176.96	-61.798	52.015	NaN	NaN	NaN	168.57	3.3526	24.471
154.49	7.8903	3.401	113.34	-133.92	9.1655	102.34	-106.66	41.419	179.37	-62.133	52.443	NaN	NaN	NaN	171.29	3.1456	25.194
157.34	7.701	4.0507	115.46	-133.8	9.3777	104.63	-106.65	41.655	181.79	-62.467	52.911	NaN	NaN	NaN	174.04	2.8391	25.743
160.35	7.5126	4.7717	117.71	-133.75	9.5936	106.99	-106.65	41.926	184.31	-62.847	53.416	NaN	NaN	NaN	176.99	2.5882	26.482
163.49	7.3222	5.3248	120.1	-133.94	9.864	109.42	-106.67	42.256	186.95	-63.252	53.982	NaN	NaN	NaN	179.96	2.1813	27.094
166.69	7.0037	6.0485	122.51	-133.94	10.195	111.91	-106.69	42.543	189.59	-63.726	54.523	NaN	NaN	NaN	183.06	1.7887	27.836
169.99	6.7105	6.5932	124.73	-133.82	10.431	114.43	-106.69	42.848	192.33	-64.222	55.069	NaN	NaN	NaN	186.24	1.3452	28.529
173.42	6.4302	7.3057	127.19	-133.82	10.715	117	-106.68	43.145	195.08	-64.744	55.659	NaN	NaN	NaN	189.54	0.90707	29.299
176.82	6.003	7.9476	129.6	-133.67	11.04	119.6	-106.7	43.478	197.9	-65.248	56.252	NaN	NaN	NaN	192.82	0.40398	29.925
180.34	5.7352	8.5484	132.35	-134.1	11.317	122.22	-106.69	43.858	200.7	-65.736	56.848	NaN	NaN	NaN	196.21	-0.057134	30.667
183.75	5.2449	9.223	134.62	-133.74	11.669	124.84	-106.67	44.174	203.5	-66.215	57.411	NaN	NaN	NaN	199.57	-0.58884	31.289
187.23	4.93	9.9139	137.2	-133.98	12.061	127.49	-106.65	44.539	206.38	-66.705	57.976	NaN	NaN	NaN	202.97	-1.0346	31.997
190.62	4.4939	10.399	139.92	-134.27	12.469	130.13	-106.64	44.911	209.21	-67.187	58.521	NaN	NaN	NaN	206.3	-1.5083	32.622
193.98	4.0326	11.011	142.25	-134.01	12.851	132.79	-106.61	45.321	212.04	-67.621	59.021	NaN	NaN	NaN	209.62	-1.9855	33.161
197.44	3.8114	11.618	144.78	-134.11	13.126	135.44	-106.61	45.634	214.9	-68.033	59.537	NaN	NaN	NaN	212.93	-2.4271	33.751
200.73	3.2275	12.065	147.3	-134.12	13.574	138.07	-106.59	45.981	217.7	-68.448	60.005	NaN	NaN	NaN	216.2	-2.8989	34.224
203.97	2.8894	12.245	149.76	-134.13	13.934	140.69	-106.56	46.361	220.52	-68.814	60.489	NaN	NaN	NaN	219.46	-3.288	34.734
207.24	2.5015	12.599	152.33	-134.24	14.375	143.31	-106.48	46.649	223.27	-69.173	60.911	NaN	NaN	NaN	222.67	-3.6876	35.154
210.47	2.0815	12.905	154.76	-134.22	14.628	145.9	-106.4	46.945	226.07	-69.458	61.32	NaN	NaN	NaN	225.86	-4.0662	35.546
213.67	1.8335	13.19	157.19	-134.21	14.953	148.44	-106.31	47.231	228.74	-69.757	61.667	NaN	NaN	NaN	228.96	-4.4833	35.831
216.8	1.3805	13.491	159.63	-134.17	15.302	150.97	-106.2	47.442	231.46	-69.97	62.062	NaN	NaN	NaN	232.08	-4.8138	36.127
219.92	1.0808	13.498	162.04	-134.19	15.63	153.45	-106.05	47.633	234.08	-70.202	62.335	NaN	NaN	NaN	235.15	-5.0954	36.381
222.87	0.67012	13.594	164.37	-134.22	15.823	155.91	-105.9	47.776	236.63	-70.401	62.553	NaN	NaN	NaN	238.17	-5.389	36.582
225.8	0.3835	13.471	166.68	-134.13	15.947	158.3	-105.72	47.908	239.13	-70.561	62.745	NaN	NaN	NaN	241.06	-5.7144	36.661
228.31	-0.34316	12.668	169	-134.1	16.198	160.64	-105.54	47.974	241.64	-70.726	62.898	NaN	NaN	NaN	243.92	-5.9664	36.678
231.15	-0.69214	12.689	171.1	-134.05	16.21	162.94	-105.32	48.033	244.05	-70.812	63.026	NaN	NaN	NaN	246.73	-6.2099	36.702
233.95	-0.88923	12.504	173.3	-133.91	16.448	165.17	-105.13	48.021	246.45	-70.936	63.085	NaN	NaN	NaN	249.46	-6.4496	36.624
236.64	-1.166	12.417	175.38	-133.89	16.45	167.38	-104.9	47.992	248.74	-71.024	63.035	NaN	NaN	NaN	252.1	-6.7134	36.467
239.27	-1.4236	12.21	177.31	-133.79	16.576	169.52	-104.69	47.941	250.99	-71.141	62.992	NaN	NaN	NaN	254.66	-6.9804	36.256
241.85	-1.7605	11.996	179.37	-133.68	16.528	171.59	-104.48	47.902	253.24	-71.205	62.928	NaN	NaN	NaN	257.2	-7.2294	36.053
244.31	-2.0638	11.964	181.49	-133.9	16.541	173.6	-104.25	47.794	255.37	-71.353	62.718	NaN	NaN	NaN	259.68	-7.425	35.87
246.69	-2.1606	11.473	182.99	-133.41	16.539	175.53	-104.05	47.684	257.48	-71.465	62.598	NaN	NaN	NaN	262.1	-7.6341	35.684
248.99	-2.5024	11.43	184.71	-133.33	16.258	177.4	-103.81	47.51	259.49	-71.603	62.339	NaN	NaN	NaN	264.34	-7.9364	35.34
251.17	-2.6059	11.039	186.3	-133.18	16.141	179.17	-103.62	47.385	261.39	-71.732	62.046	NaN	NaN	NaN	266.56	-8.1422	35.067
253.23	-2.7292	10.603	187.86	-133	16.029	180.88	-103.39	47.206	263.26	-71.824	61.809	NaN	NaN	NaN	268.67	-8.3093	34.768
255.21	-2.9234	10.3	189.47	-132.87	15.918	182.5	-103.17	47.057	265.01	-71.897	61.471	NaN	NaN	NaN	270.67	-8.4704	34.505
257.02	-3.0302	10.015	190.77	-132.75	15.708	184	-102.96	46.828	266.67	-71.941	61.177	NaN	NaN	NaN	272.51	-8.6591	34.056
258.72	-3.1669	9.6212	192.04	-132.59	15.541	185.43	-102.72	46.617	268.21	-71.923	60.795	NaN	NaN	NaN	274.25	-8.7106	33.635
260.25	-3.2933	9.4031	193.3	-132.43	15.384	186.77	-102.48	46.392	269.67	-71.867	60.466	NaN	NaN	NaN	275.87	-8.732	33.207
261.68	-3.2284	8.6888	194.44	-132.27	15.206	188.03	-102.24	46.175	270.98	-71.749	60.024	NaN	NaN	NaN	277.3	-8.7524	32.731
263	-3.4001	8.3093	195.49	-132.07	14.939	189.21	-101.99	45.902	272.27	-71.544	59.712	NaN	NaN	NaN	278.63	-8.6403	32.188
264.15	-3.3365	7.6925	196.47	-131.95	14.776	190.29	-101.72	45.608	273.42	-71.322	59.255	NaN	NaN	NaN	279.83	-8.5431	31.604
265.15	-3.2098	7.2351	197.45	-131.78	14.578	191.3	-101.46	45.333	274.48	-71.076	58.827	NaN	NaN	NaN	280.86	-8.4065	30.996
266.06	-3.0232	6.3891	198.34	-131.58	14.323	192.23	-101.19	45.029	275.46	-70.786	58.345	NaN	NaN	NaN	281.87	-8.1493	30.41
266.86	-2.9863	5.8452	199.16	-131.41	14.115	193.09	-100.91	44.693	276.32	-70.466	57.847	NaN	NaN	NaN	282.65	-7.973	29.731
267.54	-2.7786	5.1684	200.15	-131.56	13.941	193.87	-100.67	44.381	277.17	-70.091	57.34	NaN	NaN	NaN	283.41	-7.6653	29.044
268.09	-2.6213	4.5802	200.46	-131	13.568	194.58	-100.38	43.996	277.89	-69.732	56.763	NaN	NaN	NaN	284.01	-7.3667	28.397
268.5	-2.3816	3.8769	201.41	-131.19	13.383	195.23	-100.09	43.65	278.57	-69.284	56.154	NaN	NaN	NaN	284.51	-7.0673	27.531
268.85	-2.1224	2.9935	201.63	-130.59	12.986	195.8	-99.842	43.261	279.14	-68.875	55.507	NaN	NaN	NaN	284.97	-6.6378	26.843
269.1	-1.802	2.0879	202.06	-130.49	12.563	196.33	-99.582	42.886	279.7	-68.376	54.858	NaN	NaN	NaN	285.29	-6.2827	25.885
269.24	-1.5609	1.26	202.55	-130.25	12.337	196.78	-99.302	42.448	280.18	-67.889	54.177	NaN	NaN	NaN	285.57	-5.8486	25.058
269.37	-1.3431	0.22834	202.84	-130.07	11.947	197.17	-99.026	41.961	280.59	-67.361	53.434	NaN	NaN	NaN	285.78	-5.4642	23.971
269.47	-1.1132	-0.72225	203.14	-129.89	11.521	197.48	-98.748	41.453	280.94	-66.876	52.715	NaN	NaN	NaN	285.92	-5.0759	23
269.5	-0.85811	-1.7754	203.4	-129.77	11.137	197.74	-98.444	40.909	281.2	-66.37	51.932	NaN	NaN	NaN	286.16	-4.5895	22.066
269.54	-0.53269	-2.3599	203.88	-130.01	10.812	197.99	-98.108	40.368	281.42	-65.931	51.114	NaN	NaN	NaN	286.86	-3.5472	21.714
269.72	-0.28335	-2.5216	204.04	-129.83	10.37	198.14	-97.789	39.763	281.72	-65.687	50.423	NaN	NaN	NaN	287.33	-3.3008	21.729
269.85	0.0012099	-2.5715	203.89	-129.25	9.7109	198.26	-97.523	39.17	281.95	-65.639	49.792	NaN	NaN	NaN	287.5	-3.0453	21.783
269.99	0.17835	-2.9189	204.1	-129.1	9.1778	198.37	-97.364	38.651	282.15	-65.666	49.235	NaN	NaN	NaN	287.66	-2.7914	21.697
270.13	0.32691	-3.0737	204.42	-129.41	8.8038	198.52	-97.298	38.23	282.32	-65.675	48.729	NaN	NaN	NaN	287.87	-2.6817	21.686
270.25	0.44921	-3.1489	204.23	-128.84	8.2891	198.64	-97.256	37.776	282.46	-65.672	48.281	NaN	NaN	NaN	288	-2.5807	21.706
270.33	0.53195	-3.2745	204.25	-128.75	7.9816	198.74	-97.125	37.432	282.55	-65.642	47.967	NaN	NaN	NaN	288.11	-2.4931	21.731
270.38	0.70167	-3.454	204.23	-128.7	7.6506	198.76	-96.946	37.137	282.57	-65.592	47.758	NaN	NaN	NaN	288.22	-2.424	21.703
270.43	0.73882	-3.5292	204.19	-128.65	7.4291	198.67	-96.817	36.883	282.56	-65.553	47.672	NaN	NaN	NaN	288.3	-2.3693	21.671
270.47	0.78089	-3.5735	204.16	-128.58	7.2626	198.59	-96.693	36.722	282.5	-65.496	47.681	NaN	NaN	NaN	288.39	-2.3146	21.67
270.49	0.78958	-3.7705	204.16	-128.54	7.2234	198.53	-96.608	36.604	282.4	-65.411	47.725	NaN	NaN	NaN	288.44	-2.2807	21.662
270.5	0.80134	-3.8475	204.13	-128.49	7.2387	198.5	-96.522	36.51	282.32	-65.282	47.791	NaN	NaN	NaN	288.49	-2.234	21.661
270.51	0.8138	-3.9058	204.08	-128.47	7.2421	198.46	-96.415	36.483	282.24	-65.131	47.825	NaN	NaN	NaN	288.52	-2.2122	21.651
270.51	0.89268	-4.0663	204.04	-128.41	7.3495	198.4	-96.277	36.466	282.16	-65.014	47.872	NaN	NaN	NaN	288.54	-2.1774	21.663
270.5	0.9014	-4.1295	204	-128.39	7.4527	198.31	-96.132	36.464	282.09	-64.891	47.95	NaN	NaN	NaN	288.55	-2.1526	21.668
270.5	0.91159	-4.1869	203.95	-128.33	7.5365	198.22	-95.994	36.43	282.01	-64.77	48.008	NaN	NaN	NaN	288.59	-2.1201	21.67
270.48	0.91451	-4.2429	203.9	-128.3	7.5935	198.15	-95.88	36.409	281.9	-64.658	48.035	NaN	NaN	NaN	288.61	-2.0852	21.682
270.46	0.9124	-4.3046	203.87	-128.26	7.669	198.09	-95.763	36.387	281.83	-64.564	48.062	NaN	NaN	NaN	288.63	-2.0395	21.684
270.44	0.9211	-4.3738	203.86	-128.22	7.712	198.05	-95.622	36.317	281.79	-64.476	48.075	NaN	NaN	NaN	288.65	-2.0103	21.698
270.41	0.92755	-4.436	203.83	-128.16	7.7236	198.02	-95.507	36.275	281.74	-64.411	48.081	NaN	NaN	NaN	288.66	-1.9811	21.697
270.36	0.94399	-4.3216	203.81	-128.12	7.7648	197.98	-95.394	36.233	281.69	-64.357	48.097	NaN	NaN	NaN	288.69	-1.9575	21.7
270.32	0.95012	-4.5034	204.02	-128.46	7.9443	197.94	-95.285	36.17	281.64	-64.316	48.08	NaN	NaN	NaN	288.69	-1.9359	21.706
270.29	0.92569	-4.5746	203.73	-128.05	7.8181	197.89	-95.178	36.093	281.58	-64.281	48.054	NaN	NaN	NaN	288.71	-1.9226	21.709
270.24	0.90556	-4.6647	203.66	-127.99	7.8603	197.83	-95.072	36.013	281.48	-64.262	48.027	NaN	NaN	NaN	288.71	-1.9208	21.709
270.17	0.85165	-4.8126	203.55	-127.96	7.8778	197.73	-94.968	35.947	281.37	-64.247	48.008	NaN	NaN	NaN	288.72	-1.9168	21.702
270.09	0.56675	-5.4867	203.67	-128.35	7.9946	197.62	-94.859	35.882	281.21	-64.262	47.944	NaN	NaN	NaN	288.85	-1.8364	21.767
270.05	0.25675	-6.3596	203.51	-128.36	8.0052	197.49	-94.754	35.808	281.05	-64.204	47.929	NaN	NaN	NaN	288.86	-1.8532	21.764
269.95	0.01806	-6.9971	203.36	-128.37	8.03	197.35	-94.64	35.77	280.84	-64.008	47.898	NaN	NaN	NaN	288.88	-1.8661	21.769
269.82	-0.065488	-7.3678	203.21	-128.38	8.1708	197.21	-94.436	35.663	280.57	-63.62	47.544	NaN	NaN	NaN	288.87	-1.8568	21.77
269.43	-0.013535	-8.0463	202.82	-127.93	8.2368	196.98	-94.22	35.534	280.46	-63.18	47.227	NaN	NaN	NaN	288.87	-1.8621	21.765
268.8	0.053021	-8.8363	202.63	-127.86	8.4013	196.69	-94.015	35.388	280.24	-62.98	46.854	NaN	NaN	NaN	288.88	-1.8981	21.764
268.13	0.066508	-9.3645	202.52	-128.29	8.4304	196.37	-93.882	35.211	279.94	-62.838	46.537	NaN	NaN	NaN	288.9	-1.9392	21.763
267.49	0.028729	-9.607	202.04	-127.88	8.2191	196.09	-93.811	35.064	279.65	-62.771	46.221	NaN	NaN	NaN	288.9	-1.9265	21.758
266.88	0.092277	-9.7285	201.79	-127.93	8.1273	195.77	-93.817	34.911	279.3	-62.795	45.949	NaN	NaN	NaN	288.89	-1.9049	21.766
266.14	0.18609	-9.9099	201.31	-128.02	8.0187	195.4	-93.821	34.812	278.91	-62.884	45.843	NaN	NaN	NaN	288.87	-1.8902	21.762
265.43	0.29451	-10.012	200.96	-128.05	8.0969	194.94	-93.838	34.75	278.43	-63.03	45.85	NaN	NaN	NaN	288.86	-1.8714	21.766
264.7	0.20107	-9.6789	200.43	-128.22	8.0649	194.4	-93.864	34.827	277.88	-63.229	45.962	NaN	NaN	NaN	288.85	-1.8629	21.766
263.92	0.23559	-9.466	200.22	-128.72	8.4654	193.84	-93.948	34.894	277.3	-63.474	46.18	NaN	NaN	NaN	288.84	-1.8472	21.766
263.11	0.2304	-9.0392	199.4	-128.58	8.4404	193.27	-94.112	35.113	276.63	-63.817	46.42	NaN	NaN	NaN	288.84	-1.8347	21.772
262.19	0.15297	-8.4022	198.89	-128.75	8.7158	192.62	-94.375	35.374	275.99	-64.198	46.825	NaN	NaN	NaN	288.84	-1.8309	21.765
261.27	0.0070486	-7.6599	198.18	-129.03	8.9813	191.95	-94.701	35.699	275.27	-64.705	47.226	NaN	NaN	NaN	288.83	-1.8307	21.767
260.24	-0.15016	-6.7255	197.74	-129.71	9.4157	191.23	-95.081	36.097	274.58	-65.24	47.652	NaN	NaN	NaN	288.83	-1.8262	21.774
259.18	-0.31088	-5.7466	196.71	-129.62	9.6058	190.43	-95.512	36.562	273.76	-65.935	48.124	NaN	NaN	NaN	288.83	-1.8237	21.778
258.04	-0.50204	-4.7184	195.77	-129.99	9.9966	189.56	-95.976	37.089	272.99	-66.643	48.661	NaN	NaN	NaN	288.84	-1.83	21.766
256.9	-0.67154	-3.6328	194.77	-130.33	10.344	188.59	-96.509	37.644	272.08	-67.491	49.109	NaN	NaN	NaN	288.84	-1.83	21.769
255.69	-0.89349	-2.5349	193.65	-130.64	10.684	187.53	-97.032	38.191	271.11	-68.371	49.699	NaN	NaN	NaN	288.86	-1.8439	21.77
254.54	-1.2328	-1.0961	192.55	-131.03	11.092	186.39	-97.547	38.807	270.02	-69.297	50.407	NaN	NaN	NaN	288.86	-1.8532	21.764
253.35	-1.5368	0.035564	191.47	-131.71	11.702	185.11	-98.077	39.434	268.82	-70.278	51.152	NaN	NaN	NaN	288.87	-1.8642	21.775
252.07	-1.8568	1.4009	189.85	-131.69	12.013	183.7	-98.59	40.057	267.49	-71.254	51.892	NaN	NaN	NaN	288.88	-1.8779	21.777
250.8	-2.3153	2.7802	188.31	-132.12	12.465	182.2	-99.102	40.75	266.03	-72.269	52.705	NaN	NaN	NaN	288.89	-1.8914	21.771
249.4	-2.7783	4.3772	186.91	-132.53	13.052	180.6	-99.635	41.453	264.43	-73.263	53.607	NaN	NaN	NaN	288.9	-1.9046	21.761
248.15	-2.8314	6.2948	185.38	-133.3	13.643	178.9	-100.2	42.137	262.93	-74.029	54.844	NaN	NaN	NaN	288.9	-1.91	21.768
246.62	-3.283	7.6923	183.43	-133.41	14.025	177.11	-100.82	42.903	261.13	-75	55.766	NaN	NaN	NaN	288.89	-1.9011	21.769
244.91	-3.6713	9.161	181.71	-133.72	14.718	175.24	-101.42	43.67	259.22	-75.99	56.677	NaN	NaN	NaN	288.89	-1.8905	21.773
243.08	-4.2	10.692	179.82	-134.17	15.307	173.26	-102.04	44.487	257.24	-76.934	57.573	320.23	-29.049	17.433	288.88	-1.8844	21.769
241.16	-4.5363	12.334	177.83	-134.65	15.935	171.2	-102.69	45.315	255.17	-77.861	58.483	318.44	-29.93	18.827	288.87	-1.8736	21.774
239.21	-5.0535	13.86	175.68	-135.01	16.541	168.98	-103.35	46.138	252.96	-78.814	59.417	316.38	-30.714	20.017	288.87	-1.8758	21.769
237.11	-5.5231	15.471	173.41	-135.43	17.193	166.68	-104.02	46.968	250.65	-79.737	60.369	314.16	-31.462	21.157	288.86	-1.8691	21.77
234.94	-6.0765	16.984	171.1	-135.94	17.769	164.27	-104.66	47.859	248.24	-80.59	61.23	311.74	-32.023	22.332	288.86	-1.8815	21.763
232.59	-6.5741	18.506	168.73	-136.24	18.494	161.76	-105.3	48.74	245.74	-81.44	62.204	309.16	-32.495	23.446	288.87	-1.8883	21.764
230.2	-7.1079	20.049	166.17	-136.71	19.076	159.13	-105.94	49.588	243.13	-82.225	63.008	306.3	-32.867	24.452	288.88	-1.8979	21.761
227.6	-7.4832	21.503	163.55	-137.06	19.709	156.4	-106.6	50.442	240.39	-82.984	63.847	303.29	-33.114	25.433	288.88	-1.9	21.775
224.84	-7.8773	22.97	160.93	-137.46	20.405	153.6	-107.28	51.286	237.56	-83.752	64.704	300.06	-33.203	26.48	288.89	-1.9194	21.755
221.9	-8.2019	24.481	158.29	-138.09	20.98	150.72	-107.98	52.107	234.64	-84.424	65.536	296.59	-33.1	27.414	288.89	-1.9154	21.764
218.78	-8.4644	26.078	155.22	-138.18	21.537	147.76	-108.7	52.874	231.56	-85.012	66.338	292.85	-32.872	28.34	288.89	-1.9164	21.773
215.48	-8.5741	27.454	152.33	-138.6	21.963	144.73	-109.44	53.69	228.42	-85.494	67.069	288.98	-32.338	29.316	288.88	-1.9088	21.771
212.01	-8.7165	29.003	149.53	-139.16	22.557	141.59	-110.16	54.436	225.12	-85.926	67.867	284.73	-31.779	30.069	288.88	-1.8946	21.768
208.35	-8.7107	30.365	146.4	-139.62	23.054	138.36	-110.87	55.171	221.77	-86.191	68.567	280.4	-31.061	30.855	288.88	-1.892	21.768
204.52	-8.6857	31.73	143.14	-139.74	23.626	135.01	-111.59	55.906	218.29	-86.407	69.33	NaN	NaN	NaN	288.88	-1.8836	21.771
200.59	-8.6803	33.04	139.97	-140.33	24.076	131.57	-112.25	56.59	214.68	-86.488	70.033	NaN	NaN	NaN	288.88	-1.8814	21.773
196.5	-8.5905	34.248	136.53	-140.36	24.562	128.03	-112.9	57.279	211.03	-86.445	70.692	NaN	NaN	NaN	288.88	-1.883	21.758
192.31	-8.5082	35.345	133.67	-140.47	25.524	124.9	-113.18	58.292	207.27	-86.386	71.336	NaN	NaN	NaN	288.88	-1.8849	21.768
188	-8.3213	36.313	130.21	-140.84	26.035	121.2	-113.75	58.886	203.35	-86.237	72.049	NaN	NaN	NaN	288.9	-1.8833	21.769
183.55	-8.16	37.015	126.61	-141.14	26.533	117.42	-114.31	59.5	199.41	-85.929	72.678	NaN	NaN	NaN	288.89	-1.8887	21.774
179.04	-7.9224	37.652	123.02	-141.46	27.018	113.58	-114.81	60.006	195.37	-85.611	73.278	NaN	NaN	NaN	288.89	-1.8997	21.77
174.47	-7.818	38.11	119.34	-141.72	27.444	109.66	-115.27	60.484	191.27	-85.287	73.847	NaN	NaN	NaN	288.9	-1.905	21.774
169.86	-7.6358	38.563	115.64	-141.95	27.851	105.68	-115.72	60.958	187.07	-84.798	74.353	NaN	NaN	NaN	288.9	-1.9094	21.767
165.15	-7.378	38.725	111.87	-142.2	28.214	101.65	-116.18	61.416	182.84	-84.341	74.87	NaN	NaN	NaN	288.89	-1.8999	21.771
160.37	-7.0977	38.85	108.21	-142.58	28.575	97.616	-116.6	61.817	178.57	-83.786	75.253	NaN	NaN	NaN	288.88	-1.895	21.767
155.58	-6.8747	38.908	103.72	-143.01	28.363	93.062	-117.35	61.763	174.25	-83.194	75.672	NaN	NaN	NaN	288.88	-1.8935	21.767
150.7	-6.6143	38.808	99.782	-143.2	28.635	88.951	-117.77	62.059	169.87	-82.534	75.961	NaN	NaN	NaN	288.88	-1.895	21.767
145.78	-6.3538	38.649	95.913	-143.38	28.791	84.79	-118.18	62.272	165.4	-81.879	76.164	NaN	NaN	NaN	288.88	-1.8949	21.767
140.82	-6.1126	38.459	91.979	-143.54	28.901	80.657	-118.54	62.474	160.78	-81.364	75.952	NaN	NaN	NaN	288.88	-1.8946	21.768
135.77	-5.787	37.986	87.926	-143.66	28.94	76.518	-118.91	62.607	156.24	-80.614	75.987	NaN	NaN	NaN	288.88	-1.9069	21.762
130.68	-5.506	37.62	83.986	-143.85	28.998	72.34	-119.26	62.629	151.71	-79.813	75.899	NaN	NaN	NaN	288.89	-1.9193	21.769
125.48	-5.1603	36.946	79.988	-144.02	28.995	68.169	-119.63	62.751	147.16	-78.994	75.803	NaN	NaN	NaN	288.89	-1.9152	21.762
120.31	-4.9093	36.419	75.974	-144.11	29.039	64.011	-119.98	62.812	142.57	-78.172	75.633	NaN	NaN	NaN	288.88	-1.9148	21.766
115.03	-4.5973	35.793	71.952	-144.34	28.852	59.85	-120.31	62.702	137.93	-77.317	75.37	NaN	NaN	NaN	288.88	-1.9095	21.771
109.72	-4.274	35.242	67.957	-144.45	28.785	55.68	-120.64	62.722	133.3	-76.488	75.056	NaN	NaN	NaN	288.89	-1.902	21.766
104.38	-3.9466	34.63	63.974	-144.59	28.697	51.505	-120.96	62.539	128.67	-75.677	74.694	NaN	NaN	NaN	288.88	-1.8947	21.764
99.054	-3.6056	34.019	59.963	-144.74	28.448	47.377	-121.25	62.466	124.04	-74.874	74.337	NaN	NaN	NaN	288.88	-1.8947	21.767
93.695	-3.3379	33.359	55.988	-144.89	28.207	43.225	-121.54	62.239	119.42	-74.093	73.906	NaN	NaN	NaN	288.88	-1.8926	21.768
88.354	-3.0453	32.661	52.041	-144.95	27.981	39.132	-121.79	61.991	114.83	-73.304	73.493	NaN	NaN	NaN	288.88	-1.8935	21.767
83.139	-2.7325	32.028	48.081	-145.14	27.651	35.054	-122.05	61.743	110.22	-72.552	73.011	NaN	NaN	NaN	288.89	-1.8938	21.77
77.897	-2.5627	31.371	44.251	-145.23	27.308	31.008	-122.3	61.395	105.7	-71.798	72.555	NaN	NaN	NaN	288.9	-1.9002	21.771
72.355	-2.214	30.449	40.353	-145.37	26.896	27.023	-122.56	61.073	101.18	-71.09	72.001	NaN	NaN	NaN	288.89	-1.9005	21.771
66.813	-1.9077	29.747	36.569	-145.48	26.564	23.063	-122.75	60.671	96.706	-70.457	71.407	NaN	NaN	NaN	288.9	-1.8975	21.775
61.456	-1.6172	28.895	32.875	-145.57	25.979	19.171	-122.97	60.288	92.544	-69.525	71.227	NaN	NaN	NaN	288.89	-1.9	21.77
56.307	-1.3731	28.016	29.195	-145.68	25.603	15.341	-123.17	59.886	88.173	-68.834	70.583	NaN	NaN	NaN	288.89	-1.8905	21.758
51.175	-1.1368	27.021	25.593	-145.78	25.255	11.54	-123.35	59.429	83.929	-68.172	69.903	NaN	NaN	NaN	288.89	-1.9005	21.766
46.155	-0.99255	26.206	22.097	-145.89	24.682	7.8553	-123.47	58.955	79.407	-67.789	68.796	NaN	NaN	NaN	288.89	-1.8996	21.771
41.214	-0.76978	25.076	18.643	-145.98	24.259	4.2198	-123.59	58.467	75.305	-67.109	68.129	NaN	NaN	NaN	288.89	-1.9033	21.766
36.385	-0.59041	24.118	15.345	-146.07	23.755	0.75477	-123.74	57.974	71.245	-66.464	67.346	NaN	NaN	NaN	288.89	-1.9023	21.767
31.696	-0.43825	23.162	12.082	-146.18	23.202	-2.6207	-123.89	57.453	67.322	-65.82	66.611	NaN	NaN	NaN	288.89	-1.9128	21.763
27.172	-0.32241	22.229	9.0033	-146.29	22.725	-5.8838	-123.99	56.923	63.531	-65.175	65.897	NaN	NaN	NaN	288.89	-1.9172	21.758
22.804	-0.14476	21.156	6.0178	-146.34	22.271	-9.0612	-124.11	56.406	59.839	-64.588	65.197	NaN	NaN	NaN	288.88	-1.9077	21.772
18.57	-0.095825	20.229	3.0474	-146.42	21.725	-12.158	-124.21	55.852	56.24	-64.007	64.499	NaN	NaN	NaN	288.88	-1.898	21.779
14.508	0.029561	19.196	0.32041	-146.48	21.249	-15.142	-124.32	55.306	52.817	-63.467	63.817	NaN	NaN	NaN	288.88	-1.907	21.761
10.625	0.045321	18.383	-2.3979	-146.58	20.719	-17.946	-124.42	54.787	49.471	-62.979	63.093	NaN	NaN	NaN	288.88	-1.9009	21.772
6.9474	0.13097	17.45	-5.0069	-146.66	20.188	-20.697	-124.54	54.191	46.305	-62.513	62.478	NaN	NaN	NaN	288.88	-1.912	21.767
3.4077	0.19232	16.562	-7.4459	-146.71	19.569	-23.297	-124.63	53.615	43.242	-62.13	61.851	NaN	NaN	NaN	288.88	-1.9097	21.77
0.10543	0.22885	15.762	-9.8127	-146.74	18.991	-25.819	-124.71	53.046	40.34	-61.792	61.254	NaN	NaN	NaN	288.89	-1.9056	21.777
-3.009	0.24049	14.934	-12.093	-146.83	18.453	-28.219	-124.77	52.434	37.605	-61.496	60.713	NaN	NaN	NaN	288.88	-1.907	21.761
-5.8673	0.26201	14.204	-14.192	-146.88	17.896	-30.555	-124.86	51.874	34.953	-61.261	60.134	NaN	NaN	NaN	288.88	-1.9054	21.761
-8.5473	0.27416	13.473	-16.301	-146.92	17.298	-32.777	-124.89	51.276	32.451	-61.031	59.542	NaN	NaN	NaN	288.89	-1.8997	21.77
-11.046	0.24542	12.743	-18.189	-146.99	16.757	-34.906	-124.93	50.677	30.113	-60.818	59.055	NaN	NaN	NaN	288.89	-1.9048	21.766
-13.423	0.21384	11.873	-20.027	-147.02	16.231	-37.08	-124.75	50.325	27.877	-60.627	58.507	NaN	NaN	NaN	288.88	-1.9054	21.761
-15.571	0.20849	11.075	-21.794	-147.07	15.555	-39.024	-124.71	49.729	25.778	-60.439	57.99	NaN	NaN	NaN	288.89	-1.902	21.766
-17.566	0.25443	10.183	-23.365	-147.11	15.09	-40.784	-124.7	49.124	23.796	-60.253	57.487	NaN	NaN	NaN	288.89	-1.9008	21.769
-19.442	0.253	9.2527	-24.832	-147.13	14.584	-42.463	-124.68	48.483	21.898	-60.088	56.917	NaN	NaN	NaN	288.89	-1.9001	21.77
-21.179	0.18555	8.4291	-26.197	-147.17	13.964	-44.018	-124.62	47.869	20.143	-59.86	56.416	NaN	NaN	NaN	288.89	-1.902	21.769
-22.765	0.17394	7.472	-27.464	-147.19	13.385	-45.513	-124.58	47.179	18.451	-59.692	55.853	NaN	NaN	NaN	288.89	-1.902	21.769
-24.269	0.16672	6.3358	-28.629	-147.23	12.827	-46.906	-124.51	46.524	16.873	-59.451	55.318	NaN	NaN	NaN	288.89	-1.9033	21.766
-25.635	0.097588	5.3329	-29.729	-147.24	12.281	-48.215	-124.4	45.828	15.395	-59.267	54.706	NaN	NaN	NaN	288.89	-1.9019	21.766
-26.908	0.075678	4.2065	-30.688	-147.3	11.714	-49.406	-124.34	45.125	13.991	-59.02	54.103	NaN	NaN	NaN	288.89	-1.9029	21.765
-28.091	0.017321	3.2054	-31.601	-147.29	11.15	-50.493	-124.25	44.44	12.744	-58.758	53.488	NaN	NaN	NaN	288.89	-1.9006	21.769
-29.202	-0.032137	2.1058	-32.419	-147.35	10.608	-51.456	-124.18	43.727	11.568	-58.542	52.792	NaN	NaN	NaN	288.89	-1.9029	21.767
-30.226	-0.0070462	0.8987	-33.164	-147.36	10.028	-52.179	-124.28	42.692	10.512	-58.336	52.041	NaN	NaN	NaN	288.89	-1.8996	21.771
-31.209	-0.12317	-0.095903	-33.813	-147.37	9.3661	-52.952	-124.22	42.031	9.5578	-58.113	51.278	NaN	NaN	NaN	288.89	-1.9048	21.766
-32.127	-0.10638	-1.2866	-34.461	-147.42	8.6722	-53.631	-124.17	41.224	8.7432	-57.918	50.422	NaN	NaN	NaN	288.89	-1.9008	21.769
-32.958	-0.22743	-2.2475	-34.986	-147.45	8.0409	-54.221	-124.12	40.534	8.0307	-57.753	49.566	NaN	NaN	NaN	288.89	-1.9008	21.769
-33.732	-0.21713	-3.4088	-35.456	-147.45	7.2861	-54.706	-124.05	39.741	7.3683	-57.555	48.653	NaN	NaN	NaN	288.89	-1.8952	21.781
-34.429	-0.24199	-4.5795	-35.931	-147.49	6.6197	-55.163	-124.04	38.975	6.8203	-57.405	47.668	NaN	NaN	NaN	288.88	-1.907	21.761
-35.062	-0.34543	-5.6796	-36.299	-147.53	5.7373	-55.518	-124.01	38.171	6.3467	-57.267	46.652	NaN	NaN	NaN	288.89	-1.9058	21.764
-35.618	-0.46492	-6.7758	-36.583	-147.54	4.9527	-55.809	-123.97	37.337	5.8949	-57.136	45.633	NaN	NaN	NaN	288.88	-1.8983	21.763
-36.042	-0.53311	-8.005	-36.894	-147.6	4.1569	-56.07	-123.93	36.544	5.4672	-56.971	44.677	NaN	NaN	NaN	288.88	-1.9009	21.761
-36.332	-0.6371	-9.2425	-37.122	-147.62	3.3705	-56.401	-123.88	35.739	5.0609	-56.812	43.881	NaN	NaN	NaN	288.88	-1.9068	21.759
-36.531	-0.73256	-10.56	-37.273	-147.6	2.7364	-56.733	-123.78	34.966	4.6372	-56.706	43.149	NaN	NaN	NaN	288.89	-1.9008	21.769
-36.678	-0.91994	-11.61	-37.52	-147.65	2.0764	-57.077	-123.64	34.247	4.1554	-56.578	42.58	NaN	NaN	NaN	288.88	-1.9046	21.765
-36.855	-0.86006	-12.238	-37.587	-147.61	1.6466	-57.486	-123.53	33.574	3.6938	-56.547	42.156	NaN	NaN	NaN	288.88	-1.8957	21.766
-36.884	-0.75157	-12.292	-37.765	-147.6	1.133	-57.851	-123.38	32.938	3.3761	-56.654	41.991	NaN	NaN	NaN	288.88	-1.8957	21.766
-36.828	-0.69491	-12.318	-37.889	-147.61	0.85266	-58.239	-123.31	32.429	3.0664	-56.869	42.013	NaN	NaN	NaN	288.89	-1.8994	21.757
-36.73	-0.62504	-12.423	-37.991	-147.58	0.53364	-58.552	-123.25	32.054	2.7005	-57.072	42.169	NaN	NaN	NaN	288.88	-1.8947	21.767
-36.657	-0.63957	-12.475	-38.106	-147.6	0.28688	-58.825	-123.26	31.798	2.3449	-57.157	42.372	NaN	NaN	NaN	288.89	-1.9042	21.765
-36.631	-0.66239	-12.552	-38.214	-147.6	0.25551	-59.064	-123.24	31.647	2.037	-57.136	42.606	NaN	NaN	NaN	288.89	-1.9023	21.765
-36.661	-0.66969	-12.623	-38.317	-147.54	0.4241	-59.347	-123.09	31.517	1.6755	-57.109	42.711	NaN	NaN	NaN	288.88	-1.9073	21.759
-36.74	-0.62719	-12.679	-38.403	-147.48	0.55368	-59.632	-122.91	31.447	1.3828	-56.96	42.849	NaN	NaN	NaN	288.88	-1.9079	21.76
-36.821	-0.55973	-12.702	-38.487	-147.42	0.646	-59.863	-122.77	31.404	1.1151	-56.845	42.951	NaN	NaN	NaN	288.89	-1.8929	21.771
-36.924	-0.45915	-12.901	-38.555	-147.36	0.6822	-59.99	-122.72	31.363	0.89111	-56.758	43.003	NaN	NaN	NaN	288.89	-1.9	21.77
-37.014	-0.44073	-12.838	-38.611	-147.29	0.67283	-60.052	-122.69	31.302	0.7351	-56.635	43.071	NaN	NaN	NaN	288.89	-1.9008	21.769
-37.095	-0.39175	-12.867	-38.656	-147.23	0.6595	-60.09	-122.62	31.257	0.62114	-56.523	43.098	NaN	NaN	NaN	288.89	-1.9022	21.767
-37.167	-0.35275	-12.909	-38.71	-147.16	0.64922	-60.147	-122.52	31.191	0.54994	-56.446	43.113	NaN	NaN	NaN	288.89	-1.9019	21.767
-37.216	-0.25677	-13.041	-38.736	-147.13	0.61746	-60.221	-122.43	31.108	0.47568	-56.405	43.051	NaN	NaN	NaN	288.89	-1.9008	21.769
-37.226	-0.21628	-13.036	-38.711	-147.09	0.49368	-60.253	-122.39	31.02	0.45687	-56.368	42.964	NaN	NaN	NaN	288.88	-1.8947	21.767
-37.231	-0.176	-13.015	-38.653	-147.06	0.37842	-60.222	-122.36	30.9	0.48149	-56.367	42.892	NaN	NaN	NaN	288.88	-1.8951	21.767
-37.217	-0.15052	-13.004	-38.574	-147.04	0.232	-60.138	-122.37	30.749	0.51281	-56.393	42.778	NaN	NaN	NaN	288.89	-1.8898	21.772
-37.213	-0.14971	-13.003	-38.517	-147.08	0.071551	-60.051	-122.38	30.596	0.60639	-56.441	42.661	NaN	NaN	NaN	288.89	-1.8874	21.763
-37.191	-0.16123	-12.993	-38.442	-147.13	-0.080407	-59.948	-122.41	30.457	0.70306	-56.527	42.552	NaN	NaN	NaN	288.88	-1.8846	21.756
-37.206	-0.20082	-13.01	-38.36	-147.22	-0.26486	-59.814	-122.45	30.355	0.8095	-56.626	42.417	NaN	NaN	NaN	288.88	-1.8831	21.757
-37.17	-0.2415	-12.989	-38.245	-147.28	-0.41361	-59.642	-122.54	30.268	0.91867	-56.727	42.318	NaN	NaN	NaN	288.89	-1.8899	21.772
-37.119	-0.32075	-12.841	-38.141	-147.34	-0.56012	-59.475	-122.63	30.19	1.0314	-56.805	42.208	NaN	NaN	NaN	288.88	-1.8852	21.77
-37.077	-0.35435	-12.798	-38.011	-147.41	-0.68984	-59.312	-122.75	30.093	1.1523	-56.89	42.087	NaN	NaN	NaN	288.88	-1.8823	21.77
-37.037	-0.40365	-12.765	-37.978	-147.52	-0.82992	-59.163	-122.84	29.995	1.3119	-56.954	42.013	NaN	NaN	NaN	288.89	-1.8775	21.766
-36.975	-0.4519	-12.719	-37.916	-147.64	-0.94323	-58.986	-122.92	29.996	1.4462	-57.082	41.885	NaN	NaN	NaN	288.89	-1.8873	21.762
-36.918	-0.5596	-12.562	-37.848	-147.72	-1.0189	-58.864	-123.01	29.967	1.5591	-57.155	41.805	NaN	NaN	NaN	288.88	-1.8923	21.769
