139.25	-0.3338	20.177	-32.297	-4.485	-14.354	-6.5288	2.7546	-18.848	-5.1983	-58.864	43.012	-64.613	-125.55	25.605	-39.7	-152.08	-1.1215
139.26	-0.33998	20.162	-32.297	-4.485	-14.354	-6.5288	2.7546	-18.848	-5.2036	-58.855	43.015	-64.621	-125.56	25.599	-39.702	-152.08	-1.124
139.25	-0.34513	20.171	-32.295	-4.4967	-14.361	-6.5304	2.7661	-18.841	-5.2048	-58.856	43.014	-64.616	-125.55	25.59	-39.699	-152.08	-1.1219
139.26	-0.34266	20.174	-32.295	-4.4967	-14.361	-6.5304	2.7661	-18.841	-5.2024	-58.854	43.016	-64.617	-125.55	25.601	-39.692	-152.08	-1.1146
139.26	-0.34315	20.175	-32.295	-4.4967	-14.361	-6.5304	2.7661	-18.841	-5.2127	-58.847	43.015	-64.624	-125.56	25.596	-39.694	-152.08	-1.1283
139.26	-0.34501	20.172	-32.295	-4.4967	-14.361	-6.5261	2.7713	-18.851	-5.1972	-58.849	43.021	-64.618	-125.55	25.601	-39.707	-152.07	-1.1356
139.26	-0.34118	20.163	-32.308	-4.4906	-14.364	-6.5252	2.7705	-18.837	-5.2008	-58.841	43.023	-64.609	-125.55	25.596	-39.696	-152.08	-1.1329
139.26	-0.3387	20.164	-32.296	-4.4857	-14.339	-6.5261	2.7713	-18.851	-5.1873	-58.844	43.029	-64.615	-125.55	25.59	-39.699	-152.08	-1.1234
139.26	-0.33947	20.167	-32.302	-4.4862	-14.36	-6.536	2.7649	-18.847	-5.2024	-58.852	43.005	-64.612	-125.55	25.594	-39.692	-152.09	-1.1356
139.26	-0.33996	20.165	-32.308	-4.4906	-14.364	-6.5252	2.7705	-18.837	-5.1894	-58.844	43.014	-64.615	-125.55	25.59	-39.695	-152.08	-1.1327
139.26	-0.34292	20.175	-32.297	-4.485	-14.354	-6.5252	2.7705	-18.837	-5.1894	-58.844	43.014	-64.615	-125.55	25.59	-39.695	-152.08	-1.12
139.26	-0.33286	20.179	-32.308	-4.4906	-14.364	-6.5261	2.7713	-18.851	-5.1871	-58.842	43.016	-64.61	-125.55	25.594	-39.695	-152.08	-1.1311
139.26	-0.34292	20.175	-32.308	-4.4906	-14.364	-6.5317	2.7701	-18.857	-5.1892	-58.831	43.02	-64.615	-125.55	25.591	-39.701	-152.07	-1.116
139.26	-0.34017	20.165	-32.304	-4.4745	-14.353	-6.5277	2.7828	-18.845	-5.1926	-58.831	43.018	-64.614	-125.55	25.591	-39.695	-152.08	-1.1319
139.26	-0.34454	20.171	-32.304	-4.4745	-14.353	-6.5226	2.7875	-18.84	-5.2051	-58.825	43.001	-64.62	-125.54	25.592	-39.7	-152.07	-1.1166
139.25	-0.33329	20.164	-32.3	-4.4694	-14.363	-6.5225	2.7872	-18.84	-5.2058	-58.827	43.014	-64.623	-125.54	25.593	-39.702	-152.05	-1.1123
139.26	-0.33172	20.168	-32.299	-4.47	-14.349	-6.5224	2.787	-18.84	-5.2216	-58.824	43.007	-64.634	-125.52	25.582	-39.719	-152.05	-1.1188
139.25	-0.33735	20.172	-32.299	-4.47	-14.349	-6.5342	2.7827	-18.865	-5.2267	-58.813	43.022	-64.636	-125.52	25.582	-39.715	-152.06	-1.1328
139.26	-0.32764	20.171	-32.309	-4.4756	-14.359	-6.5448	2.7765	-18.875	-5.2248	-58.813	43.025	-64.636	-125.52	25.581	-39.719	-152.05	-1.1154
139.25	-0.33564	20.172	-32.305	-4.4705	-14.369	-6.5504	2.7753	-18.881	-5.2417	-58.812	43.029	-64.654	-125.51	25.573	-39.735	-152.05	-1.1109
139.26	-0.33029	20.169	-32.296	-4.4533	-14.352	-6.5397	2.7809	-18.871	-5.25	-58.816	43.023	-64.657	-125.52	25.573	-39.732	-152.05	-1.1083
139.25	-0.33673	20.173	-32.307	-4.4588	-14.362	-6.5413	2.7928	-18.864	-5.2462	-58.803	43.032	-64.671	-125.51	25.578	-39.741	-152.04	-1.1104
139.26	-0.34034	20.165	-32.307	-4.4588	-14.362	-6.5305	2.7983	-18.854	-5.2605	-58.809	43.007	-64.669	-125.51	25.581	-39.749	-152.04	-1.1169
139.26	-0.34253	20.175	-32.307	-4.4588	-14.362	-6.552	2.7869	-18.874	-5.2647	-58.814	43.016	-64.67	-125.51	25.57	-39.75	-152.04	-1.1049
139.25	-0.3361	20.174	-32.307	-4.4588	-14.362	-6.5521	2.7872	-18.874	-5.2696	-58.814	43.013	-64.678	-125.52	25.586	-39.757	-152.04	-1.1033
139.26	-0.34409	20.172	-32.307	-4.4588	-14.362	-6.5521	2.7872	-18.874	-5.2662	-58.816	43.029	-64.674	-125.51	25.578	-39.749	-152.04	-1.1002
139.25	-0.34465	20.157	-32.305	-4.4705	-14.369	-6.552	2.7869	-18.874	-5.2712	-58.806	43.019	-64.688	-125.51	25.573	-39.747	-152.04	-1.0981
139.25	-0.34492	20.171	-32.307	-4.4588	-14.362	-6.5413	2.7928	-18.864	-5.2655	-58.814	43.017	-64.679	-125.52	25.574	-39.761	-152.05	-1.113
139.26	-0.34273	20.175	-32.321	-4.4805	-14.383	-6.5521	2.7872	-18.874	-5.2645	-58.801	43.022	-64.683	-125.52	25.572	-39.753	-152.05	-1.117
139.26	-0.34273	20.175	-32.311	-4.475	-14.373	-6.5521	2.7872	-18.874	-5.2635	-58.813	43.017	-64.683	-125.52	25.57	-39.762	-152.05	-1.1121
139.26	-0.34471	20.171	-32.307	-4.4588	-14.362	-6.5469	2.7916	-18.87	-5.2696	-58.814	43.013	-64.683	-125.52	25.569	-39.759	-152.05	-1.0965
139.25	-0.34492	20.171	-32.305	-4.4705	-14.369	-6.5521	2.7872	-18.874	-5.26	-58.81	43.02	-64.681	-125.52	25.572	-39.758	-152.05	-1.0958
139.26	-0.34291	20.176	-32.307	-4.4588	-14.362	-6.5305	2.7983	-18.854	-5.2764	-58.821	43.006	-64.692	-125.51	25.57	-39.755	-152.05	-1.1044
139.26	-0.34204	20.177	-32.307	-4.4588	-14.362	-6.5469	2.7916	-18.87	-5.2798	-58.81	43.009	-64.686	-125.51	25.562	-39.761	-152.05	-1.1089
139.26	-0.34194	20.161	-32.307	-4.4588	-14.362	-6.5469	2.7916	-18.87	-5.2753	-58.806	43.015	-64.692	-125.51	25.572	-39.751	-152.04	-1.1008
139.26	-0.34219	20.174	-32.318	-4.4644	-14.372	-6.5576	2.7857	-18.88	-5.2816	-58.809	43.009	-64.687	-125.51	25.574	-39.763	-152.04	-1.0915
139.26	-0.33216	20.178	-32.307	-4.4588	-14.362	-6.5592	2.7975	-18.873	-5.2861	-58.8	43.012	-64.693	-125.51	25.569	-39.753	-152.05	-1.1032
139.26	-0.34265	20.173	-32.318	-4.4644	-14.372	-6.5485	2.8031	-18.863	-5.2802	-58.796	43.03	-64.694	-125.51	25.558	-39.764	-152.04	-1.092
139.26	-0.33878	20.165	-32.312	-4.46	-14.368	-6.5485	2.8031	-18.863	-5.2988	-58.796	43.021	-64.696	-125.51	25.555	-39.759	-152.05	-1.0939
139.26	-0.3403	20.177	-32.312	-4.46	-14.368	-6.5592	2.7975	-18.873	-5.2955	-58.793	43.025	-64.699	-125.5	25.559	-39.766	-152.04	-1.0931
139.27	-0.3372	20.169	-32.314	-4.4483	-14.361	-6.5617	2.8098	-18.881	-5.2918	-58.79	43.028	-64.702	-125.5	25.556	-39.756	-152.05	-1.09
139.26	-0.32995	20.168	-32.312	-4.46	-14.368	-6.5608	2.8091	-18.867	-5.3013	-58.783	43.026	-64.706	-125.5	25.554	-39.76	-152.04	-1.0909
139.25	-0.3333	20.161	-32.325	-4.4538	-14.371	-6.5565	2.8142	-18.877	-5.3111	-58.775	43.024	-64.7	-125.5	25.557	-39.763	-152.04	-1.0903
139.26	-0.32968	20.166	-32.319	-4.4494	-14.367	-6.5557	2.8138	-18.862	-5.3154	-58.78	43.034	-64.704	-125.5	25.555	-39.761	-152.04	-1.0895
139.26	-0.33725	20.165	-32.326	-4.4532	-14.386	-6.5565	2.8145	-18.877	-5.3107	-58.776	43.037	-64.702	-125.5	25.556	-39.756	-152.03	-1.084
139.26	-0.33686	20.168	-32.337	-4.4587	-14.396	-6.5664	2.8079	-18.872	-5.3209	-58.77	43.022	-64.707	-125.49	25.557	-39.745	-152.04	-1.0934
139.26	-0.33977	20.162	-32.321	-4.4487	-14.382	-6.5688	2.8202	-18.88	-5.3268	-58.774	43.029	-64.699	-125.49	25.563	-39.757	-152.04	-1.0875
139.27	-0.33759	20.166	-32.33	-4.455	-14.377	-6.5629	2.8242	-18.861	-5.3212	-58.768	43.035	-64.701	-125.5	25.556	-39.753	-152.04	-1.0837
139.27	-0.33555	20.171	-32.33	-4.455	-14.377	-6.5761	2.8308	-18.88	-5.3263	-58.771	43.017	-64.706	-125.49	25.546	-39.747	-152.04	-1.0865
139.27	-0.33542	20.17	-32.331	-4.4543	-14.392	-6.5875	2.836	-18.869	-5.3213	-58.755	43.029	-64.702	-125.5	25.556	-39.74	-152.04	-1.0901
139.26	-0.33785	20.168	-32.333	-4.4426	-14.385	-6.5947	2.8464	-18.868	-5.3254	-58.756	43.013	-64.69	-125.49	25.553	-39.741	-152.04	-1.0923
139.26	-0.3427	20.176	-32.344	-4.4482	-14.395	-6.5947	2.8464	-18.868	-5.3213	-58.753	43.017	-64.699	-125.5	25.556	-39.741	-152.04	-1.0942
139.27	-0.33787	20.168	-32.344	-4.4482	-14.395	-6.5839	2.852	-18.857	-5.3306	-58.757	42.997	-64.693	-125.49	25.55	-39.747	-152.03	-1.0919
139.27	-0.33835	20.169	-32.344	-4.4482	-14.395	-6.5971	2.8587	-18.876	-5.3203	-58.751	43.018	-64.693	-125.5	25.561	-39.741	-152.04	-1.079
139.26	-0.3429	20.176	-32.344	-4.4482	-14.395	-6.5971	2.8587	-18.876	-5.3203	-58.751	43.018	-64.688	-125.5	25.549	-39.741	-152.04	-1.0918
139.26	-0.3427	20.176	-32.355	-4.4537	-14.405	-6.5971	2.8587	-18.876	-5.3188	-58.749	43.006	-64.689	-125.49	25.564	-39.744	-152.04	-1.0821
139.26	-0.34294	20.175	-32.344	-4.4482	-14.395	-6.5971	2.8587	-18.876	-5.32	-58.75	43.005	-64.688	-125.5	25.549	-39.739	-152.04	-1.0786
139.26	-0.34368	20.172	-32.343	-4.4488	-14.38	-6.5988	2.8705	-18.869	-5.32	-58.75	43.005	-64.68	-125.5	25.555	-39.732	-152.05	-1.0908
139.25	-0.34492	20.171	-32.344	-4.4482	-14.395	-6.5971	2.8587	-18.876	-5.3216	-58.752	43.002	-64.694	-125.5	25.55	-39.738	-152.04	-1.0905
139.26	-0.34187	20.176	-32.344	-4.4482	-14.395	-6.5971	2.8587	-18.876	-5.3118	-58.746	43.01	-64.684	-125.5	25.564	-39.733	-152.05	-1.0932
139.26	-0.33785	20.168	-32.355	-4.4537	-14.405	-6.5963	2.858	-18.861	-5.3141	-58.745	43.009	-64.688	-125.5	25.549	-39.736	-152.04	-1.0881
139.27	-0.33459	20.171	-32.355	-4.4537	-14.405	-6.592	2.8631	-18.871	-5.3021	-58.751	43.013	-64.682	-125.5	25.552	-39.735	-152.05	-1.0941
139.26	-0.3413	20.162	-32.339	-4.4437	-14.391	-6.592	2.8634	-18.871	-5.3184	-58.762	42.999	-64.68	-125.5	25.554	-39.729	-152.03	-1.0703
139.26	-0.34238	20.161	-32.343	-4.4488	-14.38	-6.592	2.8634	-18.871	-5.3052	-58.767	43.003	-64.68	-125.5	25.554	-39.735	-152.03	-1.0874
139.26	-0.33803	20.179	-32.331	-4.4543	-14.392	-6.5944	2.8751	-18.879	-5.3042	-58.782	42.998	-64.678	-125.49	25.572	-39.737	-152.04	-1.0901
139.27	-0.3367	20.168	-32.325	-4.4538	-14.371	-6.5957	2.8794	-18.895	-5.2984	-58.819	42.982	-64.657	-125.48	25.569	-39.75	-152.05	-1.0893
139.27	-0.3367	20.168	-32.301	-4.4544	-14.358	-6.581	2.8934	-18.896	-5.2837	-58.866	42.966	-64.654	-125.47	25.562	-39.747	-152.04	-1.0843
139.26	-0.33338	20.177	-32.288	-4.4645	-14.339	-6.587	2.915	-18.951	-5.2601	-58.917	42.925	-64.634	-125.45	25.579	-39.774	-152.05	-1.0854
139.26	-0.34075	20.176	-32.238	-4.4813	-14.303	-6.5607	2.9954	-18.952	-5.2272	-58.978	42.909	-64.605	-125.45	25.607	-39.781	-152.05	-1.0763
139.26	-0.34238	20.161	-32.162	-4.5149	-14.229	-6.4543	3.1122	-18.914	-5.1775	-59.098	42.9	-64.589	-125.46	25.652	-39.798	-152.07	-1.0756
139.27	-0.3372	20.169	-32.12	-4.5441	-14.331	-6.2856	3.3267	-18.763	-5.087	-59.254	42.925	-64.573	-125.49	25.744	-39.804	-152.08	-1.05
139.26	-0.34232	20.172	-32.136	-4.6738	-14.111	-5.8562	3.637	-18.345	-4.9622	-59.458	43.03	-64.55	-125.55	25.833	-39.827	-152.09	-1.0255
139.26	-0.34256	20.175	-32.314	-4.721	-13.717	-4.9852	4.0922	-17.548	-4.829	-59.786	43.15	-64.505	-125.63	25.933	-39.85	-152.12	-0.97866
139.25	-0.34495	20.17	-32.544	-4.7793	-12.955	-3.3451	4.748	-16.2	-4.6161	-60.258	43.49	-64.434	-125.75	26.02	-39.859	-152.2	-0.9488
139.26	-0.3429	20.176	-32.448	-4.6711	-11.65	-0.77577	5.7141	-14.235	-4.4073	-60.949	43.866	-64.306	-125.94	26.202	-39.795	-152.32	-0.94246
139.26	-0.3429	20.176	-32.568	-4.6183	-10.542	2.0199	6.5019	-11.723	-4.1025	-61.78	44.43	-64.09	-126.2	26.322	-39.681	-152.46	-1.0202
139.26	-0.34607	20.171	-32.538	-4.7378	-8.9008	4.927	7.1001	-8.8278	-3.7641	-62.764	45.081	-63.83	-126.54	26.517	-39.596	-152.61	-1.1062
139.25	-0.34948	20.18	-32.494	-4.863	-7.2616	7.834	7.4789	-5.6377	-3.2705	-63.988	45.894	-63.507	-126.91	26.702	-39.549	-152.81	-1.2707
139.26	-0.34511	20.174	-31.925	-4.8159	-4.9292	10.693	7.5634	-2.2503	-2.7107	-65.325	46.719	-63.138	-127.32	26.924	-39.338	-153.04	-1.3944
139.26	-0.34548	20.186	-31.483	-5.0234	-2.9097	13.542	7.3536	1.1323	-2.075	-66.771	47.463	-62.729	-127.76	27.163	-39.124	-153.27	-1.4702
139.26	-0.35288	20.184	-30.793	-5.2369	-0.97823	16.607	6.9716	4.5795	-0.92516	-68.035	48.809	-62.256	-128.26	27.463	-38.831	-153.54	-1.543
139.26	-0.3557	20.182	-29.845	-5.6109	1.1145	19.771	6.3832	7.9887	-0.098608	-69.622	49.52	-61.712	-128.78	27.748	-38.617	-153.87	-1.669
139.27	-0.35885	20.187	-28.656	-6.0348	3.0094	22.893	5.4597	10.99	0.7846	-71.193	50.261	-61.119	-129.31	28.064	-38.319	-154.28	-1.7684
139.27	-0.35374	20.188	-27.366	-6.5261	4.6958	26.014	4.2296	13.647	1.8227	-72.772	50.959	-60.455	-129.86	28.402	-37.783	-154.67	-1.7169
139.27	-0.36155	20.187	-25.892	-7.142	6.4134	29.158	2.8859	16.063	2.964	-74.353	51.613	-59.703	-130.43	28.768	-37.348	-155.04	-1.7214
139.28	-0.3697	20.185	-24.272	-7.6977	7.8561	32.364	1.3361	18.26	4.213	-75.927	52.235	-58.92	-130.97	29.124	-36.791	-155.48	-1.4474
139.27	-0.37375	20.179	-22.557	-8.3953	9.22	35.65	-0.35289	20.199	5.5341	-77.385	52.928	-58.089	-131.42	29.442	-36.067	-155.94	-1.06
139.27	-0.37163	20.183	-20.674	-9.1287	10.301	38.968	-2.1264	21.964	6.9472	-78.776	53.497	-57.165	-131.86	29.781	-35.205	-156.42	-0.75518
139.27	-0.37451	20.194	-18.622	-9.9903	11.399	42.109	-4.0077	23.38	8.467	-80.246	54.106	-56.083	-132.39	30.151	-34.195	-157.13	-0.51933
139.27	-0.37872	20.188	-16.486	-10.844	12.212	45.616	-5.8438	24.946	10.167	-81.682	54.708	-54.804	-133.02	30.597	-33.257	-157.63	-0.20612
139.27	-0.37632	20.189	-14.221	-11.806	12.95	48.938	-7.7847	26.219	11.98	-83.155	55.249	-53.407	-133.68	31.028	-32.075	-158.62	0.1587
139.27	-0.37872	20.188	-11.748	-12.748	13.759	52.311	-9.7633	27.345	13.915	-84.646	55.718	-51.928	-134.31	31.441	-30.712	-159.38	0.56356
139.26	-0.38218	20.182	-9.1897	-13.747	14.495	55.725	-11.763	28.397	15.986	-86.178	56.138	-50.372	-134.93	31.857	-29.505	-160.04	0.79373
139.27	-0.38013	20.187	-6.5376	-14.696	15.107	59.212	-13.781	29.324	18.216	-87.729	56.548	-48.702	-135.56	32.274	-28.039	-160.74	1.0017
139.27	-0.37872	20.188	-3.7155	-15.758	15.885	62.74	-15.842	30.065	20.591	-89.254	56.878	-46.887	-136.26	32.734	-26.522	-161.51	1.3327
139.27	-0.37807	20.189	-0.8015	-16.76	16.514	66.35	-17.899	30.726	23.072	-90.808	57.177	-44.945	-136.95	33.199	-24.944	-162.27	1.671
139.27	-0.37342	20.196	1.6953	-18.058	16.831	69.592	-20.178	30.876	25.343	-92.441	57.238	-43.285	-137.8	33.462	-23.589	-163.1	1.7899
139.27	-0.37354	20.179	5.3734	-18.827	17.737	73.77	-22.048	31.446	28.406	-93.77	57.569	-40.784	-138.2	34.195	-21.535	-163.57	2.3647
139.27	-0.37378	20.179	8.5842	-19.789	18.188	77.519	-24.114	31.519	31.25	-95.22	57.681	-38.631	-138.76	34.69	-19.824	-164.27	2.6439
139.28	-0.36606	20.192	11.904	-20.92	18.763	81.34	-26.16	31.502	34.139	-96.628	57.733	-36.394	-139.33	35.243	-17.962	-164.83	3.063
139.28	-0.36705	20.188	15.284	-21.83	18.997	85.204	-28.129	31.317	37.132	-97.963	57.723	-34.071	-139.83	35.743	-16.106	-165.43	3.4308
139.29	-0.37373	20.188	18.689	-22.802	19.156	89.084	-30.093	30.922	40.203	-99.188	57.654	-31.664	-140.36	36.268	-14.149	-165.77	3.7029
139.29	-0.36366	20.193	22.097	-23.693	19.17	92.898	-31.933	30.424	43.305	-100.35	57.541	-29.18	-140.8	36.715	-12.149	-166.41	4.093
139.29	-0.35907	20.188	25.511	-24.624	19.275	96.76	-33.756	29.84	46.392	-101.47	57.395	-26.653	-141.2	37.263	-9.8813	-167.16	4.4208
139.3	-0.36296	20.194	28.828	-25.446	19.18	100.54	-35.445	29.153	49.499	-102.45	57.183	-24.091	-141.6	37.672	-7.6276	-167.53	4.8372
139.3	-0.36706	20.186	32.109	-26.243	19.134	104.32	-36.997	28.466	52.618	-103.32	56.958	-21.476	-141.95	38.082	-5.4824	-167.98	5.1579
139.29	-0.36624	20.191	35.288	-26.901	18.863	108.07	-38.446	27.71	55.737	-104.17	56.674	-18.83	-142.26	38.448	-3.2645	-168.31	5.5002
139.28	-0.36627	20.192	38.368	-27.511	18.606	111.56	-39.917	26.652	58.868	-104.8	56.312	-16.116	-142.5	38.932	-0.96361	-168.57	5.8662
139.28	-0.37059	20.185	41.401	-28.064	18.209	115.51	-41.104	26.018	61.95	-105.4	55.988	-13.425	-142.69	39.309	1.555	-169.12	6.1744
139.27	-0.37869	20.189	44.412	-28.519	17.811	119.2	-42.257	25.186	65.041	-105.84	55.63	-10.738	-142.82	39.666	3.8942	-169.37	6.6531
139.27	-0.37401	20.192	47.325	-28.94	17.257	122.82	-43.396	24.236	68.088	-106.18	55.279	-8.046	-142.85	40.027	6.2066	-169.34	7.0906
139.27	-0.37872	20.188	50.24	-29.266	16.723	126.38	-44.375	23.342	71.053	-106.42	54.959	-5.4208	-142.84	40.339	8.5607	-169.68	7.6166
139.26	-0.38303	20.18	53.013	-29.472	15.979	129.83	-45.295	22.427	73.966	-106.5	54.633	-2.8108	-142.76	40.603	11.049	-169.78	8.0337
139.25	-0.37744	20.177	55.807	-29.636	15.46	133.17	-46.056	21.609	76.841	-106.54	54.387	-0.26498	-142.63	40.87	13.355	-169.72	8.4242
139.26	-0.38299	20.18	58.455	-29.773	14.786	136.4	-46.745	20.86	79.561	-106.44	54.154	2.2787	-142.38	41.033	15.75	-169.77	8.7941
139.25	-0.37493	20.181	61.089	-29.768	14.178	139.45	-47.175	20.212	82.243	-106.25	53.95	4.8036	-142.11	41.192	18.182	-169.73	9.1408
139.26	-0.37208	20.187	63.593	-29.668	13.439	142.4	-47.452	19.683	84.785	-105.96	53.81	7.2503	-141.78	41.271	20.653	-169.84	9.4734
139.27	-0.36599	20.18	66.086	-29.521	12.724	145.22	-47.592	19.258	87.239	-105.61	53.659	9.6808	-141.37	41.338	23.132	-169.76	9.7293
139.27	-0.37631	20.189	68.465	-29.305	11.993	147.83	-47.486	18.82	89.638	-105.13	53.574	12.003	-140.96	41.305	25.466	-169.51	9.8715
139.28	-0.36701	20.188	70.784	-29.047	11.198	150.26	-47.229	18.422	91.951	-104.53	53.465	14.314	-140.46	41.312	27.704	-169.15	10.128
139.28	-0.36701	20.188	73.05	-28.726	10.545	152.59	-46.849	18.017	94.186	-103.9	53.321	16.562	-139.89	41.261	30.068	-168.97	10.276
139.29	-0.36359	20.18	75.137	-28.257	9.6865	154.73	-46.227	17.522	96.397	-103.16	53.22	18.768	-139.31	41.225	32.277	-168.41	10.407
139.29	-0.36128	20.183	77.132	-27.751	8.9425	156.7	-45.453	16.99	98.545	-102.35	53.086	20.918	-138.68	41.216	34.521	-168.08	10.53
139.28	-0.3659	20.189	78.971	-27.101	8.2805	158.52	-44.553	16.409	100.64	-101.46	52.933	23.068	-138	41.176	36.663	-167.53	10.767
139.28	-0.3683	20.187	80.63	-26.465	7.8124	160.12	-43.405	15.654	102.7	-100.49	52.758	25.143	-137.34	41.223	38.733	-166.92	10.884
139.28	-0.35371	20.185	82.096	-25.658	7.2542	161.57	-42.1	14.848	104.74	-99.428	52.581	27.214	-136.62	41.229	40.696	-166.06	10.908
139.27	-0.36384	20.185	83.487	-24.799	6.9238	162.83	-40.68	14.005	106.72	-98.317	52.351	29.251	-135.91	41.31	42.769	-165.57	11.162
139.26	-0.36015	20.178	84.708	-23.838	6.5249	163.9	-39.027	12.971	108.67	-97.071	52.082	31.261	-135.14	41.38	44.712	-164.83	11.332
139.26	-0.36734	20.191	85.79	-22.884	6.2515	164.82	-37.293	11.891	110.6	-95.787	51.856	33.197	-134.34	41.504	46.612	-164.12	11.438
139.25	-0.3662	20.185	86.827	-21.701	5.7565	165.6	-35.478	10.731	112.47	-94.454	51.611	35.092	-133.49	41.613	48.416	-163.19	11.687
139.24	-0.36947	20.18	87.907	-20.669	5.554	166.21	-33.634	9.4408	114.26	-93.071	51.362	36.912	-132.55	41.691	50.175	-162.27	11.838
139.23	-0.366	20.174	88.899	-19.575	5.3015	166.74	-31.767	8.2298	116.1	-91.651	51.123	38.694	-131.61	41.807	51.892	-161.3	11.959
139.24	-0.37335	20.172	89.994	-18.387	5.0771	167.25	-29.931	6.9537	117.84	-90.251	50.899	40.405	-130.59	41.822	53.561	-160.38	12.096
139.23	-0.37033	20.182	91.104	-17.237	4.7728	167.69	-28.213	5.758	119.54	-88.865	50.682	42.082	-129.56	41.873	55.14	-159.19	12.091
139.23	-0.36883	20.185	92.327	-16.067	4.6636	168.24	-26.576	4.7207	121.23	-87.49	50.486	43.712	-128.45	41.829	56.716	-158.18	12.18
139.23	-0.36369	20.177	93.607	-14.833	4.4314	168.87	-25.017	3.7854	122.81	-86.194	50.296	45.283	-127.32	41.782	58.36	-157.06	12.174
139.24	-0.37485	20.184	94.94	-13.672	4.2299	169.61	-23.558	3.0571	124.36	-84.927	50.134	46.782	-126.18	41.73	59.868	-155.98	12.116
139.24	-0.37026	20.178	96.336	-12.476	4.0132	170.47	-22.22	2.4288	125.83	-83.67	50.019	48.238	-125.01	41.553	61.342	-154.76	11.96
139.24	-0.37072	20.178	97.74	-11.339	3.7055	171.47	-20.951	2.0541	127.21	-82.444	49.904	49.63	-123.86	41.436	62.765	-153.65	11.912
139.25	-0.37743	20.177	99.208	-10.177	3.3988	172.48	-19.735	1.6464	128.54	-81.233	49.822	50.988	-122.69	41.284	64.17	-152.51	11.773
139.26	-0.37831	20.174	100.64	-9.0916	2.9945	173.57	-18.528	1.4088	129.8	-80.026	49.804	52.296	-121.52	41.066	65.588	-151.36	11.738
139.27	-0.37571	20.176	102.05	-8.0095	2.5853	174.62	-17.381	1.164	131.02	-78.819	49.78	53.552	-120.39	40.908	66.935	-150.33	11.581
139.27	-0.37362	20.179	103.45	-6.944	2.1605	175.61	-16.146	0.98463	132.18	-77.611	49.755	54.814	-119.24	40.682	68.252	-149.22	11.485
139.27	-0.37164	20.183	104.79	-5.8885	1.7111	176.43	-14.944	0.68795	133.31	-76.428	49.647	56.013	-118.17	40.532	69.593	-148.18	11.368
139.28	-0.37035	20.184	106.07	-4.8466	1.2682	177.19	-13.632	0.41976	134.42	-75.239	49.641	57.219	-117.09	40.311	70.874	-147.22	11.251
139.28	-0.37013	20.184	107.37	-3.7795	0.9213	177.74	-12.302	0.033653	135.53	-74.035	49.591	58.354	-116.09	40.203	72.137	-146.2	11.064
139.28	-0.36944	20.186	108.59	-2.7542	0.50963	178.06	-10.981	-0.45358	136.6	-72.88	49.56	59.476	-115.08	39.983	73.334	-145.24	11.014
139.26	-0.36565	20.179	109.83	-1.7442	0.11541	178.17	-9.5871	-1.0321	137.64	-71.729	49.427	60.576	-114.12	39.839	74.484	-144.27	10.869
139.27	-0.36594	20.181	111.07	-0.76957	-0.1101	178.11	-8.1903	-1.6377	138.65	-70.562	49.383	61.658	-113.19	39.741	75.686	-143.33	10.742
139.26	-0.36848	20.191	112.31	0.2114	-0.50806	177.74	-6.7369	-2.4302	139.65	-69.413	49.298	62.681	-112.29	39.53	76.764	-142.45	10.675
139.25	-0.36285	20.187	113.55	1.1971	-1.1609	177.05	-5.2787	-3.2315	140.63	-68.305	49.288	63.708	-111.41	39.384	77.846	-141.55	10.597
139.25	-0.3649	20.184	114.88	1.9797	-1.6831	176.1	-3.7589	-4.1547	141.58	-67.128	49.285	64.715	-110.6	39.271	78.896	-140.67	10.425
139.25	-0.36734	20.182	116.22	2.6102	-2.172	174.87	-2.331	-5.2074	142.56	-65.98	49.175	65.718	-109.77	39.159	79.936	-139.81	10.277
139.12	-0.40929	20.165	117.68	3.2462	-2.8062	173.46	-0.93559	-6.2473	143.5	-64.899	49.161	66.706	-108.98	38.953	80.922	-139.03	10.198
139.12	-0.40923	20.166	119.33	3.9071	-3.4629	171.88	0.39843	-7.3275	144.43	-63.806	49.079	67.689	-108.24	38.807	81.973	-138.28	10.125
139.12	-0.41565	20.152	120.77	4.2092	-4.2112	170.25	1.6482	-8.3621	145.41	-62.73	49.004	68.682	-107.52	38.678	83.03	-137.61	10.031
139.69	-0.05828	20.159	121.37	4.4779	-5.3261	168.58	2.7054	-9.3615	146.16	-62.016	48.621	69.687	-106.85	38.563	84.137	-136.96	9.8818
141.18	0.67933	20.228	122.75	5.0933	-5.3194	166.82	3.6266	-10.41	147.14	-61.061	48.573	70.743	-106.21	38.483	85.188	-136.34	9.7566
142.77	1.2338	20.177	124.36	5.664	-5.5367	165.37	4.4535	-11.239	148.18	-60.165	48.568	71.823	-105.68	38.395	86.276	-135.63	9.7055
144.26	1.7019	20.237	125.77	6.1413	-5.5923	164.87	5.2533	-11.716	149.27	-59.343	48.614	72.934	-105.15	38.367	87.487	-135.13	9.5946
145.7	2.1185	20.286	126.52	6.8434	-5.463	165.57	5.808	-11.688	150.33	-58.705	48.763	74.079	-104.64	38.341	88.561	-134.53	9.5678
146.8	2.6076	20.284	127.69	7.5203	-5.3346	166.64	6.1299	-11.53	151.4	-58.25	49.05	75.231	-104.18	38.365	89.851	-134.15	9.5049
147.82	3.0816	20.278	129.15	7.9188	-5.5185	167.97	6.4153	-11.393	152.65	-57.755	49.301	76.48	-103.77	38.39	91.088	-133.71	9.5875
148.94	3.3836	20.272	130.74	8.1766	-5.4883	169.5	6.691	-11.108	153.93	-57.38	49.581	77.773	-103.35	38.48	92.36	-133.25	9.699
150.27	3.5833	20.352	132.44	8.4518	-5.5313	171.16	6.9591	-10.708	155.34	-57.033	49.935	79.124	-102.96	38.557	93.767	-132.84	9.8276
151.84	3.7874	20.63	134.29	8.6617	-5.1937	172.94	7.2182	-10.164	156.84	-56.746	50.37	80.597	-102.54	38.656	95.246	-132.55	9.9392
153.66	3.9552	21.081	136.24	8.9619	-4.7418	174.83	7.4593	-9.5629	158.45	-56.573	50.849	82.154	-102.17	38.735	96.827	-132.21	10.083
155.75	4.1465	21.662	138.31	9.2852	-4.3283	176.87	7.6403	-8.9346	160.22	-56.527	51.264	83.866	-101.91	38.85	98.515	-131.96	10.251
158.06	4.2598	22.315	140.59	9.5048	-3.5406	179.13	7.8075	-8.1336	162.13	-56.505	51.739	85.742	-101.72	38.993	100.42	-131.86	10.216
160.48	4.2844	23.015	143.02	9.5916	-2.8092	181.5	7.8904	-7.3631	164.18	-56.585	52.263	87.725	-101.54	39.149	102.26	-131.52	10.393
163.01	4.2389	23.8	145.57	9.7217	-2.1344	184.04	7.9235	-6.5421	166.37	-56.756	52.831	89.822	-101.39	39.328	104.3	-131.42	10.548
165.63	4.1103	24.511	148.32	9.7426	-1.4858	186.73	7.8862	-5.7359	168.68	-56.96	53.342	91.999	-101.2	39.556	106.3	-131.22	10.707
168.32	3.9021	25.246	151.18	9.7104	-0.7846	189.53	7.8036	-4.8384	171.08	-57.222	53.849	94.246	-101.08	39.78	108.44	-131.07	10.925
171.21	3.6942	26.093	154.15	9.6984	-0.081456	192.49	7.6799	-3.9657	173.61	-57.522	54.369	96.607	-100.96	40.084	110.65	-130.92	11.079
174.17	3.4114	26.857	157.23	9.6171	0.75729	195.57	7.5017	-3.1066	176.26	-57.888	54.952	99.035	-100.89	40.393	112.96	-130.87	11.253
177.3	3.1064	27.658	160.44	9.4645	1.6265	198.74	7.2363	-2.2767	178.94	-58.298	55.471	101.54	-100.78	40.732	115.28	-130.77	11.605
180.59	2.7497	28.448	163.76	9.3445	2.2988	202.05	6.895	-1.4085	181.75	-58.688	56.069	104.08	-100.65	41.042	117.59	-130.63	11.863
183.97	2.3398	29.17	167.19	9.0959	3.062	205.44	6.52	-0.66833	184.55	-59.128	56.602	106.67	-100.54	41.364	120	-130.52	12.161
187.45	1.9337	29.892	170.72	8.7891	3.981	208.96	6.0548	0.086646	187.47	-59.556	57.215	109.3	-100.41	41.708	122.53	-130.49	12.419
190.96	1.5179	30.534	174.34	8.571	4.3468	212.56	5.6047	0.79705	190.44	-60.008	57.766	111.98	-100.24	41.991	125.15	-130.57	12.83
194.54	1.0808	31.224	178.05	8.265	4.9559	216.26	5.0945	1.5257	193.4	-60.4	58.335	114.74	-100.09	42.288	127.67	-130.36	13.142
198.09	0.56225	31.672	181.8	7.8332	5.528	220.06	4.6044	2.1895	196.4	-60.759	58.925	117.52	-99.899	42.527	130.33	-130.33	13.431
201.77	0.13695	32.187	185.63	7.4284	5.9135	223.9	4.0635	2.7436	199.38	-61.144	59.326	120.33	-99.695	42.761	133.19	-130.47	13.827
205.43	-0.31447	32.573	189.47	6.9758	6.2144	227.71	3.4798	3.2442	202.47	-61.466	59.771	123.18	-99.489	43.005	135.8	-130.28	14.09
209.11	-0.76517	32.889	193.31	6.4867	6.4333	231.58	2.9096	3.6254	205.5	-61.71	60.218	126.06	-99.262	43.201	138.58	-130.24	14.48
212.73	-1.2208	33.028	197.13	6.0679	6.4172	235.62	2.4714	4.1808	208.62	-61.982	60.579	128.95	-99.031	43.402	141.3	-130.21	14.745
216.38	-1.6361	33.193	200.92	5.5915	6.583	239.41	1.9328	4.5158	211.76	-62.254	60.837	131.88	-98.82	43.608	144.16	-130.18	15.17
219.96	-2.0967	33.286	204.63	5.1241	6.5817	243.15	1.4067	4.6985	214.91	-62.513	61.084	134.82	-98.632	43.795	146.81	-130.12	15.346
223.55	-2.5128	33.375	208.29	4.6692	6.702	246.84	0.89178	4.8181	218.13	-62.849	61.228	137.78	-98.464	44.028	149.54	-130.14	15.623
227.12	-2.9377	33.439	211.88	4.3186	6.7118	250.45	0.38733	4.8723	221.34	-63.163	61.354	140.7	-98.298	44.226	152.2	-129.96	15.819
230.65	-3.4114	33.478	215.37	4.0925	6.6675	253.96	-0.12569	4.8933	224.57	-63.553	61.341	143.61	-98.156	44.436	154.83	-129.91	15.978
234.19	-3.8834	33.538	218.83	3.6119	6.8195	257.39	-0.62682	4.8538	227.71	-63.968	61.32	146.47	-98.034	44.622	157.37	-129.87	16.242
237.69	-4.3298	33.651	222.2	3.2255	7.1971	260.75	-1.139	4.7817	230.83	-64.384	61.228	149.28	-97.911	44.778	159.94	-129.68	16.246
241.09	-4.7997	33.726	225.5	2.9555	7.1617	264.05	-1.5851	4.8157	233.86	-64.798	61.209	152	-97.761	44.884	162.35	-129.51	16.309
244.41	-5.2657	33.801	228.74	2.5721	7.5263	266.84	-2.324	4.3158	236.76	-65.227	61.08	154.66	-97.615	44.927	164.72	-129.42	16.276
247.61	-5.6669	33.878	231.89	2.3113	7.4391	270.41	-2.5223	4.8226	239.59	-65.564	61.026	157.23	-97.458	44.957	166.97	-129.27	16.198
250.72	-6.0642	33.903	234.95	2.107	7.3459	273.09	-3.1525	4.3815	242.26	-65.855	60.967	159.7	-97.255	44.914	169.3	-129.14	16.162
253.68	-6.4105	33.909	237.91	1.9414	7.445	276.03	-3.5554	4.3491	244.79	-66.08	60.918	162.07	-97.026	44.808	171.62	-129.33	16.095
256.56	-6.7205	33.867	240.75	1.7279	7.5195	279.37	-3.6275	4.8388	247.21	-66.253	60.902	164.39	-96.736	44.674	173.67	-128.89	16.006
259.31	-6.9451	33.816	243.51	1.4598	7.4104	282.11	-3.937	4.739	249.46	-66.335	60.73	166.59	-96.427	44.461	175.88	-128.91	15.963
261.93	-7.1027	33.696	246.15	1.1965	7.3634	284.75	-4.1667	4.6414	251.68	-66.321	60.688	168.73	-96.113	44.243	177.66	-128.47	15.716
264.43	-7.255	33.532	248.64	0.99364	7.3595	287.31	-4.354	4.5593	253.75	-66.277	60.58	170.8	-95.777	43.977	179.63	-128.32	15.52
266.8	-7.3119	33.32	251.06	0.98829	6.8601	289.79	-4.4904	4.3952	255.73	-66.19	60.336	172.79	-95.432	43.716	181.53	-128.14	15.356
269.11	-7.3699	33.133	253.35	0.90199	6.5453	292.12	-4.5921	4.156	257.69	-66.024	60.187	174.7	-95.072	43.4	183.35	-127.91	15.164
271.29	-7.3871	32.799	255.55	0.7202	6.519	294.4	-4.6235	3.9389	259.56	-65.878	60.01	176.55	-94.666	43.077	185.32	-127.96	15.066
273.41	-7.3597	32.537	257.63	0.73473	6.0928	296.5	-4.6829	3.5869	261.32	-65.726	59.666	178.31	-94.296	42.774	186.82	-127.38	14.835
275.39	-7.3852	32.112	259.61	0.67662	5.751	298.5	-4.6721	3.1972	263.06	-65.535	59.28	180	-93.923	42.431	188.34	-127.1	14.529
277.29	-7.3879	31.633	261.45	0.70594	5.2801	300.38	-4.6607	2.6943	264.75	-65.329	58.874	181.59	-93.578	42.113	189.84	-126.86	14.312
279.07	-7.3224	31.133	263.16	0.87064	4.5294	302.14	-4.5657	2.1921	266.34	-65.096	58.413	183.1	-93.206	41.751	191.17	-126.61	14.022
280.68	-7.2451	30.489	264.73	0.79118	4.1911	303.76	-4.4687	1.5647	267.81	-64.853	57.9	184.52	-92.842	41.392	192.52	-126.25	13.827
282.2	-7.1016	29.825	266.13	0.95964	3.4521	304.76	-4.5736	0.28627	269.22	-64.564	57.305	185.84	-92.483	41.045	193.93	-126.4	13.585
283.57	-6.8958	29.048	267.38	1.0901	2.6796	306.07	-4.3532	-0.48481	270.56	-64.222	56.699	187.06	-92.131	40.621	194.81	-125.76	13.18
284.79	-6.6401	28.16	268.49	1.2882	1.8646	307.6	-3.8925	-0.89376	271.78	-63.816	56.02	188.2	-91.782	40.234	195.83	-125.52	12.883
285.87	-6.2858	27.212	269.43	1.3811	1.1735	308.54	-3.6404	-1.9601	272.88	-63.365	55.282	189.27	-91.424	39.764	196.78	-125.2	12.531
286.82	-5.9046	26.225	270.21	1.8064	0.0045319	309.01	-3.4723	-3.5077	273.86	-62.833	54.456	190.22	-91.056	39.303	197.64	-124.97	12.147
287.58	-5.5066	25.036	270.85	1.9374	-0.82526	310.11	-2.8731	-4.2141	274.82	-62.228	53.641	191.08	-90.695	38.766	198.32	-124.72	11.768
288.21	-5.0063	23.864	271.36	2.2419	-2.1224	310.62	-2.446	-5.5299	275.6	-61.605	52.69	191.85	-90.295	38.242	199.12	-124.41	11.345
288.74	-4.4251	22.625	271.69	2.5953	-3.3231	310.97	-1.9629	-6.9363	276.31	-60.908	51.724	192.52	-89.915	37.692	199.67	-124.2	10.896
288.98	-3.3746	21.844	271.71	3.1522	-4.8069	311.2	-1.3642	-8.375	276.96	-60.139	50.719	193.11	-89.502	37.108	200.5	-124.27	10.68
289.26	-1.2483	21.63	271.59	3.8117	-5.4724	311.29	-1.0257	-9.9486	277.52	-59.47	49.736	193.6	-89.1	36.45	200.63	-123.62	10.085
289.16	-0.51154	21.503	271.64	4.2409	-5.5581	311.84	-0.082842	-10.232	277.98	-58.994	48.833	193.97	-88.7	35.8	201.01	-123.32	9.5687
289.32	-0.16449	21.483	271.74	4.9633	-5.802	311.47	0.24158	-11.801	278.34	-58.561	48.006	194.24	-88.334	35.187	201.22	-123.06	8.951
289.48	0.35332	21.572	271.82	5.3337	-5.965	311.65	0.65167	-12.382	278.53	-58.206	47.32	194.43	-88.055	34.608	201.44	-122.77	8.2978
289.62	0.71537	21.525	271.9	5.9058	-6.285	312.44	1.329	-12.085	278.59	-58.018	46.699	194.55	-87.834	34.056	201.84	-122.85	7.873
289.85	0.71518	21.593	272.07	6.129	-6.5364	312.02	1.1288	-13.188	278.58	-57.75	46.313	194.61	-87.561	33.494	201.63	-122.17	7.247
290.19	0.77531	21.6	272.25	6.3985	-6.6621	312.88	1.4806	-12.64	278.43	-57.463	46.102	194.54	-87.183	33.028	201.57	-121.88	6.8439
290.4	0.87824	21.602	272.35	6.5055	-6.7467	313.03	1.4957	-12.665	278.06	-57.244	46.003	194.33	-86.759	32.531	201.4	-121.7	6.3828
290.35	0.89078	21.605	272.37	6.6122	-6.8655	313.05	1.5688	-12.582	277.67	-56.958	46.112	193.99	-86.339	32.11	201.3	-121.46	6.2907
290.24	0.91078	21.636	272.34	6.6965	-6.8609	313.05	1.7059	-12.4	277.18	-56.738	46.199	193.59	-85.972	31.833	201.03	-121.22	6.1843
290.17	0.92048	21.635	272.29	6.7414	-6.9894	313.05	1.7599	-12.267	276.78	-56.497	46.309	193.22	-85.731	31.611	200.77	-121.18	6.0391
290.12	0.91506	21.638	272.23	6.88	-7.2362	313.02	1.6941	-12.208	276.37	-56.379	46.337	192.93	-85.569	31.441	200.57	-121.06	6.0367
289.98	0.90945	21.651	272.14	6.8486	-7.437	313	1.6301	-12.087	276.07	-56.267	46.473	192.67	-85.454	31.323	200.35	-120.96	6.0779
289.97	0.92911	21.655	272.11	6.6274	-7.2961	313.01	1.5253	-11.971	275.78	-56.255	46.547	192.41	-85.377	31.22	200.03	-121	6.0038
289.97	1.0757	21.635	272.06	6.4171	-8.1527	312.96	1.4266	-11.958	275.5	-56.271	46.477	192.16	-85.308	31.163	199.82	-120.97	6.0507
289.69	1.2723	21.615	271.76	6.1664	-8.7741	312.87	1.3786	-11.981	275.25	-56.225	46.523	191.9	-85.275	31.136	199.6	-120.93	6.1046
289.51	1.4217	21.597	271.46	6.0016	-9.0455	312.84	1.2601	-12.068	275	-56.204	46.466	191.64	-85.251	31.074	199.2	-121.06	6.1385
289.46	1.5545	21.587	271.25	5.8535	-9.2413	312.89	1.1022	-12.075	274.7	-56.273	46.344	191.39	-85.195	30.957	198.95	-121.1	6.1937
289.38	1.5611	21.603	271.05	5.7308	-9.3393	NaN	NaN	NaN	274.41	-56.333	46.27	191.12	-85.163	30.841	198.76	-121.21	6.1779
289.27	1.5745	21.618	270.67	5.784	-9.7922	NaN	NaN	NaN	274.01	-56.307	46.114	190.82	-85.2	30.771	198.4	-121.34	6.146
289.36	1.6806	21.695	270.03	5.4564	-10.022	NaN	NaN	NaN	273.72	-56.178	45.899	190.46	-85.353	30.746	198.11	-121.47	6.2255
289.35	1.6774	21.692	269.32	5.4807	-10.478	NaN	NaN	NaN	273.38	-56.177	45.631	190.09	-85.443	30.665	197.78	-121.59	6.3081
289.4	1.6513	21.693	268.45	5.3272	-10.5	NaN	NaN	NaN	272.97	-56.233	45.553	189.71	-85.416	30.578	197.39	-121.74	6.4817
289.46	1.6469	21.691	267.55	5.2765	-10.913	NaN	NaN	NaN	272.47	-56.419	45.352	189.22	-85.39	30.45	196.91	-121.87	6.4713
289.5	1.6304	21.692	266.51	5.291	-10.994	NaN	NaN	NaN	271.98	-56.606	45.401	188.67	-85.417	30.42	196.41	-122.01	6.5832
289.52	1.6303	21.704	265.47	5.285	-10.901	318.56	-2.6631	-10.814	271.33	-56.894	45.394	188.03	-85.571	30.496	196.05	-122.61	6.8169
289.51	1.6363	21.688	264.35	5.2796	-10.769	320.65	-4.2894	-10.378	270.73	-57.229	45.549	187.37	-85.774	30.609	195.22	-122.51	6.8222
289.47	1.6469	21.687	263.29	5.234	-10.468	323.08	-8.4467	-7.0546	270.06	-57.666	45.693	186.72	-85.992	30.785	194.83	-123.09	7.3272
289.44	1.6465	21.691	262.15	5.1469	-9.9739	325.05	-9.4919	-4.3252	269.4	-58.152	45.919	186.05	-86.242	31.004	193.92	-123.09	7.3193
289.42	1.6631	21.699	261.02	4.9217	-9.1778	325.73	-10.803	-2.9088	268.75	-58.681	46.242	185.33	-86.583	31.317	193.22	-123.38	7.6203
289.43	1.6559	21.695	259.82	4.7276	-8.3829	326.28	-12.091	-1.4013	267.98	-59.301	46.561	184.55	-87.035	31.771	192.4	-123.74	7.9206
289.46	1.6617	21.702	258.57	4.5367	-7.645	326.61	-13.469	0.012882	267.26	-59.937	46.931	183.72	-87.524	32.235	191.56	-124.19	8.1985
289.5	1.6431	21.699	257.24	4.2852	-6.5767	326.82	-14.836	1.5394	266.39	-60.707	47.374	182.79	-88.076	32.779	190.6	-124.57	8.5372
289.52	1.6502	21.682	255.84	4.0951	-5.6748	326.87	-16.267	2.981	265.47	-61.514	47.836	181.8	-88.625	33.37	189.59	-125.05	9.0253
289.53	1.6469	21.686	254.44	3.7116	-4.3343	326.75	-17.744	4.4675	264.49	-62.359	48.425	180.7	-89.201	34.07	188.41	-125.44	9.4802
289.52	1.6467	21.677	253	3.355	-3.0146	326.48	-19.271	5.9186	263.35	-63.281	49.074	179.48	-89.819	34.812	187.14	-125.87	9.9426
289.49	1.6576	21.702	251.59	2.9052	-1.585	325.96	-20.791	7.4258	262.13	-64.243	49.716	178.13	-90.452	35.591	185.79	-126.29	10.459
289.46	1.6642	21.693	250.21	2.3353	0.027068	325.28	-22.331	8.8847	260.77	-65.254	50.559	176.65	-91.123	36.464	184.24	-126.78	10.955
289.44	1.6591	21.686	248.8	1.7896	1.5792	324.43	-23.894	10.327	259.3	-66.308	51.38	175.07	-91.746	37.346	182.67	-127.2	11.565
289.44	1.657	21.697	247.35	1.2376	3.0807	323.32	-25.412	11.733	257.67	-67.366	52.321	173.31	-92.411	38.265	180.85	-127.64	12.113
289.45	1.659	21.698	245.93	0.50288	4.7763	322.01	-26.867	13.189	255.87	-68.462	53.321	171.43	-93.045	39.202	179.06	-127.99	12.931
289.46	1.6514	21.695	244.41	-0.23551	6.5596	320.46	-28.226	14.642	253.98	-69.502	54.424	169.41	-93.667	40.145	177.12	-128.47	13.562
289.47	1.6602	21.694	242.78	-0.8766	8.222	318.7	-29.394	16.222	251.9	-70.555	55.494	167.25	-94.322	41.144	174.98	-128.9	14.318
289.47	1.6478	21.7	241.05	-1.628	10.048	316.71	-30.401	17.709	249.63	-71.598	56.624	164.95	-94.983	42.133	172.76	-129.35	14.943
289.47	1.6469	21.687	239.49	-1.9574	12.431	314.43	-31.24	19.052	247.45	-72.343	58.107	162.53	-95.656	43.125	170.42	-129.72	15.668
289.47	1.6443	21.696	237.49	-2.6279	14.425	311.89	-31.842	20.391	244.95	-73.265	59.24	159.99	-96.334	44.127	168.04	-130.11	16.356
289.46	1.6485	21.706	235.25	-3.1641	16.056	309.06	-32.275	21.579	242.29	-74.12	60.413	157.33	-97.024	45.147	165.46	-130.48	17.061
289.45	1.6521	21.701	232.88	-3.8511	17.889	306.04	-32.43	22.86	239.49	-74.908	61.608	154.55	-97.703	46.105	162.77	-130.92	17.69
289.44	1.6455	21.702	230.32	-4.3182	19.537	302.81	-32.485	23.946	236.54	-75.606	62.71	151.65	-98.388	47.075	160.08	-131.33	18.415
289.43	1.6484	21.696	227.49	-4.652	20.906	299.37	-32.322	25.033	233.48	-76.202	63.689	148.62	-99.052	47.98	157.38	-131.93	19.144
289.45	1.6541	21.703	224.58	-4.9616	22.478	295.75	-32	26.079	230.27	-76.691	64.665	145.48	-99.695	48.886	154.21	-131.99	19.702
289.46	1.6488	21.691	221.31	-5.1639	23.738	291.96	-31.589	26.95	226.89	-77.088	65.638	142.22	-100.29	49.705	151.18	-132.39	20.378
289.47	1.6483	21.7	217.79	-5.2924	24.862	287.97	-30.996	27.845	223.4	-77.346	66.448	138.84	-100.91	50.5	148.11	-132.65	20.98
289.47	1.6471	21.7	214.05	-5.2464	25.783	283.85	-30.248	28.709	219.77	-77.511	67.26	135.37	-101.5	51.275	144.97	-133.25	21.595
289.49	1.657	21.701	210.17	-5.0608	26.576	279.55	-29.405	29.355	216.04	-77.602	67.972	131.79	-102.05	51.939	141.58	-133.31	22.139
289.48	1.6528	21.694	206.15	-4.9435	27.312	274.96	-28.452	29.926	212.19	-77.588	68.639	128.12	-102.61	52.624	138.13	-133.63	22.612
289.48	1.6528	21.693	201.92	-4.8161	27.834	270.27	-27.343	30.481	208.22	-77.492	69.205	124.33	-103.14	53.197	134.58	-133.84	23.098
289.48	1.6543	21.695	197.63	-4.5787	28.448	265.36	-26.136	30.854	204.11	-77.313	69.826	120.48	-103.65	53.776	131.11	-134.32	23.615
289.48	1.6493	21.701	193.1	-4.2725	28.781	260.21	-24.799	31.149	199.93	-77.054	70.282	116.52	-104.18	54.279	127.36	-134.46	23.916
289.47	1.6581	21.704	188.5	-3.9805	29.189	254.83	-23.363	31.277	195.66	-76.772	70.677	112.5	-104.69	54.717	123.62	-134.7	24.301
289.46	1.6618	21.702	183.74	-3.6703	29.445	249.23	-21.813	31.316	191.3	-76.426	71.03	108.41	-105.24	55.113	119.83	-134.91	24.585
289.45	1.6525	21.701	178.82	-3.3074	29.617	243.45	-20.179	31.31	186.81	-75.988	71.309	104.24	-105.74	55.462	116.01	-135.19	24.86
289.44	1.6499	21.696	173.8	-2.9147	29.638	237.41	-18.502	31.141	182.29	-75.51	71.596	100.03	-106.29	55.799	112.16	-135.69	25.047
289.43	1.6543	21.691	168.68	-2.5112	29.727	231.28	-16.714	31.02	177.67	-75.047	71.803	95.766	-106.83	56.108	108.13	-135.81	25.306
289.43	1.6535	21.69	163.42	-2.0391	29.62	224.8	-14.936	30.59	173.01	-74.547	72.051	91.462	-107.34	56.327	104.07	-136.12	25.429
289.43	1.6548	21.692	158.02	-1.7858	29.422	218.24	-13.115	30.267	168.29	-74.013	72.184	87.118	-107.83	56.512	100.09	-136.51	25.592
289.44	1.6479	21.691	152.64	-1.4705	29.314	211.44	-11.312	29.706	163.52	-73.463	72.298	82.752	-108.37	56.667	95.915	-136.6	25.633
289.44	1.6471	21.692	147.2	-1.0583	28.976	NaN	NaN	NaN	158.75	-72.868	72.401	78.339	-108.89	56.84	91.76	-136.98	25.706
289.44	1.6471	21.706	141.66	-0.72188	28.707	NaN	NaN	NaN	153.91	-72.237	72.434	73.905	-109.4	56.95	87.64	-137.3	25.807
289.45	1.6536	21.704	136.06	-0.42812	28.437	NaN	NaN	NaN	149.06	-71.608	72.445	69.469	-109.9	57.046	83.424	-137.47	25.764
289.45	1.6545	21.705	130.47	-0.06764	28.064	NaN	NaN	NaN	144.22	-70.896	72.355	65.029	-110.39	57.107	79.263	-137.83	25.809
289.45	1.6539	21.704	124.75	0.22045	27.526	NaN	NaN	NaN	139.32	-70.171	72.224	60.58	-110.89	57.119	75.083	-138.11	25.801
289.45	1.6531	21.703	119.02	0.51851	27.115	NaN	NaN	NaN	134.45	-69.409	72.051	56.172	-111.38	57.148	70.888	-138.41	25.735
289.45	1.6548	21.706	113.21	0.73132	26.52	NaN	NaN	NaN	129.58	-68.605	71.846	51.756	-111.9	57.126	66.726	-138.69	25.7
289.46	1.6577	21.697	107.35	1.0724	25.83	NaN	NaN	NaN	124.69	-67.778	71.535	47.373	-112.34	57.079	62.578	-138.94	25.518
289.46	1.6594	21.697	101.48	1.2637	25.182	NaN	NaN	NaN	119.77	-66.957	71.172	43.028	-112.85	56.968	58.474	-139.25	25.444
289.45	1.6579	21.698	95.567	1.517	24.422	NaN	NaN	NaN	114.64	-66.284	70.438	38.709	-113.35	56.881	54.378	-139.65	25.271
289.47	1.6545	21.701	89.616	1.8135	23.489	NaN	NaN	NaN	109.8	-65.38	70.007	34.421	-113.84	56.739	50.377	-139.95	25.1
289.47	1.6559	21.703	83.791	2.0588	22.77	NaN	NaN	NaN	104.91	-64.529	69.518	30.193	-114.31	56.539	46.346	-140.3	24.921
289.47	1.6536	21.701	77.95	2.2336	22	NaN	NaN	NaN	100.07	-63.614	69.078	25.998	-114.77	56.323	42.416	-140.6	24.749
289.47	1.6577	21.705	72.191	2.3809	21.18	NaN	NaN	NaN	95.245	-62.789	68.62	21.876	-115.21	56.076	38.568	-140.9	24.507
289.47	1.6517	21.698	66.564	2.5474	20.425	NaN	NaN	NaN	90.458	-62.052	68.158	17.793	-115.65	55.789	34.719	-141.28	24.2
289.46	1.6606	21.699	61.069	2.5768	19.804	NaN	NaN	NaN	85.708	-61.386	67.747	13.753	-116.09	55.445	30.973	-141.58	23.923
289.46	1.6609	21.712	55.741	2.6653	18.947	NaN	NaN	NaN	80.998	-60.816	67.334	9.7841	-116.49	55.096	27.283	-141.89	23.619
289.45	1.6553	21.706	50.608	2.6778	18.403	NaN	NaN	NaN	76.408	-60.261	66.934	5.8251	-116.86	54.73	23.648	-142.19	23.282
289.44	1.657	21.697	45.597	2.7037	17.615	NaN	NaN	NaN	71.904	-59.788	66.582	1.9289	-117.21	54.305	20.08	-142.43	22.905
289.44	1.657	21.697	40.468	2.7094	16.379	65.013	18.138	39.606	67.454	-59.348	66.226	-1.8868	-117.55	53.859	16.59	-142.73	22.498
289.43	1.6542	21.693	34.941	4.3885	20.514	59.943	18.377	38.363	63.146	-58.985	65.87	-5.6292	-117.89	53.368	13.163	-142.99	22.196
289.44	1.6461	21.703	30.881	2.532	15.021	55.267	18.29	37.579	58.899	-58.678	65.467	-9.2593	-118.19	52.945	9.8579	-143.29	21.797
289.43	1.6558	21.695	26.412	2.4735	14.315	50.923	18.23	36.87	54.826	-58.407	65.069	-12.789	-118.5	52.4	6.5848	-143.56	21.383
289.44	1.6497	21.695	22.144	2.4238	13.584	46.762	17.704	36.294	50.868	-58.123	64.62	-16.224	-118.79	51.9	3.5133	-143.82	20.946
289.45	1.6542	21.704	18.004	2.3272	12.83	42.676	17.612	35.459	47.048	-57.88	64.115	-19.53	-119.09	51.378	0.44568	-144.08	20.585
289.44	1.6498	21.684	14.048	2.2277	11.997	38.752	17.508	34.723	43.407	-57.63	63.637	-22.747	-119.37	50.81	-2.4762	-144.34	20.085
289.45	1.657	21.696	10.155	2.1305	11.241	34.945	17.392	33.843	39.915	-57.375	63.1	-25.809	-119.62	50.358	-5.2695	-144.6	19.61
289.45	1.6531	21.703	6.4142	2.0069	10.375	31.278	17.275	32.991	36.566	-57.117	62.574	-28.718	-119.88	49.812	-7.8989	-144.86	19.265
289.45	1.6452	21.7	2.866	1.8846	9.5212	27.811	17.194	32.203	33.327	-56.866	61.988	-31.483	-120.15	49.274	-10.447	-145.09	18.855
289.45	1.6563	21.695	-0.57231	1.7394	8.6429	24.448	17.041	31.366	30.232	-56.606	61.409	-34.105	-120.43	48.764	-12.874	-145.39	18.446
289.46	1.6494	21.694	-3.8015	1.6169	7.7812	21.251	16.948	30.376	27.316	-56.347	60.887	-36.601	-120.69	48.264	-15.071	-145.62	18.122
289.46	1.6519	21.697	-6.7942	1.4501	6.8372	18.298	16.837	29.52	24.522	-56.064	60.384	-38.922	-120.94	47.793	-17.136	-145.88	17.663
289.46	1.6582	21.698	-9.6602	1.3282	6.08	15.55	16.67	28.704	21.87	-55.848	59.884	-41.12	-121.17	47.24	-19.163	-146.1	17.331
289.46	1.6528	21.697	-12.2	1.1055	5.1805	13.066	16.486	27.9	19.355	-55.644	59.462	-43.233	-121.38	46.715	-21.068	-146.36	16.935
289.46	1.6582	21.696	-14.543	0.95136	4.3705	10.816	16.397	27.087	16.984	-55.486	59.058	-45.202	-121.58	46.206	-22.803	-146.62	16.561
289.46	1.6578	21.696	-16.631	0.77037	3.5598	8.8082	16.173	26.346	14.766	-55.404	58.71	-47.106	-121.74	45.556	-24.339	-146.8	16.155
289.45	1.657	21.696	-18.418	0.55536	2.8515	7.1241	15.951	25.813	12.674	-55.376	58.393	-48.907	-121.89	44.978	-25.856	-147.04	15.882
289.45	1.6585	21.696	-19.942	0.3901	2.1048	5.652	15.817	25.103	10.759	-55.372	58.135	-50.589	-122.01	44.274	-27.171	-147.24	15.446
289.45	1.6543	21.689	-21.245	0.20249	1.5338	4.4432	15.672	24.419	8.9726	-55.429	57.884	-52.38	-121.91	44.008	-28.5	-147.44	15.003
289.44	1.6574	21.697	-22.274	0.049349	0.92687	3.4781	15.418	23.793	7.308	-55.52	57.65	-53.879	-121.99	43.327	-29.572	-147.65	14.77
289.44	1.6499	21.696	-23.154	-0.10854	0.38514	2.6773	15.269	23.03	5.7952	-55.611	57.431	-55.261	-122.07	42.558	-30.613	-147.86	14.314
289.43	1.6522	21.701	-23.861	-0.25196	-0.061114	1.9962	15.021	22.369	4.3603	-55.748	57.218	-56.507	-122.13	41.862	-31.525	-148.04	13.94
289.43	1.6547	21.706	-24.466	-0.44849	-0.54744	1.5913	14.784	21.748	3.0581	-55.888	56.922	-57.411	-122.4	40.621	-32.327	-148.25	13.596
289.44	1.6592	21.701	NaN	NaN	NaN	1.1995	14.468	21.089	1.8913	-56.014	56.657	-58.43	-122.45	39.855	-33.072	-148.5	13.224
289.44	1.6494	21.695	NaN	NaN	NaN	0.94024	14.189	20.295	0.84989	-56.143	56.308	-59.342	-122.52	39.036	-33.753	-148.68	12.805
289.45	1.6544	21.705	NaN	NaN	NaN	0.7612	13.929	19.431	-0.05913	-56.311	55.88	-60.146	-122.59	38.184	-34.378	-148.89	12.262
289.45	1.6568	21.695	NaN	NaN	NaN	0.6871	13.628	18.871	-0.85242	-56.437	55.415	-60.832	-122.65	37.352	-34.769	-149.06	11.822
289.45	1.6542	21.704	NaN	NaN	NaN	0.64924	13.389	18.044	-1.5323	-56.591	54.903	-61.419	-122.7	36.474	-35.218	-149.28	11.224
289.45	1.6548	21.692	NaN	NaN	NaN	0.62109	13.158	16.982	-2.0366	-56.763	54.369	-61.908	-122.76	35.607	-35.567	-149.46	10.649
289.45	1.6539	21.704	NaN	NaN	NaN	0.64787	12.904	16.171	-2.475	-56.926	53.6	-62.316	-122.82	34.682	-35.938	-149.67	9.8252
289.46	1.6498	21.694	NaN	NaN	NaN	0.69894	12.649	15.171	-3.1087	-57.286	52.663	-62.646	-122.89	33.735	-36.126	-149.79	9.1938
289.46	1.6497	21.694	NaN	NaN	NaN	0.75247	12.404	14.13	-3.3738	-57.442	51.705	-62.913	-122.94	32.775	-36.348	-149.94	8.3298
289.46	1.6532	21.701	NaN	NaN	NaN	0.82373	12.172	13.027	-3.4972	-57.538	50.754	-63.094	-122.99	31.787	-36.506	-150.09	7.4397
289.46	1.6525	21.7	NaN	NaN	NaN	0.90205	12.027	11.676	-3.6431	-57.67	49.652	-63.243	-123.04	30.781	-36.616	-150.19	6.5419
289.45	1.6553	21.693	NaN	NaN	NaN	0.97037	11.759	10.688	-3.6663	-57.789	48.53	-63.332	-123.07	29.773	-36.711	-150.3	5.6829
289.45	1.6552	21.693	NaN	NaN	NaN	1.0322	11.646	9.4194	-3.63	-57.849	47.385	-63.39	-123.06	28.78	-36.813	-150.39	4.7389
289.46	1.6499	21.695	NaN	NaN	NaN	0.39609	11.47	8.4265	-3.5511	-57.988	46.344	-63.449	-123.06	27.774	-36.852	-150.47	3.7869
289.45	1.6552	21.693	NaN	NaN	NaN	0.53939	11.579	8.4459	-3.538	-58.406	45.557	-63.484	-123.02	26.87	-36.841	-150.56	2.8051
289.46	1.6588	21.696	NaN	NaN	NaN	0.62761	11.556	8.3402	-3.4756	-58.688	45.102	-63.572	-123.03	26.292	-36.81	-150.68	1.9575
289.45	1.6543	21.69	NaN	NaN	NaN	0.72666	11.429	8.5728	-3.3854	-58.818	44.898	-63.592	-123.13	26.068	-36.677	-150.78	1.6682
289.44	1.6575	21.684	NaN	NaN	NaN	0.84035	11.309	8.6079	-3.3327	-58.844	44.982	-63.506	-123.35	26.193	-36.665	-150.81	1.733
289.43	1.6618	21.68	NaN	NaN	NaN	0.92716	11.185	8.6634	-3.3119	-58.923	45.254	-63.314	-123.56	26.432	-36.709	-150.8	1.9619
289.43	1.6613	21.693	NaN	NaN	NaN	1.0888	11.082	8.7921	-3.3419	-58.993	45.619	-63.149	-123.59	26.684	-36.708	-150.77	2.1576
289.42	1.6679	21.693	NaN	NaN	NaN	1.2058	10.916	8.7653	-3.1761	-58.81	46.236	-63.084	-123.53	26.804	-36.73	-150.78	2.3447
289.42	1.6658	21.688	NaN	NaN	NaN	1.2814	10.878	8.75	-3.3914	-58.807	46.435	-63.119	-123.47	26.885	-36.775	-150.76	2.5219
289.42	1.6582	21.688	NaN	NaN	NaN	1.3091	10.899	8.6053	-3.5572	-58.735	46.629	-63.202	-123.43	26.837	-36.812	-150.77	2.5667
289.44	1.6662	21.701	NaN	NaN	NaN	1.3151	10.914	8.5422	-3.7148	-58.543	46.677	-63.295	-123.37	26.737	-36.846	-150.75	2.6015
289.43	1.6662	21.699	NaN	NaN	NaN	1.2411	11.006	8.4466	-3.9073	-58.364	46.55	-63.388	-123.22	26.593	-36.844	-150.68	2.6179
289.44	1.6574	21.683	NaN	NaN	NaN	1.1619	11.108	8.4963	-4.044	-58.182	46.398	-63.472	-123.06	26.391	-36.793	-150.58	2.5663
289.44	1.6614	21.689	NaN	NaN	NaN	1.094	11.261	8.5121	-4.1612	-58	46.275	-63.53	-122.92	26.171	-36.759	-150.46	2.3849
289.45	1.6545	21.687	NaN	NaN	NaN	1.0009	11.399	8.402	-4.2722	-57.795	46.179	-63.578	-122.82	25.978	-36.717	-150.4	2.2951
289.46	1.6616	21.687	NaN	NaN	NaN	0.90343	11.484	8.36	-4.416	-57.63	46.016	-63.615	-122.75	25.844	-36.686	-150.36	2.2283
289.46	1.6637	21.691	NaN	NaN	NaN	0.83813	11.603	8.3149	-4.4875	-57.476	45.928	-63.62	-122.7	25.767	-36.671	-150.32	2.1955
289.47	1.6669	21.695	NaN	NaN	NaN	0.78766	11.672	8.294	-4.568	-57.298	45.893	-63.611	-122.63	25.745	-36.651	-150.24	2.2103
289.47	1.6665	21.694	NaN	NaN	NaN	0.75025	11.761	8.2795	-4.66	-57.124	45.882	-63.606	-122.54	25.729	-36.652	-150.17	2.2446
289.47	1.6689	21.697	NaN	NaN	NaN	0.71113	11.833	8.2831	-4.7526	-56.987	45.859	-63.635	-122.47	25.704	-36.64	-150.12	2.2821
289.48	1.6649	21.688	NaN	NaN	NaN	0.64573	11.94	8.0875	-4.8151	-56.869	45.828	-63.651	-122.39	25.665	-36.628	-150.06	2.3157
289.47	1.6668	21.693	NaN	NaN	NaN	0.6257	11.998	8.093	-4.8593	-56.776	45.793	-63.671	-122.32	25.641	-36.628	-150.02	2.337
289.48	1.675	21.692	NaN	NaN	NaN	0.61954	12.067	8.084	-4.905	-56.68	45.743	-63.662	-122.26	25.6	-36.616	-149.98	2.3489
289.47	1.6817	21.689	NaN	NaN	NaN	0.6151	12.125	8.0689	-4.9042	-56.571	45.704	-63.636	-122.2	25.543	-36.603	-149.95	2.3245
289.46	1.6766	21.697	NaN	NaN	NaN	0.61927	12.211	7.9879	-4.8744	-56.485	45.675	-63.601	-122.14	25.503	-36.587	-149.92	2.3017
289.45	1.6807	21.692	NaN	NaN	NaN	0.62436	12.248	7.9795	-4.8211	-56.421	45.608	-63.558	-122.1	25.469	-36.561	-149.91	2.2482
289.44	1.686	21.69	NaN	NaN	NaN	0.64601	12.291	8.0002	-4.7475	-56.366	45.495	-63.496	-122.08	25.453	-36.543	-149.89	2.1901
289.43	1.6787	21.691	NaN	NaN	NaN	0.65371	12.315	8.0002	-4.627	-56.349	45.384	-63.432	-122.06	25.416	-36.518	-149.88	2.106
289.43	1.6789	21.677	NaN	NaN	NaN	0.65098	12.333	7.9905	-4.4938	-56.336	45.296	-63.358	-122.05	25.411	-36.487	-149.88	2.019
289.44	1.6833	21.684	NaN	NaN	NaN	0.69349	12.349	8.0076	-4.3763	-56.341	45.25	-63.278	-122.05	25.404	-36.511	-149.9	1.8785
289.44	1.6746	21.681	NaN	NaN	NaN	0.72647	12.356	8.0298	-4.2377	-56.346	45.192	-63.187	-122.08	25.406	-36.468	-149.92	1.7864
289.44	1.6737	21.694	NaN	NaN	NaN	0.74903	12.358	8.0425	-4.0996	-56.368	45.14	-63.094	-122.11	25.394	-36.428	-149.96	1.7124
289.44	1.683	21.687	NaN	NaN	NaN	0.76639	12.356	8.0506	-3.9481	-56.411	45.049	-62.976	-122.14	25.408	-36.4	-149.99	1.6506
289.44	1.6763	21.685	NaN	NaN	NaN	0.7968	12.346	8.0766	-3.756	-56.453	44.974	-62.888	-122.17	25.407	-36.367	-150.02	1.5775
289.45	1.6808	21.694	NaN	NaN	NaN	0.81936	12.348	8.0893	-3.6025	-56.536	44.874	-62.784	-122.2	25.412	-36.311	-150.04	1.5335
289.44	1.6716	21.68	NaN	NaN	NaN	0.85326	12.324	8.1379	-3.4469	-56.583	44.794	-62.667	-122.23	25.442	-36.273	-150.07	1.4823
289.45	1.6698	21.688	NaN	NaN	NaN	0.87585	12.324	8.1511	-3.2717	-56.62	44.75	-62.568	-122.29	25.441	-36.223	-150.1	1.4014
289.45	1.6689	21.687	NaN	NaN	NaN	0.9046	12.278	8.2415	-3.1011	-56.676	44.712	-62.459	-122.35	25.442	-36.169	-150.1	1.376
289.46	1.671	21.691	NaN	NaN	NaN	0.90984	12.253	8.2581	-2.9276	-56.768	44.674	-62.349	-122.4	25.444	-36.15	-150.14	1.2749
289.46	1.6634	21.689	NaN	NaN	NaN	0.93244	12.225	8.2828	-2.7784	-56.846	44.583	-62.232	-122.45	25.46	-36.135	-150.17	1.1861
289.48	1.6618	21.696	NaN	NaN	NaN	0.96913	12.187	8.4563	-2.6347	-56.89	44.501	-62.127	-122.5	25.445	-36.118	-150.22	1.031
289.47	1.6662	21.695	NaN	NaN	NaN	0.98392	12.168	8.4681	-2.5072	-56.941	44.418	-62.029	-122.53	25.459	-36.093	-150.25	0.95557
289.48	1.664	21.698	NaN	NaN	NaN	0.9926	12.149	8.4605	-2.3674	-56.977	44.359	-61.946	-122.56	25.445	-36.097	-150.29	0.85737
289.47	1.6675	21.696	NaN	NaN	NaN	1.0074	12.13	8.4723	-2.2192	-57.023	44.316	-61.879	-122.6	25.427	-36.075	-150.3	0.81515
289.47	1.6667	21.695	NaN	NaN	NaN	1.01	12.117	8.4806	-2.1255	-57.092	44.237	-61.807	-122.64	25.418	-36.062	-150.32	0.77973
289.46	1.6711	21.691	NaN	NaN	NaN	1.0283	12.113	8.5031	-2.0341	-57.136	44.214	-61.74	-122.66	25.409	-36.059	-150.34	0.70798
289.45	1.6714	21.689	NaN	NaN	NaN	1.0196	12.096	8.4874	-1.9576	-57.149	44.206	-61.672	-122.7	25.394	-36.049	-150.37	0.67247
289.44	1.6762	21.688	NaN	NaN	NaN	1.0205	12.095	8.5018	-1.9036	-57.166	44.183	-61.63	-122.74	25.381	-36.038	-150.37	0.63075
289.44	1.6834	21.686	NaN	NaN	NaN	1.0205	12.095	8.5018	-1.855	-57.18	44.145	-61.595	-122.75	25.355	-36.019	-150.39	0.57986
289.43	1.6765	21.689	NaN	NaN	NaN	1.0205	12.097	8.5014	-1.829	-57.188	44.127	-61.562	-122.75	25.338	-36.013	-150.41	0.54258
289.42	1.6864	21.693	NaN	NaN	NaN	1.0057	12.086	8.5016	-1.8151	-57.202	44.098	-61.532	-122.77	25.315	-35.999	-150.43	0.51338
289.43	1.682	21.682	NaN	NaN	NaN	1.0066	12.085	8.516	-1.7972	-57.201	44.095	-61.506	-122.79	25.287	-35.985	-150.45	0.48463
289.43	1.6822	21.683	NaN	NaN	NaN	0.98055	12.072	8.4918	-1.7921	-57.196	44.085	-61.477	-122.82	25.287	-35.982	-150.47	0.43199
289.43	1.6811	21.681	NaN	NaN	NaN	0.96143	12.088	8.4893	-1.8016	-57.185	44.058	-61.456	-122.83	25.262	-35.965	-150.5	0.39803
289.43	1.6813	21.682	NaN	NaN	NaN	0.94668	12.079	8.4891	-1.8006	-57.168	44.04	-61.431	-122.85	25.263	-35.961	-150.51	0.38032
289.44	1.6742	21.681	NaN	NaN	NaN	0.92756	12.095	8.4866	-1.8021	-57.164	44.013	-61.4	-122.86	25.231	-35.943	-150.52	0.3522
289.44	1.676	21.685	NaN	NaN	NaN	0.91971	12.106	8.4733	-1.8152	-57.144	43.988	-61.366	-122.88	25.222	-35.932	-150.57	0.30571
289.44	1.6761	21.685	NaN	NaN	NaN	0.8928	12.103	8.4696	-1.8102	-57.139	43.978	-61.34	-122.89	25.215	-35.909	-150.57	0.27932
