135.08	-2.8474	20.113	-38.071	-2.4471	-14.044	-12.626	4.9071	-18.777	-7.5742	-56.491	42.035	-66.172	-124.72	26.205	-41.538	-150.77	-1.1147
135.08	-2.8331	20.123	-38.066	-2.4419	-14.053	-12.625	4.8948	-18.785	-7.5681	-56.474	42.034	-66.173	-124.72	26.192	-41.548	-150.77	-1.1112
135.08	-2.8439	20.117	-38.058	-2.4387	-14.019	-12.621	4.9074	-18.775	-7.5753	-56.48	42.022	-66.173	-124.72	26.192	-41.551	-150.76	-1.1065
135.08	-2.8443	20.117	-38.063	-2.4414	-14.036	-12.62	4.91	-18.772	-7.5747	-56.478	42.041	-66.174	-124.72	26.193	-41.55	-150.78	-1.1227
135.08	-2.843	20.117	-38.076	-2.4463	-14.063	-12.631	4.9038	-18.782	-7.5734	-56.479	42.037	-66.167	-124.71	26.197	-41.549	-150.76	-1.1054
135.08	-2.8454	20.115	-38.058	-2.4387	-14.019	-12.626	4.9071	-18.777	-7.5633	-56.47	42.037	-66.166	-124.71	26.196	-41.546	-150.76	-1.1039
135.08	-2.8419	20.118	-38.071	-2.4426	-14.058	-12.631	4.9038	-18.782	-7.5668	-56.475	42.03	-66.161	-124.71	26.188	-41.551	-150.78	-1.1222
135.09	-2.8404	20.124	-38.066	-2.4405	-14.039	-12.624	4.91	-18.775	-7.5614	-56.471	42.035	-66.161	-124.71	26.199	-41.544	-150.77	-1.116
135.09	-2.8391	20.124	-38.062	-2.4273	-14.028	-12.623	4.9086	-18.789	-7.5722	-56.475	42.03	-66.155	-124.72	26.201	-41.543	-150.77	-1.1195
135.09	-2.8398	20.121	-38.059	-2.4367	-14.047	-12.614	4.9151	-18.781	-7.5546	-56.467	42.042	-66.156	-124.71	26.205	-41.531	-150.77	-1.1035
135.09	-2.8438	20.12	-38.059	-2.4366	-14.047	-12.628	4.9066	-18.78	-7.5576	-56.468	42.027	-66.156	-124.71	26.205	-41.525	-150.76	-1.1727
135.09	-2.8415	20.123	-38.075	-2.4326	-14.053	-12.627	4.9085	-18.793	-7.5507	-56.46	42.036	-66.155	-124.7	26.195	-41.529	-150.77	-1.1034
135.08	-2.8442	20.116	-38.055	-2.4329	-14.044	-12.614	4.9152	-18.781	-7.5504	-56.462	42.032	-66.153	-124.7	26.195	-41.522	-150.76	-1.1582
135.08	-2.8456	20.116	-38.061	-2.4392	-14.035	-12.616	4.9134	-18.768	-7.5567	-56.466	42.029	-66.153	-124.7	26.194	-41.524	-150.76	-1.1593
135.09	-2.8411	20.12	-38.071	-2.4415	-14.072	-12.626	4.9069	-18.78	-7.5529	-56.464	42.03	-66.147	-124.71	26.195	-41.53	-150.75	-1.1696
135.08	-2.8465	20.115	-38.053	-2.43	-14.056	-12.627	4.9083	-18.793	-7.557	-56.467	42.026	-66.152	-124.7	26.196	-41.53	-150.75	-1.1709
135.08	-2.8456	20.116	-38.058	-2.4223	-14.039	-12.626	4.9085	-18.794	-7.5583	-56.463	42.03	-66.152	-124.7	26.196	-41.525	-150.76	-1.1725
135.08	-2.8459	20.129	-38.066	-2.4282	-14.032	-12.626	4.907	-18.78	-7.5575	-56.463	42.03	-66.155	-124.7	26.195	-41.527	-150.76	-1.1633
135.08	-2.8441	20.118	-38.065	-2.425	-14.045	-12.623	4.9116	-18.788	-7.5575	-56.463	42.03	-66.155	-124.71	26.193	-41.524	-150.76	-1.1592
135.08	-2.8466	20.126	-38.072	-2.4301	-14.052	-12.632	4.9173	-18.79	-7.5665	-56.458	42.027	-66.153	-124.7	26.208	-41.53	-150.77	-1.1141
135.08	-2.8433	20.118	-38.072	-2.4301	-14.052	-12.627	4.9083	-18.791	-7.5637	-56.457	42.027	-66.156	-124.7	26.192	-41.546	-150.77	-1.1196
135.08	-2.8476	20.113	-38.072	-2.4293	-14.064	-12.632	4.9174	-18.79	-7.5712	-56.461	42.021	-66.166	-124.7	26.19	-41.538	-150.77	-1.1034
135.09	-2.84	20.121	-38.066	-2.4268	-14.046	-12.628	4.9206	-18.785	-7.5654	-56.455	42.03	-66.156	-124.7	26.206	-41.553	-150.78	-1.1066
135.08	-2.8419	20.119	-38.073	-2.4287	-14.065	-12.634	4.9177	-18.793	-7.573	-56.463	42.019	-66.163	-124.69	26.193	-41.545	-150.78	-1.1047
135.09	-2.8413	20.12	-38.071	-2.4152	-14.056	-12.636	4.9172	-18.792	-7.5712	-56.461	42.021	-66.161	-124.69	26.196	-41.544	-150.76	-1.1018
135.08	-2.8435	20.119	-38.07	-2.4163	-14.042	-12.628	4.9208	-18.785	-7.5703	-56.46	42.038	-66.163	-124.69	26.208	-41.548	-150.76	-1.0867
135.08	-2.8458	20.115	-38.065	-2.4248	-14.044	-12.628	4.9208	-18.785	-7.5654	-56.455	42.03	-66.161	-124.69	26.196	-41.557	-150.77	-1.0948
135.08	-2.8382	20.115	-38.066	-2.4237	-14.058	-12.628	4.919	-18.772	-7.5779	-56.451	42.022	-66.161	-124.69	26.196	-41.556	-150.77	-1.0953
135.09	-2.8417	20.118	-38.07	-2.427	-14.063	-12.636	4.9172	-18.792	-7.5615	-56.451	42.034	-66.161	-124.69	26.196	-41.551	-150.78	-1.1096
135.08	-2.8438	20.118	-38.071	-2.4149	-14.056	-12.628	4.9206	-18.785	-7.5722	-56.449	42.026	-66.153	-124.69	26.201	-41.543	-150.76	-1.0877
135.08	-2.8444	20.117	-38.067	-2.4253	-14.061	-12.631	4.9082	-18.795	-7.5662	-56.456	42.026	-66.161	-124.69	26.196	-41.541	-150.77	-1.1016
135.09	-2.8427	20.121	-38.067	-2.4112	-14.052	-12.618	4.9135	-18.77	-7.5686	-56.456	42.027	-66.159	-124.69	26.199	-41.541	-150.77	-1.0911
135.09	-2.8395	20.123	-38.075	-2.4197	-14.047	-12.622	4.9118	-18.788	-7.5561	-56.447	42.025	-66.16	-124.69	26.21	-41.538	-150.76	-1.0998
135.09	-2.8388	20.124	-38.072	-2.415	-14.058	-12.622	4.9117	-18.789	-7.5602	-56.451	42.021	-66.15	-124.69	26.204	-41.543	-150.76	-1.1002
135.09	-2.8411	20.122	-38.072	-2.4273	-14.065	-12.62	4.9145	-18.784	-7.559	-56.45	42.022	-66.148	-124.7	26.2	-41.529	-150.77	-1.1584
135.08	-2.8419	20.119	-38.073	-2.4288	-14.065	-12.631	4.9175	-18.79	-7.5582	-56.45	42.022	-66.149	-124.69	26.205	-41.538	-150.75	-1.0967
135.09	-2.8423	20.121	-38.067	-2.4115	-14.053	-12.625	4.9111	-18.788	-7.5561	-56.447	42.025	-66.153	-124.69	26.201	-41.532	-150.76	-1.1095
135.09	-2.8421	20.121	-38.069	-2.4131	-14.055	-12.628	4.9206	-18.785	-7.5555	-56.447	42.024	-66.156	-124.69	26.198	-41.541	-150.75	-1.0968
135.09	-2.8413	20.123	-38.067	-2.4112	-14.052	-12.629	4.9204	-18.785	-7.5637	-56.451	42.019	-66.149	-124.68	26.205	-41.529	-150.75	-1.1075
135.08	-2.8456	20.116	-38.073	-2.4165	-14.058	-12.629	4.9204	-18.785	-7.5674	-56.442	42.021	-66.155	-124.69	26.2	-41.532	-150.74	-1.1644
135.08	-2.8444	20.117	-38.076	-2.4156	-14.061	-12.622	4.923	-18.767	-7.5676	-56.443	42.018	-66.151	-124.69	26.202	-41.543	-150.76	-1.1021
135.08	-2.8364	20.119	-38.072	-2.4013	-14.064	-12.628	4.9206	-18.785	-7.5774	-56.449	42.01	-66.152	-124.69	26.203	-41.525	-150.75	-1.1642
135.09	-2.8388	20.124	-38.069	-2.4008	-14.048	-12.627	4.9208	-18.786	-7.5718	-56.442	42.019	-66.148	-124.68	26.194	-41.534	-150.76	-1.1708
135.08	-2.8435	20.118	-38.084	-2.4073	-14.075	-12.635	4.9174	-18.792	-7.5723	-56.442	42.018	-66.152	-124.68	26.191	-41.527	-150.75	-1.1662
135.07	-2.8407	20.128	-38.08	-2.4068	-14.056	-12.64	4.914	-18.797	-7.5748	-56.446	42.013	-66.147	-124.68	26.191	-41.539	-150.75	-1.1795
135.08	-2.8496	20.109	-38.076	-2.4154	-14.06	-12.635	4.9174	-18.792	-7.5727	-56.442	42.005	-66.15	-124.68	26.191	-41.531	-150.76	-1.1687
135.08	-2.8427	20.116	-38.084	-2.4194	-14.082	-12.636	4.9172	-18.792	-7.5767	-56.433	42.021	-66.148	-124.68	26.193	-41.529	-150.75	-1.167
135.08	-2.8462	20.112	-38.088	-2.4093	-14.064	-12.632	4.9205	-18.79	-7.5682	-56.437	42.01	-66.15	-124.68	26.191	-41.524	-150.74	-1.1626
135.07	-2.8376	20.115	-38.079	-2.4039	-14.07	-12.635	4.9174	-18.792	-7.5776	-56.435	42.003	-66.139	-124.68	26.185	-41.523	-150.75	-1.1772
135.07	-2.8502	20.12	-38.089	-2.4083	-14.078	-12.632	4.9205	-18.79	-7.5749	-56.441	42.003	-66.132	-124.68	26.188	-41.518	-150.75	-1.1785
135.08	-2.8446	20.117	-38.086	-2.41	-14.063	-12.632	4.9205	-18.79	-7.5644	-56.438	42.011	-66.133	-124.69	26.183	-41.517	-150.75	-1.1802
135.08	-2.8471	20.127	-38.08	-2.4186	-14.065	-12.636	4.9172	-18.792	-7.5648	-56.44	42.007	-66.134	-124.69	26.184	-41.508	-150.75	-1.173
135.08	-2.8459	20.131	-38.072	-2.3994	-14.05	-12.632	4.9205	-18.79	-7.5644	-56.439	42.008	-66.121	-124.69	26.199	-41.502	-150.76	-1.1734
135.08	-2.8442	20.115	-38.085	-2.4074	-14.075	-12.628	4.9236	-18.785	-7.5622	-56.437	42.009	-66.129	-124.68	26.186	-41.506	-150.74	-1.1835
135.08	-2.8444	20.118	-38.079	-2.405	-14.056	-12.635	4.92	-18.789	-7.5649	-56.437	41.998	-66.121	-124.69	26.188	-41.501	-150.76	-1.175
135.08	-2.8435	20.118	-38.087	-2.4089	-14.077	-12.632	4.9205	-18.79	-7.5554	-56.446	41.997	-66.12	-124.69	26.187	-41.51	-150.75	-1.1747
135.09	-2.8409	20.121	-38.076	-2.4145	-14.075	-12.635	4.9174	-18.792	-7.5644	-56.437	41.994	-66.121	-124.69	26.188	-41.507	-150.75	-1.1724
135.08	-2.8442	20.117	-38.071	-2.4121	-14.056	-12.636	4.9157	-18.779	-7.5622	-56.434	42.001	-66.12	-124.69	26.187	-41.513	-150.75	-1.1812
135.08	-2.8433	20.118	-38.076	-2.4154	-14.06	-12.635	4.916	-18.779	-7.5574	-56.445	41.993	-66.129	-124.68	26.174	-41.512	-150.76	-1.1953
135.08	-2.8433	20.118	-38.086	-2.41	-14.063	-12.635	4.916	-18.779	-7.5649	-56.437	41.981	-66.126	-124.68	26.177	-41.514	-150.75	-1.1759
135.08	-2.8492	20.124	-38.076	-2.4031	-14.053	-12.641	4.9122	-18.784	-7.5626	-56.437	42.008	-66.126	-124.68	26.189	-41.508	-150.75	-1.1732
135.08	-2.8488	20.111	-38.08	-2.4039	-14.07	-12.635	4.9174	-18.792	-7.5688	-56.439	41.991	-66.134	-124.69	26.184	-41.524	-150.74	-1.1798
135.08	-2.8496	20.109	-38.092	-2.4125	-14.069	-12.635	4.916	-18.779	-7.5805	-56.433	42.003	-66.134	-124.69	26.184	-41.524	-150.74	-1.1788
135.08	-2.849	20.123	-38.098	-2.4148	-14.087	-12.635	4.9174	-18.792	-7.5816	-56.436	42	-66.144	-124.68	26.182	-41.531	-150.75	-1.1675
135.07	-2.8513	20.121	-38.095	-2.4141	-14.07	-12.645	4.9217	-18.78	-7.5924	-56.44	41.995	-66.149	-124.68	26.177	-41.53	-150.75	-1.1701
135.07	-2.8507	20.122	-38.101	-2.4043	-14.082	-12.635	4.9161	-18.778	-7.6009	-56.434	41.993	-66.154	-124.68	26.173	-41.521	-150.74	-1.1763
135.07	-2.8513	20.121	-38.099	-2.4023	-14.081	-12.641	4.9122	-18.784	-7.6047	-56.435	42.004	-66.159	-124.68	26.177	-41.53	-150.75	-1.1804
135.07	-2.8549	20.114	-38.108	-2.407	-14.088	-12.637	4.9155	-18.779	-7.6047	-56.435	42.004	-66.157	-124.67	26.178	-41.528	-150.75	-1.1688
135.07	-2.8487	20.109	-38.102	-2.4046	-14.069	-12.64	4.9249	-18.776	-7.6091	-56.426	42.007	-66.158	-124.67	26.177	-41.527	-150.75	-1.1782
135.07	-2.8415	20.109	-38.102	-2.4046	-14.069	-12.65	4.9212	-18.782	-7.6042	-56.435	42.006	-66.154	-124.68	26.173	-41.525	-150.75	-1.1648
135.07	-2.8388	20.115	-38.112	-2.4116	-14.079	-12.648	4.9217	-18.782	-7.6034	-56.435	42.005	-66.146	-124.68	26.18	-41.538	-150.76	-1.1816
135.07	-2.843	20.107	-38.1	-2.4029	-14.067	-12.635	4.9146	-18.765	-7.5987	-56.446	41.989	-66.143	-124.69	26.164	-41.543	-150.75	-1.2004
135.07	-2.8513	20.121	-38.095	-2.4141	-14.07	-12.648	4.9215	-18.783	-7.5819	-56.476	41.982	-66.131	-124.68	26.173	-41.533	-150.76	-1.1855
135.08	-2.8494	20.124	-38.087	-2.4131	-14.05	-12.646	4.926	-18.793	-7.569	-56.51	41.956	-66.102	-124.68	26.189	-41.528	-150.75	-1.1971
135.08	-2.8501	20.122	-38.086	-2.4262	-14.056	-12.64	4.9281	-18.775	-7.5294	-56.538	41.949	-66.081	-124.68	26.21	-41.547	-150.75	-1.2034
135.08	-2.8465	20.113	-38.088	-2.4448	-14.038	-12.636	4.9202	-18.792	-7.5093	-56.581	41.936	-66.053	-124.68	26.238	-41.546	-150.75	-1.1911
135.08	-2.8504	20.122	-38.091	-2.4773	-14.027	-12.643	4.9569	-18.774	-7.498	-56.643	41.91	-66.021	-124.71	26.272	-41.55	-150.77	-1.1996
135.08	-2.8492	20.124	-38.082	-2.5221	-13.986	-12.672	5.034	-18.798	-7.4682	-56.71	41.908	-65.992	-124.74	26.313	-41.562	-150.79	-1.2049
135.08	-2.8452	20.117	-38.031	-2.6217	-13.797	-12.71	5.1647	-18.812	-7.4568	-56.791	41.902	-65.94	-124.8	26.379	-41.547	-150.81	-1.2074
135.08	-2.8505	20.122	-38.005	-2.6547	-13.69	-12.722	5.3524	-18.821	-7.4062	-56.893	41.971	-65.863	-124.87	26.442	-41.522	-150.86	-1.2051
135.08	-2.8487	20.124	-38.019	-2.6052	-13.39	-12.725	5.6733	-18.803	-7.3674	-57.032	42.035	-65.773	-124.96	26.472	-41.546	-150.94	-1.2188
135.08	-2.8478	20.126	-38.229	-2.5448	-12.716	-12.689	6.0395	-18.206	-7.2845	-57.209	42.187	-65.643	-125.06	26.514	-41.434	-150.97	-1.257
135.07	-2.8429	20.122	-38.596	-2.5155	-11.783	-12.516	6.5784	-17.402	-7.1875	-57.464	42.4	-65.454	-125.2	26.604	-41.304	-151.02	-1.297
135.07	-2.8435	20.122	-39.146	-2.569	-10.579	-11.82	7.089	-16.131	-6.9758	-57.899	42.813	-65.203	-125.39	26.737	-41.154	-151.11	-1.3274
135.08	-2.8482	20.125	-39.636	-2.2844	-8.6519	-10.712	7.8441	-14.534	-6.7776	-58.407	43.278	-64.84	-125.72	26.947	-40.955	-151.24	-1.4349
135.07	-2.8428	20.124	-40.519	-2.1654	-7.0248	-9.1577	8.5998	-12.558	-6.464	-59.073	43.852	-64.376	-126.1	27.151	-40.803	-151.39	-1.6213
135.08	-2.8494	20.124	-41.254	-2.2168	-4.9164	-7.4154	9.2816	-10.307	-6.0333	-59.891	44.461	-63.869	-126.54	27.382	-40.506	-151.49	-1.7929
135.08	-2.8459	20.129	-41.869	-2.3774	-2.817	-5.6151	9.8188	-7.8599	-5.4476	-60.888	45.16	-63.336	-127	27.63	-40.184	-151.65	-1.951
135.08	-2.8461	20.13	-42.004	-2.5938	-0.60609	-3.7571	10.086	-5.2448	-4.7754	-61.941	45.88	-62.802	-127.47	27.912	-39.928	-151.84	-2.0866
135.1	-2.8472	20.138	-41.788	-2.7975	1.376	-1.9324	10.273	-2.6261	-3.9952	-63.154	46.624	-62.248	-127.95	28.229	-39.672	-152.12	-2.1838
135.1	-2.8496	20.136	-41.286	-3.0286	3.2347	0.005953	10.199	-0.085421	-3.148	-64.439	47.315	-61.629	-128.45	28.499	-39.365	-152.32	-2.3036
135.11	-2.8429	20.134	-40.506	-3.4308	5.2957	2.0435	10.004	2.316	-2.1273	-65.715	47.997	-60.926	-128.97	28.807	-38.91	-152.59	-2.3216
135.11	-2.8495	20.134	-39.499	-3.8335	7.1364	4.1881	9.6311	4.5305	-1.0507	-66.987	48.695	-60.148	-129.52	29.202	-38.475	-152.83	-2.4353
135.12	-2.8503	20.132	-38.412	-4.2971	8.8872	6.4443	9.0702	6.5606	0.077774	-68.295	49.35	-59.322	-130.04	29.563	-37.939	-153.17	-2.3604
135.12	-2.86	20.127	-37.181	-4.7512	10.389	8.9314	8.3382	8.4323	1.2877	-69.54	50.096	-58.456	-130.51	29.87	-37.263	-153.52	-2.0958
135.12	-2.8621	20.129	-35.773	-5.3107	11.926	11.567	7.5361	10.193	2.4887	-70.675	50.861	-57.535	-130.9	30.174	-36.358	-153.82	-1.7538
135.11	-2.8667	20.135	-34.184	-5.8468	13.223	14.358	6.6452	11.889	3.7558	-71.832	51.62	-56.504	-131.33	30.566	-35.311	-154.2	-1.5254
135.11	-2.8718	20.131	-32.446	-6.4674	14.294	17.27	5.6448	13.522	5.1211	-73.006	52.472	-55.368	-131.82	30.949	-34.208	-154.71	-1.2533
135.1	-2.8758	20.137	-30.514	-7.1626	15.395	20.339	4.4892	15.167	6.6508	-74.271	53.306	-54.109	-132.33	31.359	-33.172	-155.36	-0.77105
135.08	-2.8779	20.125	-28.353	-7.8756	16.399	23.573	3.2708	16.831	8.3194	-75.578	54.217	-52.79	-132.86	31.774	-31.947	-155.92	-0.35203
135.07	-2.8843	20.13	-25.943	-8.5894	17.384	26.952	1.952	18.569	10.101	-76.953	55.023	-51.403	-133.32	32.144	-30.651	-156.54	0.04651
135.06	-2.8897	20.121	-23.271	-9.4124	18.485	30.935	0.76863	20.754	12.431	-78.148	56.37	-49.897	-133.84	32.602	-29.171	-157.21	0.43659
135.05	-2.8856	20.116	-20.354	-10.275	19.613	34.622	-0.82665	22.461	14.565	-79.741	57.24	-48.238	-134.39	33.056	-27.603	-157.78	0.78813
135.04	-2.8829	20.126	-17.21	-11.163	20.785	38.417	-2.5268	24.102	16.857	-81.413	57.996	-46.433	-134.97	33.514	-26.166	-158.15	1.1289
135.04	-2.8825	20.123	-13.879	-12.12	22.068	42.359	-4.3403	25.762	19.339	-83.168	58.846	-44.537	-135.57	34.033	-24.435	-158.94	1.5768
135.05	-2.881	20.123	-10.374	-13.005	23.158	46.381	-6.2542	27.357	21.923	-84.967	59.581	-42.565	-136.15	34.571	-22.84	-159.62	1.9537
135.06	-2.8773	20.128	-6.6637	-14.063	24.419	50.471	-8.2824	28.808	24.639	-86.766	60.247	-40.523	-136.71	35.052	-21.091	-160.21	2.4142
135.09	-2.8601	20.139	-2.8395	-15.071	25.602	54.602	-10.314	30.228	27.462	-88.601	60.902	-38.432	-137.29	35.618	-19.263	-160.75	2.8741
135.09	-2.8582	20.129	1.0039	-16.138	26.801	58.745	-12.412	31.498	30.394	-90.444	61.523	-36.236	-137.89	36.279	-17.509	-161.36	3.1466
135.11	-2.8579	20.138	4.9655	-17.191	27.877	62.898	-14.507	32.63	33.349	-92.256	62.071	-33.943	-138.46	36.888	-15.563	-161.92	3.6444
135.11	-2.8511	20.132	8.9253	-18.264	28.913	67.072	-16.596	33.579	36.367	-94.032	62.586	-31.598	-139.03	37.465	-13.767	-162.47	3.9984
135.12	-2.8489	20.137	12.888	-19.23	29.707	71.257	-18.683	34.283	39.425	-95.705	63.017	-29.233	-139.56	38.078	-11.874	-162.83	4.399
135.14	-2.8477	20.149	16.833	-20.244	30.418	75.381	-20.719	34.803	42.511	-97.25	63.292	-26.837	-140.08	38.685	-9.9708	-163.37	4.8207
135.14	-2.85	20.146	20.714	-21.232	30.955	79.546	-22.684	35.153	45.571	-98.733	63.573	-24.415	-140.54	39.179	-7.8079	-164.02	5.1895
135.14	-2.8474	20.136	24.485	-22.063	31.22	83.691	-24.542	35.362	48.675	-100.09	63.734	-21.962	-140.97	39.723	-5.5913	-164.63	5.528
135.14	-2.8447	20.155	28.196	-22.979	31.601	87.805	-26.31	35.406	51.741	-101.29	63.833	-19.448	-141.33	40.182	-3.4241	-165.06	5.9601
135.13	-2.8503	20.146	31.783	-23.714	31.584	91.849	-27.968	35.281	54.794	-102.35	63.86	-16.89	-141.62	40.582	-1.1551	-165.41	6.396
135.13	-2.8556	20.137	35.368	-24.505	31.616	95.924	-29.47	35.083	57.839	-103.31	63.727	-14.308	-141.85	41.015	0.92284	-165.53	6.7559
135.12	-2.8636	20.14	38.781	-25.024	31.15	99.664	-31.001	34.503	60.837	-104.04	63.663	-11.725	-141.99	41.352	3.3429	-166.01	7.1691
135.1	-2.8632	20.132	42.153	-25.605	30.758	103.66	-32.306	34.046	63.852	-104.7	63.426	-9.1041	-142.07	41.619	5.8029	-166.47	7.5093
135.08	-2.8737	20.128	45.441	-26.068	30.045	107.62	-33.481	33.409	66.847	-105.18	63.138	-6.4779	-142.09	41.808	8.2213	-166.76	7.8756
135.07	-2.8728	20.135	48.63	-26.449	29.189	111.62	-34.51	32.78	69.843	-105.54	62.8	-3.8447	-142.11	41.998	10.6	-166.88	8.2776
135.05	-2.8818	20.121	51.724	-26.734	28.176	115.69	-35.412	32.113	72.821	-105.78	62.4	-1.1841	-142.07	42.176	12.869	-166.91	8.505
135.04	-2.8821	20.125	54.738	-26.948	27.107	120.01	-36.021	31.593	75.807	-105.93	61.935	1.4709	-141.98	42.283	15.305	-167.04	8.7451
135.04	-2.8819	20.124	57.665	-27.157	26.104	123.49	-36.928	30.211	78.732	-105.96	61.363	4.0931	-141.89	42.468	17.668	-167.14	8.9844
135.04	-2.8828	20.123	60.361	-27.233	25.072	127.63	-37.418	29.468	81.706	-105.93	60.748	6.6924	-141.72	42.597	19.988	-167.18	9.2048
135.04	-2.8817	20.125	62.884	-27.16	24.02	131.23	-37.976	28.269	84.543	-105.8	60.127	9.2002	-141.52	42.726	22.338	-167.34	9.4123
135.06	-2.8795	20.126	65.172	-27.063	23.054	134.63	-38.4	27.034	87.337	-105.64	59.442	11.644	-141.29	42.858	24.642	-167.35	9.488
135.08	-2.8757	20.126	67.278	-26.795	22.205	137.48	-38.863	25.421	90.004	-105.31	58.818	14.012	-141.01	42.949	26.76	-167.1	9.6568
135.1	-2.8652	20.128	69.147	-26.436	21.381	140.86	-38.796	24.57	92.556	-104.89	58.215	16.318	-140.69	43.034	28.787	-166.75	9.7445
135.1	-2.8625	20.133	70.881	-26.038	20.72	143.58	-38.741	23.412	94.895	-104.32	57.642	18.54	-140.31	43.116	30.859	-166.64	9.9308
135.12	-2.8487	20.136	72.382	-25.483	19.857	145.72	-38.571	22.049	97.125	-103.63	57.132	20.657	-139.85	43.205	32.918	-166.44	10.054
135.13	-2.8537	20.143	73.708	-24.882	19.046	148.28	-37.862	21.403	99.224	-102.76	56.679	22.684	-139.35	43.272	34.805	-166	10.278
135.13	-2.8502	20.144	74.879	-24.122	18.147	150.27	-37.056	20.529	101.14	-101.73	56.311	24.606	-138.77	43.341	36.663	-165.52	10.515
135.14	-2.8492	20.147	75.949	-23.408	17.408	152.01	-36.015	19.667	102.94	-100.57	55.968	26.452	-138.12	43.472	38.472	-165.02	10.703
135.14	-2.8479	20.149	76.875	-22.548	16.59	153.14	-34.935	18.446	104.65	-99.244	55.715	28.219	-137.4	43.562	40.245	-164.49	10.965
135.12	-2.8566	20.137	77.686	-21.555	15.689	154.77	-33.38	17.945	106.23	-97.768	55.48	29.892	-136.57	43.617	42.059	-163.96	11.318
135.12	-2.8511	20.135	78.431	-20.61	14.863	155.88	-31.796	17.022	107.72	-96.186	55.28	31.535	-135.66	43.735	43.758	-163.22	11.634
135.1	-2.8625	20.133	79.081	-19.515	13.904	156.9	-30.138	16.138	109.18	-94.506	55.082	33.056	-134.69	43.831	45.332	-162.34	12
135.09	-2.8561	20.132	79.799	-18.524	13.199	157.85	-28.442	15.296	110.51	-92.814	54.944	34.519	-133.64	43.88	47.019	-161.62	12.292
135.06	-2.8646	20.122	80.53	-17.279	12.103	158.79	-26.764	14.531	111.81	-91.077	54.808	35.931	-132.53	43.943	48.538	-160.58	12.687
135.04	-2.875	20.12	81.321	-16.16	11.202	159.49	-25.231	13.534	113.09	-89.354	54.638	37.298	-131.38	44.023	50.083	-159.54	12.917
135.03	-2.8749	20.123	82.173	-15.009	10.353	160.77	-23.52	13.139	114.34	-87.646	54.539	38.659	-130.15	44.036	51.646	-158.57	13.223
135.01	-2.8876	20.119	83.128	-13.876	9.5498	161.79	-21.968	12.569	115.56	-86.021	54.415	39.981	-128.94	44.108	53.093	-157.6	13.438
135.01	-2.8795	20.121	84.22	-12.743	8.765	162.8	-20.475	12.013	116.84	-84.441	54.315	41.294	-127.73	44.136	54.589	-156.45	13.703
135.01	-2.885	20.123	85.426	-11.554	8.0316	163.82	-19.057	11.502	118.11	-82.951	54.215	42.61	-126.52	44.116	56.015	-155.36	13.866
135.02	-2.8825	20.113	86.739	-10.36	7.427	164.74	-17.627	11.012	119.44	-81.53	54.188	43.937	-125.34	44.213	57.405	-154.14	13.877
135.04	-2.8673	20.133	88.177	-9.1848	6.8475	165.59	-16.197	10.525	120.76	-80.19	54.11	45.302	-124.16	44.235	58.819	-152.99	14.069
135.05	-2.8727	20.122	89.764	-8.1368	6.5309	166.32	-14.816	9.9682	122.15	-78.865	54.075	46.644	-123.01	44.262	60.203	-151.83	14.112
135.07	-2.868	20.127	91.426	-7.0048	6.0365	166.89	-13.409	9.3074	123.55	-77.625	54.029	47.998	-121.89	44.388	61.55	-150.72	14.107
135.08	-2.8647	20.131	93.183	-5.8396	5.6549	167.28	-11.926	8.5985	124.96	-76.399	54.037	49.385	-120.75	44.402	62.922	-149.59	14.219
135.09	-2.8597	20.125	94.978	-4.8369	5.1998	167.4	-10.483	7.7597	126.36	-75.176	54.045	50.751	-119.7	44.496	64.311	-148.44	14.273
135.1	-2.8584	20.138	96.907	-3.7908	4.9304	167.22	-8.9276	6.8528	127.83	-73.951	54.048	52.101	-118.66	44.636	65.53	-147.21	14.254
135.11	-2.8559	20.142	98.864	-2.8787	4.5874	166.78	-7.3339	5.8365	129.26	-72.728	54.099	53.468	-117.64	44.722	66.966	-146.29	14.379
135.11	-2.8534	20.132	100.91	-1.9883	4.2021	166.02	-5.6817	4.8247	130.71	-71.499	54.184	54.857	-116.61	44.802	68.362	-145.27	14.408
135.12	-2.861	20.131	103.05	-1.1597	3.7123	165.13	-4.0464	3.8533	132.19	-70.244	54.231	56.248	-115.63	44.946	69.752	-144.34	14.449
135.13	-2.8537	20.143	105.17	-0.48038	2.9069	164.04	-2.362	2.8766	133.61	-69.002	54.346	57.654	-114.68	45.095	71.147	-143.36	14.578
135.12	-2.858	20.136	107.42	0.12284	2.4297	162.84	-0.79909	1.9491	135.11	-67.704	54.474	59.062	-113.75	45.174	72.508	-142.3	14.637
135.13	-2.8542	20.157	109.6	0.57465	1.5745	161.61	0.64762	0.94554	136.53	-66.426	54.562	60.476	-112.8	45.227	73.944	-141.36	14.732
134.8	-3.1355	19.677	111.57	0.83008	0.41759	160.33	2.0038	-0.021334	137.75	-65.389	54.311	61.901	-111.89	45.362	75.426	-140.54	14.84
134.79	-3.1395	19.673	113.66	1.1903	-0.20897	159.18	3.2975	-0.78781	139.18	-64.18	54.385	63.345	-111.03	45.5	76.87	-139.63	14.999
134.43	-3.38	19.371	115.58	1.5418	-1.205	158.22	4.4396	-1.5536	140.7	-62.993	54.541	64.804	-110.2	45.605	78.385	-138.81	15.166
134.57	-3.3353	19.373	117.25	2.1103	-1.4364	157.34	5.4484	-2.2563	142.22	-61.899	54.624	66.308	-109.38	45.759	79.921	-138.08	15.279
135.86	-2.5416	19.399	118.39	3.0204	-1.4662	156.99	6.4042	-2.8412	143.83	-60.824	54.771	67.892	-108.64	45.93	81.52	-137.31	15.405
136.83	-1.4663	19.385	119.45	3.9067	-1.3027	158.2	7.1011	-2.9932	145.43	-59.965	54.922	69.524	-108	46.157	83.062	-136.53	15.646
138.2	-0.65694	19.448	120.91	4.6701	-1.1398	159.66	7.8062	-3.0218	147.12	-59.209	55.045	71.235	-107.47	46.426	84.742	-135.94	15.864
139.81	-0.16606	19.516	122.62	5.2656	-1.0211	160.52	8.0227	-3.6606	148.97	-58.441	55.242	73.03	-106.94	46.724	86.449	-135.41	16.082
141.55	0.28838	19.622	124.55	5.7704	-0.87371	163.07	8.8684	-2.7272	150.89	-57.875	55.579	74.867	-106.43	47.024	88.194	-134.86	16.383
143.31	0.62575	19.834	126.6	6.2482	-0.7438	165.02	9.2443	-2.4844	152.92	-57.46	55.899	76.736	-105.91	47.345	90	-134.3	16.715
145.18	0.95275	20.23	128.79	6.5995	-0.15707	167.09	9.6453	-2.0009	155.07	-57.094	56.281	78.692	-105.42	47.676	91.865	-133.79	16.917
147.35	1.2864	20.865	131.13	7.0128	0.34802	169.44	9.9864	-1.3188	157.31	-56.901	56.717	80.749	-104.98	48.016	93.86	-133.43	17.241
149.77	1.5475	21.561	133.66	7.3816	1.0234	171.19	9.8506	-1.4281	159.68	-56.819	57.171	82.94	-104.63	48.338	96.005	-133.05	17.403
152.44	1.697	22.239	136.35	7.6736	1.8595	174.64	10.471	0.075258	162.2	-56.825	57.696	85.277	-104.35	48.694	98.058	-132.61	17.685
155.37	1.8235	23.101	139.22	7.9308	2.6281	177.49	10.601	0.86867	164.84	-56.905	58.245	87.684	-104.11	49.032	100.35	-132.31	17.967
158.42	1.85	23.901	142.24	8.0274	3.677	180.55	10.582	1.6918	167.64	-57.094	58.805	90.205	-103.86	49.419	102.71	-132.15	18.232
161.62	1.7693	24.703	145.44	8.1828	4.3882	183.77	10.468	2.4595	170.48	-57.352	59.344	92.787	-103.65	49.883	105.11	-131.85	18.518
164.88	1.5709	25.453	148.79	8.1569	5.199	187.07	10.299	3.3435	173.46	-57.675	59.955	95.437	-103.48	50.251	107.55	-131.66	18.851
168.29	1.3218	26.357	152.28	8.1165	6.0858	190.57	10.027	4.1493	176.5	-58.076	60.526	98.188	-103.3	50.682	110.11	-131.45	19.255
171.84	1.0907	27.25	155.86	7.9684	7.0826	194.15	9.7047	5.0096	179.64	-58.576	61.182	100.98	-103.18	51.109	112.71	-131.32	19.514
175.51	0.7977	28.158	159.57	7.8217	7.8394	197.12	8.8762	5.1207	182.82	-59.031	61.78	103.82	-103.05	51.533	115.36	-131.19	19.907
179.15	0.37812	28.949	163.31	7.6126	8.8295	201.64	8.9033	6.8196	186.06	-59.602	62.42	106.75	-102.92	51.952	117.99	-130.97	20.285
182.93	0.009096	29.752	167.12	7.3991	9.4313	204.67	7.9813	6.7681	189.37	-60.105	63.105	109.68	-102.83	52.419	120.86	-131.01	20.624
186.68	-0.41984	30.506	170.99	7.1014	10.255	209.32	7.9579	8.4622	192.66	-60.641	63.655	112.68	-102.71	52.841	123.55	-130.82	21.031
190.52	-0.80843	31.257	174.87	6.7758	11.118	213.23	7.4651	9.1303	195.97	-61.151	64.211	115.69	-102.61	53.278	126.47	-130.9	21.463
194.38	-1.2186	31.879	178.75	6.5163	11.74	217.15	6.9666	9.783	199.37	-61.651	64.833	118.73	-102.5	53.703	129.22	-130.6	21.876
198.24	-1.6479	32.454	182.61	6.2657	12.212	221.07	6.476	10.418	202.7	-62.125	65.35	121.77	-102.36	54.161	132.02	-130.6	22.227
202.08	-2.0463	33.03	186.47	5.9286	12.691	224.12	5.4195	10.016	206.01	-62.536	65.814	124.79	-102.23	54.534	135	-130.66	22.757
205.79	-2.5026	33.417	190.34	5.6035	13.035	228.8	5.3676	11.442	209.29	-62.969	66.303	127.81	-102.09	54.932	137.73	-130.41	23.004
210.04	-2.4039	34.621	194.17	5.258	13.454	231.8	4.3566	10.935	212.59	-63.366	66.831	130.8	-101.88	55.225	140.51	-130.32	23.432
213.74	-2.7682	35.06	197.98	4.9059	13.821	236.45	4.3805	12.394	215.74	-63.716	67.259	133.75	-101.69	55.548	143.33	-130.21	23.637
216.83	-3.5912	34.702	201.75	4.5594	14.152	240.2	3.9107	12.885	218.89	-64.095	67.697	136.66	-101.46	55.818	146.12	-130	24.029
220.31	-3.9616	35.03	205.41	4.3504	14.327	243.02	2.9537	12.359	221.92	-64.412	68.042	139.53	-101.21	56.033	148.91	-130.11	24.28
223.73	-4.2368	35.426	208.97	4.0769	14.665	246.61	2.5885	12.816	224.93	-64.716	68.402	142.34	-100.96	56.236	151.43	-129.7	24.418
227.03	-4.5448	35.762	212.44	3.8205	14.962	250.05	2.252	13.27	227.91	-64.991	68.749	145.11	-100.71	56.44	154.18	-129.75	24.647
230.27	-4.7247	36.165	215.73	3.6666	15.449	253.37	2.023	13.678	230.76	-65.295	68.996	147.82	-100.46	56.618	156.52	-129.21	24.747
233.37	-4.9035	36.483	218.9	3.6215	15.646	256.49	1.8105	14.027	233.59	-65.487	69.223	150.46	-100.19	56.811	159.21	-129.23	25.072
236.79	-4.6283	37.469	221.95	3.5416	16.12	259.5	1.6385	14.332	236.29	-65.704	69.42	153.03	-99.96	56.983	161.33	-128.68	24.989
239.69	-4.7112	37.787	224.84	3.5053	16.33	263.25	2.0913	15.64	238.93	-65.858	69.553	155.55	-99.698	57.1	163.68	-128.47	25.115
242.42	-4.762	38.011	227.59	3.6261	16.428	265.21	1.5524	14.905	241.46	-65.939	69.64	157.98	-99.431	57.197	166.13	-128.49	25.295
245.06	-4.734	38.175	230.29	3.5831	16.782	267.88	1.5786	15.039	243.94	-65.96	69.717	160.33	-99.158	57.281	168.24	-128.25	25.324
247.6	-4.6765	38.183	232.82	3.7435	16.84	270.43	1.6155	15.122	246.33	-65.855	69.761	162.62	-98.851	57.327	170.12	-127.6	25.264
250.03	-4.5583	38.205	235.25	3.8463	16.73	272.9	1.6924	15.065	248.63	-65.752	69.734	164.82	-98.502	57.317	172.22	-127.3	25.274
252.39	-4.4094	38.096	237.62	3.9659	16.501	276.08	2.3257	15.932	250.8	-65.604	69.638	166.91	-98.117	57.295	174.17	-126.93	25.304
254.59	-4.2491	37.807	239.88	4.0844	16.239	277.55	1.914	14.719	252.91	-65.317	69.542	168.92	-97.681	57.219	176.07	-126.61	25.254
256.7	-4.068	37.448	242.08	4.2293	15.912	280.54	2.5414	15.356	254.94	-65.016	69.381	170.84	-97.202	57.112	177.86	-126.17	25.242
258.83	-3.817	37.05	244.14	4.4267	15.365	281.85	2.1609	13.886	256.9	-64.701	69.117	172.67	-96.702	56.984	179.52	-125.78	25.332
260.42	-4.0253	35.826	246.15	4.571	14.831	283.87	2.2701	13.29	258.76	-64.318	68.791	174.42	-96.152	56.757	181.21	-125.61	25.098
262.4	-3.7747	35.216	248.08	4.7016	14.279	285.85	2.401	12.661	260.57	-63.962	68.396	176.1	-95.622	56.54	182.72	-125.08	24.881
264.17	-3.5912	34.381	249.94	4.8499	13.418	287.71	2.4899	11.882	262.33	-63.562	67.952	177.72	-95.08	56.253	184.37	-124.73	24.906
265.97	-3.3424	33.606	251.71	5.0606	12.63	289.47	2.6178	11.062	264.02	-63.171	67.411	179.31	-94.574	56.003	185.95	-124.71	24.655
267.77	-3.0413	32.859	253.42	5.1484	11.797	292	3.247	11.207	265.7	-62.787	66.819	180.84	-94.051	55.589	187.1	-123.91	24.372
269.33	-2.8638	31.901	255.07	5.3435	11.059	293.64	3.3517	10.263	267.27	-62.428	66.146	182.31	-93.535	55.211	188.53	-123.52	24.066
270.95	-2.6419	31.038	256.63	5.4449	10.037	294.41	2.9834	8.3614	268.81	-62.074	65.503	183.71	-93.08	54.771	189.69	-123.17	23.756
272.41	-2.4882	30.118	258.09	5.5837	9.3629	295.89	3.0568	7.4101	270.27	-61.808	64.784	185.07	-92.624	54.367	190.94	-122.76	23.201
273.79	-2.341	29.176	259.53	5.793	8.2908	298.16	3.7096	7.5979	271.69	-61.57	63.998	186.35	-92.194	53.85	192.15	-122.37	22.814
275.17	-2.1476	28.339	260.87	5.9348	7.305	299.45	3.8331	6.5411	273.07	-61.31	63.246	187.59	-91.797	53.356	193.24	-122.04	22.368
276.46	-1.9863	27.416	262.13	6.0486	6.4049	300.71	3.9828	5.6153	274.31	-61.072	62.42	188.74	-91.425	52.827	194.16	-121.71	21.771
277.63	-1.8329	26.442	263.28	6.1097	5.5375	302.02	4.3319	4.9873	275.51	-60.821	61.586	189.82	-91.043	52.219	195.17	-121.45	21.296
277.63	-1.8329	26.442	264.36	6.2979	4.4729	278.71	-1.6887	25.422	276.61	-60.539	60.755	190.83	-90.689	51.681	196.09	-121.1	20.773
304.06	4.5489	2.832	265.32	6.3983	3.3831	279.75	-1.4719	24.43	277.59	-60.236	59.879	191.77	-90.317	51.068	197.17	-121.28	20.343
304.06	4.5489	2.832	266.19	6.4722	2.3392	280.64	-1.2858	23.311	278.57	-59.848	59.047	192.63	-89.96	50.479	197.59	-120.68	19.77
305.74	4.7698	0.41484	266.99	6.4832	1.2324	281.44	-1.0656	22.064	279.37	-59.46	58.102	193.41	-89.58	49.832	198.45	-120.41	19.203
306.45	4.9022	-0.89361	267.59	6.6764	-0.062318	282.57	-0.51379	21.342	280.18	-59.008	57.238	194.14	-89.22	49.216	199.04	-120.22	18.651
306.45	4.9022	-0.89361	268.18	6.9322	-0.50046	284.12	0.43909	20.978	280.94	-58.668	56.298	194.79	-88.839	48.57	199.7	-120	18.185
308.16	5.1827	-2.9127	268.94	7.2015	-0.95475	285.6	0.63608	20.81	281.65	-58.427	55.453	195.34	-88.5	47.887	200.18	-119.84	17.581
308.73	5.3785	-3.5343	269.58	7.4284	-1.379	286.37	0.54978	20.793	282.33	-58.378	54.687	195.84	-88.258	47.265	200.76	-119.6	17.139
309.35	5.5195	-3.9204	270.07	7.5426	-1.3005	286.93	0.57204	20.868	282.95	-58.486	54.052	196.34	-88.147	46.765	201.19	-119.49	16.505
309.35	5.5195	-3.9204	270.4	7.7174	-1.6107	287.81	1.2544	21.61	283.5	-58.586	53.487	196.82	-88.106	46.292	201.56	-119.45	15.959
309.35	5.5195	-3.9204	270.75	7.8807	-1.8702	288.16	1.372	21.632	284.01	-58.658	52.924	197.29	-88.106	45.865	201.87	-119.43	15.458
310.48	5.8324	-5.2825	271.02	7.9689	-1.9291	288.5	1.5149	21.614	284.48	-58.702	52.469	197.72	-88.109	45.594	202.16	-119.29	15.146
310.48	5.8324	-5.2825	271.25	8.0984	-2.1356	288.79	1.6557	21.621	284.85	-58.697	52.05	198.06	-88.154	45.296	202.46	-119.32	14.97
311.06	5.9928	-5.7571	271.42	8.2005	-2.2611	288.98	1.7601	21.671	285.13	-58.72	51.766	198.3	-88.169	45.094	202.62	-119.3	14.647
311.06	5.9928	-5.7571	271.55	8.121	-2.2631	289.12	1.7882	21.629	285.35	-58.776	51.56	198.48	-88.141	44.937	202.73	-119.29	14.487
311.06	5.9928	-5.7571	271.63	8.1096	-2.1333	289.28	1.8727	21.68	285.54	-58.806	51.405	198.6	-88.139	44.792	202.79	-119.27	14.385
311.06	5.9928	-5.7571	271.7	8.0877	-2.1966	289.37	1.8856	21.669	285.65	-58.846	51.275	198.67	-88.147	44.745	202.89	-119.35	14.258
311.06	5.9928	-5.7571	271.72	8.0501	-2.2244	289.41	1.9065	21.672	285.69	-58.873	51.22	198.7	-88.165	44.724	202.87	-119.37	14.222
311.06	5.9928	-5.7571	271.68	8.0011	-2.286	289.41	1.9065	21.672	285.7	-58.879	51.182	198.68	-88.171	44.736	202.8	-119.36	14.292
311.06	5.9928	-5.7571	271.65	7.9469	-2.316	289.41	1.8957	21.679	285.65	-58.887	51.17	198.6	-88.166	44.78	202.69	-119.35	14.393
311.06	5.9928	-5.7571	271.57	7.8668	-2.2846	289.41	1.8939	21.678	285.55	-58.903	51.204	198.48	-88.144	44.876	202.59	-119.35	14.483
311.06	5.9928	-5.7571	271.52	7.7585	-2.5335	289.4	1.8781	21.683	285.38	-58.898	51.212	198.31	-88.128	44.972	202.44	-119.35	14.636
311.06	5.9928	-5.7571	271.6	7.6209	-2.9539	289.39	1.8861	21.684	285.17	-58.779	51.26	198.08	-88.072	45.046	202.04	-119.41	14.791
311.06	5.9928	-5.7571	271.68	7.1019	-3.7243	289.32	1.8911	21.689	284.89	-58.657	51.259	197.85	-87.986	45.115	201.84	-119.45	14.911
311.06	5.9928	-5.7571	271.52	6.7124	-4.57	289.08	1.896	21.712	284.5	-58.48	51.251	197.54	-87.882	45.127	201.62	-119.46	15.088
311.06	5.9928	-5.7571	271.13	6.6523	-5.0172	288.79	1.8957	21.673	284.06	-58.199	51.106	197.18	-87.657	45.026	201.23	-119.48	15.212
311.06	5.9928	-5.7571	270.62	6.6125	-5.2223	288.5	1.9333	21.671	283.64	-57.876	50.865	196.78	-87.365	44.878	200.87	-119.51	15.254
311.06	5.9928	-5.7571	269.8	6.6702	-5.5194	288.2	1.9711	21.677	283.16	-57.666	50.533	196.28	-87.171	44.713	200.52	-119.57	15.344
312.66	4.0262	-9.1167	268.87	6.6725	-6.1885	287.95	2.036	21.738	282.69	-57.532	50.232	195.76	-87.121	44.601	200.05	-119.62	15.27
313.47	3.6546	-9.2217	267.89	6.7115	-6.7021	287.8	2.1152	21.804	282.21	-57.456	49.866	195.3	-87.155	44.427	199.71	-119.66	15.229
314.4	3.1448	-9.3731	266.89	6.6829	-6.9662	287.73	2.1865	21.813	281.69	-57.386	49.485	194.85	-87.197	44.244	199.19	-119.86	15.137
315.36	2.6039	-9.3786	265.68	6.5683	-7.4597	287.87	2.2993	21.848	281.15	-57.42	49.096	194.36	-87.276	44.043	198.7	-119.97	15.053
316.29	2.0031	-9.3511	264.55	6.5834	-7.7706	287.91	2.2875	21.823	280.54	-57.478	48.673	193.82	-87.388	43.904	198.12	-120.16	14.883
317.22	1.3281	-9.1229	263.5	6.818	-7.4949	287.97	2.2107	21.806	279.96	-57.559	48.361	193.18	-87.573	43.8	197.54	-120.4	14.821
318.2	0.56825	-8.7494	262.35	6.9487	-7.538	288.08	2.0833	21.777	279.29	-57.653	48.03	192.53	-87.804	43.656	196.96	-120.56	14.774
319.16	-0.34826	-8.2902	261.06	6.9349	-7.5287	288.24	1.9459	21.76	278.53	-57.822	47.844	191.85	-88.044	43.61	196.53	-121.31	14.788
320.17	-1.365	-7.6043	259.59	6.8148	-7.3884	288.41	1.8158	21.716	277.7	-58.018	47.69	191.1	-88.294	43.566	195.75	-121.64	14.694
321.18	-2.5605	-6.7118	258.19	6.6849	-7.5789	288.59	1.6446	21.684	276.75	-58.262	47.636	190.23	-88.57	43.588	194.63	-121.5	14.67
322.11	-3.8101	-5.7098	256.76	6.4364	-7.4352	288.7	1.5393	21.723	275.75	-58.596	47.709	189.29	-88.859	43.664	193.8	-121.83	14.784
323.02	-5.1475	-4.3672	255.38	6.1726	-7.2924	288.74	1.536	21.695	274.69	-59.026	47.874	188.27	-89.182	43.781	192.87	-122.16	14.986
323.77	-6.4773	-2.9074	253.99	5.8852	-7.0343	288.75	1.5195	21.692	273.55	-59.525	48.163	187.2	-89.539	43.931	191.93	-122.56	15.127
324.34	-7.8355	-1.2825	252.57	5.596	-6.5776	288.74	1.5162	21.687	272.39	-60.136	48.494	186.08	-89.956	44.134	190.84	-122.93	15.337
324.67	-9.1406	0.41847	251.15	5.2519	-5.9685	288.74	1.5123	21.696	271.13	-60.81	48.919	184.92	-90.472	44.454	189.75	-123.46	15.564
324.82	-10.474	2.1602	249.72	4.8743	-5.3067	288.74	1.5144	21.686	269.83	-61.508	49.486	183.74	-90.972	44.79	188.8	-124.37	15.975
324.72	-11.682	3.9865	248.3	4.4046	-4.437	288.74	1.5098	21.692	268.46	-62.254	50.139	182.43	-91.557	45.204	187.35	-124.43	16.155
324.44	-12.846	5.8452	246.88	3.8792	-3.4713	288.73	1.5051	21.684	267.04	-63.057	50.896	181.09	-92.11	45.675	186.12	-124.96	16.635
323.89	-14.054	7.6084	245.5	3.3838	-2.6249	288.73	1.5022	21.697	265.52	-63.88	51.667	179.62	-92.698	46.177	184.77	-125.41	17.13
323.14	-15.254	9.3689	244.11	2.8241	-1.7428	288.73	1.5	21.692	263.9	-64.771	52.485	178.09	-93.271	46.725	183.23	-125.98	17.483
322.23	-16.444	11.033	242.72	2.2353	-0.65622	288.73	1.4993	21.69	262.23	-65.696	53.388	176.42	-93.859	47.286	181.73	-126.45	18.075
321.1	-17.62	12.651	241.34	1.4658	0.50461	288.72	1.495	21.698	260.46	-66.637	54.353	174.68	-94.446	47.888	180.08	-127.02	18.536
319.75	-18.745	14.148	239.9	0.84166	1.4785	288.73	1.5025	21.694	258.61	-67.573	55.328	172.82	-95.059	48.507	178.41	-127.46	19.106
318.17	-19.76	15.6	238.41	0.13765	2.6827	288.72	1.5065	21.691	256.63	-68.557	56.288	170.89	-95.69	49.14	176.78	-128.36	19.704
316.37	-20.689	16.944	236.82	-0.56022	3.8753	288.73	1.4991	21.69	254.55	-69.513	57.341	168.84	-96.306	49.788	174.6	-128.46	20.122
314.35	-21.454	18.195	235.12	-1.2236	5.2414	288.73	1.5122	21.699	252.39	-70.451	58.275	166.68	-96.948	50.413	172.58	-128.97	20.645
312.12	-22.158	19.267	233.27	-1.8146	6.4157	288.73	1.5134	21.687	250.12	-71.341	59.202	164.42	-97.6	51.025	170.49	-129.49	21.22
309.64	-22.798	20.224	231.29	-2.2976	7.6206	288.74	1.5098	21.691	247.69	-72.228	60.125	162.05	-98.268	51.649	168.26	-129.97	21.612
307.04	-23.284	21.213	229.2	-2.8369	8.9516	288.73	1.5185	21.692	245.23	-73.012	60.987	159.6	-98.928	52.248	165.86	-130.43	22.038
304.2	-23.656	22.071	226.94	-3.2214	10.165	288.73	1.5185	21.692	242.57	-73.765	61.736	157.03	-99.602	52.806	163.61	-130.89	22.56
301.19	-23.962	22.755	224.46	-3.6418	11.785	288.74	1.5217	21.697	239.85	-74.447	62.596	154.34	-100.24	53.32	161	-131.4	22.903
297.98	-24.065	23.463	221.86	-3.8686	12.972	288.74	1.5335	21.692	237	-75.095	63.299	151.56	-100.9	53.777	158.43	-131.93	23.149
294.6	-24.072	23.999	219.05	-4.0466	14.301	288.74	1.5216	21.684	234.03	-75.635	63.91	148.68	-101.58	54.238	155.74	-132.35	23.532
291	-23.899	24.463	216.45	-3.8702	16.073	288.74	1.5219	21.686	231.13	-75.913	64.755	145.73	-102.26	54.625	152.99	-132.78	23.954
287.2	-23.673	24.834	213.44	-3.9055	17.334	288.73	1.5194	21.681	227.94	-76.311	65.27	142.71	-102.91	54.966	150.14	-133.18	24.091
283.25	-23.232	25.182	210.26	-3.98	18.59	288.74	1.5223	21.686	224.66	-76.645	65.737	139.59	-103.55	55.305	147.27	-133.54	24.218
279.05	-22.841	25.318	206.89	-4.0322	19.67	288.74	1.515	21.698	221.31	-76.943	66.188	136.37	-104.18	55.588	144.29	-133.99	24.469
274.7	-22.326	25.418	203.39	-4.0145	20.399	288.74	1.5079	21.688	217.82	-77.229	66.568	133.04	-104.8	55.827	141.29	-134.63	24.65
270.16	-21.779	25.339	199.86	-4.07	21.47	288.74	1.5079	21.688	214.25	-77.497	66.941	129.62	-105.41	56.033	138.14	-134.97	24.732
265.3	-21.099	25.154	196.28	-4.0587	22.339	288.73	1.5048	21.684	210.59	-77.674	67.166	126.11	-106.03	56.204	134.74	-135.14	24.752
265.3	-21.099	25.154	192.58	-4.1271	23.181	288.73	1.5024	21.697	206.84	-77.899	67.435	122.54	-106.63	56.339	131.45	-135.59	24.829
265.3	-21.099	25.154	188.76	-4.2364	23.833	288.72	1.5063	21.694	203.02	-78.008	67.641	118.88	-107.24	56.424	128.17	-136.1	24.859
265.3	-21.099	25.154	184.88	-4.2846	24.427	288.73	1.5021	21.696	199.13	-78.133	67.819	115.14	-107.86	56.507	124.57	-136.36	24.736
265.3	-21.099	25.154	180.97	-4.3414	24.879	288.73	1.499	21.692	195.16	-78.252	68.032	111.35	-108.46	56.539	121.08	-136.68	24.691
265.3	-21.099	25.154	176.93	-4.4616	25.288	288.72	1.5071	21.693	191.07	-78.314	68.128	107.48	-109.07	56.508	117.43	-137.09	24.511
265.3	-21.099	25.154	172.85	-4.5195	25.386	288.72	1.5088	21.682	186.93	-78.303	68.218	103.58	-109.65	56.478	113.76	-137.43	24.449
265.3	-21.099	25.154	168.57	-4.559	25.367	288.73	1.5122	21.685	182.73	-78.247	68.232	99.654	-110.23	56.475	110.07	-137.96	24.27
288.73	1.5117	21.698	164.25	-4.6665	25.419	NaN	NaN	NaN	178.49	-78.137	68.165	95.667	-110.8	56.356	106.3	-138.19	24.076
288.73	1.5153	21.69	159.78	-4.6845	25.237	NaN	NaN	NaN	174.25	-77.912	68.048	91.68	-111.33	56.27	102.52	-138.52	23.86
288.73	1.5186	21.693	155.17	-4.6614	24.916	206.85	-11.968	20.4	169.94	-77.672	67.894	87.633	-111.92	56.208	98.684	-138.9	23.711
288.74	1.5242	21.689	150.4	-4.49	24.438	200.22	-10.837	19.659	165.6	-77.344	67.611	83.61	-112.48	56.013	94.868	-139.26	23.493
288.73	1.5281	21.684	145.49	-4.4402	24.064	NaN	NaN	NaN	161.28	-76.949	67.276	79.594	-113.03	55.914	91.047	-139.69	23.2
288.74	1.5251	21.688	140.47	-4.2296	23.411	NaN	NaN	NaN	156.91	-76.444	66.856	75.555	-113.61	55.75	87.181	-140.04	23.001
288.73	1.5293	21.686	135.31	-4.0766	22.811	NaN	NaN	NaN	152.32	-76.124	66.015	71.504	-114.19	55.544	83.276	-140.37	22.803
288.74	1.5223	21.685	130.09	-3.8819	22.225	NaN	NaN	NaN	147.88	-75.501	65.446	67.453	-114.74	55.378	79.363	-140.76	22.464
288.74	1.5246	21.688	124.74	-3.647	21.401	NaN	NaN	NaN	143.5	-74.793	64.889	63.414	-115.28	55.164	75.515	-141.09	22.199
288.75	1.5298	21.685	119.36	-3.4791	20.59	NaN	NaN	NaN	139.06	-74.044	64.254	59.373	-115.84	54.85	71.645	-141.46	21.875
288.74	1.5245	21.69	113.92	-3.2568	19.577	NaN	NaN	NaN	134.58	-73.282	63.551	55.337	-116.36	54.58	67.745	-141.83	21.55
288.74	1.5242	21.689	108.54	-3.0769	18.746	NaN	NaN	NaN	130.08	-72.471	62.813	51.34	-116.89	54.242	63.856	-142.18	21.186
288.74	1.522	21.699	103.15	-2.9091	17.88	NaN	NaN	NaN	125.59	-71.67	62.039	47.372	-117.37	53.88	60.05	-142.48	20.824
288.74	1.5079	21.688	97.758	-2.7546	16.846	NaN	NaN	NaN	121.11	-70.858	61.267	43.412	-117.87	53.512	56.209	-142.82	20.358
288.73	1.505	21.697	92.37	-2.5802	15.891	NaN	NaN	NaN	116.62	-70.036	60.442	39.451	-118.31	53.078	52.432	-143.1	19.876
288.73	1.5025	21.694	86.99	-2.4972	14.805	NaN	NaN	NaN	112.11	-69.216	59.61	35.518	-118.73	52.625	48.653	-143.43	19.429
288.74	1.5076	21.688	81.696	-2.2951	13.778	107.15	1.0475	3.6423	107.64	-68.439	58.775	31.594	-119.16	52.151	44.883	-143.69	18.943
288.74	1.5075	21.69	76.029	-2.1046	12.734	100.74	1.5089	2.437	103.16	-67.705	57.884	27.737	-119.57	51.666	41.235	-144.02	18.408
288.72	1.5087	21.695	70.29	-1.8581	11.546	NaN	NaN	NaN	98.717	-67	57.065	23.92	-119.95	51.187	37.582	-144.3	17.79
288.73	1.5122	21.685	64.775	-1.6567	10.552	NaN	NaN	NaN	94.244	-66.301	56.142	20.138	-120.34	50.702	34.01	-144.59	17.386
288.73	1.5135	21.688	59.44	-1.5016	9.4955	NaN	NaN	NaN	89.916	-65.584	55.359	16.4	-120.68	50.154	30.493	-144.91	16.811
288.73	1.5146	21.689	54.241	-1.457	8.5402	NaN	NaN	NaN	85.581	-64.877	54.529	12.753	-120.99	49.663	27.059	-145.18	16.332
288.73	1.5264	21.683	49.106	-1.3494	7.5109	NaN	NaN	NaN	81.322	-64.228	53.692	9.127	-121.31	49.16	23.743	-145.47	15.912
288.72	1.5202	21.688	44.105	-1.2584	6.4672	NaN	NaN	NaN	77.202	-63.549	53.01	5.5981	-121.56	48.6	20.445	-145.73	15.418
288.73	1.5233	21.692	39.235	-1.2004	5.4706	NaN	NaN	NaN	73.119	-62.941	52.236	2.2026	-121.85	48.098	17.312	-146.02	14.953
288.73	1.5309	21.688	34.513	-1.1886	4.499	NaN	NaN	NaN	69.141	-62.312	51.56	-1.1052	-122.1	47.573	14.302	-146.27	14.544
288.73	1.5303	21.688	29.548	-1.5324	2.7598	NaN	NaN	NaN	65.3	-61.728	50.996	-4.2801	-122.36	47.063	11.362	-146.47	14.045
288.74	1.5334	21.693	25.228	-1.5836	2.0404	NaN	NaN	NaN	61.937	-60.847	50.919	-7.3996	-122.6	46.546	8.5636	-146.67	13.648
288.73	1.5281	21.684	20.69	-1.8358	0.7436	NaN	NaN	NaN	58.337	-60.345	50.384	-10.406	-122.79	46.066	5.8406	-146.88	13.24
288.73	1.5281	21.684	16.972	-0.88784	2.0028	NaN	NaN	NaN	54.86	-59.918	49.956	-13.309	-122.95	45.587	3.2327	-147.08	12.832
288.73	1.5259	21.683	13.299	-0.92213	1.2584	NaN	NaN	NaN	51.575	-59.485	49.567	-16.104	-123.12	45.114	0.75664	-147.26	12.434
288.73	1.5258	21.681	10.011	-0.88672	0.56593	34.63	4.6445	-12.535	48.416	-59.098	49.241	-18.777	-123.27	44.64	-1.625	-147.36	12.147
288.73	1.5212	21.684	7.3344	-0.79037	0.056132	31.272	4.7437	-12.119	44.993	-59.079	48.528	-21.315	-123.39	44.199	-3.9126	-147.48	11.697
288.72	1.5194	21.687	4.9097	-1.0426	-1.2423	28.335	4.6532	-12.667	42.103	-58.727	48.39	-23.773	-123.5	43.761	-5.9767	-147.62	11.403
288.73	1.5114	21.684	1.5334	-1.3993	-2.3048	25.633	4.6692	-13.015	39.32	-58.44	48.286	-26.148	-123.56	43.389	-7.9767	-147.7	11.127
288.73	1.5172	21.692	-1.0753	-1.4564	-2.8485	23.194	4.6917	-13.29	36.654	-58.151	48.366	-28.423	-123.6	42.99	-9.793	-147.83	10.878
288.73	1.5165	21.692	-3.4221	-1.5312	-3.1654	20.927	4.6152	-13.483	34.131	-57.891	48.442	-30.549	-123.62	42.663	-11.48	-147.94	10.807
288.73	1.5114	21.684	-5.5647	-1.5673	-3.51	18.919	4.6327	-13.622	31.737	-57.629	48.641	-32.571	-123.64	42.353	-13.056	-148.04	10.743
288.72	1.5097	21.695	-7.5642	-1.571	-3.9619	16.958	4.638	-13.792	29.503	-57.366	48.828	-34.407	-123.66	42.092	-14.49	-148.12	10.664
288.73	1.5111	21.685	-9.4404	-1.62	-4.3906	15.248	4.6159	-13.88	27.36	-57.16	48.99	-36.126	-123.67	41.793	-15.807	-148.21	10.591
288.72	1.5177	21.682	-11.155	-1.7155	-4.6897	13.648	4.6313	-13.881	25.448	-56.902	49.222	-37.73	-123.69	41.545	-17.027	-148.3	10.549
288.72	1.5088	21.694	-12.784	-1.824	-4.9921	12.216	4.6679	-13.861	23.626	-56.714	49.4	-39.169	-123.71	41.299	-18.094	-148.31	10.564
288.72	1.5188	21.699	-14.468	-2.0361	-5.6399	10.839	4.6705	-13.894	21.99	-56.519	49.535	-40.501	-123.72	41.08	-19.118	-148.36	10.442
288.73	1.523	21.692	-15.766	-1.9982	-5.8233	9.628	4.6956	-13.841	20.475	-56.331	49.685	-41.681	-123.71	40.82	-20	-148.36	10.504
288.72	1.5174	21.682	-16.959	-2.0343	-5.8763	8.4169	4.7898	-13.933	19.148	-56.143	49.775	-42.76	-123.71	40.572	-20.844	-148.4	10.434
288.73	1.5238	21.69	-18.104	-1.9445	-6.1083	7.3702	4.8587	-13.846	17.948	-56.059	49.819	-43.707	-123.73	40.368	-21.626	-148.4	10.225
288.73	1.5281	21.684	-19.173	-1.9715	-6.0658	6.3287	4.9187	-13.753	16.9	-55.925	49.832	-44.502	-123.74	40.115	-22.409	-148.4	10.041
288.72	1.5354	21.686	-20.146	-1.8421	-6.1799	5.321	5.0876	-13.748	16.018	-55.865	49.829	-45.186	-123.78	39.9	-23.042	-148.36	9.8442
288.73	1.5281	21.684	-21.066	-1.814	-6.0507	4.3995	5.1873	-13.637	15.254	-55.852	49.726	-45.744	-123.82	39.7	-23.612	-148.31	9.5701
288.73	1.5253	21.681	-21.633	-1.3949	-5.6441	3.5421	5.3829	-13.517	14.587	-55.855	49.583	-46.254	-123.85	39.463	-24.119	-148.26	9.2624
288.73	1.5281	21.684	-22.363	-1.3003	-5.3748	2.7823	5.5526	-13.329	14.072	-55.928	49.395	-46.679	-123.91	39.199	-24.663	-148.23	8.844
288.73	1.5261	21.683	-23.058	-1.1608	-5.3075	2.0095	5.7037	-13.323	13.663	-55.966	49.228	-47.054	-123.95	38.9	-25.134	-148.15	8.3982
288.73	1.5355	21.685	-23.682	-0.96495	-5.3261	1.4474	5.7775	-13.184	13.286	-56.033	48.966	-47.375	-123.99	38.631	-25.51	-148.1	8.0516
288.72	1.5332	21.682	-24.189	-0.94876	-5.096	0.85645	5.9136	-13.242	12.99	-56.083	48.725	-47.672	-124.01	38.313	-25.932	-148.03	7.5188
288.72	1.5339	21.683	-24.698	-0.83021	-5.2644	0.44319	5.9621	-13.348	12.689	-56.132	48.402	-47.935	-124.01	37.936	-26.25	-147.92	7.0446
288.72	1.5216	21.688	-25.048	-0.76174	-5.3966	0.057308	6.039	-13.442	12.387	-56.2	48.055	-48.235	-124	37.526	-26.624	-147.9	6.6225
288.72	1.5233	21.677	-25.36	-0.69084	-5.6013	-0.24397	6.0868	-13.687	12.109	-56.226	47.696	-48.478	-123.95	37.121	-26.877	-147.84	6.1003
288.72	1.5181	21.682	-25.619	-0.57593	-6.029	-0.48131	6.0752	-13.963	11.796	-56.213	47.319	-48.759	-123.91	36.651	-27.197	-147.78	5.5673
288.72	1.5189	21.684	-25.909	-0.5553	-6.5693	-0.65711	6.0374	-14.336	11.516	-56.164	46.927	-48.998	-123.83	36.157	-27.471	-147.74	5.15
288.71	1.5155	21.68	-26.069	-0.56425	-7.0508	-0.83458	6.0161	-14.922	11.21	-56.116	46.472	-49.261	-123.76	35.683	-27.636	-147.67	4.6128
288.71	1.5257	21.684	-26.236	-0.53896	-7.8092	-0.9132	5.9493	-15.406	10.942	-56.07	45.965	-49.52	-123.65	35.099	-27.894	-147.65	4.1546
288.71	1.5263	21.685	-26.327	-0.48834	-8.642	-0.94446	5.9421	-16.077	10.681	-55.98	45.485	-49.749	-123.52	34.575	-28.057	-147.62	3.6554
288.71	1.5254	21.684	-26.364	-0.54347	-9.3837	-0.92495	5.7854	-16.702	10.442	-55.876	44.951	-50.02	-123.4	33.941	-28.281	-147.59	3.1283
288.71	1.5263	21.685	-26.358	-0.58884	-10.153	-0.89581	5.6654	-17.509	10.198	-55.746	44.386	-50.231	-123.26	33.398	-28.466	-147.56	2.6477
288.71	1.5357	21.687	-26.408	-0.69624	-11.22	-0.82941	5.5792	-18.316	9.9664	-55.685	43.76	-50.487	-123.14	32.783	-28.595	-147.47	2.1593
288.71	1.5349	21.674	-26.429	-0.65547	-11.876	-0.84925	5.7031	-18.565	9.7707	-55.564	43.229	-50.695	-122.98	32.146	-28.783	-147.5	1.7066
288.71	1.535	21.674	-26.556	-0.54183	-12.086	-0.98338	5.9502	-18.556	9.6059	-55.588	42.724	-50.936	-122.85	31.551	-28.892	-147.43	1.1411
288.71	1.5282	21.672	-26.493	-0.38429	-12.076	-0.90066	6.0127	-18.726	9.5114	-55.736	42.356	-51.171	-122.7	30.908	-29.026	-147.39	0.75533
288.71	1.5384	21.679	-26.398	-0.282	-12.052	-0.76753	5.9689	-18.833	9.4277	-55.913	42.162	-51.366	-122.63	30.352	-29.065	-147.38	0.13852
288.73	1.5359	21.672	-26.335	-0.11061	-12.293	-0.66152	5.9616	-18.788	9.3317	-56.073	42.114	-51.516	-122.6	29.926	-29.156	-147.39	-0.22822
288.72	1.544	21.675	-26.244	-0.1177	-12.14	-0.57594	5.9479	-18.759	9.1837	-56.188	42.131	-51.663	-122.61	29.652	-29.205	-147.43	-0.55054
288.73	1.5384	21.674	-26.18	-0.12123	-12.132	-0.47948	5.9636	-18.694	9.0158	-56.236	42.216	-51.775	-122.62	29.502	-29.234	-147.44	-0.65794
288.72	1.5357	21.672	-26.23	-0.15175	-12.2	-0.47905	5.8633	-18.638	8.833	-56.197	42.297	-51.899	-122.57	29.419	-29.296	-147.44	-0.59144
288.73	1.5407	21.677	-26.286	-0.15809	-12.253	-0.49417	5.8811	-18.558	8.6112	-56.116	42.407	-52.007	-122.52	29.38	-29.341	-147.41	-0.46142
288.73	1.5379	21.676	-26.345	-0.092306	-12.378	-0.53828	5.8876	-18.535	8.4186	-56.029	42.549	-52.099	-122.46	29.362	-29.363	-147.38	-0.35231
288.73	1.5384	21.673	-26.451	-0.1153	-12.464	-0.57893	5.9191	-18.466	8.2574	-55.969	42.635	-52.152	-122.44	29.348	-29.376	-147.38	-0.29435
288.73	1.5407	21.677	-26.534	-0.11381	-12.538	-0.62169	5.9531	-18.427	8.1404	-55.904	42.706	-52.193	-122.43	29.333	-29.423	-147.38	-0.28417
288.72	1.5362	21.669	-26.594	-0.11029	-12.565	-0.67782	6.0222	-18.391	8.0239	-55.838	42.723	-52.256	-122.4	29.292	-29.471	-147.37	-0.28949
288.73	1.5403	21.677	-26.63	-0.085854	-12.606	-0.72474	6.075	-18.374	7.9232	-55.787	42.679	-52.327	-122.34	29.228	-29.524	-147.34	-0.3025
288.72	1.5364	21.673	-26.649	-0.06389	-12.625	-0.75796	6.1363	-18.352	7.874	-55.747	42.645	-52.388	-122.29	29.12	-29.55	-147.33	-0.32658
288.72	1.5352	21.685	-26.678	-0.050555	-12.652	-0.78386	6.1787	-18.345	7.8395	-55.725	42.581	-52.428	-122.25	29.01	-29.589	-147.29	-0.40596
288.72	1.5332	21.667	-26.69	-0.041471	-12.655	-0.82757	6.2214	-18.362	7.8214	-55.713	42.506	-52.449	-122.26	28.936	-29.586	-147.3	-0.47848
288.72	1.5328	21.681	-26.699	-0.031265	-12.667	-0.85389	6.2502	-18.373	7.8235	-55.716	42.434	-52.452	-122.26	28.872	-29.587	-147.31	-0.54413
288.71	1.5383	21.678	-26.706	-0.034386	-12.672	-0.87742	6.265	-18.381	7.8471	-55.721	42.372	-52.416	-122.28	28.793	-29.574	-147.35	-0.65787
288.72	1.5405	21.682	-26.704	-0.045193	-12.677	-0.88651	6.2737	-18.382	7.8614	-55.733	42.317	-52.38	-122.3	28.754	-29.56	-147.39	-0.73656
288.71	1.5381	21.675	-26.718	-0.06727	-12.696	-0.88727	6.2862	-18.374	7.8875	-55.766	42.256	-52.347	-122.33	28.695	-29.522	-147.42	-0.80009
288.71	1.5401	21.665	-26.711	-0.090492	-12.686	-0.90443	6.2882	-18.383	7.9374	-55.793	42.21	-52.292	-122.37	28.653	-29.474	-147.46	-0.8527
288.71	1.5472	21.666	-26.692	-0.095937	-12.657	-0.90045	6.2918	-18.378	7.9988	-55.817	42.189	-52.221	-122.42	28.595	-29.427	-147.49	-0.91388
288.71	1.5506	21.672	-26.679	-0.11247	-12.651	-0.91237	6.285	-18.39	8.0717	-55.855	42.123	-52.122	-122.46	28.569	-29.382	-147.54	-1.0028
288.72	1.5472	21.676	-26.663	-0.13086	-12.648	-0.90792	6.2888	-18.384	8.152	-55.868	42.103	-52.029	-122.5	28.551	-29.311	-147.56	-1.0363
288.71	1.5499	21.67	-26.646	-0.15043	-12.648	-0.89903	6.292	-18.378	8.2237	-55.897	42.053	-51.957	-122.54	28.547	-29.263	-147.58	-1.0936
288.71	1.5497	21.671	-26.625	-0.16254	-12.622	-0.90383	6.2807	-18.404	8.295	-55.925	41.99	-51.869	-122.58	28.513	-29.222	-147.63	-1.1329
288.72	1.5442	21.672	-26.604	-0.17797	-12.63	-0.88826	6.2905	-18.389	8.3751	-55.957	41.917	-51.78	-122.63	28.49	-29.17	-147.67	-1.1843
288.72	1.5444	21.673	-26.55	-0.17813	-12.587	-0.87651	6.2879	-18.411	8.4636	-55.974	41.884	-51.7	-122.67	28.465	-29.124	-147.71	-1.2423
288.73	1.5367	21.673	-26.525	-0.17897	-12.567	-0.86419	6.2815	-18.411	8.5375	-56.001	41.838	-51.627	-122.69	28.46	-29.09	-147.76	-1.2915
288.72	1.5333	21.668	-26.495	-0.18292	-12.548	-0.85644	6.2863	-18.418	8.6135	-56.023	41.794	-51.574	-122.73	28.426	-29.049	-147.79	-1.3312
288.73	1.5404	21.666	-26.473	-0.19866	-12.527	-0.84833	6.282	-18.431	8.676	-56.041	41.722	-51.507	-122.74	28.382	-29.02	-147.83	-1.3672
288.73	1.5428	21.682	-26.46	-0.20483	-12.524	-0.83608	6.2763	-18.427	8.7277	-56.064	41.667	-51.45	-122.75	28.378	-29.006	-147.85	-1.4081
288.73	1.5412	21.668	-26.44	-0.19397	-12.525	-0.83579	6.2771	-18.445	8.7907	-56.073	41.653	-51.388	-122.76	28.373	-28.983	-147.86	-1.4358
288.74	1.5348	21.665	-26.427	-0.1969	-12.518	-0.82091	6.2885	-18.443	8.8245	-56.074	41.625	-51.353	-122.76	28.348	-28.968	-147.87	-1.4711
288.74	1.5345	21.667	-26.432	-0.2003	-12.52	-0.82077	6.29	-18.457	8.8649	-56.082	41.612	-51.322	-122.76	28.336	-28.973	-147.87	-1.5312
288.74	1.5392	21.674	-26.432	-0.1992	-12.521	-0.82052	6.2949	-18.469	8.8761	-56.074	41.608	-51.307	-122.76	28.313	-28.966	-147.87	-1.5344
288.74	1.5347	21.678	-26.444	-0.19127	-12.537	-0.82914	6.3442	-18.516	8.8888	-56.062	41.605	-51.31	-122.75	28.304	-28.978	-147.86	-1.5457
288.73	1.544	21.67	-26.423	-0.17578	-12.536	-0.83425	6.3532	-18.513	8.8807	-56.052	41.593	-51.313	-122.73	28.279	-28.981	-147.85	-1.5623
288.73	1.5437	21.67	-26.447	-0.16429	-12.541	-0.8385	6.3543	-18.531	8.8746	-56.03	41.588	-51.327	-122.72	28.262	-28.996	-147.85	-1.5672
288.73	1.5434	21.669	-26.45	-0.15308	-12.537	-0.84286	6.3541	-18.535	8.8566	-56.013	41.585	-51.349	-122.7	28.244	-28.995	-147.84	-1.5775
288.73	1.5525	21.672	-26.492	-0.16102	-12.569	-0.84759	6.363	-18.533	8.8252	-55.994	41.58	-51.381	-122.69	28.218	-29.01	-147.83	-1.5782
