138.05	-1.2452	20.307	-28.706	1.1029	-13.387	-2.3362	3.516	-18.311	4.6077	-57.335	41.601	-59.754	-120.36	28.067	-39.337	-146.08	-2.4462
138.04	-1.245	20.303	-28.719	1.1082	-13.389	-2.3412	3.5142	-18.301	4.6052	-57.335	41.585	-59.752	-120.35	28.057	-39.33	-146.1	-2.4536
138.04	-1.2448	20.292	-28.718	1.1089	-13.388	-2.3464	3.5244	-18.312	4.6007	-57.326	41.591	-59.741	-120.35	28.065	-39.313	-146.13	-2.458
138.05	-1.2454	20.305	-28.717	1.1098	-13.387	-2.3399	3.5269	-18.294	4.6095	-57.332	41.59	-59.735	-120.36	28.062	-39.336	-146.09	-2.4651
138.04	-1.2471	20.302	-28.718	1.1089	-13.388	-2.3462	3.5229	-18.299	4.6141	-57.327	41.596	-59.743	-120.36	28.054	-39.32	-146.09	-2.4579
138.05	-1.2449	20.304	-28.721	1.1072	-13.39	-2.3464	3.5244	-18.312	4.6095	-57.332	41.59	-59.742	-120.36	28.055	-39.311	-146.11	-2.4645
138.05	-1.2431	20.307	-28.713	1.0998	-13.391	-2.3451	3.523	-18.299	4.6099	-57.331	41.591	-59.726	-120.38	28.056	-39.297	-146.13	-2.4651
138.04	-1.2448	20.305	-28.716	1.1082	-13.387	-2.3484	3.5216	-18.315	4.6137	-57.34	41.574	-59.728	-120.38	28.053	-39.293	-146.14	-2.4691
138.04	-1.2493	20.299	-28.722	1.1065	-13.392	-2.3492	3.5201	-18.301	4.6214	-57.337	41.594	-59.733	-120.37	28.055	-39.295	-146.13	-2.4628
138.04	-1.2486	20.303	-28.726	1.1004	-13.383	-2.3482	3.5201	-18.302	4.6103	-57.343	41.57	-59.728	-120.38	28.053	-39.302	-146.12	-2.4633
138.04	-1.2467	20.302	-28.721	1.0933	-13.399	-2.3482	3.5059	-18.297	4.6173	-57.327	41.583	-59.724	-120.38	28.043	-39.301	-146.12	-2.4765
138.04	-1.2519	20.297	-28.734	1.0991	-13.402	-2.3489	3.5185	-18.288	4.6145	-57.34	41.574	-59.721	-120.38	28.058	-39.185	-146.31	-2.4655
138.04	-1.2496	20.3	-28.732	1.0986	-13.388	-2.3489	3.5185	-18.288	4.6103	-57.343	41.57	-59.719	-120.39	28.056	-39.286	-146.15	-2.4726
138.04	-1.2478	20.303	-28.728	1.1019	-13.383	-2.347	3.507	-18.293	4.6069	-57.347	41.567	-59.724	-120.39	28.037	-39.284	-146.15	-2.4812
138.04	-1.2499	20.3	-28.74	1.0922	-13.395	-2.3572	3.5117	-18.296	4.6123	-57.342	41.57	-59.73	-120.4	28.042	-39.279	-146.17	-2.4895
138.04	-1.2525	20.31	-28.736	1.0961	-13.391	-2.348	3.5069	-18.292	4.6064	-57.348	41.58	-59.728	-120.4	28.045	-39.169	-146.32	-2.4728
138.04	-1.2484	20.301	-28.745	1.0913	-13.398	-2.35	3.5041	-18.295	4.5944	-57.342	41.577	-59.729	-120.4	28.031	-39.278	-146.16	-2.4834
138.04	-1.2472	20.302	-28.751	1.0857	-13.405	-2.348	3.5069	-18.292	4.5918	-57.357	41.568	-59.731	-120.4	28.042	-39.274	-146.15	-2.4936
138.04	-1.2516	20.296	-28.748	1.0873	-13.388	-2.36	3.511	-18.283	4.5881	-57.348	41.571	-59.734	-120.4	28.016	-39.276	-146.17	-2.4897
138.04	-1.2523	20.294	-28.744	1.0789	-13.404	-2.3547	3.5113	-18.279	4.5894	-57.346	41.573	-59.732	-120.4	28.027	-39.27	-146.16	-2.4967
138.05	-1.2453	20.305	-28.748	1.086	-13.389	-2.3597	3.5095	-18.27	4.581	-57.353	41.577	-59.734	-120.4	28.024	-39.27	-146.17	-2.4975
138.04	-1.2497	20.3	-28.753	1.084	-13.407	-2.3557	3.5112	-18.279	4.5807	-57.35	41.565	-59.728	-120.41	28.012	-39.264	-146.17	-2.4979
138.05	-1.2454	20.306	-28.747	1.075	-13.394	-2.3537	3.514	-18.276	4.5778	-57.341	41.57	-59.724	-120.4	28.015	-39.159	-146.32	-2.4825
138.05	-1.2439	20.306	-28.754	1.084	-13.407	-2.3544	3.5135	-18.264	4.5807	-57.35	41.565	-59.722	-120.42	28.02	-39.159	-146.32	-2.4983
138.04	-1.2496	20.297	-28.755	1.0848	-13.394	-2.3557	3.5112	-18.279	4.5797	-57.35	41.564	-59.714	-120.41	28.016	-39.15	-146.33	-2.4977
138.05	-1.2432	20.308	-28.754	1.0843	-13.393	-2.3607	3.5094	-18.269	4.5883	-57.345	41.586	-59.717	-120.41	28.012	-39.151	-146.33	-2.51
138.05	-1.2429	20.308	-28.753	1.0848	-13.406	-2.3597	3.5237	-18.275	4.5786	-57.34	41.57	-59.706	-120.42	28.003	-39.138	-146.33	-2.5053
138.05	-1.2438	20.306	-28.754	1.0818	-13.395	-2.3557	3.5149	-18.277	4.5875	-57.345	41.572	-59.708	-120.42	27.998	-39.141	-146.32	-2.5052
138.05	-1.2429	20.308	-28.751	1.0843	-13.391	-2.3669	3.5207	-18.282	4.5794	-57.353	41.564	-59.694	-120.43	28.004	-39.136	-146.33	-2.5082
138.04	-1.246	20.303	-28.759	1.0809	-13.398	-2.3517	3.5141	-18.277	4.5844	-57.348	41.568	-59.688	-120.42	27.995	-39.126	-146.34	-2.5175
138.05	-1.2429	20.308	-28.753	1.0848	-13.406	-2.361	3.511	-18.283	4.5828	-57.348	41.554	-59.696	-120.43	27.989	-39.131	-146.33	-2.5161
138.05	-1.2446	20.308	-28.747	1.075	-13.394	-2.3524	3.5125	-18.263	4.5849	-57.347	41.555	-59.687	-120.43	27.99	-39.126	-146.33	-2.516
138.04	-1.2486	20.303	-28.754	1.0826	-13.393	-2.3613	3.5125	-18.296	4.5816	-57.349	41.553	-59.673	-120.42	27.978	-39.127	-146.34	-2.5181
138.05	-1.2431	20.308	-28.75	1.0851	-13.39	-2.3537	3.514	-18.276	4.5841	-57.347	41.555	-59.694	-120.42	27.965	-39.13	-146.34	-2.5086
138.05	-1.2429	20.308	-28.765	1.0788	-13.416	-2.36	3.511	-18.283	4.5828	-57.361	41.546	-59.684	-120.43	27.979	-39.122	-146.34	-2.516
138.05	-1.2429	20.308	-28.746	1.0876	-13.386	-2.3555	3.5134	-18.264	4.5728	-57.355	41.557	-59.689	-120.43	27.963	-39.119	-146.34	-2.5304
138.04	-1.2463	20.304	-28.759	1.0809	-13.398	-2.36	3.511	-18.283	4.5758	-57.352	41.561	-59.688	-120.43	27.964	-39.128	-146.34	-2.5182
138.04	-1.2462	20.305	-28.768	1.0736	-13.407	-2.3485	3.518	-18.27	4.5562	-57.354	41.55	-59.691	-120.43	27.963	-39.135	-146.34	-2.5266
138.04	-1.2459	20.303	-28.763	1.0777	-13.4	-2.3627	3.5066	-18.272	4.5501	-57.357	41.545	-59.707	-120.44	27.991	-39.138	-146.35	-2.515
138.04	-1.2518	20.296	-28.754	1.0798	-13.38	-2.3635	3.5193	-18.264	4.5342	-57.356	41.549	-59.702	-120.44	27.966	-39.137	-146.35	-2.5152
138.04	-1.2476	20.301	-28.759	1.0663	-13.391	-2.3687	3.5153	-18.269	4.5321	-57.357	41.549	-59.701	-120.44	27.956	-39.136	-146.35	-2.5271
138.04	-1.2506	20.297	-28.765	1.0635	-13.411	-2.3635	3.5193	-18.264	4.5173	-57.365	41.55	-59.708	-120.45	27.961	-39.131	-146.34	-2.5216
138.04	-1.2504	20.299	-28.769	1.0708	-13.393	-2.3635	3.5193	-18.264	4.5122	-57.358	41.551	-59.709	-120.45	27.959	-39.137	-146.36	-2.5203
138.04	-1.2463	20.305	-28.767	1.0745	-13.406	-2.3645	3.5192	-18.263	4.5106	-57.357	41.537	-59.709	-120.45	27.959	-39.124	-146.37	-2.5185
138.03	-1.2433	20.3	-28.767	1.0599	-13.399	-2.3687	3.5153	-18.269	4.5157	-57.356	41.54	-59.7	-120.46	27.946	-39.116	-146.36	-2.5124
138.04	-1.2497	20.3	-28.76	1.0624	-13.393	-2.3632	3.5177	-18.25	4.5106	-57.357	41.537	-59.704	-120.46	27.93	-39.106	-146.37	-2.5237
138.04	-1.2384	20.307	-28.771	1.0692	-13.396	-2.3589	3.5217	-18.244	4.5118	-57.357	41.538	-59.695	-120.46	27.944	-39.105	-146.38	-2.5254
138.05	-1.2463	20.305	-28.773	1.0661	-13.384	-2.3685	3.5138	-18.256	4.5114	-57.357	41.537	-59.68	-120.47	27.936	-39.061	-146.37	-2.5113
138.04	-1.2448	20.305	-28.769	1.0577	-13.4	-2.3718	3.5162	-18.27	4.5148	-57.354	41.539	-59.68	-120.47	27.926	-39.056	-146.36	-2.5576
138.04	-1.2455	20.305	-28.77	1.0554	-13.388	-2.3635	3.5193	-18.264	4.5222	-57.349	41.534	-59.662	-120.47	27.944	-39.049	-146.37	-2.5607
138.04	-1.2472	20.304	-28.77	1.0568	-13.401	-2.3645	3.5192	-18.263	4.5252	-57.346	41.535	-59.654	-120.48	27.931	-39.047	-146.37	-2.5612
138.04	-1.2454	20.305	-28.771	1.0559	-13.402	-2.3632	3.5177	-18.25	4.5148	-57.352	41.528	-59.646	-120.47	27.937	-39.046	-146.37	-2.5605
138.04	-1.2486	20.302	-28.771	1.0567	-13.401	-2.3632	3.5215	-18.248	4.5112	-57.34	41.505	-59.651	-120.48	27.931	-39.037	-146.37	-2.568
138.05	-1.2429	20.308	-28.77	1.0568	-13.401	-2.3635	3.5193	-18.264	4.5208	-57.346	41.518	-59.648	-120.48	27.922	-39.036	-146.38	-2.5588
138.05	-1.244	20.306	-28.769	1.0576	-13.4	-2.3707	3.5162	-18.27	4.5208	-57.346	41.518	-59.634	-120.48	27.926	-39.032	-146.37	-2.5664
138.05	-1.2461	20.303	-28.775	1.052	-13.392	-2.3773	3.5124	-18.275	4.5141	-57.337	41.506	-59.634	-120.48	27.926	-39.023	-146.38	-2.5647
138.04	-1.2458	20.303	-28.769	1.0577	-13.4	-2.3582	3.5232	-18.258	4.5114	-57.337	41.505	-59.629	-120.48	27.926	-39.031	-146.39	-2.5736
138.04	-1.2486	20.302	-28.773	1.0543	-13.405	-2.3604	3.5221	-18.261	4.5252	-57.333	41.512	-59.627	-120.49	27.923	-39.014	-146.39	-2.5543
138.05	-1.2439	20.306	-28.767	1.0568	-13.399	-2.3684	3.5317	-18.259	4.5262	-57.341	41.498	-59.621	-120.49	27.93	-39.026	-146.4	-2.55
138.04	-1.248	20.301	-28.766	1.0549	-13.384	-2.3707	3.5162	-18.27	4.5286	-57.341	41.512	-59.617	-120.5	27.928	-39.01	-146.41	-2.5434
138.04	-1.247	20.301	-28.773	1.0367	-13.398	-2.3624	3.5231	-18.262	4.5342	-57.366	41.503	-59.615	-120.5	27.926	-38.996	-146.42	-2.5421
138.05	-1.2453	20.306	-28.776	1.0204	-13.394	-2.3624	3.5231	-18.262	4.5489	-57.402	41.516	-59.6	-120.52	27.939	-38.983	-146.43	-2.5233
138.04	-1.2478	20.303	-28.773	1.0045	-13.385	-2.368	3.5206	-18.281	4.5523	-57.469	41.499	-59.59	-120.53	27.942	-38.977	-146.49	-2.4263
138.04	-1.2478	20.303	-28.762	0.97882	-13.376	-2.3676	3.5407	-18.316	4.5641	-57.547	41.493	-59.575	-120.55	27.966	-38.94	-146.53	-2.4019
138.04	-1.2473	20.302	-28.739	0.94286	-13.35	-2.371	3.5875	-18.379	4.5902	-57.631	41.494	-59.568	-120.56	27.992	-38.898	-146.53	-2.3121
138.04	-1.2497	20.3	-28.686	0.90673	-13.29	-2.3744	3.6404	-18.432	4.6187	-57.731	41.514	-59.571	-120.61	28.067	-38.895	-146.56	-2.2653
138.04	-1.2478	20.303	-28.593	0.7692	-13.054	-2.3825	3.7825	-18.479	4.6629	-57.853	41.532	-59.58	-120.66	28.14	-38.892	-146.59	-2.2201
138.04	-1.253	20.309	-28.517	0.66452	-12.916	-2.4464	4.01	-18.543	4.7537	-58.05	41.578	-59.546	-120.73	28.249	-38.922	-146.62	-2.1911
138.04	-1.2508	20.298	-28.452	0.49042	-12.583	-2.5605	4.2969	-18.467	4.8819	-58.328	41.656	-59.486	-120.84	28.345	-38.963	-146.69	-2.172
138.05	-1.2566	20.314	-28.118	0.5338	-11.536	-2.5732	4.6843	-18.048	5.1001	-58.658	41.78	-59.369	-120.97	28.428	-38.997	-146.74	-2.1858
138.05	-1.2562	20.301	-27.823	0.5038	-10.393	-2.569	5.1078	-17.39	5.4147	-59.181	42.003	-59.191	-121.18	28.541	-39.005	-146.84	-2.2509
138.04	-1.2581	20.297	-27.477	0.3983	-9.1529	-2.3008	5.3274	-16.338	5.8693	-59.887	42.284	-58.964	-121.45	28.68	-38.999	-146.98	-2.3243
138.04	-1.2611	20.308	-26.889	0.29889	-7.6006	-1.8714	5.4071	-14.997	6.4871	-60.81	42.65	-58.645	-121.81	28.876	-38.894	-147.23	-2.4388
138.04	-1.2626	20.308	-26.146	0.013387	-5.8368	-1.1585	5.3422	-13.371	7.2124	-61.878	43.147	-58.232	-122.24	29.075	-38.857	-147.42	-2.5799
138.05	-1.258	20.314	-25.18	-0.2959	-4.2204	-0.26854	5.0234	-11.761	8.0852	-63.173	43.67	-57.716	-122.74	29.272	-38.634	-147.57	-2.6608
138.04	-1.2516	20.296	-23.977	-0.81708	-2.3336	1.0365	4.6154	-9.9733	9.1042	-64.636	44.313	-57.12	-123.28	29.476	-38.395	-147.96	-2.8833
138.05	-1.258	20.313	-22.476	-1.2764	-0.65807	2.5772	3.9958	-8.2533	10.205	-66.187	44.897	-56.468	-123.9	29.756	-38.279	-148.07	-3.0722
138.04	-1.2613	20.31	-20.68	-1.951	1.181	4.4423	3.311	-6.4855	11.509	-67.861	45.443	-55.756	-124.54	30.033	-37.816	-148.64	-3.1242
138.05	-1.2581	20.312	-18.716	-2.6839	2.8478	6.5176	2.4757	-4.9045	12.974	-69.586	45.934	-54.948	-125.22	30.309	-37.435	-149.09	-3.2727
138.04	-1.2613	20.31	-16.535	-3.4356	4.2897	9.0332	1.5372	-3.2791	14.478	-71.425	46.321	-54.058	-125.88	30.569	-37.195	-149.37	-3.365
138.04	-1.2613	20.31	-14.199	-4.3366	5.8092	11.922	0.50216	-1.8323	16.152	-73.286	46.736	-53.103	-126.57	30.828	-36.658	-149.77	-3.3879
138.05	-1.2682	20.31	-11.683	-5.3286	7.2927	15.319	-0.68949	-0.42804	17.897	-75.295	47.126	-52.127	-127.2	31.075	-36.131	-150.38	-3.41
138.05	-1.2703	20.308	-9.0925	-6.3377	8.3918	19.201	-2.0672	0.77945	19.624	-77.24	47.496	-51.2	-127.75	31.335	-35.42	-150.9	-3.1388
138.05	-1.2663	20.314	-6.4724	-7.3565	9.3759	23.962	-3.5264	1.9545	21.427	-79.221	47.942	-50.219	-128.21	31.545	-34.358	-151.74	-2.9229
138.05	-1.2684	20.31	-3.9328	-8.4647	10.131	29.105	-5.0835	3.091	23.164	-81.205	48.34	-49.038	-128.79	31.792	-33.473	-152.17	-2.7388
138.04	-1.2727	20.303	-1.3617	-9.5121	10.658	34.423	-6.8192	4.2652	25.083	-83.19	48.742	-47.636	-129.52	32.011	-32.286	-153	-2.8673
138.04	-1.2737	20.302	1.3386	-10.726	11.285	39.663	-8.7588	5.3802	27.121	-85.132	49.135	-46.021	-130.35	32.231	-30.796	-154.01	-2.5804
138.04	-1.2649	20.307	4.1838	-11.979	11.819	44.836	-10.796	6.4751	29.236	-87.136	49.421	-44.277	-131.08	32.433	-29.436	-154.9	-2.4646
138.04	-1.2618	20.309	7.1072	-13.263	12.319	49.994	-12.921	7.514	31.482	-89.147	49.615	-42.492	-131.75	32.638	-27.907	-155.72	-2.3681
138.04	-1.2744	20.303	10.183	-14.536	12.86	54.531	-15.47	7.9433	33.933	-91.143	49.707	-40.592	-132.44	32.965	-26.319	-156.44	-2.1995
138.04	-1.2626	20.308	13.314	-15.851	13.431	60.609	-17.2	9.7778	36.801	-92.795	50.169	-38.577	-133.18	33.276	-24.592	-157.18	-1.9026
138.05	-1.269	20.308	16.518	-17.095	13.931	65.576	-19.662	10.373	39.412	-94.762	50.185	-36.435	-133.95	33.571	-22.915	-157.95	-1.7429
138.05	-1.2689	20.324	19.74	-18.38	14.481	69.856	-22.452	10.319	42.138	-96.635	49.992	-34.204	-134.69	33.973	-21.249	-158.59	-1.6029
138.05	-1.268	20.31	22.955	-19.615	14.923	74.563	-24.888	10.613	44.929	-98.487	49.758	-31.905	-135.35	34.3	-19.52	-159.06	-1.3347
138.05	-1.2679	20.311	26.239	-20.814	15.32	79.058	-27.459	10.683	47.774	-100.25	49.523	-29.582	-135.99	34.749	-17.714	-159.66	-1.0326
138.05	-1.2661	20.314	29.571	-21.981	15.629	83.437	-29.887	10.743	50.671	-101.95	49.262	-27.179	-136.6	35.085	-15.815	-160.28	-0.84899
138.06	-1.2628	20.318	32.962	-23.084	15.82	87.699	-32.219	10.7	53.541	-103.54	48.934	-24.731	-137.22	35.484	-13.783	-160.76	-0.46547
138.06	-1.2718	20.316	36.353	-24.221	15.935	92.393	-34.23	11.059	56.436	-105.03	48.627	-22.233	-137.77	35.828	-11.825	-161.3	-0.33732
138.06	-1.2719	20.315	39.793	-25.234	15.982	95.917	-36.663	10.381	59.309	-106.4	48.308	-19.668	-138.26	36.1	-9.7811	-161.77	-0.065471
138.07	-1.2695	20.317	43.131	-26.189	15.772	99.817	-38.717	10.056	62.161	-107.62	47.882	-17.105	-138.65	36.393	-7.2769	-162.47	0.12312
138.06	-1.2736	20.313	46.368	-27.043	15.454	104.29	-40.322	10.238	64.966	-108.67	47.532	-14.557	-138.98	36.624	-5.0574	-162.83	0.43667
138.06	-1.2659	20.314	49.45	-27.734	15.173	107.54	-42.268	9.3382	67.716	-109.53	47.194	-11.993	-139.2	36.87	-2.9348	-162.9	0.61901
138.05	-1.268	20.31	52.278	-28.308	14.875	111.28	-43.772	8.879	70.485	-110.25	46.916	-9.4212	-139.38	37.095	-0.6441	-163.23	0.83954
138.05	-1.2672	20.312	54.919	-28.674	14.432	114.95	-44.987	8.3788	73.129	-110.67	46.555	-6.838	-139.49	37.315	1.7639	-163.52	1.2715
138.05	-1.2679	20.31	57.329	-28.955	14.021	118.63	-45.91	8.0104	75.76	-110.97	46.277	-4.2665	-139.55	37.526	4.061	-163.55	1.6302
138.04	-1.2639	20.32	59.53	-29.023	13.525	122.15	-46.536	7.574	78.355	-110.94	46.086	-1.7168	-139.53	37.697	6.5097	-163.68	1.9686
138.04	-1.2652	20.318	61.549	-28.957	13.131	126.1	-46.559	7.7071	80.915	-110.77	45.865	0.81059	-139.46	37.919	8.9058	-163.78	2.3033
138.04	-1.2668	20.317	63.376	-28.763	12.701	128.7	-46.937	6.6566	83.426	-110.43	45.642	3.3011	-139.34	38.14	11.314	-163.83	2.7295
138.04	-1.2777	20.312	65.119	-28.516	12.342	131.85	-46.704	6.2741	85.969	-109.97	45.498	5.7816	-139.15	38.37	13.656	-163.86	3.1014
138.04	-1.2764	20.314	66.773	-28.154	12.004	134.73	-46.319	5.7747	88.402	-109.33	45.357	8.2144	-138.92	38.564	15.936	-163.79	3.4484
138.04	-1.274	20.315	68.352	-27.694	11.686	137.47	-45.756	5.344	90.784	-108.65	45.204	10.597	-138.64	38.816	18.444	-163.91	3.8788
138.04	-1.2706	20.312	69.875	-27.147	11.45	140.05	-45.074	4.8976	93.116	-107.8	45.077	12.918	-138.27	39.055	20.491	-163.36	4.2146
138.05	-1.2691	20.308	71.353	-26.543	11.16	143.11	-44.064	5.0429	95.376	-106.88	44.979	15.184	-137.85	39.324	22.856	-163.35	4.5797
138.05	-1.278	20.306	72.777	-25.858	10.925	145.06	-43.362	4.305	97.55	-105.92	44.905	17.852	-137.02	39.813	25.322	-162.61	5.2105
138.06	-1.2631	20.304	74.213	-25.143	10.769	147.9	-42.21	4.5425	99.648	-104.88	44.891	20.001	-136.45	40.061	27.205	-161.91	5.4459
138.06	-1.2611	20.305	75.587	-24.302	10.455	149.67	-41.42	3.9452	101.66	-103.79	44.862	22.071	-135.8	40.257	29.229	-161.34	5.7125
138.07	-1.2569	20.313	76.896	-23.535	10.324	151.76	-40.391	3.7717	103.59	-102.67	44.859	24.057	-135.07	40.402	31.375	-160.91	6.0344
138.07	-1.2658	20.31	78.19	-22.662	10.032	153.69	-39.251	3.604	105.43	-101.49	44.902	25.961	-134.29	40.605	33.254	-160.18	6.3114
138.07	-1.2649	20.311	79.448	-21.749	9.7949	155.81	-37.885	3.7638	107.2	-100.27	44.941	27.773	-133.45	40.812	35.035	-159.33	6.5185
138.07	-1.2643	20.31	80.626	-20.797	9.4123	157.03	-36.69	3.2168	108.89	-98.946	45.044	29.476	-132.54	40.952	37.073	-158.85	6.9485
138.07	-1.2632	20.312	81.733	-19.799	9.0793	158.74	-35.182	3.3201	110.48	-97.621	45.202	31.11	-131.6	41.089	38.537	-157.76	7.1081
138.07	-1.2654	20.308	82.828	-18.737	8.6468	159.57	-33.791	2.6859	112.03	-96.228	45.301	32.664	-130.63	41.223	40.401	-157.15	7.5089
138.06	-1.2634	20.304	83.868	-17.787	8.2871	161	-32.156	2.8161	113.49	-94.85	45.408	34.164	-129.61	41.385	41.993	-156.23	7.7408
138.06	-1.2638	20.315	84.871	-16.727	7.9473	161.96	-30.585	2.5746	114.89	-93.391	45.612	35.151	-128.87	41.132	43.11	-155.59	7.6361
138.04	-1.2637	20.306	85.938	-15.76	7.6589	162.47	-29.143	1.9711	116.29	-91.937	45.753	36.578	-127.84	41.23	44.711	-154.75	7.8026
138.04	-1.2637	20.308	87.001	-14.742	7.2024	163.64	-27.438	2.1078	117.61	-90.573	45.944	37.95	-126.81	41.319	46.311	-153.94	8.0755
138.03	-1.267	20.314	88.063	-13.718	6.7336	164.41	-25.87	1.8925	118.9	-89.168	46.077	39.287	-125.79	41.378	47.714	-152.77	8.2239
138.03	-1.2693	20.312	89.14	-12.664	6.4141	164.84	-24.415	1.3782	120.17	-87.821	46.215	40.639	-124.75	41.448	49.262	-152.02	8.5223
138.01	-1.2708	20.313	90.246	-11.767	6.1254	165.85	-22.808	1.4575	121.5	-86.488	46.363	41.963	-123.76	41.507	50.76	-151.21	8.6787
138.02	-1.2689	20.306	91.38	-10.749	5.6985	166.52	-21.322	1.2072	122.76	-85.199	46.456	43.286	-122.76	41.612	52.096	-150.18	8.8346
138.02	-1.2672	20.305	92.515	-9.7497	5.405	166.84	-19.986	0.60735	124.03	-83.933	46.523	44.583	-121.81	41.66	53.46	-149.22	8.9389
138.02	-1.2672	20.318	93.691	-8.8929	5.1896	167.47	-18.609	0.29829	125.27	-82.762	46.591	45.896	-120.85	41.719	54.758	-148.17	9.0511
138.02	-1.2626	20.312	94.925	-7.9552	4.8123	168.39	-17.144	0.31252	126.54	-81.614	46.589	47.174	-119.91	41.768	56.267	-147.53	9.1533
138.02	-1.2666	20.318	96.153	-7.0859	4.6132	168.93	-15.889	-0.11017	127.81	-80.527	46.603	48.423	-119.02	41.811	57.495	-146.6	9.2752
138.03	-1.2593	20.315	97.408	-6.2646	4.3391	169.43	-14.729	-0.56728	129.05	-79.474	46.593	49.61	-118.13	41.814	58.703	-145.73	9.3007
138.03	-1.2674	20.313	98.745	-5.3867	3.9955	169.91	-13.63	-0.97217	130.25	-78.495	46.593	50.788	-117.25	41.831	59.835	-144.67	9.3437
138.04	-1.2639	20.306	100.11	-4.5768	3.5935	170.28	-12.543	-1.421	131.38	-77.541	46.604	51.905	-116.43	41.8	61.03	-144.02	9.3374
138.04	-1.2637	20.307	101.46	-3.8847	3.2602	170.63	-11.419	-1.8254	132.51	-76.612	46.556	52.971	-115.62	41.753	62.249	-143.38	9.2933
138.05	-1.2592	20.313	102.8	-3.1635	2.7457	170.84	-10.335	-2.2025	133.56	-75.745	46.542	53.995	-114.83	41.671	63.3	-142.59	9.2263
138.05	-1.269	20.308	104.17	-2.5289	2.3209	170.9	-9.2746	-2.6716	134.55	-74.872	46.523	54.996	-114.04	41.567	64.262	-141.57	9.0607
138.05	-1.2662	20.314	105.47	-1.8517	1.7909	170.75	-8.1627	-3.2084	135.52	-74.002	46.523	55.921	-113.31	41.403	65.264	-140.92	8.9634
138.05	-1.2653	20.3	106.76	-1.2209	1.177	170.37	-7.0553	-3.8135	136.41	-73.163	46.437	56.838	-112.58	41.284	66.246	-140.2	8.8776
138.05	-1.2644	20.301	107.99	-0.64023	0.65082	169.78	-5.9268	-4.4601	137.25	-72.287	46.341	57.705	-111.89	41.108	67.264	-139.76	8.7698
138.06	-1.2652	20.301	109.23	-0.082804	-0.036228	168.98	-4.8011	-5.1675	138.07	-71.398	46.246	58.527	-111.25	40.863	68.284	-139.25	8.625
138.05	-1.2672	20.312	110.39	0.45051	-0.80351	168.03	-3.6446	-5.9068	138.81	-70.536	46.192	59.309	-110.63	40.621	69.158	-138.66	8.493
138.04	-1.2624	20.308	111.55	0.8846	-1.6365	166.91	-2.5247	-6.7235	139.5	-69.617	46.061	60.065	-110.03	40.385	69.995	-138.03	8.2774
138.05	-1.2594	20.312	112.65	1.2974	-2.3458	165.64	-1.4776	-7.5705	140.19	-68.712	45.993	60.793	-109.45	40.139	70.71	-137.34	8.0328
138.03	-1.2691	20.31	113.72	1.6087	-3.32	164.23	-0.47702	-8.4505	140.8	-67.851	45.829	61.487	-108.92	39.878	71.599	-137.05	7.9072
138.04	-1.2545	20.309	114.7	1.8393	-4.4018	162.7	0.37612	-9.4859	141.43	-66.976	45.651	62.166	-108.42	39.588	72.465	-136.7	7.6968
138.04	-1.2641	20.304	115.76	1.9135	-5.2606	160.64	0.92036	-10.853	141.76	-66.447	45.113	62.826	-107.98	39.327	73.233	-136.2	7.468
138.02	-1.2503	20.315	116.8	2.0866	-6.208	159.98	2.0457	-10.903	142.41	-65.73	44.982	63.496	-107.57	39.075	73.912	-135.76	7.305
137.58	-1.164	20.276	117.91	2.2573	-6.6699	159.13	2.6918	-11.378	143.03	-65.121	44.871	64.163	-107.21	38.852	74.745	-135.52	7.0689
136.87	-0.76211	20.305	118.48	1.9646	-7.8075	158.56	3.1139	-11.666	143.69	-64.67	44.867	64.841	-106.85	38.595	75.43	-135.14	6.9488
136.13	-0.40182	20.375	118.82	2.3412	-8.0412	157.54	3.1196	-12.588	144.29	-64.339	44.779	65.538	-106.58	38.423	76.12	-134.66	6.6855
136.18	0.21367	20.402	119.19	2.8783	-8.1098	157.91	3.5339	-12.394	144.99	-64.026	44.931	66.295	-106.36	38.295	77.075	-134.72	6.5458
136.95	0.68044	20.51	120.48	3.7456	-6.9964	158.51	3.9071	-12.328	145.68	-63.747	44.993	67.097	-106.19	38.239	77.876	-134.37	6.3895
138.05	0.8446	20.435	121.34	4.0169	-6.8685	159.91	4.6012	-11.463	146.48	-63.403	45.164	67.985	-106.11	38.218	78.758	-134.22	6.4156
139.37	0.86654	20.424	122.21	4.1916	-6.8447	160.76	4.7715	-11.346	147.31	-63.133	45.305	68.884	-105.97	38.217	79.755	-134.18	6.3385
140.62	0.82246	20.426	122.74	3.8848	-7.4394	161.63	4.947	-11.209	148.21	-62.914	45.562	69.83	-105.78	38.197	80.669	-133.86	6.3464
141.71	0.79437	20.606	124.38	4.5873	-6.4187	162.64	5.1504	-10.861	149.18	-62.809	45.737	70.792	-105.64	38.231	81.658	-133.73	6.4406
142.78	0.90757	20.978	125.57	4.8211	-5.9773	163.74	5.3708	-10.463	150.25	-62.714	45.987	71.844	-105.51	38.255	82.893	-133.73	6.4999
143.72	1.0573	21.349	126.82	5.0905	-5.6142	164.88	5.5791	-10	151.41	-62.653	46.269	73.022	-105.46	38.273	84.072	-133.63	6.4071
144.83	1.2309	21.835	128.17	5.2713	-5.2685	166.2	5.7518	-9.4739	152.63	-62.708	46.531	74.308	-105.44	38.29	85.332	-133.55	6.4003
146.04	1.3	22.18	129.74	5.4119	-4.9558	167.7	5.834	-9.0402	153.98	-62.72	46.829	75.686	-105.42	38.34	86.656	-133.48	6.4217
147.54	1.2459	22.48	131.38	5.3971	-4.6333	169.34	5.8536	-8.5608	155.43	-62.801	47.153	77.133	-105.37	38.401	88.026	-133.38	6.4851
149.31	1.1641	22.838	133.24	5.3972	-4.3682	170.52	5.3901	-8.889	157	-62.919	47.474	78.648	-105.3	38.475	89.419	-133.13	6.4887
151.3	1.0189	23.228	135.29	5.43	-4.0531	173.15	5.6355	-7.7263	158.71	-63.097	47.776	80.267	-105.27	38.57	91.206	-133.43	6.6
153.39	0.8008	23.556	137.44	5.3658	-3.6685	174.64	5.1081	-7.9826	160.48	-63.307	48.098	81.982	-105.24	38.631	92.747	-133.09	6.6309
155.65	0.60723	24.018	139.72	5.2613	-3.2506	177.53	5.2461	-6.8251	162.43	-63.537	48.465	83.81	-105.25	38.735	94.721	-133.4	6.7786
157.99	0.37339	24.461	142.11	5.0887	-2.867	179.94	5.0297	-6.292	164.47	-63.874	48.799	85.732	-105.24	38.846	96.474	-133.28	6.8452
160.45	0.084356	24.945	144.7	4.9367	-2.3933	182.49	4.7187	-5.7195	166.62	-64.184	49.175	87.771	-105.24	39.003	98.481	-133.28	6.9531
163.05	-0.19887	25.456	147.46	4.7306	-1.962	185.22	4.4191	-5.1388	168.89	-64.621	49.596	89.912	-105.27	39.152	100.47	-133.32	7.0782
165.78	-0.55208	25.947	150.28	4.451	-1.4825	188.08	4.0212	-4.5673	171.24	-65.018	50.028	92.13	-105.29	39.319	102.65	-133.31	7.2819
168.65	-0.96768	26.44	153.25	4.1747	-0.95114	191.03	3.5936	-4.0198	173.69	-65.462	50.468	94.416	-105.3	39.463	104.84	-133.33	7.4015
171.66	-1.3927	27.006	156.34	3.8518	-0.63299	193.51	2.7803	-4.0888	176.27	-65.913	50.953	96.809	-105.28	39.66	107.05	-133.26	7.4303
174.71	-1.8441	27.518	159.48	3.4797	-0.21366	197.29	2.6301	-2.7863	178.88	-66.414	51.371	99.25	-105.28	39.929	109.39	-133.27	7.7252
177.86	-2.3369	28.024	162.29	2.735	-0.56637	199.97	1.8052	-2.8395	181.58	-66.929	51.811	101.79	-105.29	40.136	111.84	-133.27	8.017
181.06	-2.766	28.635	165.62	2.3702	0.074825	203.9	1.6437	-1.4397	184.41	-67.465	52.281	104.41	-105.29	40.399	114.33	-133.5	8.2962
184.32	-3.3036	29.151	169.04	1.9867	0.52279	207.29	1.0801	-0.887	187.32	-68.038	52.716	107.08	-105.29	40.709	116.82	-133.49	8.4221
187.7	-3.7958	29.712	172.49	1.7301	1.1168	210.16	0.20265	-0.94472	190.28	-68.586	53.143	109.8	-105.33	40.971	119.31	-133.36	8.6712
191.19	-4.3184	30.411	176.01	1.2516	1.6486	213.64	-0.39551	-0.30832	193.32	-69.241	53.523	112.61	-105.35	41.285	122.02	-133.49	9.0762
194.63	-4.9007	30.929	179.55	0.8805	2.4285	217.11	-0.99909	0.25353	196.34	-69.862	53.926	115.44	-105.4	41.622	124.78	-133.71	9.1942
198.23	-5.4551	31.592	183.61	1.0997	3.6731	220.72	-1.5314	0.93505	199.43	-70.477	54.369	118.3	-105.41	41.908	127.15	-133.31	9.4254
201.81	-5.9891	32.174	187.29	0.68438	4.359	224.34	-2.1227	1.5348	202.54	-71.099	54.732	121.17	-105.44	42.22	129.89	-133.49	9.7406
205.36	-6.5488	32.738	190.89	0.29007	5.0863	227.83	-2.7653	2.0145	205.58	-71.66	55.129	124.04	-105.43	42.473	132.51	-133.44	9.918
208.96	-7.0481	33.309	194	-0.53935	4.6039	232.19	-2.911	3.4391	208.68	-72.201	55.559	126.92	-105.37	42.782	135.09	-133.25	10.151
212.51	-7.5185	33.738	198.1	-0.42166	5.828	235.03	-3.924	3.0819	211.7	-72.657	55.925	129.75	-105.29	42.993	138.07	-133.65	10.396
215.93	-8.0141	34.12	201.25	-1.3238	5.5256	238.74	-4.4168	3.6118	214.75	-73.085	56.331	132.59	-105.17	43.25	140.55	-133.26	10.59
219.41	-8.3853	34.559	204.81	-1.6189	5.8475	242.29	-4.8852	4.1058	217.66	-73.453	56.73	135.43	-105.03	43.457	143.34	-133.14	10.948
222.78	-8.7532	34.87	208.3	-1.8732	6.102	245.66	-5.4277	4.3936	220.61	-73.753	57.042	138.24	-104.86	43.656	146.02	-133.09	11.106
226.1	-9.0581	35.214	211.76	-2.2414	6.3954	249.18	-5.7853	4.8619	223.55	-74.034	57.452	141.02	-104.68	43.856	148.63	-132.95	11.315
229.35	-9.414	35.463	215.14	-2.4574	6.5375	252.56	-6.2153	5.2359	226.44	-74.318	57.676	143.81	-104.48	44.031	151.25	-132.86	11.613
232.57	-9.6944	35.671	218.5	-2.7405	6.8696	256.54	-6.1702	6.3564	229.33	-74.543	58.01	146.54	-104.26	44.189	153.89	-132.75	11.7
235.79	-9.9454	36.012	221.75	-2.8781	7.1163	259.13	-6.9424	5.853	232.14	-74.79	58.208	149.26	-104.04	44.368	156.46	-132.49	11.926
238.97	-10.145	36.331	224.95	-3.0523	7.4426	262.33	-7.2532	6.1617	234.96	-74.964	58.467	151.92	-103.79	44.523	158.92	-132.26	12.065
242.05	-10.403	36.547	228.09	-3.1771	7.5885	265.7	-7.3314	6.7855	237.7	-75.189	58.653	154.54	-103.55	44.668	161.4	-132.07	12.213
245.03	-10.653	36.749	231.11	-3.2879	7.8063	268.76	-7.5852	6.9958	240.38	-75.356	58.773	157.12	-103.29	44.796	163.71	-131.68	12.27
248.05	-10.763	37.047	234.05	-3.3332	8.185	271.6	-7.8131	7.0949	243.01	-75.496	58.972	159.64	-103.02	44.921	166.19	-131.55	12.439
250.9	-10.883	37.277	236.87	-3.422	8.4257	274.46	-7.9206	7.3082	245.57	-75.547	59.04	162.09	-102.75	45.063	168.44	-131.33	12.58
253.66	-10.947	37.384	239.62	-3.4062	8.4536	277.21	-7.9596	7.4967	248.05	-75.572	59.146	164.48	-102.46	45.16	170.7	-131.03	12.723
256.3	-10.939	37.521	242.18	-3.3335	8.8143	279.82	-7.9987	7.5672	250.45	-75.488	59.298	166.82	-102.15	45.269	172.81	-130.76	12.907
258.84	-10.86	37.549	244.7	-3.1837	8.6538	282.33	-7.9546	7.5843	252.81	-75.316	59.362	169.07	-101.82	45.335	175.06	-130.49	12.976
261.24	-10.743	37.485	247.12	-3.217	8.7028	285.27	-7.595	8.1852	255.03	-75.127	59.409	171.24	-101.46	45.368	177.06	-130.2	13.001
263.6	-10.504	37.461	249.43	-3.0888	8.5846	287.09	-7.7723	7.4988	257.19	-74.833	59.51	173.34	-101.1	45.43	179.03	-129.93	13.26
265.79	-10.283	37.258	251.65	-2.9516	8.2647	289.31	-7.6662	7.2853	259.24	-74.525	59.419	175.37	-100.67	45.378	181.05	-129.62	13.24
267.95	-9.9693	37.056	253.76	-2.6658	7.9903	291.99	-7.2327	7.6635	261.22	-74.151	59.361	177.31	-100.23	45.327	182.9	-129.32	13.397
269.98	-9.6895	36.696	255.81	-2.5061	7.5617	293.56	-7.3663	6.7531	263.12	-73.725	59.301	179.19	-99.756	45.266	184.74	-128.96	13.412
271.91	-9.4242	36.273	257.77	-2.4047	7.2148	295.54	-7.2168	6.3331	264.97	-73.335	59.214	180.97	-99.284	45.149	186.45	-128.62	13.343
273.79	-9.1013	35.829	259.63	-2.1902	6.7526	297.4	-7.0447	5.8964	266.73	-72.917	58.943	182.67	-98.773	45.045	188.03	-128.28	13.402
275.57	-8.772	35.336	261.37	-1.9119	6.175	299.62	-6.5997	5.9166	268.45	-72.483	58.677	184.3	-98.284	44.907	189.62	-127.85	13.422
277.22	-8.4966	34.737	263.02	-1.6826	5.5203	301.23	-6.4258	5.3289	270.11	-72.075	58.33	185.84	-97.823	44.731	191.12	-127.52	13.248
278.86	-8.155	34.204	264.53	-1.4769	5.1438	302.25	-6.4726	4.0638	271.65	-71.705	57.873	187.31	-97.368	44.535	192.53	-127.11	13.172
280.37	-7.8189	33.603	265.89	-1.1806	4.6355	303.66	-6.2217	3.3363	273.16	-71.265	57.451	188.7	-96.937	44.335	193.71	-126.76	12.989
281.74	-7.4963	32.909	267.18	-0.91899	3.9702	304.9	-5.9254	2.6005	274.56	-70.845	56.927	190.04	-96.517	44.107	194.92	-126.42	12.815
283.02	-7.0696	32.246	268.26	-0.47074	3.1186	306.03	-5.5429	1.8001	275.85	-70.394	56.396	191.25	-96.109	43.835	196.35	-126.52	12.729
284.17	-6.6217	31.541	269.24	-0.21599	2.6305	306.96	-5.2258	0.88828	277.05	-69.915	55.81	192.38	-95.721	43.566	197.23	-125.74	12.402
285.1	-6.1902	30.735	270.06	0.22987	1.8022	307.84	-4.7887	0.080505	278.15	-69.384	55.226	193.44	-95.332	43.276	198.14	-125.45	12.148
285.94	-5.6931	29.91	270.77	0.50242	1.0897	308.53	-4.3967	-0.88319	279.18	-68.802	54.614	194.37	-94.944	42.941	198.97	-125.13	11.859
286.67	-5.1276	29.125	271.35	0.92152	0.30332	309.72	-3.5878	-1.0832	280.03	-68.239	53.99	195.23	-94.587	42.598	200.08	-125.28	11.72
287.23	-4.6096	28.188	271.83	1.3359	-0.47142	310.2	-3.154	-2.0672	280.8	-67.631	53.384	195.97	-94.222	42.211	200.57	-124.54	11.377
287.77	-4.0333	27.348	272.24	1.6761	-1.3909	310.64	-2.6714	-2.9735	281.48	-67.017	52.74	196.65	-93.818	41.795	201.14	-124.31	11.028
288.14	-3.5356	26.363	272.54	2.0789	-2.301	311.03	-2.202	-3.9622	282.08	-66.339	52.116	197.23	-93.437	41.361	201.77	-124	10.813
288.51	-2.9408	25.433	272.83	2.3568	-3.5036	310.75	-2.0989	-5.6782	282.58	-65.693	51.461	197.72	-93.047	40.888	202.21	-123.78	10.394
288.76	-2.4213	24.333	273.02	2.6972	-4.4843	310.97	-1.7243	-6.774	283.02	-65.058	50.758	198.15	-92.654	40.37	202.92	-123.95	10.171
289.01	-1.8936	23.241	273.2	2.9865	-5.686	311.75	-0.99887	-7.1507	283.38	-64.422	50.025	198.49	-92.244	39.813	203	-123.25	9.7251
289.13	-1.4353	22.11	273.29	3.2701	-6.8279	311.39	-0.95082	-8.9577	283.66	-63.831	49.188	198.76	-91.857	39.224	203.38	-122.99	9.3235
290.09	-0.86252	21.743	273.26	3.5495	-7.4357	312.17	-0.30827	-9.3657	283.9	-63.286	48.306	199.02	-91.471	38.592	203.64	-122.8	8.8049
290.71	-0.59825	21.703	273.38	4.0365	-7.8101	312.49	0.063469	-10.216	284.18	-62.947	47.475	199.2	-91.123	37.954	203.87	-122.61	8.2752
290.73	-0.1132	21.717	273.39	4.4385	-8.0629	312.07	0.075805	-11.49	284.44	-62.846	46.721	199.35	-90.826	37.31	204.08	-122.42	7.723
290.86	0.25436	21.764	273.43	4.6959	-8.3885	312.2	0.32922	-12.014	284.62	-62.818	46.063	199.46	-90.636	36.735	204.42	-122.63	7.2428
290.97	0.52064	21.72	273.44	5.0938	-8.6863	312.43	0.43054	-12.432	284.79	-62.722	45.546	199.58	-90.599	36.209	204.2	-122.11	6.5545
291.11	0.58299	21.711	273.47	5.2507	-8.8747	312.62	0.44839	-12.837	284.85	-62.652	45.202	199.7	-90.562	35.82	204.28	-122.04	6.0162
291.21	0.61387	21.72	273.53	5.3235	-9.0167	312.81	0.39853	-13.072	284.83	-62.545	44.969	199.74	-90.41	35.46	204.2	-122.01	5.7289
291.31	0.62599	21.713	273.59	5.3443	-9.2989	312.97	0.39557	-13.113	284.75	-62.434	44.97	199.66	-90.198	35.232	204.21	-121.93	5.5452
291.36	0.63566	21.72	273.59	5.3656	-9.3895	313.04	0.39556	-13.075	284.58	-62.305	45.06	199.51	-89.998	35.117	204.18	-121.91	5.5714
291.38	0.64084	21.724	273.57	5.363	-9.4702	313.07	0.39619	-13.046	284.44	-62.195	45.182	199.35	-89.911	35.133	204.16	-121.92	5.6708
291.38	0.64252	21.727	273.56	5.33	-9.6177	313.7	0.7257	-12.253	284.33	-62.087	45.306	199.26	-89.887	35.181	204.13	-121.94	5.7846
291.38	0.64163	21.739	273.54	5.2979	-9.6701	313.71	0.71449	-12.215	284.29	-62.007	45.441	199.25	-89.911	35.258	204.13	-121.97	5.9693
291.38	0.64524	21.731	273.5	5.2633	-9.6077	313.73	0.68088	-12.208	284.28	-61.945	45.546	199.26	-89.933	35.357	204.04	-121.97	6.1959
291.37	0.64495	21.733	273.49	5.2258	-9.5969	313.94	0.93095	-11.747	284.33	-61.919	45.649	199.24	-89.946	35.455	204.03	-122	6.296
291.37	0.64632	21.735	273.46	5.1827	-9.6163	313.97	0.8455	-11.769	284.37	-61.939	45.705	199.19	-89.929	35.578	203.97	-122.04	6.4651
291.37	0.64188	21.731	273.43	5.118	-9.6522	NaN	NaN	NaN	284.41	-61.989	45.742	199.14	-89.891	35.669	203.91	-122.08	6.5857
291.37	0.64188	21.731	273.39	5.0533	-9.6942	NaN	NaN	NaN	284.44	-62.066	45.743	199.1	-89.853	35.743	203.82	-122.06	6.7492
291.37	0.63373	21.728	273.35	4.9929	-9.7177	NaN	NaN	NaN	284.45	-62.152	45.741	199.09	-89.821	35.784	203.73	-122.06	6.8866
291.37	0.63105	21.738	273.32	4.9332	-9.754	314.16	0.397	-12.009	284.41	-62.232	45.721	199.05	-89.783	35.809	203.64	-122.03	6.9341
291.37	0.61977	21.719	273.27	4.877	-9.7965	314.25	0.26798	-12.058	284.35	-62.272	45.698	198.97	-89.723	35.808	203.53	-122	7.0017
291.36	0.6135	21.725	273.2	4.8173	-9.8755	314.36	0.098145	-12.134	284.23	-62.29	45.685	198.85	-89.645	35.796	203.43	-122	7.1171
291.36	0.61489	21.727	273.09	4.7431	-9.9895	314.48	-0.055874	-12.212	284.04	-62.273	45.705	198.69	-89.54	35.756	203.23	-122.04	7.1028
291.48	0.68013	21.784	272.79	4.5525	-10.161	314.6	-0.21589	-12.265	283.86	-62.203	45.716	198.49	-89.413	35.708	203.04	-122.03	7.0954
291.44	0.67018	21.778	272.63	4.4869	-10.312	314.77	-0.48885	-12.322	283.57	-62.107	45.728	198.26	-89.268	35.693	202.8	-121.96	7.2867
291.45	0.63187	21.777	272.5	4.3576	-10.863	315.07	-0.87357	-12.856	283.22	-61.895	45.637	197.98	-89.135	35.671	202.61	-121.88	7.3556
291.45	0.59488	21.769	272.01	4.2181	-11.623	NaN	NaN	NaN	282.97	-61.488	45.526	197.69	-88.987	35.677	202.39	-121.9	7.5633
291.44	0.61277	21.774	271.3	4.3077	-12.153	315.7	-1.5462	-13.848	282.67	-61.154	45.251	197.38	-88.813	35.662	202.04	-121.89	7.6473
291.43	0.61662	21.769	270.66	4.4565	-12.63	316.1	-1.7311	-14.086	282.35	-60.851	45.033	197.01	-88.558	35.572	201.72	-121.83	7.8127
291.43	0.61704	21.769	270.03	4.4811	-12.502	316.62	-1.984	-14.143	281.99	-60.666	44.796	196.62	-88.329	35.509	201.43	-121.82	7.9943
291.43	0.61631	21.769	269.36	4.6706	-12.542	317.12	-2.2683	-14.122	281.69	-60.555	44.631	196.22	-88.225	35.52	200.97	-121.85	7.9744
291.42	0.62407	21.767	268.57	4.822	-12.502	317.52	-2.5846	-14.022	281.3	-60.555	44.543	195.79	-88.28	35.583	200.66	-121.82	8.048
291.42	0.62259	21.767	267.75	4.8956	-12.494	318.04	-2.9098	-13.67	280.88	-60.555	44.639	195.39	-88.362	35.754	200.28	-121.86	8.2531
291.41	0.6169	21.77	266.91	4.9605	-12.283	318.63	-3.3182	-13.165	280.35	-60.581	44.736	194.95	-88.401	35.886	199.75	-121.91	8.378
291.42	0.62863	21.777	265.97	5.0899	-12.115	319.28	-3.855	-12.507	279.82	-60.602	44.928	194.45	-88.382	36.115	199.29	-121.93	8.7476
291.41	0.63041	21.779	264.97	5.1917	-11.673	319.93	-4.4316	-11.885	279.19	-60.656	45.185	193.86	-88.373	36.385	198.72	-122.14	8.9825
291.42	0.63053	21.778	263.92	5.3849	-11.179	320.6	-5.0051	-11.042	278.56	-60.757	45.431	193.2	-88.488	36.681	198.18	-122.17	9.3629
291.42	0.63053	21.778	262.82	5.5367	-10.534	321.19	-5.5837	-10.086	277.92	-60.917	45.69	192.51	-88.669	37.03	197.51	-122.41	9.6988
291.42	0.63265	21.78	261.74	5.6451	-10.14	321.6	-6.2204	-9.2321	277.19	-61.176	45.958	191.84	-88.911	37.375	196.87	-122.58	9.9615
291.42	0.63135	21.781	260.66	5.6446	-9.2956	321.92	-6.9482	-8.3586	276.49	-61.474	46.318	191.09	-89.203	37.729	196.18	-122.82	10.294
291.41	0.62911	21.776	259.53	5.5821	-8.297	322.08	-7.7353	-7.4483	275.68	-61.868	46.655	190.31	-89.531	38.094	195.34	-123.04	10.556
291.42	0.63684	21.776	258.42	5.5446	-7.584	322.25	-8.5836	-6.4232	274.8	-62.337	46.945	189.42	-89.88	38.509	194.45	-123.33	10.789
291.43	0.62693	21.771	257.35	5.4821	-7.0105	322.38	-9.454	-5.3622	273.8	-62.838	47.307	188.45	-90.22	38.882	193.48	-123.57	11.171
291.43	0.62797	21.774	256.21	5.3636	-6.131	322.39	-10.437	-4.3549	272.73	-63.381	47.652	187.38	-90.549	39.254	192.44	-123.78	11.353
291.44	0.62264	21.776	254.98	5.2356	-5.2645	322.26	-11.527	-3.4219	271.56	-63.934	48.087	186.2	-90.92	39.681	191.3	-124.04	11.685
291.44	0.62292	21.776	253.75	5.1102	-4.3635	322.03	-12.599	-2.3296	270.31	-64.52	48.545	184.91	-91.278	40.05	190.08	-124.27	12.049
291.44	0.62242	21.776	252.44	4.9657	-3.4574	321.58	-13.732	-1.361	268.93	-65.13	49.04	183.52	-91.651	40.501	188.72	-124.65	12.202
291.43	0.61948	21.786	251.12	4.792	-2.3792	320.94	-14.862	-0.30157	267.42	-65.791	49.512	181.97	-92.051	40.922	187.23	-124.79	12.669
291.45	0.61751	21.78	249.76	4.5842	-1.3248	320.06	-15.917	0.62857	265.8	-66.491	50.011	180.32	-92.404	41.377	185.55	-125.07	12.928
291.45	0.61689	21.778	248.35	4.4358	-0.25054	318.94	-16.902	1.616	264.09	-67.246	50.595	178.54	-92.795	41.836	183.89	-125.35	13.176
291.44	0.61503	21.775	247.17	4.3945	1.351	317.54	-17.842	2.5558	262.46	-67.787	51.516	176.65	-93.211	42.302	182.08	-125.52	13.542
291.44	0.6134	21.772	245.83	4.2209	3.0051	315.89	-18.582	3.5679	260.5	-68.608	52.197	174.64	-93.669	42.791	180.14	-125.82	13.819
291.44	0.62276	21.775	244.36	3.9426	4.5993	313.98	-19.218	4.4529	258.45	-69.455	52.815	172.56	-94.145	43.302	178.26	-126.36	14.217
291.44	0.62204	21.774	242.7	3.6106	6.2749	311.76	-19.714	5.4143	256.26	-70.287	53.504	170.36	-94.651	43.77	175.96	-126.32	14.458
291.43	0.6299	21.776	241.03	3.3005	7.9034	309.38	-20.106	6.335	253.95	-71.115	54.199	168.03	-95.147	44.352	173.77	-126.53	14.684
291.43	0.62656	21.783	239.21	3.0458	9.4933	306.77	-20.435	7.1392	251.49	-71.92	54.871	165.56	-95.651	44.851	171.36	-126.78	14.924
291.43	0.62755	21.772	237.18	2.6746	11.022	303.95	-20.601	8.085	248.9	-72.635	55.593	162.98	-96.141	45.431	168.88	-127	15.275
291.42	0.62422	21.779	234.94	2.3635	12.592	300.87	-20.688	8.9121	246.18	-73.306	56.243	160.29	-96.63	45.982	166.48	-127.42	15.648
291.42	0.62703	21.77	232.49	2.1235	13.923	297.6	-20.566	9.6419	243.33	-73.88	56.882	157.48	-97.111	46.551	163.69	-127.32	15.86
291.43	0.62819	21.785	229.82	1.8907	15.214	294.1	-20.337	10.487	240.31	-74.354	57.55	154.54	-97.552	47.066	160.85	-127.56	16.147
291.42	0.63069	21.781	226.99	1.6845	16.477	290.4	-20.009	11.254	237.16	-74.769	58.211	151.48	-98.001	47.591	157.89	-127.72	16.469
291.42	0.63148	21.78	224.02	1.5912	17.576	286.42	-19.508	11.992	233.87	-75.103	58.826	148.31	-98.427	48.086	154.87	-127.93	16.769
291.42	0.63621	21.775	220.79	1.4925	18.781	282.23	-18.925	12.55	230.47	-75.328	59.353	145.04	-98.833	48.507	151.89	-128.13	17.058
291.42	0.63414	21.771	217.42	1.3999	19.833	277.91	-18.154	13.302	226.94	-75.475	59.81	141.67	-99.227	48.935	148.6	-128.25	17.253
291.43	0.62922	21.785	213.87	1.3332	20.855	273.29	-17.388	13.706	223.32	-75.579	60.285	138.18	-99.631	49.343	145.33	-128.31	17.454
291.42	0.62229	21.776	210.14	1.3984	21.605	268.49	-16.443	14.254	219.57	-75.585	60.667	134.6	-100.03	49.71	141.99	-128.41	17.77
291.43	0.6274	21.771	206.29	1.462	22.333	263.46	-15.395	14.626	215.75	-75.483	61.057	130.95	-100.41	50.061	138.53	-128.53	17.891
291.43	0.6274	21.771	202.18	1.6092	23.059	291.43	0.61766	21.781	211.78	-75.374	61.324	127.19	-100.8	50.368	135	-128.68	18.11
252.71	-13.107	15.158	197.92	1.7698	23.725	291.44	0.62278	21.775	207.79	-75.2	61.635	123.37	-101.18	50.659	131.36	-128.86	18.236
246.94	-11.809	15.31	193.5	1.9896	24.108	291.43	0.62054	21.774	203.69	-74.916	61.873	119.48	-101.54	50.947	127.64	-128.95	18.28
246.94	-11.809	15.31	188.83	2.2739	24.6	291.44	0.62509	21.779	199.5	-74.557	62.063	115.52	-101.91	51.196	123.88	-129.07	18.362
246.94	-11.809	15.31	184.09	2.6025	24.879	291.43	0.62067	21.773	195.28	-74.171	62.217	111.53	-102.3	51.41	120.17	-129.34	18.535
246.94	-11.809	15.31	179.14	2.997	25.066	291.43	0.61413	21.778	190.98	-73.674	62.298	107.94	-102.39	51.992	116.79	-129.06	19.072
246.94	-11.809	15.31	174.05	3.3585	25.242	291.43	0.62054	21.774	186.57	-73.166	62.292	103.84	-102.8	52.182	112.96	-129.35	19.234
246.94	-11.809	15.31	168.84	3.768	25.365	291.44	0.62228	21.788	182.15	-72.611	62.373	99.678	-103.21	52.344	108.89	-129.4	19.147
246.94	-11.809	15.31	163.55	4.1576	25.432	291.44	0.62266	21.776	177.69	-71.989	62.275	95.491	-103.61	52.497	104.87	-129.59	19.212
291.43	0.61806	21.781	158.18	4.5939	25.263	NaN	NaN	NaN	172.97	-71.575	61.908	91.238	-104.05	52.593	100.94	-129.79	19.243
291.42	0.61903	21.775	152.65	5.049	25.119	NaN	NaN	NaN	168.35	-70.898	61.721	87.01	-104.48	52.734	96.795	-129.97	19.294
291.42	0.62157	21.777	147.06	5.4609	24.913	NaN	NaN	NaN	163.76	-70.137	61.639	82.74	-104.93	52.817	92.708	-130.23	19.205
291.43	0.62709	21.771	141.37	5.9115	24.603	NaN	NaN	NaN	159.08	-69.348	61.388	78.48	-105.39	52.874	88.555	-130.35	19.184
291.42	0.62741	21.769	135.72	6.2906	24.135	NaN	NaN	NaN	154.4	-68.534	61.201	74.216	-105.85	52.909	84.41	-130.61	19.122
291.42	0.63372	21.785	129.95	6.7018	23.721	NaN	NaN	NaN	149.67	-67.664	60.989	69.449	-106.59	52.524	79.847	-131.16	18.564
291.42	0.63065	21.78	124.17	7.0069	23.206	NaN	NaN	NaN	144.9	-66.779	60.678	65.189	-107.05	52.53	75.653	-131.35	18.542
291.41	0.62917	21.764	118.37	7.3778	22.643	NaN	NaN	NaN	140.14	-65.917	60.353	60.921	-107.54	52.489	71.556	-131.66	18.419
291.42	0.62217	21.775	112.53	7.5984	22.131	NaN	NaN	NaN	135.35	-65.044	60.108	56.69	-108.02	52.473	67.571	-132.02	18.389
291.43	0.62834	21.773	106.75	7.8292	21.479	NaN	NaN	NaN	130.55	-64.152	59.807	52.483	-108.5	52.348	63.479	-132.39	18.188
291.42	0.63156	21.783	101	8.0414	20.74	NaN	NaN	NaN	125.78	-63.302	59.441	48.288	-109.02	52.25	59.505	-132.76	18.088
291.43	0.62723	21.786	95.085	8.2751	20.012	NaN	NaN	NaN	120.99	-62.46	59.089	44.148	-109.52	52.156	55.52	-133.13	17.987
291.43	0.62696	21.771	88.83	8.5528	19.241	NaN	NaN	NaN	116.21	-61.623	58.782	40.028	-110.05	52.013	51.621	-133.52	17.742
291.43	0.62088	21.771	82.75	8.8115	18.541	NaN	NaN	NaN	111.39	-60.823	58.492	35.954	-110.57	51.855	47.759	-133.95	17.676
291.44	0.62319	21.775	76.852	8.9681	17.754	NaN	NaN	NaN	106.92	-59.757	58.542	31.946	-111.09	51.726	43.993	-134.39	17.493
291.44	0.62295	21.776	71.114	9.0491	16.892	NaN	NaN	NaN	102.24	-58.995	58.184	27.979	-111.59	51.509	40.306	-134.88	17.359
291.43	0.62827	21.775	65.516	9.0775	16.137	86.719	10.707	1.7496	97.646	-58.307	57.806	24.054	-112.07	51.338	36.656	-135.3	17.181
291.44	0.62279	21.775	59.934	9.0639	15.318	83.169	11.806	3.4501	92.785	-57.949	57.018	20.213	-112.53	51.156	33.092	-135.78	17.045
291.43	0.61913	21.773	54.515	9.0181	14.512	77.69	11.979	2.6937	88.319	-57.308	56.673	16.42	-112.98	50.881	29.604	-136.22	16.894
291.43	0.62026	21.774	49.239	8.947	13.77	72.439	12.139	2.0626	83.962	-56.777	56.341	12.795	-113.51	50.639	26.245	-136.73	16.65
291.43	0.61654	21.78	44.127	8.8087	13.16	67.263	12.238	1.4247	79.652	-56.272	55.991	9.2336	-113.98	50.354	23.021	-137.19	16.449
291.43	0.62043	21.771	39.173	8.6835	12.436	62.241	12.286	0.72795	75.465	-55.815	55.67	5.7951	-114.48	50.112	19.838	-137.66	16.275
291.43	0.61508	21.777	34.363	8.5192	11.771	57.42	12.326	0.18634	71.406	-55.38	55.411	2.4164	-114.99	49.803	16.726	-138.16	16.004
291.42	0.62172	21.776	29.749	8.2805	11.187	52.84	12.325	-0.3396	67.425	-55.03	55.161	-0.86545	-115.46	49.483	13.8	-138.65	15.769
291.42	0.62424	21.78	25.288	8.0079	10.696	48.358	12.261	-0.86162	63.566	-54.731	54.942	-4.0363	-115.94	49.204	10.921	-139.16	15.532
291.42	0.62424	21.78	21.058	7.7968	10.027	44.124	12.213	-1.3278	59.823	-54.452	54.757	-7.1228	-116.42	48.884	8.1773	-139.64	15.318
291.42	0.62184	21.778	17.019	7.4913	9.5692	40.023	12.095	-1.8688	56.215	-54.189	54.652	-10.061	-116.9	48.547	5.5722	-140.12	15.077
291.42	0.63094	21.78	13.16	7.1732	9.0367	36.293	11.962	-2.171	52.685	-53.998	54.514	-12.899	-117.34	48.238	3.1284	-140.58	14.874
291.42	0.62275	21.778	9.4785	6.8464	8.4819	32.64	11.787	-2.5561	49.296	-53.803	54.449	-15.631	-117.77	47.925	0.70319	-141.07	14.62
291.43	0.62655	21.783	6.0277	6.4953	7.9861	29.203	11.6	-2.9529	46.033	-53.63	54.381	-18.282	-118.19	47.573	-1.5489	-141.51	14.429
291.42	0.62691	21.77	2.7551	6.1284	7.5053	26.022	11.483	-3.2752	42.884	-53.475	54.371	-20.797	-118.57	47.234	-3.6469	-141.98	14.222
291.42	0.62427	21.78	-0.31128	5.8444	6.844	23.011	11.264	-3.6382	39.869	-53.358	54.387	-23.213	-118.94	46.948	-5.6159	-142.4	14.119
291.42	0.63113	21.78	-3.2236	5.5139	6.2551	20.119	11.069	-4.0772	36.978	-53.202	54.399	-25.53	-119.3	46.588	-7.5218	-142.82	13.977
291.42	0.62443	21.78	-5.9858	5.1736	5.6231	17.453	10.82	-4.4507	34.242	-53.076	54.397	-27.688	-119.61	46.29	-9.2564	-143.19	13.882
291.43	0.62786	21.772	-8.5422	4.8807	5.0203	14.968	10.638	-4.8413	31.624	-52.942	54.422	-29.737	-119.92	45.977	-10.974	-143.59	13.698
291.43	0.61819	21.78	-10.943	4.5181	4.5562	12.628	10.339	-5.1483	29.147	-52.8	54.422	-31.65	-120.18	45.646	-12.477	-143.93	13.609
291.43	0.62229	21.774	-13.191	4.1999	3.9696	10.478	10.167	-5.5481	26.808	-52.694	54.374	-33.485	-120.46	45.343	-13.937	-144.25	13.476
291.44	0.62295	21.776	-15.3	4	3.221	8.4869	9.9619	-5.8794	24.634	-52.576	54.312	-35.18	-120.72	45.047	-15.297	-144.54	13.361
291.44	0.62295	21.776	-17.215	3.7084	2.7282	6.5738	9.7373	-6.2709	22.6	-52.491	54.243	-36.735	-120.93	44.728	-16.568	-144.83	13.331
291.44	0.6247	21.779	-19.013	3.4074	2.2364	4.775	9.5998	-6.7838	20.701	-52.41	54.17	-38.195	-121.12	44.462	-17.717	-145.07	13.199
291.43	0.62002	21.785	-20.678	3.1562	1.6368	3.2095	9.388	-7.144	18.962	-52.308	54.041	-39.598	-121.31	44.123	-18.828	-145.3	13.037
291.43	0.6204	21.772	-22.19	2.99	0.98843	1.7574	9.171	-7.5103	17.346	-52.229	53.863	-40.871	-121.45	43.865	-19.886	-145.48	12.974
291.44	0.62355	21.777	-23.588	2.7264	0.61781	0.34272	8.9822	-8.0486	15.898	-52.168	53.692	-42.057	-121.6	43.555	-20.824	-145.68	12.799
291.43	0.61743	21.781	-24.937	2.478	0.054925	-0.88218	8.8325	-8.3761	14.576	-52.084	53.503	-43.135	-121.71	43.319	-21.782	-145.85	12.665
291.43	0.61562	21.778	-26.083	2.3686	-0.44586	-2.0697	8.6587	-8.8331	13.338	-52.046	53.234	-44.161	-121.83	43.016	-22.582	-146.02	12.52
291.43	0.62026	21.785	-27.27	2.1988	-1.0408	-3.1492	8.4395	-9.2488	12.235	-51.975	53.007	-45.099	-121.93	42.718	-23.321	-146.07	12.321
291.43	0.62837	21.788	-28.306	2.0007	-1.4747	-4.1169	8.371	-9.6017	11.176	-51.954	52.704	-45.919	-122.01	42.466	-24.064	-146.24	12.126
291.42	0.62054	21.774	-29.243	1.9221	-1.9588	-5.0755	8.2438	-10.041	10.232	-51.914	52.448	-46.704	-122.08	42.165	-24.759	-146.31	11.931
291.41	0.62976	21.764	-30.176	1.7195	-2.3948	-5.9806	8.1798	-10.455	9.3614	-51.833	52.147	-47.386	-122.15	41.91	-25.35	-146.41	11.745
291.41	0.62705	21.775	-30.987	1.6813	-2.8431	-6.766	8.0805	-10.872	8.5722	-51.761	51.903	-48.026	-122.18	41.658	-25.84	-146.48	11.471
291.42	0.62171	21.778	-31.809	1.5388	-3.3523	-7.5215	7.9781	-11.16	7.8054	-51.707	51.608	-48.628	-122.22	41.36	-26.389	-146.54	11.26
291.42	0.62231	21.763	-32.584	1.4613	-3.8365	-8.236	7.9012	-11.584	7.0907	-51.594	51.312	-49.18	-122.26	41.047	-26.853	-146.6	11.01
291.42	0.62423	21.78	-33.284	1.3912	-4.2936	-8.9416	7.8755	-11.957	6.4105	-51.501	51.014	-49.644	-122.27	40.737	-27.178	-146.66	10.812
291.43	0.62693	21.77	-33.981	1.2715	-4.7829	-9.6298	7.8229	-12.409	5.7442	-51.394	50.7	-50.09	-122.28	40.405	-27.547	-146.69	10.528
291.43	0.62925	21.786	-34.647	1.2157	-5.2737	-10.262	7.7746	-12.835	5.0978	-51.257	50.357	-50.484	-122.29	40.091	-27.866	-146.71	10.305
291.42	0.62465	21.767	-35.255	1.1764	-5.8539	-10.903	7.7832	-13.297	4.51	-51.141	50.043	-50.836	-122.29	39.771	-28.1	-146.74	10.065
291.43	0.61772	21.78	-35.861	1.0099	-6.2794	-11.444	7.7376	-13.773	3.9156	-50.938	49.689	-51.174	-122.28	39.436	-28.314	-146.78	9.8275
291.43	0.61959	21.783	-36.421	0.96186	-6.9575	-12.011	7.7616	-14.344	3.3841	-50.76	49.353	-51.466	-122.28	39.099	-28.483	-146.81	9.5623
291.42	0.62189	21.777	-37.004	0.93772	-7.8342	-12.553	7.7257	-14.919	2.8486	-50.553	48.967	-51.72	-122.25	38.743	-28.638	-146.84	9.2999
291.44	0.62166	21.787	-37.493	0.78746	-8.4211	-13.018	7.6583	-15.544	2.3493	-50.343	48.592	-51.996	-122.21	38.357	-28.76	-146.88	9.0608
291.43	0.61906	21.782	-37.921	0.70356	-9.1733	-13.426	7.625	-16.24	1.846	-50.171	48.134	-52.217	-122.2	38.002	-28.852	-146.9	8.8901
291.43	0.62011	21.772	-38.283	0.54631	-9.8246	-13.79	7.5002	-16.889	1.3941	-49.94	47.714	-52.437	-122.14	37.612	-28.943	-146.91	8.6648
291.44	0.62284	21.778	-38.593	0.51765	-10.737	-14.066	7.3687	-17.573	0.95351	-49.734	47.246	-52.662	-122.11	37.185	-29.055	-146.95	8.3594
291.43	0.62038	21.772	-38.903	0.32636	-11.545	-14.328	7.2918	-18.334	0.50458	-49.517	46.798	-52.872	-122.05	36.79	-29.161	-146.99	8.0843
291.43	0.62024	21.774	-39.202	0.25771	-12.271	-14.528	7.3506	-18.685	0.13765	-49.344	46.402	-53.079	-121.98	36.382	-29.199	-147	7.8114
291.43	0.61845	21.77	-39.56	0.24771	-12.58	-14.929	7.7127	-18.475	-0.12777	-49.254	46.065	-53.311	-121.91	35.944	-29.268	-146.98	7.6106
291.42	0.62232	21.778	-39.613	0.3825	-12.76	-14.927	7.7374	-18.525	-0.25625	-49.315	45.8	-53.488	-121.84	35.542	-29.356	-146.97	7.3339
291.43	0.63018	21.777	-39.589	0.43501	-12.745	-14.895	7.7067	-18.552	-0.28925	-49.486	45.608	-53.635	-121.8	35.185	-29.428	-146.99	7.0279
291.42	0.62125	21.776	-39.555	0.49729	-12.688	-14.848	7.6611	-18.536	-0.30152	-49.66	45.499	-53.729	-121.83	34.871	-29.444	-146.98	6.6674
291.43	0.62627	21.783	-39.493	0.55219	-12.614	-14.802	7.6208	-18.545	-0.27624	-49.816	45.36	-53.724	-121.92	34.654	-29.525	-147.04	6.3496
291.42	0.62419	21.779	-39.469	0.55349	-12.625	-14.742	7.5685	-18.587	-0.18257	-49.936	45.256	-53.655	-121.98	34.526	-29.551	-147.07	6.1058
291.42	0.62421	21.779	-39.44	0.57158	-12.616	-14.693	7.5354	-18.607	-0.10324	-50.019	45.141	-53.589	-121.99	34.417	-29.556	-147.07	5.9504
291.42	0.62214	21.775	-39.404	0.58305	-12.607	-14.625	7.4865	-18.64	-0.032085	-50.057	45.023	-53.565	-121.96	34.301	-29.57	-147.08	5.8226
291.42	0.62404	21.779	-39.382	0.58359	-12.609	-14.571	7.44	-18.649	0.075908	-50.078	44.902	-53.539	-121.94	34.208	-29.535	-147.08	5.7344
291.42	0.63299	21.783	-39.367	0.59019	-12.597	-14.509	7.4066	-18.639	0.14768	-50.089	44.848	-53.5	-121.95	34.149	-29.497	-147.09	5.6592
291.42	0.62213	21.776	-39.356	0.59904	-12.586	-14.467	7.3864	-18.623	0.22541	-50.087	44.809	-53.427	-121.98	34.099	-29.456	-147.09	5.6206
291.42	0.62423	21.78	-39.355	0.60126	-12.597	-14.44	7.3584	-18.607	0.27789	-50.077	44.787	-53.335	-122	34.052	-29.398	-147.08	5.6042
291.42	0.62391	21.779	-39.374	0.59047	-12.618	-14.445	7.3244	-18.632	0.29858	-50.073	44.772	-53.263	-121.99	33.99	-29.346	-147.07	5.5607
291.43	0.62871	21.775	-39.371	0.59245	-12.615	-14.404	7.3027	-18.602	0.31979	-50.059	44.761	-53.204	-121.99	33.922	-29.302	-147.06	5.4945
291.43	0.61781	21.783	-39.354	0.62058	-12.6	-14.402	7.2734	-18.603	0.32197	-50.053	44.751	-53.168	-121.98	33.851	-29.239	-147.05	5.43
291.44	0.62246	21.775	-39.383	0.62209	-12.65	-14.397	7.2582	-18.58	0.30198	-50.048	44.714	-53.154	-121.98	33.779	-29.22	-147.03	5.3455
291.44	0.61576	21.774	-39.402	0.63783	-12.657	-14.403	7.2296	-18.593	0.27166	-50.048	44.681	-53.152	-121.97	33.67	-29.201	-147.02	5.2569
291.44	0.6156	21.774	-39.415	0.65253	-12.687	-14.398	7.2159	-18.583	0.23498	-50.051	44.619	-53.167	-121.95	33.552	-29.179	-147	5.1362
291.44	0.61552	21.775	-39.431	0.67626	-12.715	-14.401	7.1863	-18.589	0.17967	-50.053	44.558	-53.193	-121.92	33.426	-29.183	-146.98	5.0241
291.45	0.61783	21.779	-39.446	0.76668	-12.843	-14.386	7.1807	-18.579	0.12549	-50.056	44.485	-53.235	-121.88	33.274	-29.223	-146.96	4.8998
291.44	0.6253	21.766	-39.457	0.79531	-12.878	-14.384	7.1632	-18.561	0.081625	-50.061	44.403	-53.283	-121.85	33.105	-29.275	-146.97	4.7871
291.44	0.62273	21.775	-39.475	0.84477	-12.892	-14.377	7.1366	-18.557	0.015687	-50.073	44.32	-53.346	-121.83	32.937	-29.335	-146.94	4.6317
291.44	0.62231	21.773	-39.486	0.87491	-12.912	-14.368	7.1138	-18.55	-0.045545	-50.088	44.195	-53.424	-121.81	32.775	-29.379	-146.92	4.4569
291.44	0.62362	21.776	-39.494	0.91861	-12.91	-14.362	7.1001	-18.541	-0.10673	-50.109	44.068	-53.496	-121.79	32.562	-29.423	-146.89	4.2727
291.44	0.63442	21.781	-39.518	0.9787	-12.921	-14.342	7.0674	-18.519	-0.16561	-50.163	43.921	-53.562	-121.76	32.377	-29.464	-146.88	4.0989
291.44	0.62548	21.776	-39.53	1.0247	-12.962	-14.316	7.0479	-18.499	-0.20755	-50.195	43.799	-53.627	-121.74	32.179	-29.521	-146.86	3.8599
291.43	0.6302	21.774	-39.528	1.0716	-12.95	-14.297	7.0165	-18.49	-0.26023	-50.245	43.675	-53.686	-121.72	31.998	-29.611	-146.87	3.6466
291.42	0.63566	21.774	-39.53	1.128	-12.951	-14.273	7.0002	-18.469	-0.28975	-50.284	43.552	-53.731	-121.71	31.808	-29.669	-146.84	3.4637
291.42	0.63469	21.769	-39.543	1.1536	-12.987	-14.261	6.9747	-18.461	-0.32401	-50.339	43.444	-53.78	-121.7	31.653	-29.721	-146.82	3.3087
291.43	0.62979	21.773	-39.542	1.1847	-12.986	-14.238	6.9418	-18.434	-0.35643	-50.383	43.346	-53.827	-121.69	31.474	-29.771	-146.81	3.1392
291.42	0.63418	21.768	-39.546	1.2576	-13.126	-14.224	6.9194	-18.423	-0.40103	-50.444	43.235	-53.887	-121.69	31.309	-29.851	-146.81	2.9573
291.42	0.63277	21.767	-39.549	1.273	-13.132	-14.214	6.8939	-18.414	-0.4301	-50.495	43.134	-53.93	-121.69	31.169	-29.894	-146.8	2.7559
291.42	0.63531	21.771	-39.555	1.2833	-13.145	-14.204	6.8668	-18.391	-0.4577	-50.552	43.047	-53.987	-121.7	31.032	-29.97	-146.83	2.6357
291.42	0.63672	21.772	-39.555	1.2823	-13.146	-14.229	6.8217	-18.399	-0.4826	-50.606	42.96	-54.03	-121.71	30.914	-30.009	-146.86	2.5406
