138.35	0.21652	20.257	-30.972	4.4131	-13.254	-4.9362	8.1841	-18.948	1.1663	-53.389	41.496	-61.953	-117.17	27.129	-40.304	-142.52	-3.0987
138.35	0.21652	20.257	-30.976	4.4126	-13.27	-4.9362	8.1841	-18.948	1.1659	-53.388	41.484	-61.952	-117.17	27.13	-40.305	-142.52	-3.0834
138.34	0.22334	20.257	-30.983	4.4079	-13.261	-4.941	8.1805	-18.954	1.1671	-53.387	41.484	-61.946	-117.18	27.105	-40.304	-142.52	-3.0843
138.34	0.22334	20.257	-30.986	4.4062	-13.28	-4.9374	8.1801	-18.953	1.1812	-53.39	41.49	-61.954	-117.17	27.129	-40.296	-142.53	-3.0993
138.35	0.21716	20.259	-30.979	4.4106	-13.257	-4.9419	8.1806	-18.953	1.1787	-53.393	41.487	-61.954	-117.18	27.11	-40.3	-142.53	-3.1006
138.34	0.22299	20.257	-30.981	4.4111	-13.274	-4.9411	8.1805	-18.953	1.1809	-53.391	41.491	-61.952	-117.18	27.125	-40.3	-142.53	-3.112
138.34	0.22122	20.253	-30.981	4.4081	-13.262	-4.9454	8.1769	-18.959	1.1791	-53.392	41.488	-61.948	-117.18	27.117	-40.292	-142.54	-3.0903
138.35	0.2144	20.254	-30.985	4.4079	-13.277	-4.9401	8.1805	-18.954	1.1779	-53.393	41.487	-61.961	-117.18	27.122	-40.292	-142.53	-3.0951
138.34	0.22504	20.258	-30.989	4.4046	-13.281	-4.9415	8.1805	-18.953	1.1822	-53.39	41.492	-61.954	-117.18	27.1	-40.294	-142.53	-3.0971
138.35	0.22938	20.25	-30.981	4.4081	-13.262	-4.9426	8.1924	-18.948	1.171	-53.384	41.488	-61.959	-117.17	27.101	-40.297	-142.52	-3.1093
138.34	0.22276	20.253	-30.984	4.4086	-13.276	-4.9529	8.1861	-18.958	1.1702	-53.371	41.494	-61.959	-117.17	27.113	-40.304	-142.52	-3.0961
138.34	0.22572	20.259	-30.986	4.4203	-13.271	-4.9426	8.1924	-18.948	1.1689	-53.372	41.493	-61.961	-117.17	27.123	-40.301	-142.51	-3.0931
138.35	0.22658	20.26	-30.985	4.419	-13.258	-4.9424	8.194	-18.962	1.1568	-53.38	41.481	-61.964	-117.16	27.117	-40.314	-142.51	-3.0982
138.35	0.23003	20.251	-30.986	4.4203	-13.271	-4.9493	8.189	-18.956	1.1572	-53.379	41.482	-61.97	-117.16	27.114	-40.306	-142.5	-3.0918
138.35	0.22748	20.263	-30.984	4.4211	-13.27	-4.9452	8.1942	-18.963	1.1616	-53.376	41.487	-61.971	-117.16	27.111	-40.313	-142.51	-3.1095
138.35	0.23133	20.268	-30.989	4.4177	-13.275	-4.9368	8.196	-18.944	1.1542	-53.379	41.48	-61.971	-117.15	27.13	-40.31	-142.52	-3.1002
138.35	0.22937	20.25	-30.979	4.423	-13.252	-4.9456	8.1943	-18.964	1.1453	-53.374	41.478	-61.973	-117.15	27.116	-40.308	-142.51	-3.0931
138.35	0.23021	20.251	-30.993	4.4176	-13.277	-4.9376	8.1974	-18.956	1.1617	-53.362	41.495	-61.962	-117.15	27.106	-40.308	-142.52	-3.0902
138.36	0.233	20.271	-30.985	4.421	-13.27	-4.9495	8.1907	-18.969	1.1487	-53.37	41.483	-61.969	-117.16	27.102	-40.303	-142.51	-3.0947
138.35	0.22763	20.262	-30.984	4.4196	-13.256	-4.938	8.1975	-18.957	1.1603	-53.363	41.492	-61.972	-117.15	27.105	-40.31	-142.51	-3.0816
138.36	0.2247	20.253	-30.983	4.4217	-13.269	-4.9425	8.1938	-18.962	1.1625	-53.362	41.495	-61.959	-117.15	27.094	-40.301	-142.51	-3.0917
138.35	0.22919	20.25	-30.981	4.4236	-13.266	-4.9502	8.1891	-18.955	1.1496	-53.37	41.483	-61.961	-117.15	27.105	-40.303	-142.52	-3.0966
138.35	0.2276	20.261	-30.983	4.4217	-13.269	-4.9378	8.196	-18.943	1.1487	-53.37	41.483	-61.963	-117.16	27.103	-40.305	-142.52	-3.0963
138.35	0.22698	20.26	-30.992	4.4147	-13.278	-4.9453	8.1928	-18.95	1.1564	-53.377	41.484	-61.965	-117.16	27.127	-40.303	-142.53	-3.0999
138.35	0.22778	20.261	-30.995	4.4153	-13.279	-4.9458	8.1927	-18.949	1.1496	-53.37	41.483	-61.963	-117.16	27.104	-40.307	-142.52	-3.1012
138.35	0.2276	20.261	-30.997	4.3998	-13.275	-4.9547	8.1854	-18.96	1.1607	-53.376	41.487	-61.967	-117.16	27.099	-40.3	-142.51	-3.0913
138.35	0.21453	20.255	-30.996	4.4145	-13.279	-4.9506	8.1892	-18.955	1.1546	-53.379	41.482	-61.974	-117.17	27.108	-40.301	-142.52	-3.0944
138.34	0.22444	20.259	-30.996	4.4152	-13.278	-4.9572	8.1861	-18.962	1.1362	-53.378	41.473	-61.964	-117.16	27.117	-40.3	-142.51	-3.0907
138.34	0.22487	20.26	-31.007	4.4086	-13.29	-4.9548	8.1981	-18.953	1.1367	-53.365	41.48	-61.971	-117.16	27.11	-40.306	-142.52	-3.0985
138.35	0.22661	20.26	-31.002	4.4105	-13.285	-4.9529	8.1861	-18.958	1.1289	-53.37	41.486	-61.976	-117.16	27.084	-40.303	-142.52	-3.0973
138.35	0.22521	20.259	-31.006	4.4059	-13.276	-4.9562	8.1981	-18.952	1.1227	-53.361	41.475	-61.981	-117.16	27.085	-40.306	-142.52	-3.0978
138.34	0.21094	20.245	-31	4.4119	-13.283	-4.9553	8.1981	-18.952	1.1235	-53.361	41.489	-61.985	-117.16	27.081	-40.297	-142.53	-3.0851
138.34	0.2253	20.258	-31.008	4.4065	-13.278	-4.9623	8.1963	-18.973	1.1115	-53.355	41.486	-61.986	-117.16	27.081	-40.308	-142.52	-3.0995
138.34	0.22571	20.258	-31.016	4.417	-13.29	-4.9574	8.2	-18.967	1.1123	-53.355	41.485	-61.977	-117.17	27.106	-40.292	-142.52	-3.0942
138.35	0.22851	20.249	-31.009	4.4078	-13.291	-4.9541	8.1979	-18.952	1.0986	-53.35	41.482	-61.977	-117.16	27.08	-40.294	-142.53	-3.0986
138.35	0.22899	20.25	-31.019	4.4131	-13.294	-4.9628	8.1949	-18.959	1.098	-53.338	41.488	-61.98	-117.15	27.086	-40.297	-142.53	-3.1003
138.34	0.22253	20.251	-31.022	4.4116	-13.283	-4.9607	8.2086	-18.962	1.0964	-53.337	41.486	-61.98	-117.17	27.09	-40.284	-142.54	-3.0945
138.34	0.22317	20.257	-31.02	4.4144	-13.294	-4.9578	8.2	-18.968	1.105	-53.333	41.493	-61.97	-117.16	27.097	-40.249	-142.52	-3.0684
138.35	0.22657	20.26	-31.004	4.4118	-13.285	-4.9623	8.1963	-18.973	1.1013	-53.335	41.491	-61.97	-117.16	27.087	-40.255	-142.52	-3.0747
138.35	0.23171	20.268	-31.005	4.4215	-13.269	-4.9583	8.2001	-18.967	1.1065	-53.33	41.483	-61.966	-117.16	27.088	-40.246	-142.51	-3.0808
138.35	0.22212	20.25	-31.009	4.4202	-13.286	-4.9503	8.2032	-18.961	1.1059	-53.331	41.494	-61.968	-117.16	27.11	-40.23	-142.51	-3.0677
138.35	0.23263	20.255	-31.002	4.4266	-13.278	-4.9432	8.2063	-18.953	1.1313	-53.327	41.496	-61.961	-117.15	27.093	-40.238	-142.51	-3.0756
138.35	0.2326	20.254	-31.005	4.4228	-13.282	-4.9463	8.2061	-18.958	1.1239	-53.331	41.49	-61.962	-117.15	27.08	-40.233	-142.51	-3.0719
138.35	0.23232	20.255	-30.995	4.4307	-13.273	-4.9499	8.2032	-18.96	1.1168	-53.324	41.491	-61.964	-117.14	27.108	-40.237	-142.51	-3.0717
138.35	0.22983	20.251	-31	4.4273	-13.277	-4.9542	8.1996	-18.967	1.1141	-53.326	41.488	-61.961	-117.15	27.092	-40.242	-142.5	-3.0715
138.36	0.23413	20.258	-30.999	4.4305	-13.288	-4.9521	8.2033	-18.959	1.1098	-53.326	41.486	-61.965	-117.16	27.089	-40.251	-142.5	-3.0613
138.35	0.22166	20.249	-31.002	4.4265	-13.278	-4.9499	8.2032	-18.96	1.1098	-53.326	41.486	-61.966	-117.14	27.095	-40.277	-142.53	-3.0873
138.35	0.22008	20.26	-31.005	4.4366	-13.274	-4.9503	8.2032	-18.96	1.1111	-53.326	41.486	-61.975	-117.15	27.088	-40.284	-142.52	-3.0877
138.35	0.22983	20.251	-31.013	4.4325	-13.283	-4.9507	8.2033	-18.96	1.0931	-53.326	41.491	-61.979	-117.15	27.086	-40.249	-142.5	-3.0623
138.35	0.22983	20.251	-30.999	4.4285	-13.276	-4.9602	8.2086	-18.963	1.0927	-53.325	41.478	-61.982	-117.14	27.09	-40.288	-142.52	-3.0904
138.34	0.22444	20.259	-31.003	4.4259	-13.279	-4.9607	8.2086	-18.962	1.0862	-53.317	41.491	-61.992	-117.15	27.083	-40.286	-142.52	-3.088
138.34	0.22528	20.26	-31.006	4.4244	-13.268	-4.9542	8.1996	-18.967	1.0893	-53.312	41.483	-61.994	-117.15	27.081	-40.294	-142.51	-3.0736
138.34	0.22593	20.247	-31.01	4.4365	-13.292	-4.9678	8.2054	-18.97	1.0801	-53.318	41.474	-61.988	-117.14	27.087	-40.301	-142.51	-3.0921
138.34	0.22539	20.247	-31.015	4.4312	-13.282	-4.9621	8.2089	-18.965	1.0774	-53.311	41.492	-61.998	-117.15	27.078	-40.29	-142.52	-3.0795
138.34	0.22705	20.242	-31.009	4.4358	-13.278	-4.9682	8.2054	-18.969	1.0645	-53.317	41.468	-61.993	-117.15	27.096	-40.267	-142.5	-3.0674
138.35	0.22859	20.263	-31.016	4.4301	-13.284	-4.9683	8.2052	-18.97	1.0717	-53.312	41.488	-61.996	-117.15	27.082	-40.254	-142.49	-3.0585
138.34	0.22636	20.26	-31.013	4.4316	-13.295	-4.9636	8.1965	-18.972	1.0829	-53.318	41.477	-61.995	-117.15	27.082	-40.26	-142.52	-3.0629
138.35	0.22893	20.263	-31.004	4.4242	-13.28	-4.9579	8.2	-18.967	1.0832	-53.331	41.47	-61.984	-117.15	27.083	-40.289	-142.54	-3.0846
138.35	0.22759	20.261	-31.005	4.4228	-13.282	-4.9674	8.2053	-18.97	1.0875	-53.345	41.478	-61.983	-117.15	27.083	-40.251	-142.51	-3.0503
138.33	0.22164	20.249	-31.003	4.4223	-13.281	-4.9535	8.2037	-18.961	1.1027	-53.371	41.459	-61.979	-117.15	27.099	-40.251	-142.52	-3.0554
138.35	0.22675	20.26	-30.983	4.4218	-13.269	-4.949	8.2032	-18.961	1.1246	-53.386	41.476	-61.974	-117.15	27.128	-40.253	-142.51	-3.0525
138.35	0.23175	20.253	-30.978	4.4081	-13.259	-4.9511	8.2033	-18.96	1.1412	-53.418	41.469	-61.962	-117.14	27.122	-40.244	-142.52	-3.0377
138.35	0.22722	20.261	-30.958	4.3702	-13.17	-4.9507	8.2033	-18.96	1.162	-53.457	41.444	-61.948	-117.15	27.118	-40.229	-142.52	-3.0317
138.35	0.22759	20.261	-30.943	4.3469	-13.144	-4.9456	8.1943	-18.963	1.1858	-53.514	41.44	-61.935	-117.16	27.159	-40.208	-142.55	-2.9919
138.35	0.22917	20.25	-30.914	4.3068	-13.134	-4.9173	8.2424	-18.964	1.2124	-53.596	41.398	-61.874	-117.18	27.209	-40.177	-142.56	-2.9536
138.34	0.22619	20.26	-30.848	4.2537	-13.089	-4.8162	8.2878	-18.938	1.271	-53.741	41.371	-61.814	-117.2	27.262	-40.13	-142.59	-2.9106
138.35	0.22875	20.263	-30.77	4.1818	-12.973	-4.7595	8.3955	-18.909	1.3967	-53.971	41.417	-61.746	-117.25	27.344	-40.14	-142.62	-2.8348
138.36	0.22164	20.266	-30.71	4.0603	-12.711	-4.7627	8.613	-18.752	1.5676	-54.252	41.508	-61.685	-117.34	27.454	-40.099	-142.66	-2.7939
138.35	0.21888	20.26	-30.357	4.1101	-11.42	-4.8221	8.9925	-18.261	1.8062	-54.651	41.668	-61.606	-117.45	27.573	-40.096	-142.75	-2.7459
138.35	0.21753	20.259	-30.084	4.145	-10.152	-4.6185	9.3655	-17.281	2.1744	-55.23	41.883	-61.464	-117.64	27.738	-40.042	-142.89	-2.726
138.34	0.21457	20.253	-29.858	4.1065	-8.572	-4.1102	9.6684	-15.95	2.7177	-56.05	42.22	-61.226	-117.87	27.914	-39.99	-143.04	-2.7394
138.35	0.21756	20.259	-29.567	4.0226	-6.677	-3.126	9.7147	-14.158	3.347	-57.05	42.658	-60.939	-118.21	28.048	-39.999	-143.2	-2.8433
138.35	0.21536	20.256	-29.209	3.9082	-4.8019	-1.7231	9.771	-12.221	4.1178	-58.307	43.251	-60.542	-118.64	28.24	-39.966	-143.37	-2.9925
138.35	0.21669	20.257	-28.812	3.7099	-2.9151	0.23273	9.717	-10.019	4.9484	-59.718	43.937	-60.083	-119.14	28.49	-39.887	-143.55	-3.1428
138.34	0.21047	20.259	-28.22	3.415	-0.83411	2.6088	9.5461	-7.751	5.8324	-61.286	44.614	-59.599	-119.68	28.738	-39.683	-143.85	-3.2521
138.35	0.21392	20.268	-27.356	2.9919	1.2789	4.9531	9.1071	-5.6025	6.8006	-62.926	45.317	-59.045	-120.24	28.982	-39.627	-143.95	-3.4616
138.34	0.20981	20.264	-26.191	2.5418	3.2218	7.4007	8.5586	-3.4746	7.8621	-64.541	45.923	-58.403	-120.81	29.232	-39.251	-144.52	-3.6077
138.34	0.21003	20.265	-24.817	1.9591	5.0325	9.7618	7.8057	-1.6441	9.0263	-66.205	46.477	-57.696	-121.44	29.555	-38.816	-144.9	-3.6913
138.35	0.20678	20.269	-23.268	1.3431	6.6545	12.306	6.993	0.065641	10.228	-67.853	46.911	-56.872	-122.07	29.864	-38.603	-145.09	-3.7172
138.36	0.20658	20.27	-21.604	0.67164	8.1562	14.956	6.0633	1.4779	11.59	-69.436	47.311	-55.972	-122.76	30.157	-37.921	-145.7	-3.7665
138.36	0.19653	20.266	-19.891	-0.018495	9.4429	17.871	5.0083	2.6893	13.036	-71.002	47.642	-54.928	-123.44	30.481	-37.311	-146.16	-3.8333
138.36	0.1948	20.263	-18.126	-0.78651	10.679	21.065	3.8249	3.8263	14.567	-72.593	47.892	-53.885	-124.15	30.779	-36.687	-146.68	-3.754
138.36	0.19523	20.266	-16.28	-1.579	11.653	24.473	2.4974	4.8306	16.163	-74.188	48.168	-52.868	-124.75	31.15	-35.767	-147.5	-3.4287
138.36	0.19261	20.276	-14.296	-2.4869	12.576	28.16	1.0686	5.7183	17.849	-75.755	48.521	-51.86	-125.29	31.51	-34.972	-148.15	-2.9814
138.37	0.18855	20.267	-12.172	-3.4737	13.428	32.022	-0.54733	6.5876	19.608	-77.36	48.799	-50.654	-125.91	31.825	-33.989	-148.59	-2.7428
138.36	0.18324	20.259	-9.8714	-4.4573	14.045	36.098	-2.225	7.6189	21.481	-79.049	49.094	-49.232	-126.7	32.103	-32.742	-149.4	-2.6787
138.36	0.18271	20.272	-7.4029	-5.4881	14.645	40.139	-4.0476	8.6172	23.439	-80.807	49.408	-47.596	-127.53	32.349	-31.37	-150.44	-2.5473
138.36	0.1851	20.276	-4.7159	-6.648	15.337	44.18	-5.988	9.5721	25.513	-82.638	49.747	-45.868	-128.29	32.611	-30.06	-151.27	-2.3964
138.36	0.17444	20.269	-1.8039	-7.8665	16.072	48.275	-7.9251	10.586	27.668	-84.471	50.081	-44.144	-128.99	32.933	-28.723	-151.84	-2.1093
138.36	0.18171	20.273	1.3169	-9.0638	16.666	52.32	-9.9808	11.454	30.004	-86.296	50.4	-42.326	-129.69	33.271	-26.963	-152.79	-1.9396
138.37	0.17851	20.277	4.5104	-10.242	17.258	56.751	-11.725	12.751	32.719	-87.866	51.001	-40.426	-130.43	33.599	-25.339	-153.55	-1.7955
138.36	0.18463	20.276	7.8037	-11.44	17.864	60.773	-13.788	13.415	35.3	-89.614	51.121	-38.355	-131.17	33.967	-23.667	-154.28	-1.5661
138.37	0.17725	20.262	11.175	-12.602	18.389	64.838	-15.851	13.974	37.957	-91.369	51.309	-36.171	-131.88	34.382	-21.981	-154.97	-1.2467
138.37	0.18771	20.266	14.573	-13.804	18.967	68.424	-18.068	14.003	40.707	-93.02	51.362	-33.922	-132.51	34.765	-20.093	-155.62	-0.86948
138.37	0.18598	20.278	18.024	-14.935	19.43	72.539	-20.052	14.339	43.49	-94.636	51.484	-31.629	-133.1	35.225	-18.218	-156.22	-0.62304
138.36	0.19866	20.27	21.468	-15.943	19.714	76.581	-21.961	14.529	46.349	-96.143	51.461	-29.254	-133.66	35.617	-16.35	-156.58	-0.26593
138.36	0.19847	20.27	24.899	-17.041	19.929	81.216	-23.6	15.083	49.248	-97.525	51.421	-26.833	-134.2	36.07	-14.395	-157.1	0.058846
138.37	0.20354	20.277	28.319	-18.042	20.022	85.312	-25.32	15.17	52.133	-98.782	51.331	-24.326	-134.69	36.438	-12.22	-157.73	0.44887
138.37	0.20271	20.276	31.673	-18.936	19.822	89.484	-27.003	15.14	55.027	-99.912	51.206	-21.809	-135.1	36.797	-10.131	-158.01	0.76587
138.37	0.20673	20.28	34.97	-19.755	19.577	93.61	-28.583	14.991	57.911	-100.89	51.077	-19.267	-135.43	37.142	-7.7733	-158.77	0.93364
138.37	0.20419	20.278	38.135	-20.525	19.198	97.739	-30.042	14.768	60.735	-101.74	50.872	-16.689	-135.73	37.423	-5.5311	-159.16	1.3041
138.36	0.20997	20.276	41.212	-21.152	18.729	101.45	-31.574	14.081	63.534	-102.39	50.668	-14.101	-135.93	37.671	-3.279	-159.29	1.4633
138.36	0.21233	20.277	44.162	-21.704	18.149	105.63	-32.752	13.781	66.307	-102.89	50.423	-11.542	-136.08	37.872	-0.96827	-159.53	1.9595
138.37	0.20962	20.271	47.03	-22.133	17.453	110.19	-33.631	13.742	69.058	-103.25	50.18	-8.9748	-136.12	38.03	1.4648	-159.76	2.1845
138.36	0.20633	20.271	49.781	-22.47	16.604	114.24	-34.583	13.16	71.741	-103.4	49.883	-6.4121	-136.09	38.205	4.1242	-160.29	2.4184
138.37	0.20172	20.275	52.464	-22.702	15.663	118.3	-35.394	12.662	74.482	-103.43	49.602	-3.8811	-135.98	38.332	6.5368	-160.46	2.7656
138.36	0.20107	20.273	55.101	-22.839	14.578	122.25	-36.111	12.136	77.167	-103.36	49.282	-1.3446	-135.81	38.457	8.9831	-160.57	3.1579
138.36	0.19801	20.269	57.646	-22.962	13.609	125.65	-36.963	11.155	79.823	-103.16	48.941	1.2047	-135.59	38.588	11.407	-160.63	3.485
138.36	0.19932	20.269	60.106	-22.93	12.679	129.89	-37.287	11.033	82.478	-102.89	48.562	3.7262	-135.33	38.665	13.829	-160.6	3.7676
138.37	0.19223	20.271	62.444	-22.791	11.676	133.15	-37.839	10.126	85.12	-102.52	48.156	6.2532	-135.04	38.775	16.284	-160.49	3.9853
138.36	0.1967	20.267	64.756	-22.627	10.939	137.03	-38.049	9.9234	87.707	-102.15	47.754	8.7741	-134.73	38.833	18.406	-160.08	4.2429
138.37	0.18987	20.27	66.987	-22.34	10.192	140.07	-38.32	9.0535	90.297	-101.71	47.332	11.289	-134.41	38.896	20.85	-159.91	4.3685
138.37	0.19115	20.269	69.11	-21.984	9.4541	143.56	-38.236	8.8441	92.856	-101.17	46.932	13.787	-134.05	38.956	23.391	-159.93	4.5872
138.38	0.18361	20.267	71.197	-21.594	8.8431	146.63	-38.116	8.3619	95.312	-100.55	46.538	16.227	-133.65	38.977	25.478	-159.37	4.6031
138.38	0.18537	20.273	73.18	-21.099	8.2036	149.41	-37.771	7.9207	97.741	-99.907	46.115	18.634	-133.23	39.014	27.927	-159.19	4.7113
138.37	0.19285	20.273	75.087	-20.585	7.6299	151.99	-37.276	7.4492	100.11	-99.158	45.759	20.986	-132.73	38.974	30.015	-158.55	4.7469
138.39	0.19209	20.268	76.862	-20	7.0888	154.3	-36.581	6.9713	102.37	-98.311	45.455	23.303	-132.24	39.035	32.407	-158.38	4.7763
138.38	0.19658	20.264	78.54	-19.358	6.5974	156.29	-35.875	6.384	104.52	-97.418	45.17	25.514	-131.64	39.015	34.468	-157.8	4.8901
138.38	0.20231	20.27	80.142	-18.638	6.1151	158.22	-34.941	5.9669	106.56	-96.427	45.001	27.618	-131	39.075	36.522	-157.11	4.9859
138.37	0.21027	20.257	81.667	-17.872	5.702	159.96	-33.854	5.6242	108.51	-95.367	44.926	29.625	-130.28	39.111	38.461	-156.39	5.0703
138.38	0.21109	20.274	83.109	-17.011	5.3056	161.5	-32.622	5.3576	110.31	-94.185	44.982	31.52	-129.5	39.226	40.485	-155.89	5.3548
138.37	0.20813	20.268	84.45	-16.169	5.0706	162.83	-31.224	5.1826	112.06	-92.938	45.083	33.292	-128.67	39.252	42.419	-155.21	5.5796
138.37	0.20813	20.268	85.743	-15.324	4.7225	138.36	0.21299	20.263	113.72	-91.616	45.216	35.044	-127.83	39.372	44.337	-154.54	5.705
138.37	0.20813	20.268	87.005	-14.378	4.4677	138.37	0.21715	20.27	115.29	-90.265	45.503	36.716	-126.92	39.533	46.205	-153.86	5.9811
138.37	0.20813	20.268	88.277	-13.365	4.1362	138.35	0.21968	20.263	116.83	-88.83	45.748	38.389	-125.96	39.615	47.952	-152.9	6.321
138.37	0.20813	20.268	89.501	-12.424	3.9314	138.35	0.21705	20.272	118.32	-87.452	46.041	39.969	-124.99	39.747	49.763	-152.12	6.6684
138.37	0.20813	20.268	90.81	-11.422	3.7759	138.35	0.21454	20.271	119.82	-86.031	46.321	41.54	-124.01	39.904	51.629	-151.33	6.9292
138.37	0.20813	20.268	92.104	-10.392	3.462	138.35	0.21541	20.271	121.33	-84.623	46.65	43.134	-122.99	40.019	53.273	-150.3	7.1783
138.37	0.20813	20.268	93.461	-9.336	3.3598	138.34	0.20912	20.275	122.79	-83.245	46.895	44.693	-121.97	40.161	55.097	-149.48	7.4768
138.37	0.20813	20.268	94.84	-8.3611	3.1808	138.33	0.20208	20.263	124.31	-81.886	47.222	46.269	-120.94	40.359	56.611	-148.27	7.7321
138.37	0.20813	20.268	96.248	-7.3685	3.2172	138.34	0.20765	20.277	125.79	-80.582	47.404	47.848	-119.92	40.483	58.488	-147.55	8.027
138.37	0.20813	20.268	97.598	-6.3309	3.1923	138.34	0.20805	20.277	127.32	-79.313	47.71	49.398	-118.92	40.633	59.997	-146.41	8.2208
138.37	0.20813	20.268	98.957	-5.3182	3.335	138.33	0.19931	20.262	128.83	-78.087	47.895	50.936	-117.95	40.827	61.611	-145.43	8.4197
138.37	0.20813	20.268	100.3	-4.2375	3.4174	138.35	0.20015	20.275	130.32	-76.93	48.12	52.469	-117.01	40.986	63.228	-144.62	8.6255
138.37	0.20813	20.268	101.66	-3.2321	3.7315	138.34	0.19653	20.271	131.81	-75.765	48.226	53.996	-116.11	41.14	64.688	-143.59	8.7807
138.37	0.20813	20.268	103.08	-2.2212	3.9808	138.35	0.18986	20.271	133.29	-74.66	48.41	55.527	-115.22	41.283	66.183	-142.63	8.8331
138.37	0.20813	20.268	104.48	-1.2405	4.1772	138.35	0.18957	20.272	134.76	-73.551	48.504	57.033	-114.39	41.426	67.698	-141.8	8.9262
138.37	0.20813	20.268	105.92	-0.33983	4.2627	138.36	0.18536	20.275	136.22	-72.467	48.656	58.484	-113.57	41.556	69.103	-140.85	9.0726
174.2	-3.7965	3.4142	107.46	0.59465	4.2491	138.36	0.19671	20.266	137.66	-71.357	48.777	59.93	-112.76	41.66	70.511	-139.95	9.0894
172.92	-1.9653	2.0892	108.98	1.3835	4.2855	138.36	0.18758	20.265	139.06	-70.259	48.871	61.33	-111.97	41.766	71.956	-139.24	9.1163
172.61	-0.79703	1.2761	110.58	2.1598	4.0892	138.37	0.19028	20.266	140.42	-69.15	48.923	62.659	-111.19	41.803	73.226	-138.19	9.1715
172.61	-0.79703	1.2761	112.21	2.8865	3.7199	138.36	0.19679	20.267	141.72	-68.007	48.958	63.953	-110.42	41.84	74.682	-137.73	9.2857
172.61	-0.79703	1.2761	113.86	3.5416	3.2879	138.37	0.2023	20.275	143.04	-66.824	48.98	65.204	-109.67	41.844	76.005	-136.96	9.3866
172.61	-0.79703	1.2761	115.51	4.1219	2.6927	138.36	0.20765	20.273	144.27	-65.691	48.981	66.441	-108.92	41.842	77.129	-136.04	9.357
172.61	-0.79703	1.2761	117.18	4.625	1.9741	138.36	0.2086	20.275	145.45	-64.534	48.916	67.623	-108.23	41.732	78.579	-135.67	9.4952
172.61	-0.79703	1.2761	118.93	5.1055	1.2321	138.35	0.21628	20.276	146.59	-63.476	48.915	68.827	-107.54	41.67	79.807	-134.92	9.428
172.61	-0.79703	1.2761	120.62	5.4949	0.26841	138.28	0.17808	20.254	147.45	-62.703	48.456	69.967	-106.89	41.57	81.182	-134.46	9.4744
163.22	7.5747	-6.6094	121.43	5.9047	-0.30314	139.3	0.619	20.291	148.57	-61.741	48.405	71.094	-106.26	41.443	82.38	-133.88	9.4474
163.22	7.5747	-6.6094	122.93	6.4786	-0.63834	140.87	1.1254	20.284	149.7	-60.833	48.34	72.281	-105.68	41.393	83.696	-133.42	9.488
163.22	7.5747	-6.6094	124.06	7.0096	-0.87881	141.94	1.602	20.36	150.88	-60.016	48.285	73.477	-105.19	41.314	85.08	-133.07	9.4907
163.22	7.5747	-6.6094	125.07	7.5725	-1.1229	142.98	2.3515	20.358	152.15	-59.553	48.273	74.724	-104.81	41.265	86.377	-132.7	9.4663
163.22	7.5747	-6.6094	126.41	7.8891	-1.2337	144.16	2.7105	20.268	153.48	-59.069	48.382	76.066	-104.46	41.329	87.687	-132.27	9.5444
166.99	10.149	-7.6875	127.91	8.1398	-1.2064	145.91	2.8897	20.283	154.83	-58.659	48.496	77.437	-104.15	41.376	89.033	-131.93	9.6156
166.99	10.149	-7.6875	129.57	8.393	-1.2297	147.79	3.101	20.357	156.33	-58.366	48.662	78.844	-103.82	41.454	90.476	-131.64	9.7245
166.99	10.149	-7.6875	131.37	8.5501	-1.0478	149.31	3.2209	20.309	157.94	-58.182	48.84	80.332	-103.49	41.608	91.978	-131.36	9.8894
166.99	10.149	-7.6875	133.22	8.7267	-1.1417	151.11	3.3549	20.29	159.59	-57.984	49.112	81.866	-103.23	41.761	93.45	-131.07	10.023
166.99	10.149	-7.6875	135.17	8.8335	-0.95484	152.89	3.4204	20.312	161.33	-57.809	49.41	83.498	-103	41.956	95.051	-130.86	10.21
166.99	10.149	-7.6875	137.23	8.9776	-0.85713	154.63	3.4363	20.353	163.17	-57.711	49.775	85.23	-102.76	42.185	96.825	-130.78	10.419
166.99	10.149	-7.6875	139.34	9.0113	-0.73594	156.31	3.4169	20.537	165.04	-57.65	50.127	87.021	-102.57	42.376	98.529	-130.55	10.618
166.99	10.149	-7.6875	141.47	9.0246	-0.37576	158.19	3.4694	21.004	167.02	-57.642	50.561	88.906	-102.39	42.637	100.4	-130.4	10.872
166.99	10.149	-7.6875	143.78	9.1281	0.22107	160.16	3.4207	21.442	169.08	-57.717	51.02	90.877	-102.28	42.888	102.21	-130.11	11.023
184.34	10.461	-4.9386	146.05	9.1301	0.77021	162.48	3.4369	22.165	171.28	-57.845	51.53	92.938	-102.24	43.16	104.36	-130.27	11.343
187.05	10.728	-3.778	148.78	9.4979	2.0389	164.99	3.3787	22.882	173.52	-58.027	52.039	95.108	-102.2	43.476	106.41	-130.23	11.615
189.59	10.677	-3.0563	151.05	9.1898	2.2903	167.62	3.3202	23.631	175.84	-58.181	52.586	97.338	-102.23	43.776	108.43	-130.08	11.868
191.47	10.119	-3.247	153.7	9.1887	3.1194	170.28	3.1673	24.402	178.25	-58.435	53.072	99.671	-102.23	44.156	110.59	-130.03	12.145
194.23	10.008	-2.49	156.37	9.0922	3.7847	173.04	3.0617	25.194	180.69	-58.666	53.652	102.02	-102.24	44.51	112.82	-130	12.466
197.72	10.204	-1.0015	159.25	8.9805	4.4135	175.74	2.8269	25.87	183.24	-58.971	54.279	104.42	-102.19	44.895	115.1	-130	12.83
200.02	9.6407	-0.93952	162.21	8.8772	5.2174	178.62	2.6057	26.658	185.84	-59.259	54.916	106.86	-102.16	45.249	117.43	-129.97	13.206
203.73	9.7846	0.73191	165.23	8.7037	5.9374	181.66	2.3948	27.445	188.49	-59.57	55.507	109.33	-102.12	45.652	119.81	-129.98	13.568
206.24	9.0989	0.73804	168.41	8.531	6.7025	184.65	2.0538	28.096	191.14	-59.909	56.108	111.84	-102.08	46.049	122.37	-130.11	14.004
210.18	9.1015	2.1987	171.69	8.3132	7.3466	187.88	1.7887	28.896	193.9	-60.25	56.761	114.41	-102	46.448	124.78	-130.12	14.373
213.47	8.7348	3.0034	174.98	8.0432	8.0199	191.13	1.4248	29.563	196.72	-60.636	57.412	116.97	-101.91	46.814	127.11	-129.83	14.799
216.28	7.9413	2.947	178.38	7.857	8.684	194.43	1.0805	30.232	199.5	-61.049	57.955	119.59	-101.78	47.182	129.63	-129.87	15.148
219.63	7.4675	3.5826	181.74	7.5261	9.2807	197.81	0.67714	30.87	202.39	-61.429	58.559	122.2	-101.71	47.563	132.04	-129.67	15.557
223.78	7.3652	4.8503	185.25	7.2518	9.7174	201.22	0.30852	31.457	205.27	-61.784	59.098	124.87	-101.58	47.916	134.71	-129.84	15.922
226.6	6.5501	4.7179	188.61	6.8359	10.134	204.62	-0.11616	31.925	208.13	-62.193	59.517	127.55	-101.46	48.207	137.21	-129.75	16.309
229.99	6.0056	5.1055	192.06	6.5351	10.508	208.1	-0.46622	32.461	211.09	-62.578	60	130.26	-101.35	48.577	139.66	-129.59	16.636
234.16	5.9643	6.3069	195.48	6.1823	11.014	211.51	-0.86967	32.87	214.07	-62.941	60.374	132.97	-101.24	48.86	142.49	-129.95	16.964
237.56	5.5446	6.6919	198.87	5.8711	11.132	214.91	-1.2914	33.195	217.01	-63.286	60.676	135.7	-101.11	49.176	144.89	-129.64	17.266
240.31	4.7071	6.1552	202.19	5.4951	11.537	218.26	-1.7063	33.485	219.98	-63.667	60.937	138.41	-101	49.441	147.38	-129.56	17.587
243.66	4.2993	6.3809	205.12	4.735	11.079	221.63	-2.0555	33.824	222.94	-64.002	61.167	141.14	-100.88	49.708	149.95	-129.48	17.856
246.9	3.9122	6.5771	208.38	4.5523	11.221	224.95	-2.3933	34.034	225.83	-64.321	61.298	143.83	-100.75	49.918	152.44	-129.48	18.053
250.8	3.9333	7.4517	211.6	4.1886	11.547	228.19	-2.7097	34.255	228.72	-64.565	61.434	146.5	-100.62	50.102	154.88	-129.35	18.267
253.2	3.2027	6.734	214.77	3.9214	11.639	231.33	-3.0236	34.303	231.53	-64.833	61.498	149.15	-100.48	50.284	157.35	-129.18	18.462
257.02	3.3174	7.6063	217.81	3.7423	11.605	234.46	-3.3086	34.431	234.35	-65.002	61.605	151.75	-100.34	50.363	159.78	-129.12	18.611
259.41	2.5861	6.7842	220.87	3.4711	11.625	237.48	-3.5788	34.44	237.08	-65.204	61.611	154.32	-100.18	50.441	162.12	-129.11	18.677
262.38	2.2726	6.6569	223.86	3.293	11.467	240.47	-3.8407	34.372	239.75	-65.361	61.604	156.85	-99.99	50.505	164.51	-129.06	18.82
265.4	1.9735	6.6048	226.82	2.957	11.646	243.42	-4.0894	34.306	242.36	-65.529	61.538	159.31	-99.784	50.478	166.71	-128.66	18.909
268.36	1.6183	6.4498	229.77	2.5743	11.452	246.31	-4.3356	34.201	244.9	-65.672	61.522	161.71	-99.56	50.418	169.09	-128.86	18.918
271.28	1.2973	6.3177	232.68	2.3613	11.143	249.13	-4.6088	34.022	247.37	-65.778	61.476	164.04	-99.323	50.296	171.27	-128.62	18.873
274.27	0.9456	6.2144	235.57	2.0594	10.889	251.95	-4.8892	33.802	249.8	-65.939	61.422	166.33	-99.047	50.213	173.37	-128.52	18.799
277.06	0.44181	5.9149	238.39	1.8071	10.577	254.73	-5.15	33.557	252.14	-66.063	61.296	168.53	-98.757	50.061	175.51	-128.32	18.737
280.05	0.13319	5.8673	241.2	1.4772	10.273	257.41	-5.4372	33.311	254.41	-66.216	61.151	170.68	-98.447	49.868	177.59	-128.24	18.627
282.79	-0.26599	5.6369	243.93	1.1387	9.9416	260.03	-5.735	33.029	256.69	-66.362	61.058	172.8	-98.164	49.677	179.52	-128.06	18.517
285.46	-0.66474	5.461	246.57	0.8046	9.6771	262.55	-6.0746	32.697	258.84	-66.603	60.789	174.85	-97.907	49.471	181.4	-127.91	18.422
288.08	-1.0117	5.2821	249.13	0.51376	9.4326	265.08	-6.3681	32.516	261.02	-66.795	60.642	176.84	-97.674	49.286	183.52	-128.15	18.31
291.11	-1.064	5.7325	251.58	0.244	9.1832	267.51	-6.6937	32.306	263.12	-67.075	60.368	178.8	-97.429	49.092	185.03	-127.61	18.157
292.9	-1.771	4.7694	253.93	0.03373	9.0035	269.85	-7.0531	32.068	265.14	-67.293	60.045	180.66	-97.224	48.889	186.75	-127.36	17.848
295.13	-2.0616	4.5496	256.18	-0.19137	8.9199	272.1	-7.3779	31.859	267.11	-67.56	59.785	182.48	-97.029	48.71	188.33	-127.22	17.724
297.2	-2.3715	4.1893	258.29	-0.44427	8.5678	274.31	-7.64	31.632	269	-67.774	59.447	184.17	-96.849	48.487	189.83	-127.12	17.406
299.2	-2.5692	3.8719	260.24	-0.60521	8.3947	276.37	-7.8439	31.376	270.77	-67.927	59.095	185.82	-96.665	48.304	191.63	-127.28	17.273
301.62	-2.362	4.235	262.03	-0.67517	8.2252	278.16	-8.0702	31.085	272.42	-68.032	58.751	187.38	-96.488	48.096	192.64	-126.73	16.956
302.64	-2.8249	3.0723	263.74	-0.84643	7.9152	279.91	-8.1666	30.718	273.96	-68.056	58.334	188.85	-96.29	47.888	194.11	-126.55	16.796
304.29	-2.8233	2.7849	265.24	-0.77565	7.5525	281.47	-8.1986	30.447	275.46	-68.017	58.058	190.23	-96.087	47.68	195.31	-126.36	16.549
306.25	-2.4337	3.0799	266.66	-0.89669	7.2607	282.93	-8.1708	30.065	276.78	-67.925	57.641	191.52	-95.862	47.431	196.4	-126.2	16.287
306.96	-2.6763	1.9599	267.92	-0.82731	6.9741	284.2	-8.1224	29.67	278.01	-67.752	57.325	192.73	-95.606	47.212	197.48	-126.04	16.074
308.16	-2.5164	1.5274	269.07	-0.75201	6.4087	285.38	-7.9741	29.197	279.15	-67.502	56.967	193.85	-95.34	46.956	198.5	-125.8	15.907
309.19	-2.3653	1.0014	270.11	-0.67265	6.0134	286.45	-7.7926	28.807	280.17	-67.226	56.615	194.86	-95.055	46.65	199.46	-125.58	15.67
310.74	-1.8163	1.2075	271	-0.49919	5.5208	287.39	-7.5535	28.229	281.09	-66.868	56.26	195.77	-94.716	46.379	200.33	-125.35	15.45
311.01	-1.8775	-0.025094	271.79	-0.27125	4.7909	288.2	-7.2862	27.716	281.96	-66.461	55.879	196.59	-94.388	46.096	201.19	-125.09	15.286
311.7	-1.6249	-0.69466	272.52	-0.15392	4.3541	288.92	-6.9702	27.053	282.71	-66.04	55.446	197.34	-94.018	45.766	201.92	-124.87	15.058
312.83	-1.0253	-0.69769	273.07	0.17199	3.6879	289.56	-6.5925	26.513	283.38	-65.546	55.067	197.99	-93.669	45.4	202.8	-125.06	14.882
313.38	-0.62763	-1.2846	273.57	0.43326	2.8388	290.05	-6.2165	25.758	283.96	-65.028	54.533	198.6	-93.299	45.095	203.48	-124.72	14.802
313.75	-0.27697	-2.107	273.93	0.70295	2.2017	290.45	-5.7938	25.061	284.52	-64.51	54.057	199.16	-92.918	44.774	203.65	-124.08	14.315
314.58	0.69844	-1.9836	274.2	0.97319	1.431	290.77	-5.3551	24.346	284.98	-63.972	53.53	199.61	-92.579	44.38	204.2	-123.78	14.139
314.91	1.2144	-2.7185	274.38	1.2665	0.60508	290.98	-4.9215	23.429	285.41	-63.413	52.936	200.03	-92.209	44.027	204.59	-123.57	13.853
314.83	1.4264	-3.853	274.52	1.5307	-0.32878	291.15	-4.427	22.619	285.75	-62.829	52.309	200.38	-91.879	43.645	204.82	-123.32	13.559
314.48	1.5162	-5.4817	274.46	1.8463	-1.0796	291.48	-3.662	22.004	286.05	-62.238	51.585	200.65	-91.532	43.193	205.13	-123.09	13.204
315.21	2.3874	-5.5929	274.49	2.2871	-1.7124	291.97	-2.5734	21.759	286.35	-61.751	50.869	200.88	-91.182	42.737	205.33	-122.9	12.822
314.65	2.44	-6.9493	274.51	2.7782	-1.6803	292.28	-2.2446	21.652	286.58	-61.367	50.198	201.03	-90.831	42.272	205.51	-122.59	12.495
314.65	2.44	-6.9493	274.48	3.1818	-2.031	292.24	-1.7821	21.745	286.77	-61.126	49.581	201.13	-90.541	41.796	205.63	-122.35	12.071
314.71	3.2277	-7.9898	274.43	3.5571	-2.0706	292.31	-1.5191	21.751	286.9	-60.967	48.938	201.21	-90.36	41.354	205.68	-122.13	11.677
314.71	3.2277	-7.9898	274.36	3.9217	-2.2528	292.31	-1.1598	21.712	287.03	-60.778	48.34	201.29	-90.208	40.963	205.69	-121.91	11.226
314.71	3.2277	-7.9898	274.32	4.2136	-2.3398	292.31	-0.89378	21.662	287.11	-60.644	47.779	201.33	-90.046	40.558	205.69	-121.72	10.762
314.71	3.2277	-7.9898	274.27	4.4905	-2.5566	292.27	-0.6502	21.642	287.14	-60.489	47.343	201.32	-89.852	40.183	205.57	-121.52	10.357
314.87	4.1104	-9.6492	274.19	4.6874	-2.7192	292.23	-0.4399	21.624	287.16	-60.32	46.931	201.26	-89.64	39.869	205.47	-121.37	10.08
314.86	4.2791	-9.9036	274.13	4.801	-2.8161	292.18	-0.19788	21.686	287.06	-60.202	46.677	201.14	-89.447	39.614	205.38	-121.17	9.8068
314.86	4.2791	-9.9036	274.04	4.9907	-2.8401	292.14	-0.038237	21.713	286.91	-60.077	46.474	200.98	-89.282	39.34	205.22	-121.05	9.5355
314.86	4.2791	-9.9036	273.97	5.2073	-3.1317	292.1	0.057557	21.716	286.73	-59.936	46.407	200.8	-89.103	39.127	205.04	-120.95	9.3571
314.86	4.2791	-9.9036	273.9	5.286	-3.2316	292.05	0.14414	21.742	286.58	-59.828	46.4	200.62	-88.958	39.005	205.2	-121.28	9.444
314.86	4.2791	-9.9036	273.84	5.2667	-3.2203	292.01	0.18767	21.736	286.38	-59.763	46.441	200.44	-88.82	38.933	204.78	-120.73	9.3345
314.86	4.2791	-9.9036	273.75	5.3028	-3.2828	291.95	0.24138	21.728	286.2	-59.677	46.462	200.27	-88.705	38.882	204.66	-120.68	9.3138
314.53	4.6119	-10.25	273.61	5.4097	-3.396	291.85	0.3434	21.741	286.06	-59.61	46.462	200.12	-88.636	38.854	204.84	-121.13	9.407
314.44	4.6737	-10.245	273.45	5.4682	-3.4587	291.73	0.43231	21.746	285.96	-59.526	46.508	199.98	-88.61	38.821	204.64	-121.18	9.3765
314.44	4.6737	-10.245	273.33	5.4802	-3.8185	291.55	0.49385	21.709	285.86	-59.438	46.549	199.87	-88.575	38.803	204.27	-120.72	9.3133
314.44	4.6737	-10.245	273.11	5.381	-4.4121	291.31	0.54878	21.665	285.77	-59.33	46.557	199.79	-88.546	38.797	204.19	-120.71	9.3726
314.44	4.6737	-10.245	272.84	5.2581	-4.9514	291.09	0.65527	21.674	285.65	-59.166	46.522	199.69	-88.501	38.767	204.1	-120.69	9.4563
314.44	4.6737	-10.245	272.68	5.241	-5.1934	290.97	0.74399	21.682	285.54	-59.049	46.436	199.61	-88.387	38.725	203.99	-120.67	9.5813
314.44	4.6737	-10.245	272.61	5.2419	-5.3222	290.93	0.75834	21.686	285.42	-58.947	46.353	199.49	-88.231	38.656	203.9	-120.62	9.6428
314.44	4.6737	-10.245	272.56	5.2315	-5.457	290.9	0.74869	21.677	285.3	-58.915	46.31	199.34	-88.103	38.581	204.1	-121.04	9.7537
314.44	4.6737	-10.245	272.46	5.2092	-5.7012	290.81	0.71274	21.646	285.16	-58.832	46.262	199.17	-88.045	38.525	203.64	-120.58	9.6285
313.9	4.1514	-12.07	272.28	5.2549	-6.2399	290.66	0.66625	21.651	285.03	-58.728	46.104	199.03	-87.988	38.488	203.51	-120.58	9.6406
313.9	4.1514	-12.07	272.13	5.1201	-6.9356	290.53	0.6214	21.671	284.89	-58.604	45.933	198.91	-87.867	38.444	203.31	-120.61	9.6794
313.9	4.1514	-12.07	271.98	4.9851	-7.4045	290.43	0.58023	21.693	284.74	-58.465	45.747	198.76	-87.657	38.37	203.15	-120.51	9.8252
313.9	4.1514	-12.07	271.83	4.9298	-7.8391	290.33	0.52607	21.702	284.6	-58.253	45.609	198.55	-87.431	38.312	202.99	-120.44	9.9888
313.9	4.1514	-12.07	271.65	4.9953	-8.5337	290.25	0.49306	21.673	284.41	-58.109	45.486	198.31	-87.247	38.258	202.85	-120.39	10.079
314.23	2.8187	-14.259	271.46	4.9446	-8.949	290.16	0.4911	21.68	284.18	-57.96	45.377	198.06	-87.12	38.19	202.54	-120.44	9.9962
314.23	2.8187	-14.259	271.26	4.8591	-9.3411	290.1	0.48801	21.703	283.98	-57.817	45.302	197.83	-86.984	38.114	202.34	-120.39	10.016
314.56	2.3051	-14.769	270.9	4.6162	-9.9224	290.16	0.54231	21.744	283.68	-57.69	45.203	197.61	-86.838	38.034	202.13	-120.29	10.144
314.9	1.9605	-14.918	270.62	4.557	-10.231	290.13	0.52433	21.748	283.41	-57.549	45.111	197.38	-86.703	37.987	201.96	-120.27	10.262
315.4	1.5767	-14.931	270.27	4.5774	-10.684	290.09	0.50219	21.732	283.09	-57.382	45.088	197.07	-86.581	37.924	201.78	-120.26	10.331
316.09	1.1896	-14.859	269.76	4.5856	-10.882	290.08	0.49303	21.733	282.74	-57.265	44.972	196.78	-86.492	37.898	201.44	-120.32	10.285
316.98	0.70271	-14.648	269.23	4.6161	-11.186	290.08	0.49543	21.724	282.45	-57.187	45.031	196.46	-86.395	37.875	201.19	-120.29	10.445
318.07	0.10441	-14.173	268.6	4.6289	-11.067	290.07	0.49143	21.731	282.08	-57.206	45.034	196.13	-86.369	37.869	200.95	-120.31	10.604
319.28	-0.57199	-13.499	267.98	4.7637	-11.224	290.07	0.50211	21.72	281.76	-57.277	45.097	195.8	-86.404	37.938	200.54	-120.47	10.599
320.51	-1.3816	-12.699	267.38	4.7224	-10.994	290.07	0.50399	21.738	281.39	-57.443	45.225	195.44	-86.482	38.025	200.27	-120.58	10.729
321.72	-2.2284	-11.802	266.69	4.7311	-10.646	290.06	0.51116	21.738	280.98	-57.729	45.375	195.04	-86.653	38.14	199.96	-120.69	10.934
322.9	-3.1467	-10.805	265.92	4.756	-10.264	290.06	0.50757	21.732	280.54	-58.09	45.538	194.67	-86.839	38.371	199.48	-120.9	10.974
324.06	-4.1872	-9.678	265.26	4.8653	-9.738	290.06	0.50633	21.729	280.15	-58.467	45.818	194.21	-87.119	38.593	199.11	-121.19	11.266
325.1	-5.2166	-8.5307	264.57	4.8647	-8.956	290.06	0.51605	21.734	279.7	-58.944	46.09	193.76	-87.411	38.896	198.62	-121.36	11.516
326.01	-6.3873	-7.4785	263.85	4.8996	-8.3058	290.06	0.50878	21.733	279.19	-59.503	46.359	193.25	-87.784	39.193	198.04	-121.73	11.659
326.8	-7.6177	-6.3092	262.97	4.8099	-7.3847	290.06	0.51097	21.736	278.68	-60.078	46.684	192.72	-88.207	39.544	197.53	-122.02	12.019
327.56	-8.8057	-5.0501	262.13	4.6402	-6.601	290.06	0.51628	21.721	278.09	-60.73	47.011	192.13	-88.685	39.898	196.81	-122.43	12.157
328.2	-10.118	-3.8008	261.16	4.4391	-5.7601	290.07	0.51653	21.73	277.45	-61.465	47.359	191.48	-89.202	40.278	196.2	-122.8	12.555
328.74	-11.487	-2.5171	260.2	4.2246	-5.0078	290.07	0.51458	21.73	276.75	-62.222	47.754	190.8	-89.728	40.651	195.43	-123.3	12.744
329.2	-12.925	-1.1507	259.14	3.9394	-4.1064	290.07	0.50438	21.723	275.96	-63.045	48.175	190	-90.325	41.036	194.59	-123.81	13.008
329.56	-14.397	0.24789	258.09	3.5313	-3.154	290.08	0.51155	21.738	275.07	-63.928	48.644	189.14	-90.928	41.465	193.92	-124.68	13.5
329.76	-15.907	1.6575	257	3.2185	-2.4865	290.08	0.50937	21.733	274.1	-64.82	49.213	188.18	-91.537	41.856	192.83	-124.71	13.694
329.8	-17.415	3.1122	255.87	2.779	-1.5898	290.08	0.50024	21.728	273	-65.811	49.761	187.11	-92.176	42.321	191.78	-125.23	14.007
329.7	-18.873	4.7237	254.7	2.2116	-0.46561	290.1	0.50751	21.743	271.81	-66.831	50.396	185.95	-92.87	42.817	190.64	-125.82	14.373
329.31	-20.445	6.0871	253.53	1.6887	0.51055	290.09	0.49578	21.732	270.53	-67.938	51.091	184.72	-93.599	43.312	189.36	-126.4	14.711
328.84	-21.844	7.6653	252.29	1.0559	1.5884	290.09	0.49098	21.74	269.17	-69.053	51.831	183.37	-94.345	43.842	187.98	-127.05	14.983
328.09	-23.272	9.1453	250.96	0.45501	2.9634	290.09	0.49299	21.729	267.74	-70.23	52.573	181.93	-95.143	44.411	186.57	-127.64	15.439
327.11	-24.635	10.547	249.91	0.15367	4.728	290.08	0.48843	21.723	266.36	-71.247	53.664	180.38	-95.972	45.002	184.99	-128.29	15.738
325.93	-25.972	11.825	248.52	-0.53645	6.4281	290.08	0.49743	21.738	264.71	-72.546	54.449	178.73	-96.825	45.579	183.42	-128.87	16.197
324.56	-27.207	13.123	247.04	-1.1804	7.749	290.08	0.49502	21.723	262.96	-73.869	55.19	176.99	-97.722	46.22	181.58	-129.5	16.511
323.01	-28.353	14.291	245.49	-1.9126	9.12	290.07	0.50245	21.725	261.1	-75.171	55.948	175.11	-98.608	46.84	179.72	-130.13	16.888
321.23	-29.507	15.349	243.85	-2.6209	10.693	290.07	0.49226	21.73	259.1	-76.491	56.707	173.11	-99.492	47.438	177.7	-130.74	17.165
319.3	-30.535	16.4	242.11	-3.3173	11.914	290.07	0.5043	21.725	256.97	-77.756	57.476	170.96	-100.36	48.029	175.59	-131.32	17.554
317.14	-31.535	17.388	240.33	-4.1017	13.381	290.07	0.504	21.736	254.67	-78.981	58.15	168.68	-101.19	48.611	173.39	-131.83	17.945
314.79	-32.399	18.35	238.29	-4.6936	14.753	290.06	0.50857	21.736	252.31	-80.07	58.812	166.25	-101.99	49.135	170.97	-132.39	18.224
312.31	-33.156	19.298	236.16	-5.4252	16.264	290.06	0.50889	21.733	249.67	-81.169	59.483	163.68	-102.75	49.667	168.6	-132.85	18.554
309.53	-33.836	20.051	233.9	-5.9121	17.558	290.06	0.50849	21.734	246.96	-82.136	60.127	161.02	-103.47	50.185	166.02	-133.38	18.761
306.56	-34.274	20.839	231.41	-6.3418	18.832	290.06	0.50612	21.731	244.1	-82.996	60.643	158.19	-104.17	50.628	163.29	-133.87	19.004
303.4	-34.494	21.639	228.8	-6.8139	20.176	290.06	0.50906	21.733	241.11	-83.785	61.237	155.26	-104.89	51.051	160.5	-134.28	19.338
300.01	-34.567	22.342	225.95	-7.2089	21.45	290.07	0.51368	21.728	237.95	-84.469	61.862	152.22	-105.6	51.468	157.7	-134.7	19.379
296.37	-34.387	23.04	222.9	-7.5405	22.681	290.07	0.51352	21.727	234.72	-85.025	62.281	149.13	-106.3	51.85	154.84	-135.17	19.606
292.46	-33.986	23.674	219.69	-7.7363	23.82	290.08	0.5093	21.73	231.35	-85.518	62.721	145.91	-106.99	52.214	151.86	-135.56	19.909
288.41	-33.436	24.292	216.21	-7.939	24.879	290.07	0.50518	21.738	227.88	-85.836	63.134	142.63	-107.68	52.545	148.66	-135.97	19.891
284.15	-32.742	24.915	212.57	-8.0337	25.805	290.08	0.50041	21.729	224.26	-86.088	63.58	139.24	-108.38	52.88	145.54	-136.29	20.097
284.15	-32.742	24.915	208.79	-8.1115	26.755	290.09	0.50237	21.733	220.56	-86.3	64.021	136.23	-108.71	53.576	142.74	-136.48	20.705
275.01	-31.14	25.838	204.87	-8.0571	27.45	290.08	0.50009	21.732	216.73	-86.391	64.371	132.64	-109.33	53.87	139.32	-136.81	20.747
270.33	-30.137	26.39	200.8	-8.1032	28.199	290.1	0.49467	21.747	212.82	-86.431	64.734	128.93	-109.94	54.143	135.8	-137.16	20.929
270.33	-30.137	26.39	196.7	-8.0551	28.818	290.09	0.49308	21.731	208.82	-86.427	65.054	125.12	-110.52	54.385	132.29	-137.49	21.057
260.18	-28.089	27.005	192.49	-8.0321	29.301	290.09	0.49025	21.739	204.71	-86.361	65.366	121.22	-111.08	54.617	128.66	-137.78	21.203
254.74	-27.029	27.157	188.17	-8.0047	29.751	290.09	0.49292	21.73	200.54	-86.273	65.698	117.26	-111.59	54.836	124.88	-138.14	21.275
249.23	-25.755	27.457	183.83	-7.9915	30.101	290.08	0.49515	21.736	196.29	-86.21	66.064	113.22	-112.13	55.019	121.16	-138.46	21.37
243.41	-24.461	27.587	179.44	-7.9857	30.451	290.08	0.4944	21.735	191.98	-86.105	66.419	109.13	-112.64	55.211	117.53	-138.89	21.578
237.28	-23.238	27.506	175.03	-7.9949	30.736	290.08	0.49423	21.734	187.6	-85.93	66.666	104.98	-113.17	55.357	113.45	-139.04	21.549
290.08	0.49706	21.725	170.6	-8.0069	30.892	NaN	NaN	NaN	183.23	-85.842	66.917	100.78	-113.72	55.478	109.42	-139.28	21.509
290.07	0.50157	21.735	166.1	-8.0561	31.192	NaN	NaN	NaN	178.74	-85.604	67.058	96.576	-114.2	55.577	105.5	-139.53	21.585
290.07	0.50173	21.733	161.58	-8.0265	31.303	218.06	-18.923	27.352	174.34	-85.449	67.268	91.806	-115.04	55.268	101.13	-140.18	21.135
290.07	0.51102	21.737	156.94	-7.9938	31.378	211.22	-17.531	26.986	169.81	-85.134	67.356	87.509	-115.53	55.306	96.978	-140.33	21.21
290.06	0.50874	21.733	152.17	-7.85	31.327	NaN	NaN	NaN	165.29	-84.833	67.438	83.716	-115.68	55.756	93.398	-140.43	21.401
290.07	0.50173	21.733	147.3	-7.7435	31.258	197.14	-14.543	26.201	160.81	-84.487	67.506	78.912	-116.48	55.403	88.704	-140.79	20.977
290.07	0.51103	21.737	142.26	-7.5209	31.028	NaN	NaN	NaN	156.28	-83.963	67.425	74.616	-116.95	55.403	84.68	-141.02	20.906
290.06	0.50891	21.733	137.1	-7.216	30.771	NaN	NaN	NaN	151.71	-83.407	67.391	70.322	-117.38	55.354	80.572	-141.39	20.794
290.06	0.51592	21.734	131.78	-6.8487	30.461	NaN	NaN	NaN	146.96	-82.97	66.957	66.069	-117.85	55.357	76.437	-141.49	20.599
290.07	0.51103	21.737	126.3	-6.4609	30.208	NaN	NaN	NaN	142.4	-82.206	66.777	61.842	-118.28	55.317	72.327	-141.78	20.507
290.07	0.50558	21.725	120.73	-6.0024	29.776	NaN	NaN	NaN	137.83	-81.377	66.536	57.642	-118.71	55.216	68.33	-142.06	20.414
290.07	0.50614	21.741	115.11	-5.5258	29.333	NaN	NaN	NaN	133.24	-80.51	66.287	53.468	-119.11	55.158	64.336	-142.33	20.16
290.08	0.49684	21.736	109.43	-5.0769	28.961	NaN	NaN	NaN	128.7	-79.554	66.008	49.335	-119.51	55.07	60.249	-142.5	20.075
290.08	0.49279	21.733	103.72	-4.6065	28.442	NaN	NaN	NaN	124.13	-78.616	65.679	45.234	-119.9	54.949	56.281	-142.7	19.945
290.08	0.49515	21.736	98.121	-4.2088	28.091	NaN	NaN	NaN	119.61	-77.689	65.368	41.14	-120.28	54.747	52.377	-142.96	19.766
290.08	0.49501	21.737	92.595	-3.834	27.627	NaN	NaN	NaN	115.04	-76.823	65.018	37.108	-120.64	54.589	48.498	-143.24	19.508
290.08	0.49491	21.737	87.13	-3.4779	27.155	NaN	NaN	NaN	110.5	-75.974	64.673	33.095	-120.98	54.371	44.645	-143.45	19.253
290.08	0.49743	21.741	81.787	-3.1569	26.527	NaN	NaN	NaN	106.05	-75.177	64.325	29.104	-121.29	54.116	40.848	-143.65	18.987
290.08	0.49289	21.732	76.59	-2.8228	25.888	NaN	NaN	NaN	101.63	-74.39	63.949	25.182	-121.56	53.866	37.078	-143.83	18.705
290.08	0.49345	21.734	71.334	-2.5716	25.291	NaN	NaN	NaN	97.226	-73.649	63.532	21.27	-121.83	53.576	33.338	-144.02	18.424
290.08	0.49306	21.733	65.963	-2.2241	24.605	NaN	NaN	NaN	92.943	-73.028	63.16	17.458	-122.07	53.293	29.677	-144.16	18.162
290.08	0.4928	21.733	60.733	-1.9565	23.89	NaN	NaN	NaN	88.677	-72.367	62.774	13.687	-122.33	53.022	26.157	-144.41	17.865
290.07	0.50021	21.733	55.723	-1.6429	23.216	80.453	2.2326	11.526	84.531	-71.716	62.283	10.05	-122.63	52.795	22.682	-144.57	17.548
290.07	0.50233	21.737	50.515	-1.1375	23.247	75.198	2.8623	12.866	80.473	-71.139	61.887	6.4678	-122.86	52.492	19.27	-144.7	17.261
290.07	0.51096	21.74	45.561	-1.0123	22.645	70.511	3.3231	12.233	76.514	-70.503	61.477	2.9868	-123.09	52.19	16.001	-144.93	17.032
290.06	0.51119	21.738	40.896	-0.79863	22.064	65.762	3.6808	11.55	72.628	-69.92	61.078	-0.40244	-123.28	51.939	12.811	-145.06	16.682
290.06	0.50875	21.736	36.086	-0.25087	22.65	61.15	3.9808	10.888	68.857	-69.306	60.76	-3.6987	-123.47	51.629	9.796	-145.26	16.5
290.07	0.51386	21.729	31.729	-0.070776	22.065	56.726	4.3437	10.303	65.17	-68.697	60.391	-6.8109	-123.67	51.399	6.8713	-145.49	16.204
290.06	0.50851	21.734	27.502	0.088862	21.404	52.473	4.6067	9.7001	61.609	-68.087	60.163	-9.8323	-123.87	51.098	4.0994	-145.64	16.065
290.06	0.50867	21.735	23.441	0.23385	20.791	48.382	4.8571	9.0613	58.187	-67.501	59.887	-12.737	-124.01	50.886	1.3717	-145.84	15.759
290.06	0.50875	21.733	19.556	0.34437	20.163	44.515	5.0688	8.5047	54.814	-66.904	59.67	-15.539	-124.15	50.631	-1.1531	-146.01	15.671
290.07	0.50685	21.728	15.902	0.39985	19.48	40.721	5.2559	7.8113	51.617	-66.342	59.483	-18.248	-124.28	50.366	-3.5992	-146.11	15.579
290.07	0.51194	21.739	12.388	0.4593	18.835	37.252	5.4345	7.307	48.547	-65.843	59.281	-20.842	-124.43	50.143	-5.9342	-146.3	15.368
290.07	0.51673	21.734	9.1278	0.50927	18.237	33.936	5.5864	6.788	45.616	-65.37	59.132	-23.313	-124.53	49.914	-8.0914	-146.43	15.239
290.07	0.50614	21.741	6.0535	0.50619	17.649	30.884	5.6591	6.2833	42.85	-64.984	58.997	-25.658	-124.64	49.656	-10.206	-146.56	15.044
290.07	0.50461	21.738	3.2691	0.51207	17.148	28.034	5.7185	5.8222	40.224	-64.674	58.851	-27.921	-124.75	49.374	-12.23	-146.72	14.874
290.08	0.4952	21.724	0.64204	0.49123	16.635	25.452	5.7694	5.4663	37.734	-64.394	58.693	-30.039	-124.81	49.12	-14.097	-146.79	14.73
290.08	0.49534	21.737	-1.7462	0.46411	16.192	23.111	5.7499	5.1281	35.412	-64.194	58.583	-32.117	-124.91	48.784	-15.927	-146.93	14.516
290.08	0.49306	21.733	-3.9385	0.44468	15.77	20.9	5.7368	4.7894	33.249	-64.023	58.444	-34.02	-124.95	48.458	-17.632	-147.05	14.201
290.08	0.4868	21.733	-5.964	0.4049	15.35	18.86	5.6733	4.4213	31.197	-63.93	58.271	-35.82	-125.01	48.168	-19.148	-147.12	13.958
290.08	0.49704	21.742	-7.8438	0.34222	14.886	17.053	5.6608	4.1356	29.318	-63.829	58.154	-37.55	-125.07	47.734	-20.657	-147.25	13.678
290.08	0.4928	21.733	-9.5438	0.30434	14.411	15.297	5.583	3.7047	27.503	-63.712	57.948	-39.137	-125.1	47.418	-22.009	-147.32	13.373
290.08	0.49516	21.736	-11.159	0.28119	13.962	13.762	5.5328	3.4062	25.845	-63.655	57.703	-40.591	-125.14	46.988	-23.27	-147.38	13.078
290.07	0.49254	21.733	-12.663	0.24308	13.422	12.255	5.4952	2.9445	24.297	-63.511	57.496	-41.935	-125.15	46.553	-24.472	-147.47	12.756
290.08	0.4928	21.733	-14.066	0.22961	12.883	10.942	5.4681	2.6189	22.843	-63.399	57.243	-43.238	-125.2	46.119	-25.518	-147.52	12.339
290.07	0.50021	21.733	-15.366	0.24158	12.336	9.6517	5.4318	2.1185	21.502	-63.301	56.926	-44.352	-125.18	45.686	-26.533	-147.57	11.898
290.07	0.5025	21.736	-16.577	0.20855	11.745	8.4655	5.3709	1.6412	20.236	-63.172	56.573	-45.431	-125.21	45.158	-27.358	-147.66	11.491
290.07	0.51104	21.737	-17.766	0.14331	10.974	7.3601	5.3372	1.0592	19.055	-63.019	56.168	-46.376	-125.19	44.632	-28.173	-147.71	11.065
290.06	0.50892	21.733	-18.794	0.15303	10.301	6.3185	5.3128	0.42696	17.944	-62.861	55.735	-47.277	-125.18	44.051	-28.882	-147.77	10.591
290.07	0.51104	21.737	-19.784	0.14674	9.5713	5.3972	5.3165	-0.16082	16.901	-62.705	55.246	-48.074	-125.14	43.421	-29.564	-147.83	10.089
290.06	0.5112	21.738	-20.719	0.10104	8.7008	4.5254	5.3167	-0.87338	15.924	-62.546	54.74	-48.841	-125.12	42.811	-30.156	-147.88	9.6228
290.06	0.50852	21.734	-21.577	0.13166	7.9102	3.707	5.3593	-1.6414	15.023	-62.37	54.185	-49.558	-125.09	42.096	-30.714	-147.97	8.9583
290.06	0.50967	21.735	-22.368	0.11161	7.0125	2.932	5.334	-2.4521	14.151	-62.182	53.561	-50.198	-125.04	41.371	-31.2	-147.93	8.3412
290.07	0.51462	21.73	-23.116	0.080176	6.0287	2.1989	5.3599	-3.3651	13.325	-62.005	52.859	-50.825	-125	40.608	-31.715	-148.02	7.7262
290.08	0.5072	21.73	-23.8	0.059848	4.9755	1.5437	5.3124	-4.307	12.563	-61.854	52.106	-51.422	-124.95	39.781	-32.117	-148.06	6.9266
290.08	0.50972	21.733	-24.467	0.011825	3.8341	0.90424	5.3242	-5.2953	11.858	-61.668	51.297	-51.948	-124.91	38.91	-32.483	-148.1	6.3255
290.08	0.50043	21.729	-25.115	0.039127	2.8022	0.30945	5.3275	-6.4072	11.197	-61.451	50.451	-52.414	-124.82	38.1	-32.941	-148.07	5.4832
290.08	0.49834	21.729	-25.707	0.037998	1.5836	-0.26502	5.2579	-7.5876	10.599	-61.274	49.494	-52.882	-124.77	37.193	-33.28	-148.18	4.7758
290.08	0.49874	21.728	-26.267	0.02348	0.35836	-0.73726	5.2536	-8.8405	10.042	-61.052	48.46	-53.303	-124.7	36.225	-33.588	-148.23	3.9153
290.08	0.49973	21.742	-26.776	-0.020408	-1.0145	-1.2663	5.1637	-10.247	9.557	-60.835	47.402	-53.685	-124.63	35.259	-33.827	-148.24	2.9949
290.09	0.49613	21.733	-27.205	-0.01044	-2.3383	-1.651	5.1132	-11.775	9.0358	-60.589	46.302	-54.035	-124.53	34.293	-34.135	-148.3	2.2072
290.08	0.48856	21.723	-27.655	-0.03577	-3.7815	-1.9501	4.9544	-13.289	8.548	-60.332	45.235	-54.386	-124.43	33.342	-34.372	-148.32	1.379
290.08	0.48736	21.721	-27.927	-0.055824	-5.1189	-2.1975	4.7693	-14.772	8.0791	-60.08	44.209	-54.743	-124.29	32.391	-34.544	-148.3	0.51016
290.07	0.49095	21.729	-28.207	0.037416	-6.2998	-2.2662	4.5572	-16.171	7.5741	-59.794	43.238	-55.158	-124.14	31.471	-34.691	-148.3	-0.19861
290.08	0.49265	21.732	-28.331	-0.095651	-7.8175	-2.3987	4.3565	-17.712	7.0689	-59.502	42.429	-55.565	-123.96	30.611	-34.862	-148.33	-0.87048
290.07	0.48951	21.727	-28.522	-0.094912	-8.6301	-2.4539	4.2536	-18.77	6.4793	-59.146	41.812	-55.95	-123.79	29.842	-34.856	-148.3	-1.427
290.07	0.50036	21.72	-28.786	0.1617	-8.6612	-2.7546	4.631	-18.594	5.9261	-58.848	41.525	-56.367	-123.64	29.355	-34.915	-148.4	-1.7782
290.06	0.49733	21.711	-28.778	0.20026	-8.66	-2.6704	4.5875	-18.736	5.5386	-58.818	41.592	-56.789	-123.51	29.031	-34.954	-148.42	-1.8236
290.06	0.50931	21.72	-28.773	0.16775	-8.6092	-2.6386	4.3612	-18.58	5.1362	-58.869	41.985	-57.159	-123.44	28.918	-35.03	-148.39	-1.6633
290.06	0.50876	21.733	-28.462	-1.7353	-13.389	-2.5966	4.1571	-18.425	4.6909	-58.851	42.545	-57.456	-123.45	28.998	-35.129	-148.36	-1.2675
290.06	0.50664	21.729	-28.49	-1.7906	-13.402	-2.5419	3.9989	-18.059	4.2875	-58.862	43.069	-57.619	-123.5	29.106	-35.254	-148.35	-0.97297
290.06	0.50637	21.729	-28.526	-1.7975	-13.322	-2.6294	4.0453	-17.739	3.9021	-58.747	43.593	-57.743	-123.49	29.228	-35.329	-148.35	-0.7871
290.05	0.51365	21.73	-28.551	-1.7515	-13.253	-2.62	4.1565	-17.361	3.5115	-58.651	43.923	-57.881	-123.35	29.295	-35.37	-148.32	-0.53599
290.06	0.51632	21.721	-28.565	-1.7062	-13.252	-2.6187	4.2244	-17.2	3.1667	-58.481	44.2	-58.078	-123.19	29.262	-35.439	-148.27	-0.30948
290.07	0.51403	21.725	-28.588	-1.6193	-13.317	-2.6172	4.2729	-17.187	2.8686	-58.332	44.319	-58.308	-123.06	29.167	-35.456	-148.22	-0.2302
290.07	0.51462	21.73	-28.655	-1.537	-13.456	-2.6644	4.3308	-17.305	2.6313	-58.122	44.304	-58.465	-122.96	29.039	-35.487	-148.15	-0.22874
290.07	0.50669	21.727	-28.738	-1.4354	-13.587	-2.7328	4.3897	-17.528	2.4426	-57.905	44.241	-58.585	-122.82	28.873	-35.527	-148.07	-0.29518
290.08	0.50728	21.729	-28.804	-1.3054	-13.72	-2.78	4.4868	-17.759	2.2973	-57.737	43.964	-58.682	-122.67	28.699	-35.557	-147.97	-0.3974
290.08	0.50272	21.73	-28.9	-1.1711	-13.762	-2.8735	4.6602	-17.81	2.2725	-57.579	43.732	-58.761	-122.54	28.491	-35.573	-147.89	-0.53341
290.09	0.50597	21.725	-28.927	-1.0721	-13.824	-2.8913	4.7615	-17.868	2.2848	-57.488	43.547	-58.842	-122.43	28.313	-35.602	-147.81	-0.7094
290.09	0.50239	21.733	-28.928	-0.97831	-13.828	-2.9035	4.8508	-18.001	2.3422	-57.429	43.432	-58.896	-122.36	28.187	-35.625	-147.79	-0.83579
290.09	0.50575	21.736	-28.913	-0.92896	-13.834	-2.8616	4.8446	-18.042	2.3847	-57.399	43.342	-58.917	-122.32	28.109	-35.627	-147.77	-0.88967
290.08	0.49984	21.727	-28.891	-0.90314	-13.831	-2.8281	4.8397	-18.054	2.4294	-57.39	43.326	-58.916	-122.28	28.057	-35.642	-147.76	-0.89372
290.08	0.50119	21.73	-28.887	-0.88113	-13.833	-2.8126	4.8383	-18.061	2.4366	-57.382	43.319	-58.886	-122.25	28.054	-35.627	-147.74	-0.88099
290.08	0.50973	21.731	-28.887	-0.86432	-13.795	-2.8126	4.8383	-18.061	2.4515	-57.359	43.325	-58.844	-122.23	28.056	-35.613	-147.74	-0.86626
290.08	0.50989	21.73	-28.898	-0.8629	-13.802	-2.8216	4.8595	-18.055	2.4608	-57.337	43.34	-58.808	-122.22	28.049	-35.572	-147.76	-0.85633
290.08	0.50898	21.73	-28.898	-0.86279	-13.802	-2.8292	4.8579	-18.075	2.4871	-57.317	43.323	-58.766	-122.24	28.046	-35.517	-147.77	-0.83349
290.07	0.51824	21.732	-28.9	-0.87018	-13.814	-2.8259	4.8735	-18.064	2.5281	-57.308	43.277	-58.712	-122.25	28.051	-35.478	-147.81	-0.87278
290.07	0.51615	21.73	-28.902	-0.8896	-13.832	-2.8316	4.8816	-18.065	2.5709	-57.312	43.212	-58.65	-122.25	28.048	-35.477	-147.86	-0.91548
290.06	0.52104	21.726	-28.888	-0.88298	-13.813	-2.8279	4.8873	-18.091	2.6703	-57.333	43.155	-58.592	-122.26	28.027	-35.445	-147.87	-0.9664
290.06	0.52596	21.72	-28.865	-0.89729	-13.804	-2.8183	4.8856	-18.114	2.7675	-57.344	43.093	-58.527	-122.29	28.015	-35.423	-147.89	-1.0412
290.06	0.5234	21.729	-28.843	-0.94023	-13.804	-2.8033	4.8829	-18.107	2.8511	-57.393	42.994	-58.454	-122.31	28.013	-35.415	-147.9	-1.0885
290.07	0.52649	21.72	-28.824	-0.95261	-13.781	-2.7846	4.87	-18.119	2.9458	-57.445	42.927	-58.386	-122.34	27.988	-35.4	-147.93	-1.1538
290.07	0.52106	21.724	-28.789	-0.96083	-13.772	-2.7694	4.8702	-18.139	3.0361	-57.494	42.853	-58.318	-122.36	27.995	-35.381	-147.96	-1.2187
290.06	0.52356	21.729	-28.77	-0.97329	-13.749	-2.7568	4.8661	-18.149	3.1411	-57.524	42.792	-58.248	-122.38	27.978	-35.357	-147.97	-1.27
290.07	0.51615	21.73	-28.751	-0.99147	-13.739	-2.7459	4.8611	-18.161	3.2386	-57.568	42.693	-58.187	-122.39	27.946	-35.337	-147.98	-1.3075
290.07	0.51728	21.718	-28.729	-1.0105	-13.763	-2.7022	4.8815	-18.158	3.3374	-57.601	42.641	-58.134	-122.41	27.937	-35.319	-147.99	-1.3591
290.08	0.50989	21.731	-28.72	-1.0205	-13.748	-2.6821	4.8679	-18.168	3.4129	-57.613	42.605	-58.077	-122.43	27.937	-35.294	-148.01	-1.3834
290.08	0.50995	21.72	-28.697	-1.0172	-13.72	-2.678	4.8709	-18.167	3.4772	-57.619	42.565	-58.025	-122.45	27.923	-35.274	-148.02	-1.4177
290.08	0.50728	21.729	-28.689	-1.0279	-13.705	-2.6671	4.8718	-18.187	3.5283	-57.625	42.533	-57.996	-122.46	27.93	-35.262	-148.01	-1.4488
290.08	0.50054	21.728	-28.679	-1.0354	-13.71	-2.6572	4.8639	-18.203	3.5648	-57.625	42.494	-57.963	-122.46	27.929	-35.247	-148.01	-1.4966
