140.69	-1.6552	20.197	-30.646	-1.9266	-14.009	-4.4168	2.6895	-18.44	1.4318	-60.733	41.497	-64.033	-122.61	27.27	-44.078	-148.61	-2.9861
140.7	-1.6482	20.206	-30.646	-1.9208	-13.996	-4.3803	2.7129	-18.41	1.4271	-60.737	41.493	-64.034	-122.61	27.271	-44.084	-148.61	-2.9918
140.69	-1.6529	20.201	-30.646	-1.9156	-13.983	-4.3662	2.7189	-18.397	1.4284	-60.736	41.494	-64.036	-122.6	27.273	-44.087	-148.61	-2.9904
140.7	-1.6608	20.198	-30.648	-1.923	-13.995	-4.3742	2.7174	-18.416	1.4393	-60.739	41.497	-64.033	-122.61	27.27	-44.079	-148.61	-2.987
140.7	-1.6511	20.201	-30.647	-1.9215	-13.996	-4.3708	2.7202	-18.414	1.4284	-60.736	41.494	-64.033	-122.61	27.27	-44.09	-148.6	-2.9924
140.7	-1.6507	20.203	-30.636	-1.9238	-13.988	-4.3688	2.7212	-18.411	1.4438	-60.738	41.5	-64.04	-122.6	27.272	-44.078	-148.61	-2.9879
140.7	-1.6511	20.204	-30.639	-1.9322	-13.981	-4.3729	2.7174	-18.417	1.4306	-60.734	41.496	-64.037	-122.61	27.269	-44.098	-148.61	-2.9836
140.69	-1.6525	20.212	-30.636	-1.923	-13.988	-4.4056	2.6971	-18.445	1.4342	-60.745	41.492	-64.046	-122.61	27.268	-44.088	-148.61	-2.996
140.69	-1.6548	20.195	-30.637	-1.9246	-13.988	-4.3739	2.7173	-18.416	1.4317	-60.746	41.491	-64.041	-122.62	27.267	-44.1	-148.62	-2.991
140.7	-1.6605	20.197	-30.64	-1.933	-13.98	-4.3732	2.7175	-18.416	1.4325	-60.746	41.49	-64.049	-122.61	27.265	-44.092	-148.61	-2.9927
140.7	-1.6529	20.199	-30.64	-1.9279	-13.967	-4.3647	2.7241	-18.409	1.4242	-60.75	41.484	-64.048	-122.61	27.28	-44.102	-148.6	-2.9826
140.7	-1.6508	20.203	-30.636	-1.9289	-14.001	-4.3698	2.7203	-18.415	1.4271	-60.737	41.493	-64.054	-122.61	27.263	-44.11	-148.61	-2.9913
140.7	-1.6527	20.199	-30.636	-1.9179	-13.975	-4.363	2.7237	-18.407	1.4163	-60.744	41.482	-64.059	-122.62	27.256	-44.112	-148.61	-2.9889
140.7	-1.6605	20.197	-30.64	-1.933	-13.98	-4.3648	2.7207	-18.41	1.4155	-60.744	41.483	-64.069	-122.61	27.269	-44.114	-148.61	-2.9867
140.7	-1.6564	20.205	-30.634	-1.9164	-13.976	-4.3627	2.7235	-18.407	1.4201	-60.742	41.5	-64.07	-122.61	27.267	-44.124	-148.6	-2.9926
140.7	-1.6602	20.198	-30.639	-1.9322	-13.981	-4.3583	2.7272	-18.402	1.4159	-60.745	41.496	-64.081	-122.62	27.259	-44.118	-148.6	-2.9849
140.69	-1.6528	20.2	-30.637	-1.9248	-13.969	-4.3719	2.7174	-18.417	1.4205	-60.741	41.501	-64.078	-122.61	27.262	-44.109	-148.61	-2.9713
140.7	-1.6585	20.202	-30.64	-1.9389	-13.993	-4.3576	2.7274	-18.402	1.4084	-60.749	41.491	-64.071	-122.61	27.267	-44.134	-148.6	-2.9785
140.7	-1.6524	20.2	-30.637	-1.9297	-14.001	-4.3599	2.7119	-18.413	1.4188	-60.743	41.499	-64.085	-122.61	27.263	-44.13	-148.61	-2.9979
140.7	-1.6632	20.208	-30.64	-1.9389	-13.993	-4.3599	2.7119	-18.413	1.4151	-60.745	41.496	-64.079	-122.6	27.267	-44.128	-148.61	-2.9797
140.7	-1.6583	20.202	-30.626	-1.9322	-13.974	-4.3599	2.7119	-18.413	1.411	-60.735	41.485	-64.077	-122.61	27.265	-44.134	-148.61	-2.9866
140.7	-1.6503	20.203	-30.629	-1.9345	-13.973	-4.3518	2.7186	-18.405	1.4184	-60.742	41.486	-64.079	-122.61	27.261	-44.119	-148.6	-2.9742
140.7	-1.6513	20.201	-30.639	-1.9322	-13.981	-4.3579	2.7161	-18.424	1.4209	-60.74	41.488	-64.068	-122.62	27.263	-44.12	-148.6	-2.9767
140.7	-1.6606	20.198	-30.628	-1.9337	-13.973	-4.3587	2.7118	-18.414	1.4264	-60.737	41.492	-64.074	-122.61	27.264	-44.134	-148.61	-3.0037
140.7	-1.6507	20.203	-30.628	-1.9337	-13.973	-4.3514	2.7203	-18.418	1.4209	-60.752	41.468	-64.077	-122.61	27.261	-44.129	-148.61	-2.9971
140.7	-1.651	20.203	-30.626	-1.9322	-13.974	-4.3505	2.7186	-18.406	1.4169	-60.742	41.485	-64.077	-122.61	27.262	-44.131	-148.61	-2.9871
140.7	-1.6587	20.201	-30.629	-1.9345	-13.973	-4.3562	2.7291	-18.416	1.423	-60.741	41.489	-64.076	-122.61	27.263	-44.128	-148.61	-2.9959
140.7	-1.6505	20.202	-30.628	-1.9396	-13.986	-4.3444	2.7231	-18.412	1.4209	-60.74	41.488	-64.074	-122.61	27.264	-44.121	-148.6	-2.9762
140.69	-1.6528	20.2	-30.629	-1.9345	-13.973	-4.3584	2.7245	-18.406	1.4155	-60.744	41.483	-64.075	-122.61	27.251	-44.132	-148.61	-3.0005
140.7	-1.6484	20.206	-30.63	-1.9353	-13.973	-4.3617	2.725	-18.422	1.4209	-60.74	41.488	-64.073	-122.61	27.264	-44.138	-148.62	-2.9915
140.7	-1.6492	20.22	-30.628	-1.9397	-13.986	-4.3615	2.7235	-18.408	1.4122	-60.734	41.486	-64.078	-122.61	27.25	-44.134	-148.61	-3.0022
140.7	-1.6507	20.203	-30.629	-1.9405	-13.985	-4.3472	2.7241	-18.412	1.4122	-60.745	41.481	-64.082	-122.62	27.258	-44.143	-148.62	-2.9935
140.69	-1.6532	20.211	-30.629	-1.9345	-13.973	-4.3518	2.7186	-18.405	1.406	-60.749	41.476	-64.09	-122.61	27.26	-44.151	-148.61	-2.9963
140.7	-1.6505	20.203	-30.64	-1.933	-13.98	-4.3519	2.7294	-18.411	1.4035	-60.739	41.479	-64.089	-122.61	27.259	-44.145	-148.62	-2.9991
140.69	-1.6556	20.21	-30.628	-1.9337	-13.973	-4.3511	2.7202	-18.419	1.4027	-60.739	41.479	-64.087	-122.61	27.26	-44.149	-148.62	-3.0015
140.7	-1.6503	20.203	-30.629	-1.9345	-13.973	-4.346	2.724	-18.413	1.4039	-60.738	41.48	-64.089	-122.62	27.252	-44.143	-148.62	-2.9843
140.7	-1.6484	20.206	-30.628	-1.9396	-13.986	-4.3437	2.7361	-18.403	1.3981	-60.743	41.474	-64.084	-122.62	27.256	-44.139	-148.62	-2.9939
140.7	-1.6505	20.203	-30.62	-1.9496	-13.971	-4.3518	2.72	-18.419	1.4097	-60.736	41.485	-64.084	-122.62	27.256	-44.141	-148.62	-2.9958
140.7	-1.6482	20.206	-30.629	-1.9407	-13.966	-4.3556	2.7147	-18.411	1.3982	-60.73	41.482	-64.083	-122.62	27.245	-44.149	-148.62	-3.003
140.69	-1.6507	20.201	-30.628	-1.9338	-13.973	-4.3475	2.7322	-18.41	1.4161	-60.741	41.484	-64.089	-122.62	27.252	-44.149	-148.62	-3.0027
140.7	-1.6513	20.213	-30.63	-1.9422	-13.966	-4.3376	2.7272	-18.407	1.4081	-60.735	41.484	-64.08	-122.62	27.259	-44.141	-148.62	-2.9976
140.7	-1.6507	20.202	-30.629	-1.9404	-13.986	-4.3511	2.7202	-18.419	1.4189	-60.741	41.485	-64.086	-122.62	27.254	-44.133	-148.63	-2.9943
140.69	-1.6527	20.198	-30.63	-1.9412	-13.985	-4.3376	2.7272	-18.407	1.4189	-60.741	41.485	-64.079	-122.62	27.26	-44.139	-148.62	-2.9948
140.7	-1.6507	20.203	-30.632	-1.9488	-13.978	-4.3468	2.7358	-18.409	1.4218	-60.738	41.488	-64.069	-122.62	27.262	-44.133	-148.63	-3.0069
140.7	-1.6507	20.203	-30.628	-1.9397	-13.986	-4.3424	2.7232	-18.413	1.4181	-60.741	41.471	-64.075	-122.62	27.256	-44.146	-148.62	-2.9993
140.7	-1.6653	20.205	-30.615	-1.9388	-13.979	-4.3439	2.7248	-18.425	1.4239	-60.736	41.477	-64.071	-122.62	27.26	-44.141	-148.63	-3.0149
140.69	-1.6555	20.209	-30.618	-1.9429	-13.959	-4.342	2.7236	-18.412	1.4151	-60.743	41.47	-64.072	-122.63	27.259	-44.142	-148.62	-2.9996
140.69	-1.6528	20.2	-30.618	-1.9419	-13.978	-4.3427	2.7234	-18.412	1.4243	-60.737	41.49	-64.079	-122.62	27.26	-44.14	-148.62	-3.0088
140.7	-1.6586	20.203	-30.631	-1.9481	-13.978	-4.3504	2.7204	-18.419	1.4189	-60.753	41.465	-64.081	-122.62	27.257	-44.153	-148.63	-3.0066
140.7	-1.6606	20.198	-30.621	-1.9511	-13.97	-4.3432	2.7109	-18.42	1.4271	-60.749	41.473	-64.074	-122.63	27.244	-44.149	-148.63	-3.0025
140.7	-1.6505	20.202	-30.618	-1.943	-13.958	-4.342	2.7236	-18.412	1.4321	-60.745	41.475	-64.075	-122.63	27.256	-44.152	-148.64	-3.0108
140.7	-1.6507	20.203	-30.619	-1.9489	-13.971	-4.3368	2.7146	-18.415	1.4179	-60.754	41.465	-64.088	-122.62	27.252	-44.156	-148.63	-3.0097
140.7	-1.6527	20.201	-30.622	-1.957	-13.983	-4.3409	2.7116	-18.417	1.4235	-60.75	41.482	-64.082	-122.62	27.259	-44.174	-148.63	-3.0045
140.7	-1.6538	20.214	-30.62	-1.9445	-13.958	-4.3378	2.7146	-18.415	1.42	-60.753	41.48	-64.089	-122.62	27.253	-44.174	-148.62	-3.0006
140.69	-1.6535	20.213	-30.617	-1.9412	-13.978	-4.3353	2.7137	-18.414	1.4031	-60.752	41.472	-64.101	-122.62	27.263	-44.191	-148.62	-3.0077
140.69	-1.652	20.202	-30.608	-1.9442	-13.97	-4.3422	2.7109	-18.42	1.4084	-60.749	41.489	-64.119	-122.61	27.256	-44.143	-148.59	-2.9489
140.7	-1.6512	20.216	-30.617	-1.9411	-13.978	-4.3379	2.7111	-18.416	1.3968	-60.746	41.486	-64.134	-122.6	27.271	-44.158	-148.59	-2.9541
140.69	-1.6552	20.211	-30.613	-1.9253	-13.974	-4.3246	2.7089	-18.411	1.3844	-60.73	41.516	-64.151	-122.58	27.272	-44.161	-148.57	-2.9277
140.7	-1.6505	20.203	-30.611	-1.9176	-13.981	-4.3303	2.7054	-18.416	1.3715	-60.726	41.524	-64.172	-122.57	27.28	-44.185	-148.56	-2.9219
140.7	-1.6503	20.203	-30.609	-1.9161	-13.981	-4.3425	2.6983	-18.429	1.3579	-60.709	41.541	-64.199	-122.55	27.275	-44.195	-148.55	-2.9181
140.7	-1.6503	20.203	-30.611	-1.9117	-13.968	-4.3338	2.7013	-18.423	1.3447	-60.705	41.551	-64.227	-122.54	27.279	-44.218	-148.54	-2.908
140.7	-1.6484	20.206	-30.605	-1.8951	-13.964	-4.3271	2.7042	-18.416	1.3305	-60.702	41.546	-64.24	-122.52	27.281	-44.228	-148.54	-2.9132
140.69	-1.653	20.199	-30.602	-1.8918	-13.984	-4.3247	2.7069	-18.426	1.3201	-60.697	41.556	-64.249	-122.52	27.281	-44.248	-148.55	-2.9174
140.7	-1.6531	20.213	-30.616	-1.8936	-13.971	-4.3195	2.6979	-18.429	1.3057	-60.693	41.551	-64.266	-122.5	27.282	-44.26	-148.55	-2.91
140.69	-1.6409	20.207	-30.601	-1.879	-13.979	-4.3091	2.7039	-18.42	1.3073	-60.693	41.567	-64.284	-122.5	27.286	-44.272	-148.54	-2.9118
140.7	-1.6564	20.205	-30.6	-1.8782	-13.979	-4.3144	2.7002	-18.425	1.3065	-60.693	41.565	-64.277	-122.49	27.282	-44.288	-148.54	-2.9185
140.7	-1.6479	20.205	-30.603	-1.8867	-13.971	-4.3086	2.6915	-18.428	1.3089	-60.708	41.573	-64.286	-122.5	27.288	-44.296	-148.53	-2.9046
140.7	-1.6528	20.213	-30.603	-1.8926	-13.984	-4.3127	2.6877	-18.434	1.3078	-60.734	41.546	-64.28	-122.49	27.293	-44.303	-148.52	-2.9027
140.69	-1.6548	20.208	-30.591	-1.8933	-13.977	-4.2961	2.6998	-18.43	1.3345	-60.771	41.554	-64.272	-122.49	27.299	-44.323	-148.53	-2.9026
140.69	-1.6532	20.211	-30.582	-1.8974	-13.949	-4.2954	2.6864	-18.443	1.3429	-60.831	41.527	-64.263	-122.49	27.319	-44.335	-148.53	-2.8966
140.7	-1.6515	20.201	-30.561	-1.9071	-13.947	-4.2808	2.696	-18.455	1.3713	-60.873	41.523	-64.249	-122.48	27.345	-44.345	-148.53	-2.8856
140.7	-1.6508	20.203	-30.553	-1.9178	-13.931	-4.2728	2.6901	-18.455	1.411	-60.942	41.494	-64.234	-122.47	27.371	-44.384	-148.52	-2.8551
140.69	-1.6504	20.202	-30.539	-1.958	-13.919	-4.2624	2.7108	-18.469	1.4323	-61.027	41.458	-64.197	-122.46	27.423	-44.403	-148.51	-2.8308
140.7	-1.651	20.203	-30.538	-1.9871	-13.889	-4.2717	2.7396	-18.505	1.4885	-61.118	41.425	-64.18	-122.46	27.477	-44.419	-148.51	-2.8119
140.7	-1.651	20.203	-30.494	-2.042	-13.827	-4.2627	2.7951	-18.483	1.5614	-61.24	41.417	-64.139	-122.48	27.572	-44.422	-148.52	-2.7864
140.69	-1.6558	20.21	-30.411	-2.1089	-13.695	-4.3084	2.9247	-18.501	1.6637	-61.394	41.421	-64.074	-122.52	27.657	-44.477	-148.47	-2.7664
140.69	-1.6552	20.211	-30.314	-2.195	-13.461	-4.3337	3.1109	-18.399	1.816	-61.583	41.475	-64.002	-122.58	27.728	-44.415	-148.58	-2.7449
140.69	-1.6555	20.209	-30.233	-2.2174	-12.841	-4.3015	3.3855	-18.036	1.9523	-61.845	41.54	-63.917	-122.64	27.797	-44.399	-148.62	-2.7098
140.68	-1.6595	20.202	-30.109	-2.2347	-12.035	-4.2731	3.6858	-17.452	2.2107	-62.273	41.657	-63.8	-122.75	27.879	-44.37	-148.65	-2.6857
140.69	-1.6533	20.213	-30.234	-0.45032	-6.2611	-4.0277	3.8519	-16.465	2.56	-62.816	41.85	-63.65	-122.94	27.991	-44.332	-148.71	-2.7104
140.69	-1.6577	20.208	-30.02	-0.64085	-5.3251	-3.6914	3.984	-15.36	2.9683	-63.506	42.159	-63.455	-123.17	28.083	-44.276	-148.79	-2.7666
140.69	-1.6581	20.222	-29.587	-0.88612	-4.1959	-3.1024	4.035	-13.911	3.4431	-64.344	42.568	-63.187	-123.49	28.207	-44.264	-148.93	-2.87
140.69	-1.6579	20.221	-28.95	-1.2541	-3.0613	-2.3179	3.9237	-12.387	4.0057	-65.346	43.051	-62.861	-123.87	28.368	-44.278	-149.06	-3.0099
140.69	-1.6686	20.217	-28.125	-1.5935	-1.6807	-1.2307	3.8077	-10.541	4.635	-66.472	43.595	-62.49	-124.27	28.586	-44.082	-149.28	-3.0345
140.69	-1.6604	20.218	-27.191	-2.0017	-0.1652	0.040883	3.5567	-8.7553	5.3733	-67.734	44.149	-62.092	-124.71	28.778	-44.007	-149.44	-3.14
140.69	-1.6559	20.212	-26.255	-2.3149	1.6638	1.5033	3.1899	-7.0204	6.1834	-69.057	44.672	-61.662	-125.14	28.988	-43.951	-149.44	-3.2819
140.7	-1.6513	20.217	-25.219	-2.7631	3.3928	3.23	2.7214	-5.3846	7.0504	-70.444	45.136	-61.155	-125.64	29.165	-43.656	-149.99	-3.3196
140.7	-1.6632	20.21	-24.08	-3.2376	5.1684	5.3409	2.1849	-3.7891	8.0412	-71.868	45.553	-60.567	-126.2	29.405	-43.481	-150.04	-3.4708
140.71	-1.6605	20.218	-22.92	-3.6443	7.0479	7.78	1.5274	-2.428	9.0917	-73.328	45.89	-59.889	-126.78	29.646	-42.97	-150.58	-3.495
140.71	-1.6685	20.229	-21.669	-4.1347	8.9114	10.491	0.75901	-1.3281	10.217	-74.723	46.178	-59.132	-127.42	29.843	-42.446	-150.98	-3.6677
140.71	-1.6696	20.228	-20.425	-4.6719	10.568	13.335	-0.10311	-0.36108	11.425	-76.087	46.415	-58.303	-128.06	30.042	-41.893	-151.48	-3.7676
140.71	-1.6805	20.222	-19.096	-5.2469	12.021	16.332	-1.0075	0.56833	12.75	-77.493	46.602	-57.35	-128.74	30.3	-41.217	-151.98	-3.8265
140.71	-1.6816	20.221	-17.624	-5.871	13.316	19.349	-2.0301	1.4152	14.169	-78.932	46.723	-56.27	-129.48	30.527	-40.51	-152.57	-3.9972
140.71	-1.6835	20.218	-15.628	-6.9316	13.037	22.488	-3.1194	2.2595	15.759	-80.378	46.892	-55.004	-130.25	30.772	-39.816	-152.92	-4.2857
140.72	-1.6895	20.221	-13.8	-7.701	13.948	25.639	-4.2405	3.0605	17.432	-81.885	46.932	-53.713	-130.96	31.008	-38.643	-153.81	-4.1317
140.72	-1.6947	20.217	-11.79	-8.5391	14.675	28.937	-5.5482	3.7332	19.204	-83.279	47.058	-52.506	-131.45	31.194	-37.755	-154.38	-3.4741
140.72	-1.6899	20.221	-9.5925	-9.4449	15.218	32.447	-6.8921	4.3563	21.02	-84.61	47.236	-51.298	-131.81	31.436	-36.711	-154.85	-2.9997
140.72	-1.6899	20.221	-7.249	-10.334	15.632	36.11	-8.3716	4.9672	22.854	-86.017	47.389	-49.903	-132.27	31.619	-35.329	-155.6	-2.9653
140.71	-1.6949	20.217	-4.7923	-11.315	15.813	39.858	-9.8633	5.6529	24.768	-87.441	47.616	-48.228	-132.98	31.857	-33.856	-156.35	-3.1536
140.71	-1.6837	20.223	-2.2085	-12.299	16.049	43.683	-11.502	6.2613	26.796	-88.901	47.793	-46.336	-133.77	32.092	-32.375	-157.09	-3.0776
140.7	-1.6915	20.224	0.53582	-13.269	16.356	47.925	-12.883	7.3004	29.264	-90.121	48.394	-44.413	-134.44	32.279	-31.143	-157.46	-2.946
140.7	-1.6894	20.227	3.4367	-14.253	16.698	52.179	-14.333	8.1711	31.524	-91.645	48.561	-42.584	-134.95	32.558	-29.486	-158.24	-2.6544
140.7	-1.6768	20.22	6.4915	-15.263	17.087	55.952	-16.044	8.6087	33.903	-93.135	48.621	-40.759	-135.44	32.834	-27.897	-158.7	-2.5083
140.7	-1.6765	20.219	9.6365	-16.278	17.467	59.563	-17.874	8.8486	36.323	-94.66	48.71	-38.852	-135.98	33.143	-26.011	-159.44	-2.2725
140.7	-1.6788	20.215	12.844	-17.306	17.771	63.299	-19.624	9.1316	38.872	-96.119	48.688	-36.806	-136.55	33.49	-24.257	-159.96	-1.9713
140.7	-1.6685	20.22	16.212	-18.309	18.08	66.771	-21.528	9.1229	41.453	-97.599	48.764	-34.625	-137.06	33.789	-22.576	-160.51	-1.7507
140.7	-1.6665	20.208	19.577	-19.298	18.302	70.573	-23.267	9.281	44.107	-98.985	48.804	-32.391	-137.5	34.08	-20.882	-160.7	-1.4733
140.7	-1.6687	20.22	22.994	-20.295	18.432	74.544	-24.867	9.5108	46.806	-100.3	48.774	-30.134	-137.91	34.479	-18.826	-161.22	-1.083
140.7	-1.6591	20.218	26.397	-21.213	18.406	78.366	-26.546	9.4887	49.518	-101.54	48.725	-27.832	-138.26	34.826	-16.99	-161.57	-0.78886
140.7	-1.6637	20.21	29.765	-22.112	18.364	82.238	-28.156	9.4563	52.281	-102.7	48.71	-25.496	-138.59	35.188	-14.943	-161.91	-0.49194
140.69	-1.6557	20.225	33.135	-22.943	18.246	86.112	-29.695	9.3633	55.082	-103.73	48.677	-23.086	-138.87	35.586	-12.761	-162.22	0.015875
140.7	-1.6613	20.213	36.401	-23.69	18.086	89.939	-31.235	9.1879	57.866	-104.69	48.684	-20.609	-139.09	35.928	-10.556	-162.58	0.34353
140.7	-1.6617	20.215	39.637	-24.36	17.864	93.889	-32.565	9.056	60.68	-105.49	48.544	-18.097	-139.24	36.207	-8.111	-163.14	0.7557
140.7	-1.663	20.227	42.788	-24.95	17.591	97.732	-33.857	8.7647	63.485	-106.18	48.492	-15.566	-139.35	36.487	-5.8083	-163.42	1.0689
140.7	-1.6763	20.218	45.904	-25.467	17.211	101.55	-35.118	8.4615	66.245	-106.78	48.457	-13.024	-139.42	36.71	-3.4407	-163.64	1.3951
140.7	-1.6761	20.219	48.921	-25.909	16.765	105.48	-36.178	8.2368	69.045	-107.24	48.33	-10.439	-139.44	36.928	-1.0417	-163.74	1.8281
140.71	-1.6748	20.223	51.916	-26.273	16.21	109.34	-37.267	7.8997	71.802	-107.62	48.298	-7.8495	-139.4	37.147	1.3776	-163.9	2.1417
140.71	-1.681	20.224	54.845	-26.586	15.658	113.2	-38.158	7.5782	74.544	-107.92	48.121	-5.2606	-139.32	37.339	3.7965	-163.99	2.4346
140.71	-1.6843	20.219	57.674	-26.804	15.003	116.99	-38.973	7.3492	77.283	-108.09	47.928	-2.6734	-139.18	37.498	6.162	-164.01	2.6954
140.71	-1.6846	20.218	60.427	-26.951	14.463	120.71	-39.737	6.9246	79.986	-108.26	47.839	-0.089596	-139.01	37.698	8.5925	-164.02	2.8794
140.71	-1.6841	20.219	63.055	-26.965	13.92	124.27	-40.381	6.5299	82.672	-108.26	47.567	2.4565	-138.81	37.902	10.945	-163.97	3.0904
140.71	-1.6833	20.22	65.578	-26.896	13.467	127.76	-40.885	6.1113	85.311	-108.22	47.315	4.9617	-138.55	38.09	13.163	-163.6	3.4497
141.29	-1.3765	20.754	67.915	-26.7	13.073	130.44	-41.518	5.063	87.884	-108.04	47.059	7.4123	-138.29	38.305	15.407	-163.31	3.6541
141.29	-1.3765	20.753	70.077	-26.373	12.701	134.08	-41.487	5.11	90.385	-107.68	46.825	10.326	-137.64	38.892	17.966	-162.81	4.3231
141.29	-1.3606	20.763	72.093	-25.948	12.335	136.49	-41.667	4.1265	92.802	-107.18	46.605	12.121	-137.54	38.765	19.857	-162.75	4.198
141.29	-1.3763	20.754	73.931	-25.393	11.938	139.15	-41.459	3.6383	95.092	-106.55	46.459	14.872	-136.74	39.274	22.413	-162.13	4.8379
141.29	-1.3609	20.749	75.625	-24.787	11.565	142.05	-40.838	3.6162	97.294	-105.79	46.379	17.019	-136.18	39.503	24.732	-162	5.2344
141.3	-1.3576	20.754	77.215	-24.093	11.136	144.28	-40.166	3.2923	99.368	-104.84	46.304	19.06	-135.56	39.679	26.725	-161.44	5.5097
141.3	-1.3544	20.758	78.697	-23.353	10.65	145.79	-39.566	2.505	101.34	-103.77	46.335	21.02	-134.83	39.793	28.716	-160.83	5.8542
141.3	-1.357	20.754	80.149	-22.519	10.284	148.03	-38.403	2.7247	103.19	-102.69	46.467	22.91	-134.05	39.93	30.544	-159.99	5.9389
141.3	-1.3583	20.753	81.549	-21.671	9.8084	149.27	-37.445	2.1103	104.93	-101.46	46.531	24.712	-133.21	40.041	32.588	-159.58	6.358
141.29	-1.3476	20.757	82.882	-20.771	9.3209	151.16	-36.079	2.3027	106.62	-100.14	46.69	25.944	-132.6	39.724	33.907	-159.16	6.1676
141.28	-1.3543	20.747	84.171	-19.82	8.8048	152.59	-34.781	2.1887	108.21	-98.794	46.887	27.61	-131.63	39.839	35.556	-158.12	6.3989
141.28	-1.3528	20.75	85.476	-18.807	8.39	153.95	-33.473	2.0209	109.76	-97.426	47.024	29.214	-130.6	39.855	37.398	-157.48	6.6929
135.1	14.12	55.708	86.74	-17.791	7.9131	141.28	-1.3528	20.75	111.24	-96.028	47.205	30.754	-129.53	39.898	39.248	-156.66	6.9059
135.15	14.226	54.149	87.977	-16.773	7.4045	141.28	-1.3528	20.75	112.71	-94.574	47.385	32.286	-128.4	39.937	40.818	-155.47	7.0078
135.16	14.359	52.575	89.241	-15.722	6.9801	141.28	-1.3595	20.754	114.13	-93.126	47.492	33.795	-127.27	39.98	42.55	-154.69	7.3682
135.2	14.496	51.055	90.51	-14.67	6.5638	141.28	-1.3673	20.755	115.6	-91.731	47.64	35.282	-126.15	40.057	44.184	-153.69	7.5937
135.21	14.638	49.547	91.763	-13.598	6.167	141.28	-1.3682	20.754	117.08	-90.348	47.763	36.801	-125.02	40.074	45.779	-152.66	7.7562
135.25	14.767	48.245	93.037	-12.494	5.9563	141.27	-1.3773	20.768	118.52	-89.044	47.786	38.264	-123.92	40.147	47.391	-151.63	7.912
135.27	14.886	46.855	94.29	-11.43	5.6669	141.28	-1.3706	20.763	120.02	-87.755	47.845	39.764	-122.82	40.195	48.969	-150.7	8.0568
135.3	15.024	45.472	95.608	-10.337	5.6331	141.27	-1.3773	20.753	121.48	-86.552	47.856	41.232	-121.73	40.231	50.386	-149.52	8.1209
135.33	15.118	44.257	96.907	-9.2803	5.5347	141.27	-1.3735	20.759	122.98	-85.41	47.878	42.696	-120.67	40.366	51.81	-148.31	8.1156
135.38	15.183	42.922	98.31	-8.2343	5.512	141.27	-1.3773	20.753	124.46	-84.3	47.93	44.149	-119.63	40.398	53.297	-147.38	8.292
135.42	15.224	41.635	99.73	-7.2	5.6105	141.27	-1.3735	20.759	125.88	-83.275	47.887	45.584	-118.61	40.463	54.73	-146.33	8.3466
135.49	15.188	40.307	101.15	-6.2152	5.5814	141.27	-1.3735	20.759	127.36	-82.319	47.948	46.974	-117.64	40.506	56.102	-145.31	8.3593
135.55	15.158	38.87	102.65	-5.2314	5.6162	141.28	-1.37	20.764	128.78	-81.361	47.916	48.366	-116.63	40.523	57.479	-144.4	8.3239
135.65	15.029	37.576	104.19	-4.2927	5.6108	141.28	-1.3704	20.763	130.16	-80.403	47.969	49.725	-115.63	40.509	58.813	-143.35	8.2773
135.75	14.889	35.896	105.72	-3.415	5.4284	141.29	-1.3644	20.772	131.5	-79.443	47.973	51.019	-114.68	40.494	60.109	-142.34	8.2195
135.88	14.669	34.185	107.3	-2.5611	5.1781	141.28	-1.3641	20.757	132.79	-78.501	47.996	52.32	-113.7	40.427	61.386	-141.36	8.1671
136.01	14.408	32.298	108.9	-1.7892	4.7721	141.29	-1.3591	20.765	134.06	-77.506	48.009	53.553	-112.73	40.317	62.684	-140.38	8.0951
136.18	14.072	30.372	110.51	-1.0471	4.2914	141.29	-1.3593	20.764	135.31	-76.472	48.043	54.756	-111.79	40.218	63.952	-139.52	8.0807
136.35	13.713	28.24	112.12	-0.37956	3.6591	141.28	-1.3531	20.762	136.48	-75.425	48.115	55.933	-110.85	40.094	65.254	-138.77	8.0214
136.53	13.295	26.004	113.79	0.22925	2.9748	141.28	-1.3516	20.764	137.63	-74.317	48.056	57.045	-109.92	39.955	66.443	-137.89	7.8672
136.71	12.866	23.818	115.36	0.82993	2.3083	141.28	-1.3549	20.759	138.74	-73.202	48.033	58.15	-109.03	39.799	67.58	-136.89	7.6953
136.9	12.456	21.59	116.81	1.4038	1.7363	141.28	-1.3559	20.773	139.84	-72.07	47.942	59.23	-108.17	39.629	68.8	-136.23	7.7648
136.9	12.456	21.59	118.1	1.966	1.3273	141.27	-1.3597	20.767	140.93	-70.914	47.897	60.287	-107.36	39.493	69.976	-135.58	7.706
136.9	12.456	21.59	119.16	2.9227	1.6608	140.72	-1.6945	20.223	142.03	-69.765	47.7	61.336	-106.6	39.397	71.139	-134.93	7.666
136.9	12.456	21.59	120.23	3.9105	1.9052	140.71	-1.7011	20.214	143.1	-68.654	47.526	62.396	-105.93	39.276	72.191	-134.14	7.5536
136.9	12.456	21.59	121.47	4.6539	1.6446	140.72	-1.7076	20.215	144.17	-67.534	47.252	63.478	-105.26	39.187	73.242	-133.51	7.4837
136.9	12.456	21.59	122.44	5.3409	1.1374	140.83	-1.6026	20.235	144.99	-66.73	46.569	64.547	-104.68	39.104	74.43	-132.96	7.4099
136.9	12.456	21.59	123.18	6.0618	0.80631	141.85	-0.99294	20.225	146.06	-65.732	46.328	65.62	-104.16	39.04	75.448	-132.31	7.3045
136.9	12.456	21.59	NaN	NaN	NaN	142.02	-0.80855	19.517	147.13	-64.756	46.094	66.713	-103.64	39.023	76.564	-131.79	7.2739
136.9	12.456	21.59	NaN	NaN	NaN	143.02	0.65941	20.31	148.13	-64	46.026	67.824	-103.21	39	77.726	-131.32	7.1875
136.9	12.456	21.59	NaN	NaN	NaN	143.57	1.6105	20.301	149.19	-63.317	45.956	68.908	-102.8	39.004	78.792	-130.82	7.2081
136.9	12.456	21.59	NaN	NaN	NaN	144.46	2.2591	20.31	150.28	-62.601	45.98	70.072	-102.39	39.086	80.035	-130.49	7.2525
136.9	12.456	21.59	NaN	NaN	NaN	145.81	2.7747	20.259	151.43	-61.898	46.134	71.2	-101.94	39.117	81.1	-129.92	7.3706
136.9	12.456	21.59	127.82	9.8704	0.547	147.06	3.1625	20.292	152.57	-61.242	46.326	72.382	-101.5	39.225	82.337	-129.53	7.4429
136.9	12.456	21.59	129.02	10.314	0.58562	148.16	3.6029	20.295	153.77	-60.72	46.604	73.596	-101.07	39.349	83.718	-129.23	7.5991
136.9	12.456	21.59	130.32	10.788	0.76861	149.29	4.0201	20.239	155.06	-60.119	46.962	74.898	-100.7	39.508	85.089	-128.86	7.7393
136.9	12.456	21.59	133.14	9.3459	-3.3366	150.81	4.3484	20.293	156.42	-59.659	47.258	76.324	-100.32	39.688	86.556	-128.49	8.0527
136.9	12.456	21.59	NaN	NaN	NaN	152.62	4.674	20.336	158.22	-58.938	47.993	77.804	-99.955	39.835	88.092	-128.18	8.2736
136.9	12.456	21.59	136.02	9.416	-3.9602	154.57	4.8833	20.415	159.83	-58.55	48.333	79.408	-99.561	40.021	89.737	-127.89	8.5234
175.81	8.1391	-10.962	137.92	9.6128	-3.578	156.65	5.0818	20.646	161.59	-58.19	48.684	81.104	-99.251	40.204	91.424	-127.55	8.7197
178.41	8.6221	-9.2682	139.96	9.8247	-3.2703	158.8	5.2774	20.973	163.23	-58.342	48.595	82.931	-98.968	40.412	93.26	-127.32	8.9733
180.55	8.7398	-8.8709	142.56	10.448	-2.3098	160.91	5.3779	21.312	165.26	-58.197	48.952	84.903	-98.768	40.642	95.254	-127.2	9.2216
182.88	8.8711	-8.3629	144.42	10.114	-2.5375	163.18	5.466	21.751	167.44	-58.136	49.329	86.968	-98.568	40.853	97.156	-126.94	9.4516
185.34	8.9373	-7.9906	147.33	10.666	-1.4066	165.61	5.4367	22.135	169.68	-58.199	49.66	89.129	-98.386	41.102	99.307	-126.83	9.5991
187.1	8.4477	-8.4284	149.9	10.59	-0.9123	168.31	5.4165	22.609	172.05	-58.274	50.011	91.351	-98.247	41.368	101.44	-126.74	9.8498
189.82	8.3451	-7.9532	152.61	10.523	-0.32705	171.01	5.2665	23.001	174.49	-58.368	50.387	93.665	-98.095	41.691	103.63	-126.53	10.204
193.36	8.6501	-6.6642	155.4	10.572	0.044727	173.88	5.1476	23.563	177.06	-58.552	50.844	96.01	-97.977	41.991	105.85	-126.39	10.482
196.29	8.5035	-6.1511	158.33	10.402	0.64375	176.75	4.9224	24.014	179.61	-58.727	51.276	98.447	-97.831	42.276	108.2	-126.31	10.788
199.3	8.3003	-5.5274	161.24	10.213	1.2594	179.76	4.7458	24.659	182.21	-58.953	51.694	100.91	-97.724	42.574	110.58	-126.21	11.11
202.37	8.0648	-4.9193	163.92	9.7023	1.0435	182.75	4.466	25.207	184.85	-59.245	52.207	103.43	-97.608	42.916	113.04	-126.3	11.417
204.7	7.3314	-5.1994	167.03	9.5383	1.8076	185.87	4.2241	25.816	187.59	-59.497	52.777	105.98	-97.509	43.259	115.51	-126.25	11.729
208.69	7.4604	-3.6807	170.23	9.3186	2.182	188.98	3.9463	26.423	190.26	-59.765	53.319	108.55	-97.369	43.583	117.91	-126.07	12.001
211.98	7.1981	-2.988	173.47	9.103	2.8767	192.16	3.6946	27.002	193	-59.99	53.944	111.11	-97.245	43.891	120.47	-126.01	12.413
214.49	6.4346	-3.2362	176.76	8.8528	3.2682	195.3	3.3498	27.566	195.71	-60.242	54.511	113.71	-97.109	44.274	122.99	-126.03	12.805
218.58	6.5169	-1.722	180.05	8.6411	3.6444	198.53	3.0677	28.136	198.46	-60.46	55.129	116.33	-96.965	44.557	125.71	-126.11	13.285
221.93	6.2171	-1.0703	183.36	8.4154	4.0945	201.67	2.7726	28.694	201.2	-60.698	55.685	118.97	-96.807	44.906	128.08	-125.75	13.436
225.28	5.8328	-0.48543	186.7	8.0056	4.6574	204.84	2.4761	29.187	203.98	-60.921	56.268	121.61	-96.648	45.177	130.69	-125.8	13.954
228.59	5.5091	0.11884	190.05	7.774	4.9124	208.05	2.1607	29.786	206.73	-61.189	56.785	124.29	-96.491	45.484	133.29	-125.88	14.317
231.21	4.679	-0.18638	193.36	7.5217	5.436	211.19	1.8019	30.214	209.53	-61.462	57.313	126.94	-96.343	45.748	135.87	-125.79	14.586
235.32	4.8506	1.416	196.7	7.1363	5.9005	214.39	1.501	30.825	212.32	-61.744	57.792	129.62	-96.2	46.042	138.38	-125.64	14.815
238.61	4.5106	1.9785	199.99	6.9237	6.3157	217.53	1.1373	31.244	215.08	-62.044	58.166	132.27	-96.072	46.261	140.88	-125.57	15.132
241.84	4.1934	2.5015	203.23	6.685	6.7573	220.69	0.79528	31.765	217.88	-62.36	58.543	134.91	-95.933	46.538	143.42	-125.44	15.393
244.36	3.4681	2.1692	206.45	6.3647	7.286	223.88	0.49703	32.268	220.62	-62.691	58.848	137.51	-95.777	46.739	145.9	-125.38	15.628
248.23	3.6087	3.4292	209.62	6.1556	7.6642	226.96	0.10664	32.654	223.33	-62.992	59.111	140.09	-95.63	46.95	148.3	-125.26	15.795
250.54	2.8855	2.8913	212.71	5.9771	7.9691	230.04	-0.18922	33.02	226.04	-63.228	59.387	142.64	-95.45	47.1	150.6	-125.12	15.875
254.39	3.15	4.2147	215.75	5.8181	8.2225	233.05	-0.42414	33.355	228.67	-63.434	59.586	145.13	-95.267	47.254	153.14	-125.25	16.069
256.59	2.4564	3.5506	218.72	5.6447	8.44	235.98	-0.63487	33.614	231.24	-63.629	59.792	147.61	-95.045	47.341	155.35	-124.81	16.108
259.64	2.3089	3.8986	221.64	5.3948	8.7391	238.77	-0.89685	33.79	233.74	-63.72	59.93	150.04	-94.814	47.412	157.72	-124.95	16.248
263.21	2.4968	4.8409	224.52	5.2461	8.8358	241.59	-1.0847	33.882	236.23	-63.817	60.055	152.41	-94.584	47.452	159.87	-124.41	16.274
266.1	2.3313	4.9831	227.34	5.0807	8.8315	244.35	-1.2358	33.896	238.64	-63.837	60.167	154.74	-94.289	47.428	161.97	-124.33	16.314
268.28	1.7462	4.2583	230.11	5.0013	8.6602	247.05	-1.3581	33.856	240.98	-63.863	60.215	157	-93.957	47.373	164.22	-124	16.374
271.56	1.781	4.7945	232.82	4.8391	8.5457	249.7	-1.4814	33.734	243.23	-63.848	60.185	159.19	-93.631	47.316	166.33	-123.85	16.319
274.26	1.574	4.6995	235.49	4.7053	8.2578	252.29	-1.6028	33.551	245.48	-63.737	60.205	161.32	-93.268	47.176	168.43	-123.7	16.303
276.26	1.0379	3.772	238.1	4.4818	7.9332	254.82	-1.6454	33.294	247.6	-63.713	60.121	163.41	-92.866	47.028	170.36	-123.45	16.405
278.77	0.8154	3.5048	240.57	4.4949	7.5045	257.25	-1.7022	32.942	249.75	-63.588	60.003	165.45	-92.466	46.822	172.34	-123.13	16.251
281.82	1.0218	3.9447	242.98	4.37	7.1315	259.54	-1.8073	32.563	251.79	-63.51	59.82	167.42	-92.1	46.605	174.23	-122.9	16.259
284.13	0.87753	3.6405	245.29	4.2999	6.7167	261.82	-1.8531	32.197	253.79	-63.419	59.537	169.36	-91.764	46.344	176.13	-122.64	15.959
285.81	0.46821	2.5732	247.55	4.2191	6.251	264.04	-1.8743	31.811	255.75	-63.32	59.255	171.24	-91.408	46.084	177.91	-122.47	15.929
288.57	0.69207	2.8665	249.67	4.2093	5.712	266.17	-1.8849	31.424	257.65	-63.242	58.928	173.07	-91.05	45.785	179.85	-122.55	15.643
290.63	0.62674	2.4374	251.75	4.1975	5.308	268.21	-1.9151	30.975	259.5	-63.137	58.57	174.84	-90.7	45.491	181.22	-121.93	15.282
292.06	0.26865	1.3391	253.74	4.1786	4.854	270.18	-1.9093	30.543	261.25	-63.039	58.174	176.54	-90.351	45.168	182.81	-121.59	15.079
293.95	0.24824	0.88918	255.6	4.113	4.4448	272.07	-1.8954	30.092	262.96	-62.901	57.774	178.15	-90.006	44.846	184.31	-121.34	14.887
295.7	0.21362	0.35199	257.38	4.1083	4.1126	273.84	-1.8809	29.603	264.58	-62.799	57.378	179.67	-89.646	44.495	185.73	-121.02	14.453
297.9	0.60632	0.5446	259.04	4.2254	3.5452	275.5	-1.8087	29.102	266.07	-62.629	56.916	181.13	-89.295	44.122	187.01	-120.8	14.181
299.53	0.71917	0.14138	260.59	4.2696	3.0104	277.1	-1.6504	28.625	267.5	-62.399	56.466	182.51	-88.949	43.76	188.65	-120.83	13.902
300.37	0.53732	-1.166	262	4.4634	2.3929	278.48	-1.5309	28.105	268.83	-62.151	56.02	183.82	-88.593	43.374	189.6	-120.15	13.496
301.74	0.76053	-1.7193	263.3	4.6003	1.7608	279.77	-1.3231	27.538	270.06	-61.871	55.514	185.03	-88.267	42.986	190.75	-119.96	13.072
302.94	0.95829	-2.2697	264.49	4.7657	1.0709	280.98	-1.0377	26.91	271.22	-61.499	55.034	186.18	-87.895	42.572	191.81	-119.7	12.762
303.99	1.1516	-3.0219	265.57	4.9054	0.44201	282.04	-0.76936	26.165	272.28	-61.104	54.542	187.22	-87.529	42.153	192.76	-119.36	12.414
305.59	1.7379	-3.0181	266.56	5.0425	-0.16093	282.99	-0.44024	25.391	273.25	-60.618	54.023	188.2	-87.127	41.698	193.72	-119.08	12.088
305.91	1.6581	-4.6215	267.47	5.1514	-1.2259	283.85	-0.077803	24.602	274.1	-60.12	53.434	189.08	-86.72	41.204	194.64	-118.78	11.757
307.34	2.2658	-4.7098	268.24	5.4751	-2.3344	284.58	0.25926	23.675	274.92	-59.595	52.853	189.9	-86.295	40.706	195.59	-119.03	11.446
308.08	2.5205	-5.6054	268.97	5.5151	-3.1737	285.25	0.62848	22.638	275.63	-59.039	52.155	190.61	-85.882	40.149	196.12	-118.3	11.022
308.13	2.3963	-7.4062	269.53	5.6965	-4.3743	286.1	1.0647	21.85	276.33	-58.447	51.494	191.28	-85.439	39.626	196.73	-118.08	10.6
309.48	3.0036	-7.6267	270.1	5.9914	-4.6776	287.68	1.5977	21.674	276.95	-57.975	50.734	191.87	-85.023	39.056	197.67	-118.19	10.388
310.11	3.323	-8.06	270.73	6.2749	-4.7174	288.22	1.4118	21.674	277.59	-57.765	50.039	192.4	-84.623	38.428	197.83	-117.59	9.759
310.57	3.5571	-8.5951	271.1	6.5716	-5.1503	288.74	1.7057	21.661	278.17	-57.694	49.445	192.84	-84.336	37.896	198.27	-117.37	9.2057
310.98	3.8574	-8.9409	271.42	6.8502	-5.2073	289.11	1.924	21.739	278.6	-57.702	48.855	193.25	-84.236	37.456	198.75	-117.09	8.7878
312.27	4.7059	-8.2602	271.76	7.058	-5.5342	289.49	2.2133	21.709	279.1	-57.663	48.312	193.67	-84.16	37.104	199.04	-116.97	8.3197
312.53	4.6278	-8.9088	272.01	7.1944	-5.7793	289.6	2.3678	21.699	279.48	-57.577	47.843	194.03	-84.034	36.741	199.21	-116.82	7.9333
312.15	4.0583	-10.194	272.19	7.3786	-5.8511	289.82	2.4703	21.727	279.72	-57.483	47.519	194.27	-83.873	36.449	199.36	-116.7	7.6387
313.25	4.8353	-9.2101	272.37	7.5365	-6.1909	290.05	2.5601	21.723	279.85	-57.399	47.355	194.33	-83.678	36.227	199.43	-116.55	7.4527
313.25	4.8353	-9.2101	272.5	7.5855	-6.1446	290.19	2.6164	21.688	279.88	-57.313	47.309	194.31	-83.532	36.098	199.51	-116.46	7.329
313.25	4.8353	-9.2101	272.6	7.6192	-6.171	290.32	2.6508	21.666	279.85	-57.209	47.339	194.26	-83.411	35.997	199.5	-116.37	7.3042
313.25	4.8353	-9.2101	272.67	7.6602	-6.3232	290.4	2.6846	21.682	279.78	-57.08	47.4	194.21	-83.291	35.965	199.48	-116.32	7.3574
312.72	4.1395	-10.55	272.71	7.6809	-6.3895	290.42	2.7056	21.683	279.68	-56.905	47.494	194.15	-83.165	35.972	199.64	-116.61	7.5577
312.74	4.1786	-10.554	272.71	7.7262	-6.4196	290.42	2.7029	21.691	279.57	-56.731	47.577	194.07	-83.004	36.018	199.57	-116.53	7.682
312.75	4.1912	-10.58	272.69	7.7443	-6.4648	290.41	2.7093	21.69	279.46	-56.591	47.601	193.93	-82.87	36.068	199.5	-116.44	7.7898
312.76	4.1916	-10.604	272.65	7.7628	-6.5026	290.38	2.7112	21.687	279.36	-56.477	47.675	193.76	-82.766	36.084	199.13	-116	7.7225
312.78	4.176	-10.678	272.61	7.7487	-6.5687	290.35	2.6997	21.67	279.26	-56.378	47.7	193.61	-82.685	36.104	198.96	-116.02	7.7858
312.79	4.119	-10.784	272.58	7.7101	-6.7957	290.31	2.6957	21.67	279.21	-56.306	47.691	193.48	-82.605	36.129	198.82	-116.05	7.8347
312.81	4.0879	-10.849	272.53	7.6746	-6.8842	290.3	2.6968	21.674	279.14	-56.248	47.668	193.38	-82.555	36.148	198.7	-116.06	7.9676
312.83	4.0368	-10.931	272.45	7.6107	-7.031	290.28	2.6974	21.666	279.09	-56.209	47.646	193.29	-82.519	36.171	198.63	-116.1	8.0921
312.87	3.9805	-11	272.37	7.5206	-7.2312	290.27	2.6913	21.656	279.03	-56.191	47.621	193.21	-82.506	36.199	198.53	-116.09	8.1545
312.9	3.8591	-11.112	272.28	7.394	-7.3825	290.26	2.6843	21.657	278.98	-56.198	47.605	193.14	-82.494	36.266	198.45	-116.14	8.2381
312.94	3.7176	-11.253	272.28	7.2481	-7.9902	290.27	2.6759	21.658	278.92	-56.197	47.58	193.08	-82.481	36.305	198.33	-116.18	8.3781
313	3.5809	-11.377	272.19	6.8912	-8.6519	290.26	2.6779	21.652	278.85	-56.184	47.584	192.99	-82.467	36.339	198.46	-116.68	8.7388
313.11	3.3651	-11.605	272.17	6.5597	-9.1432	290.26	2.6697	21.649	278.74	-56.155	47.474	192.91	-82.436	36.368	198.16	-116.33	8.6997
313.22	3.0931	-11.933	272.11	6.3976	-9.2424	290.26	2.6671	21.659	278.68	-56.143	47.386	192.82	-82.359	36.37	198.02	-116.37	8.9241
313.29	2.9149	-12.103	272	6.2043	-9.8868	290.39	2.7408	21.715	278.63	-56.181	47.313	192.67	-82.259	36.367	197.83	-116.44	8.9672
313.35	2.7566	-12.212	272	6.0157	-10.348	290.39	2.7399	21.717	278.54	-56.254	47.248	192.54	-82.273	36.414	197.64	-116.51	9.0044
313.43	2.4646	-12.388	271.99	5.672	-10.26	290.39	2.7255	21.72	278.45	-56.325	47.172	192.42	-82.349	36.477	197.53	-116.57	9.0796
313.5	2.1721	-12.665	271.95	5.5441	-10.595	290.34	2.6648	21.742	278.35	-56.345	47.114	192.32	-82.348	36.474	197.34	-116.63	9.1478
313.5	1.8264	-13.049	271.85	5.4325	-10.7	290.27	2.5484	21.77	278.2	-56.343	47	192.21	-82.275	36.476	197.19	-116.63	9.2969
313.5	1.5112	-13.299	271.72	5.3251	-10.774	290.18	2.475	21.793	278.05	-56.367	46.886	192.02	-82.185	36.498	197.01	-116.62	9.4592
313.49	1.2918	-13.452	271.57	5.2077	-10.885	290.1	2.3809	21.803	277.88	-56.425	46.804	191.77	-82.171	36.5	196.74	-116.74	9.4377
313.42	1.0339	-13.596	271.38	5.0699	-10.831	289.96	2.2881	21.771	277.69	-56.49	46.792	191.55	-82.179	36.514	196.47	-116.74	9.5441
313.41	0.69837	-13.726	271.13	4.9075	-10.995	289.78	2.1982	21.763	277.47	-56.541	46.76	191.33	-82.199	36.509	196.23	-116.82	9.6082
313.51	0.29449	-13.854	270.82	4.7439	-11	289.58	2.0572	21.78	277.15	-56.599	46.636	191.11	-82.203	36.488	196	-116.87	9.7101
313.81	-0.19426	-13.941	270.46	4.6837	-11.169	289.48	1.939	21.788	276.86	-56.593	46.606	190.8	-82.23	36.472	195.72	-116.96	9.6936
314.35	-0.68872	-13.798	269.88	4.6525	-11.16	289.61	1.8691	21.738	276.5	-56.648	46.534	190.45	-82.233	36.415	195.32	-117.05	9.6982
315.13	-1.3725	-13.522	269.36	4.553	-11.22	289.85	1.803	21.717	276.09	-56.797	46.459	190.05	-82.284	36.365	194.95	-117.12	9.8427
316.08	-2.1504	-13.076	268.73	4.5646	-11.148	290.01	1.7944	21.714	275.67	-56.997	46.407	189.62	-82.383	36.288	194.55	-117.35	9.7517
317.13	-3.0482	-12.45	268.13	4.3862	-10.845	290.1	1.7797	21.725	275.19	-57.295	46.441	189.16	-82.516	36.3	194.11	-117.43	9.7565
318.25	-4.0177	-11.54	267.42	4.3591	-10.787	290.11	1.7804	21.713	274.65	-57.645	46.515	188.66	-82.682	36.292	193.55	-117.68	9.7184
319.29	-5.1887	-10.688	266.61	4.2554	-10.246	290.04	1.7679	21.705	274.04	-58.058	46.623	188.07	-82.896	36.375	193.03	-117.81	9.8659
320.28	-6.3636	-9.7043	265.79	4.0484	-9.9551	289.91	1.7689	21.719	273.44	-58.484	46.788	187.42	-83.095	36.463	192.31	-118.09	9.8201
321.25	-7.6252	-8.5309	264.83	3.9668	-9.5638	289.72	1.7607	21.721	272.77	-58.975	46.962	186.71	-83.385	36.604	191.81	-118.75	10.136
322.07	-8.8686	-7.3944	263.77	3.8807	-9.0194	289.59	1.7931	21.749	272.03	-59.514	47.123	185.96	-83.726	36.791	190.88	-118.61	10.157
322.75	-10.239	-6.1923	262.56	3.7273	-8.427	289.54	1.8125	21.766	271.31	-60.041	47.372	185.15	-84.112	37.026	190.27	-119.34	10.557
323.34	-11.628	-4.9691	261.32	3.6118	-8.0792	289.51	1.8076	21.763	270.48	-60.641	47.558	184.3	-84.553	37.289	189.13	-119.29	10.544
323.82	-13.027	-3.6893	259.93	3.4936	-7.5744	289.55	1.7865	21.761	269.51	-61.275	47.771	183.35	-85.016	37.619	188.37	-120.07	10.869
324.14	-14.507	-2.4709	258.39	3.3515	-7.1608	289.63	1.7537	21.731	268.48	-61.93	48.11	182.32	-85.49	37.951	187.15	-120.09	10.87
324.27	-15.95	-1.1488	256.86	3.1199	-6.3812	289.77	1.7267	21.728	267.38	-62.615	48.382	181.17	-85.987	38.291	186.05	-120.49	11.21
324.11	-17.299	0.0025504	255.29	2.8894	-5.772	289.89	1.7367	21.712	266.2	-63.339	48.695	179.97	-86.493	38.689	184.8	-120.74	11.462
323.69	-18.585	1.134	253.65	2.7392	-5.1638	289.94	1.7142	21.715	264.92	-64.085	49.13	178.64	-87.019	39.101	183.44	-121.25	11.605
322.9	-19.744	2.1546	252.06	2.4273	-4.416	289.93	1.7188	21.713	263.53	-64.814	49.607	177.23	-87.548	39.545	182.06	-121.58	11.898
321.91	-20.759	3.1223	250.36	2.092	-3.4807	289.87	1.7225	21.716	261.96	-65.585	50.058	175.69	-88.083	39.989	180.53	-122.03	12.195
320.62	-21.656	3.9916	248.62	1.8194	-2.8406	289.78	1.7118	21.727	260.32	-66.284	50.686	174.02	-88.587	40.483	178.94	-122.3	12.597
319.09	-22.413	4.8856	246.91	1.4393	-2.137	289.69	1.7156	21.722	258.5	-66.982	51.211	172.21	-89.088	40.997	177.2	-122.75	12.953
317.26	-23.092	5.6563	245.06	1.0363	-1.204	289.64	1.7274	21.738	256.53	-67.643	51.931	170.26	-89.583	41.511	175.32	-123.07	13.226
315.3	-23.587	6.4697	243.16	0.69142	-0.56405	289.66	1.7257	21.733	254.43	-68.265	52.588	168.17	-90.037	42.041	173.35	-123.46	13.695
312.99	-24.008	7.1874	241.15	0.25199	0.34368	289.72	1.7075	21.733	252.21	-68.879	53.267	165.95	-90.497	42.556	171.3	-123.74	14.06
310.49	-24.272	7.9473	239.04	-0.08084	1.0704	289.78	1.7088	21.723	249.86	-69.458	54.064	163.58	-90.964	43.101	169.11	-124.04	14.458
307.81	-24.356	8.7589	236.83	-0.44361	1.9473	289.82	1.7172	21.729	247.28	-70.04	54.763	161.1	-91.417	43.637	166.96	-124.74	14.926
304.92	-24.381	9.4911	234.46	-0.61754	2.6411	289.83	1.7161	21.725	244.66	-70.532	55.53	158.49	-91.897	44.186	164.37	-124.7	15.247
301.83	-24.328	10.083	231.95	-0.83477	3.4982	289.8	1.7217	21.717	241.87	-70.955	56.283	155.77	-92.37	44.722	161.85	-125.02	15.628
298.64	-24.158	10.774	229.26	-0.95796	4.4377	289.75	1.7124	21.72	238.96	-71.308	57.006	152.94	-92.851	45.262	159.18	-125.34	15.997
295.27	-23.829	11.348	226.38	-0.99797	5.2225	289.69	1.7231	21.72	235.95	-71.567	57.663	150.01	-93.352	45.806	156.51	-125.66	16.381
291.73	-23.413	11.907	223.32	-0.96299	6.0107	289.65	1.734	21.735	232.8	-71.743	58.241	146.97	-93.85	46.344	153.84	-126.27	17.003
288.02	-22.789	12.467	220.09	-0.85003	6.7993	289.68	1.7182	21.726	229.6	-71.819	58.872	143.87	-94.344	46.866	150.82	-126.24	17.281
284.11	-22.159	12.879	216.71	-0.70652	7.5703	289.69	1.7177	21.724	226.28	-71.844	59.437	140.65	-94.831	47.358	147.9	-126.58	17.76
279.98	-21.361	13.282	213.22	-0.58141	8.3376	289.72	1.7236	21.732	222.83	-71.86	59.924	137.35	-95.317	47.843	144.98	-127.11	18.202
275.58	-20.505	13.57	209.54	-0.34556	9.1414	289.74	1.7152	21.726	219.31	-71.869	60.391	133.96	-95.824	48.343	141.66	-127.18	18.511
270.91	-19.453	13.735	205.77	-0.06666	10.043	289.74	1.7149	21.714	215.72	-71.795	60.865	130.47	-96.334	48.774	138.53	-127.44	18.789
265.89	-18.266	13.8	201.86	0.18876	10.903	289.74	1.7144	21.727	212.03	-71.747	61.301	126.9	-96.87	49.185	135.16	-127.71	19.061
260.54	-17.075	13.618	197.83	0.50881	11.841	289.74	1.7129	21.724	208.25	-71.686	61.697	123.27	-97.444	49.616	131.71	-127.92	19.287
255.06	-15.683	13.659	193.8	0.77906	12.882	289.72	1.7112	21.723	204.35	-71.632	62.006	119.54	-98.014	49.985	128.32	-128.45	19.58
249.25	-14.228	13.529	189.66	1.0538	13.878	289.7	1.7074	21.722	200.4	-71.543	62.314	115.73	-98.594	50.304	124.66	-128.52	19.686
243.19	-12.842	13.287	185.4	1.3305	14.793	289.68	1.7035	21.731	196.36	-71.395	62.62	111.85	-99.151	50.615	121.1	-128.98	19.874
243.19	-12.842	13.287	181.07	1.5788	15.55	289.69	1.6987	21.72	192.2	-71.24	62.845	107.9	-99.726	50.889	117.3	-129.1	19.959
243.19	-12.842	13.287	176.64	1.8115	16.304	289.7	1.6998	21.733	187.96	-71.052	63.033	103.87	-100.3	51.112	113.62	-129.54	20.065
224	-8.4316	12.715	172.42	2.4219	17.567	289.72	1.6993	21.717	183.88	-70.563	63.592	99.784	-100.87	51.32	109.67	-129.71	20.136
217.24	-7.0226	12.487	167.66	2.652	17.767	289.73	1.7035	21.725	179.52	-70.234	63.714	95.669	-101.42	51.533	105.84	-130.17	20.189
210.41	-5.5645	12.201	162.74	2.8825	17.918	289.73	1.704	21.724	175.09	-69.862	63.771	91.51	-102	51.712	101.84	-130.38	20.212
289.72	1.697	21.727	157.74	3.0215	17.904	NaN	NaN	NaN	170.65	-69.4	63.844	87.358	-102.56	51.907	97.922	-130.69	20.291
289.71	1.7046	21.727	152.58	3.1975	17.634	NaN	NaN	NaN	166.12	-68.903	63.857	83.171	-103.14	52.092	93.874	-130.96	20.244
289.7	1.7083	21.723	147.25	3.3771	17.354	NaN	NaN	NaN	161.61	-68.379	63.819	78.951	-103.7	52.266	89.907	-131.35	20.349
289.69	1.7094	21.726	141.81	3.5582	17.218	182.46	-1.5523	7.9136	157.03	-67.831	63.675	74.744	-104.26	52.459	85.784	-131.54	20.486
289.68	1.7143	21.722	136.36	3.8518	17.044	NaN	NaN	NaN	152.25	-67.489	63.184	70.467	-104.87	52.587	81.653	-131.89	20.415
289.68	1.7177	21.727	130.79	4.046	16.963	NaN	NaN	NaN	147.68	-66.924	62.987	66.233	-105.48	52.761	77.596	-132.26	20.478
289.68	1.7185	21.716	125.23	4.3018	16.769	NaN	NaN	NaN	143.04	-66.374	62.669	61.999	-106.12	52.883	73.454	-132.66	20.515
289.69	1.7217	21.735	119.64	4.5005	16.706	NaN	NaN	NaN	138.37	-65.859	62.435	57.78	-106.74	52.999	69.296	-132.91	20.416
289.68	1.7183	21.715	114.02	4.7561	16.646	NaN	NaN	NaN	133.72	-65.29	62.096	53.532	-107.41	53.057	65.15	-133.33	20.403
289.68	1.7195	21.72	108.37	4.9034	16.357	NaN	NaN	NaN	129.08	-64.818	61.864	49.311	-108.01	53.117	61.031	-133.69	20.255
289.68	1.7182	21.726	102.76	5.088	16.278	NaN	NaN	NaN	124.4	-64.34	61.551	45.038	-108.63	53.055	56.873	-134.05	20.107
289.68	1.7152	21.724	97.226	5.1586	16.225	122.98	6.1283	6.4785	119.7	-63.865	61.285	40.818	-109.18	52.956	52.792	-134.39	19.821
289.68	1.7166	21.726	91.509	5.3458	16.027	NaN	NaN	NaN	114.96	-63.452	61.065	36.576	-109.74	52.876	48.667	-134.76	19.695
289.69	1.712	21.716	85.608	5.5559	15.771	NaN	NaN	NaN	110.23	-63.062	60.737	32.383	-110.28	52.695	44.65	-135.11	19.444
289.69	1.7134	21.732	79.956	5.7572	15.417	NaN	NaN	NaN	105.48	-62.634	60.445	28.194	-110.78	52.55	40.649	-135.48	19.143
289.7	1.704	21.729	74.396	5.8766	15.063	NaN	NaN	NaN	100.78	-62.149	60.105	24.026	-111.3	52.343	36.732	-135.81	18.847
289.69	1.7132	21.719	68.839	5.9565	14.608	NaN	NaN	NaN	96.125	-61.706	59.733	19.854	-111.76	52.108	32.829	-136.17	18.628
289.7	1.7051	21.731	63.367	6.0526	14.01	NaN	NaN	NaN	91.467	-61.217	59.378	15.761	-112.17	51.881	28.944	-136.5	18.443
289.7	1.7086	21.723	57.986	6.1222	13.57	NaN	NaN	NaN	86.906	-60.764	59.068	11.72	-112.55	51.592	25.094	-136.87	18.165
289.7	1.71	21.725	52.605	6.13	12.961	NaN	NaN	NaN	82.443	-60.278	58.706	7.7699	-112.98	51.276	21.394	-137.13	17.927
289.69	1.7016	21.725	47.404	6.1683	12.338	NaN	NaN	NaN	78.005	-59.848	58.249	3.9316	-113.39	51.005	17.824	-137.55	17.617
289.7	1.7054	21.717	42.321	6.1983	11.756	NaN	NaN	NaN	73.717	-59.406	57.84	0.18491	-113.82	50.734	14.214	-137.88	17.329
289.69	1.7017	21.726	36.919	5.7981	10.491	NaN	NaN	NaN	69.459	-59.007	57.33	-3.5091	-114.22	50.385	10.738	-138.21	16.995
289.69	1.7002	21.722	31.872	6.3198	11.317	57.031	8.8212	-0.084793	65.375	-58.645	56.851	-7.113	-114.64	50.089	7.2429	-138.55	16.695
289.69	1.7041	21.728	27.249	6.2321	10.745	52.312	8.9365	-0.7059	61.401	-58.343	56.418	-10.628	-115.03	49.766	3.9335	-138.91	16.462
289.69	1.7115	21.729	22.724	6.1262	10.139	47.769	8.9486	-1.358	57.543	-58.143	55.921	-14.023	-115.45	49.414	0.7185	-139.16	16.058
289.69	1.7126	21.732	18.594	6.049	9.5947	43.413	8.9287	-1.9394	53.788	-57.949	55.358	-17.349	-115.86	49.04	-2.5537	-139.51	15.649
289.69	1.7103	21.727	14.888	5.6265	8.227	39.274	8.9295	-2.4605	50.188	-57.832	54.9	-20.572	-116.23	48.654	-5.6224	-139.87	15.155
289.69	1.7149	21.722	10.915	5.4817	7.7113	35.272	8.8543	-3.0348	46.693	-57.744	54.363	-23.687	-116.62	48.258	-8.5224	-140.15	14.848
289.69	1.7222	21.734	7.1428	5.362	7.1497	31.471	8.8116	-3.5029	43.338	-57.686	53.953	-26.732	-116.99	47.828	-11.481	-140.48	14.364
289.68	1.7188	21.729	3.5067	5.1293	6.7402	27.781	8.6976	-4.0532	40.066	-57.652	53.452	-29.659	-117.37	47.408	-14.256	-140.81	13.873
289.68	1.7175	21.728	0.070666	5.0648	6.118	24.321	8.5895	-4.5956	36.922	-57.583	53.084	-32.482	-117.72	46.985	-16.883	-141.1	13.438
289.68	1.7202	21.719	-3.2226	4.8212	5.6163	21.048	8.4428	-5.1384	33.901	-57.547	52.689	-35.175	-118.02	46.58	-19.358	-141.41	13.003
289.68	1.7153	21.724	-6.3148	4.6415	5.0536	17.94	8.2908	-5.6	31.014	-57.47	52.367	-37.74	-118.32	46.191	-21.813	-141.73	12.653
289.68	1.7164	21.726	-9.2238	4.4493	4.5679	15.021	8.0916	-6.1383	28.253	-57.459	52.087	-40.234	-118.58	45.782	-24.045	-142	12.355
289.69	1.7088	21.727	-11.985	4.2704	3.9649	12.35	7.9458	-6.6024	25.631	-57.418	51.792	-42.593	-118.82	45.416	-26.192	-142.24	12.041
289.69	1.7085	21.724	-14.508	4.1389	3.3308	9.7767	7.7493	-7.0851	23.137	-57.381	51.535	-44.85	-119.08	45.044	-28.192	-142.53	11.705
289.69	1.7144	21.734	-16.931	3.8909	2.8717	7.4674	7.558	-7.4326	20.812	-57.379	51.314	-46.951	-119.28	44.704	-30.111	-142.78	11.415
289.69	1.7073	21.723	-19.129	3.7398	2.3258	5.2553	7.3182	-7.8864	18.599	-57.415	51.044	-48.937	-119.53	44.364	-31.93	-143.04	11.176
289.69	1.7097	21.728	-21.158	3.52	1.8558	3.2538	7.1006	-8.2211	16.585	-57.442	50.868	-50.768	-119.73	44.005	-33.615	-143.26	10.875
289.7	1.7065	21.732	-23.017	3.3272	1.4607	1.4241	6.8681	-8.5241	14.716	-57.526	50.661	-52.498	-119.92	43.651	-35.21	-143.47	10.503
289.7	1.7072	21.734	-24.731	3.1772	1.0195	-0.21782	6.6657	-8.8575	12.99	-57.638	50.465	-54.134	-120.13	43.292	-36.667	-143.69	10.297
289.7	1.7071	21.718	-26.254	2.9733	0.74661	-1.7196	6.4241	-9.1591	11.335	-57.783	50.232	-55.657	-120.29	42.897	-38.029	-143.87	9.8564
289.7	1.7067	21.733	-27.67	2.7817	0.30608	-3.0408	6.1827	-9.4462	9.8425	-57.912	50.029	-57.299	-120.26	42.762	-39.376	-144.07	9.5868
289.69	1.7127	21.717	-28.868	2.68	-0.092626	-4.1951	5.9341	-9.6527	8.4132	-58.083	49.807	-58.645	-120.39	42.32	-40.553	-144.22	9.1612
289.69	1.7145	21.735	-30.029	2.4761	-0.57086	-5.2796	5.6727	-10.043	7.1008	-58.255	49.59	-59.912	-120.56	41.823	-41.665	-144.44	8.7348
289.69	1.7148	21.722	-30.99	2.3193	-0.973	-6.2029	5.4119	-10.349	5.8403	-58.434	49.329	-61.128	-120.64	41.329	-42.72	-144.61	8.3277
289.69	1.7124	21.731	-31.987	2.1267	-1.7042	-7.0665	5.1785	-10.704	4.6702	-58.561	49.093	-62.216	-120.76	40.771	-43.64	-144.76	7.8941
289.69	1.7156	21.723	-32.813	1.9302	-2.1777	-7.761	4.9573	-11.096	3.5571	-58.671	48.805	-63.254	-120.85	40.156	-44.514	-144.94	7.404
289.69	1.7237	21.723	-33.569	1.7411	-2.8198	-8.4289	4.736	-11.534	2.5431	-58.836	48.45	-64.222	-120.9	39.599	-45.229	-145.08	6.9213
289.69	1.7224	21.721	-34.224	1.5874	-3.5751	-9.0689	4.5367	-12.036	1.5878	-58.909	48.107	-65.098	-120.98	38.917	-45.981	-145.2	6.3764
289.69	1.722	21.733	-34.846	1.373	-4.2416	-9.599	4.3735	-12.55	0.7103	-58.988	47.702	-65.873	-121.03	38.249	-46.572	-145.38	5.7611
289.69	1.7222	21.734	-35.431	1.2366	-5.0896	-10.101	4.2092	-13.153	-0.05986	-59.06	47.229	-66.565	-121.05	37.583	-47.099	-145.49	5.2105
289.68	1.7185	21.731	-35.972	1.1119	-5.905	-10.547	4.0532	-13.801	-0.7646	-59.088	46.685	-67.013	-121.3	36.59	-47.632	-145.63	4.607
289.68	1.7186	21.73	-36.423	0.94726	-6.7698	-10.948	3.9559	-14.508	-1.4102	-59.14	46.1	-67.543	-121.33	35.805	-48.056	-145.68	3.9303
289.68	1.7167	21.728	-36.852	0.84388	-7.6379	-11.28	3.838	-15.151	-1.9684	-59.184	45.451	-67.993	-121.34	35.107	-48.434	-145.81	3.2813
289.68	1.7081	21.724	-37.157	0.67136	-8.5084	-11.583	3.7125	-15.915	-2.5166	-59.201	44.831	-68.393	-121.38	34.299	-48.762	-145.92	2.5734
289.69	1.7099	21.727	-37.768	0.27714	-9.7974	-11.8	3.5904	-16.529	-3.0013	-59.231	44.273	-68.737	-121.41	33.509	-49.014	-145.97	1.8727
289.69	1.7081	21.724	-37.914	0.19232	-10.664	-11.952	3.4275	-17.145	-3.4448	-59.28	43.724	-69.081	-121.4	32.779	-49.221	-146.06	1.1476
289.69	1.7082	21.725	-38.048	0.021037	-11.433	-12.001	3.3424	-17.674	-3.906	-59.319	43.255	-69.4	-121.36	32.029	-49.483	-146.11	0.51248
289.68	1.7076	21.724	-38.088	-0.046694	-12.269	-11.958	3.1279	-18.192	-4.3591	-59.303	42.921	-69.759	-121.34	31.37	-49.567	-146.13	-0.10128
289.68	1.7043	21.719	-38.142	-0.092899	-12.767	-11.961	3.1997	-18.182	-4.8103	-59.334	42.708	-70.096	-121.26	30.745	-49.758	-146.17	-0.5542
289.69	1.6972	21.718	-38.15	-0.09168	-12.881	-11.918	3.1798	-18.139	-5.2293	-59.437	42.675	-70.489	-121.19	30.254	-49.856	-146.19	-0.85712
289.69	1.697	21.716	-38.134	-0.065801	-13.002	-11.808	3.0867	-18.06	-5.6514	-59.501	42.823	-70.874	-121.08	29.91	-49.939	-146.16	-1.0638
289.69	1.7074	21.724	-38.086	-0.085027	-13.029	-11.724	2.9925	-17.937	-6.0455	-59.537	43.057	-71.208	-121.02	29.654	-50.053	-146.17	-1.1266
289.69	1.7009	21.711	-38.058	-0.11952	-13.064	-11.647	2.8905	-17.801	-6.4036	-59.536	43.363	-71.479	-121	29.612	-50.182	-146.18	-0.99189
289.69	1.7007	21.723	-38.075	-0.13397	-13.128	-11.613	2.8162	-17.661	-6.7553	-59.369	43.647	-71.702	-120.94	29.608	-50.302	-146.12	-0.80867
289.69	1.7029	21.727	-38.143	-0.12261	-13.178	-11.691	2.87	-17.572	-7.1243	-59.248	43.904	-71.921	-120.83	29.584	-50.405	-146.06	-0.63532
289.69	1.71	21.714	-38.234	-0.077639	-13.222	-11.784	2.9528	-17.504	-7.4637	-59.014	44.054	-72.157	-120.69	29.531	-50.472	-146.01	-0.47559
289.7	1.7172	21.724	-38.336	-0.024878	-13.33	-11.876	3.0375	-17.484	-7.7807	-58.835	44.178	-72.36	-120.54	29.475	-50.539	-145.96	-0.34722
289.69	1.7104	21.715	-38.488	0.095167	-13.626	-11.987	3.1581	-17.528	-8.0342	-58.61	44.246	-72.544	-120.42	29.386	-50.605	-145.9	-0.301
289.7	1.7185	21.725	-38.608	0.19174	-13.722	-12.117	3.3464	-17.493	-8.2564	-58.425	44.238	-72.676	-120.29	29.272	-50.666	-145.81	-0.32826
289.69	1.7281	21.716	-38.713	0.28519	-13.824	-12.187	3.4969	-17.45	-8.454	-58.296	44.166	-72.804	-120.16	29.135	-50.742	-145.72	-0.36218
289.69	1.7233	21.722	-38.764	0.38322	-13.946	-12.23	3.5936	-17.423	-8.5868	-58.161	44.137	-72.942	-120.02	29.04	-50.85	-145.57	-0.44767
289.69	1.7288	21.716	-38.774	0.4548	-13.961	-12.241	3.6658	-17.417	-8.7037	-58.041	44.113	-73.063	-119.91	28.938	-50.903	-145.53	-0.53354
289.69	1.7286	21.717	-38.782	0.50531	-14.001	-12.252	3.704	-17.418	-8.7594	-57.948	44.135	-73.167	-119.83	28.827	-50.923	-145.49	-0.56155
289.68	1.7303	21.708	-38.785	0.5498	-14.008	-12.256	3.7325	-17.42	-8.8162	-57.869	44.12	-73.24	-119.74	28.759	-50.923	-145.45	-0.5847
289.69	1.7377	21.719	-38.769	0.57972	-14.001	-12.248	3.7653	-17.413	-8.8709	-57.819	44.102	-73.285	-119.69	28.701	-50.961	-145.43	-0.59468
289.69	1.7361	21.718	-38.775	0.60601	-14.006	-12.247	3.7814	-17.419	-8.8981	-57.777	44.093	-73.301	-119.65	28.677	-50.956	-145.42	-0.59177
289.69	1.7487	21.726	-38.784	0.61785	-14.034	-12.256	3.8079	-17.425	-8.8959	-57.741	44.057	-73.309	-119.64	28.636	-50.957	-145.43	-0.62349
289.69	1.7394	21.721	-38.785	0.61826	-14.035	-12.248	3.8221	-17.397	-8.8928	-57.723	44.038	-73.299	-119.64	28.596	-50.957	-145.44	-0.64615
289.69	1.7373	21.718	-38.775	0.6105	-14.034	-12.248	3.811	-17.419	-8.8643	-57.725	44.008	-73.281	-119.65	28.556	-50.972	-145.48	-0.68908
289.68	1.7278	21.718	-38.772	0.60989	-14.018	-12.235	3.8061	-17.411	-8.8025	-57.746	43.956	-73.243	-119.68	28.527	-50.966	-145.5	-0.73304
289.69	1.7258	21.711	-38.771	0.58194	-14.032	-12.23	3.781	-17.423	-8.7477	-57.777	43.879	-73.196	-119.72	28.489	-50.983	-145.56	-0.79081
289.69	1.7232	21.707	-38.772	0.56349	-14.027	-12.222	3.7605	-17.431	-8.6607	-57.804	43.797	-73.146	-119.77	28.471	-50.953	-145.59	-0.83255
289.69	1.7259	21.726	-38.762	0.53805	-14.019	-12.21	3.7282	-17.454	-8.5636	-57.863	43.708	-73.072	-119.83	28.446	-50.939	-145.63	-0.91777
289.68	1.7227	21.72	-38.753	0.51461	-14.025	-12.205	3.6995	-17.468	-8.4306	-57.911	43.608	-72.992	-119.88	28.416	-50.924	-145.68	-0.98146
289.69	1.7242	21.71	-38.747	0.47416	-14.026	-12.187	3.6688	-17.477	-8.3017	-57.974	43.515	-72.901	-119.95	28.399	-50.891	-145.75	-1.0431
289.7	1.718	21.71	-38.726	0.45337	-13.997	-12.174	3.6491	-17.492	-8.1664	-58.021	43.434	-72.82	-120.01	28.364	-50.874	-145.79	-1.0967
289.7	1.7212	21.731	-38.728	0.42094	-14	-12.16	3.6317	-17.493	-8.0454	-58.076	43.352	-72.735	-120.07	28.348	-50.816	-145.82	-1.1441
289.69	1.7106	21.713	-38.698	0.39442	-13.982	-12.153	3.6185	-17.496	-7.9445	-58.126	43.261	-72.641	-120.12	28.352	-50.802	-145.85	-1.2137
