141.81	-0.15867	20.285	-33.782	0.72579	-13.453	-7.4523	2.8047	-18.402	-3.684	-58.299	41.275	-71.047	-119.23	27.525	-50.79	-145.44	-2.503
141.82	-0.15441	20.293	-33.779	0.72885	-13.447	-7.4447	2.8063	-18.382	-3.6739	-58.292	41.295	-71.051	-119.24	27.518	-50.784	-145.44	-2.5
141.82	-0.15667	20.29	-33.777	0.72981	-13.446	-7.452	2.8032	-18.389	-3.6752	-58.293	41.283	-71.048	-119.24	27.522	-50.788	-145.45	-2.5055
141.81	-0.15604	20.276	-33.783	0.7265	-13.454	-7.4477	2.8034	-18.385	-3.6769	-58.296	41.28	-71.047	-119.24	27.511	-50.782	-145.44	-2.4983
141.82	-0.15751	20.288	-33.781	0.72875	-13.453	-7.4477	2.8034	-18.385	-3.6736	-58.291	41.27	-71.037	-119.24	27.512	-50.777	-145.45	-2.4991
141.83	-0.15159	20.299	-33.778	0.72893	-13.448	-7.4477	2.8034	-18.385	-3.6712	-58.291	41.284	-71.04	-119.24	27.509	-50.776	-145.45	-2.5002
141.82	-0.15355	20.295	-33.783	0.72786	-13.454	-7.4467	2.8035	-18.385	-3.6735	-58.292	41.282	-71.047	-119.24	27.511	-50.794	-145.45	-2.4963
141.82	-0.15658	20.289	-33.785	0.7242	-13.441	-7.4477	2.8034	-18.385	-3.6735	-58.292	41.282	-71.045	-119.23	27.512	-50.794	-145.45	-2.497
141.82	-0.15199	20.283	-33.791	0.72143	-13.461	-7.4579	2.8082	-18.388	-3.6716	-58.292	41.297	-71.046	-119.24	27.51	-50.787	-145.44	-2.4888
141.82	-0.15307	20.281	-33.795	0.7316	-13.456	-7.4526	2.8122	-18.382	-3.6891	-58.302	41.271	-71.058	-119.23	27.52	-50.785	-145.45	-2.5176
141.82	-0.15182	20.283	-33.783	0.74035	-13.443	-7.453	2.7995	-18.39	-3.687	-58.29	41.291	-71.053	-119.23	27.495	-50.803	-145.45	-2.4999
141.81	-0.14687	20.295	-33.795	0.73081	-13.457	-7.4526	2.8122	-18.382	-3.6964	-58.294	41.284	-71.069	-119.23	27.5	-50.888	-145.31	-2.4946
141.82	-0.15546	20.291	-33.804	0.72733	-13.465	-7.4579	2.8082	-18.388	-3.7037	-58.289	41.296	-71.075	-119.23	27.497	-50.801	-145.45	-2.5123
141.82	-0.15546	20.291	-33.809	0.73584	-13.462	-7.461	2.809	-18.388	-3.7126	-58.281	41.296	-71.083	-119.23	27.497	-50.912	-145.32	-2.4957
141.81	-0.14994	20.288	-33.817	0.73387	-13.466	-7.4653	2.8089	-18.393	-3.7254	-58.289	41.287	-71.089	-119.23	27.504	-50.826	-145.45	-2.5116
141.82	-0.1548	20.278	-33.812	0.73643	-13.464	-7.4652	2.8052	-18.395	-3.745	-58.287	41.28	-71.099	-119.23	27.49	-50.831	-145.45	-2.5153
141.82	-0.15718	20.288	-33.817	0.73235	-13.47	-7.4655	2.8067	-18.408	-3.7401	-58.284	41.296	-71.098	-119.22	27.491	-50.902	-145.31	-2.4883
141.82	-0.15199	20.283	-33.821	0.7292	-13.472	-7.4652	2.8052	-18.395	-3.7381	-58.282	41.299	-71.101	-119.22	27.487	-50.896	-145.32	-2.4875
141.82	-0.15199	20.283	-33.819	0.74347	-13.464	-7.4736	2.802	-18.401	-3.7458	-58.276	41.298	-71.103	-119.23	27.499	-50.8	-145.45	-2.4963
141.82	-0.15284	20.282	-33.83	0.72507	-13.48	-7.4662	2.8051	-18.394	-3.7462	-58.275	41.311	-71.107	-119.23	27.495	-50.812	-145.45	-2.5193
141.82	-0.15506	20.277	-33.825	0.72751	-13.474	-7.461	2.809	-18.388	-3.7516	-58.279	41.306	-71.098	-119.24	27.496	-50.81	-145.44	-2.5123
141.82	-0.15306	20.293	-33.833	0.72324	-13.482	-7.4683	2.806	-18.395	-3.7563	-58.282	41.291	-71.104	-119.24	27.49	-50.822	-145.46	-2.526
141.82	-0.15079	20.285	-33.832	0.72412	-13.481	-7.4652	2.8052	-18.395	-3.7543	-58.28	41.291	-71.097	-119.24	27.471	-50.794	-145.44	-2.5205
141.81	-0.14775	20.293	-33.832	0.7359	-13.475	-7.4662	2.8051	-18.394	-3.7453	-58.275	41.296	-71.098	-119.24	27.471	-50.802	-145.45	-2.527
141.82	-0.15396	20.279	-33.836	0.72228	-13.483	-7.4652	2.8052	-18.395	-3.755	-58.283	41.303	-71.092	-119.25	27.481	-50.788	-145.44	-2.5164
141.82	-0.1544	20.293	-33.822	0.72904	-13.471	-7.4652	2.8052	-18.395	-3.754	-58.279	41.292	-71.091	-119.25	27.47	-50.788	-145.46	-2.5113
141.82	-0.152	20.283	-33.831	0.72499	-13.48	-7.4603	2.7964	-18.397	-3.7487	-58.276	41.295	-71.091	-119.25	27.47	-50.786	-145.45	-2.508
141.82	-0.15649	20.29	-33.835	0.73364	-13.478	-7.4662	2.8051	-18.394	-3.7652	-58.274	41.288	-71.091	-119.26	27.462	-50.782	-145.45	-2.5178
141.82	-0.15331	20.28	-33.837	0.72011	-13.487	-7.4652	2.8052	-18.395	-3.7636	-58.274	41.288	-71.09	-119.25	27.47	-50.779	-145.45	-2.5091
141.82	-0.152	20.283	-33.833	0.72545	-13.495	-7.4649	2.8036	-18.381	-3.7652	-58.274	41.288	-71.096	-119.25	27.452	-50.78	-145.45	-2.5037
141.82	-0.15459	20.293	-33.845	0.72922	-13.486	-7.4652	2.8052	-18.395	-3.7706	-58.265	41.291	-71.09	-119.24	27.457	-50.775	-145.46	-2.5211
141.82	-0.15204	20.283	-33.846	0.72914	-13.486	-7.4775	2.8109	-18.399	-3.7712	-58.276	41.284	-71.095	-119.25	27.452	-50.773	-145.46	-2.5188
141.82	-0.15459	20.293	-33.85	0.72671	-13.489	-7.4659	2.8178	-18.386	-3.7601	-58.256	41.297	-71.095	-119.25	27.452	-50.769	-145.46	-2.516
141.81	-0.15779	20.272	-33.838	0.73262	-13.479	-7.4662	2.8051	-18.394	-3.773	-58.265	41.289	-71.095	-119.25	27.452	-50.768	-145.46	-2.5163
141.81	-0.1454	20.282	-33.843	0.73286	-13.496	-7.46	2.8091	-18.389	-3.7727	-58.251	41.296	-71.094	-119.25	27.453	-50.766	-145.45	-2.5118
141.82	-0.1433	20.282	-33.847	0.72773	-13.489	-7.4629	2.8207	-18.384	-3.7739	-58.252	41.295	-71.096	-119.25	27.449	-50.769	-145.46	-2.5177
141.81	-0.14972	20.288	-33.849	0.72894	-13.489	-7.4649	2.8179	-18.387	-3.7808	-58.257	41.302	-71.099	-119.25	27.448	-50.767	-145.46	-2.5142
141.82	-0.15507	20.277	-33.85	0.73852	-13.483	-7.4649	2.8179	-18.387	-3.787	-58.247	41.291	-71.1	-119.25	27.446	-50.764	-145.45	-2.5236
141.82	-0.15311	20.28	-33.862	0.73112	-13.496	-7.4619	2.8207	-18.384	-3.7974	-58.242	41.301	-71.109	-119.26	27.441	-50.765	-145.46	-2.5197
141.82	-0.15396	20.279	-33.881	0.77471	-13.633	-7.4775	2.8109	-18.399	-3.8013	-58.244	41.286	-71.112	-119.26	27.425	-50.777	-145.46	-2.5216
141.81	-0.14714	20.278	-33.849	0.74152	-13.481	-7.4744	2.8137	-18.397	-3.8053	-58.247	41.308	-71.118	-119.25	27.428	-50.775	-145.46	-2.5221
141.81	-0.14773	20.293	-33.854	0.7375	-13.487	-7.4722	2.8148	-18.393	-3.818	-58.241	41.29	-71.127	-119.25	27.431	-50.772	-145.46	-2.5188
141.81	-0.14725	20.291	-33.856	0.73457	-13.475	-7.4732	2.8148	-18.393	-3.8281	-58.248	41.295	-71.126	-119.25	27.42	-50.778	-145.46	-2.5242
141.82	-0.15502	20.278	-33.867	0.73006	-13.483	-7.4744	2.8137	-18.397	-3.8278	-58.248	41.296	-71.132	-119.26	27.427	-50.778	-145.47	-2.5184
141.82	-0.15571	20.29	-33.885	0.77017	-13.624	-7.4732	2.8148	-18.393	-3.8274	-58.248	41.309	-71.147	-119.25	27.423	-50.791	-145.46	-2.5173
141.82	-0.15367	20.281	-33.893	0.76456	-13.618	-7.4765	2.8146	-18.397	-3.8393	-58.256	41.3	-71.15	-119.25	27.421	-50.775	-145.47	-2.5265
141.81	-0.15826	20.286	-33.873	0.72387	-13.491	-7.4828	2.8106	-18.403	-3.8432	-58.248	41.314	-71.15	-119.26	27.42	-50.777	-145.48	-2.53
141.81	-0.16035	20.283	-33.873	0.72395	-13.491	-7.4806	2.8117	-18.399	-3.8529	-58.254	41.306	-71.155	-119.26	27.417	-50.781	-145.47	-2.5331
141.82	-0.15498	20.278	-33.887	0.75605	-13.621	-7.4785	2.8108	-18.398	-3.8448	-58.247	41.301	-71.144	-119.27	27.418	-50.774	-145.47	-2.5295
141.83	-0.15997	20.281	-33.889	0.75436	-13.623	-7.4732	2.8148	-18.393	-3.8414	-58.257	41.297	-71.143	-119.26	27.42	-50.775	-145.48	-2.5323
141.82	-0.15205	20.283	-33.864	0.72743	-13.484	-7.4785	2.8108	-18.398	-3.8391	-58.256	41.299	-71.133	-119.27	27.42	-50.778	-145.48	-2.5285
141.82	-0.15486	20.277	-33.89	0.7529	-13.623	-7.4736	2.802	-18.401	-3.837	-58.255	41.301	-71.134	-119.27	27.42	-50.766	-145.47	-2.5279
141.82	-0.151	20.284	-33.876	0.7216	-13.494	-7.4785	2.8108	-18.398	-3.8418	-58.257	41.284	-71.13	-119.27	27.422	-50.761	-145.48	-2.5275
141.83	-0.1621	20.292	-33.873	0.71207	-13.497	-7.4834	2.8195	-18.396	-3.8235	-58.257	41.293	-71.131	-119.27	27.409	-50.758	-145.48	-2.5285
141.82	-0.15519	20.278	-33.882	0.71673	-13.499	-7.4848	2.8078	-18.405	-3.8313	-58.251	41.292	-71.129	-119.27	27.411	-50.761	-145.49	-2.5308
141.82	-0.15331	20.281	-33.878	0.72064	-13.493	-7.4785	2.8108	-18.398	-3.827	-58.247	41.296	-71.119	-119.28	27.413	-50.76	-145.48	-2.53
141.83	-0.15013	20.286	-33.882	0.71673	-13.499	-7.4732	2.8148	-18.393	-3.8247	-58.245	41.298	-71.117	-119.27	27.412	-50.753	-145.49	-2.5434
141.82	-0.15296	20.28	-33.875	0.72219	-13.493	-7.4837	2.8211	-18.409	-3.8247	-58.245	41.298	-71.114	-119.27	27.415	-50.745	-145.49	-2.5375
141.82	-0.15485	20.29	-33.909	0.76936	-13.637	-7.4834	2.8195	-18.396	-3.824	-58.243	41.286	-71.113	-119.27	27.416	-50.742	-145.49	-2.5384
141.82	-0.15201	20.283	-33.886	0.72897	-13.496	-7.4744	2.8137	-18.397	-3.8252	-58.244	41.285	-71.116	-119.27	27.401	-50.731	-145.48	-2.5402
141.82	-0.15246	20.279	-33.905	0.77186	-13.636	-7.4867	2.8194	-18.401	-3.832	-58.237	41.286	-71.113	-119.27	27.404	-50.729	-145.47	-2.5386
141.83	-0.14652	20.289	-33.917	0.77848	-13.638	-7.4804	2.8224	-18.394	-3.8337	-58.235	41.286	-71.114	-119.27	27.415	-50.733	-145.48	-2.5305
141.82	-0.14048	20.289	-33.904	0.78452	-13.629	-7.4877	2.8194	-18.4	-3.8264	-58.229	41.292	-71.113	-119.27	27.404	-50.74	-145.48	-2.5466
141.82	-0.15246	20.279	-33.914	0.78006	-13.637	-7.4877	2.8194	-18.4	-3.8284	-58.231	41.289	-71.111	-119.27	27.404	-50.731	-145.48	-2.5406
141.82	-0.15249	20.278	-33.907	0.78348	-13.629	-7.4804	2.8224	-18.394	-3.8232	-58.229	41.293	-71.113	-119.27	27.404	-50.733	-145.46	-2.5356
141.83	-0.15061	20.285	-33.917	0.79107	-13.63	-7.4814	2.8234	-18.395	-3.8252	-58.231	41.291	-71.114	-119.27	27.415	-50.738	-145.47	-2.539
141.83	-0.14946	20.285	-33.916	0.77856	-13.639	-7.4751	2.8264	-18.388	-3.8272	-58.232	41.29	-71.106	-119.27	27.42	-50.747	-145.47	-2.5333
141.82	-0.15639	20.289	-33.911	0.7811	-13.632	-7.4794	2.8225	-18.394	-3.8221	-58.228	41.294	-71.107	-119.27	27.42	-50.74	-145.48	-2.533
141.82	-0.15465	20.293	-33.916	0.76603	-13.645	-7.4845	2.8205	-18.397	-3.8094	-58.245	41.278	-71.104	-119.27	27.423	-50.739	-145.48	-2.5459
141.82	-0.14327	20.286	-33.889	0.7119	-13.493	-7.4877	2.8194	-18.4	-3.8	-58.254	41.267	-71.094	-119.28	27.439	-50.738	-145.47	-2.5251
141.82	-0.15118	20.285	-33.886	0.69951	-13.495	-7.4877	2.8194	-18.4	-3.7712	-58.274	41.241	-71.072	-119.29	27.47	-50.749	-145.48	-2.5349
141.81	-0.15909	20.287	-33.895	0.68821	-13.477	-7.4858	2.8078	-18.405	-3.7271	-58.313	41.23	-71.045	-119.31	27.504	-50.75	-145.49	-2.5291
141.81	-0.15608	20.276	-33.877	0.67307	-13.475	-7.4931	2.8047	-18.411	-3.6824	-58.352	41.217	-71.015	-119.32	27.529	-50.741	-145.51	-2.5169
141.82	-0.15845	20.288	-33.874	0.64307	-13.471	-7.4898	2.8023	-18.398	-3.6164	-58.413	41.151	-70.968	-119.35	27.557	-50.741	-145.53	-2.5099
141.82	-0.16527	20.287	-33.869	0.61416	-13.455	-7.4858	2.7935	-18.4	-3.5385	-58.495	41.106	-70.9	-119.38	27.616	-50.727	-145.54	-2.4919
141.82	-0.15851	20.301	-33.843	0.56953	-13.433	-7.4806	2.7975	-18.394	-3.4068	-58.621	41.052	-70.817	-119.43	27.677	-50.683	-145.58	-2.4541
141.81	-0.1621	20.283	-33.806	0.52284	-13.374	-7.4971	2.8172	-18.408	-3.2734	-58.752	41.012	-70.705	-119.49	27.777	-50.626	-145.65	-2.4268
141.81	-0.15992	20.287	-33.773	0.46333	-13.34	-7.5059	2.854	-18.396	-3.1383	-58.899	40.952	-70.599	-119.56	27.878	-50.553	-145.69	-2.3805
141.81	-0.17199	20.278	-33.745	0.39691	-13.308	-7.5096	2.9248	-18.389	-2.9728	-59.119	40.899	-70.473	-119.66	27.977	-50.466	-145.7	-2.3149
141.82	-0.15618	20.293	-33.697	0.31673	-13.184	-7.5347	3.1112	-18.395	-2.7842	-59.322	40.936	-70.332	-119.77	28.071	-50.471	-145.6	-2.2846
141.83	-0.16431	20.29	-33.609	0.21932	-12.967	-7.5882	3.3473	-18.506	-2.5925	-59.566	40.954	-70.148	-119.92	28.175	-50.302	-145.77	-2.288
141.82	-0.15996	20.286	-33.497	0.074176	-12.35	-7.6509	3.5343	-18.549	-2.3096	-59.906	41.043	-69.929	-120.1	28.275	-50.099	-146.03	-2.2978
141.82	-0.15592	20.294	-33.329	-0.02774	-11.492	-7.6983	3.8654	-18.1	-1.9264	-60.346	41.218	-69.64	-120.35	28.374	-49.943	-146.17	-2.3257
141.82	-0.16707	20.288	-33.114	-0.084448	-10.4	-7.582	4.1653	-17.263	-1.5064	-60.917	41.476	-69.272	-120.64	28.518	-49.766	-146.27	-2.3742
141.82	-0.1647	20.291	-32.412	0.024518	-8.5344	-7.2718	4.3517	-16.157	-0.92836	-61.683	41.749	-68.811	-121.03	28.676	-49.498	-146.56	-2.4838
141.83	-0.1613	20.293	-31.78	-0.022109	-7.0169	-6.834	4.3653	-14.867	-0.23683	-62.564	42.167	-68.29	-121.49	28.87	-49.34	-146.54	-2.6569
141.83	-0.1574	20.286	-30.961	-0.24791	-5.4432	-5.995	4.2049	-13.339	0.58444	-63.673	42.618	-67.693	-122	29.107	-48.816	-147	-2.6157
141.84	-0.15592	20.304	-29.788	-0.5548	-3.5568	-4.9027	3.9802	-11.602	1.4957	-64.921	43.124	-66.999	-122.54	29.365	-48.665	-147.09	-2.8517
141.84	-0.15597	20.303	-28.438	-1.0228	-1.7265	-3.6168	3.5623	-9.9754	2.598	-66.27	43.67	-66.269	-123.1	29.615	-48.105	-147.61	-2.9632
141.85	-0.16165	20.305	-26.929	-1.5094	0.037088	-1.9935	3.1056	-8.1826	3.8061	-67.799	44.137	-65.473	-123.7	29.875	-47.588	-147.99	-3.0645
141.84	-0.16407	20.302	-25.18	-2.0528	1.9267	-0.020061	2.613	-6.404	5.2044	-69.272	44.62	-64.532	-124.36	30.192	-47.17	-148.27	-3.1226
141.84	-0.16491	20.3	-23.352	-2.7793	3.9396	2.2843	1.9513	-4.7158	6.6784	-70.865	45.048	-63.474	-125.06	30.536	-46.432	-148.77	-3.2368
141.85	-0.15901	20.295	-21.447	-3.4015	5.7578	5.2277	1.2179	-3.0993	8.3162	-72.527	45.447	-62.292	-125.77	30.891	-45.757	-149.04	-3.4282
141.85	-0.17287	20.288	-19.553	-3.9489	7.377	8.827	0.41862	-1.5832	10.077	-74.194	45.879	-61.012	-126.46	31.24	-44.765	-149.77	-3.4202
141.85	-0.17238	20.287	-17.785	-4.5407	9.1506	13.484	-0.46041	-0.25888	11.859	-75.835	46.315	-59.744	-127.06	31.59	-43.809	-150.26	-3.105
141.85	-0.17479	20.298	-15.883	-5.1699	10.843	18.588	-1.5484	0.93794	13.677	-77.401	46.743	-58.411	-127.57	31.947	-42.817	-150.56	-2.6811
141.84	-0.18083	20.291	-13.835	-5.8605	12.239	23.883	-2.844	2.2005	15.622	-78.995	47.277	-56.896	-128.14	32.303	-41.246	-151.4	-2.4365
141.84	-0.18182	20.29	-11.576	-6.6868	13.403	29.228	-4.3521	3.639	17.664	-80.632	47.819	-55.135	-128.8	32.643	-39.654	-152.05	-2.24
141.84	-0.17201	20.295	-9.0651	-7.497	14.453	34.587	-5.9978	5.2109	19.948	-82.345	48.335	-53.165	-129.52	33.048	-38.05	-152.78	-2.0534
141.83	-0.1748	20.289	-6.2783	-8.5209	15.376	39.918	-7.7839	6.7587	22.295	-84.139	48.799	-51.09	-130.2	33.45	-36.226	-153.44	-1.7195
141.83	-0.17137	20.293	-3.1467	-9.5378	16.347	45.213	-9.703	8.3452	24.831	-85.938	49.273	-48.945	-130.79	33.752	-34.508	-153.84	-1.5005
141.83	-0.17391	20.288	0.14996	-10.642	17.372	50.799	-11.493	10.272	27.774	-87.461	50.11	-46.75	-131.41	34.222	-32.571	-154.45	-1.1433
141.84	-0.17075	20.294	3.5276	-11.691	18.238	55.962	-13.685	11.561	30.525	-89.268	50.525	-44.447	-132.05	34.651	-30.679	-155.08	-0.84501
141.83	-0.16192	20.296	6.9962	-12.812	19.203	60.549	-16.17	12.317	33.351	-91.076	50.879	-41.988	-132.71	35.114	-28.439	-155.76	-0.52164
141.83	-0.16257	20.295	10.52	-13.862	20.075	66.049	-18.21	13.784	36.227	-92.849	51.244	-39.476	-133.32	35.572	-26.168	-156.47	-0.14909
141.84	-0.16705	20.299	14.08	-14.918	20.939	71.008	-20.474	14.755	39.22	-94.517	51.396	-36.901	-133.92	36.036	-24.052	-157.04	0.22748
141.84	-0.15373	20.294	17.642	-15.954	21.638	75.276	-22.907	15.077	42.245	-96.11	51.62	-34.244	-134.47	36.488	-21.991	-157.36	0.5979
141.85	-0.16283	20.304	21.234	-16.947	22.268	80.517	-24.826	16.271	45.309	-97.678	51.85	-31.563	-135.04	36.98	-19.432	-158.14	0.83939
141.85	-0.16176	20.306	24.852	-17.843	22.766	85.164	-26.875	16.91	48.404	-99.153	51.927	-28.757	-135.57	37.433	-17.145	-158.39	1.1875
141.85	-0.16262	20.304	28.494	-18.759	23.211	89.163	-29.072	16.929	51.567	-100.5	52	-25.885	-136.04	37.862	-14.699	-158.69	1.7296
141.84	-0.15165	20.295	32.154	-19.633	23.469	93.629	-30.94	17.251	54.727	-101.74	52.031	-22.998	-136.42	38.267	-11.986	-159.35	2.0215
141.85	-0.16067	20.307	35.789	-20.401	23.68	98.144	-32.72	17.479	57.941	-102.85	52.001	-20.077	-136.73	38.668	-9.6476	-159.45	2.409
141.84	-0.16152	20.304	39.451	-21.148	23.783	102.64	-34.462	17.509	61.128	-103.83	51.833	-17.141	-136.99	39.044	-7.0845	-159.71	2.7365
141.84	-0.16403	20.302	42.994	-21.807	23.65	107.15	-36.108	17.365	64.335	-104.67	51.736	-14.227	-137.18	39.377	-4.2077	-160.29	3.2015
141.83	-0.16065	20.298	46.534	-22.29	23.397	111.73	-37.649	17.195	67.498	-105.4	51.535	-11.283	-137.29	39.675	-1.6388	-160.19	3.5225
141.84	-0.16819	20.297	49.987	-22.8	22.947	116.28	-39.147	16.887	70.689	-105.96	51.312	-8.3249	-137.32	39.887	1.0378	-160.32	3.8673
141.84	-0.15871	20.302	53.347	-23.198	22.486	120.83	-40.607	16.513	73.785	-106.4	51.033	-5.4021	-137.26	40.068	3.9915	-160.76	4.194
141.83	-0.17161	20.292	56.537	-23.474	21.904	125.24	-41.952	16.087	76.88	-106.7	50.766	-2.4711	-137.13	40.233	6.5986	-160.76	4.4991
141.82	-0.16687	20.305	59.586	-23.679	21.317	130.23	-42.903	16.231	79.902	-106.93	50.439	0.42844	-137.01	40.363	9.3238	-160.69	4.8022
141.83	-0.17524	20.302	62.471	-23.693	20.608	133.97	-44.177	15.3	82.886	-107.01	50.058	3.3065	-136.81	40.418	11.938	-160.58	5.0603
141.83	-0.17677	20.3	65.275	-23.705	19.951	138.13	-45.06	14.892	85.779	-106.94	49.734	6.1448	-136.58	40.438	14.807	-160.86	5.0284
141.83	-0.17674	20.301	67.889	-23.597	19.242	142.46	-45.623	14.779	88.642	-106.83	49.37	8.9261	-136.31	40.42	17.447	-160.8	5.1441
141.83	-0.17414	20.291	70.36	-23.444	18.505	145.7	-46.295	13.769	91.436	-106.52	49.009	11.663	-136	40.369	20.068	-160.69	5.298
141.83	-0.17057	20.294	72.662	-23.166	17.59	149.02	-46.56	13.07	94.129	-106.08	48.597	14.324	-135.64	40.29	22.606	-160.52	5.286
141.84	-0.16663	20.3	74.818	-22.812	16.678	152.54	-46.396	12.791	96.713	-105.52	48.243	16.897	-135.22	40.184	24.85	-160.02	5.4792
141.84	-0.16403	20.302	76.805	-22.373	15.749	155.35	-46.109	12.062	99.223	-104.84	47.845	19.883	-134.45	40.422	27.736	-159.67	5.6976
141.86	-0.157	20.3	78.623	-21.893	14.844	157.97	-45.58	11.378	101.65	-104.02	47.396	21.829	-134.28	39.971	29.673	-159.47	5.3588
141.86	-0.16488	20.299	80.289	-21.285	13.888	160.29	-44.871	10.583	103.95	-103.1	46.977	24.659	-133.46	40.127	32.609	-159.23	5.6385
141.86	-0.1608	20.301	81.811	-20.653	12.99	162.47	-43.943	9.8582	106.18	-102.09	46.493	26.944	-132.91	39.937	34.581	-158.57	5.6007
141.87	-0.15888	20.305	83.209	-19.963	11.982	164.52	-42.785	9.1315	108.32	-100.92	46.091	29.122	-132.32	39.718	36.704	-158.12	5.5667
141.87	-0.15766	20.294	84.48	-19.171	11.019	166.28	-41.662	8.2027	110.36	-99.754	45.592	31.217	-131.67	39.536	39.119	-157.97	5.6254
141.86	-0.15121	20.306	85.716	-18.385	10.005	167.93	-40.311	7.3505	112.32	-98.435	45.156	33.196	-130.98	39.309	40.969	-157.13	5.4135
141.85	-0.15763	20.297	86.887	-17.62	9.0628	169.4	-38.862	6.3974	114.21	-97.178	44.705	35.123	-130.21	39.064	43.028	-156.78	5.5195
141.85	-0.15763	20.297	88.047	-16.762	8.02	141.85	-0.15526	20.299	116.04	-95.886	44.244	36.477	-129.72	38.453	44.307	-156.2	4.8777
171.88	-35.856	4.5021	89.225	-15.93	7.0262	141.85	-0.15916	20.296	117.83	-94.586	43.921	38.248	-128.91	38.258	46.218	-155.76	4.914
172.77	-34.352	3.5224	90.455	-15.147	6.1627	141.85	-0.16143	20.292	119.53	-93.375	43.692	39.927	-128.06	38.062	47.854	-154.88	4.8071
173.56	-32.818	2.7029	91.812	-14.349	5.5012	141.84	-0.1692	20.295	121.15	-92.208	43.552	41.531	-127.16	37.915	49.585	-154.11	4.7839
174.21	-31.287	2.0287	93.236	-13.547	4.9336	141.83	-0.15827	20.299	122.72	-91.07	43.519	43.023	-126.26	37.838	51.279	-153.42	4.7873
174.87	-29.674	1.6976	94.717	-12.691	4.4396	141.83	-0.16014	20.297	124.23	-90.035	43.65	44.489	-125.36	37.842	52.652	-152.35	4.6332
175.37	-28.096	1.3829	96.138	-11.944	4.2806	141.83	-0.16174	20.296	125.73	-89.036	43.779	45.902	-124.52	37.872	54.305	-151.82	4.8557
175.81	-26.486	1.2566	97.532	-11.102	4.1715	141.82	-0.16617	20.29	127.16	-88.022	44.03	47.334	-123.69	37.985	55.721	-150.91	5.0288
176.25	-24.926	1.1866	98.872	-10.307	4.3887	141.82	-0.15508	20.295	128.56	-87.048	44.32	48.754	-122.89	38.164	57.134	-150.07	5.2065
176.61	-23.251	1.2123	100.23	-9.4352	4.5196	141.82	-0.16603	20.289	129.97	-86.049	44.687	50.173	-122.13	38.434	58.537	-149.27	5.4288
176.92	-21.7	1.2098	101.49	-8.5914	4.8929	141.83	-0.16067	20.297	131.35	-85.104	45.011	51.537	-121.41	38.683	59.865	-148.3	5.6247
176.92	-21.7	1.2098	102.72	-7.7887	5.3786	141.82	-0.15488	20.295	132.78	-84.151	45.305	52.929	-120.71	39.017	61.236	-147.52	6.0396
176.92	-21.7	1.2098	103.98	-6.9043	5.8177	141.83	-0.16153	20.296	134.15	-83.216	45.615	54.276	-120	39.305	62.741	-146.91	6.225
176.92	-21.7	1.2098	105.22	-6.0582	6.1948	141.82	-0.16468	20.291	135.5	-82.257	45.961	55.657	-119.32	39.621	63.925	-145.94	6.3839
176.92	-21.7	1.2098	106.51	-5.2211	6.5606	141.83	-0.16348	20.29	136.8	-81.305	46.261	56.955	-118.62	39.884	65.194	-145.17	6.7097
176.92	-21.7	1.2098	107.83	-4.4131	6.7708	141.83	-0.16386	20.292	138.12	-80.323	46.612	58.717	-117.63	40.471	67.173	-144.36	7.2755
176.92	-21.7	1.2098	109.19	-3.7255	6.9278	141.83	-0.16254	20.295	139.32	-79.358	46.918	59.96	-116.9	40.636	68.29	-143.33	7.3871
176.92	-21.7	1.2098	110.59	-2.9568	6.8625	141.83	-0.1615	20.296	140.46	-78.396	47.247	61.103	-116.16	40.765	69.554	-142.79	7.6234
176.92	-21.7	1.2098	111.94	-2.2925	6.7704	141.83	-0.16258	20.294	141.51	-77.431	47.563	61.682	-115.71	40.485	70.32	-142.46	7.2522
176.92	-21.7	1.2098	113.36	-1.69	6.615	141.83	-0.16148	20.297	142.51	-76.443	47.878	62.704	-114.95	40.528	71.32	-141.45	7.2929
176.92	-21.7	1.2098	114.78	-1.0359	6.0406	141.83	-0.16059	20.297	143.45	-75.433	48.143	63.675	-114.21	40.492	72.476	-140.96	7.3926
176.92	-21.7	1.2098	116.19	-0.48172	5.6454	141.84	-0.16638	20.301	144.33	-74.428	48.423	64.614	-113.45	40.451	73.716	-140.43	7.4193
176.92	-21.7	1.2098	117.54	0.056256	5.235	141.83	-0.17051	20.292	145.18	-73.407	48.681	65.515	-112.71	40.348	74.729	-139.72	7.3687
176.92	-21.7	1.2098	118.69	0.73609	4.6697	141.84	-0.15849	20.302	145.99	-72.378	48.814	66.403	-111.99	40.236	75.706	-138.87	7.3425
176.92	-21.7	1.2098	119.7	1.6234	4.056	141.83	-0.15808	20.3	146.51	-71.648	48.47	67.287	-111.29	40.135	76.821	-138.45	7.3836
176.92	-21.7	1.2098	120.8	2.2248	3.2232	141.83	-0.16065	20.298	147.33	-70.597	48.478	68.201	-110.65	39.982	77.893	-137.96	7.2663
176.92	-21.7	1.2098	121.81	2.853	2.6501	141.83	-0.1625	20.295	148.14	-69.584	48.425	69.115	-110.06	39.829	78.756	-137.08	7.144
176.92	-21.7	1.2098	122.77	3.5054	2.0843	141.83	-0.16254	20.296	148.94	-68.639	48.284	70.054	-109.5	39.68	79.788	-136.73	7.0949
176.92	-21.7	1.2098	123.46	3.9654	1.6998	141.85	-0.14349	20.307	149.77	-67.619	48.07	70.998	-109.02	39.505	80.874	-136.38	6.9165
176.92	-21.7	1.2098	123.9	4.5163	1.3132	141.98	0.10316	20.343	150.52	-66.646	47.826	71.983	-108.59	39.35	81.742	-135.63	6.7259
176.92	-21.7	1.2098	124.01	5.363	1.0919	142.2	0.98314	20.336	151.59	-65.446	47.993	72.93	-108.14	39.186	82.824	-135.32	6.676
176.92	-21.7	1.2098	124.02	6.238	1.0045	142.33	2.2529	20.397	152.33	-64.577	47.761	73.911	-107.76	39.026	83.817	-134.92	6.4757
163.48	6.994	-7.4557	124.37	7.1406	0.69716	142.66	3.5311	20.408	153.06	-63.702	47.505	74.876	-107.35	38.891	84.743	-134.43	6.3482
163.55	7.9851	-6.9946	124.75	7.7566	0.69442	143.06	4.2037	20.353	153.6	-63.161	46.953	75.802	-106.97	38.713	85.798	-134.17	6.1732
163.76	8.8383	-7.15	125.13	8.3579	0.47392	143.39	4.7702	20.368	154.32	-62.407	46.73	76.74	-106.58	38.583	86.66	-133.62	6.0254
163.26	9.0862	-8.1742	125.52	9.0463	0.33455	143.87	5.4651	20.383	155.11	-61.649	46.66	77.645	-106.13	38.432	87.774	-133.34	5.8559
163.79	9.8137	-8.1521	126.11	9.682	0.26445	144.31	6.0389	20.314	155.92	-60.935	46.647	78.576	-105.74	38.314	88.61	-132.78	5.7421
165.12	10.944	-7.3418	126.71	10.215	0.29196	145	6.5957	20.322	156.71	-60.245	46.664	79.536	-105.31	38.18	89.771	-132.59	5.5925
164.99	11.136	-8.177	127.5	10.747	0.25069	145.86	7.1039	20.369	157.51	-59.618	46.714	80.522	-104.88	38.119	90.78	-132.07	5.6346
166.57	12.125	-7.3228	128.46	11.364	0.18279	146.74	7.5363	20.347	158.41	-58.983	46.907	81.56	-104.51	38.05	91.907	-131.57	5.5357
167.53	12.675	-7.1872	129.43	11.807	0.2223	147.64	8.0003	20.329	159.38	-58.37	47.059	82.669	-104.16	38.055	93.267	-131.55	5.6885
168.56	13.221	-7.0522	130.57	12.228	0.12127	148.72	8.4768	20.402	160.54	-57.854	47.333	83.9	-103.84	38.097	94.534	-131.32	5.685
169.75	13.572	-6.9569	131.89	12.568	0.35456	150.01	8.7785	20.372	161.7	-57.314	47.621	85.257	-103.56	38.168	96.03	-131.03	5.8671
170.38	13.492	-7.5991	133.41	12.953	0.27324	151.46	9.0808	20.307	163.08	-56.851	47.981	86.721	-103.29	38.234	97.614	-130.78	6.056
172.79	14.241	-6.5573	135.05	13.184	0.34152	153.15	9.3905	20.357	164.53	-56.49	48.277	88.301	-103.05	38.307	99.038	-130.47	6.1255
174.62	14.504	-6.1897	136.92	13.402	0.32988	155.06	9.6676	20.429	166.18	-56.167	48.624	90.004	-102.81	38.435	100.74	-130.13	6.2572
176.67	14.606	-6.0532	139.07	13.562	0.5064	157.14	9.8121	20.447	168.03	-55.955	48.936	91.828	-102.61	38.551	102.84	-130.29	6.5311
179	14.636	-5.8104	141.41	13.616	0.53776	159.46	9.8763	20.459	170.03	-55.831	49.31	93.777	-102.44	38.663	104.62	-130.01	6.632
181.48	14.576	-5.5565	143.98	13.632	0.63077	161.93	9.8392	20.591	172.24	-55.834	49.59	95.903	-102.28	38.813	106.71	-129.87	6.8686
184.24	14.446	-5.1821	146.66	13.505	0.80788	164.65	9.7404	20.844	174.64	-55.971	49.903	98.141	-102.17	38.937	108.89	-129.81	6.9906
187.15	14.267	-4.7187	149.64	13.357	1.2713	167.47	9.5105	21.214	177.14	-56.191	50.161	100.5	-102.07	39.036	111.11	-129.64	6.9864
190.25	13.988	-4.2641	152.77	13.18	1.719	170.48	9.2392	21.561	179.8	-56.567	50.479	102.97	-102	39.205	113.46	-129.75	7.2446
192.88	13.257	-4.4561	156.1	12.951	2.1744	173.67	8.8503	22.069	182.63	-57.049	50.787	105.53	-102	39.325	115.89	-129.74	7.3587
196.26	12.866	-3.8814	159.54	12.633	2.5254	177.11	8.4379	22.577	185.53	-57.623	51.087	108.2	-102.05	39.489	118.43	-129.8	7.5004
199.86	12.423	-3.1679	163.08	12.268	3.0965	180.58	7.8976	23.049	188.49	-58.185	51.378	110.93	-102.09	39.657	121.1	-130.05	7.5704
204.13	12.227	-1.9555	166.75	11.83	3.6995	184.18	7.3572	23.674	191.57	-58.887	51.752	113.76	-102.17	39.879	123.47	-129.83	7.6296
207.83	11.692	-1.2302	170.41	11.441	4.2145	187.86	6.7265	24.263	194.72	-59.62	52.095	116.58	-102.25	40.099	126.09	-129.95	7.8642
211.53	11.007	-0.66212	174.2	10.97	4.9807	191.54	6.0884	24.902	197.86	-60.357	52.409	119.43	-102.36	40.324	128.7	-129.91	7.9955
215.33	10.401	0.062527	178	10.508	5.6104	195.29	5.4314	25.563	201.05	-61.137	52.799	122.33	-102.5	40.6	131.34	-130.02	8.1925
218.45	9.3062	-0.033982	181.82	10.036	6.277	199.07	4.7029	26.263	204.22	-61.95	53.172	125.22	-102.61	40.835	134.04	-130.12	8.3606
222.91	8.963	1.3752	185.63	9.4668	7.0342	202.83	3.9869	26.867	207.41	-62.744	53.549	128.11	-102.77	41.085	136.58	-130.11	8.5773
226.71	8.2625	2.0425	189.45	8.9602	7.6224	206.6	3.3133	27.554	210.58	-63.488	53.986	131	-102.89	41.332	139.4	-130.26	8.7703
230.53	7.5539	2.6866	193.22	8.4318	8.1829	210.37	2.6439	28.193	213.68	-64.256	54.418	133.86	-102.99	41.571	142.07	-130.41	8.9262
233.55	6.3483	2.4135	196.98	7.8974	8.654	214.05	1.9322	28.721	216.76	-64.993	54.814	136.69	-103.05	41.784	144.59	-130.4	9.0483
237.26	5.6283	2.9156	200.72	7.3543	9.0664	217.63	1.233	29.163	219.78	-65.64	55.204	139.51	-103.11	42.008	147.33	-130.71	9.3723
241	4.9421	3.4238	204.45	6.8495	9.4619	221.21	0.60609	29.553	222.75	-66.203	55.565	142.26	-103.15	42.195	149.97	-130.76	9.574
244.63	4.2181	3.7626	208.03	6.2804	9.6689	224.72	-0.0077633	29.875	225.68	-66.718	55.997	144.99	-103.14	42.346	152.63	-130.99	9.8326
248.19	3.4734	4.0104	211.55	5.7377	9.852	228.11	-0.59629	30.098	228.5	-67.233	56.277	147.7	-103.15	42.56	155.09	-130.89	10.068
252.34	3.2402	5.1025	214.95	5.1369	10.193	231.42	-1.172	30.323	231.33	-67.628	56.585	150.36	-103.11	42.672	157.72	-131.17	10.28
255.05	2.2208	4.564	218.36	4.6387	10.228	234.63	-1.7127	30.5	234.07	-68.087	56.876	152.96	-103.09	42.821	160.2	-131.21	10.564
258.95	2.0207	5.5213	221.66	4.2747	10.308	237.78	-2.2273	30.616	236.85	-68.499	57.1	155.53	-103.07	42.918	162.66	-131.36	10.834
261.48	1.0551	4.9418	224.81	3.7362	10.491	240.9	-2.7375	30.775	239.51	-68.939	57.263	158.05	-103.06	43.042	165.07	-131.37	10.886
264.49	0.43187	5.0218	227.88	3.3841	10.631	243.94	-3.2345	30.953	242.11	-69.361	57.36	160.51	-103.06	43.102	167.37	-131.42	11.051
267.51	-0.12425	5.1734	230.36	2.4994	10.469	246.41	-4.0327	30.707	244.65	-69.781	57.459	162.52	-103.29	42.863	169.16	-131.68	10.735
270.39	-0.64939	5.2267	233.66	2.4079	11.06	249.77	-4.2196	31.208	247.13	-70.186	57.489	165.21	-103.09	43.175	171.75	-131.48	11.228
273.13	-1.1841	5.1982	236.4	1.9156	10.772	252.53	-4.7072	31.216	249.54	-70.576	57.552	167.44	-103.06	43.204	173.82	-131.64	11.215
275.81	-1.6895	5.2441	239.03	1.4981	10.763	255.25	-5.1121	31.295	251.84	-70.899	57.59	169.59	-103.03	43.148	175.91	-131.6	11.338
279.21	-1.6574	6.144	241.68	1.1881	10.687	257.81	-5.5845	31.287	254.04	-71.235	57.512	171.69	-102.99	43.124	177.91	-131.73	11.223
281	-2.5916	5.196	244.17	0.72375	10.725	260.37	-5.9188	31.298	256.17	-71.565	57.464	173.67	-102.93	42.995	179.77	-131.69	11.187
283.43	-3.0425	5.1351	246.56	0.31224	10.649	262.76	-6.3004	31.227	258.2	-71.843	57.372	175.6	-102.86	42.885	181.51	-131.69	11.177
286.52	-3.0048	5.8936	248.91	0.12799	10.431	265.07	-6.665	31.097	260.16	-72.088	57.279	177.43	-102.74	42.696	183.23	-131.64	11.007
288.73	-3.4131	5.6339	251.2	-0.19602	10.325	267.29	-7.0265	30.825	262.01	-72.314	57.155	179.19	-102.65	42.583	184.94	-131.61	10.942
290.89	-3.7897	5.4676	253.32	-0.40653	9.9482	269.44	-7.3039	30.607	263.81	-72.492	56.956	180.86	-102.48	42.355	186.51	-131.62	10.68
292.21	-4.6182	4.2099	255.34	-0.65251	9.5626	271.51	-7.5321	30.421	265.51	-72.614	56.752	182.48	-102.33	42.19	187.98	-131.58	10.595
294.11	-4.9808	3.7243	257.25	-0.96039	9.2435	273.4	-7.8033	29.925	267.15	-72.701	56.51	183.98	-102.17	41.939	189.45	-131.46	10.513
295.96	-5.2508	3.3532	258.54	-1.8328	7.8204	275.25	-7.9559	29.513	268.67	-72.788	56.18	185.44	-101.94	41.678	190.76	-131.41	10.339
297.68	-5.4987	2.8532	260.23	-2.0051	7.3478	276.93	-8.1345	29.114	270.14	-72.763	55.923	186.81	-101.77	41.428	192.06	-131.35	10.155
299.32	-5.6629	2.4274	261.79	-2.0668	6.81	278.5	-8.2666	28.564	271.49	-72.782	55.51	188.12	-101.54	41.109	193.31	-131.26	10.017
300.75	-5.845	1.8317	263.27	-2.3063	6.3912	280	-8.2672	28.088	272.8	-72.692	55.182	189.31	-101.34	40.797	194.45	-131.12	9.7292
302.15	-5.8874	1.3044	264.6	-2.3138	5.5725	281.28	-8.3538	27.466	273.99	-72.549	54.782	190.45	-101.12	40.489	195.55	-131.06	9.4105
303.37	-5.9189	0.70222	265.8	-2.3876	5.0108	282.51	-8.2966	26.906	275.09	-72.421	54.36	191.5	-100.91	40.137	196.6	-130.99	9.0655
305.16	-5.4167	0.96415	266.86	-2.4197	4.4407	283.56	-8.2111	26.194	276.11	-72.212	53.919	192.51	-100.67	39.766	197.55	-130.84	8.8801
305.37	-5.7879	-0.68481	267.76	-2.2511	3.6613	284.51	-8.045	25.608	277.03	-71.971	53.366	193.44	-100.43	39.354	198.69	-131.15	8.7205
306.96	-5.1571	-0.43224	268.57	-2.2711	2.9813	285.34	-7.8307	24.852	277.88	-71.663	52.817	194.32	-100.22	38.96	199.28	-130.58	8.2876
306.94	-5.406	-2.194	269.27	-2.1816	2.1932	286.03	-7.6006	24.102	278.72	-71.285	52.259	195.14	-100.01	38.533	199.97	-130.46	7.9094
307.64	-5.1195	-2.9372	269.85	-1.9929	1.3431	286.65	-7.3354	23.19	279.45	-70.919	51.63	195.86	-99.78	38.079	200.66	-130.38	7.601
308.14	-4.8793	-3.8948	270.36	-1.8115	0.50995	287.24	-7.0308	22.414	280.14	-70.481	50.984	196.55	-99.525	37.62	201.43	-130.14	7.2778
308.63	-4.5795	-4.8168	270.74	-1.6297	-0.14145	288.12	-6.4284	21.906	280.74	-70.073	50.34	197.17	-99.263	37.159	201.9	-130.07	6.8412
309.16	-4.3237	-5.6408	271.11	-1.3091	-0.49567	288.9	-5.7226	21.694	281.37	-69.719	49.662	197.72	-98.976	36.685	202.54	-129.77	6.4927
309.51	-3.8192	-5.9307	271.44	-0.98702	-0.62174	289.2	-5.3521	21.733	281.97	-69.517	49.067	198.2	-98.719	36.198	203.31	-130.17	6.0565
309.8	-3.5446	-6.4118	271.73	-0.59026	-0.89437	289.58	-4.9658	21.774	282.41	-69.363	48.523	198.66	-98.493	35.762	203.39	-129.56	5.5166
310.2	-3.1745	-6.588	272.04	-0.43072	-0.84995	289.84	-4.6533	21.731	282.89	-69.215	48.078	199.1	-98.408	35.396	203.84	-129.37	5.0538
310.5	-2.9104	-6.9216	272.26	-0.094651	-1.156	290.03	-4.3887	21.731	283.29	-69.07	47.68	199.51	-98.315	34.989	204.2	-129.19	4.8221
310.79	-2.7811	-7.2601	272.49	0.07919	-1.1032	290.32	-4.1203	21.668	283.6	-68.881	47.365	199.87	-98.147	34.66	204.48	-128.93	4.3907
311.08	-2.6432	-7.4599	272.77	0.22575	-1.1626	290.62	-3.9658	21.721	283.81	-68.696	47.16	200.12	-97.894	34.381	204.7	-128.83	4.1144
311.33	-2.4899	-7.5663	273	0.46697	-1.3199	290.91	-3.7723	21.729	283.95	-68.503	47.062	200.26	-97.62	34.167	204.85	-128.62	3.8889
312.4	-1.7691	-6.4783	273.18	0.54605	-1.1221	291.1	-3.5573	21.723	284.07	-68.291	47.038	200.35	-97.362	34.037	205.38	-128.88	3.9926
311.72	-2.1795	-7.5778	273.34	0.70586	-1.3791	291.25	-3.3674	21.776	284.12	-68.065	47.055	200.44	-97.127	33.893	205.31	-128.27	3.8144
312.73	-1.4252	-6.4477	273.46	0.85033	-1.3819	291.35	-3.2299	21.791	284.17	-67.814	47.073	200.56	-96.918	33.794	205.44	-128.05	3.7394
311.97	-1.8364	-7.6346	273.57	1.069	-1.5748	291.5	-3.0658	21.775	284.22	-67.571	47.128	200.68	-96.737	33.748	205.54	-127.92	3.7624
312.13	-1.6131	-7.6157	273.68	1.2009	-1.6947	291.62	-2.8747	21.732	284.25	-67.299	47.194	200.75	-96.508	33.665	205.65	-127.8	3.8284
312.22	-1.4449	-7.6398	273.73	1.3324	-1.6924	291.69	-2.7316	21.706	284.26	-67.029	47.162	200.76	-96.303	33.592	205.76	-127.67	3.836
312.28	-1.2578	-7.7363	273.75	1.4802	-1.7157	291.72	-2.5829	21.695	284.25	-66.751	47.147	200.78	-96.079	33.502	205.87	-127.58	3.8069
312.34	-1.0511	-7.8244	273.74	1.5301	-1.7067	291.74	-2.3926	21.714	284.26	-66.48	47.194	200.78	-95.87	33.448	206.22	-127.92	3.9011
312.42	-0.85959	-7.8672	273.71	1.7297	-1.8662	291.75	-2.188	21.726	284.25	-66.173	47.179	200.78	-95.631	33.336	205.96	-127.35	3.7645
313.35	-0.068699	-6.8437	273.67	1.945	-2.0648	291.81	-1.9751	21.733	284.21	-65.858	47.14	200.79	-95.437	33.217	206.01	-127.2	3.7175
312.49	-0.48067	-8.1802	273.64	2.1177	-2.1515	291.86	-1.7711	21.712	284.19	-65.577	47.066	200.8	-95.217	33.082	206.08	-127.12	3.7678
312.6	-0.23885	-8.2902	273.61	2.2229	-2.3871	291.89	-1.7445	21.667	284.13	-65.279	47.002	200.78	-95.012	32.986	206.44	-127.46	3.8317
312.61	-0.10797	-8.5136	273.53	2.3262	-2.4318	291.87	-1.5221	21.704	284.07	-64.986	46.88	200.76	-94.773	32.833	206.17	-126.89	3.6919
313.5	0.63024	-7.589	273.5	2.5679	-2.7219	291.86	-1.349	21.721	284.01	-64.708	46.877	200.75	-94.579	32.711	206.18	-126.77	3.7074
313.53	0.75029	-7.7113	273.44	2.6783	-3.0265	291.86	-1.1946	21.721	283.95	-64.441	46.764	200.74	-94.369	32.569	206.21	-126.69	3.6535
312.7	0.28976	-8.9969	273.36	2.7878	-3.1478	291.86	-1.0569	21.727	283.91	-64.21	46.727	200.71	-94.171	32.467	206.25	-126.6	3.6698
312.72	0.36962	-9.1396	273.31	2.8659	-3.2544	291.85	-0.94302	21.713	283.85	-63.98	46.746	200.66	-93.994	32.384	206.27	-126.52	3.7593
312.8	0.50631	-9.1924	273.24	2.8889	-3.2903	291.83	-0.82943	21.686	283.78	-63.772	46.735	200.62	-93.824	32.329	206.29	-126.42	3.7762
312.81	0.57964	-9.2948	273.23	3.0057	-3.7681	291.82	-0.71746	21.67	283.71	-63.62	46.728	200.59	-93.667	32.312	206.27	-126.33	3.83
312.8	0.62802	-9.4077	273.23	2.8901	-4.2679	291.78	-0.64728	21.656	283.63	-63.461	46.722	200.56	-93.508	32.29	206.53	-126.71	4.0384
312.8	0.65371	-9.5507	273.16	2.8432	-5.1398	291.74	-0.60064	21.656	283.53	-63.248	46.712	200.52	-93.373	32.29	206.49	-126.63	4.1063
313.73	1.1494	-8.7024	273.08	2.7558	-5.3954	291.72	-0.56165	21.671	283.46	-63.027	46.676	200.46	-93.213	32.268	206.17	-126.11	4.0997
313.75	1.0159	-9.2474	273.05	2.873	-5.6219	291.72	-0.56331	21.651	283.43	-62.823	46.563	200.38	-93.007	32.198	206.12	-126.03	4.1998
313.77	1.0011	-9.7088	272.99	3.0083	-5.8235	291.68	-0.515	21.671	283.41	-62.606	46.433	200.28	-92.844	32.188	206.08	-125.95	4.2575
313.94	1.3241	-9.4337	272.89	3.1073	-5.9812	291.63	-0.43923	21.695	283.4	-62.475	46.285	200.19	-92.793	32.188	206.01	-125.86	4.2838
313.89	1.391	-9.6039	272.75	3.073	-6.4555	291.51	-0.36474	21.688	283.37	-62.419	46.174	200.13	-92.757	32.188	205.88	-125.81	4.2815
313.89	1.391	-9.6039	272.41	2.8079	-7.2927	291.44	-0.19836	21.735	283.29	-62.326	46.119	200.09	-92.683	32.195	205.77	-125.78	4.3411
313.89	1.391	-9.6039	272.23	2.8203	-7.6915	291.29	-0.14506	21.742	283.15	-62.224	45.977	200.01	-92.566	32.161	205.58	-125.82	4.3847
313.89	1.391	-9.6039	272.04	2.8115	-7.9431	291.14	-0.11805	21.749	283.04	-62.089	45.943	199.89	-92.455	32.165	205.48	-125.81	4.4599
313.89	1.391	-9.6039	271.84	2.8759	-8.273	290.98	-0.086657	21.743	282.9	-61.928	45.86	199.74	-92.388	32.209	205.38	-125.8	4.5646
313.34	1.1664	-10.858	271.53	2.9337	-8.3274	290.74	-0.048992	21.723	282.74	-61.847	45.795	199.55	-92.37	32.238	205.22	-125.75	4.6736
313.34	1.1664	-10.858	271.21	2.8941	-8.4785	290.45	0.033731	21.705	282.57	-61.861	45.768	199.37	-92.366	32.275	205.08	-125.74	4.7243
313.34	1.1664	-10.858	270.96	2.963	-8.8277	290.2	0.061139	21.718	282.37	-61.89	45.765	199.2	-92.36	32.289	204.87	-125.75	4.7802
313.71	1.7639	-9.9176	270.67	2.8344	-8.8464	289.97	0.053078	21.746	282.14	-61.91	45.783	199	-92.375	32.29	204.54	-125.86	4.7924
312.8	0.73646	-11.289	270.44	2.6915	-9.0531	289.75	0.0055284	21.734	281.87	-61.912	45.799	198.77	-92.394	32.295	204.34	-125.91	4.8697
312.83	0.42109	-11.47	270.19	2.6549	-9.1995	289.58	-0.057979	21.705	281.54	-61.937	45.759	198.5	-92.429	32.316	204.14	-125.95	4.9741
313	0.095712	-11.592	269.82	2.5499	-9.4511	289.42	-0.1242	21.679	281.23	-61.892	45.804	198.18	-92.435	32.315	203.82	-126.09	5.0194
314.6	0.75281	-9.9537	269.46	2.3225	-9.631	289.34	-0.15037	21.671	280.83	-61.867	45.696	197.86	-92.433	32.276	203.48	-126.22	5.1389
314.26	-0.84105	-11.474	268.94	2.3362	-10.09	289.34	-0.17069	21.676	280.44	-61.866	45.647	197.47	-92.435	32.192	203.17	-126.21	5.1973
315.41	-1.4552	-11.054	268.37	2.2042	-10.141	289.38	-0.15024	21.673	280.01	-61.934	45.593	197.1	-92.439	32.104	202.81	-126.36	5.2685
315.41	-1.4552	-11.054	267.75	2.2756	-10.635	289.37	-0.146	21.672	279.58	-62.114	45.558	196.63	-92.524	32.006	202.41	-126.54	5.2806
318.02	-2.9985	-9.8714	267.13	2.0927	-10.422	289.37	-0.15428	21.666	279.15	-62.367	45.527	196.18	-92.67	32.043	202.07	-126.71	5.3266
319.3	-3.9441	-9.1298	266.43	2.057	-10.366	289.38	-0.15235	21.673	278.7	-62.693	45.511	195.72	-92.877	32.022	201.54	-127.03	5.3316
320.44	-4.9509	-8.4155	265.7	1.9707	-10.432	289.39	-0.14794	21.677	278.3	-63.04	45.606	195.27	-93.125	32.16	201.09	-127.21	5.3722
321.48	-6.0329	-7.6147	264.92	1.7641	-10.047	289.4	-0.15257	21.669	277.82	-63.522	45.615	194.79	-93.422	32.252	200.78	-128	5.6236
322.46	-7.0694	-6.6848	264.12	1.6081	-9.7129	289.39	-0.15251	21.668	277.37	-63.998	45.756	194.29	-93.758	32.436	200.03	-127.87	5.6892
323.33	-8.2217	-5.7252	263.28	1.3327	-9.2839	289.39	-0.15242	21.664	276.89	-64.551	45.914	193.73	-94.188	32.673	199.5	-128.24	5.8582
324.09	-9.5687	-4.7942	262.38	1.0662	-8.7462	289.39	-0.15533	21.663	276.31	-65.2	46.048	193.13	-94.653	32.932	198.83	-128.66	6.0684
324.9	-10.831	-3.6981	261.44	0.66112	-8.2961	289.39	-0.15349	21.666	275.73	-65.876	46.303	192.49	-95.172	33.204	198.07	-129.11	6.2008
325.52	-12.332	-2.6255	260.38	0.3367	-7.8618	289.39	-0.15754	21.673	275.01	-66.66	46.553	191.78	-95.727	33.476	197.41	-129.54	6.5609
326.14	-13.823	-1.4422	259.38	-0.23232	-7.1528	289.4	-0.15948	21.679	274.33	-67.441	46.847	191.01	-96.321	33.829	196.54	-130.12	6.7592
326.58	-15.412	-0.34339	258.28	-0.64701	-6.6551	289.39	-0.15793	21.661	273.51	-68.31	47.159	190.15	-96.92	34.199	195.59	-130.7	6.9624
326.96	-17.007	0.87563	257.11	-1.1327	-6.0202	289.39	-0.15391	21.68	272.64	-69.208	47.479	189.21	-97.537	34.558	194.59	-131.24	7.225
327.12	-18.68	2.0085	255.93	-1.6714	-5.2932	289.39	-0.15754	21.673	271.73	-70.14	47.911	188.19	-98.218	35.021	193.59	-131.85	7.5813
327.11	-20.309	3.1686	254.69	-2.2468	-4.515	289.38	-0.16177	21.667	270.67	-71.135	48.309	187.11	-98.904	35.484	192.42	-132.39	7.9322
326.82	-22.03	4.1502	253.36	-2.8512	-3.6138	289.38	-0.15154	21.673	269.5	-72.171	48.755	185.91	-99.605	35.933	191.45	-133.38	8.3387
326.43	-23.608	5.3864	251.96	-3.4042	-2.6349	289.38	-0.15308	21.671	268.27	-73.217	49.216	184.6	-100.33	36.465	189.91	-133.6	8.6296
325.85	-25.144	6.6044	250.47	-3.9672	-1.8043	289.38	-0.14996	21.675	266.89	-74.297	49.817	183.16	-101.05	37.035	188.45	-134.12	9.0834
325.01	-26.678	7.8318	248.95	-4.5687	-0.55494	289.38	-0.14857	21.663	265.42	-75.391	50.476	181.59	-101.81	37.689	186.79	-134.73	9.4161
323.99	-28.217	9.01	247.54	-4.9199	1.1727	289.38	-0.14778	21.675	263.89	-76.327	51.501	179.89	-102.57	38.366	185.03	-135.28	9.8347
322.81	-29.625	10.41	245.86	-5.4289	2.6422	289.38	-0.14807	21.678	262.12	-77.457	52.28	178.05	-103.35	39.082	183.22	-135.77	10.293
321.37	-31.056	11.666	244.03	-6.0259	4.2018	289.38	-0.15264	21.669	260.15	-78.626	53.016	176.03	-104.1	39.832	181.28	-136.29	10.896
319.7	-32.378	12.915	242.1	-6.6732	5.6685	289.38	-0.1507	21.674	258.09	-79.767	53.838	173.86	-104.84	40.625	178.99	-136.84	11.379
317.75	-33.476	14.127	240.09	-7.2878	7.2392	289.39	-0.15535	21.66	255.85	-80.898	54.702	171.52	-105.54	41.44	176.72	-137.28	11.908
315.48	-34.423	15.245	237.98	-7.8461	8.8729	289.39	-0.15512	21.677	253.43	-82.029	55.576	169.02	-106.23	42.286	174.32	-137.64	12.544
312.84	-35.252	16.153	235.74	-8.4377	10.62	289.39	-0.15322	21.677	250.86	-83.063	56.476	166.37	-106.87	43.134	171.67	-138.04	13.039
310.03	-35.834	17.175	233.45	-8.987	12.178	289.39	-0.15516	21.677	248.13	-84.047	57.367	163.55	-107.48	43.962	168.86	-138.39	13.66
306.92	-36.307	18.049	230.85	-9.5684	13.952	289.39	-0.15936	21.668	245.2	-84.945	58.312	160.56	-108.05	44.776	166.05	-138.76	14.208
303.61	-36.584	18.937	228.07	-10.018	15.604	289.39	-0.15733	21.673	242.12	-85.78	59.181	157.41	-108.61	45.586	163.07	-139.04	14.768
300	-36.661	19.856	225.08	-10.325	17.094	289.39	-0.15753	21.673	238.88	-86.455	59.964	154.14	-109.13	46.36	159.97	-139.29	15.342
296.17	-36.558	20.692	221.84	-10.571	18.65	289.39	-0.15769	21.674	235.48	-87.062	60.881	150.74	-109.64	47.171	156.62	-139.59	15.978
292.18	-36.285	21.533	218.37	-10.768	20.175	289.39	-0.1581	21.671	231.85	-87.582	61.721	147.22	-110.16	47.924	153.36	-139.84	16.541
287.86	-35.832	22.285	214.7	-10.946	21.647	289.39	-0.15774	21.67	228.16	-87.933	62.444	143.57	-110.66	48.64	149.99	-140.12	17.064
283.33	-35.136	23.013	210.75	-10.957	23.084	289.39	-0.16701	21.67	224.3	-88.172	63.142	139.81	-111.13	49.381	146.41	-140.34	17.536
278.59	-34.293	23.698	206.63	-10.937	24.427	289.39	-0.1555	21.677	220.31	-88.341	63.887	135.92	-111.61	50.072	142.71	-140.5	18.004
273.6	-33.289	24.278	202.26	-10.771	25.666	289.39	-0.16	21.671	216.2	-88.35	64.423	131.92	-112.05	50.771	138.96	-140.69	18.538
268.43	-32.23	24.818	197.72	-10.568	26.849	289.39	-0.15511	21.677	211.9	-88.254	65.038	127.82	-112.54	51.406	135.15	-140.91	19.13
263.03	-31.022	25.301	193.03	-10.359	28.016	289.39	-0.15802	21.673	207.56	-88.112	65.568	123.61	-112.96	52.021	131.1	-141.05	19.487
257.49	-29.708	25.755	188.17	-10.103	29.002	289.39	-0.14768	21.665	203.07	-87.819	66.147	119.31	-113.4	52.577	127.13	-141.24	20.049
251.67	-28.287	26.072	183.2	-9.8095	29.878	289.38	-0.14998	21.677	198.48	-87.517	66.596	114.9	-113.8	53.138	122.93	-141.36	20.33
245.76	-26.871	26.395	178.12	-9.448	30.582	289.38	-0.14765	21.665	193.79	-87.202	67.129	110.42	-114.15	53.576	118.67	-141.49	20.742
239.51	-25.44	26.53	172.93	-9.0558	31.08	289.39	-0.14176	21.685	189.03	-86.754	67.456	106.35	-114.21	54.44	114.99	-141.45	21.578
228.43	-20.21	28.045	167.74	-8.6706	31.484	233.31	-23.872	26.825	184.15	-86.362	67.901	101.73	-114.53	54.817	110.79	-141.71	21.978
221.86	-18.899	28.389	162.46	-8.3537	31.802	226.85	-22.408	26.815	179.26	-85.906	68.206	97.028	-114.86	55.23	106.43	-141.8	22.215
289.38	-0.14898	21.676	157.15	-8.0158	32.09	NaN	NaN	NaN	174.29	-85.455	68.542	92.318	-115.14	55.522	101.82	-141.72	22.42
289.39	-0.14825	21.677	151.79	-7.722	32.23	213.61	-19.498	26.703	169.22	-84.947	68.812	87.546	-115.44	55.82	97.397	-141.88	22.664
289.38	-0.1488	21.676	146.43	-7.3814	32.296	206.84	-18.087	26.625	164.22	-84.402	69	82.243	-116.05	55.695	92.112	-142.04	22.262
289.39	-0.15696	21.674	141.01	-7.0442	32.242	200.03	-16.636	26.526	159.14	-83.852	69.163	77.451	-116.34	55.855	87.672	-142.36	22.46
289.39	-0.15771	21.673	135.58	-6.6743	32.109	NaN	NaN	NaN	154.06	-83.305	69.314	72.671	-116.62	56.018	83.179	-142.52	22.635
289.39	-0.15213	21.678	130.07	-6.3616	31.941	185.83	-13.827	26.018	148.98	-82.766	69.377	67.893	-116.94	56.143	78.539	-142.51	22.632
289.39	-0.15917	21.669	124.6	-6.0171	31.729	NaN	NaN	NaN	143.87	-82.145	69.359	63.112	-117.27	56.224	74.095	-142.73	22.553
289.39	-0.15715	21.673	119.1	-5.7178	31.533	NaN	NaN	NaN	138.83	-81.481	69.355	58.373	-117.56	56.256	69.556	-142.85	22.571
289.39	-0.15715	21.673	113.64	-5.3726	31.275	NaN	NaN	NaN	133.79	-80.789	69.267	53.671	-117.85	56.281	64.994	-142.97	22.544
289.4	-0.16218	21.676	108.15	-5.0215	30.85	156.06	-7.9459	24.634	128.74	-80.044	69.058	48.988	-118.2	56.232	60.515	-142.99	22.439
289.4	-0.15311	21.681	102.65	-4.5532	30.253	NaN	NaN	NaN	123.53	-79.487	68.531	44.375	-118.49	56.178	56.021	-143.06	22.295
289.4	-0.16148	21.676	97.117	-4.1635	29.701	NaN	NaN	NaN	118.55	-78.619	68.232	39.783	-118.82	56.071	51.7	-143.22	22.056
289.39	-0.1542	21.679	91.565	-3.7832	29.126	NaN	NaN	NaN	113.59	-77.73	67.826	35.299	-119.12	55.93	47.33	-143.3	21.829
289.39	-0.15712	21.672	85.932	-3.3713	28.41	NaN	NaN	NaN	108.68	-76.822	67.459	30.805	-119.44	55.786	43.043	-143.47	21.712
289.39	-0.15602	21.675	80.357	-2.9771	27.641	NaN	NaN	NaN	103.8	-75.826	67.024	26.394	-119.72	55.553	38.789	-143.52	21.438
289.39	-0.15529	21.676	74.784	-2.6065	26.968	NaN	NaN	NaN	98.98	-74.875	66.571	22.074	-120	55.336	34.635	-143.68	21.119
289.39	-0.1527	21.668	69.261	-2.2326	26.078	NaN	NaN	NaN	94.187	-73.872	66.111	17.788	-120.26	55.076	30.576	-143.81	20.815
289.39	-0.15356	21.666	63.866	-1.8783	25.294	NaN	NaN	NaN	89.445	-72.847	65.676	13.613	-120.49	54.798	26.596	-143.87	20.58
289.38	-0.15233	21.673	58.517	-1.5549	24.458	NaN	NaN	NaN	84.778	-71.833	65.13	9.482	-120.74	54.476	22.643	-144.08	20.221
289.39	-0.14477	21.666	53.252	-1.2818	23.536	NaN	NaN	NaN	80.188	-70.85	64.658	5.4705	-120.96	54.162	18.939	-144.17	19.993
289.39	-0.14649	21.678	47.884	-0.95042	22.564	NaN	NaN	NaN	75.646	-69.921	64.188	1.5519	-121.16	53.786	15.128	-144.31	19.563
289.39	-0.14525	21.68	42.282	-0.60931	21.596	NaN	NaN	NaN	71.203	-69.072	63.682	-2.2667	-121.37	53.389	11.597	-144.44	19.182
289.39	-0.1456	21.68	36.988	-0.30759	20.719	NaN	NaN	NaN	66.825	-68.316	63.136	-5.9332	-121.57	52.996	8.1323	-144.58	18.839
289.38	-0.14987	21.674	31.624	0.27833	20.455	56.485	4.2341	10.342	62.67	-67.501	62.594	-9.4719	-121.79	52.608	4.752	-144.72	18.433
289.38	-0.14769	21.678	26.36	0.77919	20.842	51.634	4.5048	9.3177	58.686	-66.797	61.979	-12.928	-121.99	52.13	1.4774	-144.85	18.047
289.39	-0.14573	21.679	21.734	0.96753	19.966	46.871	4.7772	8.3389	54.846	-66.171	61.292	-16.27	-122.19	51.675	-1.7173	-144.97	17.533
289.39	-0.14714	21.679	17.247	1.1097	19.08	42.299	5.0067	7.3876	51.227	-65.66	60.598	-19.459	-122.34	51.23	-4.7716	-145.11	17.145
289.39	-0.15473	21.677	13.003	1.1952	18.188	38.121	5.2697	6.636	47.747	-65.193	59.849	-22.506	-122.53	50.741	-7.6816	-145.24	16.69
289.39	-0.15464	21.679	8.9514	1.3183	17.394	33.897	5.3654	5.6061	44.482	-64.776	59.114	-25.396	-122.73	50.219	-10.524	-145.41	16.156
289.39	-0.15508	21.677	5.1641	1.403	16.654	30.026	5.4702	4.6887	41.399	-64.386	58.351	-28.104	-122.91	49.73	-13.207	-145.54	15.575
289.39	-0.15306	21.681	1.5414	1.4809	15.851	26.379	5.5314	3.709	38.468	-64.056	57.517	-30.738	-123.1	49.202	-15.746	-145.65	15.014
289.4	-0.16219	21.677	-1.8582	1.5092	15.022	22.913	5.5393	2.71	35.672	-63.699	56.776	-33.236	-123.26	48.673	-18.175	-145.78	14.398
289.4	-0.16181	21.676	-5.1028	1.5054	14.129	19.647	5.5587	1.7604	33.026	-63.4	56	-35.592	-123.42	48.139	-20.45	-145.86	13.873
289.4	-0.16489	21.673	-8.1064	1.4774	13.223	16.716	5.6048	0.91194	30.466	-63.102	55.246	-37.78	-123.55	47.598	-22.518	-146.03	13.36
289.4	-0.15963	21.681	-10.915	1.486	12.352	13.785	5.5005	-0.085539	28.082	-62.821	54.506	-39.908	-123.7	46.981	-24.6	-146.14	12.669
289.4	-0.16014	21.68	-13.508	1.5079	11.566	11.169	5.4772	-0.99486	25.821	-62.569	53.826	-41.886	-123.83	46.361	-26.525	-146.29	12.117
289.4	-0.16327	21.674	-15.917	1.4971	10.71	8.8269	5.4575	-1.8625	23.677	-62.382	53.113	-43.765	-123.92	45.749	-28.228	-146.39	11.46
289.4	-0.16036	21.669	-18.135	1.4474	9.8289	6.6306	5.3921	-2.6891	21.702	-62.187	52.474	-45.521	-124.01	45.076	-29.869	-146.49	10.787
289.4	-0.16014	21.68	-20.152	1.4038	8.8803	4.6133	5.2963	-3.5745	19.825	-62.076	51.77	-47.197	-124.08	44.358	-31.418	-146.64	10.178
289.4	-0.16291	21.674	-21.99	1.3327	7.9768	2.7441	5.1265	-4.5445	18.08	-61.896	51.15	-48.741	-124.14	43.711	-32.872	-146.74	9.496
289.39	-0.15266	21.667	-23.644	1.2932	7.0584	1.1335	4.9952	-5.3813	16.478	-61.809	50.492	-50.185	-124.18	43.02	-34.111	-146.81	8.9335
289.39	-0.15733	21.673	-25.125	1.196	6.0462	-0.23648	4.9222	-6.195	14.987	-61.724	49.853	-51.562	-124.22	42.265	-35.361	-146.93	8.2432
289.39	-0.14553	21.681	-26.442	1.1266	5.0756	-1.6272	4.7012	-7.2135	13.578	-61.628	49.185	-52.825	-124.23	41.506	-36.435	-147.08	7.5642
289.39	-0.15482	21.675	-27.599	1.0506	4.0652	-2.7159	4.5125	-8.1247	12.276	-61.556	48.539	-53.984	-124.21	40.822	-37.392	-147.15	6.956
289.38	-0.14896	21.676	-28.684	0.95936	3.0045	-3.6692	4.3889	-8.9741	11.094	-61.478	47.925	-55.077	-124.22	40.099	-38.31	-147.23	6.259
289.39	-0.14262	21.671	-29.643	0.81943	1.9177	-4.6046	4.1833	-9.9854	10.005	-61.416	47.256	-56.054	-124.21	39.354	-39.122	-147.36	5.5678
289.38	-0.14981	21.674	-30.493	0.68241	0.80604	-5.3151	3.9992	-10.871	9.0465	-61.354	46.59	-56.929	-124.19	38.562	-39.838	-147.43	5.015
289.38	-0.14883	21.673	-31.229	0.56633	-0.20353	-6.0526	3.7861	-11.827	8.1491	-61.287	45.952	-57.688	-124.2	37.88	-40.509	-147.55	4.4019
289.38	-0.14896	21.676	-31.887	0.43644	-1.2387	-6.6453	3.5215	-12.8	7.3651	-61.266	45.339	-58.399	-124.22	37.11	-41.123	-147.73	3.6451
289.38	-0.15079	21.672	-32.4	0.3221	-2.2084	-7.0682	3.2657	-13.589	6.6471	-61.25	44.775	-59.018	-124.26	36.388	-41.562	-147.68	3.0622
289.38	-0.14941	21.675	-32.774	0.19263	-3.0363	-7.4488	3.0386	-14.387	6.0202	-61.271	44.297	-59.577	-124.24	35.714	-42.022	-147.84	2.4443
289.38	-0.151	21.675	-33.097	0.11763	-3.7676	-7.6773	2.8341	-14.989	5.4431	-61.29	43.895	-60.082	-124.23	35.017	-42.292	-147.93	1.8251
289.38	-0.16302	21.676	-33.318	-0.013248	-4.4675	-7.668	2.7102	-15.339	4.9183	-61.39	43.522	-60.506	-124.27	34.416	-42.585	-148.05	1.3248
289.39	-0.16012	21.672	-33.42	-0.061845	-4.9226	-7.7468	2.459	-15.804	4.4693	-61.453	43.291	-60.87	-124.28	33.798	-42.793	-148.16	0.88632
289.39	-0.15821	21.672	-33.476	-0.1653	-5.4128	-7.7182	2.2634	-16.2	4.0893	-61.508	43.146	-61.18	-124.29	33.321	-42.879	-148.22	0.4159
289.38	-0.16913	21.669	-33.504	-0.23287	-5.7763	-7.6315	2.0509	-16.512	3.7238	-61.569	43.033	-61.459	-124.29	32.843	-42.956	-148.31	0.065332
289.38	-0.16463	21.663	-33.451	-0.25624	-6.0363	-7.5035	1.9175	-16.683	3.4095	-61.628	42.991	-61.71	-124.24	32.403	-43.052	-148.38	-0.2051
289.39	-0.16762	21.672	-33.358	-0.26427	-6.208	-7.1488	1.812	-16.733	3.1519	-61.675	42.976	-61.948	-124.22	32.073	-43.07	-148.43	-0.36597
289.39	-0.17257	21.676	-33.24	-0.22804	-6.3001	-6.9556	1.6523	-16.892	2.8961	-61.689	42.991	-62.147	-124.18	31.799	-43.013	-148.52	-0.47093
289.39	-0.16787	21.669	-33.086	-0.20848	-6.458	-6.8192	1.512	-17.168	2.6609	-61.67	43.046	-62.322	-124.11	31.51	-42.99	-148.54	-0.60903
289.39	-0.16954	21.667	-32.842	-0.23619	-6.6907	-6.5665	1.3828	-17.243	2.4738	-61.617	43.102	-62.487	-124	31.304	-42.963	-148.57	-0.66351
289.39	-0.16954	21.667	-32.681	-0.26949	-7.0046	-6.3478	1.2781	-17.41	2.2956	-61.566	43.186	-62.671	-123.88	31.101	-42.933	-148.56	-0.68628
289.4	-0.16482	21.675	-32.204	-2.0098	-11.798	-6.1097	1.2589	-17.457	2.1078	-61.477	43.216	-62.81	-123.77	30.953	-42.898	-148.56	-0.72869
289.39	-0.16748	21.668	-32.063	-2.0361	-12.285	-5.9476	1.1836	-17.631	1.9083	-61.306	43.205	-62.923	-123.67	30.81	-42.84	-148.51	-0.78527
289.4	-0.16106	21.679	-32.026	-2.0311	-12.642	-5.8509	1.1373	-17.829	1.7324	-61.122	43.221	-63.05	-123.53	30.651	-42.822	-148.47	-0.80124
289.4	-0.1592	21.682	-32.02	-1.9871	-12.943	-5.8722	1.1672	-18.113	1.5294	-60.94	43.186	-63.161	-123.38	30.483	-42.868	-148.33	-0.80918
289.4	-0.15751	21.671	-32.123	-1.8948	-13.167	-5.9478	1.3986	-18.059	1.3476	-60.652	43.155	-63.299	-123.2	30.324	-42.841	-148.3	-0.82583
289.4	-0.15722	21.668	-32.23	-1.7747	-13.293	-5.9854	1.531	-18.035	1.2107	-60.466	43.148	-63.428	-123.05	30.2	-42.474	-148.09	-0.54138
289.4	-0.15512	21.685	-32.336	-1.6754	-13.452	-6.0135	1.6564	-18.009	1.0514	-60.319	43.112	-63.542	-122.91	30.109	-42.914	-148.13	-0.87736
289.4	-0.14545	21.677	-32.424	-1.5734	-13.549	-6.0605	1.756	-17.919	0.88021	-60.173	43.125	-63.658	-122.77	30.032	-43.012	-148.05	-0.92969
289.4	-0.14727	21.672	-32.505	-1.477	-13.618	-6.1325	1.856	-17.861	0.71524	-60.033	43.123	-63.756	-122.66	30.005	-43.067	-147.97	-0.92736
289.4	-0.14651	21.673	-32.586	-1.374	-13.693	-6.1917	1.9693	-17.815	0.61871	-59.915	43.159	-63.859	-122.55	29.98	-43.111	-147.9	-0.89576
289.4	-0.13761	21.664	-32.672	-1.3001	-13.76	-6.2566	2.0343	-17.751	0.51023	-59.767	43.181	-63.962	-122.43	29.952	-43.205	-147.84	-0.88167
289.39	-0.14148	21.672	-32.736	-1.2237	-13.799	-6.4113	2.067	-17.804	0.41499	-59.609	43.171	-64.048	-122.31	29.924	-43.288	-147.75	-0.87465
289.39	-0.13273	21.672	-32.806	-1.1715	-13.835	-6.4767	2.1358	-17.788	0.32596	-59.523	43.138	-64.121	-122.21	29.895	-43.351	-147.69	-0.8746
289.39	-0.13408	21.673	-32.842	-1.1334	-13.875	-6.4896	2.2201	-17.734	0.26898	-59.457	43.111	-64.166	-122.15	29.862	-43.414	-147.66	-0.89238
289.38	-0.13379	21.67	-32.88	-1.0918	-13.901	-6.5427	2.2404	-17.74	0.26205	-59.414	43.058	-64.183	-122.12	29.834	-43.472	-147.63	-0.8963
