140.58	-1.3124	20.222	-4.4138	3.4071	-18.096	NaN	NaN	NaN	-2.0129	-59.85	42.003	-69.565	-119.12	27.593	-49.172	-144.75	-3.1305
140.58	-1.3152	20.232	-4.4095	3.4073	-18.092	NaN	NaN	NaN	-2.0108	-59.851	42.004	-69.565	-119.12	27.593	-49.264	-144.62	-3.1384
140.58	-1.315	20.232	-4.4064	3.4102	-18.089	NaN	NaN	NaN	-2.0141	-59.851	42.002	-69.567	-119.12	27.578	-49.18	-144.75	-3.1451
140.59	-1.3103	20.225	-4.4085	3.4074	-18.092	NaN	NaN	NaN	-2.0171	-59.854	41.999	-69.57	-119.12	27.589	-49.175	-144.74	-3.1304
140.58	-1.3169	20.229	-4.4064	3.4102	-18.089	NaN	NaN	NaN	-2.0042	-59.846	42.01	-69.57	-119.12	27.577	-49.275	-144.63	-3.135
140.58	-1.3123	20.224	-4.4064	3.4102	-18.089	NaN	NaN	NaN	-2.0096	-59.85	42.005	-69.571	-119.12	27.576	-49.274	-144.62	-3.1336
140.59	-1.323	20.234	-4.4095	3.4073	-18.092	NaN	NaN	NaN	-2.0167	-59.853	42	-69.577	-119.12	27.584	-49.186	-144.75	-3.1396
140.59	-1.3123	20.224	-4.4138	3.4071	-18.096	NaN	NaN	NaN	-2.0233	-59.857	41.993	-69.582	-119.11	27.574	-49.271	-144.62	-3.1299
140.58	-1.3143	20.218	-4.4169	3.4042	-18.098	NaN	NaN	NaN	-2.0277	-59.846	41.999	-69.584	-119.11	27.573	-49.181	-144.77	-3.1344
140.59	-1.3201	20.222	-4.4138	3.4071	-18.096	NaN	NaN	NaN	-2.0257	-59.845	42	-69.59	-119.12	27.555	-49.199	-144.75	-3.1442
140.59	-1.3228	20.231	-4.4169	3.4042	-18.098	NaN	NaN	NaN	-2.0373	-59.854	42.001	-69.601	-119.11	27.564	-49.177	-144.77	-3.1295
140.58	-1.3172	20.23	-4.4169	3.4042	-18.098	NaN	NaN	NaN	-2.0412	-59.856	42	-69.588	-119.12	27.57	-49.197	-144.76	-3.1477
140.59	-1.3199	20.221	-4.4128	3.408	-18.092	NaN	NaN	NaN	-2.0381	-59.854	42.001	-69.601	-119.11	27.564	-49.192	-144.74	-3.139
140.58	-1.3169	20.229	-4.424	3.3996	-18.092	NaN	NaN	NaN	-2.0404	-59.856	41.999	-69.601	-119.11	27.564	-49.187	-144.76	-3.1439
140.58	-1.3121	20.221	-4.4166	3.4027	-18.085	NaN	NaN	NaN	-2.0352	-59.851	42.004	-69.595	-119.12	27.563	-49.193	-144.76	-3.1451
140.58	-1.3167	20.217	-4.4169	3.4042	-18.098	NaN	NaN	NaN	-2.0291	-59.848	41.995	-69.59	-119.11	27.555	-49.19	-144.76	-3.1433
140.58	-1.3146	20.231	-4.4228	3.4129	-18.095	NaN	NaN	NaN	-2.034	-59.849	41.993	-69.588	-119.12	27.565	-49.188	-144.75	-3.1416
140.58	-1.3148	20.233	-4.4041	3.4096	-18.073	NaN	NaN	NaN	-2.0204	-59.854	41.996	-69.587	-119.11	27.554	-49.184	-144.76	-3.1555
140.58	-1.3166	20.227	-4.422	3.4003	-18.104	NaN	NaN	NaN	-2.0246	-59.857	41.992	-69.581	-119.13	27.564	-49.276	-144.63	-3.148
140.58	-1.317	20.228	-4.4095	3.4073	-18.092	NaN	NaN	NaN	-2.0153	-59.85	41.987	-69.573	-119.12	27.558	-49.177	-144.76	-3.1392
140.58	-1.3143	20.218	-4.4095	3.4073	-18.092	NaN	NaN	NaN	-2.0074	-59.859	41.987	-69.568	-119.13	27.556	-49.185	-144.75	-3.1548
140.58	-1.3124	20.222	-4.4138	3.4071	-18.096	NaN	NaN	NaN	-2.0078	-59.846	41.994	-69.569	-119.12	27.561	-49.178	-144.77	-3.159
140.58	-1.3123	20.221	-4.4169	3.4042	-18.098	NaN	NaN	NaN	-2.0013	-59.855	41.991	-69.569	-119.12	27.561	-49.183	-144.76	-3.1605
140.58	-1.3122	20.222	-4.4044	3.4111	-18.086	NaN	NaN	NaN	-2.0025	-59.855	41.991	-69.562	-119.12	27.549	-49.182	-144.75	-3.1515
140.59	-1.3101	20.225	-4.4169	3.4042	-18.098	NaN	NaN	NaN	-2.0029	-59.855	41.978	-69.57	-119.12	27.548	-49.197	-144.76	-3.1643
140.59	-1.3099	20.225	-4.4118	3.408	-18.093	NaN	NaN	NaN	-2.0051	-59.857	41.976	-69.569	-119.12	27.549	-49.189	-144.75	-3.171
140.58	-1.3124	20.222	-4.4167	3.4168	-18.09	NaN	NaN	NaN	-2.0029	-59.855	41.978	-69.568	-119.11	27.549	-49.194	-144.74	-3.1528
140.59	-1.3099	20.225	-4.4118	3.408	-18.093	NaN	NaN	NaN	-2.0029	-59.855	41.978	-69.57	-119.12	27.547	-49.191	-144.75	-3.1567
140.58	-1.3143	20.219	-4.4138	3.4071	-18.096	NaN	NaN	NaN	-2.0088	-59.87	41.965	-69.581	-119.11	27.545	-49.183	-144.77	-3.1611
140.58	-1.3124	20.222	-4.4138	3.4071	-18.096	NaN	NaN	NaN	-2.0112	-59.858	41.971	-69.578	-119.11	27.548	-49.196	-144.76	-3.1615
140.58	-1.3148	20.218	-4.4169	3.4042	-18.098	NaN	NaN	NaN	-2.0049	-59.856	41.977	-69.58	-119.11	27.546	-49.193	-144.77	-3.1627
140.58	-1.3135	20.221	-4.4044	3.4111	-18.086	NaN	NaN	NaN	-2.0029	-59.855	41.978	-69.578	-119.11	27.548	-49.193	-144.76	-3.1459
140.59	-1.3203	20.234	-4.4169	3.4042	-18.098	NaN	NaN	NaN	-2.0029	-59.855	41.978	-69.581	-119.11	27.545	-49.194	-144.76	-3.1617
140.59	-1.3202	20.221	-4.4095	3.4073	-18.092	NaN	NaN	NaN	-2.0021	-59.853	41.965	-69.57	-119.11	27.535	-49.196	-144.75	-3.1592
140.58	-1.3251	20.23	-4.4013	3.4141	-18.084	NaN	NaN	NaN	-1.9971	-59.85	41.984	-69.574	-119.1	27.551	-49.199	-144.76	-3.1743
140.58	-1.3173	20.228	-4.4013	3.4141	-18.084	NaN	NaN	NaN	-2.0049	-59.856	41.977	-69.571	-119.1	27.552	-49.198	-144.76	-3.1598
140.59	-1.3205	20.234	-4.4064	3.4102	-18.089	NaN	NaN	NaN	-1.9908	-59.847	41.987	-69.564	-119.09	27.547	-49.207	-144.76	-3.1684
140.59	-1.3099	20.225	-4.4067	3.4117	-18.102	NaN	NaN	NaN	-1.9859	-59.855	41.971	-69.558	-119.1	27.544	-49.19	-144.76	-3.173
140.58	-1.3122	20.222	-4.411	3.4115	-18.107	NaN	NaN	NaN	-1.9916	-59.847	41.973	-69.555	-119.1	27.547	-49.196	-144.76	-3.1623
140.59	-1.3202	20.221	-4.4036	3.4146	-18.1	NaN	NaN	NaN	-1.9829	-59.851	41.961	-69.558	-119.09	27.551	-49.186	-144.75	-3.1523
140.58	-1.3122	20.222	-4.4027	3.4147	-18.101	NaN	NaN	NaN	-1.9837	-59.851	41.961	-69.553	-119.1	27.534	-49.194	-144.76	-3.1617
140.58	-1.3144	20.22	-4.3935	3.4061	-18.099	NaN	NaN	NaN	-1.9776	-59.85	41.965	-69.552	-119.1	27.536	-49.191	-144.75	-3.1563
140.59	-1.3125	20.235	-4.3985	3.4185	-18.095	NaN	NaN	NaN	-1.9671	-59.84	41.961	-69.548	-119.08	27.545	-49.19	-144.76	-3.1599
140.59	-1.3211	20.219	-4.4027	3.4147	-18.101	NaN	NaN	NaN	-1.9766	-59.846	41.954	-69.545	-119.09	27.542	-49.2	-144.74	-3.1703
140.58	-1.3124	20.222	-4.3904	3.409	-18.096	NaN	NaN	NaN	-1.9701	-59.843	41.958	-69.548	-119.08	27.547	-49.201	-144.74	-3.1703
140.59	-1.3125	20.235	-4.3904	3.409	-18.096	NaN	NaN	NaN	-1.9689	-59.842	41.959	-69.552	-119.08	27.543	-49.19	-144.77	-3.1638
140.58	-1.3121	20.221	-4.403	3.4162	-18.114	NaN	NaN	NaN	-1.9774	-59.834	41.96	-69.555	-119.08	27.542	-49.205	-144.74	-3.17
140.58	-1.3119	20.221	-4.3978	3.42	-18.108	NaN	NaN	NaN	-1.9814	-59.835	41.956	-69.558	-119.07	27.544	-49.204	-144.75	-3.175
140.58	-1.3143	20.219	-4.403	3.4162	-18.114	NaN	NaN	NaN	-1.9845	-59.838	41.964	-69.566	-119.08	27.536	-49.2	-144.76	-3.1634
140.59	-1.3099	20.225	-4.4027	3.4147	-18.101	NaN	NaN	NaN	-1.9912	-59.841	41.948	-69.571	-119.08	27.534	-49.222	-144.74	-3.1646
140.58	-1.3147	20.219	-4.403	3.4162	-18.114	NaN	NaN	NaN	-1.9941	-59.832	41.965	-69.577	-119.07	27.525	-49.202	-144.78	-3.1599
140.59	-1.3101	20.225	-4.4027	3.4147	-18.101	NaN	NaN	NaN	-1.9866	-59.837	41.954	-69.583	-119.06	27.537	-49.209	-144.77	-3.1571
140.59	-1.3099	20.225	-4.3985	3.4185	-18.094	NaN	NaN	NaN	-1.9907	-59.829	41.97	-69.579	-119.07	27.532	-49.231	-144.75	-3.172
140.59	-1.3099	20.225	-4.4027	3.4147	-18.101	NaN	NaN	NaN	-1.9907	-59.842	41.961	-69.583	-119.06	27.537	-49.209	-144.77	-3.1708
140.58	-1.3125	20.235	-4.4036	3.4146	-18.1	NaN	NaN	NaN	-1.9869	-59.839	41.953	-69.589	-119.07	27.53	-49.213	-144.77	-3.1736
140.59	-1.3101	20.225	-4.3984	3.4149	-18.096	NaN	NaN	NaN	-1.9804	-59.837	41.968	-69.58	-119.07	27.533	-49.212	-144.77	-3.1609
140.58	-1.312	20.221	-4.4057	3.4118	-18.103	NaN	NaN	NaN	-1.9874	-59.842	41.963	-69.575	-119.07	27.536	-49.217	-144.76	-3.1716
140.59	-1.3101	20.225	-4.4006	3.4156	-18.097	NaN	NaN	NaN	-1.9837	-59.837	41.955	-69.582	-119.07	27.519	-49.215	-144.77	-3.178
140.58	-1.312	20.221	-4.4067	3.4117	-18.102	NaN	NaN	NaN	-1.9812	-59.837	41.957	-69.581	-119.07	27.518	-49.221	-144.78	-3.1785
140.59	-1.3099	20.225	-4.4027	3.4147	-18.101	NaN	NaN	NaN	-1.9776	-59.846	41.951	-69.582	-119.07	27.519	-49.223	-144.78	-3.1715
140.59	-1.3179	20.224	-4.4057	3.4118	-18.103	NaN	NaN	NaN	-1.9782	-59.848	41.953	-69.579	-119.07	27.532	-49.224	-144.78	-3.1824
140.58	-1.3124	20.222	-4.4016	3.4156	-18.097	NaN	NaN	NaN	-1.977	-59.847	41.953	-69.582	-119.08	27.529	-49.239	-144.78	-3.1761
140.59	-1.3101	20.225	-4.4055	3.4103	-18.09	NaN	NaN	NaN	-1.9833	-59.85	41.948	-69.578	-119.07	27.521	-49.23	-144.78	-3.1742
140.58	-1.3122	20.222	-4.4109	3.4079	-18.109	NaN	NaN	NaN	-1.9827	-59.862	41.93	-69.58	-119.07	27.533	-49.226	-144.78	-3.1717
140.59	-1.3105	20.228	-4.4057	3.4118	-18.103	NaN	NaN	NaN	-1.988	-59.854	41.944	-69.578	-119.07	27.521	-49.225	-144.78	-3.1702
140.58	-1.3247	20.216	-4.409	3.3983	-18.098	NaN	NaN	NaN	-1.9747	-59.859	41.949	-69.589	-119.06	27.52	-49.234	-144.78	-3.1869
140.58	-1.3144	20.22	-4.4095	3.4073	-18.091	NaN	NaN	NaN	-1.9777	-59.849	41.951	-69.591	-119.07	27.53	-49.24	-144.77	-3.1734
140.58	-1.317	20.23	-4.4095	3.4073	-18.091	NaN	NaN	NaN	-1.9937	-59.871	41.933	-69.593	-119.07	27.529	-49.256	-144.77	-3.1812
140.58	-1.3146	20.22	-4.4085	3.4074	-18.092	NaN	NaN	NaN	-1.9939	-59.861	41.952	-69.595	-119.07	27.529	-49.257	-144.78	-3.187
140.59	-1.3099	20.225	-4.4169	3.4042	-18.098	NaN	NaN	NaN	-1.9872	-59.871	41.95	-69.601	-119.06	27.53	-49.269	-144.78	-3.1889
140.58	-1.3144	20.218	-4.419	3.4174	-18.107	NaN	NaN	NaN	-1.9904	-59.9	41.935	-69.606	-119.06	27.525	-49.285	-144.78	-3.1831
140.59	-1.3103	20.225	-4.4141	3.4086	-18.109	NaN	NaN	NaN	-1.9884	-59.946	41.942	-69.594	-119.06	27.534	-49.282	-144.77	-3.18
140.59	-1.3099	20.225	-4.4195	3.4217	-18.122	NaN	NaN	NaN	-1.9949	-59.996	41.928	-69.588	-119.05	27.537	-49.294	-144.79	-3.1644
140.59	-1.3123	20.224	-4.4168	3.4557	-18.133	NaN	NaN	NaN	-2.0043	-60.078	41.934	-69.588	-119.04	27.558	-49.292	-144.79	-3.1234
140.59	-1.3099	20.225	-4.4037	3.5496	-18.115	NaN	NaN	NaN	-1.9771	-60.164	41.961	-69.577	-119.03	27.596	-49.28	-144.82	-3.0871
140.58	-1.3168	20.228	-4.3952	3.7061	-18.099	NaN	NaN	NaN	-1.9519	-60.276	41.962	-69.552	-119.05	27.633	-49.374	-144.69	-3.0826
140.59	-1.3104	20.225	-4.4258	3.9399	-18.042	NaN	NaN	NaN	-1.8847	-60.448	42.007	-69.511	-119.07	27.698	-49.361	-144.72	-3.0051
140.58	-1.3145	20.231	-4.4954	4.2726	-17.905	NaN	NaN	NaN	-1.7949	-60.658	42.086	-69.436	-119.13	27.765	-49.308	-144.82	-2.9778
140.58	-1.3119	20.221	-4.372	4.7019	-17.426	NaN	NaN	NaN	-1.6342	-60.943	42.226	-69.358	-119.23	27.825	-49.182	-145.02	-2.9299
140.58	-1.3163	20.215	-4.0605	5.1775	-16.425	NaN	NaN	NaN	-1.3749	-61.401	42.363	-69.248	-119.36	27.892	-49.128	-145.09	-2.96
140.59	-1.3103	20.225	-3.4682	5.4415	-15.211	NaN	NaN	NaN	-1.0207	-62.013	42.705	-69.076	-119.54	27.98	-49.052	-145.16	-2.9663
140.59	-1.3101	20.225	-2.5538	5.6171	-13.875	NaN	NaN	NaN	-0.6487	-62.741	43.074	-68.867	-119.78	28.086	-48.986	-145.22	-3.0865
140.58	-1.3146	20.221	-1.2497	5.759	-12.305	NaN	NaN	NaN	-0.20711	-63.566	43.572	-68.606	-120.02	28.222	-48.924	-145.34	-3.1799
140.6	-1.3159	20.228	0.67267	5.8863	-10.583	NaN	NaN	NaN	0.27584	-64.491	44.12	-68.258	-120.33	28.377	-48.939	-145.28	-3.2488
140.6	-1.3159	20.228	2.9602	5.9995	-8.8274	NaN	NaN	NaN	0.81336	-65.484	44.625	-67.889	-120.67	28.596	-48.549	-145.67	-3.2938
140.6	-1.3148	20.23	5.397	6.0317	-7.0176	NaN	NaN	NaN	1.3832	-66.441	45.069	-67.438	-121.05	28.783	-48.291	-145.85	-3.331
140.6	-1.3146	20.23	7.8229	5.9389	-5.2901	NaN	NaN	NaN	2.06	-67.467	45.526	-66.901	-121.48	28.983	-47.933	-146.12	-3.3905
140.6	-1.317	20.228	10.271	5.7162	-3.5642	NaN	NaN	NaN	2.833	-68.466	45.992	-66.246	-121.93	29.178	-47.667	-146.15	-3.5633
140.6	-1.3182	20.227	12.896	5.3364	-1.8526	NaN	NaN	NaN	3.6656	-69.517	46.395	-65.51	-122.41	29.376	-47.077	-146.7	-3.6028
140.6	-1.3239	20.229	15.745	4.7911	-0.13828	NaN	NaN	NaN	4.5454	-70.656	46.875	-64.7	-122.9	29.571	-46.518	-147.07	-3.8501
140.6	-1.3273	20.224	18.836	4.0439	1.541	NaN	NaN	NaN	5.5306	-71.895	47.266	-63.801	-123.43	29.804	-45.961	-147.27	-3.891
140.61	-1.3354	20.237	22.146	3.1368	3.2526	NaN	NaN	NaN	6.6635	-73.211	47.73	-63.067	-124.01	29.895	-45.287	-147.88	-3.866
140.61	-1.3368	20.237	25.992	2.229	5.3205	NaN	NaN	NaN	8.2098	-74.213	48.695	-62.126	-124.28	30.148	-44.551	-147.85	-3.3664
140.61	-1.3388	20.234	29.463	0.88964	6.8534	NaN	NaN	NaN	9.4601	-75.465	49.28	-61.275	-124.54	30.341	-43.595	-148.21	-3.023
140.6	-1.3429	20.242	32.995	-0.51216	8.4365	NaN	NaN	NaN	10.775	-76.805	49.917	-60.19	-124.96	30.527	-42.319	-148.99	-2.9788
140.6	-1.3546	20.222	36.572	-1.996	10.114	NaN	NaN	NaN	12.222	-78.222	50.532	-58.862	-125.63	30.721	-41.209	-149.58	-2.986
140.59	-1.3494	20.233	40.174	-3.5997	11.814	NaN	NaN	NaN	13.827	-79.7	51.137	-57.348	-126.33	30.969	-39.939	-150.29	-2.8056
140.59	-1.3505	20.231	43.759	-5.2187	13.446	NaN	NaN	NaN	15.545	-81.228	51.793	-55.819	-126.93	31.252	-38.582	-151.02	-2.5605
140.59	-1.3505	20.231	47.011	-7.1736	14.757	NaN	NaN	NaN	17.416	-82.795	52.337	-54.288	-127.49	31.63	-37.421	-151.35	-2.3146
140.59	-1.3505	20.231	50.886	-8.8344	16.477	NaN	NaN	NaN	19.403	-84.426	53.014	-52.715	-128.12	32.045	-35.868	-152.22	-2.1156
140.59	-1.3484	20.235	54.446	-10.712	17.876	NaN	NaN	NaN	21.557	-86.103	53.5	-50.96	-128.83	32.426	-34.351	-152.9	-1.8622
140.59	-1.3404	20.234	57.682	-12.783	18.841	NaN	NaN	NaN	23.778	-87.75	53.951	-49.082	-129.6	32.94	-32.844	-153.61	-1.5714
140.59	-1.337	20.239	61.59	-14.59	20.257	NaN	NaN	NaN	26.142	-89.415	54.395	-47.118	-130.33	33.478	-31.425	-154.04	-1.2513
140.6	-1.3323	20.232	65.107	-16.536	21.258	NaN	NaN	NaN	28.572	-91.12	54.816	-45.107	-131.02	34.054	-29.922	-154.52	-0.8853
140.6	-1.3449	20.238	68.6	-18.467	22.184	NaN	NaN	NaN	31.049	-92.755	55.21	-43.086	-131.7	34.645	-28.273	-155.13	-0.48822
140.6	-1.3288	20.236	72.021	-20.375	22.954	NaN	NaN	NaN	33.568	-94.375	55.587	-41.052	-132.39	35.211	-26.561	-155.99	-0.13806
140.61	-1.335	20.238	75.39	-22.191	23.596	NaN	NaN	NaN	36.085	-95.909	55.888	-38.958	-133.07	35.772	-24.815	-156.5	0.32179
140.61	-1.3235	20.244	78.705	-23.943	24.138	NaN	NaN	NaN	38.675	-97.386	56.12	-36.815	-133.74	36.322	-23.059	-157.09	0.78264
140.61	-1.3321	20.241	81.512	-25.843	24.178	NaN	NaN	NaN	41.232	-98.773	56.42	-34.65	-134.36	36.873	-21.321	-157.69	1.1379
140.62	-1.3286	20.232	85.085	-27.298	24.834	NaN	NaN	NaN	43.797	-100.11	56.578	-32.458	-134.99	37.393	-19.797	-158.02	1.4409
140.62	-1.3271	20.251	NaN	NaN	NaN	25.1	-20.346	23.294	46.342	-101.36	56.811	-30.243	-135.58	37.815	-17.953	-158.44	1.906
140.62	-1.3266	20.237	NaN	NaN	NaN	28.063	-21.211	23.712	48.879	-102.52	56.866	-28.046	-136.14	38.258	-16.131	-158.95	2.0866
140.61	-1.3368	20.237	NaN	NaN	NaN	31.02	-22.086	23.998	51.398	-103.59	56.957	-25.802	-136.62	38.573	-14.002	-159.49	2.4356
140.62	-1.3412	20.24	NaN	NaN	NaN	33.949	-22.881	24.157	53.899	-104.56	56.984	-23.569	-137	38.897	-12.203	-159.77	2.7166
140.61	-1.3448	20.235	NaN	NaN	NaN	36.839	-23.561	24.123	56.396	-105.42	56.955	-21.304	-137.33	39.167	-10.065	-160.09	2.9126
140.61	-1.3465	20.247	NaN	NaN	NaN	39.673	-24.231	23.983	58.897	-106.16	56.857	-19.056	-137.59	39.38	-8.1041	-160.5	3.3409
140.6	-1.3415	20.243	NaN	NaN	NaN	42.446	-24.787	23.626	61.425	-106.76	56.739	-16.772	-137.79	39.598	-6.0076	-160.8	3.5455
140.6	-1.3459	20.238	NaN	NaN	NaN	45.137	-25.322	23.241	63.953	-107.26	56.531	-14.508	-137.95	39.753	-3.9296	-161.13	3.6856
140.59	-1.3499	20.247	NaN	NaN	NaN	47.801	-25.717	22.655	66.538	-107.67	56.283	-12.195	-138.06	39.902	-1.7579	-161.4	3.9914
140.59	-1.3504	20.231	NaN	NaN	NaN	50.369	-26.083	22.025	69.124	-107.94	55.914	-9.8606	-138.15	40.029	0.48652	-161.81	4.3099
140.58	-1.3403	20.235	NaN	NaN	NaN	52.898	-26.468	21.435	71.732	-108.15	55.501	-7.4824	-138.16	40.124	2.6723	-162.03	4.5401
140.58	-1.3351	20.246	NaN	NaN	NaN	55.382	-26.652	20.677	74.346	-108.27	55.058	-5.0875	-138.2	40.215	4.7654	-162.05	4.7362
140.57	-1.3385	20.242	57.755	-26.846	19.904	123.93	-40.584	18.951	77.019	-108.33	54.579	-2.673	-138.2	40.326	7.1286	-162.36	4.9199
140.58	-1.3348	20.234	60.094	-26.869	19.003	126.72	-40.952	17.826	79.617	-108.27	54.042	-0.27022	-138.15	40.413	9.3041	-162.51	5.0578
140.59	-1.3279	20.243	62.337	-26.93	18.244	129.43	-41.233	16.642	82.243	-108.18	53.483	2.1089	-138.09	40.455	11.504	-162.6	5.1801
140.59	-1.3279	20.243	64.521	-26.917	17.524	131.96	-41.495	15.417	84.847	-108.01	52.904	4.492	-138	40.517	13.451	-162.33	5.364
140.59	-1.3279	20.243	66.667	-26.839	16.827	140.59	-1.3333	20.231	87.42	-107.82	52.371	6.8474	-137.88	40.552	15.695	-162.45	5.4854
136.88	-41.639	13.081	68.728	-26.757	16.055	140.59	-1.3334	20.244	89.888	-107.58	51.846	9.1638	-137.72	40.54	17.89	-162.49	5.4781
136.88	-41.639	13.081	70.799	-26.566	15.291	140.6	-1.3279	20.238	92.293	-107.24	51.203	11.436	-137.51	40.518	19.916	-162.2	5.5935
141.41	-41.375	10.987	72.806	-26.317	14.59	140.61	-1.3234	20.244	94.645	-106.85	50.75	13.637	-137.25	40.443	22.024	-162.18	5.5514
143.4	-41.081	9.9541	74.736	-26.064	13.858	140.61	-1.3346	20.238	96.833	-106.45	50.224	15.774	-136.92	40.351	23.834	-161.69	5.5044
145.34	-40.717	9.0847	76.623	-25.738	13.122	140.61	-1.3346	20.238	98.99	-105.92	49.817	17.852	-136.55	40.193	25.993	-161.77	5.3809
147	-40.252	8.091	78.382	-25.387	12.305	140.62	-1.339	20.243	101.02	-105.3	49.433	19.842	-136.13	40.025	27.895	-161.38	5.3787
148.66	-39.564	7.2613	80.074	-24.918	11.418	140.62	-1.3365	20.233	102.94	-104.63	49.03	21.76	-135.63	39.822	29.702	-160.97	5.282
150.07	-38.831	6.3693	81.69	-24.476	10.59	140.62	-1.3367	20.233	104.8	-103.84	48.653	24.122	-134.77	39.979	31.981	-160.43	5.537
151.39	-38.001	5.425	83.234	-23.955	9.6666	140.62	-1.3365	20.232	106.56	-102.99	48.299	25.922	-134.19	39.739	33.744	-160.05	5.4726
152.65	-37.103	4.5997	84.72	-23.408	8.7857	140.62	-1.3393	20.243	108.26	-102.02	47.99	27.611	-133.55	39.528	35.37	-159.38	5.3096
153.87	-36.121	3.8149	86.111	-22.767	7.7712	140.62	-1.3446	20.223	109.88	-101.07	47.59	29.234	-132.86	39.226	37.177	-159.09	5.2601
153.87	-36.121	3.8149	87.453	-22.183	6.9338	140.61	-1.3437	20.237	111.47	-100.05	47.283	30.805	-132.15	38.94	38.639	-158.4	5.0592
153.87	-36.121	3.8149	88.832	-21.492	6.0011	140.61	-1.3456	20.234	112.97	-99.066	46.902	31.815	-131.71	38.332	39.863	-158.31	4.6696
153.87	-36.121	3.8149	90.135	-20.85	5.1737	140.6	-1.3422	20.228	114.48	-98.108	46.509	33.307	-130.94	38.036	41.479	-157.76	4.4832
158.86	-32.558	0.78237	91.482	-20.151	4.4133	140.59	-1.3456	20.224	115.92	-97.185	46.148	34.742	-130.17	37.803	42.792	-156.85	4.3171
160.19	-31.795	0.16757	92.808	-19.437	3.7719	140.59	-1.3403	20.235	117.34	-96.285	45.763	36.191	-129.37	37.54	44.358	-156.33	4.2279
161.56	-31.09	-0.44404	94.142	-18.691	3.1453	140.58	-1.3323	20.234	118.81	-95.407	45.467	37.586	-128.57	37.339	45.769	-155.66	4.0391
162.96	-30.339	-0.91049	95.476	-17.931	2.6085	140.58	-1.3333	20.234	120.17	-94.528	45.117	38.992	-127.78	37.076	47.243	-154.93	3.9515
164.44	-29.542	-1.2547	96.797	-17.165	2.251	140.57	-1.333	20.232	121.59	-93.697	44.844	40.396	-126.97	36.921	48.584	-154.14	3.7916
165.73	-28.8	-1.6674	98.124	-16.331	1.8336	140.57	-1.3355	20.23	122.99	-92.827	44.652	41.767	-126.16	36.738	50.054	-153.46	3.6978
166.98	-27.986	-2.0343	99.458	-15.549	1.5746	140.57	-1.3254	20.234	124.33	-91.954	44.454	43.166	-125.33	36.621	51.339	-152.59	3.5082
168.22	-27.145	-2.2657	100.76	-14.747	1.426	140.57	-1.3254	20.234	125.69	-91.122	44.288	44.501	-124.52	36.497	52.626	-151.55	3.4675
169.44	-26.271	-2.4366	102.1	-13.899	1.2468	140.57	-1.3205	20.225	127.03	-90.258	44.267	45.869	-123.67	36.38	54.097	-151.05	3.3365
169.44	-26.271	-2.4366	103.45	-13.045	1.0361	140.58	-1.3159	20.232	128.33	-89.359	44.253	47.196	-122.84	36.312	55.429	-150.09	3.3055
171.81	-24.407	-2.4552	104.79	-12.162	1.0068	140.58	-1.32	20.241	129.58	-88.477	44.272	48.508	-121.98	36.288	56.638	-149.08	3.2496
172.93	-23.414	-2.3279	106.09	-11.399	1.0503	140.59	-1.3207	20.236	130.85	-87.581	44.376	49.784	-121.12	36.205	58.138	-148.49	3.2357
174.13	-22.341	-2.0898	107.44	-10.446	1.0332	140.59	-1.3219	20.235	132.09	-86.658	44.439	51.066	-120.22	36.172	59.41	-147.56	3.2249
175.19	-21.31	-2.0147	108.69	-9.5753	0.9231	140.6	-1.3309	20.232	133.3	-85.725	44.542	52.304	-119.33	36.169	60.636	-146.68	3.2224
176.17	-20.337	-1.9879	109.97	-8.6781	0.94238	140.6	-1.3276	20.237	134.48	-84.767	44.677	53.526	-118.44	36.147	61.823	-145.62	3.25
177.1	-19.285	-1.9304	111.15	-7.7929	0.98586	140.6	-1.3297	20.222	135.62	-83.791	44.774	54.736	-117.54	36.123	63.197	-144.86	3.3
177.92	-18.16	-2.0278	112.24	-6.8162	1.0018	140.61	-1.3356	20.237	136.76	-82.793	44.86	55.905	-116.65	36.065	64.476	-144.16	3.2719
178.59	-17.017	-2.1036	113.2	-5.8981	1.1673	140.61	-1.3367	20.237	137.85	-81.758	44.913	57.04	-115.75	36.088	65.69	-143.19	3.3282
178.59	-17.017	-2.1036	114.02	-4.7588	1.2218	140.61	-1.3458	20.234	138.93	-80.688	45.013	58.148	-114.86	36.13	66.824	-142.32	3.3921
179.38	-14.393	-2.5707	114.74	-3.6011	1.0576	140.61	-1.3458	20.233	139.96	-79.599	45.085	59.211	-113.99	36.102	67.911	-141.47	3.3896
179.43	-12.979	-2.8326	115.56	-2.4799	0.77705	140.6	-1.3401	20.233	140.96	-78.511	45.074	60.273	-113.14	36.11	68.979	-140.58	3.4133
179.19	-11.436	-3.2472	116.35	-1.5616	0.26734	140.6	-1.3437	20.239	141.92	-77.348	45.071	61.266	-112.34	36.086	70.02	-139.74	3.4461
178.69	-9.8408	-3.7801	117.1	-0.74043	0.1442	140.59	-1.3458	20.236	142.86	-76.189	45.116	62.259	-111.54	36.1	70.96	-138.79	3.4397
178.69	-9.8408	-3.7801	117.78	0.039961	-0.23366	140.59	-1.3359	20.241	143.7	-75.012	45	63.205	-110.77	36.094	71.965	-137.98	3.4946
176.85	-6.4256	-4.9802	118.45	0.79719	-0.16517	140.58	-1.3322	20.224	144.55	-73.807	45.029	64.1	-110.01	36.078	72.872	-137.27	3.4662
176.85	-6.4256	-4.9802	119.07	1.5887	-0.39328	140.58	-1.3312	20.237	145.32	-72.571	45.028	64.949	-109.27	36.067	73.81	-136.5	3.5063
176.85	-6.4256	-4.9802	119.78	2.52	-0.43805	140.58	-1.3326	20.236	146.04	-71.328	44.931	65.761	-108.53	36.033	74.728	-135.93	3.5094
176.85	-6.4256	-4.9802	120.36	3.241	-0.70015	140.57	-1.3232	20.238	146.76	-70.089	44.928	66.513	-107.81	35.961	75.638	-135.23	3.5415
176.85	-6.4256	-4.9802	121.03	3.9741	-1.1951	140.44	-1.3792	20.212	147.4	-68.903	44.898	67.258	-107.08	35.907	76.506	-134.63	3.5276
176.85	-6.4256	-4.9802	121.9	4.7398	-1.7064	140.45	-1.3719	20.222	148.01	-67.716	44.87	67.979	-106.37	35.826	77.393	-133.94	3.5191
176.85	-6.4256	-4.9802	122.64	5.4493	-2.1049	140.69	-1.1136	20.23	148.7	-66.624	44.877	68.723	-105.67	35.75	78.273	-133.39	3.5386
176.85	-6.4256	-4.9802	123.47	6.3052	-2.6758	141.58	-0.64854	20.213	149.06	-65.864	44.428	69.46	-105.02	35.665	79.112	-132.78	3.5326
176.85	-6.4256	-4.9802	124.61	6.8711	-2.794	142.63	-0.22797	20.178	149.8	-64.924	44.432	70.224	-104.44	35.64	79.908	-132.12	3.5218
176.85	-6.4256	-4.9802	125.69	7.4605	-3.0912	143.69	0.11561	20.3	150.6	-64.035	44.426	71.043	-103.89	35.634	80.832	-131.57	3.52
176.85	-6.4256	-4.9802	126.21	8.0366	-3.1121	144.54	0.66318	20.316	151.35	-63.373	44.485	71.914	-103.42	35.67	81.779	-131.11	3.6084
176.85	-6.4256	-4.9802	127.02	8.6	-3.1593	145.53	1.3614	20.294	152.22	-62.791	44.578	72.823	-102.98	35.742	82.761	-130.7	3.5712
176.85	-6.4256	-4.9802	128.16	9.1675	-3.1612	146.35	1.7755	20.327	153.19	-62.199	44.665	73.827	-102.6	35.887	83.771	-130.26	3.7853
176.85	-6.4256	-4.9802	129.26	9.4439	-3.0847	147.26	2.0078	20.266	154.26	-61.662	44.764	74.876	-102.28	36.067	84.808	-129.87	3.9525
176.85	-6.4256	-4.9802	130.41	9.7745	-3.0218	148.33	2.2634	20.243	155.48	-61.226	45.012	76.016	-101.96	36.261	85.97	-129.58	4.1268
176.85	-6.4256	-4.9802	131.74	10.149	-2.985	149.51	2.4939	20.213	156.7	-60.859	45.227	77.24	-101.66	36.447	87.182	-129.23	4.3354
176.85	-6.4256	-4.9802	133.13	10.365	-2.752	150.98	2.7309	20.282	158.06	-60.511	45.497	78.59	-101.39	36.678	88.502	-129	4.5043
176.85	-6.4256	-4.9802	134.69	10.565	-2.6433	152.72	2.8552	20.44	159.52	-60.237	45.793	80.022	-101.19	36.916	89.868	-128.59	4.6688
176.85	-6.4256	-4.9802	136.39	10.665	-2.1932	154.56	2.9032	20.636	161.01	-60.07	46.054	81.547	-101.02	37.094	91.459	-128.56	4.9083
175.79	9.1209	-9.692	138.19	10.754	-1.7312	156.4	2.962	21.04	162.67	-59.937	46.395	83.185	-100.85	37.358	93.036	-128.42	5.2332
177.87	9.3799	-8.9129	140.05	10.849	-1.2523	158.28	2.9876	21.512	164.49	-59.939	46.815	84.887	-100.74	37.658	94.808	-128.4	5.4988
179.88	9.5308	-8.267	142.06	10.915	-0.7436	160.28	2.9958	22.104	166.32	-59.967	47.246	86.696	-100.65	37.938	96.513	-128.18	5.6646
181.3	9.1857	-8.388	144.18	10.883	-0.13859	162.38	2.9167	22.663	168.29	-60.024	47.739	88.61	-100.61	38.267	98.343	-128.12	5.9422
184.22	9.5738	-6.96	146.42	10.86	0.58412	164.64	2.8337	23.371	170.28	-60.142	48.171	90.602	-100.63	38.582	100.26	-128.08	6.2371
186.55	9.584	-6.2319	148.69	10.757	1.1635	166.95	2.6704	24.036	172.42	-60.268	48.777	92.669	-100.59	38.937	102.15	-127.93	6.4252
188.95	9.4926	-5.5103	151.17	10.756	1.9032	169.38	2.5199	24.756	174.58	-60.444	49.385	94.764	-100.58	39.3	104.23	-127.9	6.7612
190.81	9.0259	-5.4266	153.62	10.608	2.5491	171.87	2.3809	25.528	176.81	-60.59	50.027	96.919	-100.56	39.706	106.43	-127.89	7.1405
193.42	8.9314	-4.6073	156.3	10.439	3.3004	174.37	2.1618	26.186	179.02	-60.761	50.647	99.124	-100.55	40.103	108.62	-127.92	7.5507
196.13	8.7311	-3.8297	158.98	10.377	4.033	176.99	1.971	26.956	181.4	-60.953	51.392	101.42	-100.52	40.531	110.85	-128.1	8.0584
199.69	8.9634	-2.2052	161.79	10.124	4.7383	179.71	1.7378	27.728	183.8	-61.135	52.157	103.75	-100.51	40.925	113.25	-128.1	8.6078
202.59	8.7163	-1.4254	164.69	9.8961	5.4689	182.45	1.4689	28.409	186.22	-61.344	52.852	106.14	-100.47	41.343	115.61	-128.17	9.0209
205.58	8.455	-0.54348	167.62	9.7313	6.0258	185.36	1.275	29.205	188.7	-61.557	53.595	108.57	-100.42	41.754	118.06	-128.21	9.5506
208.69	8.1577	0.27241	170.74	9.5418	6.6961	188.26	0.96269	29.882	191.25	-61.813	54.337	111.04	-100.35	42.19	120.71	-128.49	10.057
211.21	7.4225	0.20677	173.84	9.233	7.2585	191.24	0.66805	30.572	193.87	-62.007	55.078	113.55	-100.28	42.607	123.04	-128.27	10.517
215.11	7.4924	1.6557	176.96	8.8345	7.8173	194.29	0.38212	31.256	196.49	-62.235	55.745	116.11	-100.2	43.033	125.45	-128.21	10.943
217.69	6.7984	1.7307	180.15	8.5633	8.2091	197.37	0.064703	31.808	199.23	-62.448	56.468	118.7	-100.12	43.424	128.31	-128.63	11.474
221	6.4458	2.3386	183.33	8.2829	8.6433	200.48	-0.19545	32.437	201.95	-62.711	57.084	121.36	-100.01	43.824	130.69	-128.44	11.897
224.87	6.4798	3.6923	186.59	8.0337	9.0446	203.62	-0.50063	32.968	204.76	-62.935	57.706	124.03	-99.944	44.241	133.23	-128.33	12.368
228.14	6.1165	4.1885	189.76	7.5564	9.7638	206.75	-0.86405	33.475	207.57	-63.208	58.228	126.73	-99.88	44.682	135.96	-128.52	12.805
231.42	5.8104	4.7633	193.04	7.3473	10.16	210.01	-1.1385	34.068	210.46	-63.474	58.67	129.46	-99.795	45.093	138.45	-128.3	13.218
234.62	5.4703	5.2732	196.26	7.1424	10.792	213.18	-1.5269	34.519	213.35	-63.75	59.121	132.17	-99.746	45.494	141.03	-128.45	13.807
237.88	5.1653	5.7129	199.43	6.9053	11.151	216.41	-1.8724	34.961	216.22	-64.08	59.479	134.9	-99.682	45.932	143.87	-128.67	14.254
240.39	4.4384	5.3899	202.65	6.642	11.644	219.64	-2.1723	35.489	219.12	-64.394	59.823	137.59	-99.618	46.253	146.16	-128.34	14.533
244.21	4.4563	6.4851	205.81	6.3396	12.217	222.78	-2.5679	35.819	221.96	-64.697	60.156	140.26	-99.53	46.609	148.59	-128.24	14.862
246.69	3.7178	6.011	208.9	6.0949	12.448	225.92	-2.8751	36.167	224.75	-64.962	60.425	142.88	-99.425	46.862	151.03	-128.29	15.196
250.49	3.7472	7.0289	212.07	5.9442	12.727	229.03	-3.1369	36.439	227.44	-65.187	60.668	145.44	-99.285	47.092	153.49	-128.31	15.417
252.89	2.992	6.4125	215.1	5.692	12.826	232.08	-3.4163	36.716	230.1	-65.362	60.891	147.97	-99.08	47.274	155.92	-128.19	15.578
255.91	2.6602	6.5332	218.09	5.4296	12.818	235.02	-3.6754	36.796	232.69	-65.478	61.152	150.42	-98.889	47.4	158.29	-128.03	15.854
259.54	2.6993	7.337	220.99	5.1383	12.595	237.92	-3.8812	36.84	235.23	-65.581	61.306	152.82	-98.637	47.469	160.57	-127.95	16.017
261.82	1.993	6.5595	223.43	4.4621	11.78	240.73	-4.0544	36.817	237.64	-65.6	61.44	155.19	-98.37	47.509	162.84	-127.85	16.165
264.64	1.7004	6.5005	226.23	4.2654	11.636	243.46	-4.2156	36.719	240.01	-65.679	61.472	157.47	-98.122	47.518	165.12	-127.71	16.311
267.3	1.3578	6.27	228.95	4.0652	11.453	246.11	-4.3288	36.539	242.34	-65.636	61.486	159.74	-97.835	47.481	167.21	-127.6	16.349
270.71	1.5403	6.9752	231.59	3.8546	11.338	248.67	-4.452	36.326	244.65	-65.629	61.528	161.93	-97.551	47.39	169.32	-127.42	16.463
273.3	1.3193	6.7905	234.15	3.7903	10.762	251.14	-4.5929	36.013	246.86	-65.678	61.37	164.08	-97.286	47.334	171.41	-127.27	16.447
275.33	0.81173	5.9554	236.65	3.5894	10.739	253.59	-4.7173	35.742	249.08	-65.675	61.243	166.18	-97.017	47.203	173.36	-127.14	16.313
278.31	0.90923	6.3297	239.07	3.4991	10.315	255.99	-4.8386	35.466	251.21	-65.692	61.053	168.23	-96.774	47.041	175.27	-127.07	16.293
280.11	0.32531	5.3322	241.44	3.2987	10.117	258.33	-4.9574	35.193	253.32	-65.73	60.899	170.21	-96.557	46.88	177.16	-126.92	16.13
282.45	0.1182	5.0172	243.72	3.2232	9.6352	260.58	-5.1109	34.817	255.36	-65.796	60.637	172.15	-96.317	46.677	178.96	-126.8	15.955
285.22	0.19338	5.3219	245.95	3.0217	9.3185	262.76	-5.3046	34.438	257.32	-65.873	60.337	174.02	-96.078	46.442	180.68	-126.64	15.87
287.43	-0.047812	4.9503	248.12	2.8372	9.1168	264.95	-5.4122	34.119	259.22	-65.969	60.047	175.84	-95.869	46.202	182.66	-126.89	15.726
289.01	-0.61203	3.9366	250.25	2.7312	8.4387	267.04	-5.6128	33.756	261.06	-66.054	59.708	177.58	-95.646	45.906	184.03	-126.32	15.551
291.62	-0.55725	4.1891	252.29	2.5558	7.9754	269.02	-5.8122	33.338	262.82	-66.125	59.384	179.25	-95.436	45.622	185.59	-126.25	15.237
293.01	-1.1471	3.074	254.25	2.3205	7.6809	270.96	-5.9163	32.921	264.55	-66.186	59.075	180.87	-95.236	45.301	187.38	-126.51	15.038
295.48	-1.0405	3.3146	256.13	2.1622	7.1676	272.79	-6.063	32.424	266.19	-66.222	58.677	182.42	-95.029	44.949	188.78	-126.4	14.736
297.26	-1.2569	2.8588	257.9	2.026	6.583	274.52	-6.1999	31.898	267.74	-66.288	58.305	183.9	-94.824	44.588	190.16	-126.26	14.452
298.41	-1.7572	1.672	259.57	2.0001	5.9879	276.19	-6.2957	31.341	269.19	-66.287	57.859	185.31	-94.611	44.234	191.41	-126.18	14.097
299.99	-1.9603	1.0786	261.14	1.7698	5.5536	277.68	-6.4098	30.819	270.59	-66.297	57.45	186.62	-94.399	43.817	192.72	-126.01	13.887
301.48	-2.0763	0.53493	262.6	1.7135	4.7949	279.15	-6.4004	30.246	271.9	-66.242	56.971	187.87	-94.203	43.394	193.62	-125.5	13.473
302.79	-2.1553	-0.11845	263.94	1.632	3.9545	280.44	-6.4441	29.531	273.1	-66.165	56.422	189.06	-93.981	42.974	194.7	-125.4	13.072
304.52	-1.9367	-0.18405	265.12	1.6484	3.3201	281.64	-6.3917	28.886	274.24	-66.069	55.89	190.15	-93.783	42.54	195.74	-125.28	12.673
305.63	-1.8771	-0.83348	266.17	1.6195	2.8073	282.71	-6.3479	28.173	275.31	-65.917	55.316	191.17	-93.596	42.085	196.73	-125.08	12.267
306.02	-2.0917	-2.2633	267.11	1.7117	1.7978	283.67	-6.1857	27.437	276.33	-65.734	54.741	192.13	-93.392	41.635	197.84	-125.47	11.922
307.37	-1.6005	-2.3695	267.89	1.7565	1.1297	284.49	-6.0164	26.69	277.23	-65.508	54.076	193.03	-93.22	41.14	198.29	-124.94	11.399
308.09	-1.3748	-3.178	268.56	1.9434	0.33111	285.23	-5.775	25.893	278.07	-65.248	53.362	193.85	-93.047	40.646	199.12	-124.74	11.037
308.65	-1.1233	-4.0633	269.11	1.9946	-0.31845	285.85	-5.5187	24.992	278.88	-64.942	52.669	194.63	-92.847	40.188	199.77	-124.61	10.549
309.15	-0.80435	-4.9588	269.55	2.2618	-1.2659	286.36	-5.237	24.175	279.56	-64.616	51.873	195.29	-92.691	39.648	200.67	-124.94	10.185
309.54	-0.5288	-5.9692	269.93	2.5194	-2.1899	286.83	-4.9053	23.242	280.2	-64.238	51.132	195.92	-92.489	39.112	200.95	-124.32	9.6367
309.83	-0.2544	-7.0148	270.2	2.7346	-3.0224	287.16	-4.6074	22.259	280.78	-63.849	50.327	196.49	-92.287	38.547	201.45	-124.14	9.0721
309.55	-0.26837	-8.8378	270.39	2.9621	-3.8028	287.86	-3.8839	21.684	281.28	-63.468	49.533	196.96	-92.082	37.929	202.16	-124.48	8.6318
310.56	0.41127	-8.7748	270.57	3.3379	-4.3122	288.42	-3.1823	21.666	281.75	-63.194	48.692	197.39	-91.835	37.313	202.18	-123.88	7.9002
310.62	0.7131	-9.452	270.74	3.6433	-4.4036	288.71	-2.8974	21.662	282.17	-63.1	47.937	197.75	-91.576	36.664	202.57	-123.66	7.4822
310.17	0.5523	-10.863	270.93	3.9769	-4.7265	288.91	-2.6103	21.588	282.49	-63.062	47.284	198.04	-91.411	36.075	202.84	-123.49	6.7847
311.3	1.3226	-10.179	271.08	4.2179	-4.9676	289.11	-2.3746	21.623	282.83	-63.054	46.706	198.31	-91.361	35.552	203.04	-123.35	6.1283
310.93	1.0204	-11.561	271.21	4.4598	-5.1199	289.32	-2.0893	21.573	283.15	-62.991	46.19	198.57	-91.29	35.093	203.27	-123.2	5.5406
310.95	0.83414	-12.245	271.35	4.5954	-5.2599	289.45	-1.901	21.572	283.31	-62.889	45.793	198.77	-91.136	34.633	203.31	-123.04	5.1243
311.23	0.972	-12.461	271.53	4.7009	-5.5748	289.65	-1.9528	21.537	283.39	-62.824	45.498	198.85	-90.892	34.233	203.4	-122.9	4.7722
312.37	1.6305	-11.296	271.62	4.8806	-5.5485	289.8	-1.8794	21.557	283.39	-62.702	45.391	198.84	-90.667	33.958	203.47	-122.71	4.5499
311.84	1.2904	-12.206	271.75	4.97	-5.6202	289.98	-1.7405	21.578	283.36	-62.585	45.356	198.79	-90.487	33.718	203.53	-122.6	4.3024
311.98	1.3769	-12.2	271.85	5.0664	-5.7042	290.13	-1.5935	21.569	283.31	-62.42	45.337	198.77	-90.322	33.518	203.54	-122.48	4.1619
312.82	1.9077	-11.375	271.95	5.1547	-5.8563	290.26	-1.4636	21.568	283.28	-62.224	45.346	198.77	-90.144	33.379	203.57	-122.36	4.0952
312.26	1.6315	-12.258	272	5.2669	-5.8771	290.35	-1.3584	21.601	283.24	-62.027	45.354	198.75	-89.955	33.261	203.57	-122.18	4.0595
312.38	1.7409	-12.284	272.03	5.4512	-6.0689	290.42	-1.2473	21.624	283.21	-61.82	45.339	198.71	-89.745	33.132	203.59	-122.06	4.0953
312.5	1.8918	-12.288	272.03	5.5319	-6.0522	290.47	-1.1148	21.645	283.18	-61.599	45.305	198.67	-89.537	33.012	203.58	-121.91	4.119
312.6	2.0238	-12.429	272.01	5.711	-6.2606	290.54	-0.90875	21.661	283.17	-61.377	45.29	198.63	-89.343	32.912	203.9	-122.25	4.1389
312.63	2.0946	-12.608	272	5.8717	-6.3916	290.57	-0.74267	21.62	283.15	-61.184	45.265	198.61	-89.147	32.812	203.63	-121.68	3.9585
312.69	2.1889	-12.695	271.98	5.9739	-6.5085	290.59	-0.57001	21.574	283.09	-61.002	45.208	198.59	-88.947	32.703	203.63	-121.52	3.9296
313.47	2.6897	-11.89	271.91	6.0899	-6.5875	290.58	-0.42987	21.548	283.03	-60.813	45.146	198.57	-88.755	32.592	203.9	-121.85	4.0452
313.56	2.7974	-12.078	271.83	6.2146	-6.6731	290.58	-0.29932	21.546	282.96	-60.624	45.046	198.53	-88.57	32.503	203.56	-121.31	3.8612
313.61	2.8323	-12.206	271.74	6.3653	-7.0648	290.59	-0.15331	21.583	282.9	-60.439	45.042	198.47	-88.363	32.43	203.52	-121.18	3.8258
313.69	2.9993	-12.137	271.71	6.392	-7.5635	290.57	-0.0088278	21.603	282.82	-60.249	45.024	198.41	-88.189	32.377	203.49	-121.09	3.8839
314.49	3.7007	-11.208	271.58	6.244	-8.3662	290.51	0.15696	21.646	282.71	-60.014	44.987	198.36	-88.011	32.337	203.48	-121	4.019
314.65	3.7924	-11.394	271.4	6.1438	-9.1486	290.47	0.30353	21.662	282.59	-59.726	44.958	198.3	-87.825	32.27	203.4	-120.96	4.088
314.83	3.7509	-11.658	271.27	6.2139	-9.3525	290.39	0.4144	21.665	282.45	-59.51	44.828	198.24	-87.561	32.152	203.37	-120.9	4.2071
314.06	2.7272	-13.168	271.18	6.2829	-9.4636	290.36	0.44545	21.651	282.35	-59.327	44.736	198.12	-87.323	32.101	203.27	-120.89	4.1888
314.21	2.5373	-13.787	271.04	6.2344	-9.8054	290.29	0.48754	21.64	282.22	-59.082	44.663	197.99	-87.215	32.083	203.17	-120.85	4.2882
314.27	2.4415	-14.108	270.72	6.1447	-10.395	290.15	0.59201	21.627	282.16	-58.787	44.474	197.89	-87.187	32.08	203.07	-120.82	4.3848
314.45	2.1864	-14.619	270.29	6.1935	-11.357	290	0.67507	21.647	281.99	-58.52	44.245	197.81	-87.079	32.056	202.96	-120.76	4.5065
315.98	3.1112	-13.293	269.83	6.1684	-11.695	289.89	0.68605	21.645	281.82	-58.19	44.057	197.69	-86.884	32.016	202.82	-120.68	4.7007
315.05	1.9107	-15.2	269.11	6.1022	-12.626	289.9	0.75522	21.673	281.68	-57.888	43.887	197.52	-86.677	31.974	202.7	-120.66	4.8599
315.36	1.8649	-15.028	268.53	6.0976	-12.641	289.84	0.75729	21.66	281.46	-57.824	43.747	197.26	-86.545	31.944	202.5	-120.67	4.8939
315.97	1.5078	-14.86	268.02	6.2053	-12.744	289.81	0.73044	21.647	281.15	-57.809	43.75	196.98	-86.502	31.941	202.21	-120.66	4.9042
315.97	1.5078	-14.86	267.52	6.1901	-12.464	289.8	0.72194	21.651	280.9	-57.791	43.846	196.7	-86.524	32.014	201.98	-120.64	4.9886
317.62	0.24144	-14.281	266.86	6.267	-12.571	289.8	0.72549	21.655	280.51	-57.817	43.889	196.42	-86.55	32.133	201.7	-120.65	5.1871
318.52	-0.4205	-13.845	266.14	6.2146	-12.398	289.8	0.72312	21.65	280.2	-57.815	44.007	196.04	-86.552	32.227	201.27	-120.76	5.3414
319.38	-1.1076	-13.269	265.42	6.2577	-12.211	289.8	0.72442	21.653	279.9	-57.923	44.116	195.62	-86.563	32.433	200.9	-120.78	5.6089
320.31	-1.7902	-12.438	264.71	6.2223	-11.92	289.8	0.73019	21.651	279.5	-58.133	44.234	195.15	-86.583	32.579	200.5	-120.86	5.9125
321.12	-2.5672	-11.574	264.02	6.292	-11.382	289.79	0.73057	21.649	279.11	-58.384	44.416	194.69	-86.752	32.822	200.01	-121.04	5.9755
321.85	-3.3347	-10.701	263.33	6.3802	-10.702	289.79	0.73647	21.651	278.7	-58.695	44.613	194.23	-87.037	33.063	199.56	-121.17	6.1223
322.42	-4.2247	-9.8799	262.67	6.3518	-9.9198	289.79	0.73763	21.663	278.22	-59.083	44.801	193.74	-87.321	33.304	198.94	-121.4	6.2695
322.9	-5.1843	-9.0857	261.91	6.3222	-9.3988	289.8	0.73505	21.656	277.71	-59.513	45.031	193.16	-87.627	33.573	198.36	-121.58	6.5892
323.3	-6.1813	-8.3028	261.06	6.2747	-8.8451	289.8	0.74337	21.66	277.16	-60.012	45.224	192.49	-87.911	33.868	197.65	-121.89	6.7271
323.62	-7.2134	-7.4556	260.1	6.01	-7.8253	289.79	0.74242	21.657	276.52	-60.554	45.414	191.73	-88.274	34.169	196.84	-122.19	6.9228
323.92	-8.3702	-6.641	259.05	5.9096	-7.3045	289.8	0.74337	21.66	275.81	-61.133	45.575	190.91	-88.704	34.496	196.08	-122.47	7.1456
324.09	-9.5487	-5.8025	257.98	5.6679	-6.6302	289.8	0.74673	21.664	275.03	-61.742	45.818	190.03	-89.14	34.789	195.19	-122.77	7.3771
324.18	-10.864	-4.9888	256.83	5.511	-6.1643	289.81	0.74206	21.667	274.13	-62.403	46.068	189.06	-89.6	35.053	194.22	-123.14	7.5794
324.16	-12.206	-4.0884	255.65	5.2299	-5.407	289.81	0.74075	21.666	273.11	-63.153	46.316	187.99	-90.038	35.3	193.1	-123.55	7.7108
324.05	-13.604	-3.1892	254.41	4.8991	-4.6948	289.82	0.73481	21.654	272.02	-63.897	46.677	186.8	-90.526	35.623	191.94	-124	7.8798
323.81	-15.021	-2.1897	253.15	4.6225	-4.0184	289.82	0.72369	21.66	270.83	-64.69	47.058	185.52	-91.005	35.888	190.64	-124.4	7.993
323.39	-16.453	-1.2415	251.86	4.176	-3.1654	289.82	0.72353	21.662	269.57	-65.545	47.466	184.15	-91.514	36.239	189.36	-124.8	8.3426
322.77	-17.828	-0.33824	250.59	3.7383	-2.4379	289.82	0.72311	21.663	268.2	-66.431	47.91	182.7	-92.052	36.572	187.91	-125.26	8.4776
321.85	-19.148	0.42088	249.26	3.2361	-1.6753	289.82	0.72426	21.664	266.77	-67.35	48.356	181.16	-92.615	36.955	186.43	-125.69	8.7696
320.76	-20.36	1.1629	248.19	2.9177	-0.16646	289.82	0.72091	21.659	265.4	-68.098	49.185	179.55	-93.211	37.415	184.79	-126.15	9.0562
319.41	-21.557	1.8492	246.82	2.298	0.99408	289.82	0.7119	21.654	263.82	-69.086	49.73	177.83	-93.817	37.907	183.11	-126.55	9.3847
317.91	-22.738	2.4869	245.38	1.6959	2.0092	289.82	0.72205	21.662	262.08	-70.164	50.216	175.97	-94.452	38.44	181.27	-126.99	9.7923
316.2	-23.949	3.0759	243.82	1.1072	3.1766	289.81	0.71791	21.654	260.3	-71.272	50.738	174	-95.082	38.985	179.31	-127.44	10.052
314.45	-25.091	3.7429	242.17	0.4317	4.4041	289.81	0.71546	21.651	258.34	-72.458	51.279	171.92	-95.746	39.537	177.18	-127.92	10.43
312.49	-26.221	4.4098	240.43	-0.22842	5.7303	289.81	0.71563	21.662	256.32	-73.659	51.84	169.73	-96.434	40.165	174.99	-128.4	10.692
310.37	-27.264	5.068	238.66	-0.89386	7.1854	289.8	0.72084	21.662	254.16	-74.865	52.379	167.44	-97.166	40.768	172.69	-128.8	11.079
308.06	-28.226	5.6952	236.74	-1.5554	8.6488	289.8	0.72119	21.662	251.88	-76.046	52.964	165.01	-97.899	41.394	170.33	-129.24	11.418
305.49	-29.044	6.292	234.65	-2.2221	10.084	289.8	0.7315	21.653	249.47	-77.165	53.579	162.48	-98.648	42.067	167.82	-129.69	11.771
302.82	-29.601	7.0929	232.47	-2.8094	11.395	289.79	0.72915	21.66	246.91	-78.265	54.139	159.84	-99.381	42.71	165.15	-130.15	12.17
299.88	-30.056	7.7037	230.18	-3.5049	12.965	289.79	0.72873	21.663	244.22	-79.308	54.778	157.07	-100.13	43.35	162.43	-130.57	12.46
296.73	-30.361	8.3213	227.77	-3.9906	14.221	289.79	0.73147	21.663	241.4	-80.246	55.369	154.2	-100.89	43.973	159.65	-131.04	12.786
293.33	-30.53	8.97	225.24	-4.5093	15.615	289.79	0.72883	21.661	238.47	-81.082	55.994	151.21	-101.61	44.565	156.71	-131.43	13.129
289.76	-30.476	9.612	222.49	-4.9838	16.889	289.8	0.73706	21.66	235.39	-81.809	56.661	148.15	-102.31	45.141	153.83	-131.94	13.493
286.03	-30.219	10.392	219.57	-5.2984	18.155	289.81	0.73967	21.663	232.14	-82.459	57.224	144.98	-103.02	45.666	150.83	-132.27	13.918
282.13	-29.815	11.165	216.43	-5.5109	19.357	289.81	0.74202	21.668	228.81	-82.936	57.891	141.75	-103.74	46.203	147.77	-132.75	14.156
278.08	-29.305	11.996	213.15	-5.6831	20.496	289.81	0.7418	21.668	225.29	-83.365	58.558	138.4	-104.47	46.688	144.61	-133.15	14.469
273.85	-28.759	12.713	209.67	-5.8271	21.464	289.81	0.72973	21.66	221.7	-83.71	59.16	134.99	-105.12	47.155	141.4	-133.54	14.811
269.5	-28.157	13.44	206.06	-5.9454	22.342	289.82	0.72542	21.663	217.97	-83.956	59.821	131.45	-105.72	47.603	138.06	-133.87	15.168
265.03	-27.503	14.24	202.27	-6.0305	23.009	289.81	0.72047	21.658	214.13	-84.151	60.405	127.79	-106.3	48.037	134.63	-134.23	15.517
260.39	-26.773	14.984	198.41	-6.1353	23.566	289.82	0.72266	21.662	210.21	-84.293	61.053	124.02	-106.84	48.48	131.08	-134.63	15.935
255.56	-26.032	15.659	194.47	-6.2084	24.1	289.82	0.72762	21.654	206.12	-84.467	61.579	120.19	-107.39	48.896	127.48	-134.98	16.208
250.75	-25.253	16.577	190.4	-6.2761	24.468	289.82	0.71191	21.654	201.91	-84.633	62.203	116.81	-107.63	49.754	124.48	-135.18	17.047
245.69	-24.503	17.188	186.27	-6.4192	25.007	289.81	0.71792	21.654	197.74	-84.793	62.762	112.83	-108.21	50.112	120.56	-135.29	17.17
240.47	-23.67	17.751	182.08	-6.4763	25.298	289.81	0.72047	21.658	193.47	-84.925	63.192	108.8	-108.8	50.515	116.74	-135.59	17.443
235.07	-22.623	18.351	177.84	-6.5732	25.723	289.81	0.7156	21.65	189.16	-85.041	63.598	104.7	-109.37	50.897	112.81	-135.91	17.702
229.28	-21.582	18.685	173.52	-6.6271	26.131	289.81	0.71828	21.653	184.8	-85.087	64.008	100.54	-109.94	51.233	109.06	-136.37	18.023
218.57	-16.687	20.605	169.09	-6.73	26.588	223.32	-20.417	19.083	180.38	-85.095	64.291	96.301	-110.55	51.592	104.94	-136.66	18.151
212.2	-15.738	20.984	164.56	-6.7395	26.861	217.04	-19.257	19.306	175.94	-85.093	64.607	92.064	-111.12	51.896	100.72	-136.8	18.149
205.62	-14.585	21.259	159.93	-6.808	27.103	210.64	-17.949	19.581	171.41	-84.972	64.904	87.787	-111.66	52.179	96.769	-137.24	18.336
198.89	-13.476	21.508	155.25	-6.8215	27.274	203.95	-16.633	19.675	166.88	-84.792	65.134	83.466	-112.18	52.425	92.502	-137.37	18.558
289.8	0.73021	21.663	150.43	-6.7809	27.335	NaN	NaN	NaN	162.3	-84.523	65.356	79.09	-112.7	52.678	88.405	-137.75	18.676
289.8	0.73246	21.652	145.5	-6.6923	27.325	NaN	NaN	NaN	157.68	-84.22	65.485	74.229	-113.51	52.529	83.688	-138.16	18.359
289.8	0.73427	21.654	140.5	-6.5891	27.284	182.9	-12.534	19.718	153.03	-83.802	65.635	69.857	-114.01	52.77	79.442	-138.38	18.417
289.79	0.72654	21.659	135.31	-6.3967	27.267	NaN	NaN	NaN	148.36	-83.301	65.746	65.44	-114.45	52.882	75.317	-138.72	18.501
289.8	0.7371	21.66	130.01	-6.1026	27.099	168.95	-9.243	20.245	143.67	-82.682	65.75	61.06	-114.92	53.068	70.978	-138.89	18.585
289.8	0.73722	21.66	124.52	-5.7683	26.882	NaN	NaN	NaN	138.68	-82.249	65.363	56.668	-115.35	53.208	66.82	-139.2	18.542
289.81	0.74175	21.666	118.95	-5.3897	26.711	NaN	NaN	NaN	133.91	-81.483	65.276	52.262	-115.76	53.268	62.499	-139.31	18.637
289.81	0.7303	21.659	113.28	-4.936	26.553	NaN	NaN	NaN	129.16	-80.655	65.177	47.912	-116.17	53.286	58.334	-139.63	18.578
289.81	0.73249	21.664	107.58	-4.4205	26.154	NaN	NaN	NaN	124.37	-79.755	64.913	43.538	-116.59	53.295	54.116	-139.87	18.495
289.81	0.73196	21.665	101.78	-4.0009	25.831	NaN	NaN	NaN	119.62	-78.819	64.634	39.218	-116.96	53.314	49.881	-140.02	18.403
289.82	0.72361	21.661	95.977	-3.4905	25.283	NaN	NaN	NaN	114.86	-77.804	64.367	34.913	-117.31	53.195	45.75	-140.3	18.275
289.82	0.72386	21.661	89.936	-2.9158	24.811	NaN	NaN	NaN	110.08	-76.74	63.97	30.654	-117.64	53.126	41.719	-140.47	18.132
289.81	0.71919	21.655	83.672	-2.2512	24.13	NaN	NaN	NaN	105.3	-75.699	63.617	26.443	-117.97	52.984	37.645	-140.77	17.864
289.82	0.72213	21.66	77.529	-1.5931	23.52	NaN	NaN	NaN	100.49	-74.532	63.191	22.283	-118.27	52.871	33.672	-140.85	17.743
289.82	0.72357	21.661	71.423	-0.99947	22.918	NaN	NaN	NaN	95.803	-73.385	62.766	18.174	-118.57	52.655	29.793	-141.08	17.582
289.81	0.71898	21.655	65.435	-0.37964	22.062	NaN	NaN	NaN	91.12	-72.177	62.303	14.137	-118.81	52.459	25.984	-141.32	17.403
289.81	0.72048	21.658	59.498	0.10432	21.186	NaN	NaN	NaN	86.484	-71.026	61.802	10.145	-119.04	52.204	22.274	-141.57	17.212
289.81	0.7256	21.655	53.269	1.0051	21.051	78.536	3.5965	10.969	81.942	-69.915	61.361	6.269	-119.21	51.942	18.653	-141.72	17.027
289.81	0.71798	21.653	47.109	1.7631	21.58	72.75	4.3289	9.9218	77.475	-68.828	60.827	2.4658	-119.41	51.621	15.1	-141.88	16.722
289.8	0.72349	21.651	41.617	2.1461	20.683	67.255	5.0188	9.1056	73.095	-67.795	60.366	-1.1866	-119.6	51.32	11.644	-141.96	16.471
289.8	0.72334	21.662	36.301	2.5131	19.783	61.847	5.6014	8.1643	68.863	-66.8	59.792	-4.752	-119.78	50.95	8.3373	-142.15	16.16
289.8	0.73	21.652	31.205	2.8769	19.029	56.698	6.1249	7.3006	64.754	-65.918	59.297	-8.2416	-119.91	50.579	5.0856	-142.22	15.781
289.8	0.734	21.655	26.313	3.1532	18.216	51.765	6.6143	6.4579	60.799	-65.091	58.747	-11.598	-120.03	50.212	1.8786	-142.36	15.478
289.8	0.73269	21.653	21.657	3.3541	17.373	47.058	6.9774	5.6091	56.984	-64.358	58.178	-14.874	-120.17	49.845	-1.1921	-142.42	15.108
289.8	0.7351	21.657	17.262	3.5325	16.569	42.589	7.312	4.7944	53.324	-63.699	57.598	-18.021	-120.28	49.436	-4.1859	-142.53	14.603
289.8	0.73507	21.656	13.103	3.7286	15.857	38.44	7.6255	4.0623	49.806	-63.151	57.016	-21.064	-120.37	48.973	-7.0077	-142.61	14.316
289.8	0.73727	21.66	9.179	3.8342	15.091	34.417	7.8363	3.2425	46.509	-62.617	56.485	-23.962	-120.5	48.604	-9.7982	-142.72	13.857
289.8	0.73707	21.66	5.4659	3.8873	14.299	30.697	8.0561	2.5955	43.351	-62.166	55.955	-26.748	-120.6	48.176	-12.405	-142.77	13.457
289.8	0.73737	21.66	1.9788	3.9899	13.65	27.165	8.2154	1.8783	40.357	-61.763	55.404	-29.392	-120.71	47.735	-14.864	-142.86	13.027
289.81	0.7325	21.664	-1.3282	4.0618	13.02	23.878	8.3429	1.19	37.503	-61.424	54.847	-31.853	-120.79	47.327	-17.238	-142.93	12.562
289.81	0.7325	21.664	-4.4129	4.0419	12.242	20.76	8.4221	0.49721	34.872	-61.062	54.378	-34.217	-120.9	46.86	-19.436	-142.98	12.124
289.81	0.73003	21.66	-7.2633	4.0823	11.585	17.872	8.4726	-0.16577	32.331	-60.743	53.9	-36.428	-120.99	46.399	-21.471	-143.11	11.749
289.82	0.72251	21.659	-9.9016	4.1054	10.913	15.261	8.5199	-0.7686	29.956	-60.465	53.431	-38.469	-121.06	46.022	-23.414	-143.22	11.353
289.82	0.72296	21.66	-12.377	4.0676	10.17	12.771	8.4687	-1.5379	27.746	-60.191	52.963	-40.443	-121.15	45.567	-25.251	-143.29	10.873
289.82	0.72603	21.664	-14.621	4.0221	9.4167	10.579	8.4653	-2.0952	25.689	-59.986	52.555	-42.266	-121.21	45.134	-26.925	-143.37	10.596
289.81	0.72032	21.657	-16.661	4.03	8.832	8.5692	8.3938	-2.7084	23.798	-59.81	52.143	-43.96	-121.26	44.65	-28.47	-143.47	10.062
289.82	0.72371	21.661	-18.521	3.9475	8.0477	6.7394	8.2992	-3.3444	22.017	-59.642	51.73	-45.543	-121.3	44.217	-29.944	-143.59	9.7097
289.82	0.72251	21.659	-20.204	3.8567	7.3125	5.1187	8.1589	-3.9559	20.358	-59.549	51.329	-47.043	-121.36	43.69	-31.263	-143.65	9.2682
289.82	0.7228	21.659	-21.662	3.8207	6.6564	3.6473	8.0397	-4.5601	18.804	-59.427	50.934	-48.434	-121.39	43.145	-32.49	-143.76	8.7693
289.81	0.72018	21.658	-22.984	3.6944	5.8338	2.4165	7.8908	-5.1743	17.371	-59.365	50.517	-49.788	-121.42	42.58	-33.691	-143.83	8.2743
289.82	0.72267	21.659	-24.236	3.6125	5.0149	1.243	7.691	-5.8665	15.996	-59.333	50.113	-50.987	-121.42	42.046	-34.686	-143.97	7.8515
289.81	0.72566	21.654	-25.283	3.4806	4.2049	0.24107	7.5279	-6.5148	14.724	-59.309	49.653	-52.208	-121.45	41.4	-35.685	-144.09	7.3063
289.81	0.72752	21.657	-26.249	3.3566	3.326	-0.6179	7.3523	-7.1754	13.531	-59.277	49.209	-53.288	-121.43	40.759	-36.554	-144.21	6.7784
289.81	0.728	21.656	-27.111	3.2355	2.4236	-1.3857	7.1808	-7.8913	12.423	-59.256	48.752	-54.325	-121.43	40.1	-37.401	-144.3	6.2068
289.81	0.72974	21.66	-27.89	3.1485	1.5819	-2.0932	6.9636	-8.6225	11.397	-59.236	48.234	-55.283	-121.45	39.432	-38.163	-144.42	5.5856
289.8	0.73462	21.657	-28.537	3.0482	0.72485	-2.7183	6.7935	-9.3802	10.471	-59.286	47.666	-56.139	-121.44	38.693	-38.874	-144.5	5.0358
289.8	0.73647	21.658	-29.15	2.9074	-0.21407	-3.2994	6.6045	-10.176	9.6251	-59.287	47.101	-56.914	-121.44	37.934	-39.575	-144.63	4.3919
289.81	0.73031	21.659	-29.698	2.8391	-1.0807	-3.8363	6.443	-10.997	8.8815	-59.343	46.404	-57.643	-121.45	37.165	-40.144	-144.77	3.6482
289.81	0.73	21.659	-30.28	2.7148	-2.0675	-4.2945	6.2697	-11.85	8.2199	-59.356	45.69	-58.288	-121.48	36.323	-40.7	-144.8	2.9585
289.8	0.73478	21.657	-30.718	2.6119	-3.0061	-4.7195	6.0787	-12.731	7.632	-59.42	44.963	-58.869	-121.5	35.536	-41.196	-144.9	2.2373
289.81	0.72759	21.656	-31.103	2.5204	-3.8988	-5.0417	5.89	-13.612	7.072	-59.454	44.26	-59.356	-121.5	34.725	-41.663	-145.02	1.3816
289.81	0.73003	21.66	-31.451	2.4058	-4.7923	-5.2399	5.7452	-14.359	6.5149	-59.493	43.597	-59.794	-121.5	33.925	-42.01	-145.09	0.71144
289.81	0.72536	21.654	-31.724	2.3147	-5.5924	-5.4191	5.5918	-15.054	6.004	-59.545	43.033	-60.265	-121.5	33.167	-42.328	-145.18	-0.012905
289.8	0.72664	21.654	-31.951	2.1713	-6.4797	-5.5477	5.4336	-15.664	5.4909	-59.565	42.606	-60.691	-121.44	32.395	-42.569	-145.25	-0.65046
289.8	0.7219	21.649	-32.099	2.181	-6.9094	-5.6384	5.3181	-16.108	4.93	-59.547	42.304	-61.081	-121.42	31.787	-42.748	-145.26	-1.1941
289.8	0.7171	21.655	-32.211	2.2221	-7.1783	-5.6974	5.2318	-16.519	4.3674	-59.589	42.093	-61.493	-121.37	31.166	-43.003	-145.33	-1.6181
289.8	0.71681	21.655	-32.283	2.1433	-7.6877	-5.7445	5.1569	-16.716	3.8009	-59.531	42.079	-61.905	-121.31	30.695	-43.218	-145.14	-2.0066
289.8	0.7171	21.655	-32.32	2.1819	-7.8632	-5.7979	5.082	-16.838	3.2585	-59.524	42.122	-62.323	-121.25	30.352	-43.321	-145.14	-2.1714
289.8	0.71805	21.656	-32.126	0.32833	-12.779	-5.8527	5.0478	-16.874	2.6882	-59.422	42.257	-62.751	-121.18	30.073	-43.42	-145.32	-2.2608
289.8	0.70864	21.65	-32.253	0.331	-12.924	-5.9337	5.0437	-16.862	2.2298	-59.336	42.485	-63.186	-121.08	29.901	-43.562	-145.35	-2.1435
289.79	0.71462	21.65	-32.447	0.35638	-13.016	-6.0539	5.0559	-16.703	1.7251	-59.181	42.69	-63.594	-120.99	29.785	-43.738	-145.33	-1.9945
289.79	0.71625	21.652	-32.606	0.40253	-13.056	-6.218	5.1237	-16.577	1.2407	-59.039	42.917	-63.969	-120.87	29.699	-43.908	-145.33	-1.9004
289.8	0.71833	21.655	-32.83	0.47584	-13.121	-6.4204	5.227	-16.484	0.79529	-58.851	43.122	-64.298	-120.76	29.645	-44.036	-145.27	-1.8193
289.79	0.71466	21.65	-33.106	0.54273	-13.263	-6.733	5.3258	-16.477	0.34851	-58.619	43.291	-64.593	-120.63	29.574	-44.237	-145.13	-1.7038
289.79	0.71521	21.65	-33.348	0.61962	-13.362	-6.9308	5.4403	-16.523	-0.045339	-58.401	43.409	-64.891	-120.5	29.477	-44.349	-145.12	-1.6151
289.8	0.73397	21.654	-33.611	0.70463	-13.645	-7.1542	5.5592	-16.678	-0.48548	-58.094	43.475	-65.155	-120.35	29.397	-44.484	-145.1	-1.5231
289.79	0.73028	21.65	-33.851	0.77284	-13.991	-7.3851	5.6793	-16.892	-0.89841	-57.782	43.413	-65.396	-120.2	29.271	-44.58	-145.04	-1.4641
289.79	0.73888	21.651	-33.986	0.85926	-14.244	-7.5402	5.8212	-17.147	-1.2169	-57.453	43.402	-65.637	-120.03	29.104	-44.662	-144.97	-1.4037
289.8	0.73413	21.654	-34.149	1.0044	-14.388	-7.6284	5.9616	-17.378	-1.553	-57.111	43.27	-65.862	-119.85	28.957	-44.699	-144.89	-1.3503
289.8	0.74682	21.651	-34.221	1.1323	-14.447	-7.6658	6.0896	-17.566	-1.7453	-56.888	43.202	-66.061	-119.68	28.83	-44.768	-144.82	-1.3412
289.8	0.74616	21.647	-34.279	1.2322	-14.488	-7.7149	6.1882	-17.537	-1.8915	-56.721	43.211	-66.218	-119.53	28.713	-44.798	-144.76	-1.3159
289.8	0.73909	21.646	-34.283	1.3049	-14.491	-7.7018	6.2317	-17.537	-2.0156	-56.628	43.222	-66.357	-119.43	28.632	-44.819	-144.7	-1.3098
289.8	0.74757	21.649	-34.292	1.366	-14.485	-7.6977	6.2649	-17.546	-2.1105	-56.556	43.249	-66.408	-119.36	28.565	-44.872	-144.63	-1.3205
