139.51	0.42954	20.227	-34.95	-6.0346	-14.274	-8.175	-1.5557	-17.693	-5.3485	-64.321	41.872	-71.921	-125.83	26.881	-51.182	-152.73	-2.2937
139.51	0.42843	20.224	-34.952	-6.0413	-14.286	-8.1814	-1.5588	-17.7	-5.3523	-64.311	41.863	-71.92	-125.83	26.879	-51.189	-152.72	-2.2934
139.52	0.42503	20.229	-34.95	-6.034	-14.274	-8.1811	-1.5603	-17.687	-5.3631	-64.319	41.881	-71.926	-125.82	26.882	-51.184	-152.72	-2.2882
139.51	0.42954	20.227	-34.951	-6.0296	-14.261	-8.1814	-1.5588	-17.7	-5.3601	-64.315	41.87	-71.935	-125.82	26.887	-51.191	-152.71	-2.29
139.51	0.42302	20.224	-34.951	-6.0356	-14.274	-8.175	-1.5557	-17.693	-5.3559	-64.312	41.874	-71.93	-125.82	26.878	-51.19	-152.72	-2.2806
139.52	0.42699	20.232	-34.952	-6.0363	-14.273	-8.1824	-1.5589	-17.7	-5.3646	-64.306	41.873	-71.931	-125.82	26.879	-51.207	-152.71	-2.2713
139.51	0.43038	20.228	-34.953	-6.0369	-14.273	-8.1737	-1.5571	-17.68	-5.3613	-64.316	41.869	-71.929	-125.82	26.88	-51.194	-152.71	-2.28
139.52	0.42401	20.227	-34.952	-6.0303	-14.261	-8.1814	-1.5588	-17.7	-5.3646	-64.306	41.873	-71.93	-125.82	26.891	-51.204	-152.71	-2.2689
139.52	0.42416	20.227	-34.951	-6.0296	-14.261	-8.1768	-1.544	-17.688	-5.3618	-64.315	41.856	-71.935	-125.81	26.881	-51.193	-152.71	-2.2773
139.51	0.42034	20.224	-34.952	-6.0303	-14.261	-8.174	-1.5557	-17.693	-5.3613	-64.303	41.863	-71.934	-125.82	26.888	-51.202	-152.72	-2.2949
139.51	0.43038	20.228	-34.954	-6.0376	-14.273	-8.1863	-1.55	-17.698	-5.365	-64.302	41.86	-71.939	-125.82	26.874	-51.215	-152.7	-2.2677
139.51	0.4328	20.23	-34.95	-6.0285	-14.281	-8.1747	-1.543	-17.685	-5.3645	-64.303	41.873	-71.946	-125.82	26.887	-51.205	-152.72	-2.2699
139.51	0.43334	20.229	-34.948	-6.0262	-14.281	-8.179	-1.5432	-17.689	-5.3695	-64.293	41.863	-71.946	-125.82	26.887	-51.192	-152.72	-2.2656
139.51	0.43248	20.231	-34.954	-6.0325	-14.26	-8.178	-1.5432	-17.69	-5.3831	-64.289	41.872	-71.95	-125.81	26.887	-51.212	-152.7	-2.2778
139.51	0.43489	20.233	-34.953	-6.0369	-14.273	-8.1821	-1.5461	-17.691	-5.3906	-64.293	41.865	-71.959	-125.81	26.883	-51.2	-152.71	-2.2655
139.51	0.43256	20.23	-34.952	-6.0303	-14.261	-8.1906	-1.5502	-17.702	-5.3864	-64.29	41.87	-71.957	-125.81	26.886	-51.197	-152.71	-2.2636
139.51	0.4328	20.23	-34.96	-6.0196	-14.276	-8.19	-1.5389	-17.681	-5.3851	-64.276	41.879	-71.957	-125.79	26.891	-51.209	-152.71	-2.2654
139.51	0.43078	20.225	-34.962	-6.027	-14.288	-8.1836	-1.5359	-17.673	-5.4042	-64.276	41.882	-71.971	-125.8	26.891	-51.217	-152.7	-2.2685
139.51	0.43489	20.233	-34.963	-6.0288	-14.268	-8.1867	-1.5388	-17.676	-5.4021	-64.275	41.883	-71.971	-125.8	26.88	-51.207	-152.69	-2.2595
139.52	0.43532	20.233	-34.96	-6.0203	-14.276	-8.1878	-1.5397	-17.68	-5.4092	-64.278	41.878	-71.979	-125.81	26.888	-51.214	-152.7	-2.2631
139.52	0.43619	20.235	-34.96	-6.0203	-14.276	-8.191	-1.539	-17.68	-5.3975	-64.271	41.888	-71.973	-125.8	26.88	-51.222	-152.71	-2.2574
139.52	0.43857	20.225	-34.957	-6.0173	-14.277	-8.19	-1.5389	-17.681	-5.4148	-64.267	41.88	-71.983	-125.8	26.889	-51.224	-152.71	-2.2312
139.52	0.43374	20.233	-34.962	-6.0159	-14.263	-8.1959	-1.5302	-17.678	-5.4091	-64.267	41.898	-71.982	-125.8	26.878	-51.217	-152.72	-2.257
139.52	0.43528	20.233	-34.963	-6.0288	-14.268	-8.1785	-1.532	-17.668	-5.4107	-64.267	41.882	-71.979	-125.8	26.881	-51.214	-152.72	-2.2438
139.52	0.42503	20.229	-34.947	-6.0255	-14.282	-8.1913	-1.5375	-17.693	-5.4073	-64.263	41.886	-71.985	-125.8	26.875	-51.212	-152.71	-2.2531
139.52	0.43475	20.234	-34.962	-6.0331	-14.281	-8.191	-1.539	-17.68	-5.414	-64.267	41.879	-71.986	-125.8	26.887	-51.219	-152.7	-2.2543
139.52	0.42265	20.227	-34.963	-6.0348	-14.281	-8.1913	-1.5375	-17.693	-5.4099	-64.266	41.881	-71.982	-125.8	26.878	-51.201	-152.7	-2.2473
139.52	0.43486	20.232	-34.963	-6.0288	-14.268	-8.19	-1.5389	-17.681	-5.4078	-64.262	41.873	-71.979	-125.81	26.888	-51.216	-152.72	-2.2458
139.52	0.42608	20.23	-34.963	-6.0398	-14.294	-8.19	-1.5389	-17.681	-5.4162	-64.269	41.867	-71.979	-125.81	26.888	-51.211	-152.72	-2.2534
139.52	0.42503	20.229	-34.964	-6.0294	-14.268	-8.1908	-1.5426	-17.682	-5.4078	-64.262	41.873	-71.978	-125.81	26.887	-51.198	-152.72	-2.2498
139.52	0.42608	20.23	-34.963	-6.0398	-14.294	-8.1867	-1.5388	-17.676	-5.4054	-64.274	41.867	-71.982	-125.81	26.885	-51.211	-152.72	-2.2301
139.52	0.42678	20.232	-34.963	-6.0348	-14.281	-8.1836	-1.5359	-17.673	-5.4058	-64.275	41.865	-71.982	-125.81	26.886	-51.215	-152.72	-2.232
139.52	0.42286	20.227	-34.965	-6.0421	-14.293	-8.1992	-1.5458	-17.688	-5.4096	-64.278	41.862	-71.983	-125.81	26.871	-51.209	-152.72	-2.2315
139.52	0.42265	20.227	-34.963	-6.0341	-14.281	-8.19	-1.5389	-17.681	-5.4108	-64.265	41.87	-71.983	-125.81	26.87	-51.21	-152.72	-2.2048
139.51	0.42755	20.222	-34.965	-6.0425	-14.274	-8.1941	-1.5419	-17.682	-5.4066	-64.275	41.866	-71.988	-125.8	26.898	-51.211	-152.72	-2.2426
139.52	0.42265	20.227	-34.967	-6.0439	-14.273	-8.19	-1.5389	-17.681	-5.4229	-64.273	41.858	-71.985	-125.81	26.883	-51.211	-152.72	-2.2298
139.51	0.43092	20.227	-34.968	-6.0505	-14.286	-8.1984	-1.5421	-17.687	-5.4182	-64.27	41.875	-71.989	-125.8	26.886	-51.199	-152.71	-2.2481
139.51	0.43276	20.23	-34.967	-6.0499	-14.286	-8.191	-1.539	-17.68	-5.4274	-64.274	41.855	-71.991	-125.82	26.879	-51.204	-152.71	-2.239
139.51	0.43309	20.228	-34.963	-6.0348	-14.281	-8.1949	-1.5301	-17.678	-5.4311	-64.265	41.872	-72	-125.81	26.889	-51.216	-152.72	-2.2315
139.51	0.43523	20.232	-34.965	-6.0304	-14.268	-8.2033	-1.5333	-17.684	-5.4295	-64.264	41.874	-72.004	-125.81	26.887	-51.22	-152.71	-2.2307
139.51	0.42957	20.227	-34.979	-6.044	-14.28	-8.2033	-1.5333	-17.684	-5.4439	-64.26	41.869	-72.006	-125.81	26.873	-51.218	-152.72	-2.2331
139.51	0.43256	20.23	-34.964	-6.0354	-14.281	-8.2033	-1.5333	-17.684	-5.4392	-64.257	41.886	-72.011	-125.8	26.876	-51.226	-152.72	-2.1955
139.51	0.43259	20.23	-34.967	-6.0446	-14.273	-8.203	-1.5206	-17.676	-5.4517	-64.252	41.881	-72.013	-125.8	26.875	-51.227	-152.71	-2.1937
139.52	0.43388	20.232	-34.964	-6.0354	-14.281	-8.2023	-1.5332	-17.685	-5.4513	-64.252	41.882	-72.022	-125.8	26.872	-51.235	-152.7	-2.1945
139.51	0.43276	20.23	-34.965	-6.0372	-14.261	-8.1907	-1.5263	-17.672	-5.4454	-64.247	41.889	-72.017	-125.81	26.871	-51.216	-152.71	-2.1876
139.51	0.43048	20.226	-34.964	-6.0297	-14.268	-8.1876	-1.5234	-17.67	-5.4454	-64.247	41.889	-72.017	-125.81	26.871	-51.217	-152.73	-2.1919
139.52	0.43507	20.233	-34.965	-6.0304	-14.268	-8.1867	-1.5233	-17.67	-5.4493	-64.249	41.885	-72.017	-125.81	26.883	-51.211	-152.72	-2.1906
139.52	0.42759	20.218	-34.974	-6.0333	-14.288	-8.1921	-1.5257	-17.689	-5.4487	-64.248	41.885	-72.016	-125.81	26.881	-51.211	-152.72	-2.1766
139.52	0.42937	20.222	-34.965	-6.0361	-14.28	-8.1921	-1.5257	-17.689	-5.4487	-64.248	41.885	-72.008	-125.82	26.883	-51.202	-152.75	-2.1812
139.52	0.4237	20.229	-34.966	-6.0432	-14.273	-8.1872	-1.5346	-17.692	-5.44	-64.244	41.878	-72.008	-125.82	26.883	-51.207	-152.73	-2.1771
139.52	0.42596	20.231	-34.953	-6.0427	-14.286	-8.1802	-1.53	-17.698	-5.4351	-64.252	41.876	-72.006	-125.82	26.883	-51.191	-152.72	-2.2074
139.53	0.42824	20.236	-34.965	-6.0425	-14.274	-8.1802	-1.53	-17.698	-5.4313	-64.248	41.867	-72.001	-125.81	26.89	-51.212	-152.7	-2.2104
139.52	0.42261	20.227	-34.956	-6.0403	-14.253	-8.1802	-1.53	-17.698	-5.4281	-64.247	41.872	-72	-125.81	26.889	-51.195	-152.74	-2.1748
139.53	0.42908	20.235	-34.968	-6.0505	-14.286	-8.1802	-1.53	-17.698	-5.4367	-64.252	41.862	-72.004	-125.81	26.888	-51.187	-152.75	-2.1734
139.52	0.42503	20.229	-34.967	-6.0446	-14.273	-8.1802	-1.53	-17.698	-5.4371	-64.239	41.869	-72.011	-125.82	26.883	-51.212	-152.74	-2.1816
139.52	0.42261	20.227	-34.964	-6.0416	-14.274	-8.1798	-1.5314	-17.685	-5.4317	-64.249	41.881	-72.017	-125.81	26.886	-51.215	-152.72	-2.1748
139.52	0.42261	20.227	-34.966	-6.049	-14.286	-8.1802	-1.53	-17.698	-5.4449	-64.244	41.876	-72.019	-125.81	26.882	-51.216	-152.73	-2.1799
139.52	0.42482	20.229	-34.968	-6.0505	-14.286	-8.1924	-1.5243	-17.702	-5.4475	-64.246	41.874	-72.036	-125.81	26.89	-51.223	-152.74	-2.1835
139.51	0.42843	20.224	-34.968	-6.0448	-14.273	-8.1998	-1.5274	-17.709	-5.454	-64.238	41.887	-72.044	-125.8	26.888	-51.237	-152.73	-2.1754
139.52	0.42282	20.227	-34.967	-6.0388	-14.26	-8.1924	-1.5243	-17.702	-5.462	-64.242	41.869	-72.055	-125.81	26.891	-51.239	-152.72	-2.1718
139.51	0.43279	20.23	-34.967	-6.0499	-14.286	-8.1873	-1.5204	-17.697	-5.4694	-64.233	41.87	-72.062	-125.8	26.881	-51.235	-152.73	-2.1699
139.51	0.43041	20.229	-34.978	-6.0424	-14.281	-8.1955	-1.5117	-17.699	-5.4765	-64.227	41.883	-72.061	-125.8	26.895	-51.234	-152.73	-2.1568
139.51	0.4325	20.232	-34.964	-6.0416	-14.274	-8.1996	-1.5147	-17.701	-5.481	-64.228	41.88	-72.072	-125.8	26.885	-51.249	-152.71	-2.1588
139.51	0.43287	20.228	-34.976	-6.035	-14.269	-8.2036	-1.5164	-17.692	-5.483	-64.229	41.879	-72.071	-125.8	26.887	-51.249	-152.73	-2.1652
139.51	0.43081	20.226	-34.967	-6.0499	-14.286	-8.1965	-1.5118	-17.699	-5.4822	-64.229	41.879	-72.072	-125.79	26.892	-51.254	-152.72	-2.15
139.51	0.42842	20.224	-34.964	-6.0244	-14.255	-8.1987	-1.511	-17.7	-5.4872	-64.231	41.874	-72.073	-125.79	26.88	-51.23	-152.74	-2.1453
139.51	0.4307	20.227	-34.964	-6.0365	-14.261	-8.2016	-1.5156	-17.704	-5.4914	-64.235	41.87	-72.083	-125.8	26.896	-51.242	-152.72	-2.1443
139.52	0.43384	20.231	-34.965	-6.0372	-14.261	-8.1913	-1.5079	-17.693	-5.4864	-64.232	41.875	-72.07	-125.8	26.876	-51.258	-152.71	-2.1606
139.52	0.43486	20.232	-34.966	-6.0432	-14.273	-8.1891	-1.5086	-17.692	-5.486	-64.232	41.876	-72.074	-125.79	26.88	-51.235	-152.73	-2.1422
139.51	0.43367	20.232	-34.967	-6.0446	-14.273	-8.1955	-1.5117	-17.699	-5.4789	-64.227	41.88	-72.081	-125.8	26.885	-51.234	-152.73	-2.1438
139.52	0.42244	20.227	-34.966	-6.0432	-14.273	-8.1965	-1.5118	-17.699	-5.4822	-64.229	41.879	-72.076	-125.8	26.885	-51.25	-152.73	-2.1514
139.52	0.43384	20.231	-34.968	-6.0395	-14.26	-8.1955	-1.5117	-17.699	-5.4867	-64.22	41.882	-72.077	-125.8	26.899	-51.236	-152.73	-2.145
139.52	0.42588	20.233	-34.966	-6.0432	-14.273	-8.1916	-1.5206	-17.701	-5.4884	-64.232	41.873	-72.073	-125.79	26.903	-51.227	-152.74	-2.1559
139.52	0.42349	20.229	-34.966	-6.0432	-14.273	-8.1916	-1.5206	-17.701	-5.4944	-64.235	41.855	-72.074	-125.81	26.884	-51.235	-152.74	-2.1508
139.52	0.42369	20.229	-34.963	-6.0409	-14.274	-8.1791	-1.5136	-17.689	-5.4918	-64.222	41.877	-72.069	-125.8	26.901	-51.236	-152.74	-2.1647
139.53	0.42826	20.234	-34.953	-6.0429	-14.286	-8.1955	-1.5117	-17.699	-5.4935	-64.235	41.869	-72.067	-125.8	26.876	-51.237	-152.73	-2.1469
139.52	0.42368	20.228	-34.967	-6.0446	-14.273	-8.1934	-1.5088	-17.696	-5.5109	-64.23	41.849	-72.067	-125.8	26.879	-51.23	-152.74	-2.1585
139.52	0.4239	20.229	-34.967	-6.0388	-14.26	-8.1934	-1.5088	-17.696	-5.4983	-64.224	41.871	-72.067	-125.8	26.876	-51.239	-152.73	-2.1482
139.52	0.42731	20.231	-34.967	-6.0388	-14.26	-8.1883	-1.505	-17.691	-5.5133	-64.23	41.847	-72.071	-125.8	26.887	-51.237	-152.73	-2.16
139.52	0.42839	20.233	-34.965	-6.0423	-14.274	-8.1944	-1.4953	-17.69	-5.5174	-64.222	41.862	-72.07	-125.8	26.876	-51.237	-152.73	-2.1626
139.52	0.42579	20.231	-34.978	-6.0373	-14.268	-8.2005	-1.4993	-17.695	-5.5294	-64.216	41.859	-72.073	-125.8	26.873	-51.228	-152.74	-2.1481
139.52	0.43853	20.224	-34.966	-6.0432	-14.273	-8.2005	-1.4993	-17.695	-5.5282	-64.215	41.86	-72.074	-125.81	26.884	-51.255	-152.7	-2.1579
139.52	0.43507	20.233	-34.967	-6.0439	-14.273	-8.1951	-1.4968	-17.676	-5.5307	-64.217	41.858	-72.073	-125.8	26.873	-51.233	-152.72	-2.1681
139.51	0.43259	20.23	-34.978	-6.0424	-14.281	-8.2009	-1.4881	-17.673	-5.5349	-64.207	41.847	-72.069	-125.8	26.864	-51.218	-152.74	-2.156
139.52	0.42473	20.23	-34.974	-6.0273	-14.276	-8.2051	-1.4919	-17.679	-5.5418	-64.207	41.842	-72.072	-125.8	26.873	-51.214	-152.74	-2.1544
139.52	0.43535	20.22	-34.976	-6.0295	-14.275	-8.2166	-1.498	-17.688	-5.5385	-64.206	41.847	-72.073	-125.8	26.86	-51.23	-152.73	-2.1706
139.51	0.4295	20.226	-34.978	-6.0424	-14.281	-8.2125	-1.495	-17.686	-5.5417	-64.193	41.851	-72.066	-125.8	26.89	-51.227	-152.73	-2.1558
139.52	0.43486	20.232	-34.978	-6.0431	-14.28	-8.2135	-1.4951	-17.685	-5.5354	-64.191	41.854	-72.07	-125.8	26.886	-51.212	-152.74	-2.1652
139.52	0.43239	20.233	-34.972	-6.0199	-14.264	-8.2114	-1.4941	-17.682	-5.5342	-64.19	41.857	-72.064	-125.8	26.878	-51.243	-152.69	-2.1623
139.52	0.43387	20.232	-34.975	-6.0339	-14.288	-8.2156	-1.498	-17.688	-5.5276	-64.186	41.847	-72.063	-125.8	26.869	-51.219	-152.71	-2.1568
139.51	0.4306	20.226	-34.973	-6.0266	-14.276	-8.2166	-1.498	-17.688	-5.5246	-64.183	41.851	-72.056	-125.79	26.873	-51.202	-152.72	-2.1409
139.52	0.43837	20.239	-34.976	-6.0289	-14.275	-8.2166	-1.498	-17.688	-5.532	-64.187	41.859	-72.062	-125.8	26.881	-51.224	-152.7	-2.1565
139.51	0.43058	20.228	-34.976	-6.0406	-14.301	-8.2162	-1.4995	-17.674	-5.5358	-64.176	41.849	-72.071	-125.79	26.891	-51.194	-152.73	-2.1264
139.52	0.42863	20.233	-34.975	-6.0339	-14.288	-8.2162	-1.4995	-17.674	-5.5366	-64.188	41.841	-72.067	-125.79	26.882	-51.21	-152.7	-2.1373
139.53	0.43037	20.237	-34.977	-6.0353	-14.288	-8.2089	-1.4964	-17.668	-5.5412	-64.179	41.843	-72.063	-125.8	26.893	-51.232	-152.71	-2.1503
139.52	0.42261	20.227	-34.978	-6.0424	-14.281	-8.2163	-1.4995	-17.674	-5.5437	-64.181	41.842	-72.067	-125.8	26.879	-51.218	-152.7	-2.1411
139.52	0.42479	20.228	-34.972	-6.031	-14.289	-8.2214	-1.5034	-17.68	-5.5249	-64.181	41.851	-72.06	-125.79	26.87	-51.217	-152.7	-2.1397
139.52	0.42397	20.226	-34.976	-6.0399	-14.301	-8.2163	-1.4995	-17.674	-5.5342	-64.19	41.855	-72.062	-125.8	26.881	-51.208	-152.72	-2.1423
139.52	0.42628	20.23	-34.978	-6.0431	-14.28	-8.2089	-1.4964	-17.668	-5.5279	-64.184	41.848	-72.07	-125.8	26.876	-51.219	-152.7	-2.1398
139.52	0.42499	20.228	-34.977	-6.0417	-14.281	-8.2211	-1.5048	-17.667	-5.5262	-64.182	41.848	-72.064	-125.8	26.878	-51.221	-152.7	-2.1438
139.53	0.42806	20.234	-34.978	-6.0362	-14.287	-8.2211	-1.5048	-17.667	-5.538	-64.179	41.845	-72.067	-125.8	26.877	-51.223	-152.69	-2.1414
139.52	0.42376	20.226	-34.98	-6.0447	-14.28	-8.219	-1.5039	-17.663	-5.5345	-64.186	41.842	-72.061	-125.81	26.876	-51.189	-152.74	-2.1289
139.52	0.43425	20.231	-34.976	-6.0357	-14.268	-8.219	-1.5039	-17.663	-5.5433	-64.18	41.841	-72.061	-125.81	26.876	-51.21	-152.71	-2.1402
139.52	0.42369	20.229	-34.99	-6.0475	-14.301	-8.2291	-1.4989	-17.666	-5.542	-64.179	41.844	-72.067	-125.8	26.878	-51.204	-152.73	-2.1448
139.51	0.43146	20.23	-34.99	-6.0416	-14.288	-8.2242	-1.5078	-17.669	-5.5525	-64.175	41.84	-72.074	-125.8	26.872	-51.217	-152.71	-2.1313
139.52	0.43636	20.234	-34.99	-6.0416	-14.288	-8.2323	-1.4982	-17.667	-5.5553	-64.175	41.839	-72.081	-125.79	26.874	-51.216	-152.7	-2.1379
139.52	0.43582	20.236	-34.992	-6.0438	-14.287	-8.2282	-1.4953	-17.665	-5.5599	-64.166	41.842	-72.087	-125.8	26.88	-51.239	-152.69	-2.1449
139.52	0.4259	20.23	-34.991	-6.0372	-14.275	-8.2323	-1.4982	-17.667	-5.5601	-64.163	41.856	-72.085	-125.8	26.884	-51.228	-152.71	-2.1471
139.51	0.43489	20.233	-34.989	-6.0409	-14.288	-8.2331	-1.4864	-17.663	-5.5673	-64.156	41.844	-72.093	-125.79	26.882	-51.246	-152.7	-2.1485
139.52	0.43507	20.233	-34.988	-6.028	-14.282	-8.2292	-1.4953	-17.665	-5.5735	-64.162	41.851	-72.089	-125.79	26.885	-51.238	-152.7	-2.1332
139.52	0.43485	20.232	-34.987	-6.0271	-14.283	-8.2331	-1.4864	-17.663	-5.5818	-64.166	41.845	-72.099	-125.78	26.897	-51.243	-152.71	-2.1392
139.52	0.43404	20.231	-34.988	-6.0338	-14.295	-8.2292	-1.4953	-17.665	-5.5651	-64.153	41.845	-72.089	-125.78	26.874	-51.227	-152.72	-2.1347
139.52	0.43654	20.22	-34.988	-6.034	-14.295	-8.2334	-1.4992	-17.671	-5.5646	-64.154	41.858	-72.095	-125.79	26.881	-51.218	-152.73	-2.1315
139.51	0.43255	20.23	-34.99	-6.0365	-14.275	-8.2282	-1.4953	-17.665	-5.556	-64.15	41.851	-72.093	-125.79	26.882	-51.226	-152.71	-2.129
139.51	0.43255	20.23	-34.99	-6.0354	-14.295	-8.2334	-1.4992	-17.671	-5.5518	-64.158	41.85	-72.09	-125.79	26.885	-51.232	-152.69	-2.1268
139.52	0.43813	20.239	-34.985	-6.0258	-14.283	-8.2208	-1.4921	-17.659	-5.5556	-64.149	41.852	-72.09	-125.79	26.885	-51.224	-152.71	-2.1154
139.52	0.43076	20.223	-34.976	-6.0399	-14.301	-8.2211	-1.4907	-17.672	-5.5531	-64.159	41.849	-72.092	-125.79	26.871	-51.228	-152.71	-2.1182
139.52	0.43597	20.235	-34.985	-6.0258	-14.283	-8.2208	-1.4921	-17.659	-5.5602	-64.153	41.847	-72.092	-125.79	26.884	-51.229	-152.68	-2.1207
139.52	0.42566	20.232	-34.989	-6.0409	-14.288	-8.2282	-1.4953	-17.665	-5.5514	-64.159	41.848	-72.095	-125.79	26.907	-51.241	-152.67	-2.1219
139.52	0.43355	20.233	-34.975	-6.0339	-14.288	-8.2169	-1.501	-17.661	-5.5506	-64.157	41.836	-72.098	-125.79	26.892	-51.213	-152.74	-2.1188
139.52	0.42968	20.221	-34.989	-6.0409	-14.288	-8.2218	-1.4922	-17.658	-5.5531	-64.159	41.849	-72.097	-125.79	26.881	-51.204	-152.75	-2.1076
139.52	0.42595	20.231	-34.974	-6.0273	-14.276	-8.2294	-1.4975	-17.68	-5.5468	-64.168	41.846	-72.092	-125.79	26.884	-51.245	-152.69	-2.1148
139.52	0.424	20.227	-34.989	-6.0409	-14.288	-8.2233	-1.5041	-17.668	-5.5593	-64.162	41.844	-72.108	-125.78	26.855	-51.239	-152.72	-2.1272
139.52	0.4239	20.229	-34.986	-6.0214	-14.27	-8.2264	-1.507	-17.67	-5.5584	-64.162	41.843	-72.104	-125.8	26.888	-51.254	-152.69	-2.1212
139.52	0.42369	20.229	-35	-6.0394	-14.296	-8.2313	-1.4982	-17.667	-5.5643	-64.153	41.845	-72.111	-125.79	26.899	-51.236	-152.72	-2.1228
139.52	0.42261	20.227	-34.991	-6.0432	-14.287	-8.2313	-1.4982	-17.667	-5.5822	-64.152	41.838	-72.121	-125.78	26.899	-51.248	-152.71	-2.1135
139.51	0.42947	20.226	-35.002	-6.0417	-14.295	-8.2323	-1.4982	-17.667	-5.5809	-64.152	41.85	-72.114	-125.79	26.887	-51.257	-152.72	-2.1222
139.51	0.42066	20.223	-34.987	-6.0395	-14.289	-8.232	-1.4997	-17.654	-5.5849	-64.153	41.849	-72.127	-125.78	26.882	-51.243	-152.72	-2.1147
139.51	0.42842	20.224	-34.992	-6.0438	-14.287	-8.232	-1.4997	-17.654	-5.5898	-64.145	41.839	-72.118	-125.79	26.862	-51.253	-152.7	-2.1107
139.51	0.4308	20.226	-34.991	-6.0482	-14.3	-8.2442	-1.494	-17.658	-5.5895	-64.144	41.851	-72.123	-125.78	26.862	-51.287	-152.66	-2.1264
139.51	0.42215	20.211	-35.001	-6.035	-14.282	-8.2359	-1.4908	-17.652	-5.5957	-64.146	41.846	-72.138	-125.78	26.856	-51.256	-152.7	-2.1098
139.51	0.44265	20.234	-35.001	-6.035	-14.282	-8.2433	-1.494	-17.658	-5.6058	-64.142	41.843	-72.134	-125.79	26.881	-51.271	-152.69	-2.1146
139.51	0.43259	20.23	-34.99	-6.0416	-14.288	-8.2442	-1.494	-17.658	-5.6104	-64.146	41.84	-72.135	-125.78	26.907	-51.252	-152.71	-2.1004
139.51	0.4304	20.229	-35.003	-6.0423	-14.294	-8.2442	-1.494	-17.658	-5.604	-64.14	41.846	-72.127	-125.78	26.883	-51.256	-152.72	-2.1028
139.51	0.43271	20.232	-35.002	-6.0417	-14.295	-8.2451	-1.4977	-17.659	-5.6104	-64.146	41.84	-72.138	-125.79	26.852	-51.264	-152.7	-2.1126
139.51	0.43276	20.23	-35.003	-6.0423	-14.294	-8.2442	-1.494	-17.658	-5.6028	-64.139	41.847	-72.134	-125.78	26.855	-51.248	-152.7	-2.1054
139.51	0.43279	20.23	-35.001	-6.0401	-14.295	-8.2372	-1.4894	-17.665	-5.6007	-64.138	41.85	-72.126	-125.78	26.861	-51.23	-152.74	-2.097
139.52	0.42607	20.219	-35.001	-6.0401	-14.295	-8.2378	-1.491	-17.651	-5.6042	-64.141	41.845	-72.133	-125.79	26.902	-51.244	-152.72	-2.1146
139.52	0.43636	20.234	-34.999	-6.0327	-14.283	-8.2369	-1.4909	-17.651	-5.6034	-64.153	41.839	-72.134	-125.78	26.885	-51.268	-152.69	-2.1141
139.52	0.42459	20.231	-35	-6.0394	-14.296	-8.2317	-1.487	-17.646	-5.6028	-64.139	41.847	-72.133	-125.78	26.883	-51.259	-152.71	-2.1164
139.52	0.42499	20.228	-34.99	-6.0416	-14.288	-8.2359	-1.4908	-17.652	-5.6016	-64.138	41.848	-72.126	-125.79	26.907	-51.25	-152.7	-2.108
139.52	0.42631	20.219	-34.99	-6.0416	-14.288	-8.2369	-1.4909	-17.651	-5.6016	-64.138	41.848	-72.128	-125.78	26.882	-51.252	-152.7	-2.1116
139.53	0.43036	20.226	-35	-6.0394	-14.296	-8.2369	-1.4909	-17.651	-5.602	-64.137	41.835	-72.114	-125.79	26.887	-51.242	-152.72	-2.1122
139.52	0.42712	20.234	-34.991	-6.0482	-14.3	-8.2264	-1.4867	-17.642	-5.6016	-64.138	41.848	-72.127	-125.78	26.882	-51.251	-152.69	-2.1063
139.52	0.42165	20.226	-35.002	-6.0417	-14.295	-8.2371	-1.5036	-17.659	-5.6071	-64.141	41.831	-72.117	-125.79	26.884	-51.248	-152.72	-2.1126
139.52	0.42348	20.229	-34.99	-6.0416	-14.288	-8.2378	-1.4901	-17.646	-5.6028	-64.137	41.835	-72.123	-125.78	26.896	-51.252	-152.7	-2.1233
139.53	0.42932	20.236	-35	-6.0394	-14.296	-8.2399	-1.4938	-17.654	-5.602	-64.137	41.835	-72.113	-125.78	26.854	-51.25	-152.7	-2.1223
139.51	0.41969	20.222	-34.991	-6.0482	-14.3	-8.2399	-1.4938	-17.654	-5.602	-64.137	41.835	-72.122	-125.78	26.896	-51.253	-152.69	-2.1186
139.52	0.42708	20.231	-35	-6.0394	-14.296	-8.2439	-1.4955	-17.645	-5.602	-64.137	41.835	-72.121	-125.79	26.88	-51.26	-152.7	-2.1268
139.52	0.42499	20.228	-35.002	-6.0417	-14.295	-8.2439	-1.4955	-17.645	-5.6008	-64.137	41.836	-72.12	-125.79	26.869	-51.245	-152.71	-2.11
139.51	0.42008	20.235	-35.002	-6.0417	-14.295	-8.247	-1.4984	-17.647	-5.6087	-64.141	41.828	-72.118	-125.79	26.858	-51.235	-152.72	-2.1058
139.51	0.41814	20.22	-35	-6.0394	-14.296	-8.2544	-1.5015	-17.654	-5.6116	-64.142	41.828	-72.125	-125.78	26.859	-51.25	-152.71	-2.1133
139.51	0.43435	20.218	-35	-6.0394	-14.296	-8.2429	-1.4946	-17.641	-5.6149	-64.132	41.829	-72.117	-125.79	26.873	-51.257	-152.7	-2.124
139.51	0.42818	20.224	-35.001	-6.046	-14.308	-8.248	-1.4985	-17.646	-5.6195	-64.123	41.834	-72.125	-125.78	26.896	-51.246	-152.71	-2.1246
139.51	0.43279	20.23	-35.003	-6.0423	-14.294	-8.2477	-1.4999	-17.633	-5.6153	-64.133	41.83	-72.128	-125.78	26.856	-51.255	-152.69	-2.1083
139.51	0.43279	20.23	-35.004	-6.0483	-14.307	-8.248	-1.4985	-17.646	-5.6237	-64.127	41.83	-72.124	-125.8	26.877	-51.247	-152.71	-2.1114
139.51	0.43258	20.23	-34.998	-6.032	-14.283	-8.2467	-1.4999	-17.634	-5.6161	-64.133	41.831	-72.122	-125.79	26.87	-51.249	-152.7	-2.1083
139.51	0.4306	20.228	-35.001	-6.0401	-14.295	-8.2503	-1.4977	-17.647	-5.6144	-64.133	41.844	-72.13	-125.79	26.879	-51.274	-152.68	-2.1269
139.52	0.42708	20.231	-34.991	-6.0425	-14.288	-8.2544	-1.5015	-17.654	-5.6133	-64.145	41.839	-72.13	-125.79	26.88	-51.242	-152.72	-2.1118
139.51	0.43068	20.227	-35.001	-6.035	-14.282	-8.247	-1.4984	-17.647	-5.6209	-64.152	41.83	-72.133	-125.78	26.854	-51.275	-152.68	-2.1139
139.52	0.43387	20.232	-35.001	-6.035	-14.282	-8.2374	-1.496	-17.639	-5.6194	-64.164	41.826	-72.128	-125.78	26.857	-51.238	-152.73	-2.1017
139.52	0.43387	20.232	-34.989	-6.0409	-14.288	-8.2273	-1.501	-17.636	-5.6206	-64.178	41.832	-72.139	-125.78	26.893	-51.252	-152.75	-2.1147
139.51	0.43191	20.228	-34.99	-6.0416	-14.288	-8.232	-1.4997	-17.654	-5.6257	-64.183	41.827	-72.136	-125.78	26.893	-51.27	-152.71	-2.1216
139.51	0.43367	20.232	-34.99	-6.0416	-14.288	-8.2291	-1.4989	-17.666	-5.626	-64.183	41.84	-72.15	-125.77	26.888	-51.253	-152.73	-2.1073
139.52	0.43383	20.231	-34.979	-6.038	-14.267	-8.2274	-1.5071	-17.669	-5.6342	-64.194	41.846	-72.152	-125.76	26.893	-51.278	-152.73	-2.1053
139.52	0.42491	20.23	-34.973	-6.0317	-14.289	-8.2242	-1.5078	-17.669	-5.6308	-64.19	41.849	-72.156	-125.76	26.891	-51.279	-152.73	-2.1025
139.52	0.43553	20.237	-34.974	-6.0333	-14.288	-8.219	-1.5039	-17.663	-5.6396	-64.208	41.835	-72.16	-125.75	26.871	-51.299	-152.7	-2.1152
139.52	0.42603	20.232	-34.974	-6.0273	-14.276	-8.2193	-1.5024	-17.677	-5.6433	-64.212	41.844	-72.161	-125.75	26.894	-51.3	-152.71	-2.1175
139.52	0.42837	20.221	-34.974	-6.0333	-14.288	-8.2242	-1.5078	-17.669	-5.6378	-64.208	41.849	-72.168	-125.75	26.891	-51.29	-152.72	-2.1029
139.52	0.4224	20.227	-34.975	-6.0339	-14.288	-8.217	-1.5173	-17.67	-5.6404	-64.213	41.845	-72.164	-125.74	26.898	-51.308	-152.73	-2.1015
139.52	0.42863	20.233	-34.975	-6.039	-14.301	-8.2071	-1.5081	-17.672	-5.6418	-64.224	41.826	-72.169	-125.74	26.881	-51.302	-152.72	-2.0985
139.51	0.43165	20.23	-34.974	-6.0211	-14.282	-8.2119	-1.5135	-17.665	-5.6267	-64.227	41.845	-72.164	-125.74	26.897	-51.301	-152.72	-2.1098
139.52	0.43813	20.239	-34.971	-6.025	-14.277	-8.2122	-1.512	-17.678	-5.6265	-64.228	41.831	-72.169	-125.74	26.881	-51.309	-152.71	-2.1096
139.52	0.42473	20.23	-34.974	-6.0333	-14.288	-8.2224	-1.5195	-17.674	-5.6352	-64.234	41.824	-72.159	-125.73	26.889	-51.315	-152.72	-2.1155
139.52	0.42754	20.22	-34.977	-6.0353	-14.288	-8.215	-1.5164	-17.667	-5.6286	-64.242	41.822	-72.17	-125.74	26.88	-51.324	-152.72	-2.1198
139.51	0.43278	20.23	-34.975	-6.028	-14.275	-8.215	-1.5164	-17.667	-5.6258	-64.242	41.825	-72.163	-125.74	26.886	-51.32	-152.73	-2.1109
139.51	0.41806	20.233	-34.976	-6.0296	-14.275	-8.2224	-1.5195	-17.674	-5.6208	-64.251	41.821	-72.156	-125.74	26.885	-51.327	-152.72	-2.1129
139.52	0.42285	20.227	-34.978	-6.0484	-14.293	-8.2189	-1.5172	-17.654	-5.6084	-64.255	41.811	-72.153	-125.75	26.886	-51.338	-152.72	-2.1296
139.51	0.42935	20.227	-34.977	-6.0475	-14.294	-8.2234	-1.5196	-17.673	-5.605	-64.281	41.786	-72.135	-125.76	26.889	-51.331	-152.72	-2.1424
139.51	0.43037	20.228	-34.983	-6.06	-14.265	-8.2224	-1.5195	-17.674	-5.5691	-64.312	41.788	-72.107	-125.78	26.893	-51.342	-152.71	-2.1673
139.51	0.43258	20.23	-34.993	-6.0925	-14.274	-8.2193	-1.5024	-17.677	-5.5311	-64.358	41.759	-72.058	-125.8	26.924	-51.327	-152.72	-2.1837
139.51	0.43255	20.23	-35	-6.1171	-14.252	-8.2251	-1.4879	-17.703	-5.4638	-64.438	41.741	-71.999	-125.82	26.969	-51.338	-152.73	-2.1927
139.52	0.42624	20.23	-34.992	-6.1635	-14.218	-8.2153	-1.4398	-17.748	-5.4084	-64.556	41.694	-71.931	-125.86	27.057	-51.323	-152.76	-2.1875
139.52	0.43151	20.231	-34.979	-6.2413	-14.168	-8.2362	-1.3141	-17.887	-5.2682	-64.725	41.637	-71.807	-125.91	27.156	-51.376	-152.73	-2.202
139.52	0.43509	20.233	-34.957	-6.3469	-14.046	-8.2425	-1.0759	-18.025	-5.0627	-64.956	41.598	-71.665	-125.98	27.271	-51.376	-152.74	-2.1949
139.51	0.43037	20.228	-34.868	-6.4505	-13.724	-8.3323	-0.73368	-18.044	-4.7853	-65.211	41.601	-71.48	-126.05	27.409	-51.301	-152.94	-2.155
139.52	0.42473	20.23	-34.809	-6.5158	-12.941	-8.2865	-0.20064	-17.77	-4.4156	-65.617	41.632	-71.276	-126.17	27.551	-51.331	-153	-2.1646
139.51	0.43057	20.228	-34.697	-6.5398	-11.912	-7.8465	0.13913	-16.931	-3.8985	-66.197	41.705	-71.025	-126.35	27.681	-51.312	-153.07	-2.1736
139.52	0.42385	20.228	-34.653	-6.5651	-10.531	-6.8934	0.3977	-15.692	-3.1993	-66.975	41.974	-70.757	-126.6	27.869	-51.374	-153.2	-2.322
139.52	0.42473	20.23	-34.961	-4.9064	-4.5076	-5.2379	0.53276	-14.119	-2.4527	-67.996	42.334	-70.4	-126.92	28.091	-51.235	-153.23	-2.3687
139.52	0.42607	20.23	-34.993	-5.3036	-3.4733	-2.804	0.60847	-12.212	-1.6192	-69.231	42.848	-69.98	-127.3	28.36	-51.181	-153.36	-2.4995
139.52	0.42222	20.239	-34.676	-5.6529	-2.1788	0.32462	0.62992	-10.034	-0.69332	-70.575	43.449	-69.474	-127.72	28.61	-51.119	-153.46	-2.6599
139.52	0.42365	20.242	-34.156	-5.8818	-0.32746	3.6647	0.46304	-7.8106	0.33468	-72.052	44.075	-68.886	-128.17	28.89	-50.714	-153.75	-2.6581
139.52	0.42546	20.244	-32.833	-6.437	0.57518	6.9952	0.054511	-5.6319	1.5445	-73.577	44.675	-68.208	-128.64	29.215	-50.452	-153.9	-2.6866
139.53	0.41535	20.242	-31.733	-6.7074	2.4982	10.454	-0.49623	-3.4715	2.7857	-75.13	45.138	-67.394	-129.12	29.571	-49.953	-154.18	-2.7516
139.53	0.41791	20.231	-30.395	-6.9675	4.5443	14.049	-1.236	-1.5803	4.2384	-76.662	45.601	-66.466	-129.61	29.893	-49.347	-154.57	-2.8127
139.53	0.41969	20.236	-28.81	-7.2655	6.5434	17.688	-2.2031	0.030249	5.8269	-78.189	45.899	-65.335	-130.15	30.267	-48.656	-154.91	-2.8896
139.53	0.42077	20.238	-26.938	-7.5648	8.6431	21.352	-3.4309	1.3363	7.5676	-79.713	46.158	-64.104	-130.66	30.614	-47.952	-154.99	-2.9028
139.54	0.41122	20.232	-24.912	-7.8972	10.516	25.198	-4.8422	2.4309	9.4776	-81.256	46.343	-62.765	-131.14	30.986	-46.862	-155.48	-2.8188
139.53	0.40702	20.241	-22.699	-8.2655	12.264	29.187	-6.4536	3.3674	11.531	-82.795	46.545	-61.351	-131.49	31.283	-45.734	-155.73	-2.5611
139.55	0.40472	20.236	-20.205	-8.7265	13.644	33.44	-8.2631	4.2656	13.685	-84.233	46.815	-59.857	-131.71	31.579	-44.447	-155.96	-2.27
139.54	0.39836	20.24	-17.464	-9.2826	14.628	38.157	-10.036	5.5512	16.257	-85.407	47.526	-58.148	-131.95	31.98	-42.964	-156.16	-2.0688
139.54	0.39836	20.24	-14.46	-9.906	15.401	42.67	-12.099	6.5454	18.556	-86.938	47.814	-56.212	-132.25	32.283	-41.41	-156.41	-1.9417
139.54	0.39816	20.24	-11.302	-10.595	15.955	47.192	-14.281	7.5969	20.98	-88.383	48.159	-54.121	-132.62	32.757	-39.49	-157.03	-1.6655
139.53	0.39497	20.235	-8.0279	-11.325	16.415	52.051	-16.384	8.9421	23.486	-89.815	48.362	-51.913	-132.93	33.09	-37.684	-157.5	-1.3968
139.53	0.39497	20.235	-4.6454	-12.059	16.888	56.576	-18.768	9.9936	26.085	-91.246	48.728	-49.646	-133.19	33.636	-35.687	-157.52	-0.8368
139.53	0.3953	20.234	-1.2281	-12.774	17.333	61.127	-21.137	10.976	28.765	-92.587	49.012	-47.278	-133.4	34.058	-33.444	-158.15	-0.53552
139.53	0.40616	20.242	2.3375	-13.474	17.746	65.658	-23.485	11.846	31.588	-93.93	49.247	-44.808	-133.66	34.56	-31.261	-158.47	-0.1314
139.53	0.40715	20.243	5.9458	-14.195	18.175	70.245	-25.753	12.722	34.503	-95.193	49.466	-42.144	-133.9	35.147	-28.912	-158.74	0.34892
139.54	0.40802	20.245	9.6541	-14.919	18.464	74.851	-27.922	13.396	37.537	-96.375	49.707	-39.411	-134.09	35.687	-26.504	-158.98	0.90444
139.53	0.40394	20.238	13.44	-15.615	18.741	79.563	-29.92	14.005	40.67	-97.455	49.887	-36.548	-134.23	36.257	-24.086	-159.16	1.4248
139.54	0.41252	20.25	17.289	-16.295	18.95	84.385	-31.655	14.575	43.903	-98.473	49.98	-33.629	-134.38	36.868	-21.565	-159.26	2.0497
139.54	0.41213	20.234	21.176	-16.948	19.147	89.092	-33.35	14.918	47.258	-99.406	50	-30.605	-134.51	37.501	-18.992	-159.1	2.5523
139.54	0.40957	20.245	25.062	-17.541	19.321	93.769	-34.846	15.082	50.679	-100.25	50.049	-27.492	-134.54	38.13	-16.263	-159.05	3.0347
139.53	0.4171	20.246	28.924	-18.01	19.47	98.538	-36.148	15.074	54.108	-100.96	50.012	-24.318	-134.5	38.701	-13.47	-158.96	3.5739
139.53	0.4173	20.246	32.689	-18.347	19.661	103.32	-37.282	14.965	57.615	-101.51	49.869	-21.104	-134.37	39.23	-10.6	-158.77	4.1775
139.53	0.40756	20.24	36.272	-18.535	19.846	108.08	-38.324	14.601	61.078	-101.89	49.744	-17.872	-134.18	39.801	-7.7855	-158.71	4.6282
139.52	0.41294	20.24	39.717	-18.563	19.949	112.84	-39.148	14.282	64.542	-102.06	49.558	-14.611	-133.95	40.246	-4.6836	-158.75	5.149
140.12	0.72679	20.782	43.002	-18.476	19.89	117.43	-39.865	13.86	67.909	-101.97	49.36	-11.376	-133.67	40.628	-1.7105	-158.48	5.6743
140.1	0.71674	20.783	46.122	-18.237	19.589	122.04	-40.368	13.506	71.255	-101.66	49.162	-8.1925	-133.26	40.959	1.2232	-158.2	6.1234
140.1	0.71552	20.781	49.175	-17.913	19.096	126.11	-40.907	12.729	74.483	-101.2	49.05	-5.0292	-132.73	41.215	4.1869	-157.83	6.616
140.1	0.71552	20.781	52.088	-17.465	18.459	130.98	-40.873	12.868	77.628	-100.55	48.804	-1.9233	-132.11	41.425	7.1044	-157.31	6.9882
140.11	0.7099	20.784	54.958	-16.973	17.504	135.23	-40.917	12.601	80.7	-99.755	48.74	1.086	-131.41	41.561	10.19	-157.06	7.4193
140.11	0.71934	20.786	57.765	-16.387	16.546	139.28	-40.797	12.302	83.677	-98.851	48.547	4.081	-130.63	41.66	13.015	-156.49	7.6479
140.14	0.7753	20.922	60.509	-15.766	15.442	143.09	-40.509	12.011	86.626	-97.84	48.496	6.9772	-129.81	41.679	16.02	-155.93	7.8871
139.41	0.34167	20.227	63.225	-15.096	14.347	146.64	-39.947	11.656	89.456	-96.794	48.298	9.8054	-128.95	41.656	19.069	-155.56	8.2821
139.41	0.34167	20.227	65.843	-14.374	13.248	149.91	-39.325	11.266	92.211	-95.66	48.186	12.576	-128.02	41.653	21.695	-154.64	8.4011
139.54	0.39438	20.249	68.651	-13.968	12.037	152.77	-38.534	10.755	94.913	-94.531	48.025	15.244	-127.07	41.638	24.523	-154.17	8.6016
139.54	0.39729	20.238	71.023	-13.139	11.16	155.38	-37.488	10.211	97.47	-93.304	47.863	17.814	-126.12	41.605	27.106	-153.29	8.7634
139.55	0.40433	20.25	73.279	-12.231	10.392	157.69	-36.183	9.6605	99.975	-92.086	47.71	20.264	-125.16	41.558	29.632	-152.52	8.8973
139.55	0.40661	20.238	75.36	-11.305	9.8303	159.71	-34.719	9.0353	102.34	-90.756	47.569	22.653	-124.17	41.548	32.148	-151.79	9.0011
139.55	0.40661	20.238	77.341	-10.29	9.1458	161.48	-33.07	8.3802	104.65	-89.382	47.502	24.95	-123.17	41.53	34.465	-150.88	9.0632
139.55	0.40657	20.237	79.196	-9.2268	8.6746	162.98	-31.236	7.6611	106.81	-87.891	47.406	27.133	-122.14	41.495	36.722	-150.01	9.2034
139.54	0.41501	20.24	80.946	-8.0938	7.9809	164.32	-29.326	6.9571	108.91	-86.4	47.359	29.242	-121.04	41.44	38.824	-148.96	9.3136
139.55	0.41521	20.24	82.598	-6.9345	7.3884	165.45	-27.305	6.15	110.94	-84.809	47.281	31.261	-119.91	41.393	40.931	-147.93	9.3803
139.53	0.41752	20.246	84.224	-5.801	6.8082	166.41	-25.251	5.2715	112.84	-83.172	47.261	33.181	-118.72	41.289	43.013	-146.91	9.5549
139.53	0.41537	20.242	85.795	-4.5612	6.0592	167.18	-23.097	4.3055	114.68	-81.521	47.194	35.021	-117.49	41.135	44.979	-145.8	9.6066
139.52	0.41345	20.239	87.48	-3.3681	5.4645	167.87	-21.021	3.3161	116.53	-79.777	47.089	36.851	-116.23	40.965	46.879	-144.53	9.4505
139.52	0.41169	20.25	89.127	-2.1499	4.7064	168.47	-18.879	2.3044	118.32	-78.145	47.051	38.629	-114.91	40.775	48.869	-143.61	9.6143
139.51	0.41258	20.243	90.56	-1.1403	3.7843	168.83	-16.864	1.1112	119.66	-76.794	46.532	39.945	-113.84	40.168	50.287	-142.77	9.0818
139.5	0.40998	20.238	92.722	0.17917	3.0498	169.35	-14.884	0.10752	121.84	-74.902	46.878	42.04	-112.27	40.253	52.607	-141.17	9.442
139.49	0.404	20.232	94.732	1.2129	2.2989	169.73	-13.022	-0.95824	123.57	-73.393	46.747	43.757	-110.93	40.007	54.512	-140.07	9.307
139.49	0.40141	20.242	96.944	2.2024	1.4514	169.98	-11.204	-2.0969	125.34	-71.99	46.639	45.438	-109.64	39.743	56.237	-138.86	9.0458
139.51	0.39899	20.249	99.362	3.1033	0.65627	170.2	-9.6069	-3.2108	127.14	-70.68	46.563	47.112	-108.4	39.487	57.962	-137.65	9.0148
139.5	0.39958	20.234	101.9	3.9053	-0.03842	170.26	-8.0237	-4.3805	128.95	-69.516	46.405	48.819	-107.24	39.264	59.731	-136.54	8.7975
139.51	0.40158	20.239	104.62	4.53	-0.63608	170.19	-6.5575	-5.5196	130.75	-68.451	46.288	50.479	-106.15	39.108	61.346	-135.42	8.5602
139.51	0.40179	20.239	107.49	5.1321	-1.1206	169.96	-5.1741	-6.6107	132.59	-67.468	46.148	52.136	-105.09	38.953	62.933	-134.3	8.3279
139.52	0.40032	20.246	110.35	5.6667	-1.5949	169.51	-3.8002	-7.6143	134.4	-66.617	46.119	53.774	-104.12	38.841	64.522	-133.36	8.2249
139.53	0.4049	20.241	113.19	6.0589	-1.8033	168.87	-2.4622	-8.5284	136.23	-65.82	46.105	55.361	-103.24	38.8	66.023	-132.37	7.9999
139.53	0.40487	20.24	115.8	6.3765	-2.2692	167.59	-1.3778	-9.7719	138.02	-65.09	46.079	56.986	-102.4	38.726	67.556	-131.46	7.8918
139.41	0.35595	20.224	118.44	6.663	-2.5622	167.09	0.08477	-9.9921	139.76	-64.404	46.171	58.568	-101.68	38.7	69.115	-130.76	7.7371
139.42	0.36576	20.224	120.94	6.8642	-2.8778	165.6	1.0534	-11.143	141.51	-63.679	46.252	60.203	-100.99	38.723	70.579	-129.88	7.6043
139.63	0.42778	20.237	122.84	7.1012	-3.1741	165.22	2.4585	-10.987	143.17	-62.98	46.409	61.777	-100.35	38.663	72.142	-129.19	7.4848
141.25	0.94998	20.357	123.88	7.1142	-4.1119	163.66	3.1489	-12.063	144.54	-62.5	46.165	63.389	-99.732	38.713	73.797	-128.63	7.4478
143.52	1.3568	20.309	125.96	7.595	-4.0796	163.98	4.137	-11.978	146.11	-61.763	46.296	65.014	-99.218	38.74	75.363	-127.99	7.4277
146.3	1.7	20.412	127.49	8.0278	-3.9197	166.16	5.1588	-11.285	147.7	-61.029	46.519	66.676	-98.702	38.761	76.976	-127.42	7.4536
148.62	2.0802	20.467	129.3	8.4822	-3.6654	167.86	5.5028	-11.292	149.4	-60.447	46.727	68.332	-98.21	38.815	78.691	-126.93	7.5366
150.55	2.5187	20.513	131.17	8.9451	-3.6402	169.65	5.6796	-11.294	151.19	-59.928	46.882	69.993	-97.744	38.902	80.358	-126.49	7.643
152.26	2.8673	20.532	133.09	9.1523	-3.5771	170.79	5.55	-11.906	153.04	-59.533	47.12	71.686	-97.295	39.05	82.106	-126.04	7.8295
154	3.1191	20.521	135.04	9.3546	-3.6476	172.74	5.8341	-11.708	154.91	-59.199	47.358	73.476	-96.889	39.221	83.94	-125.8	7.8946
155.97	3.3111	20.448	137.09	9.5399	-3.5715	175.49	6.4103	-10.748	156.95	-58.934	47.647	75.39	-96.512	39.366	85.834	-125.42	8.0559
158.3	3.4837	20.666	139.3	9.7593	-3.3272	177.69	6.516	-10.461	159	-58.733	47.868	77.429	-96.249	39.517	87.705	-125.1	8.2601
160.8	3.5256	20.921	141.62	9.9125	-2.9958	179.99	6.6105	-10.151	161.21	-58.611	48.159	79.539	-96.007	39.707	89.758	-124.9	8.4144
163.33	3.4818	21.3	144.04	9.9466	-2.5206	181.67	6.2771	-10.575	163.55	-58.626	48.525	81.717	-95.851	39.909	91.862	-124.74	8.6563
165.93	3.4348	21.759	146.56	9.9349	-1.9916	184.88	6.6763	-9.2519	165.95	-58.741	48.893	83.981	-95.743	40.19	94.043	-124.68	8.859
168.56	3.3405	22.283	149.22	9.8595	-1.4631	186.88	6.206	-9.4839	168.4	-58.895	49.305	86.359	-95.685	40.448	96.343	-124.56	9.0272
171.27	3.1309	22.894	152	9.7813	-0.90874	189.62	6.0933	-8.8494	170.97	-59.153	49.685	88.83	-95.671	40.697	98.668	-124.56	9.2943
174.11	2.8892	23.508	154.86	9.5415	-0.34382	193.24	6.2915	-7.4468	173.66	-59.432	50.213	91.383	-95.683	41.019	101.04	-124.59	9.5396
177.05	2.5735	24.148	157.86	9.3277	0.30055	196.25	6.0326	-6.7461	176.35	-59.772	50.717	93.969	-95.714	41.353	103.6	-124.78	9.8723
180.12	2.2222	24.776	160.93	9.0131	1.1609	198.57	5.2948	-6.8748	179.12	-60.132	51.286	96.587	-95.761	41.732	106.02	-124.65	10.16
183.25	1.8654	25.495	164.1	8.7637	1.5648	202.52	5.3855	-5.2791	181.92	-60.551	51.855	99.266	-95.765	42.087	108.59	-124.83	10.503
186.45	1.4428	26.228	167.37	8.3973	2.4143	205.91	4.9906	-4.4842	184.79	-60.972	52.483	101.99	-95.825	42.42	111.19	-124.84	10.771
189.71	0.9608	26.988	170.71	7.9817	3.0512	208.59	4.171	-4.4735	187.69	-61.41	53.135	104.78	-95.866	42.807	113.82	-125	11.21
193.04	0.45616	27.726	174.18	7.5637	3.6847	211.94	3.6112	-3.7943	190.63	-61.899	53.801	107.57	-95.922	43.215	116.56	-125	11.648
196.46	-0.041292	28.369	177.67	7.1086	4.3297	216.27	3.5108	-2.1512	193.56	-62.427	54.392	110.39	-95.929	43.574	119.24	-125.18	12.075
199.91	-0.58656	29.078	181.2	6.8128	4.8095	219.05	2.4648	-2.3205	196.55	-62.895	55.03	113.21	-95.94	43.945	121.88	-125.28	12.387
203.42	-1.0847	29.704	184.79	6.2323	5.4255	223.45	2.3536	-0.74323	199.59	-63.379	55.682	116.07	-95.917	44.332	124.62	-125.22	12.941
206.89	-1.6282	30.314	188.41	5.7101	6.0493	226.31	1.324	-0.98609	202.62	-63.835	56.233	118.94	-95.885	44.704	127.37	-125.24	13.192
210.41	-2.1569	30.82	191.99	5.2262	6.5425	230.04	0.80884	-0.27795	205.71	-64.27	56.81	121.85	-95.848	45.089	130.21	-125.54	13.835
213.93	-2.6552	31.43	195.61	4.7763	6.9436	233.54	0.20359	0.15969	208.78	-64.691	57.322	124.77	-95.789	45.434	133.03	-125.53	14.184
217.38	-3.1877	31.79	199.18	4.4179	7.0969	237.24	-0.28869	0.70545	211.86	-65.069	57.814	127.72	-95.737	45.81	135.78	-125.51	14.36
220.84	-3.6658	32.172	202.72	3.852	7.5554	241.44	-0.47257	1.9624	214.96	-65.466	58.231	130.64	-95.674	46.123	138.44	-125.62	14.937
224.29	-4.1106	32.578	206.25	3.4126	7.9475	244.32	-1.3761	1.5967	217.95	-65.837	58.6	133.53	-95.597	46.435	141.23	-125.62	15.248
227.67	-4.5841	33.032	209.69	2.9791	8.3693	248.02	-1.7407	2.2529	220.94	-66.201	58.939	136.4	-95.509	46.72	143.96	-125.5	15.601
230.97	-5.0192	33.35	213.08	2.651	8.5409	251.97	-1.8371	3.316	223.88	-66.518	59.304	139.2	-95.386	46.963	146.57	-125.48	15.903
234.18	-5.4522	33.685	216.38	2.2108	8.9091	255.33	-2.2086	3.7085	226.71	-66.842	59.587	141.96	-95.247	47.222	149.22	-125.38	16.062
237.34	-5.8316	34.053	219.59	1.8821	9.2639	257.95	-2.9322	3.4555	229.51	-67.069	59.934	144.63	-95.087	47.402	151.7	-125.23	16.305
240.38	-6.1233	34.453	222.7	1.6513	9.4382	261.64	-2.8891	4.5415	232.14	-67.328	60.142	147.24	-94.906	47.547	154.21	-125.19	16.433
243.25	-6.4352	34.72	225.65	1.3997	9.7505	264.65	-3.0912	4.9205	234.71	-67.517	60.408	149.78	-94.71	47.709	156.47	-125.08	16.635
246.02	-6.6513	35.033	228.51	1.2429	9.9925	267.05	-3.5433	4.6475	237.19	-67.6	60.641	152.23	-94.503	47.776	158.85	-124.9	16.658
248.69	-6.7679	35.271	231.27	1.0136	10.156	269.75	-3.7493	4.8942	239.61	-67.679	60.816	154.61	-94.284	47.779	161.12	-124.72	16.833
251.25	-6.8561	35.398	233.88	0.86719	10.313	272.42	-3.8539	5.0819	241.9	-67.648	60.982	156.9	-94.028	47.834	163.3	-124.62	16.742
253.66	-6.9306	35.474	236.4	0.82761	10.246	275.55	-3.574	5.8791	244.11	-67.582	61.038	159.12	-93.722	47.76	165.62	-124.81	16.865
255.98	-6.9229	35.401	238.78	0.75814	10.172	278.01	-3.6022	5.8828	246.21	-67.45	61.069	161.23	-93.396	47.669	167.43	-124.11	16.92
258.2	-6.8825	35.24	241.1	0.65948	9.9269	279.82	-3.865	5.1323	248.22	-67.331	60.981	163.21	-93.045	47.563	169.33	-123.8	16.72
260.29	-6.8237	34.94	243.27	0.74081	9.5639	282.57	-3.5541	5.553	250.2	-67.119	60.837	165.14	-92.632	47.376	171.09	-123.57	16.766
262.32	-6.6985	34.598	245.36	0.7152	9.2724	284.65	-3.4856	5.2749	252.07	-66.858	60.64	166.99	-92.202	47.161	172.86	-123.29	16.511
264.26	-6.558	34.199	247.31	0.79633	8.79	286.12	-3.6585	4.2528	253.89	-66.611	60.322	168.76	-91.765	46.906	174.75	-123.42	16.472
266.11	-6.3871	33.752	249.13	1.0993	8.2124	288.55	-3.2179	4.4312	255.64	-66.325	59.982	170.44	-91.327	46.656	176.12	-122.62	16.168
267.89	-6.1569	33.23	250.88	1.1581	7.7523	290.27	-3.1179	3.8769	257.33	-66.003	59.597	172.08	-90.855	46.321	177.6	-122.27	16.015
269.59	-5.915	32.743	252.53	1.3664	7.1526	291.93	-2.8834	3.2743	258.91	-65.669	59.135	173.61	-90.414	45.985	179.07	-121.9	15.689
271.13	-5.6834	32.09	254.07	1.5687	6.6348	293.55	-2.642	2.762	260.44	-65.316	58.637	175.08	-89.968	45.62	180.35	-121.5	15.362
272.63	-5.3737	31.477	255.56	1.7263	6.0414	295.01	-2.4607	2.0947	261.85	-64.958	58.103	176.46	-89.503	45.185	181.73	-121.12	15.088
274.06	-5.0626	30.855	256.98	1.9512	5.3725	295.99	-2.4545	0.8986	263.2	-64.567	57.601	177.78	-89.027	44.747	182.94	-120.74	14.694
275.35	-4.8123	30.099	258.31	2.2498	4.5711	297.8	-2.0104	0.72948	264.47	-64.144	57.084	179	-88.557	44.298	184.04	-120.38	14.383
276.65	-4.4987	29.414	259.58	2.4885	3.9654	298.6	-2.1017	-0.58308	265.64	-63.756	56.554	180.15	-88.048	43.794	185.18	-120.05	13.912
277.86	-4.2124	28.663	260.83	2.5929	3.1862	299.9	-1.888	-1.2782	266.76	-63.332	55.989	181.22	-87.553	43.256	186.2	-119.64	13.496
278.99	-3.943	27.884	262.01	2.7634	2.3162	301.01	-1.8134	-2.2066	267.78	-62.913	55.401	182.23	-87.066	42.713	187.16	-119.26	13.187
280.06	-3.7039	27.032	263.16	2.9206	1.2697	302.76	-1.3196	-2.2243	268.71	-62.509	54.783	183.14	-86.56	42.157	188.09	-118.98	12.686
281.09	-3.4284	26.187	264.2	3.0581	0.41512	303.81	-1.2249	-3.0386	269.64	-62.082	54.188	184.02	-86.055	41.557	188.85	-118.67	12.208
282.03	-3.1707	25.235	265.17	3.1863	-0.47077	304.23	-1.4251	-4.5749	270.49	-61.64	53.56	184.84	-85.561	40.982	189.7	-118.26	11.757
282.9	-2.8633	24.307	266.06	3.3548	-1.4384	305.68	-0.99154	-4.8725	271.25	-61.241	52.866	185.6	-85.084	40.323	190.4	-118.03	11.293
283.7	-2.6057	23.273	266.91	3.5006	-2.753	306.58	-0.84618	-5.7944	271.99	-60.769	52.137	186.28	-84.65	39.671	191.1	-117.73	10.863
284.37	-2.362	22.079	267.67	3.5428	-3.7858	306.8	-1.0415	-7.6096	272.65	-60.303	51.348	186.93	-84.213	38.927	191.82	-117.39	10.413
285.83	-1.9087	21.642	268.21	3.7592	-4.6786	308.05	-0.56836	-8.0519	273.25	-59.819	50.511	187.57	-83.757	38.274	192.37	-117.25	9.7959
286.93	-1.7409	21.56	268.92	4.0014	-4.9462	308.32	-0.76787	-9.5164	273.87	-59.474	49.69	188.11	-83.328	37.456	192.9	-116.95	9.2274
287.46	-1.24	21.639	269.4	4.3406	-5.2763	308.9	-0.40283	-9.9899	274.47	-59.307	49.032	188.58	-82.951	36.748	193.39	-116.53	8.6426
287.97	-0.89838	21.691	269.77	4.5592	-5.5749	309.49	-0.076335	-10.569	274.93	-59.22	48.342	189.04	-82.68	36.084	193.91	-116.51	7.9322
288.46	-0.62462	21.639	270.19	4.8479	-5.8341	310.04	0.095536	-11.112	275.35	-59.13	47.69	189.48	-82.556	35.482	194.3	-116.36	7.2789
288.93	-0.40146	21.637	270.56	5.0688	-6.0825	310.52	0.16446	-11.704	275.81	-58.948	47.135	189.96	-82.409	34.945	194.6	-116.18	6.6752
289.31	-0.23819	21.582	270.89	5.3322	-6.2463	311.09	0.20932	-12.124	276.15	-58.781	46.701	190.34	-82.154	34.451	194.96	-115.95	6.3011
289.6	-0.078816	21.62	271.17	5.4772	-6.564	312.21	0.60917	-11.544	276.36	-58.588	46.464	190.55	-81.853	33.998	195.2	-115.75	5.8748
289.81	0.033748	21.592	271.44	5.6389	-6.9082	312.52	0.7319	-11.745	276.47	-58.376	46.228	190.65	-81.526	33.639	195.38	-115.53	5.7126
290.08	0.20231	21.596	271.62	5.7593	-6.9792	312.12	0.41341	-12.651	276.51	-58.123	46.146	190.68	-81.242	33.389	195.6	-115.31	5.5326
290.27	0.32533	21.641	271.81	5.869	-7.3268	313.01	0.95903	-11.84	276.5	-57.878	46.132	190.74	-80.953	33.13	195.69	-115.15	5.434
290.41	0.43679	21.69	271.91	5.983	-7.356	313.22	1.1291	-11.818	276.47	-57.62	46.155	190.79	-80.725	33.006	195.75	-114.98	5.3407
290.51	0.55557	21.647	271.97	6.1227	-7.399	312.62	0.86782	-12.746	276.44	-57.356	46.144	190.83	-80.526	32.899	195.79	-114.8	5.2839
290.58	0.67402	21.622	272	6.225	-7.4675	312.72	1.0399	-12.735	276.44	-57.088	46.145	190.81	-80.324	32.782	195.82	-114.68	5.3036
290.63	0.70331	21.605	272.01	6.3029	-7.5396	313.45	1.5692	-11.898	276.39	-56.892	46.092	190.77	-80.137	32.74	195.8	-114.55	5.3891
290.66	0.72673	21.598	272.02	6.3442	-7.6135	313.49	1.6537	-11.968	276.34	-56.728	46.109	190.72	-79.997	32.712	195.78	-114.46	5.4049
290.66	0.7394	21.605	271.97	6.4139	-7.7769	313.53	1.6927	-11.997	276.29	-56.621	46.088	190.68	-79.895	32.69	195.68	-114.42	5.3678
290.67	0.73687	21.598	271.9	6.4107	-7.9246	313.52	1.754	-11.97	276.24	-56.571	46.073	190.62	-79.828	32.65	195.83	-114.89	5.4969
290.67	0.73687	21.598	271.85	6.4511	-8.1735	313.56	1.7046	-12.039	276.17	-56.547	46.056	190.54	-79.79	32.613	195.51	-114.46	5.358
290.66	0.74117	21.608	271.84	6.3187	-8.6751	313.6	1.623	-12.094	276.1	-56.561	46.029	190.46	-79.789	32.577	195.4	-114.45	5.3664
290.64	0.74198	21.612	271.7	6.0005	-9.5479	313.65	1.5057	-12.2	275.98	-56.581	45.97	190.38	-79.816	32.557	195.32	-114.51	5.4006
290.64	0.73053	21.606	271.58	5.741	-10.443	314.96	2.4075	-10.68	275.82	-56.553	45.821	190.31	-79.837	32.497	195.2	-114.62	5.4682
290.63	0.72454	21.615	271.5	5.5862	-10.929	315.05	1.9479	-11.179	275.7	-56.551	45.643	190.21	-79.775	32.404	195.05	-114.63	5.5583
290.54	0.7009	21.62	271.35	5.4268	-11.373	314	0.52734	-13.376	275.58	-56.543	45.487	190.05	-79.695	32.292	194.86	-114.68	5.5398
290.45	0.73281	21.693	270.91	5.1741	-12.026	313.97	0.21787	-13.897	275.45	-56.497	45.289	189.82	-79.708	32.215	194.65	-114.78	5.516
290.25	0.71661	21.71	270.56	5.0526	-12.465	313.98	-0.073249	-14.244	275.29	-56.517	45.014	189.6	-79.806	32.141	194.39	-114.88	5.5017
290.09	0.7027	21.708	270.18	4.9043	-12.774	314.04	-0.48862	-14.673	275.08	-56.515	44.748	189.45	-79.854	32.049	194.12	-114.9	5.5832
289.97	0.65966	21.692	269.74	4.9439	-13.136	314.29	-0.95431	-15.108	274.84	-56.416	44.561	189.24	-79.827	31.954	193.89	-114.97	5.7136
289.91	0.61971	21.68	269.28	4.9308	-13.163	314.68	-1.2745	-15.04	274.5	-56.4	44.353	188.91	-79.773	31.852	193.51	-115.1	5.6674
289.88	0.59844	21.678	268.77	4.9182	-13.177	315.27	-1.7699	-14.64	274.15	-56.454	44.389	188.5	-79.749	31.783	193.21	-115.13	5.734
289.89	0.58874	21.673	268.21	4.9187	-13.173	316.3	-2.5946	-14.151	273.61	-56.565	44.445	188.05	-79.74	31.82	192.77	-115.16	5.8339
289.89	0.59447	21.683	267.57	5.0095	-13.204	317.33	-3.3563	-13.454	273.2	-56.667	44.648	187.59	-79.792	31.837	192.36	-115.34	5.8774
289.89	0.59538	21.684	266.79	5.0609	-13.029	318.48	-4.2103	-12.528	272.76	-56.82	44.77	187.16	-79.858	31.984	192.04	-115.38	6.119
289.89	0.58981	21.675	265.91	5.151	-12.952	319.65	-5.0772	-11.45	272.27	-57.003	44.913	186.69	-79.924	32.078	191.48	-115.52	6.2355
289.89	0.59115	21.677	264.91	5.2598	-12.679	320.84	-5.9494	-10.206	271.83	-57.218	45.173	186.22	-80.071	32.324	191.06	-115.63	6.5261
289.89	0.5915	21.676	263.89	5.3709	-12.134	321.96	-7.009	-8.9427	271.35	-57.492	45.336	185.71	-80.293	32.546	190.58	-115.88	6.8063
289.89	0.606	21.675	262.91	5.4525	-11.59	323.02	-8.0786	-7.6693	270.9	-57.811	45.521	185.18	-80.578	32.866	190.05	-116.08	6.97
289.89	0.61625	21.679	261.93	5.6021	-11.088	323.99	-9.3027	-6.3688	270.4	-58.198	45.709	184.63	-80.889	33.21	189.47	-116.31	7.2837
289.89	0.61518	21.677	260.92	5.5887	-10.331	324.85	-10.578	-5.0972	269.85	-58.647	45.889	184.02	-81.236	33.534	188.87	-116.65	7.5551
289.89	0.63181	21.677	259.89	5.6767	-9.876	325.64	-11.89	-3.6825	269.27	-59.158	46.191	183.39	-81.63	33.928	188.18	-116.99	7.7856
289.89	0.63208	21.678	258.77	5.5817	-9.0983	326.31	-13.279	-2.2891	268.57	-59.763	46.462	182.68	-82.103	34.356	187.46	-117.31	8.0722
289.89	0.63676	21.682	257.61	5.467	-8.4553	326.78	-14.743	-1.0672	267.87	-60.423	46.752	181.94	-82.596	34.758	186.64	-117.74	8.3694
289.89	0.64767	21.676	256.42	5.2993	-7.7812	327.17	-16.148	0.3019	267.1	-61.122	46.964	181.15	-83.116	35.157	185.77	-118.15	8.6053
289.89	0.64642	21.674	255.27	5.0269	-7.1503	327.32	-17.664	1.4799	266.19	-61.865	47.339	180.25	-83.674	35.592	184.86	-118.54	8.9981
289.89	0.64627	21.685	254.05	4.7751	-6.5525	327.28	-19.163	2.5718	265.24	-62.623	47.639	179.28	-84.218	36.001	183.87	-119.04	9.2492
289.89	0.64407	21.683	252.78	4.3718	-5.7508	327.09	-20.605	3.6923	264.17	-63.374	48.054	178.19	-84.761	36.457	182.78	-119.51	9.5639
289.9	0.63763	21.684	251.51	3.9509	-5.123	326.65	-22.053	4.6807	263.03	-64.155	48.503	176.99	-85.319	36.878	181.61	-119.95	9.9464
289.9	0.63765	21.687	250.17	3.5453	-4.4162	326.03	-23.425	5.6409	261.75	-64.99	48.946	175.69	-85.89	37.365	180.31	-120.5	10.235
289.9	0.62674	21.681	248.75	3.052	-3.6011	325.2	-24.733	6.556	260.39	-65.844	49.449	174.32	-86.495	37.855	178.97	-120.93	10.725
289.9	0.6269	21.681	247.24	2.6461	-2.8817	324.21	-25.957	7.5309	258.95	-66.689	50.044	172.84	-87.135	38.385	177.56	-121.48	11.055
289.9	0.61386	21.673	245.67	2.1579	-2.0583	323	-27.112	8.4489	257.42	-67.546	50.72	171.27	-87.812	38.939	176.02	-122.07	11.413
289.9	0.61213	21.684	244.01	1.6354	-0.97421	321.59	-28.115	9.3283	255.71	-68.484	51.199	169.59	-88.529	39.512	174.45	-122.62	11.885
289.9	0.60479	21.683	242.22	1.1606	-0.022125	319.99	-29.013	10.163	253.93	-69.381	51.864	167.81	-89.29	40.154	172.72	-123.16	12.351
289.9	0.60137	21.678	240.27	0.73328	0.92848	318.15	-29.766	10.937	252.03	-70.277	52.557	165.89	-90.075	40.787	170.81	-123.74	12.773
289.9	0.60312	21.68	238.22	0.19334	2.2515	316.15	-30.37	11.707	249.99	-71.152	53.148	163.86	-90.894	41.441	168.85	-124.31	13.158
289.9	0.60103	21.679	236	-0.16616	3.1568	313.92	-30.892	12.489	247.78	-71.99	53.772	161.69	-91.695	42.084	166.79	-124.85	13.573
289.89	0.60776	21.677	233.66	-0.50669	4.0131	311.48	-31.311	13.193	245.43	-72.805	54.426	159.37	-92.52	42.756	164.6	-125.41	14.061
289.89	0.60764	21.69	231.19	-0.92536	5.2196	308.86	-31.628	13.849	242.9	-73.554	55.028	156.92	-93.302	43.412	162.11	-125.98	14.446
289.89	0.60904	21.678	228.56	-1.1893	6.1428	306.02	-31.833	14.499	240.27	-74.229	55.654	154.32	-94.081	44.035	159.79	-126.52	14.82
289.89	0.61626	21.679	225.77	-1.4705	7.211	302.99	-31.896	15.116	237.46	-74.859	56.27	151.56	-94.852	44.629	157.11	-127.02	15.15
289.89	0.61982	21.685	222.86	-1.5987	7.937	299.81	-31.74	15.751	234.5	-75.411	56.857	148.67	-95.614	45.193	154.39	-127.53	15.566
289.89	0.62668	21.686	220.15	-1.4349	9.4683	296.27	-31.498	16.264	231.55	-75.699	57.788	145.66	-96.366	45.737	151.64	-128.05	15.822
289.89	0.62239	21.686	216.96	-1.5931	10.391	292.56	-31.057	16.762	228.33	-76.075	58.337	142.51	-97.117	46.241	148.68	-128.49	16.277
289.89	0.63514	21.681	213.64	-1.5786	11.217	288.6	-30.487	17.202	224.92	-76.37	58.8	139.25	-97.856	46.73	145.65	-128.86	16.512
289.89	0.63142	21.676	210.16	-1.6645	12.015	284.46	-29.714	17.634	221.41	-76.626	59.229	135.86	-98.572	47.209	142.46	-129.42	16.849
289.9	0.63691	21.686	206.52	-1.6311	12.859	280.08	-28.824	17.986	217.77	-76.76	59.606	132.39	-99.256	47.658	139.24	-129.8	17.082
289.89	0.63116	21.689	202.75	-1.6609	13.521	275.4	-27.825	18.197	214.04	-76.868	60.091	128.79	-99.952	48.095	135.88	-130.36	17.364
289.89	0.63429	21.681	198.72	-1.6136	14.315	270.48	-26.703	18.347	210.15	-76.918	60.563	125.1	-100.63	48.535	132.45	-130.77	17.63
289.89	0.63209	21.678	194.67	-1.5107	15.067	265.3	-25.358	18.398	206.21	-76.907	60.966	121.3	-101.35	48.93	128.92	-131.17	17.891
289.9	0.62346	21.675	190.46	-1.4212	15.793	259.75	-23.937	18.307	202.15	-76.886	61.267	117.44	-102.08	49.335	125.25	-131.56	18.064
289.9	0.62694	21.681	186.15	-1.3264	16.582	253.96	-22.29	18.182	198.06	-76.793	61.589	113.48	-102.81	49.729	121.64	-132.23	18.384
289.9	0.61737	21.677	181.73	-1.2244	17.216	247.74	-20.655	17.847	193.85	-76.718	61.833	109.44	-103.56	50.098	117.72	-132.37	18.544
289.9	0.62207	21.689	177.11	-1.1484	17.859	241.31	-18.924	17.552	189.56	-76.652	62.113	105.31	-104.29	50.405	113.85	-132.8	18.705
289.9	0.61367	21.686	172.45	-1.0832	18.483	234.63	-17.084	17.341	185.14	-76.494	62.37	101.1	-105.01	50.722	109.93	-133.4	18.876
289.91	0.60729	21.686	167.71	-0.98503	18.861	227.61	-15.299	16.86	180.65	-76.334	62.605	96.819	-105.72	51.02	105.84	-133.66	18.949
289.9	0.61337	21.687	162.82	-0.9078	19.217	220.4	-13.504	16.435	176.11	-76.082	62.843	92.484	-106.4	51.233	101.67	-134	18.983
289.9	0.61092	21.682	157.82	-0.83705	19.463	213.01	-11.72	16.013	171.49	-75.776	62.985	88.101	-107.06	51.458	97.54	-134.47	19.045
289.9	0.61029	21.681	152.67	-0.72711	19.591	NaN	NaN	NaN	166.84	-75.385	63.133	83.684	-107.75	51.696	93.422	-134.96	19.21
289.9	0.61292	21.672	147.43	-0.63371	19.618	NaN	NaN	NaN	162.11	-74.922	63.249	79.281	-108.39	51.874	89.165	-135.27	19.219
289.9	0.61153	21.681	142.05	-0.51995	19.498	NaN	NaN	NaN	157.32	-74.406	63.28	74.833	-109.08	52.006	84.933	-135.63	19.22
289.9	0.61123	21.682	136.51	-0.36878	19.425	NaN	NaN	NaN	152.51	-73.813	63.309	70.413	-109.72	52.204	80.734	-136.16	19.283
289.89	0.61959	21.686	130.96	-0.21794	19.147	NaN	NaN	NaN	147.45	-73.422	62.966	65.924	-110.38	52.334	76.425	-136.51	19.423
289.89	0.61989	21.684	125.21	-0.094186	18.855	NaN	NaN	NaN	142.54	-72.791	62.924	61.466	-111.01	52.516	72.205	-136.93	19.469
289.89	0.62695	21.685	119.47	0.05407	18.612	NaN	NaN	NaN	137.63	-72.112	62.902	56.979	-111.68	52.584	67.932	-137.45	19.502
289.9	0.62694	21.681	113.65	0.23802	18.428	NaN	NaN	NaN	132.72	-71.438	62.755	52.536	-112.32	52.669	63.662	-137.83	19.507
289.89	0.62162	21.685	107.74	0.30087	18.179	NaN	NaN	NaN	127.79	-70.811	62.664	48.06	-112.98	52.696	59.32	-138.23	19.456
