140.02	-4.3026	20.286	-43.25	5.7991	-13.417	-16.935	9.0903	-17.986	-12.934	-53.052	41.296	-79.763	-114.66	27.798	-59.293	-139.99	-3.2505
140.02	-4.3	20.276	-43.272	5.7869	-13.422	-16.931	9.1058	-17.976	-12.941	-53.045	41.308	-79.775	-114.65	27.796	-59.293	-139.99	-3.237
140.02	-4.3	20.276	-43.269	5.7914	-13.433	-16.939	9.1028	-17.983	-12.937	-53.028	41.32	-79.775	-114.65	27.784	-59.285	-139.98	-3.2463
140.02	-4.3026	20.286	-43.285	5.7951	-13.44	-16.946	9.0998	-17.989	-12.95	-53.036	41.309	-79.782	-114.64	27.795	-59.288	-139.98	-3.2454
140.01	-4.3016	20.279	-43.281	5.7959	-13.424	-16.952	9.1085	-17.986	-12.946	-53.019	41.321	-79.788	-114.64	27.794	-59.292	-139.99	-3.247
140.01	-4.2983	20.283	-43.284	5.7941	-13.426	-16.957	9.1173	-17.984	-12.963	-53.018	41.312	-79.79	-114.64	27.779	-59.296	-139.98	-3.2347
140.01	-4.3071	20.28	-43.294	5.8018	-13.427	-16.951	9.1212	-17.978	-12.968	-53.008	41.316	-79.791	-114.63	27.795	-59.288	-139.97	-3.2281
140	-4.3028	20.277	-43.294	5.8062	-13.441	-16.961	9.1299	-17.98	-12.967	-53.006	41.317	-79.791	-114.63	27.795	-59.284	-139.98	-3.2406
140.01	-4.2966	20.287	-43.285	5.8083	-13.42	-16.966	9.126	-17.986	-12.963	-53.001	41.319	-79.795	-114.63	27.781	-59.285	-139.98	-3.2452
140.01	-4.2989	20.285	-43.29	5.8175	-13.416	-16.96	9.1299	-17.98	-12.956	-52.997	41.312	-79.795	-114.63	27.781	-59.291	-139.98	-3.2485
140.01	-4.3075	20.281	-43.298	5.8163	-13.436	-16.96	9.1315	-17.994	-12.952	-52.993	41.316	-79.795	-114.63	27.781	-59.282	-139.98	-3.2404
140.01	-4.3075	20.281	-43.296	5.8159	-13.421	-16.954	9.1461	-17.982	-12.948	-52.99	41.318	-79.787	-114.63	27.773	-59.284	-139.98	-3.2421
140.01	-4.3082	20.278	-43.295	5.821	-13.447	-16.95	9.15	-17.976	-12.949	-52.991	41.318	-79.795	-114.63	27.778	-59.279	-139.97	-3.2521
140	-4.2984	20.268	-43.276	5.8302	-13.418	-16.971	9.1854	-18.053	-12.941	-52.981	41.299	-79.781	-114.63	27.77	-59.281	-139.98	-3.2438
140.01	-4.2927	20.276	-43.276	5.8323	-13.431	-16.963	9.1885	-18.046	-12.917	-52.967	41.318	-79.776	-114.63	27.774	-59.273	-139.97	-3.2497
140.03	-4.297	20.282	-43.266	5.8395	-13.423	-16.955	9.1953	-18.039	-12.905	-52.958	41.316	-79.771	-114.61	27.773	-59.273	-139.97	-3.2514
140.02	-4.298	20.28	-43.271	5.8356	-13.426	-16.954	9.1969	-18.052	-12.907	-52.959	41.301	-79.763	-114.62	27.772	-59.268	-139.97	-3.2455
140.03	-4.2969	20.282	-43.263	5.8417	-13.433	-16.938	9.202	-18.038	-12.885	-52.955	41.298	-79.749	-114.61	27.769	-59.266	-139.97	-3.258
140.03	-4.2883	20.278	-43.254	5.8585	-13.405	-16.951	9.2013	-18.063	-12.876	-52.949	41.294	-79.752	-114.61	27.77	-59.262	-139.96	-3.2568
140.02	-4.2866	20.273	-43.252	5.863	-13.416	-16.924	9.2015	-18.046	-12.864	-52.941	41.303	-79.751	-114.6	27.762	-59.261	-139.96	-3.265
140.04	-4.2887	20.279	-43.25	5.8638	-13.415	-16.924	9.2142	-18.038	-12.87	-52.93	41.291	-79.749	-114.59	27.764	-59.261	-139.95	-3.2504
140.03	-4.2919	20.273	-43.254	5.8636	-13.431	-16.926	9.2132	-18.041	-12.861	-52.924	41.301	-79.741	-114.59	27.757	-59.251	-139.95	-3.2564
140.03	-4.2909	20.276	-43.253	5.8666	-13.431	-16.926	9.2132	-18.041	-12.865	-52.924	41.298	-79.743	-114.57	27.762	-59.256	-139.94	-3.2549
140.03	-4.2931	20.284	-43.252	5.8895	-13.417	-16.92	9.2187	-18.049	-12.871	-52.914	41.299	-79.749	-114.58	27.756	-59.25	-139.95	-3.2555
140.03	-4.292	20.274	-43.251	5.88	-13.422	-16.93	9.2236	-18.053	-12.876	-52.905	41.302	-79.743	-114.57	27.762	-59.247	-139.95	-3.2549
140.03	-4.2946	20.283	-43.254	5.8791	-13.425	-16.921	9.2186	-18.049	-12.864	-52.898	41.311	-79.746	-114.57	27.749	-59.242	-139.95	-3.25
140.03	-4.292	20.273	-43.258	5.8759	-13.427	-16.923	9.2269	-18.03	-12.874	-52.903	41.304	-79.748	-114.57	27.746	-59.238	-139.96	-3.2667
140.03	-4.2957	20.282	-43.263	5.8867	-13.425	-16.931	9.222	-18.039	-12.874	-52.903	41.304	-79.74	-114.57	27.751	-59.244	-139.95	-3.2566
140.03	-4.2916	20.274	-43.27	5.8805	-13.418	-16.926	9.2274	-18.046	-12.87	-52.899	41.308	-79.737	-114.58	27.746	-59.245	-139.97	-3.265
140.02	-4.2872	20.284	-43.27	5.8805	-13.418	-16.937	9.219	-18.046	-12.874	-52.903	41.304	-79.74	-114.58	27.743	-59.23	-139.97	-3.2588
140.02	-4.3	20.276	-43.264	5.8845	-13.412	-16.931	9.2112	-18.044	-12.862	-52.909	41.308	-79.731	-114.59	27.743	-59.236	-139.99	-3.2715
140.02	-4.3006	20.277	-43.27	5.8686	-13.424	-16.93	9.222	-18.039	-12.861	-52.907	41.295	-79.733	-114.59	27.74	-59.236	-139.99	-3.2835
140.02	-4.3	20.276	-43.27	5.8686	-13.424	-16.941	9.2161	-18.048	-12.857	-52.903	41.297	-79.724	-114.6	27.732	-59.231	-139.99	-3.2815
140.01	-4.3055	20.27	-43.277	5.8749	-13.424	-16.938	9.219	-18.045	-12.852	-52.9	41.29	-79.715	-114.61	27.73	-59.229	-139.99	-3.2884
140.02	-4.2983	20.28	-43.268	5.8694	-13.423	-16.934	9.2191	-18.041	-12.848	-52.911	41.285	-79.701	-114.6	27.74	-59.205	-139.99	-3.2864
140.02	-4.2995	20.279	-43.267	5.8689	-13.423	-16.926	9.2132	-18.041	-12.849	-52.924	41.264	-79.695	-114.61	27.738	-59.214	-139.98	-3.2882
140.02	-4.3127	20.281	-43.257	5.874	-13.413	-16.92	9.2187	-18.049	-12.839	-52.918	41.285	-79.687	-114.61	27.723	-59.21	-140.01	-3.2889
140.03	-4.3067	20.277	-43.264	5.869	-13.42	-16.926	9.2147	-18.055	-12.831	-52.913	41.279	-79.684	-114.61	27.725	-59.214	-140	-3.3028
140.04	-4.3028	20.284	-43.247	5.867	-13.41	-16.913	9.2075	-18.038	-12.825	-52.909	41.284	-79.676	-114.61	27.716	-59.201	-140.01	-3.313
140.03	-4.3021	20.27	-43.247	5.867	-13.41	-16.915	9.2099	-18.052	-12.813	-52.913	41.275	-79.663	-114.61	27.719	-59.2	-140.01	-3.3002
140.04	-4.3045	20.281	-43.246	5.8679	-13.411	-16.908	9.2129	-18.045	-12.811	-52.914	41.276	-79.655	-114.62	27.732	-59.199	-140.02	-3.3177
140.03	-4.3039	20.284	-43.246	5.867	-13.411	-16.903	9.2041	-18.048	-12.789	-52.91	41.274	-79.657	-114.62	27.718	-59.2	-140.01	-3.2982
140.04	-4.2959	20.28	-43.236	5.8727	-13.402	-16.909	9.2018	-18.067	-12.796	-52.914	41.268	-79.657	-114.62	27.718	-59.197	-140.02	-3.3151
140.04	-4.2959	20.28	-43.236	5.8742	-13.416	-16.9	9.2049	-18.061	-12.798	-52.915	41.267	-79.657	-114.61	27.738	-59.199	-140.01	-3.3096
140.05	-4.3033	20.279	-43.224	5.8807	-13.406	-16.894	9.2078	-18.053	-12.793	-52.911	41.259	-79.666	-114.61	27.721	-59.196	-140.01	-3.3103
140.04	-4.3002	20.274	-43.233	5.8772	-13.413	-16.886	9.2146	-18.045	-12.791	-52.911	41.26	-79.67	-114.6	27.72	-59.206	-140	-3.3125
140.05	-4.2931	20.282	-43.232	5.8773	-13.413	-16.892	9.2116	-18.053	-12.791	-52.898	41.266	-79.674	-114.6	27.721	-59.2	-140.01	-3.3102
140.04	-4.2965	20.278	-43.233	5.8787	-13.414	-16.889	9.2123	-18.065	-12.79	-52.894	41.269	-79.669	-114.6	27.723	-59.203	-140	-3.2946
140.04	-4.2967	20.279	-43.234	5.889	-13.406	-16.894	9.2121	-18.069	-12.8	-52.886	41.267	-79.69	-114.59	27.72	-59.204	-139.99	-3.3047
140.03	-4.2909	20.276	-43.232	5.8928	-13.405	-16.902	9.2181	-18.069	-12.791	-52.882	41.288	-79.693	-114.59	27.72	-59.2	-140	-3.2933
140.04	-4.2902	20.278	-43.228	5.8961	-13.401	-16.897	9.2219	-18.063	-12.805	-52.878	41.282	-79.701	-114.58	27.708	-59.206	-140	-3.2812
140.03	-4.2944	20.272	-43.242	5.8982	-13.408	-16.905	9.2189	-18.07	-12.812	-52.868	41.284	-79.714	-114.58	27.716	-59.214	-139.99	-3.279
140.03	-4.3021	20.282	-43.235	5.9044	-13.4	-16.905	9.2189	-18.07	-12.819	-52.872	41.292	-79.724	-114.57	27.712	-59.191	-139.98	-3.2601
140.03	-4.2971	20.282	-43.248	5.8962	-13.413	-16.91	9.215	-18.076	-12.823	-52.863	41.31	-79.731	-114.57	27.721	-59.201	-139.99	-3.2669
140.03	-4.2984	20.28	-43.246	5.898	-13.41	-16.909	9.2277	-18.067	-12.837	-52.86	41.304	-79.743	-114.57	27.707	-59.219	-140	-3.2862
140.03	-4.2951	20.286	-43.248	5.8962	-13.413	-16.897	9.222	-18.063	-12.838	-52.861	41.303	-79.744	-114.57	27.718	-59.199	-139.99	-3.2664
140.02	-4.2998	20.278	-43.246	5.898	-13.41	-16.91	9.2277	-18.067	-12.845	-52.879	41.291	-79.744	-114.57	27.72	-59.208	-139.99	-3.2695
140.04	-4.3028	20.284	-43.248	5.8817	-13.406	-16.907	9.2179	-18.073	-12.834	-52.899	41.284	-79.735	-114.58	27.72	-59.2	-140	-3.2555
140.03	-4.3047	20.28	-43.244	5.8825	-13.402	-16.901	9.2107	-18.09	-12.821	-52.934	41.273	-79.725	-114.58	27.722	-59.237	-140.01	-3.2831
140.04	-4.3006	20.286	-43.22	5.881	-13.389	-16.89	9.2309	-18.086	-12.805	-52.967	41.251	-79.719	-114.58	27.724	-59.211	-140.02	-3.2571
140.04	-4.3006	20.286	-43.203	5.862	-13.39	-16.871	9.2393	-18.117	-12.787	-53.035	41.197	-79.679	-114.58	27.73	-59.204	-140.05	-3.2548
140.04	-4.3013	20.284	-43.164	5.8385	-13.377	-16.856	9.2603	-18.189	-12.73	-53.134	41.161	-79.639	-114.59	27.76	-59.185	-140.06	-3.2666
140.05	-4.3059	20.278	-43.091	5.8037	-13.309	-16.836	9.3102	-18.273	-12.626	-53.278	41.098	-79.574	-114.61	27.812	-59.113	-140.1	-3.2039
140.05	-4.3062	20.289	-42.993	5.7477	-13.306	-16.799	9.4723	-18.321	-12.499	-53.428	41.044	-79.506	-114.65	27.853	-59.069	-140.11	-3.1753
140.04	-4.3015	20.286	-42.864	5.582	-12.997	-16.821	9.7701	-18.479	-12.385	-53.606	40.985	-79.417	-114.71	27.923	-58.964	-140.13	-3.1006
140.04	-4.3092	20.285	-42.73	5.4364	-12.739	-16.882	10.016	-18.643	-12.224	-53.825	40.912	-79.3	-114.79	27.99	-58.844	-140.16	-3.0439
140.04	-4.3092	20.285	-42.677	5.3388	-12.569	-16.932	10.359	-18.743	-11.985	-54.031	40.892	-79.171	-114.89	28.038	-58.662	-140.36	-3.0534
140.05	-4.3049	20.291	-42.518	5.3147	-12.151	-16.839	10.64	-18.584	-11.722	-54.292	40.882	-79.002	-114.99	28.113	-58.534	-140.42	-3.0172
140.04	-4.3087	20.272	-42.325	5.2444	-11.26	-16.626	10.97	-18.04	-11.39	-54.692	40.92	-78.781	-115.16	28.173	-58.444	-140.55	-3.0756
140.04	-4.3096	20.286	-42.076	5.1621	-10.197	-16.112	11.158	-17.137	-10.949	-55.242	41.059	-78.509	-115.37	28.252	-58.301	-140.63	-3.1383
140.04	-4.3108	20.284	-41.56	5.2558	-8.6309	-15.326	11.237	-16.101	-10.434	-55.934	41.292	-78.186	-115.63	28.331	-58.059	-140.87	-3.218
140.05	-4.3048	20.279	-41.086	5.2464	-7.1036	-14.216	11.272	-14.694	-9.8239	-56.805	41.726	-77.805	-115.95	28.467	-57.889	-140.98	-3.2969
140.05	-4.315	20.288	-40.666	5.0955	-5.6161	-12.838	11.206	-13.175	-9.1909	-57.823	42.186	-77.382	-116.37	28.592	-57.798	-141	-3.5276
140.05	-4.3152	20.288	-40.089	4.7927	-3.6903	-11.059	11.143	-11.461	-8.4677	-58.998	42.727	-76.896	-116.81	28.764	-57.328	-141.44	-3.6398
140.06	-4.3131	20.29	-39.323	4.509	-2.1273	-8.5256	11.134	-9.5614	-7.7331	-60.24	43.295	-76.357	-117.32	28.984	-57.146	-141.55	-3.7455
140.05	-4.3056	20.293	-38.492	4.0675	-0.47179	-5.7094	11.042	-7.6287	-6.9108	-61.525	43.884	-75.713	-117.87	29.208	-56.599	-142.07	-3.8173
140.06	-4.3121	20.294	-37.613	3.589	1.1774	-2.6166	10.783	-5.6747	-6.0031	-62.873	44.437	-74.97	-118.52	29.409	-56.158	-142.52	-3.947
140.06	-4.3122	20.294	-36.632	3.0147	2.776	0.82361	10.403	-3.6744	-5.0652	-64.296	44.881	-74.095	-119.21	29.657	-55.589	-143.02	-4.0262
140.06	-4.3119	20.295	-35.494	2.4742	4.2332	4.5653	9.7409	-1.7525	-4.0256	-65.722	45.421	-73.209	-119.88	29.861	-54.909	-143.5	-3.9391
140.07	-4.32	20.293	-34.221	1.8147	5.596	8.6995	8.7992	0.11657	-2.9384	-67.193	45.932	-72.346	-120.45	30.044	-54.093	-143.95	-3.6617
140.06	-4.327	20.298	-32.714	1.0001	6.8313	13.118	7.5438	1.9033	-1.7365	-68.679	46.537	-71.469	-120.93	30.222	-53.135	-144.41	-3.3101
140.07	-4.3341	20.299	-30.957	0.14614	7.8842	18.072	6.2425	4.081	-0.079174	-69.941	47.628	-70.427	-121.51	30.406	-51.968	-145.23	-3.1314
140.06	-4.3295	20.297	-28.947	-0.80086	8.6769	22.134	4.1963	5.3652	1.421	-71.584	48.251	-69.157	-122.25	30.679	-50.906	-145.84	-2.9287
140.06	-4.3391	20.292	-26.667	-1.9881	9.5379	26.996	2.3296	7.3882	3.1514	-73.392	48.91	-67.7	-123.08	30.943	-49.637	-146.72	-2.6417
140.05	-4.3444	20.299	-24.029	-3.1905	10.381	31.394	0.052841	8.9979	5.0436	-75.331	49.591	-66.13	-123.88	31.25	-48.309	-147.65	-2.3461
140.04	-4.341	20.295	-20.985	-4.5749	11.357	35.658	-2.3853	10.669	7.1743	-77.435	50.306	-64.449	-124.66	31.595	-46.805	-148.56	-2.0722
140.04	-4.342	20.293	-17.567	-6.0141	12.446	39.792	-4.9123	12.252	9.5032	-79.666	50.925	-62.632	-125.55	32.001	-45.169	-149.47	-1.817
140.05	-4.3382	20.3	-13.859	-7.5172	13.532	43.446	-7.6837	13.469	12.058	-82.044	51.605	-60.656	-126.52	32.45	-43.321	-150.66	-1.6018
140.04	-4.3418	20.294	-9.9537	-9.1731	14.804	47.741	-10.256	15.186	14.776	-84.474	52.244	-58.508	-127.55	32.957	-41.588	-151.58	-1.3091
140.05	-4.3367	20.3	-5.8541	-10.841	16.15	51.672	-13.003	16.552	17.632	-86.992	52.841	-56.215	-128.59	33.578	-40.084	-152.3	-1.1389
140.04	-4.3395	20.295	-1.6845	-12.558	17.492	55.594	-15.8	17.757	20.602	-89.494	53.28	-53.838	-129.66	34.194	-37.949	-153.49	-0.80525
140.05	-4.3352	20.302	2.517	-14.232	18.737	59.533	-18.604	18.803	23.631	-91.976	53.704	-51.387	-130.69	34.837	-36.14	-154.33	-0.53895
140.05	-4.3305	20.292	6.6548	-15.93	19.962	63.051	-21.586	19.297	26.746	-94.36	54.09	-48.852	-131.7	35.507	-34.268	-154.92	-0.16197
140.06	-4.3291	20.295	10.698	-17.529	20.988	67.476	-24.094	20.427	29.837	-96.63	54.373	-46.282	-132.66	36.176	-32.08	-156.06	0.26975
140.06	-4.3233	20.291	14.642	-19.01	21.847	71.007	-26.93	20.595	32.948	-98.715	54.669	-43.635	-133.59	36.805	-30.155	-156.59	0.69528
140.08	-4.3239	20.301	18.493	-20.474	22.605	74.991	-29.445	20.982	36.014	-100.59	54.786	-40.954	-134.47	37.516	-28.062	-157.35	1.174
140.09	-4.3216	20.303	22.164	-21.84	23.189	79.569	-31.54	21.801	39.053	-102.31	55.001	-38.283	-135.28	38.155	-25.696	-158.16	1.5114
140.08	-4.3233	20.299	25.679	-23.068	23.556	83.188	-33.899	21.613	42.072	-103.78	55.119	-35.577	-136.01	38.723	-23.203	-159.07	2.0451
140.09	-4.3312	20.298	29.046	-24.138	23.734	87.194	-35.823	21.711	44.991	-104.99	55.207	-32.847	-136.63	39.32	-20.929	-159.5	2.5611
140.08	-4.3233	20.299	32.157	-25.046	23.711	91.832	-37.285	22.371	47.881	-105.97	55.303	-30.187	-137.14	39.784	-18.299	-160.42	3.2788
140.08	-4.3231	20.3	35.177	-25.871	23.554	95.929	-38.764	22.429	50.725	-106.71	55.426	-27.507	-137.58	40.289	-16.12	-160.82	3.9543
140.08	-4.3255	20.298	38.016	-26.525	23.282	100.03	-40.068	22.491	53.52	-107.24	55.574	-24.85	-137.91	40.707	-13.281	-161.67	4.4936
140.06	-4.3229	20.304	40.738	-26.992	22.753	103.63	-41.4	22.124	56.275	-107.6	55.651	-22.197	-138.21	41.044	-10.974	-161.93	5.1208
140.06	-4.3283	20.296	43.374	-27.446	22.224	107.69	-42.382	22.122	58.995	-107.77	55.697	-19.527	-138.39	41.355	-8.2599	-162.57	5.5473
140.05	-4.3249	20.293	45.966	-27.777	21.509	112.11	-43.071	22.442	61.7	-107.83	55.686	-16.87	-138.5	41.609	-5.7	-162.88	6.2253
140.04	-4.3286	20.3	48.486	-28.003	20.668	115.6	-44.018	21.88	64.37	-107.77	55.587	-14.2	-138.54	41.838	-2.8285	-163.44	6.7571
140.04	-4.341	20.305	50.943	-28.094	19.777	119.53	-44.692	21.697	67.08	-107.59	55.402	-11.529	-138.51	42	-0.44157	-163.59	7.0527
140.03	-4.3364	20.291	53.357	-28.17	18.803	123.72	-45.147	21.702	69.818	-107.36	55.197	-8.8518	-138.47	42.234	2.4478	-164.13	7.5123
140.03	-4.338	20.302	55.627	-28.168	17.853	127.4	-45.645	21.247	72.602	-107.1	54.912	-6.1825	-138.38	42.381	4.9778	-164.25	7.8931
140.03	-4.3371	20.303	57.94	-28.043	16.95	130.94	-46.021	20.64	75.423	-106.78	54.494	-3.4766	-138.28	42.504	7.3989	-164.18	8.1623
140.03	-4.3346	20.305	60.112	-27.921	16.207	134.43	-46.335	19.981	78.223	-106.41	54.044	-0.73467	-138.13	42.645	9.9608	-164.17	8.4823
140.03	-4.3475	20.297	62.213	-27.671	15.473	137.77	-46.432	19.253	81.04	-106.02	53.534	1.9968	-137.97	42.75	12.6	-164.28	8.7656
140.04	-4.3386	20.296	64.251	-27.252	14.768	140.57	-46.564	18.044	83.862	-105.57	52.952	4.7149	-137.79	42.799	15.084	-164.2	8.8966
140.04	-4.3386	20.297	66.181	-26.829	14.14	143.97	-46.273	17.47	86.669	-105.04	52.347	7.4658	-137.58	42.93	17.595	-163.9	8.991
140.06	-4.3428	20.3	68.029	-26.33	13.585	146.83	-45.95	16.489	89.444	-104.47	51.756	10.197	-137.33	43.023	20.162	-163.86	9.1316
140.06	-4.3379	20.294	69.774	-25.761	13.064	149.46	-45.481	15.328	92.176	-103.77	51.164	12.896	-137.04	43.147	22.681	-163.7	9.1864
140.07	-4.3338	20.299	71.431	-25.083	12.49	151.94	-44.776	14.25	94.887	-102.97	50.54	15.531	-136.66	43.223	24.921	-163.03	9.3309
140.08	-4.3278	20.295	73.018	-24.422	12.098	154.15	-43.922	13.06	97.472	-102.15	49.975	18.087	-136.23	43.291	27.437	-162.93	9.4543
140.08	-4.3248	20.298	74.542	-23.609	11.521	155.93	-42.921	11.677	99.965	-101.16	49.425	20.591	-135.73	43.361	29.615	-162.19	9.5041
140.09	-4.3284	20.304	75.996	-22.867	11.127	157.7	-41.652	10.538	102.37	-100.07	48.998	22.944	-135.17	43.347	32.069	-161.98	9.611
140.09	-4.3291	20.302	77.391	-22.012	10.561	159.18	-40.154	9.391	104.67	-98.903	48.598	25.24	-134.51	43.436	34.23	-161.31	9.7538
140.09	-4.3194	20.307	78.781	-21.116	9.9623	160.41	-38.554	8.283	106.83	-97.591	48.288	27.412	-133.79	43.389	36.363	-160.66	9.8594
140.08	-4.3238	20.299	80.104	-20.221	9.3193	161.54	-36.736	7.37	108.87	-96.237	48.061	29.469	-132.96	43.328	38.404	-159.84	9.8835
140.08	-4.3238	20.299	81.36	-19.279	8.6545	140.07	-4.3166	20.298	110.78	-94.777	47.898	31.432	-132.06	43.3	40.551	-159.23	10.015
163.16	-32.896	5.6084	82.585	-18.279	7.892	140.06	-4.329	20.294	112.53	-93.269	47.803	33.28	-131.1	43.171	42.532	-158.33	10.091
163.16	-32.896	5.6084	83.862	-17.301	7.129	140.06	-4.3283	20.296	114.27	-91.695	47.785	35.081	-130.06	43.023	44.558	-157.7	10.251
163.16	-32.896	5.6084	85.113	-16.293	6.2721	140.04	-4.3286	20.3	115.83	-90.105	47.767	36.804	-128.96	42.89	46.585	-156.92	10.296
163.16	-32.896	5.6084	86.376	-15.275	5.528	140.03	-4.3213	20.302	117.4	-88.449	47.808	38.458	-127.89	42.752	48.609	-156	10.415
163.16	-32.896	5.6084	87.707	-14.262	4.8418	140.03	-4.3231	20.298	118.92	-86.81	47.862	40.095	-126.73	42.574	50.307	-154.83	10.44
163.16	-32.896	5.6084	89.032	-13.219	4.0025	140.02	-4.3208	20.303	120.36	-85.179	47.913	41.702	-125.6	42.416	52.296	-154.14	10.545
163.16	-32.896	5.6084	90.386	-12.158	3.4055	140.02	-4.3207	20.303	121.86	-83.569	48.012	43.281	-124.46	42.292	54.107	-153.12	10.614
163.16	-32.896	5.6084	91.72	-11.085	2.8327	140.01	-4.3226	20.3	123.3	-82.01	48.041	44.907	-123.37	42.176	55.943	-152.1	10.691
163.16	-32.896	5.6084	93.151	-10.011	2.3715	140.02	-4.3215	20.305	124.73	-80.487	48.159	46.507	-122.29	42.019	57.824	-151.24	10.744
163.16	-32.896	5.6084	94.649	-8.9501	1.9714	140.02	-4.3272	20.29	126.21	-79.038	48.269	48.106	-121.24	41.924	59.545	-150.14	10.685
163.16	-32.896	5.6084	96.269	-7.9202	1.6115	140.03	-4.3247	20.294	127.64	-77.661	48.378	49.701	-120.19	41.828	61.361	-149.29	10.801
163.16	-32.896	5.6084	98.031	-6.8654	1.1743	140.04	-4.3285	20.301	129.1	-76.366	48.568	51.283	-119.15	41.702	63.019	-148.15	10.761
163.16	-32.896	5.6084	99.981	-5.9285	0.77384	140.04	-4.331	20.297	130.59	-75.114	48.695	52.799	-118.11	41.618	64.78	-147.33	10.877
163.16	-32.896	5.6084	101.99	-5.0208	0.35963	140.05	-4.3317	20.293	132.14	-73.952	48.881	54.332	-117.07	41.5	66.324	-146.12	10.678
163.16	-32.896	5.6084	104.19	-4.1827	-0.052084	140.05	-4.3308	20.295	133.7	-72.878	49.02	55.822	-116.1	41.376	67.987	-145.37	10.831
163.16	-32.896	5.6084	106.52	-3.36	-0.45491	140.06	-4.3274	20.299	135.33	-71.875	49.162	57.403	-115.13	41.271	69.609	-144.28	10.619
163.16	-32.896	5.6084	108.93	-2.6545	-0.82648	140.07	-4.3347	20.298	136.94	-70.877	49.287	58.956	-114.24	41.159	71.329	-143.67	10.655
163.16	-32.896	5.6084	111.46	-2.0488	-1.1783	140.07	-4.3312	20.289	138.62	-69.999	49.419	60.556	-113.39	41.058	72.856	-142.54	10.439
163.16	-32.896	5.6084	114.02	-1.4479	-1.6442	140.06	-4.3255	20.303	140.33	-69.077	49.547	62.15	-112.56	40.991	74.652	-142.01	10.52
168.73	-2.6517	-5.3457	116.43	-1.0796	-2.2363	140.07	-4.3219	20.304	142.09	-68.239	49.666	63.766	-111.77	40.919	76.228	-141.13	10.384
168.3	-1.8686	-6.889	118.42	-1.1551	-3.4722	139.96	-4.357	20.294	143.6	-67.693	49.388	65.428	-111.05	40.917	77.886	-140.37	10.325
166.94	-0.56125	-6.9853	120.97	-0.74127	-3.6364	139.95	-4.3685	20.292	145.41	-66.889	49.494	67.137	-110.36	40.927	79.595	-139.74	10.249
166.1	0.28013	-7.6332	122.5	-0.20014	-3.7836	140.77	-4.1207	20.317	147.25	-66.139	49.629	68.86	-109.71	40.971	81.241	-139	10.293
165.31	1.0907	-8.1836	124.56	0.39641	-3.5476	142.88	-3.1864	20.406	149.03	-65.438	49.732	70.628	-109.14	41.083	82.895	-138.33	10.283
165.77	1.8907	-8.3464	126.61	0.9639	-3.3731	144.89	-2.5373	20.288	150.87	-64.744	49.917	72.447	-108.63	41.205	84.614	-137.68	10.289
167.34	2.3644	-8.3435	128.02	1.5491	-3.0997	146.97	-1.8207	20.42	152.72	-64.203	50.066	74.289	-108.18	41.298	86.352	-137.13	10.374
169.07	2.7179	-8.2909	129.8	2.1685	-2.6864	148.89	-1.3382	20.499	154.57	-63.734	50.242	76.145	-107.72	41.513	88.119	-136.58	10.456
170.23	2.6857	-8.7474	131.74	2.725	-2.517	150.81	-0.95302	20.853	156.51	-63.299	50.485	77.963	-107.29	41.703	89.897	-136.07	10.584
172.91	3.4104	-7.5648	134.21	3.5591	-1.2906	152.77	-0.61229	21.254	158.48	-62.94	50.838	79.817	-106.79	41.899	91.674	-135.51	10.752
174.94	3.7986	-6.973	136.37	4.0705	-0.82347	154.76	-0.25596	21.737	160.47	-62.737	51.17	81.678	-106.34	42.062	93.339	-134.9	10.797
177.09	4.1085	-6.363	138.62	4.5161	-0.080753	156.89	0.07361	22.345	162.52	-62.528	51.602	83.601	-105.88	42.255	95.296	-134.55	11.041
179.37	4.4261	-5.6571	140.92	4.973	0.54372	159.07	0.39285	23.024	164.57	-62.37	52.045	85.585	-105.5	42.44	97.347	-134.24	11.138
181.7	4.6563	-4.9935	143.35	5.3753	1.2745	161.41	0.64052	23.741	166.7	-62.256	52.591	87.635	-105.15	42.725	99.277	-133.77	11.207
184.12	4.8287	-4.271	145.82	5.7176	1.8839	163.84	0.84487	24.399	168.83	-62.165	53.104	89.731	-104.77	42.973	101.22	-133.35	11.49
186.67	5.032	-3.4358	148.39	6.0198	2.6613	166.34	1.0125	25.122	171.02	-62.081	53.687	91.847	-104.42	43.227	103.32	-132.93	11.791
189.27	5.2264	-2.5471	151	6.3275	3.3599	168.88	1.1737	25.917	173.27	-61.993	54.345	94.001	-104.05	43.512	105.4	-132.59	11.923
191.87	5.3572	-1.6757	153.68	6.5434	4.1125	171.45	1.3423	26.784	175.52	-61.946	55.003	96.202	-103.75	43.802	107.69	-132.3	12.173
194.58	5.5507	-0.61418	156.42	6.7873	4.8339	174	1.439	27.595	177.81	-61.895	55.681	98.45	-103.42	44.169	109.87	-132.08	12.543
197.33	5.661	0.27466	159.15	7.0181	5.6763	176.61	1.5777	28.487	180.13	-61.859	56.414	100.75	-103.15	44.519	112.04	-131.62	12.858
200.09	5.826	1.3496	161.99	7.2625	6.4642	179.28	1.666	29.428	182.51	-61.865	57.128	103.11	-102.87	44.875	114.3	-131.25	13.244
202.92	5.8716	2.2027	164.86	7.4289	7.3873	182.03	1.7014	30.346	184.97	-61.933	57.833	105.49	-102.6	45.224	116.71	-131.19	13.517
205.83	5.9354	3.2531	167.85	7.5193	8.2643	184.89	1.7611	31.23	187.44	-61.978	58.498	107.89	-102.34	45.594	119.06	-130.88	13.945
208.9	5.9085	4.134	170.88	7.6439	9.0691	187.81	1.7091	32.071	190.01	-62.066	59.275	110.3	-102.04	46.013	121.26	-130.42	14.285
212.04	5.8402	4.9885	174.04	7.8049	9.7292	190.82	1.6363	32.876	192.54	-62.192	59.905	112.76	-101.73	46.379	123.57	-130.13	14.646
215.23	5.7359	5.9493	177.25	7.7075	10.401	193.91	1.5166	33.672	195.19	-62.385	60.573	115.22	-101.4	46.703	125.99	-129.81	15.078
218.56	5.5406	6.6748	180.51	7.6438	10.984	197.1	1.3425	34.417	197.89	-62.535	61.269	117.72	-101.08	47.09	128.46	-129.55	15.354
221.31	5.0408	6.8538	183.9	7.5972	11.586	200.31	1.1442	35.09	200.58	-62.757	61.82	120.26	-100.71	47.39	130.98	-129.52	15.757
224.78	4.7838	7.5369	186.89	6.8822	11.573	203.6	0.94464	35.738	203.39	-62.946	62.389	122.83	-100.39	47.693	133.46	-129.27	16.128
228.17	4.4934	8.1183	190.38	6.7799	11.947	206.89	0.67499	36.271	206.2	-63.191	62.871	125.49	-100.04	47.944	135.79	-128.81	16.322
232.32	4.5816	9.4914	193.88	6.6522	12.52	210.26	0.40343	36.76	209.07	-63.435	63.362	128.15	-99.729	48.194	138.31	-128.54	16.616
235.84	4.2249	9.9496	197.43	6.3905	12.729	213.64	0.094615	37.109	212.01	-63.657	63.721	130.88	-99.399	48.424	140.79	-128.29	16.841
239.39	3.899	10.352	200.97	6.226	12.909	217.09	-0.15152	37.501	214.91	-63.932	64.027	133.6	-99.103	48.623	143.38	-128.04	17.1
242.91	3.5325	10.658	204.52	5.8832	13.256	220.52	-0.46796	37.758	217.9	-64.187	64.224	136.36	-98.787	48.846	145.94	-127.83	17.257
245.9	2.8339	10.238	207.99	5.7312	13.241	223.89	-0.79269	37.9	220.92	-64.397	64.417	139.11	-98.523	49.02	148.41	-127.41	17.495
249.28	2.4141	10.362	211.46	5.4144	13.552	227.26	-1.1438	38.062	223.91	-64.741	64.492	141.91	-98.252	49.177	151.09	-127.34	17.721
252.8	2.0956	10.564	214.87	5.0679	13.748	230.62	-1.4914	38.168	226.96	-65.047	64.537	144.69	-98.01	49.306	153.65	-127.2	17.792
256.62	2.0081	11.17	218.2	4.8906	13.868	233.98	-1.8698	38.237	229.98	-65.349	64.572	147.45	-97.794	49.389	156.27	-127.21	17.937
259.85	1.61	11.141	221.49	4.7498	13.818	237.29	-2.2053	38.274	232.93	-65.723	64.431	150.19	-97.594	49.5	158.52	-126.73	17.826
262.6	0.98536	10.505	224.74	4.3197	13.954	240.58	-2.5707	38.304	235.91	-66.021	64.336	152.89	-97.415	49.573	161.13	-126.86	17.876
266.22	0.88074	10.954	227.86	4.1692	13.916	243.78	-2.8767	38.274	238.74	-66.348	64.153	155.53	-97.252	49.578	163.3	-126.32	17.884
268.79	0.2933	10.245	230.92	3.9598	13.634	246.9	-3.1896	38.215	241.51	-66.66	63.946	158.09	-97.07	49.521	165.62	-126.18	17.696
271.77	-0.091251	10.047	233.92	3.7179	13.773	249.92	-3.5345	38.063	244.23	-66.888	63.78	160.59	-96.896	49.459	168.13	-126.32	17.742
275.24	-0.16807	10.36	236.86	3.3561	13.526	252.84	-3.8496	37.859	246.79	-67.093	63.555	163.01	-96.676	49.299	170.02	-125.86	17.501
278.14	-0.52219	10.143	239.73	3.0697	13.31	255.66	-4.1524	37.516	249.25	-67.304	63.278	165.33	-96.426	49.121	172.24	-125.63	17.419
280.94	-0.89518	9.8245	242.51	2.8484	12.941	258.42	-4.4354	37.206	251.62	-67.447	63.103	167.55	-96.177	48.903	174.28	-125.57	17.199
283.18	-1.6144	8.8903	245.23	2.5257	12.57	261.05	-4.7448	36.832	253.87	-67.575	62.846	169.68	-95.92	48.64	176.48	-125.82	17.091
285.84	-2.0339	8.5264	247.89	2.1254	11.966	263.61	-5.0404	36.437	255.99	-67.639	62.593	171.71	-95.601	48.335	178.14	-125.29	16.767
288.91	-2.1989	8.7244	250.45	1.7757	11.334	266.09	-5.2937	36.029	258	-67.762	62.315	173.67	-95.293	48.022	179.95	-125.16	16.633
291.45	-2.5697	8.4348	252.87	1.6284	10.714	268.42	-5.6071	35.51	259.95	-67.852	62.042	175.51	-94.982	47.691	181.76	-125.01	16.333
293.28	-3.2757	7.4048	255.23	1.248	10.278	270.68	-5.8422	35.086	261.85	-67.923	61.738	177.3	-94.679	47.347	183.41	-124.83	16.189
295.49	-3.6836	6.9473	257.39	0.97119	9.8244	272.78	-6.1355	34.585	263.64	-68.032	61.391	178.98	-94.399	47.006	185.09	-124.66	15.911
297.55	-3.9807	6.4841	259.46	0.63423	9.316	274.79	-6.3289	34.181	265.35	-68.13	60.977	180.58	-94.159	46.656	186.5	-124.57	15.511
299.96	-3.9646	6.5866	261.39	0.39891	8.6967	276.61	-6.5534	33.617	267.02	-68.184	60.563	182.13	-93.896	46.305	188.03	-124.43	15.29
301.23	-4.4295	5.4473	263.11	0.24793	8.2644	278.4	-6.6762	33.102	268.63	-68.23	60.136	183.61	-93.694	45.969	189.26	-124.32	14.944
303.32	-4.2951	5.4299	264.73	0.061597	7.5223	280	-6.7969	32.463	270.11	-68.247	59.559	185.02	-93.514	45.631	190.49	-124.19	14.557
304.8	-4.3647	4.7406	266.12	0.081323	6.9204	281.55	-6.776	31.909	271.6	-68.164	59.045	186.35	-93.342	45.279	191.77	-124	14.442
306.11	-4.3231	4.0165	267.45	-0.0099856	6.2705	282.86	-6.8212	31.162	272.92	-68.075	58.418	187.63	-93.169	44.951	192.84	-123.88	14.169
307.32	-4.2374	3.2348	268.6	-0.046796	5.5814	284.11	-6.714	30.491	274.18	-67.938	57.824	188.82	-92.991	44.601	193.85	-123.8	13.86
307.87	-4.4599	1.6944	269.6	-0.0067615	4.9797	285.23	-6.6323	29.697	275.39	-67.733	57.167	189.94	-92.819	44.251	194.9	-123.72	13.467
309.38	-4.0354	1.4876	270.6	-0.041128	4.0583	286.29	-6.459	28.932	276.52	-67.489	56.497	190.98	-92.645	43.893	195.79	-123.59	13.159
309.81	-4.1672	-0.0096534	271.4	0.1051	3.193	287.21	-6.319	28.04	277.57	-67.236	55.821	191.94	-92.467	43.547	196.59	-123.44	12.904
311.12	-3.7094	-0.30042	272.14	0.14059	2.2827	288.06	-6.1527	27.095	278.57	-66.938	55.189	192.82	-92.291	43.151	197.34	-123.42	12.58
311.78	-3.5876	-1.3681	272.81	0.076715	1.5449	288.81	-5.9628	26.242	279.46	-66.617	54.466	193.61	-92.109	42.782	198.43	-123.81	12.357
312.4	-3.4797	-2.4133	273.38	0.11461	0.46017	289.44	-5.7995	25.184	280.25	-66.315	53.732	194.35	-91.923	42.393	198.74	-123.23	11.977
312.97	-3.3567	-3.4424	273.86	0.087117	-0.48712	289.99	-5.6366	24.102	280.99	-65.974	53.023	194.99	-91.723	42.011	199.21	-123.13	11.758
313.37	-3.2645	-4.5915	274.29	0.17171	-1.7294	290.49	-5.4538	23.043	281.64	-65.648	52.249	195.55	-91.51	41.633	199.74	-123.07	11.394
313.26	-3.4934	-6.4501	274.59	0.09163	-2.6327	291.02	-5.1943	22.11	282.21	-65.329	51.463	196.02	-91.303	41.202	200.51	-123.47	11.273
314.17	-3.2009	-6.8824	274.75	0.22116	-3.2809	292.12	-4.3408	21.726	282.76	-65.05	50.625	196.44	-91.071	40.787	200.44	-122.94	10.856
314.45	-2.9657	-7.7017	274.93	0.37006	-3.561	292.32	-3.9895	21.722	283.27	-64.941	49.901	196.76	-90.896	40.357	200.75	-122.85	10.477
314.51	-2.811	-8.2815	274.97	0.70276	-3.858	292.4	-3.7549	21.703	283.69	-64.998	49.228	197.01	-90.779	39.899	200.91	-122.82	10.082
314.67	-2.4482	-8.5006	274.96	0.8664	-4.1336	292.47	-3.6281	21.715	283.99	-65.115	48.631	197.25	-90.775	39.517	201.37	-123.29	9.7204
314.82	-2.2443	-8.8112	274.88	0.97502	-4.2424	292.43	-3.4622	21.74	284.25	-65.243	48.089	197.46	-90.915	39.223	201.22	-122.8	9.1833
314.6	-2.467	-9.5568	274.81	1.0385	-4.3464	292.42	-3.3346	21.759	284.44	-65.341	47.614	197.63	-91.038	38.907	201.24	-122.79	8.8569
314.77	-2.3853	-9.7918	274.76	1.0828	-4.4434	292.42	-3.2775	21.766	284.53	-65.408	47.241	197.72	-91.068	38.651	201.54	-123.28	8.7098
314.67	-2.5929	-10.22	274.7	1.1201	-4.6087	292.41	-3.2544	21.777	284.5	-65.402	47.042	197.68	-91.041	38.461	201.24	-122.84	8.3887
314.68	-2.6681	-10.357	274.64	1.0883	-4.716	292.4	-3.252	21.769	284.39	-65.366	46.956	197.53	-90.982	38.344	201.12	-122.84	8.3605
314.68	-2.6681	-10.357	274.56	1.0219	-4.8684	292.37	-3.2471	21.771	284.19	-65.309	46.993	197.31	-90.93	38.268	200.95	-122.89	8.3508
314.68	-2.6681	-10.357	274.45	0.9331	-5.0364	292.34	-3.2486	21.745	283.92	-65.241	47.037	197.06	-90.89	38.236	200.78	-122.95	8.3832
314.68	-2.6681	-10.357	274.33	0.83118	-5.1961	292.27	-3.2426	21.727	283.7	-65.136	47.168	196.85	-90.86	38.254	200.54	-123.07	8.4216
314.7	-2.6597	-10.087	274.17	0.65962	-5.2824	292.15	-3.215	21.717	283.48	-65.004	47.322	196.66	-90.816	38.334	200.34	-123.13	8.6396
314.56	-2.6682	-10.075	274.11	0.51407	-5.5906	292	-3.1927	21.715	283.22	-64.861	47.409	196.42	-90.809	38.428	200.16	-123.13	8.8399
314.56	-2.4675	-9.8535	273.84	0.22086	-6.5483	291.69	-3.1723	21.743	282.94	-64.704	47.487	196.18	-90.757	38.552	199.97	-123.21	9.1533
314.56	-2.4675	-9.8535	273.43	-0.096225	-7.2519	291.35	-3.1571	21.763	282.68	-64.451	47.568	195.92	-90.704	38.63	199.82	-123.25	9.3968
313.99	-2.626	-10.415	273.01	-0.39422	-7.6951	291.24	-3.0444	21.782	282.39	-64.238	47.615	195.68	-90.567	38.693	199.62	-123.3	9.6998
313.91	-2.7536	-10.578	272.8	-0.49942	-7.8083	291.03	-2.9932	21.776	282.08	-64.106	47.565	195.42	-90.359	38.717	199.37	-123.3	9.9701
313.91	-2.7536	-10.578	272.55	-0.557	-7.8363	290.82	-2.9598	21.746	281.8	-64.041	47.634	195.07	-90.214	38.688	199.02	-123.35	9.9795
314.26	-2.5962	-10.054	272.24	-0.60527	-8.1964	290.6	-2.9435	21.734	281.44	-64.002	47.594	194.74	-90.212	38.744	198.77	-123.38	10.109
313.65	-3.3994	-11.268	271.86	-0.72234	-8.6506	290.31	-3.0239	21.796	281.07	-63.852	47.512	194.42	-90.243	38.761	198.54	-123.51	10.239
313.55	-3.7199	-12.076	271.36	-0.83201	-8.9501	290.07	-3.0881	21.8	280.71	-63.585	47.284	194.12	-90.249	38.729	198.25	-123.62	10.328
313.62	-3.9481	-12.409	270.63	-0.85348	-9.4797	289.77	-3.1069	21.762	280.41	-63.298	47.09	193.81	-90.175	38.674	197.85	-123.76	10.441
313.85	-4.1577	-12.756	269.78	-0.77266	-10.158	289.58	-3.1007	21.735	279.97	-63.068	46.779	193.41	-90.066	38.574	197.56	-123.79	10.593
314.17	-4.51	-13.2	268.98	-0.70694	-10.622	289.44	-3.1091	21.748	279.57	-62.838	46.479	192.96	-90.025	38.522	197.13	-123.88	10.699
314.67	-4.8927	-13.377	268.21	-0.75653	-10.806	289.33	-3.0964	21.749	279.17	-62.679	46.223	192.49	-90.05	38.515	196.76	-124.1	10.739
315.3	-5.3482	-13.407	267.38	-0.70886	-10.815	289.28	-3.0586	21.736	278.71	-62.633	45.977	192.04	-90.117	38.469	196.43	-124.21	10.912
316.13	-5.9338	-13.184	266.58	-0.67762	-11.099	289.26	-3.0331	21.743	278.25	-62.631	45.897	191.61	-90.192	38.45	195.88	-124.4	10.872
317.08	-6.6292	-12.633	265.81	-0.64056	-11.22	289.3	-3.0347	21.741	277.71	-62.743	45.862	191.11	-90.304	38.518	195.42	-124.49	11.013
318.22	-7.4244	-11.865	264.99	-0.69092	-11.098	289.34	-3.0203	21.751	277.13	-62.921	45.95	190.56	-90.418	38.561	194.9	-124.8	11.112
319.38	-8.3413	-10.94	264.22	-0.79089	-10.924	289.34	-3.0239	21.746	276.52	-63.159	46.114	189.96	-90.576	38.736	194.42	-124.93	11.433
320.53	-9.3364	-9.8386	263.37	-0.8737	-10.598	289.32	-3.023	21.747	275.86	-63.473	46.319	189.33	-90.796	38.944	193.75	-125.21	11.556
321.64	-10.398	-8.5441	262.5	-0.96219	-10.246	289.29	-3.0287	21.739	275.22	-63.813	46.634	188.69	-91.074	39.19	193.22	-125.47	11.954
322.67	-11.484	-7.1878	261.55	-1.164	-9.7876	289.3	-3.0248	21.734	274.5	-64.241	46.928	188.02	-91.39	39.493	192.52	-125.89	12.183
323.58	-12.708	-5.7394	260.58	-1.3341	-9.3693	289.33	-3.0277	21.753	273.8	-64.7	47.287	187.31	-91.763	39.81	191.86	-126.16	12.486
324.4	-13.93	-4.2277	259.56	-1.5624	-8.6712	289.34	-3.032	21.756	273.02	-65.236	47.611	186.55	-92.191	40.148	191.09	-126.51	12.784
325.14	-15.206	-2.627	258.52	-1.837	-8.1309	289.32	-3.0382	21.736	272.21	-65.825	48.062	185.74	-92.638	40.528	190.26	-127	13.078
325.76	-16.694	-1.0792	257.47	-2.1383	-7.3554	289.3	-3.0376	21.739	271.39	-66.474	48.428	184.86	-93.096	40.937	189.3	-127.37	13.411
326.26	-18.189	0.52256	256.4	-2.4455	-6.7474	289.3	-3.0369	21.753	270.43	-67.205	48.855	183.89	-93.586	41.37	188.38	-127.77	13.728
326.53	-19.741	2.0704	255.29	-2.7991	-5.9769	289.32	-3.038	21.739	269.39	-67.993	49.342	182.84	-94.063	41.808	187.38	-128.08	14.036
326.6	-21.263	3.6894	254.2	-3.2219	-5.195	289.33	-3.0417	21.746	268.29	-68.822	49.911	181.7	-94.563	42.32	186.23	-128.53	14.481
326.47	-22.798	5.1283	253.03	-3.6309	-4.4	289.33	-3.0424	21.759	267.12	-69.658	50.507	180.48	-95.081	42.822	185.27	-129.42	14.913
326.12	-24.191	6.709	251.85	-4.138	-3.3451	289.31	-3.0462	21.751	265.83	-70.552	51.067	179.16	-95.617	43.378	183.71	-129.34	15.194
325.49	-25.591	8.1141	250.64	-4.6883	-2.3381	289.32	-3.0409	21.75	264.4	-71.482	51.817	177.7	-96.206	43.909	182.32	-129.76	15.549
324.61	-26.947	9.4385	249.31	-5.1629	-1.3123	289.32	-3.0393	21.753	262.89	-72.402	52.524	176.17	-96.769	44.502	180.78	-130.21	16.003
323.54	-28.182	10.8	247.91	-5.673	-0.069808	289.32	-3.0519	21.741	261.25	-73.326	53.385	174.49	-97.363	45.102	179.24	-130.54	16.479
322.22	-29.249	12.115	246.36	-6.1211	1.2909	289.32	-3.0472	21.734	259.43	-74.274	54.179	172.67	-97.957	45.734	177.5	-131.01	16.865
320.62	-30.181	13.398	244.67	-6.5262	2.6873	289.32	-3.0482	21.744	257.51	-75.146	55.047	170.75	-98.553	46.337	175.62	-131.4	17.226
318.77	-30.968	14.546	242.96	-6.91	4.1211	289.31	-3.0443	21.726	255.45	-75.974	55.974	168.68	-99.187	47.015	173.66	-131.8	17.664
316.65	-31.603	15.588	241.09	-7.2236	5.6709	289.32	-3.033	21.746	253.24	-76.786	56.814	166.49	-99.775	47.638	171.65	-132.14	18.126
314.28	-32.036	16.572	239.12	-7.4988	7.1976	289.32	-3.0347	21.744	250.87	-77.516	57.666	164.17	-100.36	48.314	169.54	-132.53	18.571
311.64	-32.277	17.554	237.02	-7.8253	8.9263	289.32	-3.0356	21.74	248.39	-78.204	58.591	161.72	-100.92	48.928	167.17	-132.87	18.994
308.77	-32.4	18.363	234.8	-8.0832	10.63	289.32	-3.0363	21.739	245.75	-78.835	59.527	159.14	-101.49	49.591	164.79	-133.15	19.481
305.7	-32.351	19.186	232.41	-8.2152	12.056	289.33	-3.0293	21.753	243.03	-79.359	60.343	156.44	-102.02	50.193	162.23	-133.5	19.866
302.46	-32.107	20.04	229.84	-8.3525	13.602	289.32	-3.0373	21.737	240.13	-79.809	61.137	153.62	-102.55	50.794	159.63	-133.74	20.156
298.97	-31.703	20.841	227.32	-8.1336	15.839	289.33	-3.0336	21.76	237.24	-79.952	62.327	150.7	-103.06	51.384	156.96	-134.03	20.593
295.27	-31.18	21.515	224.39	-7.9929	17.196	289.32	-3.033	21.746	234.05	-80.248	63.051	147.65	-103.51	51.964	154.08	-134.21	21.067
291.36	-30.499	22.233	221.21	-7.9164	18.634	289.33	-3.0262	21.757	230.74	-80.378	63.785	144.49	-103.97	52.529	151.22	-134.4	21.381
287.26	-29.679	22.935	217.8	-7.8348	19.903	289.32	-3.0391	21.752	227.28	-80.471	64.564	141.19	-104.39	53.082	148.2	-134.5	21.788
282.95	-28.716	23.564	214.13	-7.623	21.046	289.32	-3.0403	21.75	223.66	-80.463	65.286	137.77	-104.77	53.591	144.97	-134.65	22.177
278.43	-27.62	24.21	210.34	-7.4798	22.411	289.32	-3.0356	21.745	219.94	-80.33	65.89	134.23	-105.12	54.109	141.96	-135.02	22.629
273.58	-26.418	24.715	206.41	-7.0664	23.458	289.33	-3.0456	21.752	216.05	-80.191	66.662	130.58	-105.46	54.57	138.38	-134.87	22.884
268.58	-25.104	25.244	202.3	-6.7144	24.539	289.33	-3.0395	21.75	212.06	-79.947	67.303	126.82	-105.78	55.003	135.07	-135.25	23.269
263.28	-23.606	25.716	198.02	-6.3853	25.495	289.31	-3.0528	21.74	207.98	-79.657	67.901	122.97	-106.12	55.422	131.37	-135.1	23.42
257.68	-22.022	26.058	193.59	-5.9755	26.364	289.32	-3.0463	21.751	203.75	-79.315	68.613	119.03	-106.45	55.788	127.78	-135.22	23.682
251.88	-20.341	26.358	189.07	-5.5526	27.061	289.33	-3.0432	21.745	199.46	-78.947	69.076	115.03	-106.78	56.076	124.18	-135.31	23.972
245.78	-18.573	26.54	184.41	-5.0443	27.716	289.33	-3.044	21.741	195.09	-78.509	69.606	110.94	-107.09	56.395	120.32	-135.33	24.186
239.54	-16.77	26.707	179.58	-4.6683	28.244	289.33	-3.0414	21.745	190.63	-78.029	70.149	106.81	-107.39	56.662	116.5	-135.53	24.34
232.97	-14.963	26.613	174.76	-4.1638	28.719	289.32	-3.0438	21.74	186.13	-77.503	70.586	102.61	-107.71	56.915	112.67	-135.53	24.561
232.97	-14.963	26.613	169.73	-3.691	29.062	289.33	-3.0384	21.749	181.56	-76.951	70.957	98.359	-108.01	57.127	108.69	-135.63	24.717
213.82	-8.2996	28.165	164.62	-3.2199	29.406	219.3	-11.305	26.304	176.95	-76.32	71.264	94.067	-108.35	57.328	104.83	-135.84	24.893
289.32	-3.0343	21.743	159.51	-2.7113	29.67	NaN	NaN	NaN	172.28	-75.66	71.505	89.731	-108.69	57.483	100.74	-136.01	24.952
289.33	-3.0304	21.751	154.23	-2.1838	29.735	NaN	NaN	NaN	167.59	-74.967	71.731	85.401	-109.02	57.675	96.55	-136.03	24.997
289.33	-3.0378	21.75	148.86	-1.7473	29.873	NaN	NaN	NaN	162.88	-74.252	71.876	81.024	-109.38	57.824	92.568	-136.26	25.093
289.32	-3.0332	21.747	143.41	-1.2612	29.883	NaN	NaN	NaN	158.15	-73.508	71.95	76.642	-109.78	57.907	88.38	-136.23	25.188
289.32	-3.0362	21.739	137.94	-0.73284	29.755	NaN	NaN	NaN	153.38	-72.74	71.964	72.249	-110.17	58.083	84.26	-136.5	25.27
289.32	-3.038	21.736	132.38	-0.29178	29.622	NaN	NaN	NaN	148.58	-72.027	71.981	67.855	-110.56	58.159	79.979	-136.58	25.154
289.32	-3.0327	21.762	126.74	0.15593	29.357	NaN	NaN	NaN	143.56	-71.506	71.505	63.445	-111	58.22	75.808	-136.85	25.225
289.33	-3.0331	21.747	121.06	0.49606	29.21	NaN	NaN	NaN	138.73	-70.753	71.39	59.063	-111.39	58.26	71.678	-137.04	25.129
289.32	-3.0385	21.734	115.42	0.88375	28.786	NaN	NaN	NaN	133.91	-70.047	71.139	54.678	-111.85	58.188	67.405	-137.24	25.087
289.31	-3.0401	21.746	109.86	1.2301	28.484	NaN	NaN	NaN	129.11	-69.375	70.916	50.329	-112.27	58.139	63.21	-137.46	24.895
289.33	-3.0329	21.761	104.2	1.5265	28.036	NaN	NaN	NaN	124.31	-68.746	70.567	45.943	-112.75	58.065	58.918	-137.63	24.767
289.32	-3.0383	21.752	98.64	1.8244	27.589	NaN	NaN	NaN	119.49	-68.156	70.195	41.605	-113.19	57.901	54.758	-137.9	24.565
289.32	-3.035	21.757	93.035	2.0437	27.077	NaN	NaN	NaN	114.68	-67.579	69.736	37.279	-113.64	57.75	50.566	-138.19	24.211
289.33	-3.0443	21.743	87.511	2.2707	26.438	NaN	NaN	NaN	109.93	-67.009	69.298	32.991	-114.1	57.536	46.384	-138.37	24.008
289.32	-3.0486	21.745	81.933	2.3959	25.9	NaN	NaN	NaN	105.17	-66.465	68.807	28.728	-114.53	57.267	42.273	-138.7	23.695
289.32	-3.0502	21.73	76.154	2.6501	25.266	NaN	NaN	NaN	100.48	-65.952	68.282	24.516	-114.95	56.958	38.201	-139.02	23.291
289.31	-3.0449	21.742	70.353	2.8714	24.513	NaN	NaN	NaN	95.787	-65.513	67.678	20.365	-115.41	56.641	34.221	-139.35	22.913
289.34	-3.0374	21.75	64.746	2.9856	23.88	NaN	NaN	NaN	91.105	-64.97	67.053	16.243	-115.87	56.243	30.29	-139.65	22.541
289.32	-3.0355	21.744	59.241	3.1394	23.003	NaN	NaN	NaN	86.505	-64.467	66.406	12.19	-116.35	55.86	26.413	-139.99	22.126
289.33	-3.0323	21.749	53.432	3.5748	22.855	76.445	17.685	43.387	81.962	-63.983	65.724	8.1993	-116.78	55.434	22.594	-140.4	21.628
289.32	-3.0352	21.757	47.617	3.914	23.293	71.122	18.064	42.343	77.514	-63.537	65.089	4.2999	-117.18	54.966	18.896	-140.75	21.195
289.33	-3.0401	21.745	42.424	3.928	22.331	65.994	18.044	41.348	73.133	-63.084	64.454	0.45279	-117.56	54.511	15.184	-141.12	20.691
289.32	-3.0364	21.738	37.307	3.8958	21.359	60.93	17.988	40.407	68.806	-62.669	63.712	-3.3108	-118	54.033	11.642	-141.52	20.317
289.32	-3.0363	21.739	32.394	3.7884	20.356	56.187	17.575	39.597	64.643	-62.315	63.104	-6.9915	-118.39	53.492	8.1541	-141.86	19.8
289.32	-3.0346	21.757	27.657	3.6939	19.385	51.498	17.502	38.518	60.566	-62.018	62.386	-10.553	-118.8	52.978	4.7802	-142.26	19.301
289.32	-3.0365	21.739	23.074	3.5642	18.481	46.989	17.33	37.644	56.603	-61.754	61.724	-14.046	-119.2	52.423	1.4707	-142.67	18.778
289.32	-3.0347	21.757	18.746	3.4	17.59	42.738	17.168	36.781	52.806	-61.561	61.04	-17.42	-119.6	51.889	-1.6679	-143.04	18.332
289.32	-3.0375	21.737	14.562	3.2125	16.671	38.636	16.968	35.915	49.125	-61.393	60.432	-20.687	-120.01	51.344	-4.8456	-143.47	17.703
289.31	-3.0399	21.746	10.568	3.0063	15.788	34.674	16.769	34.864	45.553	-61.276	59.766	-23.83	-120.4	50.774	-7.7689	-143.83	17.296
289.31	-3.039	21.748	6.8144	2.7941	14.949	30.991	16.586	34.006	42.17	-61.2	59.15	-26.845	-120.76	50.195	-10.615	-144.24	16.727
289.32	-3.0351	21.741	3.2032	2.5674	14.131	27.434	16.304	33.145	38.924	-61.14	58.572	-29.751	-121.13	49.606	-13.315	-144.63	16.21
289.33	-3.0273	21.755	-0.23022	2.2851	13.292	24.099	16.099	32.294	35.784	-61.129	57.95	-32.48	-121.49	49.019	-15.885	-144.98	15.652
289.33	-3.0444	21.753	-3.4683	2.0267	12.46	20.906	15.815	31.527	32.808	-61.141	57.34	-35.153	-121.86	48.404	-18.428	-145.34	15.095
289.32	-3.0458	21.747	-6.5232	1.7784	11.703	17.864	15.563	30.779	30.008	-61.202	56.717	-37.684	-122.21	47.763	-20.879	-145.76	14.466
289.33	-3.0372	21.751	-9.4445	1.5199	10.91	15.006	15.316	29.996	27.332	-61.264	56.107	-40.109	-122.57	47.085	-23.118	-146.14	13.798
289.32	-3.0448	21.75	-12.156	1.2815	10.18	12.304	15.08	29.115	24.773	-61.365	55.466	-42.371	-122.89	46.381	-25.245	-146.48	13.128
289.34	-3.0361	21.754	-14.715	1.0519	9.4355	9.8222	14.819	28.502	22.35	-61.436	54.833	-44.573	-123.19	45.685	-27.308	-146.84	12.51
289.34	-3.0352	21.754	-17.147	0.80342	8.6099	7.4806	14.59	27.663	20.035	-61.501	54.161	-46.657	-123.5	44.871	-29.248	-147.2	11.68
289.34	-3.0348	21.744	-19.39	0.59247	7.7669	5.2264	14.375	26.75	17.841	-61.584	53.486	-48.598	-123.77	44.125	-31.003	-147.52	11.086
289.33	-3.0416	21.744	-21.502	0.34337	6.8681	3.1802	14.08	25.983	15.73	-61.671	52.745	-50.433	-124.03	43.352	-32.664	-147.83	10.323
289.34	-3.0378	21.749	-23.492	0.11402	5.8951	1.3011	13.903	25.002	13.751	-61.68	52.052	-52.196	-124.28	42.474	-34.187	-148.14	9.5379
289.33	-3.0396	21.749	-25.348	-0.081398	4.931	-0.49802	13.683	23.934	11.843	-61.734	51.373	-53.822	-124.5	41.606	-35.626	-148.4	8.7676
289.33	-3.0301	21.753	-27.043	-0.3091	3.9248	-2.0686	13.495	22.958	10.072	-61.702	50.722	-55.344	-124.71	40.725	-36.86	-148.78	7.9994
289.33	-3.0386	21.749	-28.647	-0.53105	2.8781	-3.6201	13.278	21.922	8.3366	-61.663	50.039	-56.731	-124.89	39.822	-38.03	-149.05	7.3148
289.32	-3.0351	21.758	-30.132	-0.68386	1.9022	-4.9926	13.061	20.909	6.7234	-61.627	49.408	-58.018	-125.04	38.881	-39.021	-149.38	6.5636
289.33	-3.0298	21.753	-31.499	-0.87766	0.83883	-6.2595	12.815	19.877	5.1754	-61.581	48.716	-59.187	-125.23	37.897	-39.986	-149.63	5.8273
289.32	-3.0323	21.747	-32.745	-1.087	-0.15888	-7.3388	12.656	18.824	3.7687	-61.484	48.075	-60.233	-125.38	36.986	-40.765	-149.96	5.0844
289.31	-3.0395	21.732	-33.933	-1.2531	-1.176	-8.404	12.453	17.685	2.4889	-61.415	47.433	-61.133	-125.53	36.009	-41.41	-150.26	4.4046
289.32	-3.0372	21.737	-34.912	-1.4243	-2.1379	-9.3272	12.24	16.633	1.2918	-61.363	46.767	-61.94	-125.68	35.06	-41.948	-150.53	3.5593
289.31	-3.0421	21.742	-35.725	-1.5362	-2.9705	-10.087	12.086	15.599	0.24339	-61.332	46.149	-62.627	-125.85	34.059	-42.402	-150.8	2.8866
289.31	-3.0312	21.737	-36.436	-1.6995	-3.9354	-10.704	11.863	14.575	-0.72016	-61.307	45.497	-63.231	-126	33.11	-42.728	-151.02	2.1425
289.3	-3.0361	21.729	-36.985	-1.9003	-4.9376	-11.181	11.669	13.633	-1.547	-61.282	44.938	-63.756	-126.12	32.172	-43.04	-151.24	1.3708
289.31	-3.0414	21.73	-37.373	-2.1114	-5.9485	-11.554	11.464	12.569	-2.2552	-61.3	44.324	-64.165	-126.23	31.228	-43.153	-151.46	0.72387
289.31	-3.0401	21.732	-37.211	-3.2627	-9.5084	-11.746	11.22	11.698	-2.895	-61.297	43.792	-64.5	-126.32	30.421	-43.262	-151.63	0.028225
289.31	-3.0452	21.725	-37.361	-3.6087	-10.784	-11.857	11.009	10.723	-3.4175	-61.28	43.312	-64.742	-126.4	29.696	-43.247	-151.7	-0.55982
289.3	-3.0472	21.735	-37.364	-4.3955	-13.279	-11.876	10.819	9.9985	-3.7977	-61.233	43.005	-64.944	-126.49	29.134	-43.115	-151.96	-0.97722
289.31	-3.044	21.726	-37.422	-4.4522	-13.418	-11.949	10.758	9.8529	-4.0226	-61.209	42.84	-65.073	-126.51	28.818	-43.018	-152.05	-1.1725
289.31	-3.0393	21.734	-37.327	-4.5181	-13.373	-11.838	10.694	9.9001	-4.0741	-61.329	42.878	-65.18	-126.54	28.68	-42.987	-152.12	-1.107
289.31	-3.0592	21.73	-37.177	-4.6421	-13.313	-11.598	10.616	9.9944	-3.9927	-61.455	43.155	-65.202	-126.58	28.723	-42.99	-152.17	-1.0364
289.31	-3.0526	21.742	-36.97	-4.7424	-13.229	-11.383	10.491	10.068	-3.9006	-61.571	43.488	-65.11	-126.64	28.847	-42.964	-152.2	-0.92695
289.32	-3.051	21.746	-36.7	-4.7661	-12.986	-11.144	10.455	10.236	-3.7592	-61.629	43.733	-64.955	-126.7	29.001	-42.919	-152.23	-0.83291
289.32	-3.049	21.748	-36.432	-4.7235	-12.684	-10.899	10.505	10.48	-3.5889	-61.657	43.928	-64.806	-126.69	29.166	-42.826	-152.19	-0.68892
289.32	-3.0499	21.744	-36.212	-4.6628	-12.499	-10.611	10.584	10.696	-3.3659	-61.661	44.117	-64.683	-126.58	29.249	-42.726	-152.13	-0.56214
289.33	-3.0528	21.753	-35.923	-4.5659	-12.389	-10.374	10.647	10.81	-3.1553	-61.633	44.173	-64.583	-126.42	29.25	-42.629	-152.06	-0.4894
289.33	-3.0554	21.751	-35.689	-4.4593	-12.356	-10.136	10.741	10.836	-2.9039	-61.562	44.195	-64.463	-126.3	29.257	-42.501	-151.97	-0.49564
289.34	-3.0471	21.75	-35.451	-4.3738	-12.52	-9.9522	10.844	10.671	-2.6444	-61.426	44.101	-64.29	-126.19	29.242	-42.366	-151.89	-0.50728
289.34	-3.0501	21.743	-35.281	-4.2592	-12.787	-9.7748	10.917	10.396	-2.4204	-61.244	43.884	-64.054	-126.05	29.207	-42.234	-151.78	-0.55289
289.33	-3.0398	21.746	-35.159	-4.1863	-13.113	-9.6078	11.097	9.9718	-2.1946	-60.995	43.633	-63.844	-125.89	29.165	-42.074	-151.65	-0.61379
289.34	-3.032	21.743	-35.069	-4.0361	-13.404	-9.4843	11.212	9.8021	-2.0228	-60.685	43.317	-63.658	-125.69	29.032	-41.881	-151.53	-0.7953
289.34	-3.0295	21.746	-35.075	-3.8276	-13.512	-9.5323	11.386	9.718	-1.7693	-60.407	43.067	-63.527	-125.48	28.908	-41.732	-151.41	-0.87296
289.33	-3.0288	21.735	-35.01	-3.6369	-13.544	-9.5033	11.547	9.7242	-1.5413	-60.235	42.849	-63.39	-125.28	28.847	-41.653	-151.3	-0.97018
289.34	-3.0174	21.74	-34.955	-3.4735	-13.572	-9.4617	11.677	9.7586	-1.3231	-60.101	42.76	-63.228	-125.13	28.762	-41.487	-151.2	-1.0031
289.34	-3.0147	21.741	-34.902	-3.3368	-13.555	-9.4501	11.812	9.6659	-1.1175	-59.96	42.672	-63.071	-125.05	28.779	-41.39	-151.1	-1.1353
289.33	-3.013	21.731	-34.875	-3.1991	-13.535	-9.4244	11.935	9.6853	-0.9905	-59.809	42.634	-62.926	-124.99	28.81	-41.299	-151.03	-1.1315
289.34	-3.0081	21.744	-34.852	-3.0773	-13.593	-9.4011	12.039	9.7094	-0.91143	-59.658	42.612	-62.825	-124.88	28.823	-41.251	-150.96	-1.1042
289.34	-3.007	21.727	-34.821	-2.9602	-13.586	-9.3893	12.19	9.5712	-0.86543	-59.485	42.648	-62.755	-124.74	28.831	-41.189	-150.89	-1.0428
289.35	-2.9997	21.741	-34.782	-2.8521	-13.62	-9.3476	12.306	9.5719	-0.84291	-59.341	42.674	-62.736	-124.6	28.828	-41.12	-150.8	-1.0067
289.33	-3.0084	21.725	-34.761	-2.744	-13.647	-9.3424	12.399	9.5403	-0.84581	-59.194	42.71	-62.726	-124.48	28.775	-41.043	-150.7	-1.0131
289.33	-3.0152	21.716	-34.746	-2.6288	-13.72	-9.2938	12.505	9.5399	-0.86963	-59.06	42.734	-62.684	-124.37	28.74	-40.963	-150.58	-1.0313
289.34	-3.0148	21.729	-34.742	-2.5588	-13.753	-9.2829	12.604	9.5258	-0.88683	-58.923	42.714	-62.628	-124.26	28.715	-40.895	-150.51	-1.0378
289.33	-3.0217	21.716	-34.743	-2.477	-13.783	-9.2893	12.677	9.5157	-0.88409	-58.818	42.685	-62.575	-124.2	28.664	-40.879	-150.48	-1.0455
289.34	-3.0207	21.731	-34.737	-2.3992	-13.804	-9.2862	12.728	9.5126	-0.84905	-58.727	42.64	-62.549	-124.13	28.639	-40.889	-150.43	-1.0505
289.33	-3.0241	21.741	-34.737	-2.3508	-13.836	-9.2943	12.77	9.4867	-0.80017	-58.657	42.601	-62.528	-124.06	28.638	-40.891	-150.4	-1.052
289.32	-3.0323	21.729	-34.742	-2.2851	-13.851	-9.2951	12.812	9.4946	-0.75377	-58.617	42.562	-62.528	-124.01	28.617	-40.902	-150.36	-1.0712
289.33	-3.0297	21.736	-34.753	-2.242	-13.864	-9.301	12.884	9.4063	-0.72226	-58.587	42.509	-62.504	-123.97	28.623	-40.911	-150.32	-1.0848
289.33	-3.0262	21.742	-34.754	-2.2131	-13.895	-9.3015	12.923	9.4153	-0.69212	-58.561	42.481	-62.487	-123.94	28.604	-40.924	-150.29	-1.1096
289.34	-3.031	21.747	-34.76	-2.1828	-13.892	-9.289	12.942	9.4081	-0.65564	-58.554	42.432	-62.492	-123.91	28.584	-40.922	-150.28	-1.1211
289.34	-3.0321	21.744	-34.76	-2.1764	-13.898	-9.28	12.958	9.4241	-0.63831	-58.543	42.431	-62.488	-123.89	28.567	-40.944	-150.28	-1.1576
289.34	-3.0236	21.733	-34.769	-2.1788	-13.919	-9.2762	12.97	9.4357	-0.62752	-58.56	42.411	-62.492	-123.89	28.547	-40.945	-150.29	-1.1784
289.32	-3.0323	21.729	-34.783	-2.1735	-13.933	-9.2813	12.966	9.4314	-0.61977	-58.568	42.398	-62.495	-123.89	28.507	-40.952	-150.28	-1.1933
289.33	-3.0228	21.745	-34.783	-2.18	-13.926	-9.2653	12.972	9.4465	-0.60703	-58.585	42.381	-62.484	-123.91	28.487	-40.951	-150.29	-1.2283
289.34	-3.0185	21.738	-34.788	-2.1963	-13.93	-9.259	12.973	9.4661	-0.61064	-58.613	42.348	-62.466	-123.92	28.476	-40.949	-150.3	-1.2747
289.34	-3.0173	21.739	-34.792	-2.2115	-13.935	-9.252	12.962	9.4651	-0.59018	-58.641	42.33	-62.466	-123.93	28.439	-40.953	-150.31	-1.2948
289.34	-3.0026	21.736	-34.814	-2.215	-13.944	-9.2466	12.963	9.4705	-0.56003	-58.672	42.314	-62.455	-123.94	28.429	-40.956	-150.32	-1.3209
289.34	-3.0025	21.736	-34.814	-2.215	-13.944	-9.2252	12.971	9.4909	-0.54613	-58.702	42.29	-62.443	-123.96	28.407	-40.967	-150.33	-1.3561
289.34	-3.005	21.733	-34.826	-2.2205	-13.944	-9.2275	12.951	9.4956	-0.52742	-58.731	42.253	-62.447	-123.96	28.389	-40.976	-150.33	-1.4065
289.34	-3.0088	21.74	-34.83	-2.2357	-13.949	-9.2183	12.964	9.5126	-0.49961	-58.736	42.237	-62.441	-123.97	28.384	-40.978	-150.33	-1.4226
289.34	-3.0081	21.741	-34.847	-2.2391	-13.955	-9.202	12.967	9.5287	-0.47445	-58.757	42.211	-62.434	-123.98	28.37	-40.996	-150.32	-1.459
289.32	-3.0168	21.728	-34.856	-2.236	-13.963	-9.1861	12.974	9.5437	-0.45743	-58.769	42.187	-62.429	-123.99	28.352	-41.021	-150.33	-1.4926
289.33	-3.0157	21.715	-34.865	-2.2328	-13.971	-9.1768	12.987	9.5607	-0.43069	-58.764	42.163	-62.426	-123.99	28.352	-41.043	-150.32	-1.5124
289.32	-3.0206	21.722	-34.86	-2.2221	-13.979	-9.1781	12.995	9.5681	-0.42259	-58.77	42.138	-62.427	-123.99	28.34	-41.061	-150.33	-1.5384
289.32	-3.0163	21.728	-34.871	-2.2136	-13.993	-9.163	13.002	9.5689	-0.4073	-58.772	42.116	-62.436	-123.98	28.325	-41.091	-150.31	-1.563
289.34	-3.0205	21.737	-34.877	-2.1964	-13.996	-9.1592	13.014	9.5806	-0.38046	-58.774	42.101	-62.44	-123.95	28.323	-41.115	-150.3	-1.5822
289.32	-3.0323	21.729	-34.877	-2.1844	-13.99	-9.1553	13.026	9.5923	-0.35973	-58.775	42.083	-62.465	-123.95	28.311	-41.146	-150.29	-1.6071
289.32	-3.0197	21.739	-34.888	-2.1815	-14.017	-9.1517	13.029	9.5691	-0.34866	-58.779	42.058	-62.483	-123.92	28.301	-41.165	-150.27	-1.6338
289.33	-3.0297	21.736	-34.871	-2.1606	-13.993	-9.16	13.047	9.5775	-0.33151	-58.765	42.046	-62.504	-123.91	28.282	-41.195	-150.26	-1.6327
289.33	-3.0289	21.722	-34.877	-2.1369	-14.002	-9.1494	13.052	9.5871	-0.31551	-58.775	42.019	-62.519	-123.89	28.28	-41.231	-150.24	-1.6548
289.33	-3.0299	21.734	-34.868	-2.111	-14.006	-9.1429	13.081	9.5952	-0.3106	-58.758	42.004	-62.53	-123.87	28.271	-41.263	-150.23	-1.6652
289.33	-3.0271	21.723	-34.864	-2.0893	-14.007	-9.1349	13.098	9.5969	-0.28448	-58.75	41.993	-62.554	-123.84	28.259	-41.308	-150.21	-1.6836
289.32	-3.0309	21.732	-34.861	-2.0742	-14.021	-9.1414	13.157	9.4608	-0.27123	-58.738	41.978	-62.572	-123.82	28.256	-41.399	-150.07	-1.7052
289.32	-3.0321	21.727	-34.858	-2.0591	-14.017	-9.1334	13.175	9.4625	-0.26071	-58.742	41.965	-62.573	-123.8	28.236	-41.442	-150.07	-1.7264
289.34	-3.0101	21.741	-34.846	-2.0255	-14.008	-9.1298	13.19	9.4731	-0.25297	-58.733	41.946	-62.582	-123.78	28.229	-41.461	-150.09	-1.7412
289.34	-3.0077	21.731	-34.842	-1.9973	-14.017	-9.1294	13.215	9.4626	-0.23549	-58.731	41.927	-62.596	-123.76	28.206	-41.48	-150.09	-1.762
289.32	-3.0167	21.727	-34.839	-1.9887	-14.024	-9.1243	13.22	9.4669	-0.22814	-58.712	41.913	-62.614	-123.74	28.188	-41.506	-150.1	-1.781
289.33	-3.0121	21.719	-34.833	-1.9658	-14.007	-9.1111	13.241	9.4729	-0.22049	-58.717	41.886	-62.632	-123.72	28.172	-41.48	-150.07	-1.7653
289.33	-3.0064	21.725	-34.827	-1.942	-14.01	-9.1023	13.248	9.4541	-0.20646	-58.716	41.866	-62.646	-123.7	28.162	-41.508	-150.08	-1.7762
289.33	-3.0018	21.724	-34.815	-1.9309	-13.996	-9.0883	13.269	9.4743	-0.21504	-58.706	41.84	-62.663	-123.69	28.142	-41.531	-150.06	-1.7948
289.33	-3.0008	21.725	-34.811	-1.9213	-14.004	-9.07	13.295	9.4847	-0.21888	-58.695	41.842	-62.68	-123.67	28.13	-41.561	-150.05	-1.7926
