141.9	-4.8194	20.171	-15.981	12.238	3.7758	-9.8268	7.8278	-18.277	-6.327	-54.279	42.434	-66.56	-120.86	25.978	-42.405	-147.1	-1.6601
141.9	-4.8194	20.171	-16.055	12.203	3.7067	-9.8318	7.8226	-18.269	-6.3359	-54.287	42.427	-66.56	-120.86	25.978	-42.399	-147.1	-1.6548
141.9	-4.8197	20.173	-15.981	12.24	3.7749	-9.8331	7.8241	-18.282	-6.3325	-54.285	42.428	-66.569	-120.87	25.972	-42.408	-147.11	-1.6627
141.9	-4.8212	20.168	-16.039	12.21	3.7218	-9.8322	7.8241	-18.282	-6.333	-54.299	42.433	-66.564	-120.86	25.963	-42.397	-147.12	-1.6485
141.9	-4.8228	20.167	-15.979	12.229	3.7687	-9.8327	7.8241	-18.282	-6.3369	-54.299	42.418	-66.566	-120.88	25.956	-42.408	-147.11	-1.6496
141.9	-4.8214	20.168	-16.055	12.203	3.7067	-9.8331	7.8241	-18.282	-6.3297	-54.296	42.438	-66.565	-120.87	25.968	-42.41	-147.11	-1.6397
141.9	-4.829	20.167	-15.984	12.223	3.7651	-9.835	7.8197	-18.271	-6.339	-54.3	42.418	-66.57	-120.88	25.954	-42.412	-147.11	-1.6525
141.9	-4.8304	20.165	-16.053	12.187	3.7024	-9.835	7.8197	-18.271	-6.3439	-54.305	42.425	-66.579	-120.87	25.961	-42.414	-147.12	-1.6557
141.9	-4.8228	20.167	-15.985	12.227	3.7632	-9.8264	7.8143	-18.268	-6.3447	-54.305	42.426	-66.572	-120.88	25.961	-42.409	-147.13	-1.6451
141.89	-4.8235	20.166	-15.984	12.223	3.7651	-9.8277	7.8137	-18.271	-6.3418	-54.304	42.426	-66.572	-120.88	25.961	-42.406	-147.12	-1.6664
141.89	-4.8254	20.177	-15.984	12.223	3.7651	-9.8359	7.8196	-18.271	-6.3425	-54.303	42.415	-66.57	-120.88	25.975	-42.415	-147.13	-1.6481
141.91	-4.827	20.171	-15.984	12.223	3.7651	-9.8359	7.8196	-18.271	-6.3365	-54.3	42.431	-66.574	-120.88	25.95	-42.404	-147.14	-1.6485
141.9	-4.8281	20.168	-15.984	12.223	3.7651	-9.835	7.8197	-18.271	-6.3422	-54.291	42.433	-66.575	-120.88	25.948	-42.412	-147.13	-1.6461
141.9	-4.8315	20.164	-15.984	12.223	3.7651	-9.8364	7.8196	-18.271	-6.3459	-54.307	42.422	-66.577	-120.89	25.957	-42.4	-147.13	-1.6574
141.91	-4.8223	20.164	-15.979	12.229	3.7687	-9.8318	7.8226	-18.269	-6.3443	-54.292	42.433	-66.578	-120.89	25.958	-42.4	-147.13	-1.6558
141.91	-4.8254	20.157	-16.047	12.192	3.7206	-9.8359	7.8196	-18.271	-6.3422	-54.291	42.433	-66.576	-120.88	25.947	-42.394	-147.13	-1.651
141.9	-4.8282	20.167	-15.989	12.219	3.761	-9.812	7.7778	-18.2	-6.3451	-54.294	42.432	-66.577	-120.89	25.957	-42.391	-147.12	-1.6476
141.9	-4.8258	20.17	-15.985	12.227	3.7632	-9.8323	7.8226	-18.269	-6.3502	-54.294	42.414	-66.577	-120.88	25.945	-42.391	-147.13	-1.6369
141.91	-4.8112	20.169	-16.059	12.187	3.6964	-9.8318	7.8226	-18.269	-6.3417	-54.29	42.434	-66.568	-120.88	25.965	-42.393	-147.13	-1.6525
141.9	-4.8191	20.172	-16.037	12.199	3.7157	-9.8327	7.8226	-18.269	-6.355	-54.286	42.43	-66.569	-120.89	25.949	-42.388	-147.13	-1.6348
141.9	-4.8179	20.171	-15.979	12.226	3.7697	-9.8274	7.8262	-18.264	-6.3437	-54.291	42.434	-66.571	-120.88	25.95	-42.391	-147.13	-1.6494
141.91	-4.8119	20.182	-16.039	12.21	3.7219	-9.8322	7.8241	-18.282	-6.3575	-54.286	42.416	-66.574	-120.88	25.947	-42.389	-147.14	-1.6535
141.9	-4.8283	20.168	-15.979	12.226	3.7697	-9.8241	7.8307	-18.275	-6.3431	-54.277	42.427	-66.572	-120.88	25.951	-42.383	-147.12	-1.6433
141.91	-4.8237	20.162	-15.979	12.229	3.7687	-9.8273	7.8278	-18.277	-6.3541	-54.284	42.418	-66.571	-120.88	25.95	-42.376	-147.13	-1.657
141.9	-4.817	20.174	-16.039	12.21	3.7219	-9.8277	7.8277	-18.277	-6.3481	-54.282	42.437	-66.569	-120.89	25.946	-42.373	-147.13	-1.6421
141.9	-4.8173	20.174	-15.979	12.229	3.7687	-9.8273	7.8278	-18.277	-6.3478	-54.281	42.423	-66.574	-120.88	25.947	-42.367	-147.14	-1.6427
141.9	-4.8215	20.169	-16.052	12.187	3.7029	-9.8236	7.8307	-18.275	-6.3436	-54.278	42.425	-66.562	-120.89	25.94	-42.376	-147.13	-1.6322
141.9	-4.8204	20.168	-16.048	12.193	3.7061	-9.8282	7.8277	-18.277	-6.3429	-54.291	42.433	-66.568	-120.89	25.945	-42.372	-147.13	-1.6396
141.9	-4.8223	20.167	-16.05	12.205	3.7123	-9.8326	7.8241	-18.282	-6.3389	-54.288	42.438	-66.566	-120.89	25.947	-42.361	-147.14	-1.6383
141.91	-4.827	20.17	-15.979	12.226	3.7697	-9.8273	7.8278	-18.277	-6.342	-54.278	42.441	-66.571	-120.89	25.944	-42.37	-147.14	-1.6432
141.9	-4.8292	20.167	-15.979	12.226	3.7697	-9.8326	7.8241	-18.282	-6.3368	-54.287	42.438	-66.567	-120.9	25.94	-42.37	-147.14	-1.6318
141.9	-4.8194	20.171	-15.979	12.229	3.7687	-9.8323	7.8226	-18.269	-6.3433	-54.279	42.44	-66.569	-120.89	25.945	-42.374	-147.14	-1.6329
141.9	-4.8314	20.164	-15.979	12.229	3.7687	-9.8407	7.8209	-18.289	-6.3421	-54.291	42.433	-66.573	-120.9	25.942	-42.383	-147.15	-1.6408
141.9	-4.8314	20.164	-16.052	12.186	3.717	-9.8269	7.8263	-18.264	-6.3429	-54.291	42.433	-66.569	-120.89	25.959	-42.382	-147.14	-1.6218
141.9	-4.8292	20.167	-15.988	12.217	3.7756	-9.8318	7.8226	-18.269	-6.3465	-54.28	42.424	-66.575	-120.9	25.952	-42.379	-147.15	-1.6383
141.9	-4.8281	20.168	-16.036	12.198	3.7302	-9.8323	7.8226	-18.269	-6.3473	-54.282	42.436	-66.573	-120.9	25.944	-42.385	-147.14	-1.6373
141.91	-4.8269	20.171	-15.979	12.229	3.7687	-9.8279	7.8262	-18.263	-6.3416	-54.29	42.434	-66.583	-120.89	25.953	-42.381	-147.14	-1.6344
141.9	-4.8259	20.17	-15.985	12.227	3.7632	-9.8279	7.8262	-18.263	-6.3549	-54.286	42.43	-66.584	-120.9	25.948	-42.378	-147.15	-1.6354
141.9	-4.8203	20.17	-15.985	12.227	3.7632	-9.8279	7.8262	-18.263	-6.3503	-54.282	42.435	-66.585	-120.89	25.952	-42.383	-147.14	-1.6225
141.9	-4.8277	20.167	-16.042	12.198	3.7238	-9.8318	7.8226	-18.269	-6.3571	-54.275	42.422	-66.588	-120.89	25.937	-42.382	-147.14	-1.6227
141.9	-4.8214	20.17	-16.053	12.189	3.7015	-9.8279	7.8262	-18.263	-6.3601	-54.288	42.427	-66.59	-120.9	25.949	-42.392	-147.14	-1.6263
141.9	-4.8181	20.171	-15.985	12.227	3.7632	-9.8111	7.7779	-18.2	-6.3712	-54.284	42.424	-66.593	-120.9	25.946	-42.392	-147.15	-1.6167
141.9	-4.8192	20.171	-16.047	12.192	3.7206	-9.8321	7.8352	-18.261	-6.3677	-54.28	42.427	-66.596	-120.9	25.944	-42.38	-147.15	-1.6258
141.9	-4.8194	20.171	-15.984	12.223	3.7651	-9.8379	7.8315	-18.265	-6.3608	-54.278	42.434	-66.588	-120.89	25.937	-42.383	-147.15	-1.6267
141.9	-4.8153	20.161	-16.063	12.181	3.6928	-9.8316	7.8352	-18.261	-6.3552	-54.287	42.443	-66.591	-120.9	25.946	-42.386	-147.15	-1.6286
141.9	-4.8183	20.172	-16.047	12.192	3.7206	-9.8318	7.8226	-18.269	-6.3557	-54.286	42.43	-66.586	-120.9	25.933	-42.381	-147.15	-1.6263
141.9	-4.8188	20.169	-16.058	12.187	3.7106	-9.8279	7.8262	-18.263	-6.3669	-54.279	42.414	-66.588	-120.9	25.949	-42.38	-147.15	-1.6265
141.91	-4.8239	20.159	-16.057	12.184	3.712	-9.8327	7.8226	-18.269	-6.353	-54.285	42.432	-66.587	-120.91	25.945	-42.38	-147.15	-1.6277
141.9	-4.8206	20.171	-16.054	12.191	3.7006	-9.8399	7.8194	-18.276	-6.3549	-54.286	42.43	-66.589	-120.91	25.941	-42.374	-147.16	-1.6268
141.9	-4.818	20.171	-16.053	12.187	3.7024	-9.8345	7.8231	-18.271	-6.3571	-54.288	42.428	-66.582	-120.9	25.948	-42.375	-147.15	-1.62
141.89	-4.8225	20.166	-16.052	12.188	3.7161	-9.8187	7.7747	-18.207	-6.3592	-54.289	42.428	-66.584	-120.91	25.947	-42.376	-147.16	-1.6295
141.9	-4.8221	20.165	-15.983	12.221	3.7797	-9.8103	7.7785	-18.197	-6.3597	-54.29	42.426	-66.584	-120.9	25.934	-42.38	-147.17	-1.6195
141.9	-4.819	20.169	-16.063	12.182	3.7065	-9.8391	7.818	-18.263	-6.3584	-54.289	42.427	-66.589	-120.91	25.941	-42.376	-147.16	-1.6298
141.9	-4.8158	20.176	-16.068	12.177	3.6888	-9.8354	7.823	-18.27	-6.3633	-54.29	42.424	-66.586	-120.9	25.933	-42.372	-147.16	-1.6226
141.91	-4.827	20.169	-15.982	12.212	3.7726	-9.8144	7.7767	-18.188	-6.3684	-54.296	42.433	-66.588	-120.91	25.943	-42.372	-147.16	-1.6251
141.9	-4.8322	20.16	-16.061	12.171	3.7003	-9.822	7.7702	-18.196	-6.3707	-54.285	42.437	-66.592	-120.91	25.941	-42.372	-147.16	-1.6123
141.9	-4.8303	20.165	-16.068	12.181	3.701	-9.8224	7.7702	-18.195	-6.3671	-54.28	42.428	-66.593	-120.91	25.94	-42.38	-147.17	-1.6354
141.9	-4.8287	20.167	-16.068	12.181	3.701	-9.8554	7.8207	-18.269	-6.3728	-54.287	42.435	-66.592	-120.91	25.939	-42.366	-147.16	-1.609
141.9	-4.8177	20.172	-15.989	12.22	3.7742	-9.8175	7.7738	-18.19	-6.3712	-54.284	42.424	-66.594	-120.91	25.928	-42.377	-147.16	-1.6298
141.89	-4.8214	20.167	-15.989	12.222	3.7733	-9.8144	7.7767	-18.188	-6.377	-54.288	42.431	-66.581	-120.92	25.932	-42.36	-147.15	-1.6156
141.9	-4.8178	20.171	-16.063	12.182	3.7065	-9.8144	7.7768	-18.188	-6.3783	-54.288	42.431	-66.586	-120.92	25.94	-42.369	-147.16	-1.6227
141.9	-4.8187	20.17	-16.068	12.179	3.7019	-9.843	7.8275	-18.256	-6.3707	-54.285	42.437	-66.584	-120.92	25.94	-42.363	-147.17	-1.6228
141.9	-4.8187	20.17	-16.063	12.182	3.7065	-9.8222	7.7827	-18.187	-6.3694	-54.284	42.438	-66.577	-120.91	25.933	-42.361	-147.17	-1.624
141.89	-4.8234	20.165	-16.062	12.18	3.7074	-9.8263	7.77	-18.2	-6.3604	-54.304	42.433	-66.576	-120.92	25.945	-42.362	-147.17	-1.6382
141.9	-4.8221	20.166	-16.062	12.18	3.7074	-9.8291	7.767	-18.203	-6.3566	-54.315	42.428	-66.574	-120.92	25.959	-42.373	-147.16	-1.6278
141.9	-4.8169	20.173	-16.06	12.17	3.7148	-9.8527	7.8236	-18.266	-6.3394	-54.345	42.434	-66.571	-120.93	25.957	-42.368	-147.17	-1.6151
141.9	-4.8267	20.168	-16.065	12.167	3.7239	-9.8522	7.8236	-18.266	-6.3225	-54.392	42.434	-66.556	-120.93	25.975	-42.376	-147.18	-1.6206
141.9	-4.8202	20.17	-16.057	12.157	3.7232	-9.8445	7.8284	-18.273	-6.3213	-54.447	42.42	-66.563	-120.94	25.995	-42.402	-147.19	-1.6265
141.9	-4.8212	20.167	-15.975	12.185	3.8039	-9.8368	7.8365	-18.278	-6.3207	-54.505	42.42	-66.563	-120.97	26.027	-42.411	-147.2	-1.6067
141.9	-4.8225	20.167	-16.048	12.144	3.7517	-9.8484	7.8486	-18.309	-6.3302	-54.571	42.411	-66.559	-120.98	26.05	-42.421	-147.21	-1.5738
141.9	-4.8213	20.169	-16.038	12.126	3.7716	-9.8232	7.9159	-18.336	-6.3377	-54.629	42.45	-66.539	-121.01	26.104	-42.423	-147.24	-1.5283
141.89	-4.8236	20.166	-16.018	12.139	3.8557	-9.8371	8.0056	-18.401	-6.3533	-54.722	42.507	-66.515	-121.06	26.175	-42.412	-147.28	-1.4843
141.89	-4.8262	20.176	-15.961	12.159	4.0418	-9.8844	8.1686	-18.464	-6.4046	-54.835	42.635	-66.475	-121.13	26.245	-42.375	-147.32	-1.4182
141.89	-4.8236	20.166	-15.96	12.084	4.4749	-9.9718	8.4331	-18.346	-6.4687	-54.981	42.825	-66.422	-121.23	26.288	-42.323	-147.38	-1.4029
141.9	-4.8244	20.179	-15.899	12.066	5.261	-10.005	8.7459	-17.898	-6.4519	-55.185	43.15	-66.353	-121.34	26.343	-42.276	-147.44	-1.3691
141.9	-4.8349	20.161	-15.727	12.249	6.2929	-9.8282	9.1399	-16.817	-6.4185	-55.62	43.571	-66.258	-121.49	26.473	-42.203	-147.49	-1.382
141.9	-4.8218	20.169	NaN	NaN	NaN	-9.3682	9.4923	-15.338	-6.3442	-56.187	44.153	-66.096	-121.72	26.567	-42.161	-147.58	-1.4524
141.9	-4.8302	20.166	NaN	NaN	NaN	-8.5468	9.8946	-13.327	-6.1253	-56.976	44.913	-65.89	-122	26.711	-42.001	-147.72	-1.4827
141.9	-4.8174	20.176	NaN	NaN	NaN	-7.3407	10.205	-11.015	-5.8539	-57.981	45.823	-65.635	-122.34	26.918	-41.857	-147.88	-1.5841
141.91	-4.8249	20.175	NaN	NaN	NaN	-5.5276	10.671	-8.2998	-5.4485	-59.177	46.782	-65.323	-122.76	27.142	-41.735	-148.05	-1.6725
141.91	-4.8239	20.176	NaN	NaN	NaN	-3.4277	10.892	-5.429	-5.0051	-60.43	47.831	-64.98	-123.2	27.407	-41.588	-148.23	-1.8378
141.91	-4.8252	20.175	-35.753	0.83983	2.054	-1.2111	10.904	-2.4983	-4.4112	-61.811	48.786	-64.587	-123.72	27.689	-41.271	-148.51	-1.8537
141.92	-4.8298	20.178	-34.865	0.46482	3.9919	1.0328	10.755	0.32401	-3.7925	-63.276	49.836	-64.121	-124.27	27.986	-40.982	-148.73	-1.8458
141.92	-4.8322	20.188	-33.576	-0.35504	4.7074	3.2846	10.373	3.1744	-3.0771	-64.737	50.795	-63.633	-124.82	28.325	-40.678	-149.13	-1.8876
141.92	-4.8317	20.194	-32.526	-0.87933	6.5117	5.8077	9.8385	5.8684	-2.2771	-66.218	51.808	-63.069	-125.38	28.682	-40.235	-149.48	-1.8064
141.92	-4.8458	20.18	-31.323	-1.3784	8.3493	8.5329	9.087	8.3437	-1.4295	-67.676	52.747	-62.493	-125.86	28.984	-39.768	-149.79	-1.3576
141.92	-4.8434	20.185	-29.905	-1.964	10.073	11.377	8.2066	10.665	-0.50845	-69.05	53.818	-61.861	-126.29	29.307	-39.126	-150.19	-0.96902
141.91	-4.8501	20.177	-28.331	-2.6849	11.484	14.374	7.1559	12.929	0.53058	-70.456	54.826	-61.11	-126.74	29.742	-38.364	-150.62	-0.66417
141.91	-4.8552	20.184	-26.603	-3.468	12.751	17.513	5.954	15.001	1.7156	-71.912	55.79	-60.209	-127.3	30.235	-37.483	-151.16	-0.2845
141.9	-4.8631	20.173	-24.675	-4.2769	14.058	20.644	4.602	17.062	3.4244	-73.107	57.234	-59.203	-127.91	30.724	-36.589	-151.91	0.29611
141.9	-4.8627	20.175	-22.634	-5.1514	15.52	23.811	3.119	19.111	4.9489	-74.705	58.199	-58.089	-128.54	31.304	-35.665	-152.59	0.79292
141.9	-4.8631	20.173	-20.389	-6.1402	16.945	27.437	1.7538	21.511	6.664	-76.401	59.181	-56.874	-129.16	31.884	-34.593	-153.33	1.2193
141.89	-4.8714	20.161	-17.976	-7.1795	18.394	30.737	-0.029657	23.381	8.5286	-78.164	60.119	-55.529	-129.83	32.454	-33.531	-154	1.6808
141.89	-4.8698	20.176	-15.339	-8.2177	20.002	34.144	-1.8306	25.3	10.568	-79.985	61.002	-54.043	-130.55	33.062	-32.255	-154.77	2.1049
141.89	-4.8675	20.18	-12.592	-9.331	21.579	37.627	-3.7905	27.058	12.749	-81.904	61.89	-52.435	-131.37	33.747	-30.921	-155.58	2.4702
141.9	-4.8642	20.171	-9.6644	-10.475	23.173	41.2	-5.8282	28.791	15.044	-83.858	62.747	-50.691	-132.16	34.465	-29.605	-156.08	3.0325
141.9	-4.8618	20.176	-6.6244	-11.65	24.72	44.858	-7.9603	30.386	17.462	-85.782	63.487	-48.901	-132.92	35.145	-28.302	-156.86	3.3954
141.91	-4.8553	20.183	-3.399	-12.884	26.064	48.639	-10.114	31.946	19.98	-87.759	64.29	-47.038	-133.66	35.884	-26.85	-157.58	3.9479
141.91	-4.8559	20.181	-0.15579	-14.095	27.51	52.416	-12.331	33.274	22.555	-89.668	64.923	-45.155	-134.4	36.642	-25.132	-158.5	4.5053
141.92	-4.8585	20.176	3.1756	-15.328	28.776	56.728	-14.326	34.891	25.224	-91.537	65.624	-43.225	-135.13	37.414	-23.429	-159.18	5.1203
141.92	-4.8483	20.18	6.5569	-16.524	30.04	60.656	-16.552	36.015	27.944	-93.388	66.202	-41.151	-135.82	38.214	-21.748	-159.86	5.711
141.92	-4.8439	20.184	9.9332	-17.732	31.114	64.571	-18.785	36.973	30.699	-95.143	66.747	-39.041	-136.5	38.96	-20.134	-160.62	6.1795
141.93	-4.8368	20.183	13.301	-18.923	32.043	68.566	-20.915	37.888	33.463	-96.827	67.222	-36.876	-137.16	39.697	-18.38	-161.05	6.8062
141.94	-4.8416	20.185	16.744	-20.071	32.831	72.173	-23.217	38.374	36.244	-98.39	67.635	-34.651	-137.77	40.447	-16.57	-161.94	7.3383
141.93	-4.8467	20.189	20.181	-21.194	33.432	76.455	-25.023	39.25	39.03	-99.866	68.012	-32.409	-138.36	41.108	-14.656	-162.51	7.9476
141.94	-4.8403	20.188	23.563	-22.312	33.794	80.112	-27.134	39.521	41.775	-101.23	68.314	-30.147	-138.93	41.688	-12.735	-163.37	8.3843
141.94	-4.8447	20.182	26.925	-23.348	34.071	84.295	-28.77	40.128	44.549	-102.47	68.545	-27.847	-139.42	42.324	-10.711	-163.96	8.91
141.94	-4.8448	20.181	30.225	-24.286	34.223	87.922	-30.646	40.167	47.3	-103.64	68.692	-25.556	-139.9	42.885	-8.6546	-164.51	9.3997
141.93	-4.8488	20.189	33.436	-25.21	34.15	91.987	-32.094	40.415	50.05	-104.62	68.771	-23.197	-140.32	43.368	-6.8305	-164.88	9.8436
141.93	-4.8535	20.183	36.555	-26.033	33.991	95.818	-33.562	40.357	52.781	-105.53	68.811	-20.854	-140.71	43.841	-4.6484	-165.5	10.384
141.93	-4.8531	20.185	39.559	-26.782	33.652	99.411	-35.101	39.97	55.512	-106.31	68.712	-18.459	-140.99	44.269	-2.4495	-165.9	10.796
141.91	-4.8517	20.174	42.553	-27.425	33.208	103.45	-36.229	39.761	58.308	-106.9	68.593	-16.05	-141.24	44.608	-0.28017	-166.57	11.157
141.91	-4.8551	20.183	45.452	-28.02	32.629	107.23	-37.361	39.205	61.061	-107.43	68.345	-13.629	-141.44	44.95	1.9334	-166.97	11.582
141.9	-4.8592	20.177	48.268	-28.528	31.869	110.99	-38.395	38.537	63.896	-107.78	68.085	-11.165	-141.59	45.326	4.0796	-167.3	12.144
141.89	-4.8548	20.174	51.005	-28.977	31.006	114.55	-39.52	37.602	66.716	-108.03	67.683	-8.6886	-141.71	45.633	6.1901	-167.45	12.449
141.89	-4.8539	20.176	53.213	-29.057	31.256	118.38	-40.263	36.776	69.604	-108.16	67.237	-6.2056	-141.81	45.882	8.5454	-167.9	12.949
141.89	-4.8601	20.184	55.818	-29.37	30.263	121.85	-41.175	35.616	72.503	-108.3	66.727	-3.6781	-141.86	46.075	10.74	-168.21	13.29
141.89	-4.8547	20.174	58.343	-29.596	29.279	125.58	-41.723	34.615	75.404	-108.35	66.1	-1.1114	-141.88	46.267	12.925	-168.26	13.533
141.89	-4.8564	20.187	60.774	-29.741	28.371	129.1	-42.356	33.42	78.309	-108.33	65.471	1.464	-141.87	46.424	15.238	-168.45	13.742
141.56	-5.1565	19.673	63.157	-29.839	27.383	132.56	-42.945	32.194	81.225	-108.3	64.725	4.035	-141.86	46.479	17.538	-168.61	13.898
141.57	-5.1612	19.677	65.474	-29.83	26.413	135.92	-43.495	30.892	84.032	-108.18	64.003	6.61	-141.82	46.543	19.832	-168.73	14.012
141.57	-5.1727	19.655	67.672	-29.855	25.355	139.07	-44.063	29.461	86.851	-108.04	63.207	9.1264	-141.72	46.552	22.146	-168.93	14.036
141.58	-5.1657	19.666	69.791	-29.785	24.254	142.23	-44.45	28.121	89.591	-107.82	62.401	11.59	-141.55	46.546	24.27	-168.81	13.983
141.59	-5.1578	19.679	71.82	-29.558	23.369	145.17	-44.711	26.733	92.23	-107.5	61.628	13.997	-141.34	46.533	26.592	-168.97	14.04
141.6	-5.1509	19.688	73.687	-29.349	22.324	147.98	-44.85	25.378	94.803	-107.13	60.866	16.325	-141.08	46.491	28.671	-168.8	14.059
141.59	-5.1571	19.668	75.384	-29.068	21.302	150.54	-44.785	23.99	97.245	-106.66	60.121	18.567	-140.81	46.474	30.738	-168.59	14.141
141.6	-5.1503	19.677	76.989	-28.617	20.51	152.86	-44.554	22.641	99.555	-106.07	59.42	20.76	-140.46	46.445	32.78	-168.44	14.115
141.6	-5.1622	19.668	78.479	-28.172	19.677	154.98	-44.199	21.32	101.75	-105.4	58.761	22.844	-140.07	46.385	34.773	-168.22	14.147
141.6	-5.1553	19.682	79.833	-27.657	18.759	156.85	-43.581	20.066	103.83	-104.59	58.168	24.829	-139.62	46.351	36.571	-167.78	14.236
141.6	-5.1539	19.671	81.113	-27.032	17.949	158.49	-42.808	18.835	105.77	-103.65	57.625	26.759	-139.09	46.334	38.277	-167.22	14.271
141.59	-5.1449	19.672	82.278	-26.344	17.135	159.9	-41.824	17.65	107.63	-102.62	57.193	28.564	-138.5	46.297	40.191	-166.94	14.399
141.92	-4.846	20.184	84.118	-26.258	14.849	161.15	-40.699	16.527	109.31	-101.45	56.833	30.28	-137.83	46.293	41.916	-166.42	14.539
141.91	-4.8449	20.187	85.128	-25.472	14.018	162.19	-39.463	15.399	110.92	-100.17	56.489	31.908	-137.08	46.219	43.595	-165.83	14.801
141.9	-4.8484	20.183	86.07	-24.611	13.174	163.09	-38.008	14.355	112.42	-98.775	56.18	33.504	-136.26	46.255	45.27	-165.3	14.942
141.9	-4.8495	20.181	86.951	-23.687	12.198	163.8	-36.461	13.326	113.85	-97.338	55.965	34.965	-135.4	46.212	46.868	-164.63	15.105
141.89	-4.843	20.181	87.807	-22.833	11.468	164.42	-34.842	12.362	115.19	-95.817	55.753	36.41	-134.47	46.175	48.338	-163.66	15.312
141.88	-4.8479	20.174	88.655	-21.857	10.639	164.87	-33.166	11.352	116.48	-94.247	55.639	37.793	-133.51	46.162	50.041	-163.15	15.622
141.88	-4.8495	20.184	89.48	-20.869	9.6914	165.35	-31.434	10.48	117.69	-92.653	55.509	39.134	-132.51	46.167	51.476	-162.22	15.826
141.87	-4.846	20.179	90.406	-19.851	8.8884	165.84	-29.783	9.6529	118.9	-91.073	55.347	40.467	-131.42	46.081	52.94	-161.28	16.112
141.87	-4.8436	20.182	91.367	-18.816	8.1226	166.34	-28.089	8.9024	120.09	-89.477	55.242	41.742	-130.34	46.102	54.429	-160.5	16.274
141.88	-4.8499	20.185	92.386	-17.736	7.2754	166.88	-26.515	8.1317	121.28	-87.937	55.114	43.001	-129.23	46.01	55.817	-159.53	16.46
141.89	-4.8453	20.189	93.47	-16.689	6.5812	167.53	-24.984	7.4756	122.46	-86.481	54.968	44.266	-128.13	45.972	57.153	-158.44	16.564
141.89	-4.8403	20.185	94.63	-15.648	5.9558	168.23	-23.535	6.8221	123.72	-85.047	54.817	45.562	-127.03	46.016	58.514	-157.37	16.655
141.9	-4.8486	20.183	95.858	-14.602	5.3769	168.96	-22.188	6.1875	124.98	-83.685	54.682	46.863	-125.91	45.912	59.822	-156.19	16.745
141.91	-4.8502	20.177	97.112	-13.57	4.8376	169.72	-20.906	5.5519	126.29	-82.385	54.524	48.169	-124.86	45.931	61.226	-155.32	16.869
141.92	-4.8452	20.185	98.485	-12.506	4.4154	170.49	-19.637	4.82	127.65	-81.16	54.331	49.476	-123.78	45.875	62.516	-154.31	16.879
141.92	-4.8471	20.181	99.883	-11.514	3.9561	171.2	-18.428	4.1177	129.01	-80.014	54.085	50.814	-122.75	45.871	63.844	-153.27	16.869
141.93	-4.8521	20.186	101.36	-10.558	3.5107	171.87	-17.231	3.3206	130.41	-78.908	53.815	52.149	-121.74	45.906	65.139	-152.26	16.872
141.93	-4.8508	20.188	102.89	-9.5348	2.8104	172.33	-16.061	2.3591	131.87	-77.811	53.548	53.498	-120.77	45.875	66.44	-151.29	16.753
141.93	-4.8473	20.18	104.51	-8.6937	2.4125	172.61	-14.844	1.3401	133.33	-76.773	53.249	54.847	-119.83	45.838	67.719	-150.29	16.719
141.93	-4.8526	20.185	106.2	-7.7701	1.892	172.73	-13.657	0.23621	134.77	-75.755	52.983	56.212	-118.92	45.847	69.015	-149.34	16.647
141.93	-4.8514	20.174	107.95	-6.9192	1.2305	172.67	-12.434	-0.88641	136.23	-74.727	52.703	57.575	-118.02	45.759	70.227	-148.33	16.43
141.92	-4.8453	20.186	109.7	-6.1605	0.64402	172.15	-11.379	-2.3908	137.68	-73.701	52.414	58.911	-117.14	45.702	71.492	-147.38	16.399
141.91	-4.8512	20.174	111.4	-5.5407	-0.1071	172.15	-9.9963	-3.1857	139.09	-72.671	52.126	60.23	-116.25	45.637	72.728	-146.47	16.287
141.91	-4.8491	20.178	112.89	-5.1794	-1.5464	171.68	-8.7796	-4.218	140.25	-71.838	51.509	61.536	-115.38	45.537	74.074	-145.69	16.155
141.91	-4.8549	20.183	114.74	-4.6098	-2.1416	171.02	-7.5918	-5.3727	141.58	-70.771	51.22	62.819	-114.54	45.442	75.294	-144.81	16.053
141.9	-4.847	20.184	116.51	-4.0556	-3.3132	170.29	-6.4106	-6.3785	142.87	-69.714	51.031	64.061	-113.7	45.348	76.545	-143.98	15.926
141.9	-4.8396	20.186	118.2	-3.7469	-4.4137	169.52	-5.2407	-7.3549	144.11	-68.637	50.927	65.29	-112.87	45.216	77.845	-143.21	15.856
141.89	-4.8432	20.193	119.87	-3.6612	-5.6539	168.76	-4.1539	-8.172	145.37	-67.563	50.756	66.538	-112.07	45.116	79.143	-142.51	15.802
141.89	-4.8449	20.19	121.72	-3.2932	-6.4524	167.95	-3.1937	-8.9869	146.68	-66.515	50.807	67.762	-111.34	45.078	80.421	-141.7	15.837
141.77	-4.8821	20.168	123.7	-2.7606	-6.7082	167.08	-2.3248	-9.8206	147.92	-65.541	50.728	69.043	-110.59	45.01	81.772	-141.14	15.831
142.52	-4.6081	20.235	124.76	-2.2157	-7.0145	166.44	-1.4098	-10.342	149.2	-64.635	50.822	70.324	-109.91	44.948	83.07	-140.41	15.812
144	-3.8049	20.263	126.28	-1.5116	-6.8874	165.9	-0.55913	-10.689	150.5	-63.805	50.895	71.697	-109.31	45.01	84.501	-139.87	15.766
145.62	-2.9705	20.2	127.6	-0.89567	-6.8846	166.56	0.23384	-10.701	151.89	-62.988	51.03	73.092	-108.8	45.044	85.889	-139.25	15.849
147.24	-2.0423	20.138	128.72	-0.21205	-6.7688	167.75	0.85252	-10.738	153.28	-62.37	51.258	74.556	-108.33	45.172	87.297	-138.7	15.923
148.83	-1.3126	20.283	129.99	0.24386	-6.796	169.2	1.3411	-10.516	154.73	-61.76	51.483	76.054	-107.89	45.35	88.809	-138.23	16.027
149.97	-0.98991	20.445	131.79	0.855	-6.3914	170.73	1.7433	-10.273	156.31	-61.227	51.76	77.586	-107.41	45.543	90.306	-137.76	16.167
151.3	-0.75275	20.723	133.55	1.2548	-6.1185	172.43	2.171	-9.8826	157.95	-60.809	52.079	79.119	-106.92	45.704	91.832	-137.29	16.428
152.74	-0.56633	21.086	135.43	1.6303	-5.9269	174.22	2.6009	-9.3464	159.68	-60.495	52.479	80.705	-106.41	45.942	93.303	-136.76	16.633
154.35	-0.32632	21.557	137.4	1.9898	-5.4915	176.17	2.9951	-8.7151	161.47	-60.283	52.901	82.361	-105.98	46.179	94.953	-136.3	16.855
156.29	0.022949	22.186	139.47	2.354	-4.7794	178.23	3.262	-8.0722	163.34	-60.126	53.361	84.131	-105.59	46.434	96.638	-135.9	17.037
158.45	0.25574	22.818	141.71	2.6694	-4.2863	180.45	3.5255	-7.4052	165.37	-59.987	53.857	85.991	-105.22	46.699	98.46	-135.54	17.288
160.87	0.43367	23.476	144.08	2.9699	-3.6074	182.76	3.6755	-6.7462	167.48	-59.936	54.383	87.948	-104.89	46.995	100.22	-135.1	17.432
163.49	0.51974	24.154	146.6	3.2112	-2.844	185.23	3.785	-6.0492	169.64	-59.955	54.874	89.963	-104.57	47.314	102.11	-134.71	17.692
166.23	0.59492	24.869	149.25	3.4235	-2.0654	187.78	3.8103	-5.3832	171.91	-60.005	55.406	92.015	-104.25	47.633	104.02	-134.37	17.991
169	0.56436	25.609	152	3.587	-1.4334	190.47	3.815	-4.6873	174.25	-60.132	55.916	94.143	-103.96	47.983	106.03	-133.98	18.229
171.74	0.46931	26.272	154.8	3.7076	-0.6534	193.23	3.8127	-3.9505	176.65	-60.256	56.441	96.333	-103.66	48.36	108.09	-133.71	18.545
174.61	0.45093	27.063	157.69	3.8358	0.05545	196.01	3.7248	-3.2264	179.12	-60.38	57.057	98.559	-103.39	48.745	110.13	-133.39	18.757
177.55	0.39545	27.869	160.61	3.9439	0.79316	198.91	3.605	-2.4512	181.64	-60.561	57.604	100.85	-103.11	49.119	112.36	-133.2	19.13
180.48	0.26651	28.553	163.59	4.0442	1.4965	201.87	3.5167	-1.6955	184.16	-60.78	58.166	103.17	-102.83	49.454	114.46	-132.83	19.455
183.56	0.13185	29.285	166.65	4.0994	2.3821	204.88	3.3898	-1.0015	186.73	-60.967	58.711	105.54	-102.55	49.837	116.66	-132.48	19.792
186.76	0.0080532	30.088	169.78	4.1129	3.0924	207.95	3.2145	-0.23634	189.41	-61.169	59.302	107.93	-102.27	50.22	119.05	-132.4	20.229
190.01	-0.14381	30.806	172.98	4.1596	3.8336	210.42	2.6033	-0.35622	192.07	-61.424	59.851	110.36	-101.99	50.615	121.27	-132.14	20.527
193.23	-0.38022	31.411	176.22	4.1879	4.429	214.32	2.7656	1.0659	194.8	-61.608	60.423	112.84	-101.66	50.968	123.56	-131.71	20.812
196.57	-0.55139	32.136	179.52	4.1689	5.0972	217.63	2.573	1.7492	197.5	-61.831	60.942	115.31	-101.35	51.291	125.87	-131.44	21.134
199.91	-0.75333	32.676	182.85	4.1055	5.5995	220.91	2.3184	2.3368	200.29	-62.001	61.484	117.82	-101	51.624	128.24	-131.12	21.51
203.27	-0.91934	33.206	186.23	3.9447	6.1768	224.29	2.0373	2.8233	203.04	-62.194	61.905	120.37	-100.63	51.945	130.63	-130.88	21.806
206.63	-1.1678	33.634	189.6	3.8381	6.8096	227.67	1.8063	3.3249	205.88	-62.364	62.339	122.94	-100.28	52.185	133.03	-130.6	22.086
210.04	-1.3328	34.078	193.01	3.7638	6.9433	231.06	1.4704	3.7405	208.68	-62.514	62.698	125.55	-99.872	52.486	135.52	-130.31	22.439
213.43	-1.5785	34.397	196.44	3.6107	7.1934	234.51	1.201	4.1289	211.54	-62.652	63.08	128.14	-99.473	52.719	137.95	-130.01	22.648
216.8	-1.8095	34.554	199.85	3.3697	7.6735	237.9	0.85581	4.3674	214.36	-62.76	63.341	130.75	-99.091	52.939	140.58	-129.84	23.105
220.15	-2.0333	34.749	203.23	3.2559	7.662	240.59	0.14105	3.8127	217.21	-62.887	63.649	133.35	-98.67	53.161	142.9	-129.43	23.24
223.47	-2.2402	34.975	206.57	3.1476	7.6227	243.91	-0.14181	3.9514	220.01	-63.052	63.775	135.94	-98.278	53.307	145.25	-129.05	23.465
226.73	-2.4329	35.137	209.85	2.9681	7.9831	247.91	0.021183	5.0088	222.82	-63.195	63.937	138.54	-97.883	53.466	147.63	-128.68	23.455
229.93	-2.6483	35.279	213.08	2.83	8.1768	251.15	-0.24487	5.1883	225.61	-63.365	64.096	141.11	-97.5	53.61	150.04	-128.28	23.677
233.06	-2.886	35.418	216.25	2.7115	8.2455	254.31	-0.46495	5.3893	228.34	-63.549	64.14	143.63	-97.104	53.692	152.5	-128.26	23.751
236.18	-3.0693	35.578	219.35	2.6674	8.344	256.69	-1.1486	4.6369	231.01	-63.727	64.185	146.12	-96.723	53.758	154.79	-127.9	23.82
239.24	-3.2334	35.715	222.42	2.5587	8.5915	260.46	-0.91795	5.6252	233.66	-63.86	64.253	148.56	-96.336	53.803	156.83	-127.32	23.803
242.25	-3.3721	35.834	225.37	2.4857	8.6922	263.54	-1.04	5.8613	236.23	-63.99	64.283	150.96	-95.96	53.819	159.06	-126.84	23.686
245.13	-3.5129	35.876	228.26	2.5029	8.7655	266.45	-1.2101	5.9377	238.72	-64.113	64.246	153.29	-95.578	53.806	161.21	-126.65	23.602
247.92	-3.636	35.891	231.07	2.5462	8.684	269.3	-1.3467	5.9949	241.1	-64.159	64.184	155.57	-95.192	53.708	163.3	-126.24	23.67
250.63	-3.6913	35.904	233.83	2.409	8.5193	272.04	-1.476	6.0057	243.48	-64.205	64.141	157.79	-94.773	53.591	165.42	-125.85	23.484
253.2	-3.725	35.789	236.48	2.3884	8.473	274.7	-1.5955	5.9443	245.78	-64.18	64.075	159.97	-94.37	53.464	167.39	-125.58	23.399
255.66	-3.8031	35.588	239.05	2.4168	8.272	276.71	-2.0353	5.1397	247.92	-64.167	63.909	162.1	-93.96	53.294	169.53	-125.54	23.316
258.07	-3.8125	35.386	241.55	2.2979	8.0856	279.24	-2.1586	5.05	250.09	-64.078	63.804	164.15	-93.541	53.099	171.22	-124.88	23.041
260.44	-3.8395	35.149	243.99	2.2589	7.5942	282.29	-1.9232	5.5523	252.15	-64.046	63.607	166.13	-93.117	52.862	173.08	-124.53	22.842
262.67	-3.9183	34.753	246.3	2.3449	7.2419	284.14	-2.3732	4.6637	254.13	-63.986	63.353	168.04	-92.682	52.612	174.86	-124.17	22.688
264.93	-3.9141	34.45	248.61	2.0918	6.9471	286.97	-2.1732	5.0014	256.05	-63.883	63.087	169.87	-92.213	52.304	176.63	-123.84	22.563
267.06	-3.9398	34.018	250.77	2.0628	6.3905	289.13	-2.34	4.629	257.91	-63.787	62.761	171.63	-91.76	52.032	178.47	-123.89	22.325
269.07	-3.9633	33.486	252.84	2.0176	5.9116	291.21	-2.4394	4.1841	259.7	-63.675	62.433	173.32	-91.328	51.714	179.76	-123.22	21.97
270.99	-3.9697	32.965	254.76	1.9925	5.3767	293.18	-2.5031	3.69	261.41	-63.515	62.076	174.94	-90.906	51.373	181.33	-122.8	21.768
272.81	-3.9146	32.407	256.57	1.9968	4.8003	294.99	-2.5609	3.1656	263.1	-63.355	61.632	176.5	-90.498	51.039	182.91	-123.02	21.566
274.48	-3.8856	31.76	258.25	2.1037	4.2489	296.64	-2.6363	2.4709	264.61	-63.206	61.111	177.99	-90.099	50.668	184.07	-122.27	21.215
276.11	-3.7976	31.151	259.86	2.0212	3.5227	297.69	-2.9463	1.0741	266.16	-62.986	60.647	179.41	-89.736	50.302	185.36	-121.99	20.902
277.61	-3.7128	30.394	261.35	2.1164	2.8541	299.77	-2.6402	1.0669	267.56	-62.822	60.08	180.75	-89.377	49.902	186.57	-121.78	20.57
279.08	-3.581	29.659	262.77	2.0068	2.1174	301.21	-2.5932	0.3086	268.93	-62.574	59.485	182.02	-89.032	49.483	187.69	-121.53	20.198
280.39	-3.5404	28.775	264.08	2.0689	1.1804	302.56	-2.6119	-0.53481	270.21	-62.313	58.878	183.2	-88.669	49.051	188.76	-121.26	19.857
281.66	-3.4034	27.916	265.28	2.1013	0.34863	303.76	-2.6135	-1.4638	271.4	-62.061	58.208	184.33	-88.338	48.584	189.79	-121.03	19.565
282.82	-3.2558	26.999	266.4	2.1048	-0.62404	304.9	-2.5755	-2.4262	272.51	-61.759	57.536	185.37	-87.972	48.113	190.99	-121.26	19.274
283.85	-3.1448	25.956	267.42	2.0975	-1.6713	305.95	-2.5694	-3.3777	273.55	-61.469	56.787	186.36	-87.629	47.616	191.65	-120.6	18.824
284.8	-2.9824	24.906	268.33	2.1158	-2.6582	306.3	-2.9315	-5.1583	274.51	-61.159	56.017	187.27	-87.259	47.103	192.76	-120.79	18.532
285.66	-2.8038	23.793	269.14	2.1096	-3.8198	307.52	-2.7496	-5.8642	275.43	-60.823	55.225	188.09	-86.945	46.534	193.23	-120.19	17.969
286.44	-2.5803	22.689	269.89	1.984	-4.9765	308.26	-2.691	-7.0681	276.19	-60.493	54.337	188.83	-86.6	45.951	193.91	-119.97	17.549
287.24	-2.2982	21.646	270.43	2.1302	-6.1764	308.86	-2.597	-8.3317	276.97	-60.066	53.498	189.52	-86.249	45.417	194.5	-119.84	17.112
288	-1.3441	21.605	270.8	2.497	-6.7064	309.56	-2.4305	-9.3963	277.65	-59.714	52.588	190.11	-85.953	44.816	195.07	-119.62	16.668
288.44	-0.75475	21.581	271.2	2.832	-6.8359	309.37	-2.4742	-10.959	278.32	-59.566	51.786	190.65	-85.649	44.177	195.78	-119.93	16.289
288.95	-0.48344	21.599	271.62	3.0862	-6.9699	309.95	-2.0605	-11.455	278.91	-59.461	51.081	191.13	-85.373	43.578	196.02	-119.29	15.752
289.36	-0.26567	21.545	271.98	3.4373	-7.2708	311.2	-1.2955	-10.892	279.34	-59.418	50.43	191.53	-85.295	43.089	196.4	-119.18	15.18
289.67	0.066182	21.583	272.27	3.5493	-7.3196	310.79	-1.6805	-12.502	279.75	-59.36	49.874	191.93	-85.318	42.698	197.01	-119.57	14.74
289.78	0.36896	21.557	272.51	3.7301	-7.6457	312.07	-0.96748	-11.698	280.1	-59.283	49.42	192.31	-85.235	42.331	196.96	-119.07	14.189
290.05	0.55735	21.614	272.68	3.851	-7.7539	312.38	-0.86436	-12.038	280.38	-59.153	49.049	192.6	-85.054	41.93	197.17	-118.97	13.882
290.26	0.64668	21.582	272.88	3.9397	-7.9482	312.64	-0.75826	-12.312	280.58	-59.045	48.784	192.76	-84.872	41.663	197.31	-118.86	13.651
290.46	0.69263	21.559	273.06	4.0292	-8.0535	313.16	-0.29363	-11.929	280.7	-58.95	48.566	192.87	-84.731	41.418	197.5	-118.73	13.495
290.62	0.70979	21.541	273.2	4.06	-8.2392	313.34	-0.19381	-12.063	280.79	-58.811	48.474	192.96	-84.668	41.275	197.64	-118.72	13.443
290.74	0.72216	21.552	273.3	4.0748	-8.3263	NaN	NaN	NaN	280.83	-58.699	48.446	193.05	-84.637	41.168	197.8	-118.74	13.318
290.81	0.73193	21.569	273.33	4.0977	-8.5197	313.63	-0.12054	-12.02	280.85	-58.598	48.492	193.12	-84.593	41.105	197.88	-118.73	13.36
290.83	0.7358	21.585	273.31	4.0205	-8.6303	313.66	-0.11933	-12.007	280.84	-58.524	48.559	193.14	-84.554	41.086	197.88	-118.72	13.427
290.84	0.72758	21.582	273.28	3.9509	-8.8485	313.67	-0.1375	-11.98	280.8	-58.448	48.666	193.11	-84.536	41.108	197.89	-118.77	13.487
290.83	0.72135	21.575	273.24	3.8464	-8.9804	313.67	-0.16244	-11.965	280.74	-58.415	48.74	193.09	-84.543	41.147	197.87	-118.89	13.586
290.83	0.7244	21.579	273.16	3.6764	-9.1984	313.69	-0.2172	-11.966	280.69	-58.395	48.8	193.08	-84.574	41.205	198.12	-119.46	13.806
290.96	0.77906	21.632	273.05	3.4524	-9.6193	313.71	-0.31941	-11.974	280.62	-58.423	48.85	193.09	-84.607	41.252	197.8	-119.1	13.848
290.96	0.77804	21.631	273.03	3.0725	-9.755	313.75	-0.45565	-11.953	280.54	-58.455	48.875	193.07	-84.638	41.295	197.74	-119.18	13.954
290.95	0.771	21.634	273.03	2.8995	-10.259	313.82	-0.61727	-11.974	280.44	-58.519	48.853	193.04	-84.676	41.322	197.96	-119.76	14.226
290.95	0.7719	21.636	273.04	2.6811	-10.514	NaN	NaN	NaN	280.31	-58.636	48.763	192.98	-84.7	41.29	197.67	-119.46	14.171
290.92	0.74476	21.625	272.98	2.3392	-10.205	315.47	-0.055079	-10.175	280.18	-58.732	48.689	192.9	-84.745	41.24	197.51	-119.54	14.239
290.91	0.62325	21.651	272.85	2.2103	-10.393	NaN	NaN	NaN	280.01	-58.727	48.551	192.78	-84.836	41.175	197.37	-119.65	14.253
290.9	0.53504	21.673	272.55	2.0269	-10.556	315.37	-2.9132	-13.398	279.91	-58.762	48.175	192.62	-84.977	41.096	197.46	-120.34	14.389
290.9	0.49308	21.672	272.01	1.9668	-11.096	315.97	-3.2257	-13.339	279.74	-58.911	47.809	192.43	-85.087	40.976	196.94	-120.12	14.142
290.9	0.49894	21.671	271.33	1.8411	-11.139	316.68	-3.1728	-11.45	279.52	-59.11	47.526	192.18	-85.171	40.834	196.65	-120.31	14.203
290.89	0.50496	21.682	270.54	1.8019	-11.313	318.53	-4.9087	-13.547	279.18	-59.384	47.231	191.88	-85.316	40.695	196.37	-120.48	14.154
290.89	0.50811	21.672	269.64	1.8405	-11.348	319.75	-5.5807	-12.956	278.76	-59.732	46.959	191.54	-85.588	40.606	195.95	-120.81	13.977
290.89	0.5103	21.673	268.75	1.8215	-11.353	320.96	-6.3756	-12.448	278.37	-60.08	46.735	191.19	-85.959	40.51	195.63	-121.17	13.919
290.89	0.49801	21.666	267.73	1.7385	-11.252	322.03	-7.1941	-11.482	277.89	-60.497	46.419	190.78	-86.393	40.483	195.15	-121.52	13.758
290.89	0.51081	21.661	266.67	1.5746	-11.083	322.86	-7.8555	-10.681	277.36	-60.9	46.258	190.3	-86.807	40.425	194.64	-121.86	13.674
290.89	0.51058	21.662	265.53	1.416	-10.967	323.76	-8.7464	-9.9328	276.79	-61.312	46.136	189.74	-87.204	40.492	194.02	-122.25	13.664
290.9	0.51602	21.67	264.36	1.2567	-10.749	324.59	-9.704	-8.9839	276.05	-61.775	46.076	189.07	-87.617	40.563	193.38	-122.58	13.697
290.9	0.50654	21.666	263.17	1.0546	-10.419	325.16	-10.761	-8.0018	275.25	-62.263	46.18	188.3	-88.067	40.689	192.59	-123.1	13.803
290.91	0.51118	21.661	261.96	0.83018	-9.9359	325.62	-11.836	-6.9228	274.41	-62.802	46.298	187.45	-88.564	40.832	191.78	-123.52	13.874
290.91	0.51229	21.663	260.69	0.62634	-9.3942	325.92	-12.891	-5.7011	273.47	-63.422	46.588	186.53	-89.074	41.04	190.86	-123.94	13.998
290.9	0.50682	21.667	259.4	0.36104	-8.6508	326.01	-13.967	-4.4452	272.43	-64.092	46.85	185.53	-89.617	41.287	189.87	-124.48	14.2
290.91	0.50863	21.67	258.09	0.10582	-7.7838	325.91	-14.975	-3.1412	271.33	-64.833	47.3	184.43	-90.244	41.608	188.76	-124.92	14.318
290.91	0.50817	21.669	256.75	-0.23084	-6.8116	325.5	-15.925	-1.8339	270.12	-65.626	47.736	183.24	-90.891	41.908	187.63	-125.47	14.506
290.91	0.49762	21.678	255.32	-0.51828	-5.8746	324.9	-16.906	-0.58269	268.82	-66.445	48.233	181.97	-91.592	42.316	186.42	-125.92	14.761
290.9	0.50618	21.668	253.83	-0.88272	-4.6558	324.06	-17.776	0.65748	267.41	-67.277	48.695	180.59	-92.3	42.722	185.09	-126.39	15.084
290.91	0.49674	21.662	252.26	-1.2146	-3.5449	323.06	-18.68	1.8584	265.89	-68.097	49.308	179.14	-93.001	43.158	183.65	-126.97	15.141
290.9	0.50599	21.669	250.61	-1.5582	-2.4539	321.92	-19.518	3.0671	264.29	-68.91	49.99	177.53	-93.716	43.588	182.17	-127.47	15.507
290.9	0.50055	21.673	248.88	-1.9337	-1.4356	320.54	-20.289	4.2604	262.52	-69.743	50.568	175.84	-94.401	44.048	180.53	-128.04	15.732
290.9	0.48997	21.666	247.06	-2.3272	-0.2999	319.04	-21.081	5.3106	260.7	-70.52	51.216	174.04	-95.104	44.516	178.84	-128.47	16.023
290.9	0.50379	21.677	245.17	-2.6799	0.52506	317.29	-21.777	6.3278	258.76	-71.254	51.936	172.14	-95.792	44.986	177.07	-128.98	16.403
290.9	0.50405	21.664	243.16	-3.1825	1.7877	315.36	-22.297	7.3449	256.7	-71.928	52.556	170.14	-96.474	45.45	175.17	-129.51	16.748
290.89	0.50088	21.67	241.08	-3.5483	2.5585	313.24	-22.823	8.1541	254.53	-72.626	53.188	168.04	-97.156	45.933	173.2	-130.04	17.047
290.89	0.50822	21.673	238.91	-4.0559	3.7391	310.9	-23.23	8.9191	252.23	-73.286	53.828	165.82	-97.811	46.386	171.15	-130.59	17.391
290.9	0.51363	21.667	236.64	-4.3885	4.419	308.41	-23.482	9.6698	249.87	-73.881	54.527	163.51	-98.479	46.834	168.92	-131.14	17.574
290.9	0.50786	21.669	234.27	-4.7976	5.2325	305.77	-23.774	10.335	247.41	-74.431	55.109	161.09	-99.137	47.287	166.7	-131.64	17.959
290.89	0.51141	21.662	231.82	-5.203	6.0223	302.99	-23.93	10.927	244.85	-74.939	55.658	158.6	-99.796	47.703	164.5	-132.08	18.303
290.9	0.51409	21.667	229.31	-5.5958	6.7586	300.08	-24.12	11.475	242.18	-75.426	56.189	156.04	-100.42	48.135	162.01	-132.6	18.515
290.9	0.50857	21.683	226.7	-5.989	7.4031	297.07	-24.204	12.018	239.46	-75.857	56.734	153.38	-101.04	48.541	159.62	-133.01	18.946
290.91	0.51114	21.687	224.03	-6.3645	8.0451	293.9	-24.259	12.418	236.63	-76.301	57.251	150.64	-101.64	48.943	157.06	-133.52	19.217
290.9	0.50841	21.669	221.28	-6.7417	8.607	290.59	-24.263	12.791	233.69	-76.702	57.76	147.81	-102.25	49.326	154.38	-134.05	19.569
290.91	0.51245	21.662	218.45	-7.0226	8.8867	287.14	-24.203	13.068	230.73	-77.06	58.262	144.91	-102.89	49.678	151.73	-134.49	19.739
290.91	0.50998	21.672	215.49	-7.3227	9.3988	283.52	-24.073	13.26	227.7	-77.38	58.638	141.96	-103.51	50.005	148.96	-134.91	19.955
290.91	0.50899	21.67	212.51	-7.6108	9.719	279.81	-23.833	13.503	224.52	-77.701	58.926	138.96	-104.11	50.339	146.15	-135.35	20.186
290.9	0.50663	21.666	209.37	-7.8915	10.222	275.86	-23.59	13.54	221.34	-77.977	59.267	135.87	-104.73	50.676	143.3	-135.82	20.437
290.91	0.50018	21.667	206.16	-8.1199	10.454	271.88	-23.215	13.69	218.04	-78.277	59.565	132.72	-105.37	50.971	140.35	-136.21	20.562
290.9	0.49427	21.673	202.89	-8.3662	10.752	267.72	-22.852	13.675	214.69	-78.504	59.821	129.52	-106	51.236	137.23	-136.63	20.718
290.91	0.49721	21.664	199.47	-8.4864	10.905	263.42	-22.366	13.629	211.29	-78.701	59.95	126.25	-106.63	51.505	134.19	-137.11	20.947
290.9	0.49463	21.673	195.99	-8.6494	11.205	258.93	-21.865	13.506	207.85	-78.882	60.133	122.92	-107.27	51.735	131.01	-137.43	20.96
290.91	0.49937	21.679	192.43	-8.8206	11.568	254.37	-21.278	13.373	204.35	-78.993	60.355	119.55	-107.9	51.964	127.96	-138.11	21.16
290.91	0.49787	21.676	188.77	-8.9335	11.872	249.63	-20.547	13.21	200.76	-79.065	60.327	116.15	-108.51	52.164	124.59	-138.26	21.156
290.91	0.49787	21.676	185.01	-8.9833	12.118	290.9	0.50017	21.673	197.14	-79.117	60.486	112.67	-109.12	52.333	121.41	-138.74	21.261
290.91	0.49787	21.676	181.2	-9.0022	12.329	290.9	0.49191	21.669	193.47	-79.064	60.558	109.16	-109.71	52.496	118.05	-139.05	21.222
290.91	0.49787	21.676	177.27	-9.0817	12.593	290.9	0.50151	21.675	189.69	-79.048	60.583	105.62	-110.29	52.67	114.68	-139.4	21.25
290.91	0.49787	21.676	173.28	-9.0943	12.848	290.9	0.50655	21.666	185.92	-78.936	60.67	102.03	-110.85	52.726	111.25	-139.81	21.226
290.91	0.49787	21.676	169.18	-9.0589	13.124	290.9	0.50401	21.677	182.04	-78.756	60.687	98.406	-111.34	52.845	107.9	-140.07	21.201
290.9	0.50143	21.673	164.99	-9.0186	13.262	NaN	NaN	NaN	178.14	-78.518	60.705	94.723	-111.87	52.946	104.4	-140.4	21.184
290.9	0.50656	21.666	160.65	-8.9004	13.374	NaN	NaN	NaN	174.18	-78.21	60.712	91.037	-112.35	52.963	100.93	-140.75	21.174
290.89	0.51268	21.665	156.21	-8.7477	13.455	NaN	NaN	NaN	170.18	-77.847	60.648	87.313	-112.84	53.018	97.448	-141.01	21.174
290.9	0.50553	21.666	151.69	-8.594	13.457	NaN	NaN	NaN	166.12	-77.448	60.626	83.585	-113.28	53.042	93.93	-141.43	21.109
290.9	0.50908	21.671	147.07	-8.4022	13.339	NaN	NaN	NaN	162.06	-76.987	60.505	79.816	-113.7	53.025	90.431	-141.67	21.025
290.9	0.50899	21.669	142.35	-8.1415	13.287	188.57	-9.8723	8.7762	157.94	-76.491	60.288	76.033	-114.13	53.01	86.847	-141.93	20.963
290.9	0.50908	21.671	137.53	-7.8954	13.002	181.64	-8.7697	7.9731	153.82	-75.944	60.132	72.254	-114.52	52.971	83.249	-142.17	20.849
290.91	0.50983	21.672	132.69	-7.6233	12.865	NaN	NaN	NaN	149.65	-75.358	59.893	68.461	-114.93	52.88	79.627	-142.34	20.709
290.91	0.50873	21.67	127.68	-7.2786	12.623	NaN	NaN	NaN	145.46	-74.753	59.618	64.67	-115.3	52.853	76.011	-142.53	20.569
290.9	0.50722	21.669	122.69	-6.9395	12.411	NaN	NaN	NaN	141.28	-74.052	59.322	60.873	-115.68	52.757	72.43	-142.69	20.493
290.9	0.50185	21.662	117.69	-6.6046	12.156	NaN	NaN	NaN	137.08	-73.308	59.015	57.122	-116.02	52.642	68.84	-142.93	20.31
290.91	0.5026	21.671	112.59	-6.2479	11.824	NaN	NaN	NaN	132.83	-72.612	58.638	53.335	-116.39	52.52	65.323	-143.16	20.16
290.91	0.49683	21.677	107.47	-5.8552	11.554	NaN	NaN	NaN	128.63	-71.827	58.327	49.605	-116.72	52.394	61.818	-143.41	19.939
290.9	0.50418	21.665	102.65	-5.2128	11.589	NaN	NaN	NaN	124.37	-71.044	57.967	45.878	-117.05	52.193	58.289	-143.58	19.769
290.91	0.49781	21.666	97.593	-4.8177	11.494	NaN	NaN	NaN	120.14	-70.334	57.603	42.202	-117.38	51.978	54.791	-143.76	19.524
290.9	0.49427	21.673	92.489	-4.4555	11.255	NaN	NaN	NaN	115.9	-69.557	57.258	38.549	-117.69	51.74	51.303	-143.88	19.303
290.9	0.49911	21.671	87.459	-4.0083	10.849	NaN	NaN	NaN	111.64	-68.846	56.856	34.899	-117.99	51.476	47.899	-144.09	18.997
290.9	0.49219	21.67	82.462	-3.6944	10.45	NaN	NaN	NaN	107.47	-68.123	56.435	31.305	-118.27	51.239	44.535	-144.26	18.684
290.9	0.50021	21.672	77.482	-3.426	10.152	NaN	NaN	NaN	103.3	-67.448	56.043	27.727	-118.57	50.985	41.102	-144.42	18.452
290.9	0.50455	21.68	72.591	-3.1371	9.6711	NaN	NaN	NaN	99.163	-66.808	55.651	24.158	-118.84	50.662	37.77	-144.58	18.167
290.9	0.50395	21.678	67.736	-2.9293	9.1641	NaN	NaN	NaN	95.092	-66.21	55.178	20.647	-119.05	50.341	34.498	-144.73	17.802
290.89	0.49684	21.652	63.045	-2.6968	8.7125	NaN	NaN	NaN	91.106	-65.642	54.738	17.165	-119.31	50.047	31.158	-144.86	17.561
290.9	0.51364	21.667	58.348	-2.5052	8.1598	NaN	NaN	NaN	87.189	-65.076	54.356	13.755	-119.56	49.777	27.963	-145.07	17.182
290.9	0.50565	21.664	53.805	-2.4097	7.7893	NaN	NaN	NaN	83.295	-64.575	53.913	10.363	-119.81	49.412	24.796	-145.16	16.918
290.9	0.5058	21.664	49.399	-2.2691	7.314	NaN	NaN	NaN	79.476	-64.129	53.474	7.0725	-120.06	49.116	21.746	-145.34	16.557
290.9	0.51585	21.671	45.109	-2.1196	6.8252	NaN	NaN	NaN	75.726	-63.743	53.144	3.8359	-120.31	48.795	18.657	-145.48	16.261
290.9	0.50424	21.675	40.842	-2.0338	6.3533	NaN	NaN	NaN	72.433	-63.022	53.199	0.64687	-120.54	48.424	15.689	-145.63	15.853
290.9	0.50655	21.666	36.793	-1.9124	5.916	NaN	NaN	NaN	68.859	-62.669	52.92	-2.4244	-120.77	48.146	12.822	-145.8	15.523
290.89	0.51129	21.665	32.796	-1.8875	5.5916	57.854	4.9826	-6.4398	65.359	-62.326	52.658	-5.4593	-121.02	47.767	10.019	-145.94	15.236
290.9	0.50437	21.664	29.015	-1.8144	5.2724	53.746	5.2404	-5.8713	61.613	-62.329	51.898	-8.3421	-121.24	47.442	7.3108	-146.09	14.85
290.9	0.50908	21.671	25.346	-1.7431	4.808	50.018	5.3816	-6.2028	58.333	-62.056	51.661	-11.203	-121.46	47.112	4.7011	-146.23	14.485
290.9	0.50908	21.671	21.833	-1.7137	4.5322	46.439	5.5493	-6.472	55.178	-61.807	51.393	-13.93	-121.69	46.788	2.1465	-146.39	14.185
290.9	0.50596	21.669	18.426	-1.7055	4.2366	42.939	5.6513	-6.743	52.119	-61.627	51.204	-16.549	-121.91	46.495	-0.34221	-146.53	13.88
290.9	0.50375	21.678	15.177	-1.6906	3.847	39.651	5.739	-7.0304	49.213	-61.428	51.004	-19.095	-122.12	46.177	-2.6976	-146.63	13.612
290.9	0.49465	21.661	12.12	-1.657	3.6243	36.502	5.8122	-7.209	46.385	-61.273	50.829	-21.549	-122.33	45.847	-4.9799	-146.81	13.245
290.91	0.49684	21.678	9.1583	-1.7163	3.3893	33.492	5.8772	-7.4522	43.696	-61.142	50.653	-23.933	-122.56	45.536	-7.137	-146.94	12.939
290.9	0.50151	21.675	6.3797	-1.7395	3.2388	30.729	5.9176	-7.6192	41.108	-61.027	50.515	-26.202	-122.75	45.238	-9.2122	-147.05	12.67
290.91	0.4969	21.664	3.8142	-1.7118	2.8783	28.041	5.9609	-7.7717	38.618	-60.957	50.445	-28.406	-122.95	44.958	-11.189	-147.16	12.345
290.89	0.49834	21.669	1.3019	-1.8003	2.6706	25.554	5.9226	-7.8924	36.256	-60.886	50.397	-30.493	-123.12	44.675	-13.115	-147.33	12.105
290.9	0.5054	21.669	-1.0221	-1.816	2.4489	23.253	5.9674	-7.9079	33.982	-60.822	50.366	-32.514	-123.31	44.425	-14.945	-147.44	11.861
290.9	0.50348	21.677	-3.1621	-1.8381	2.317	21.086	5.9786	-7.9614	31.794	-60.806	50.396	-34.431	-123.46	44.164	-16.633	-147.55	11.605
290.9	0.50376	21.674	-5.1988	-1.9201	2.2443	19.125	5.9166	-7.8971	29.721	-60.789	50.456	-36.26	-123.63	43.926	-18.217	-147.7	11.316
290.89	0.51005	21.674	-7.0779	-1.9872	2.0335	17.202	5.8642	-7.966	27.713	-60.781	50.537	-38.006	-123.77	43.627	-19.726	-147.79	11.212
290.9	0.50405	21.664	-8.8523	-2.0243	1.8228	15.49	5.8258	-7.902	25.828	-60.806	50.668	-39.673	-123.9	43.403	-21.16	-147.94	11.01
290.9	0.50918	21.657	-10.438	-2.1453	1.8618	13.946	5.7747	-7.8057	24.036	-60.792	50.849	-41.277	-124.04	43.157	-22.498	-148.03	10.761
290.9	0.50564	21.664	-11.948	-2.2085	1.6379	12.555	5.712	-7.687	22.322	-60.821	51.007	-42.797	-124.15	42.9	-23.784	-148.16	10.739
290.9	0.50914	21.67	-13.333	-2.3046	1.5803	11.149	5.608	-7.649	20.664	-60.854	51.217	-44.251	-124.26	42.689	-24.922	-148.24	10.553
290.89	0.51149	21.664	-14.605	-2.4071	1.5764	9.9604	5.5362	-7.4794	19.118	-60.9	51.425	-45.626	-124.36	42.435	-25.997	-148.38	10.494
290.89	0.50342	21.66	-15.837	-2.4424	1.338	8.8074	5.4549	-7.3659	17.657	-60.966	51.645	-46.912	-124.46	42.269	-27.049	-148.51	10.33
290.9	0.50564	21.664	-16.931	-2.529	1.3607	7.6867	5.3428	-7.272	16.249	-61.024	51.861	-48.147	-124.54	42.031	-28.082	-148.6	10.276
290.9	0.51606	21.67	-17.972	-2.6429	1.4232	6.7061	5.2563	-7.0357	14.941	-61.093	52.07	-49.301	-124.64	41.855	-28.952	-148.71	10.114
290.9	0.50655	21.666	-18.933	-2.7243	1.5162	5.7371	5.1487	-6.9046	13.708	-61.157	52.301	-50.351	-124.74	41.613	-29.818	-148.79	10.113
290.9	0.5035	21.66	-19.899	-2.7301	1.3999	4.8757	5.1011	-6.6064	12.561	-61.247	52.499	-51.377	-124.86	41.426	-30.638	-148.89	9.948
290.9	0.50641	21.668	-20.777	-2.8242	1.5254	3.9867	5.0674	-6.4827	11.465	-61.329	52.698	-52.319	-124.94	41.244	-31.399	-149.01	9.7956
290.9	0.50179	21.66	-21.632	-2.807	1.4404	3.2355	5.0178	-6.2373	10.45	-61.395	52.865	-53.193	-125.04	40.991	-32.13	-149.08	9.6968
290.9	0.50401	21.665	-22.377	-2.8612	1.5188	2.4449	4.9483	-6.0874	9.517	-61.512	52.995	-54.005	-125.13	40.799	-32.776	-149.11	9.5971
290.91	0.50803	21.669	-23.064	-2.9285	1.6764	1.8372	4.9659	-5.8528	8.6361	-61.616	53.132	-54.752	-125.19	40.631	-33.395	-149.18	9.4234
290.91	0.50856	21.671	-23.719	-2.9244	1.6509	1.1869	4.9141	-5.6879	7.823	-61.704	53.266	-55.489	-125.26	40.364	-34.039	-149.24	9.1948
290.92	0.50297	21.673	-24.362	-2.9077	1.6526	0.63144	4.8433	-5.528	7.0767	-61.821	53.308	-56.151	-125.33	40.139	-34.588	-149.3	9.0499
290.9	0.50491	21.667	-24.915	-2.8776	1.5458	0.061489	4.8308	-5.482	6.3466	-61.868	53.359	-56.773	-125.35	39.876	-35.161	-149.33	8.8189
290.91	0.51202	21.676	-25.465	-2.9311	1.693	-0.41523	4.8027	-5.3759	5.6997	-61.946	53.343	-57.359	-125.38	39.612	-35.632	-149.31	8.6477
290.91	0.50118	21.672	-26.018	-2.8933	1.4722	-0.96193	4.778	-5.4874	5.0257	-61.99	53.291	-57.942	-125.41	39.292	-36.081	-149.33	8.3937
290.9	0.50662	21.667	-26.485	-2.8822	1.3252	-1.4317	4.8055	-5.5494	4.4442	-62.021	53.181	-58.453	-125.39	38.993	-36.526	-149.34	8.0723
290.9	0.50506	21.666	-26.98	-2.8427	1.0946	-1.8562	4.8205	-5.6862	3.8998	-61.978	53.062	-58.922	-125.4	38.672	-36.91	-149.33	7.7628
290.9	0.50747	21.67	-27.429	-2.7914	0.69193	-2.218	4.8517	-5.816	3.3364	-61.96	52.874	-59.399	-125.37	38.259	-37.243	-149.29	7.4134
290.9	0.50764	21.668	-27.767	-2.7452	0.55493	-2.6854	4.8655	-6.1274	2.7966	-61.925	52.608	-59.787	-125.31	37.827	-37.585	-149.31	7.1022
290.91	0.50404	21.674	-28.305	-2.7449	0.081987	-3.0581	4.9196	-6.4361	2.2979	-61.804	52.323	-60.17	-125.28	37.376	-37.911	-149.29	6.7333
290.9	0.50859	21.67	-28.7	-2.6579	-0.45243	-3.4866	4.9372	-6.899	1.8457	-61.71	52.013	-60.525	-125.22	36.919	-38.103	-149.2	6.3196
290.9	0.50256	21.673	-29.301	-2.7644	-1.3051	-3.853	5.0248	-7.3008	1.3746	-61.537	51.612	-60.834	-125.14	36.403	-38.342	-149.18	5.861
290.89	0.51127	21.665	-29.715	-2.7166	-1.8304	-4.237	5.1652	-7.9026	0.97198	-61.357	51.149	-61.13	-125.06	35.903	-38.529	-149.13	5.4897
290.9	0.50744	21.668	-30.038	-2.5693	-2.6116	-4.5692	5.2411	-8.5027	0.56179	-61.106	50.68	-61.366	-124.96	35.312	-38.642	-149.06	4.9864
290.9	0.50403	21.664	-30.374	-2.5186	-3.2947	-4.8864	5.3894	-9.1971	0.1956	-60.895	50.108	-61.577	-124.85	34.767	-38.794	-149.03	4.5659
290.9	0.50625	21.669	-30.713	-2.4188	-4.0637	-5.2205	5.49	-9.8754	-0.13035	-60.583	49.595	-61.763	-124.73	34.192	-38.903	-148.93	4.0649
290.9	0.50534	21.664	-31.064	-2.3059	-4.9396	-5.5645	5.6315	-10.711	-0.41816	-60.332	48.932	-61.912	-124.59	33.624	-38.951	-148.83	3.6177
290.9	0.50669	21.665	-31.372	-2.2049	-5.7427	-5.8886	5.7334	-11.603	-0.70634	-60.008	48.289	-62.037	-124.45	33.028	-39.046	-148.72	3.0425
290.9	0.50653	21.666	-31.63	-2.1254	-6.542	-6.116	5.8806	-12.401	-0.90593	-59.722	47.659	-62.109	-124.3	32.473	-39.062	-148.61	2.6384
290.9	0.50589	21.664	-31.862	-1.9766	-7.5465	-6.3419	5.9362	-13.189	-1.127	-59.403	47.058	-62.215	-124.16	31.867	-39.078	-148.51	2.0128
290.9	0.50403	21.664	-32.001	-1.8603	-8.3058	-6.4575	6.0561	-13.952	-1.2896	-59.075	46.487	-62.265	-123.98	31.357	-39.077	-148.38	1.6088
290.89	0.51286	21.665	-32.132	-1.7915	-8.9836	-6.5387	6.1841	-14.695	-1.473	-58.827	45.967	-62.343	-123.79	30.866	-39.036	-148.22	1.1104
290.9	0.50653	21.666	-32.185	-1.6522	-9.7041	-6.5916	6.2789	-15.385	-1.6261	-58.49	45.551	-62.439	-123.58	30.403	-39.046	-148.11	0.77316
290.9	0.51392	21.667	-32.185	-1.5087	-10.317	-6.5936	6.3096	-15.911	-1.7704	-58.242	45.225	-62.525	-123.41	30.017	-39.008	-147.97	0.37757
290.9	0.50562	21.664	-32.223	-1.4459	-10.834	-6.5523	6.4171	-16.435	-1.9526	-57.947	44.939	-62.605	-123.22	29.68	-38.969	-147.88	0.21428
290.9	0.50896	21.669	-32.242	-1.2704	-11.425	-6.5456	6.4676	-16.805	-2.112	-57.655	44.804	-62.657	-123.03	29.483	-38.92	-147.78	0.071745
290.9	0.52112	21.662	-32.242	-1.1821	-11.756	-6.4897	6.5408	-17.025	-2.2539	-57.387	44.778	-62.711	-122.87	29.36	-38.896	-147.68	0.070281
290.9	0.51624	21.658	-32.198	-1.0647	-11.869	-6.4834	6.7035	-17.174	-2.3822	-57.096	44.816	-62.76	-122.71	29.305	-38.827	-147.57	0.18006
290.9	0.52133	21.662	-32.213	-0.93578	-11.892	-6.5055	6.8199	-17.153	-2.5406	-56.889	44.935	-62.797	-122.57	29.245	-38.758	-147.45	0.31854
290.91	0.52605	21.657	-32.245	-0.7921	-11.801	-6.52	6.9756	-17.04	-2.6446	-56.673	45.09	-62.81	-122.47	29.271	-38.68	-147.36	0.47322
290.91	0.52918	21.663	-32.338	-0.68307	-11.68	-6.5388	7.117	-16.735	-2.7774	-56.484	45.301	-62.8	-122.37	29.294	-38.604	-147.29	0.5704
290.91	0.52535	21.656	-32.397	-0.52588	-11.554	-6.6058	7.3231	-16.502	-2.8885	-56.345	45.512	-62.801	-122.28	29.339	-38.514	-147.21	0.65824
290.92	0.53468	21.654	-32.43	-0.35265	-11.398	-6.6869	7.5014	-16.331	-2.9622	-56.232	45.717	-62.77	-122.19	29.355	-38.461	-147.14	0.72757
290.92	0.53288	21.667	-32.456	-0.2384	-11.131	-6.7202	7.648	-16.159	-3.0648	-56.087	45.876	-62.751	-122.08	29.324	-38.365	-147.05	0.79285
290.91	0.52783	21.661	-32.489	-0.10076	-11.015	-6.7366	7.7965	-16.057	-3.1988	-55.902	45.958	-62.739	-121.98	29.263	-38.261	-146.92	0.78831
290.92	0.53023	21.664	-32.51	0.0060536	-11.014	-6.7721	7.9452	-16.027	-3.315	-55.742	46.004	-62.707	-121.88	29.18	-38.102	-146.81	0.79678
290.91	0.52896	21.663	-32.557	0.13349	-11.261	-6.7809	8.0811	-16.088	-3.4183	-55.521	46.027	-62.676	-121.79	29.072	-37.963	-146.74	0.76328
290.91	0.52533	21.659	-32.59	0.17737	-11.498	-6.7851	8.1646	-16.259	-3.5104	-55.271	45.979	-62.633	-121.7	28.987	-37.839	-146.7	0.70319
290.92	0.51956	21.671	-32.818	0.12508	-12.202	-6.9873	8.2002	-16.64	-3.6264	-55.03	45.821	-62.593	-121.62	28.878	-37.718	-146.71	0.68447
290.91	0.51238	21.662	-32.823	0.13682	-12.512	-7.016	8.22	-17.062	-3.7499	-54.791	45.565	-62.579	-121.52	28.747	-37.617	-146.69	0.66829
290.92	0.51938	21.671	-32.901	0.20181	-13.126	-7.0216	8.2847	-17.544	-3.8306	-54.481	45.394	-62.585	-121.42	28.616	-37.501	-146.65	0.627
290.91	0.51655	21.665	-32.997	0.17976	-13.46	-7.153	8.4683	-17.809	-3.8939	-54.168	45.085	-62.574	-121.34	28.486	-37.44	-146.61	0.57671
290.92	0.51219	21.671	-33.117	0.25303	-13.599	-7.499	8.7375	-17.84	-3.9359	-53.986	44.853	-62.569	-121.27	28.363	-37.386	-146.58	0.5166
290.92	0.52186	21.661	-33.062	0.32598	-13.604	-7.4352	8.8472	-17.889	-3.9738	-53.906	44.709	-62.563	-121.19	28.284	-37.361	-146.57	0.45978
290.91	0.51457	21.664	-32.969	0.39845	-13.541	-7.3994	8.9299	-18.027	-3.9258	-53.845	44.614	-62.566	-121.12	28.201	-37.352	-146.56	0.39721
290.92	0.51834	21.656	-32.909	0.45178	-13.521	-7.3354	8.939	-18.061	-3.8451	-53.845	44.534	-62.559	-121.12	28.179	-37.363	-146.57	0.35431
290.91	0.51645	21.654	-32.862	0.49314	-13.471	-7.3082	8.9338	-18.094	-3.7732	-53.825	44.473	-62.525	-121.14	28.173	-37.367	-146.56	0.31082
290.92	0.53023	21.664	-32.822	0.53079	-13.44	-7.2808	8.9385	-18.09	-3.7035	-53.824	44.441	-62.493	-121.13	28.203	-37.363	-146.55	0.3101
290.92	0.52059	21.66	-32.794	0.53455	-13.423	-7.2642	8.9377	-18.097	-3.6508	-53.803	44.421	-62.457	-121.1	28.205	-37.379	-146.53	0.33577
