-40.093	1.0303	-12.92	-36.436	-147.77	-2.5421	-59.225	-122.85	27.272	-2.336	-53.532	41.559	NaN	NaN	NaN	142.62	0.39699	20.317
-40.092	1.0303	-12.905	-36.418	-147.77	-2.5389	-59.217	-122.85	27.273	-2.3334	-53.529	41.562	NaN	NaN	NaN	142.62	0.39507	20.313
-40.096	1.0273	-12.909	-36.414	-147.76	-2.5234	-59.21	-122.85	27.279	-2.3313	-53.528	41.562	NaN	NaN	NaN	142.62	0.39503	20.313
-40.093	1.0293	-12.908	-36.419	-147.76	-2.5208	-59.218	-122.85	27.274	-2.3328	-53.526	41.562	NaN	NaN	NaN	142.62	0.39522	20.313
-40.104	1.0358	-12.909	-36.41	-147.76	-2.5203	-59.221	-122.86	27.273	-2.3392	-53.531	41.557	NaN	NaN	NaN	142.62	0.39506	20.313
-40.102	1.037	-12.907	-36.417	-147.75	-2.5323	-59.23	-122.85	27.272	-2.3345	-53.528	41.574	NaN	NaN	NaN	142.62	0.39271	20.312
-40.114	1.0201	-12.923	-36.412	-147.76	-2.5207	-59.23	-122.85	27.272	-2.3478	-53.524	41.57	NaN	NaN	NaN	142.62	0.3901	20.32
-40.111	1.0328	-12.916	-36.419	-147.77	-2.5263	-59.236	-122.85	27.264	-2.3424	-53.521	41.563	NaN	NaN	NaN	142.61	0.38921	20.319
-40.11	1.034	-12.913	-36.421	-147.77	-2.5264	-59.25	-122.85	27.273	-2.3549	-53.53	41.564	NaN	NaN	NaN	142.62	0.3901	20.32
-40.109	1.0365	-12.925	-36.428	-147.76	-2.5256	-59.25	-122.85	27.273	-2.3614	-53.522	41.578	NaN	NaN	NaN	142.61	0.38705	20.315
-40.107	1.0345	-12.91	-36.442	-147.76	-2.5307	-59.254	-122.85	27.273	-2.3665	-53.525	41.574	NaN	NaN	NaN	142.61	0.38772	20.316
-40.112	1.0334	-12.913	-36.449	-147.76	-2.5231	-59.264	-122.86	27.264	-2.3674	-53.525	41.559	NaN	NaN	NaN	142.61	0.39717	20.309
-40.118	1.0282	-12.919	-36.446	-147.76	-2.5318	-59.264	-122.86	27.264	-2.3703	-53.529	41.584	NaN	NaN	NaN	142.61	0.39779	20.322
-40.118	1.0282	-12.92	-36.437	-147.77	-2.5195	-59.264	-122.86	27.264	-2.3682	-53.529	41.585	NaN	NaN	NaN	142.62	0.39009	20.32
-40.116	1.0305	-12.916	-36.441	-147.77	-2.5238	-59.263	-122.86	27.266	-2.3679	-53.541	41.578	NaN	NaN	NaN	142.62	0.3929	20.31
-40.116	1.0293	-12.917	-36.442	-147.77	-2.5246	-59.264	-122.86	27.264	-2.3621	-53.539	41.582	NaN	NaN	NaN	142.61	0.38792	20.319
-40.112	1.0194	-12.922	-36.442	-147.77	-2.5258	-59.259	-122.85	27.269	-2.3634	-53.538	41.57	NaN	NaN	NaN	142.62	0.39036	20.309
-40.116	1.0153	-12.913	-36.444	-147.77	-2.5395	-59.251	-122.86	27.268	-2.3596	-53.534	41.561	NaN	NaN	NaN	142.62	0.3905	20.308
-40.11	1.0197	-12.92	-36.427	-147.77	-2.5329	-59.243	-122.86	27.261	-2.3459	-53.538	41.564	NaN	NaN	NaN	142.62	0.39223	20.323
-40.109	1.0195	-12.92	-36.433	-147.77	-2.5316	-59.238	-122.85	27.264	-2.3413	-53.535	41.567	NaN	NaN	NaN	142.62	0.39036	20.309
-40.104	1.0231	-12.914	-36.423	-147.76	-2.5242	-59.232	-122.86	27.263	-2.3344	-53.533	41.555	NaN	NaN	NaN	142.63	0.38735	20.312
-40.097	1.0271	-12.909	-36.436	-147.77	-2.5571	-59.231	-122.86	27.262	-2.3288	-53.527	41.561	NaN	NaN	NaN	142.62	0.39247	20.311
-40.1	1.0255	-12.911	-36.421	-147.77	-2.5308	-59.232	-122.85	27.266	-2.3309	-53.527	41.563	NaN	NaN	NaN	142.63	0.39715	20.317
-40.099	1.0266	-12.912	-36.427	-147.76	-2.5312	-59.218	-122.85	27.258	-2.3276	-53.526	41.547	NaN	NaN	NaN	142.63	0.39693	20.317
-40.1	1.0266	-12.912	-36.408	-147.76	-2.533	-59.218	-122.85	27.259	-2.3296	-53.526	41.55	NaN	NaN	NaN	142.62	0.39463	20.314
-40.101	1.0255	-12.913	-36.411	-147.76	-2.5352	-59.229	-122.85	27.27	-2.318	-53.532	41.561	NaN	NaN	NaN	142.62	0.39247	20.311
-40.1	1.0388	-12.904	-36.419	-147.76	-2.5228	-59.219	-122.85	27.259	-2.3276	-53.526	41.547	NaN	NaN	NaN	142.62	0.39238	20.323
-40.104	1.0364	-12.907	-36.431	-147.77	-2.5312	-59.228	-122.85	27.258	-2.328	-53.527	41.561	NaN	NaN	NaN	142.63	0.3866	20.325
-40.102	1.0375	-12.906	-36.43	-147.76	-2.5304	-59.23	-122.85	27.269	-2.3309	-53.527	41.563	NaN	NaN	NaN	142.62	0.39504	20.313
-40.111	1.0335	-12.914	-36.427	-147.76	-2.539	-59.233	-122.85	27.266	-2.3355	-53.529	41.54	NaN	NaN	NaN	142.62	0.39504	20.313
-40.109	1.0344	-12.912	-36.432	-147.76	-2.5428	-59.24	-122.84	27.268	-2.3375	-53.531	41.556	NaN	NaN	NaN	142.62	0.39007	20.32
-40.109	1.0346	-12.913	-36.43	-147.76	-2.5292	-59.243	-122.84	27.253	-2.343	-53.535	41.554	NaN	NaN	NaN	142.62	0.39503	20.313
-40.107	1.0342	-12.912	-36.454	-147.77	-2.538	-59.242	-122.85	27.262	-2.3379	-53.532	41.57	NaN	NaN	NaN	142.61	0.38945	20.307
-40.121	1.0385	-12.917	-36.447	-147.76	-2.5377	-59.252	-122.85	27.259	-2.3442	-53.525	41.555	NaN	NaN	NaN	142.61	0.38682	20.317
-40.116	1.0286	-12.918	-36.453	-147.77	-2.5402	-59.252	-122.85	27.259	-2.3455	-53.538	41.563	NaN	NaN	NaN	142.61	0.38771	20.319
-40.111	1.0318	-12.914	-36.45	-147.76	-2.5371	-59.25	-122.85	27.261	-2.3434	-53.536	41.567	NaN	NaN	NaN	142.61	0.38556	20.315
-40.103	1.0359	-12.906	-36.449	-147.76	-2.5365	-59.254	-122.85	27.258	-2.3588	-53.534	41.558	NaN	NaN	NaN	142.61	0.38612	20.313
-40.102	1.037	-12.907	-36.456	-147.77	-2.5416	-59.261	-122.86	27.266	-2.3541	-53.53	41.564	NaN	NaN	NaN	142.61	0.38808	20.317
-40.107	1.0235	-12.918	-36.463	-147.77	-2.5447	-59.264	-122.86	27.264	-2.3609	-53.535	41.558	NaN	NaN	NaN	142.61	0.38791	20.317
-40.098	1.0266	-12.911	-36.458	-147.77	-2.531	-59.26	-122.85	27.254	-2.3489	-53.54	41.562	NaN	NaN	NaN	142.62	0.39024	20.322
-40.111	1.0293	-12.917	-36.452	-147.77	-2.526	-59.257	-122.85	27.268	-2.3443	-53.538	41.564	NaN	NaN	NaN	142.62	0.3802	20.315
-40.101	1.024	-12.914	-36.447	-147.78	-2.5286	-59.257	-122.85	27.257	-2.3468	-53.539	41.562	NaN	NaN	NaN	142.61	0.38836	20.305
-40.1	1.0254	-12.912	-36.453	-147.78	-2.5233	-59.252	-122.85	27.26	-2.3422	-53.538	41.562	NaN	NaN	NaN	142.61	0.38588	20.315
-40.101	1.0246	-12.911	-36.449	-147.78	-2.53	-59.254	-122.85	27.259	-2.3481	-53.54	41.561	NaN	NaN	NaN	142.62	0.38165	20.317
-40.1	1.0228	-12.9	-36.45	-147.78	-2.5311	-59.239	-122.85	27.265	-2.3477	-53.539	41.548	NaN	NaN	NaN	142.62	0.39004	20.322
-40.094	1.0293	-12.904	-36.435	-147.78	-2.5378	-59.242	-122.85	27.262	-2.3414	-53.547	41.547	NaN	NaN	NaN	142.62	0.38281	20.307
-40.095	1.0272	-12.909	-36.436	-147.77	-2.5324	-59.231	-122.86	27.261	-2.3364	-53.543	41.551	NaN	NaN	NaN	142.63	0.38732	20.312
-40.088	1.0341	-12.899	-36.438	-147.77	-2.5219	-59.233	-122.85	27.266	-2.3306	-53.539	41.544	NaN	NaN	NaN	142.62	0.38235	20.319
-40.093	1.0306	-12.904	-36.44	-147.77	-2.5504	-59.232	-122.85	27.255	-2.3244	-53.535	41.532	NaN	NaN	NaN	142.62	0.39223	20.31
-40.089	1.0328	-12.902	-36.427	-147.77	-2.5329	-59.229	-122.85	27.269	-2.3294	-53.537	41.531	NaN	NaN	NaN	142.62	0.39128	20.322
-40.097	1.0399	-12.902	-36.433	-147.76	-2.5415	-59.233	-122.85	27.256	-2.3294	-53.54	41.54	NaN	NaN	NaN	142.62	0.39482	20.313
-40.099	1.0386	-12.904	-36.438	-147.75	-2.5278	-59.237	-122.85	27.264	-2.3235	-53.535	41.544	NaN	NaN	NaN	142.62	0.39517	20.313
-40.099	1.0406	-12.917	-36.443	-147.76	-2.5349	-59.238	-122.84	27.258	-2.3222	-53.534	41.533	NaN	NaN	NaN	142.62	0.39455	20.313
-40.096	1.0404	-12.901	-36.434	-147.76	-2.5304	-59.24	-122.84	27.256	-2.3384	-53.529	41.531	NaN	NaN	NaN	142.62	0.3952	20.313
-40.099	1.0393	-12.903	-36.437	-147.76	-2.5441	-59.241	-122.84	27.255	-2.3299	-53.522	41.552	NaN	NaN	NaN	142.62	0.4029	20.314
-40.097	1.0391	-12.902	-36.457	-147.77	-2.5412	-59.244	-122.84	27.263	-2.3346	-53.529	41.542	NaN	NaN	NaN	142.63	0.39689	20.317
-40.103	1.0365	-12.908	-36.451	-147.77	-2.5237	-59.242	-122.84	27.254	-2.3345	-53.526	41.548	NaN	NaN	NaN	142.61	0.40037	20.311
-40.096	1.0404	-12.901	-36.453	-147.77	-2.5265	-59.245	-122.84	27.266	-2.3324	-53.524	41.55	NaN	NaN	NaN	142.62	0.39501	20.313
-40.095	1.0435	-12.9	-36.46	-147.77	-2.5323	-59.241	-122.84	27.268	-2.3319	-53.539	41.529	NaN	NaN	NaN	142.62	0.39281	20.309
-40.095	1.0416	-12.899	-36.46	-147.77	-2.5337	-59.244	-122.84	27.265	-2.3256	-53.534	41.534	NaN	NaN	NaN	142.62	0.39046	20.308
-40.085	1.0341	-12.898	-36.452	-147.77	-2.5279	-59.246	-122.85	27.262	-2.3157	-53.54	41.537	NaN	NaN	NaN	142.61	0.38783	20.317
-40.099	1.027	-12.91	-36.456	-147.77	-2.5273	-59.234	-122.85	27.268	-2.3158	-53.543	41.531	NaN	NaN	NaN	142.62	0.395	20.313
-40.09	1.0294	-12.902	-36.46	-147.77	-2.5305	-59.236	-122.85	27.266	-2.3106	-53.564	41.514	NaN	NaN	NaN	142.62	0.39234	20.323
-40.076	1.009	-12.892	-36.449	-147.78	-2.5053	-59.224	-122.86	27.283	-2.2976	-53.585	41.506	NaN	NaN	NaN	142.61	0.38678	20.315
-40.074	0.99542	-12.884	-36.437	-147.8	-2.5051	-59.215	-122.87	27.298	-2.2669	-53.649	41.49	NaN	NaN	NaN	142.62	0.3821	20.319
-40.061	0.96138	-12.878	-36.436	-147.81	-2.4897	-59.182	-122.88	27.323	-2.1974	-53.724	41.459	NaN	NaN	NaN	142.62	0.39192	20.324
-40.024	0.93556	-12.84	-36.39	-147.82	-2.4291	-59.112	-122.9	27.358	-2.1024	-53.85	41.431	NaN	NaN	NaN	142.62	0.3828	20.305
-39.994	0.83353	-12.683	-36.329	-147.86	-2.3874	-59.009	-122.94	27.435	-1.9407	-53.984	41.374	NaN	NaN	NaN	142.62	0.38251	20.318
-39.914	0.76133	-12.608	-36.27	-147.88	-2.3368	-58.848	-123.02	27.539	-1.7538	-54.111	41.326	NaN	NaN	NaN	142.62	0.37979	20.317
-39.812	0.68602	-12.487	-36.222	-147.93	-2.3133	-58.659	-123.11	27.694	-1.5321	-54.293	41.307	NaN	NaN	NaN	142.62	0.38237	20.308
-39.702	0.60542	-12.27	-36.14	-148.01	-2.2765	-58.472	-123.21	27.827	-1.2425	-54.528	41.34	NaN	NaN	NaN	142.62	0.37801	20.314
-39.629	0.50926	-11.912	-36.02	-148.14	-2.2721	-58.22	-123.38	27.961	-0.91416	-54.825	41.359	NaN	NaN	NaN	142.61	0.38316	20.314
-39.449	0.35385	-10.989	-35.859	-148.28	-2.2725	-57.882	-123.6	28.124	-0.416	-55.187	41.539	NaN	NaN	NaN	142.62	0.37974	20.318
-39.147	0.15429	-9.5744	-35.729	-148.43	-2.3888	-57.446	-123.92	28.262	0.17055	-55.765	41.799	NaN	NaN	NaN	142.62	0.37992	20.318
-38.711	0.030058	-7.9428	-35.463	-148.63	-2.6453	-56.937	-124.29	28.42	0.95152	-56.586	42.219	NaN	NaN	NaN	142.62	0.37542	20.312
-37.978	0.036118	-6.1494	-35.164	-148.8	-2.892	-56.342	-124.7	28.586	1.8525	-57.574	42.777	NaN	NaN	NaN	142.62	0.3797	20.317
-37.008	-0.19015	-3.9044	-34.853	-149	-3.0005	-55.682	-125.18	28.788	2.86	-58.827	43.482	NaN	NaN	NaN	142.63	0.38162	20.322
-35.86	-0.42986	-1.7076	-34.578	-149.29	-3.2042	-54.987	-125.7	29.056	4.0147	-60.278	44.366	NaN	NaN	NaN	142.63	0.38399	20.326
-34.421	-0.78192	0.68149	-34.166	-149.59	-3.3978	-54.245	-126.26	29.318	5.2676	-61.849	45.293	NaN	NaN	NaN	142.63	0.37628	20.324
-32.747	-1.1393	3.006	-33.757	-149.87	-3.511	-53.406	-126.85	29.636	6.6291	-63.529	46.194	NaN	NaN	NaN	142.64	0.37976	20.315
-30.939	-1.6031	5.3496	-33.267	-150.25	-3.5757	-52.523	-127.46	30.006	8.1212	-65.265	47	NaN	NaN	NaN	142.64	0.38058	20.331
-28.993	-2.0859	7.543	-32.672	-150.62	-3.4162	-51.605	-128.05	30.394	9.7276	-66.966	47.868	NaN	NaN	NaN	142.65	0.38532	20.325
-27.022	-2.6014	9.54	-31.897	-150.97	-3.1355	-50.615	-128.57	30.812	11.336	-68.592	48.758	NaN	NaN	NaN	142.64	0.38083	20.319
-24.914	-3.2298	11.321	-30.952	-151.34	-2.7933	-49.593	-129.08	31.247	12.986	-70.184	49.693	NaN	NaN	NaN	142.64	0.38036	20.331
-22.619	-3.9535	12.895	-29.876	-151.76	-2.3628	-48.458	-129.57	31.7	14.657	-71.79	50.606	NaN	NaN	NaN	142.64	0.36815	20.326
-20.217	-4.6514	14.266	-28.756	-152.47	-1.973	-47.191	-130.13	32.22	16.462	-73.46	51.511	NaN	NaN	NaN	142.63	0.36374	20.319
-17.634	-5.5454	15.712	-27.555	-153.05	-1.3958	-45.811	-130.69	32.748	18.407	-75.194	52.468	NaN	NaN	NaN	142.63	0.35979	20.311
-14.93	-6.3608	16.843	-26.202	-153.76	-0.87905	-44.322	-131.24	33.239	20.494	-77.001	53.393	NaN	NaN	NaN	142.63	0.35802	20.323
-11.962	-7.3847	18.218	-24.683	-154.47	-0.44816	-42.68	-131.82	33.731	23.03	-78.655	54.659	NaN	NaN	NaN	142.62	0.35443	20.319
-8.807	-8.411	19.482	-23.042	-155.09	0.011969	-40.896	-132.44	34.192	25.444	-80.648	55.501	NaN	NaN	NaN	142.62	0.35466	20.32
-5.4852	-9.5032	20.771	-21.5	-155.61	0.42927	-38.957	-133.1	34.69	27.988	-82.673	56.163	NaN	NaN	NaN	142.62	0.35222	20.33
-2.0186	-10.611	22.11	-19.64	-156.38	0.77378	-36.888	-133.8	35.219	30.65	-84.741	56.891	NaN	NaN	NaN	142.62	0.35481	20.319
1.5013	-11.764	23.414	-17.875	-157.08	1.1408	-34.735	-134.48	35.782	33.425	-86.796	57.41	NaN	NaN	NaN	142.62	0.35701	20.321
5.0985	-12.916	24.704	-16.139	-157.76	1.516	-32.518	-135.16	36.321	36.323	-88.805	57.902	NaN	NaN	NaN	142.62	0.35396	20.318
8.7194	-14.005	25.87	-14.279	-158.38	1.9775	-30.238	-135.82	36.871	39.257	-90.761	58.271	NaN	NaN	NaN	142.62	0.35485	20.32
12.317	-15.1	26.922	-12.422	-158.99	2.2261	-27.914	-136.48	37.428	42.258	-92.652	58.439	NaN	NaN	NaN	142.63	0.36233	20.329
15.903	-16.228	27.998	-10.406	-159.55	2.6608	-25.504	-137.13	37.989	45.286	-94.435	58.715	NaN	NaN	NaN	142.63	0.36106	20.328
19.5	-17.236	28.797	-8.6367	-159.89	2.9821	-23.037	-137.72	38.464	48.356	-96.153	58.793	NaN	NaN	NaN	142.64	0.36603	20.322
23.046	-18.197	29.489	-6.6354	-160.41	3.3251	-20.563	-138.3	38.983	51.405	-97.759	58.754	NaN	NaN	NaN	142.64	0.3646	20.32
26.579	-19.16	30.036	-4.5087	-160.9	3.7432	-18.016	-138.84	39.434	54.471	-99.228	58.729	NaN	NaN	NaN	142.65	0.35918	20.322
30.079	-20.084	30.44	-2.1763	-161.66	3.9087	-15.459	-139.28	39.857	57.497	-100.59	58.61	NaN	NaN	NaN	142.64	0.36623	20.322
33.515	-20.86	30.631	0.0091463	-162.11	4.1865	-12.887	-139.71	40.244	60.492	-101.81	58.41	NaN	NaN	NaN	142.64	0.36904	20.327
36.867	-21.688	30.562	2.122	-162.28	4.5126	-10.3	-140.03	40.546	63.518	-102.88	58.152	NaN	NaN	NaN	142.64	0.3682	20.323
40.119	-22.32	30.317	4.4083	-162.8	4.8145	-7.7247	-140.29	40.797	66.44	-103.79	57.903	NaN	NaN	NaN	142.64	0.36735	20.324
43.205	-22.91	29.925	6.715	-162.96	5.1088	-5.131	-140.49	40.998	69.344	-104.55	57.522	NaN	NaN	NaN	142.63	0.37373	20.323
46.159	-23.34	29.367	9.2423	-163.59	5.2417	-2.5456	-140.64	41.095	72.164	-105.12	57.133	NaN	NaN	NaN	142.63	0.3711	20.333
48.967	-23.762	28.749	11.52	-163.88	5.4298	0.019877	-140.74	41.16	74.981	-105.55	56.743	NaN	NaN	NaN	142.63	0.37129	20.333
51.721	-24.063	27.87	13.717	-163.94	5.65	2.5892	-140.79	41.198	77.708	-105.84	56.301	NaN	NaN	NaN	142.62	0.36683	20.326
54.363	-24.371	27.102	16.031	-164.12	5.7981	5.126	-140.78	41.194	80.382	-106	55.783	NaN	NaN	NaN	142.62	0.36148	20.335
56.926	-24.488	26.035	18.381	-164.31	5.9063	7.6079	-140.72	41.152	83.088	-106.06	55.248	NaN	NaN	NaN	142.62	0.3621	20.332
59.365	-24.588	25.111	20.655	-164.4	6.0474	10.041	-140.59	41.103	85.651	-106.07	54.658	NaN	NaN	NaN	142.62	0.36256	20.321
61.789	-24.636	24.023	22.968	-164.6	6.0787	12.436	-140.43	41.042	88.21	-105.95	54.104	NaN	NaN	NaN	142.63	0.3574	20.321
64.058	-24.582	22.917	25.122	-164.55	6.0387	14.738	-140.22	40.944	90.69	-105.77	53.508	NaN	NaN	NaN	142.63	0.357	20.323
66.215	-24.452	21.957	27.365	-164.72	6.0925	17.012	-139.96	40.879	93.095	-105.52	52.805	NaN	NaN	NaN	142.63	0.35697	20.324
68.282	-24.191	20.858	29.229	-164.24	6.1532	19.238	-139.67	40.81	95.469	-105.22	52.231	149.46	-41.299	22.541	142.62	0.35248	20.316
70.185	-23.968	20.028	31.406	-164.33	6.1017	21.341	-139.33	40.761	97.728	-104.75	51.648	152.15	-41.382	21.456	142.63	0.36129	20.329
72.001	-23.629	19.227	33.163	-163.87	6.0816	23.416	-138.92	40.688	99.956	-104.23	51.032	154.68	-41.33	20.428	142.63	0.36149	20.328
73.645	-23.212	18.48	34.965	-163.51	6.117	25.405	-138.5	40.669	102.05	-103.62	50.488	156.95	-41.041	19.419	142.63	0.36125	20.33
75.165	-22.694	17.804	36.817	-163.09	6.1913	27.346	-138.02	40.572	104.04	-102.94	50.001	159.02	-40.61	18.425	142.63	0.36246	20.317
76.577	-22.063	17.09	38.582	-162.64	6.1974	29.235	-137.48	40.582	105.96	-102.13	49.489	160.92	-39.918	17.543	142.64	0.36628	20.322
77.907	-21.444	16.538	40.291	-162.16	6.2686	31.049	-136.9	40.537	107.82	-101.23	49.026	162.25	-39.209	16.327	142.63	0.36126	20.328
79.117	-20.718	15.896	42.104	-161.72	6.344	32.845	-136.23	40.492	109.59	-100.19	48.683	164.14	-38.033	15.8	142.63	0.36341	20.331
80.229	-19.899	15.328	43.722	-161.02	6.4093	34.527	-135.54	40.474	111.29	-99.064	48.333	165.52	-36.796	15.028	142.63	0.37183	20.32
81.286	-19.032	14.728	45.559	-160.63	6.4985	36.207	-134.73	40.392	112.91	-97.835	48.02	166.67	-35.482	14.137	142.63	0.36896	20.329
82.311	-18.177	14.199	47.032	-159.63	6.486	37.783	-133.91	40.358	114.49	-96.515	47.807	167.6	-34.014	13.242	142.63	0.37205	20.319
83.324	-17.237	13.607	48.684	-158.85	6.5564	39.373	-133	40.293	116	-95.159	47.63	NaN	NaN	NaN	142.62	0.37478	20.327
84.38	-16.32	13.026	50.448	-158.33	6.7287	40.878	-132.05	40.221	117.49	-93.758	47.516	NaN	NaN	NaN	142.61	0.37279	20.324
85.456	-15.311	12.371	51.953	-157.33	6.849	42.356	-131.03	40.121	118.94	-92.362	47.452	NaN	NaN	NaN	142.61	0.36872	20.316
86.57	-14.326	11.704	53.416	-156.32	6.8631	43.805	-130.01	40.093	120.34	-90.888	47.336	NaN	NaN	NaN	142.61	0.36854	20.316
87.735	-13.34	11.024	55.066	-155.62	6.962	45.204	-128.96	39.989	121.74	-89.467	47.285	NaN	NaN	NaN	142.61	0.36855	20.316
88.983	-12.281	10.371	56.54	-154.58	7.0732	46.604	-127.89	39.936	123.13	-88.103	47.247	NaN	NaN	NaN	142.6	0.36375	20.325
90.337	-11.289	9.7511	57.987	-153.47	7.105	48.017	-126.78	39.893	124.56	-86.785	47.312	NaN	NaN	NaN	142.59	0.37194	20.312
91.728	-10.28	9.0376	59.606	-152.74	7.2045	49.402	-125.71	39.829	126.01	-85.475	47.276	NaN	NaN	NaN	142.6	0.37454	20.314
93.194	-9.3146	8.7033	61.055	-151.67	7.3045	50.787	-124.64	39.816	127.46	-84.255	47.227	NaN	NaN	NaN	142.6	0.37407	20.316
94.711	-8.3016	8.248	62.451	-150.59	7.2631	52.221	-123.59	39.793	128.97	-83.11	47.225	NaN	NaN	NaN	142.61	0.36638	20.315
96.304	-7.3589	7.9132	63.888	-149.63	7.3418	53.636	-122.58	39.832	130.45	-81.996	47.147	NaN	NaN	NaN	142.6	0.36619	20.315
97.988	-6.4159	7.7654	65.356	-148.66	7.3572	55.049	-121.58	39.776	131.99	-80.922	47.106	NaN	NaN	NaN	142.61	0.36873	20.316
99.682	-5.4366	7.4138	66.672	-147.67	7.255	56.439	-120.6	39.804	133.5	-79.934	47.033	NaN	NaN	NaN	142.62	0.36413	20.31
101.41	-4.6039	7.302	68.016	-146.66	7.3564	57.824	-119.63	39.847	135.02	-78.941	46.99	NaN	NaN	NaN	142.62	0.36493	20.322
103.12	-3.6103	6.8862	69.266	-145.64	7.2742	59.166	-118.69	39.793	136.5	-77.951	46.928	NaN	NaN	NaN	142.62	0.36255	20.32
104.88	-2.7368	6.7027	70.567	-144.63	7.2096	60.509	-117.76	39.804	137.96	-76.945	46.817	NaN	NaN	NaN	142.63	0.35902	20.313
106.57	-1.8685	6.2284	71.827	-143.72	7.1571	61.845	-116.86	39.791	139.37	-75.925	46.778	NaN	NaN	NaN	142.63	0.36198	20.314
108.26	-1.0569	5.8075	73.267	-142.92	7.167	63.131	-115.97	39.714	140.72	-74.881	46.689	NaN	NaN	NaN	142.63	0.36836	20.317
109.96	-0.26379	5.2006	74.509	-142.08	7.0032	64.417	-115.07	39.675	142.09	-73.764	46.704	NaN	NaN	NaN	142.63	0.36156	20.315
111.63	0.42384	4.5906	75.76	-141.17	7.0388	65.637	-114.2	39.613	143.39	-72.6	46.671	NaN	NaN	NaN	142.63	0.37164	20.32
113.33	1.1436	3.8231	77.005	-140.36	6.9647	66.86	-113.35	39.534	144.66	-71.442	46.6	NaN	NaN	NaN	142.63	0.37207	20.319
115.05	1.7236	3.1187	78.343	-139.69	6.9865	68.076	-112.55	39.484	145.89	-70.23	46.665	NaN	NaN	NaN	142.62	0.37508	20.314
116.71	2.308	2.1795	79.62	-138.82	6.9297	69.292	-111.78	39.434	147.12	-69.032	46.577	NaN	NaN	NaN	142.62	0.37724	20.317
118.36	2.8868	1.3427	80.959	-138.25	6.9367	70.486	-111.04	39.38	148.05	-68.081	46.143	NaN	NaN	NaN	142.62	0.37479	20.327
119.96	3.4142	0.42453	82.134	-137.52	6.9198	71.697	-110.34	39.392	149.23	-66.9	46.049	NaN	NaN	NaN	142.61	0.37291	20.324
121.65	3.8794	0.034713	83.299	-136.79	6.9441	72.885	-109.74	39.383	150.46	-65.805	46.057	NaN	NaN	NaN	142.61	0.37285	20.322
123.26	4.2301	-0.66618	84.621	-136.32	7.0238	74.108	-109.11	39.44	151.67	-64.779	46.028	NaN	NaN	NaN	142.32	0.44747	20.317
124.38	4.7595	-1.1191	85.714	-135.45	7.008	75.326	-108.59	39.504	152.87	-63.982	46.086	NaN	NaN	NaN	141.68	0.9048	20.31
124.69	5.4174	-1.1024	87.104	-135.2	7.179	76.565	-108.08	39.645	154.1	-63.324	46.203	NaN	NaN	NaN	142.34	2.0103	20.33
125.56	6.1517	-0.91931	88.35	-134.7	7.2783	77.844	-107.68	39.801	155.28	-62.602	46.361	NaN	NaN	NaN	143.53	2.8234	20.324
126.75	6.7253	-0.65846	89.613	-134.16	7.4343	79.179	-107.32	40.048	156.6	-61.917	46.511	NaN	NaN	NaN	145.12	3.377	20.431
128.12	7.2354	-0.47606	91.001	-133.88	7.6392	80.527	-107	40.247	157.91	-61.303	46.658	NaN	NaN	NaN	146.79	3.6695	20.471
129.49	7.6305	-0.26557	92.37	-133.48	7.9527	81.904	-106.62	40.508	159.38	-60.815	46.983	NaN	NaN	NaN	148.48	3.9655	20.52
130.96	7.9658	0.096677	93.714	-133	8.1555	83.298	-106.22	40.736	160.86	-60.41	47.307	NaN	NaN	NaN	150.19	4.4181	20.78
132.53	8.3063	0.37717	95.144	-132.61	8.4184	84.765	-105.85	41.036	162.42	-60.064	47.663	NaN	NaN	NaN	151.73	4.7439	21.023
134.23	8.6528	0.77635	96.663	-132.31	8.628	86.305	-105.52	41.314	164.07	-59.8	48.087	NaN	NaN	NaN	153.29	5.0477	21.426
136.05	8.968	1.0912	98.349	-132.05	8.8751	87.99	-105.25	41.581	165.82	-59.64	48.436	NaN	NaN	NaN	155.03	5.3176	21.974
138.02	9.2047	1.7654	100.08	-131.83	9.054	89.748	-104.99	41.854	167.63	-59.514	48.918	NaN	NaN	NaN	156.94	5.5192	22.49
140.17	9.4338	2.3818	101.82	-131.49	9.3417	91.591	-104.78	42.185	169.6	-59.511	49.424	NaN	NaN	NaN	159.17	5.6702	23.121
142.38	9.5755	2.9839	103.56	-131.18	9.6748	93.457	-104.56	42.498	171.66	-59.543	49.916	NaN	NaN	NaN	161.53	5.7674	23.784
144.79	9.6887	3.6544	105.49	-131.08	9.9814	95.408	-104.38	42.877	173.78	-59.629	50.429	NaN	NaN	NaN	163.97	5.737	24.366
147.34	9.8051	4.4187	107.33	-130.78	10.279	97.438	-104.2	43.242	176.02	-59.751	50.946	NaN	NaN	NaN	166.54	5.7272	25.076
149.96	9.8557	4.989	109.45	-130.7	10.666	99.556	-104.08	43.597	178.34	-59.977	51.429	NaN	NaN	NaN	169.19	5.637	25.837
152.65	9.8224	5.9341	111.34	-130.42	11.001	101.76	-103.96	44.024	180.74	-60.209	52	NaN	NaN	NaN	171.85	5.488	26.498
155.39	9.8063	6.5236	113.51	-130.28	11.359	104	-103.88	44.427	183.2	-60.534	52.562	NaN	NaN	NaN	174.64	5.3221	27.279
158.26	9.7109	7.5201	115.63	-130.22	11.723	106.32	-103.79	44.878	185.69	-60.827	53.065	NaN	NaN	NaN	177.54	5.1879	28.105
161.21	9.6928	8.1138	118.43	-129.81	12.665	109.17	-103.43	45.679	188.3	-61.126	53.663	NaN	NaN	NaN	180.43	4.9323	28.802
164.18	9.534	8.8138	120.66	-129.79	12.966	111.62	-103.34	46.137	190.91	-61.468	54.24	NaN	NaN	NaN	183.46	4.6883	29.505
167.34	9.3766	9.4664	123.06	-129.68	13.462	114.04	-103.29	46.559	193.57	-61.825	54.807	NaN	NaN	NaN	186.59	4.4208	30.194
170.54	9.1832	10.13	125.41	-129.68	13.79	116.54	-103.18	46.969	196.31	-62.147	55.444	NaN	NaN	NaN	189.67	4.0945	30.851
173.83	8.9617	10.587	127.85	-129.61	14.277	119.03	-103.05	47.369	198.99	-62.496	56.025	NaN	NaN	NaN	192.86	3.8052	31.498
177.11	8.6443	11.021	130.27	-129.61	14.632	121.54	-102.89	47.748	201.75	-62.791	56.678	NaN	NaN	NaN	196.07	3.4634	31.985
180.56	8.3859	11.563	132.97	-129.78	15.249	124.06	-102.7	48.115	204.48	-63.092	57.301	NaN	NaN	NaN	199.31	3.1214	32.48
184.04	8.0543	11.678	135.27	-129.62	15.515	126.58	-102.56	48.43	207.23	-63.365	57.907	NaN	NaN	NaN	202.62	2.7859	32.969
187.44	7.689	12.058	137.24	-129.81	15.551	128.64	-102.67	48.349	209.95	-63.65	58.47	NaN	NaN	NaN	205.9	2.3879	33.288
190.96	7.3165	12.26	139.8	-129.97	15.975	131.2	-102.49	48.658	212.7	-63.869	59.045	NaN	NaN	NaN	209.18	2.0108	33.512
194.45	6.9528	12.319	142.31	-129.9	16.351	133.79	-102.27	48.91	215.41	-64.131	59.514	NaN	NaN	NaN	212.44	1.6449	33.772
197.88	6.5501	12.453	144.83	-129.94	16.693	136.35	-102.11	49.146	218.2	-64.361	59.973	NaN	NaN	NaN	215.69	1.2074	33.999
201.22	6.0592	12.427	147.36	-129.92	17.025	138.95	-101.94	49.344	220.97	-64.664	60.346	NaN	NaN	NaN	218.92	0.8242	34.181
204.62	5.5664	12.621	149.89	-129.94	17.326	141.55	-101.8	49.544	223.79	-64.971	60.702	NaN	NaN	NaN	222.13	0.40302	34.386
207.96	5.2466	12.544	152.33	-129.9	17.556	144.16	-101.69	49.713	226.57	-65.336	60.905	NaN	NaN	NaN	225.35	-0.038361	34.56
211.26	4.7809	12.802	154.78	-129.87	17.783	146.77	-101.59	49.887	229.4	-65.707	61.11	NaN	NaN	NaN	228.53	-0.46751	34.722
214.5	4.522	12.941	157.15	-129.84	17.979	149.34	-101.55	50.025	232.18	-66.184	61.218	NaN	NaN	NaN	231.74	-0.94804	34.888
217.64	4.0487	13.274	159.56	-130.16	17.997	151.89	-101.52	50.126	235	-66.665	61.324	NaN	NaN	NaN	234.87	-1.4169	35.101
220.69	3.6616	13.381	161.71	-129.86	17.963	154.38	-101.51	50.179	237.69	-67.15	61.292	NaN	NaN	NaN	237.96	-1.9257	35.389
223.74	3.3482	13.596	163.9	-129.82	17.926	156.82	-101.48	50.164	240.3	-67.627	61.301	NaN	NaN	NaN	240.99	-2.3715	35.513
226.67	2.9611	13.891	166.12	-129.81	17.835	159.2	-101.45	50.17	242.85	-68.069	61.24	NaN	NaN	NaN	243.93	-2.8329	35.587
229.54	2.6247	13.767	168.13	-129.8	17.732	161.5	-101.38	50.079	245.28	-68.43	61.237	NaN	NaN	NaN	246.77	-3.2214	35.636
232.32	2.2511	13.62	170.3	-129.74	17.649	163.71	-101.28	49.908	247.65	-68.76	61.165	NaN	NaN	NaN	249.46	-3.656	35.561
235.03	1.8867	13.359	172.43	-130.02	17.699	165.83	-101.14	49.779	249.86	-68.983	61.118	NaN	NaN	NaN	252.06	-4.0244	35.368
237.56	1.434	12.88	174.16	-129.67	17.386	167.87	-100.95	49.538	252.01	-69.154	61.028	NaN	NaN	NaN	254.66	-4.306	35.175
239.6	0.64916	11.6	176.21	-130	17.323	169.81	-100.72	49.28	253.99	-69.263	60.883	NaN	NaN	NaN	257.09	-4.5762	34.843
242.08	0.38421	11.036	177.79	-129.57	17.104	171.67	-100.46	49.013	255.95	-69.326	60.751	NaN	NaN	NaN	259.39	-4.8871	34.394
244.5	-0.042578	10.532	179.51	-129.45	16.917	173.46	-100.18	48.718	257.8	-69.378	60.577	NaN	NaN	NaN	261.65	-5.119	34.01
246.76	-0.31949	9.9416	181.18	-129.31	16.789	175.2	-99.893	48.402	259.61	-69.449	60.362	NaN	NaN	NaN	263.77	-5.3513	33.538
248.94	-0.57504	9.5418	182.75	-129.23	16.444	176.84	-99.612	48.047	261.33	-69.503	60.072	NaN	NaN	NaN	265.83	-5.5832	33.158
251	-0.77172	8.9673	184.27	-129.07	16.264	178.44	-99.377	47.719	263	-69.601	59.758	NaN	NaN	NaN	267.82	-5.7675	32.765
252.92	-0.94522	8.5243	185.9	-129.31	16.118	179.99	-99.139	47.361	264.61	-69.691	59.406	NaN	NaN	NaN	269.69	-5.9792	32.298
254.73	-1.0646	8.2123	187.31	-129.17	15.734	181.46	-98.93	47.032	266.2	-69.803	59.04	NaN	NaN	NaN	271.53	-6.189	32.025
256.45	-1.2376	8.0113	188.25	-128.6	15.206	182.86	-98.731	46.713	267.68	-69.917	58.613	NaN	NaN	NaN	273.26	-6.3011	31.695
258.02	-1.2767	7.7938	189.36	-128.41	14.925	184.16	-98.555	46.336	269.09	-69.964	58.189	NaN	NaN	NaN	274.88	-6.4518	31.315
259.47	-1.2661	7.2125	190.49	-128.24	14.616	185.4	-98.348	46.003	270.39	-70.055	57.743	NaN	NaN	NaN	276.36	-6.5886	30.952
260.81	-1.3089	7.1047	191.56	-128.07	14.201	186.56	-98.147	45.638	271.65	-70.043	57.275	NaN	NaN	NaN	277.81	-6.601	30.668
262.03	-1.3868	6.8427	192.5	-127.87	13.783	187.63	-97.955	45.293	272.77	-70.007	56.826	NaN	NaN	NaN	279.04	-6.6056	30.238
263.13	-1.2847	6.304	193.67	-128.14	13.586	188.62	-97.733	44.906	273.8	-69.881	56.397	NaN	NaN	NaN	280.13	-6.5922	29.784
264.11	-1.1551	5.865	194.28	-127.48	13.123	189.52	-97.502	44.521	274.73	-69.726	55.934	NaN	NaN	NaN	281.2	-6.446	29.317
264.98	-0.97396	5.1893	195.06	-127.26	12.784	190.36	-97.255	44.11	275.55	-69.48	55.47	NaN	NaN	NaN	282.1	-6.2722	28.838
265.77	-0.93973	4.7134	195.98	-127.63	12.422	191.11	-96.95	43.688	276.33	-69.178	55.063	NaN	NaN	NaN	282.86	-6.1386	28.185
266.46	-0.72705	4.1032	196.43	-126.93	12.068	191.81	-96.663	43.273	276.98	-68.831	54.523	NaN	NaN	NaN	283.61	-5.8393	27.6
267.07	-0.58335	3.2874	196.99	-126.78	11.666	192.4	-96.363	42.81	277.6	-68.406	54.095	NaN	NaN	NaN	284.21	-5.5555	26.973
267.57	-0.34617	2.522	197.54	-126.54	11.439	192.96	-96.015	42.369	278.12	-67.964	53.626	NaN	NaN	NaN	284.72	-5.2495	26.167
267.98	-0.18858	1.9664	198.01	-126.3	11.074	193.44	-95.648	41.918	278.58	-67.494	53.107	NaN	NaN	NaN	285.15	-4.8972	25.496
268.32	0.075602	1.1253	198.87	-126.56	10.883	193.87	-95.311	41.452	278.98	-66.992	52.525	NaN	NaN	NaN	285.43	-4.564	24.646
268.57	0.3206	0.37265	198.96	-125.89	10.379	194.24	-94.972	40.966	279.35	-66.478	51.99	NaN	NaN	NaN	285.72	-4.1307	23.892
268.72	0.62723	-0.70353	199.24	-125.75	9.9615	194.58	-94.631	40.522	279.63	-65.939	51.41	NaN	NaN	NaN	285.85	-3.7569	23.038
268.83	0.84387	-1.4654	199.55	-125.54	9.7741	194.85	-94.328	40.027	279.85	-65.358	50.803	NaN	NaN	NaN	285.99	-3.2794	22.216
268.77	1.1819	-2.2665	200.15	-125.82	9.3983	195.1	-94.015	39.562	280.09	-64.773	50.211	NaN	NaN	NaN	286.26	-2.5875	21.753
268.88	1.6248	-2.5112	200.11	-125.19	9.0611	195.31	-93.697	39.087	280.28	-64.271	49.644	NaN	NaN	NaN	286.64	-2.1425	21.722
269.01	1.8664	-2.5115	200.31	-124.96	8.7437	195.46	-93.391	38.603	280.5	-63.948	49.12	NaN	NaN	NaN	286.81	-1.9425	21.626
269.07	2.1217	-2.5931	200.51	-124.81	8.245	195.56	-93.157	38.136	280.66	-63.706	48.715	NaN	NaN	NaN	286.93	-1.6063	21.669
269.16	2.4206	-2.7635	200.69	-124.73	7.9532	195.69	-93.007	37.692	280.82	-63.567	48.379	NaN	NaN	NaN	287.08	-1.2912	21.728
269.27	2.6676	-2.8719	200.83	-124.58	7.5014	195.82	-92.94	37.309	280.96	-63.386	48.001	NaN	NaN	NaN	287.22	-1.1065	21.687
269.44	2.7746	-3.1618	201.24	-124.97	7.395	195.98	-92.768	36.95	281.07	-63.235	47.78	NaN	NaN	NaN	287.41	-0.97718	21.657
269.58	2.8895	-3.1935	201.08	-124.4	7.0032	196.07	-92.541	36.639	281.12	-63.084	47.603	NaN	NaN	NaN	287.63	-0.86398	21.711
269.73	3.0114	-3.3085	201.16	-124.36	6.8289	196.08	-92.326	36.383	281.13	-62.928	47.524	NaN	NaN	NaN	287.86	-0.81246	21.747
269.89	3.0294	-3.4553	201.23	-124.34	6.7401	196.08	-92.129	36.168	281.12	-62.745	47.515	NaN	NaN	NaN	288.05	-0.74426	21.712
270.03	3.079	-3.6118	201.33	-124.33	6.6852	196.09	-91.966	35.987	281.1	-62.569	47.525	NaN	NaN	NaN	288.21	-0.7034	21.653
270.15	3.1487	-3.8011	201.43	-124.3	6.6266	196.12	-91.81	35.852	281.08	-62.418	47.572	NaN	NaN	NaN	288.36	-0.6695	21.657
270.25	3.1733	-3.8772	201.51	-124.28	6.6049	196.15	-91.692	35.756	281.08	-62.28	47.625	NaN	NaN	NaN	288.47	-0.62609	21.679
270.32	3.2406	-4.0392	201.58	-124.25	6.6393	196.18	-91.561	35.669	281.05	-62.123	47.651	NaN	NaN	NaN	288.56	-0.5908	21.693
270.37	3.2713	-4.1258	201.66	-124.25	6.6881	196.2	-91.44	35.608	281.03	-61.972	47.711	NaN	NaN	NaN	288.61	-0.54559	21.687
270.37	3.3126	-4.2308	201.79	-124.22	6.8436	196.22	-91.336	35.579	281.02	-61.783	47.793	NaN	NaN	NaN	288.63	-0.4415	21.683
270.38	3.3524	-4.3104	201.88	-124.19	6.9329	196.23	-91.233	35.546	281.01	-61.608	47.826	NaN	NaN	NaN	288.67	-0.40593	21.691
270.34	3.4706	-4.5868	201.93	-124.19	7.0225	196.26	-91.145	35.529	281	-61.423	47.857	NaN	NaN	NaN	288.69	-0.35708	21.698
270.32	3.5064	-4.7534	202.02	-124.16	7.1446	196.27	-91.064	35.482	280.98	-61.288	47.889	NaN	NaN	NaN	288.72	-0.31324	21.702
270.27	3.5528	-4.9385	202.31	-124.65	7.3797	196.28	-90.985	35.474	280.97	-61.158	47.904	NaN	NaN	NaN	288.74	-0.28329	21.694
270.22	3.5876	-5.0721	202.06	-124.23	7.3233	196.29	-90.913	35.457	280.96	-61.031	47.882	NaN	NaN	NaN	288.76	-0.2641	21.69
270.21	3.5802	-5.3595	202.04	-124.24	7.4025	196.31	-90.854	35.456	280.95	-60.933	47.864	NaN	NaN	NaN	288.76	-0.26411	21.69
270.14	3.5719	-5.5064	202.05	-124.28	7.4442	196.32	-90.798	35.415	280.94	-60.853	47.842	NaN	NaN	NaN	288.76	-0.26145	21.681
270.1	3.558	-5.8114	202.06	-124.32	7.484	196.32	-90.754	35.409	280.92	-60.812	47.799	NaN	NaN	NaN	288.77	-0.26978	21.696
270.1	3.4612	-6.424	202.06	-124.37	7.5715	196.33	-90.718	35.391	280.91	-60.801	47.781	NaN	NaN	NaN	288.79	-0.30625	21.689
270.03	3.2056	-7.3501	202.03	-124.42	7.664	196.31	-90.675	35.362	280.87	-60.763	47.766	NaN	NaN	NaN	288.83	-0.35017	21.7
269.82	2.887	-8.0939	201.98	-124.49	7.7936	196.29	-90.619	35.295	280.81	-60.694	47.713	NaN	NaN	NaN	289.02	-0.36122	21.757
269.76	2.7267	-8.3495	201.94	-124.58	7.9361	196.25	-90.485	35.18	280.76	-60.621	47.642	NaN	NaN	NaN	289.09	-0.48655	21.783
269.73	2.6175	-8.3977	201.91	-124.6	7.9842	196.16	-90.304	35.044	280.66	-60.606	47.533	NaN	NaN	NaN	289.08	-0.4887	21.77
269.69	2.672	-8.6405	201.85	-124.6	8.018	196.05	-90.179	34.91	280.52	-60.608	47.408	NaN	NaN	NaN	289.11	-0.53625	21.769
269.64	2.5663	-8.7791	201.79	-124.63	7.9982	195.95	-90.169	34.784	280.39	-60.522	47.218	NaN	NaN	NaN	289.12	-0.54115	21.773
269.55	2.4166	-9.4884	201.72	-124.67	7.9871	195.89	-90.189	34.681	280.33	-60.468	47.059	NaN	NaN	NaN	289.12	-0.552	21.782
269.44	2.1514	-9.9276	201.58	-124.7	8.0346	195.83	-90.136	34.548	280.19	-60.379	46.857	NaN	NaN	NaN	289.13	-0.55135	21.79
269.23	1.9953	-10.512	201.33	-124.81	8.0658	195.72	-89.997	34.412	279.98	-60.23	46.544	NaN	NaN	NaN	289.13	-0.55446	21.787
268.92	1.8793	-10.767	201.17	-124.86	8.0778	195.53	-89.84	34.26	279.81	-60.048	46.225	NaN	NaN	NaN	289.13	-0.55121	21.779
268.44	1.942	-11.421	201.01	-124.93	8.1255	195.28	-89.751	34.132	279.63	-59.902	45.954	NaN	NaN	NaN	289.14	-0.55876	21.791
267.85	1.8922	-11.608	200.83	-124.97	8.1278	195	-89.752	34.026	279.38	-59.837	45.621	NaN	NaN	NaN	289.14	-0.53744	21.788
267.18	1.9574	-11.739	200.58	-125.04	8.1222	194.73	-89.782	33.962	279.14	-59.823	45.38	NaN	NaN	NaN	289.12	-0.50954	21.77
266.38	2.0394	-11.984	200.19	-125.16	8.0807	194.47	-89.852	33.935	278.84	-59.92	45.238	NaN	NaN	NaN	289.1	-0.47396	21.776
265.61	2.0329	-11.623	200.12	-125.69	8.3627	194.11	-90.018	33.998	278.43	-60.094	45.169	NaN	NaN	NaN	289.07	-0.43172	21.77
264.76	2.1088	-11.402	199.76	-125.82	8.4119	193.7	-90.17	34.125	278	-60.309	45.275	NaN	NaN	NaN	289.05	-0.37576	21.771
263.89	2.1319	-10.89	198.98	-125.59	8.3773	193.19	-90.365	34.374	277.46	-60.625	45.426	NaN	NaN	NaN	289.02	-0.31905	21.772
262.94	2.2354	-10.324	198.5	-125.74	8.7188	192.65	-90.595	34.681	276.94	-60.961	45.725	NaN	NaN	NaN	288.98	-0.26648	21.78
261.94	2.3087	-9.4559	197.85	-126.05	8.9438	192.04	-90.889	35.055	276.3	-61.39	46.033	NaN	NaN	NaN	288.94	-0.23318	21.766
260.84	2.3815	-8.5803	197.24	-126.29	9.3234	191.39	-91.233	35.496	275.63	-61.84	46.581	NaN	NaN	NaN	288.9	-0.19428	21.768
259.73	2.399	-7.6862	196.49	-126.59	9.7088	190.69	-91.651	35.996	274.88	-62.413	46.987	NaN	NaN	NaN	288.89	-0.17713	21.767
258.49	2.2697	-6.3455	195.7	-126.95	10.115	189.93	-92.159	36.594	274.09	-63.035	47.576	NaN	NaN	NaN	288.89	-0.18587	21.767
257.19	2.2445	-5.1575	194.93	-127.26	10.611	189.08	-92.689	37.215	273.22	-63.753	48.198	NaN	NaN	NaN	288.91	-0.19898	21.772
255.8	2.1181	-3.6335	193.94	-127.69	11.074	188.15	-93.288	37.945	272.31	-64.533	48.834	NaN	NaN	NaN	288.94	-0.22084	21.776
254.35	2.0534	-2.3076	192.85	-128.05	11.562	187.14	-93.922	38.678	271.33	-65.371	49.553	NaN	NaN	NaN	288.98	-0.25141	21.776
252.82	1.866	-0.60487	191.73	-128.45	12.024	186.01	-94.609	39.464	270.2	-66.288	50.202	NaN	NaN	NaN	289	-0.29049	21.78
251.25	1.6625	0.94135	190.43	-128.94	12.507	184.78	-95.292	40.263	268.95	-67.219	51	NaN	NaN	NaN	289.03	-0.32546	21.773
249.83	1.7807	3.1692	188.97	-129.4	13.059	183.43	-95.977	41.15	267.78	-67.919	52.237	NaN	NaN	NaN	289.05	-0.3506	21.772
248.18	1.494	5.0788	187.79	-130.23	13.854	181.92	-96.673	42.014	266.26	-68.898	53.214	NaN	NaN	NaN	289.07	-0.37225	21.774
246.42	1.1783	6.6173	186.23	-130.68	14.573	180.28	-97.406	42.886	264.64	-69.838	54.292	NaN	NaN	NaN	289.07	-0.39439	21.777
244.51	0.93151	8.2692	184.58	-131.21	15.229	178.56	-98.112	43.842	262.84	-70.798	55.446	NaN	NaN	NaN	289.08	-0.3963	21.771
242.6	0.2879	10.387	182.77	-131.77	15.84	176.68	-98.876	44.802	260.92	-71.784	56.708	NaN	NaN	NaN	289.08	-0.38717	21.773
240.7	-0.049351	12.112	180.72	-131.87	16.472	174.69	-99.692	45.744	258.87	-72.76	57.91	NaN	NaN	NaN	289.06	-0.37315	21.769
238.63	-0.43595	13.787	178.77	-132.38	17.331	172.62	-100.49	46.753	256.7	-73.729	59.169	NaN	NaN	NaN	289.05	-0.34451	21.78
236.53	-0.99886	15.831	NaN	NaN	NaN	NaN	NaN	NaN	254.42	-74.702	60.559	312.5	-19.637	21.201	289.04	-0.31632	21.775
234.29	-1.612	17.842	NaN	NaN	NaN	NaN	NaN	NaN	251.95	-75.668	61.887	310.03	-20.254	23.088	NaN	NaN	NaN
231.98	-2.041	19.753	NaN	NaN	NaN	NaN	NaN	NaN	249.39	-76.56	63.183	307.38	-20.795	24.946	NaN	NaN	NaN
229.62	-2.68	21.749	289.04	-0.20055	21.861	304.55	-21.278	26.614	246.72	-77.457	64.603	162.9	-103.6	50.78	169.7	-134.45	20.299
227.05	-3.0185	23.614	289.05	-0.13154	21.937	301.53	-21.662	28.43	243.9	-78.327	65.879	160.14	-104.34	51.812	167.16	-134.95	21.203
224.35	-3.5273	25.733	289.07	-0.1048	21.955	298.21	-22.001	30.048	240.97	-79.123	67.188	157.27	-105.11	52.819	164.52	-135.5	22.053
221.38	-3.8931	27.616	289.06	-0.10738	21.94	294.7	-22.138	31.938	237.9	-79.869	68.453	154.29	-105.9	53.791	161.72	-135.99	22.754
218.25	-4.1703	29.669	289.02	-0.16265	21.886	290.89	-22.304	33.497	234.7	-80.622	69.753	151.24	-106.7	54.78	159.06	-136.86	23.665
214.97	-4.4598	31.6	288.71	-0.51643	21.315	286.94	-22.188	35.034	231.39	-81.281	70.914	148.06	-107.55	55.724	155.97	-137.11	24.249
211.56	-4.7436	33.59	288.73	-0.52616	21.31	282.82	-21.977	36.564	227.97	-81.84	72.039	144.83	-108.38	56.635	152.92	-137.58	25.08
207.93	-4.9861	35.444	288.75	-0.5372	21.334	278.55	-21.575	37.722	224.45	-82.317	73.17	141.47	-109.19	57.503	149.83	-138.01	25.681
204.13	-5.1498	37.036	288.99	-0.28561	21.776	NaN	NaN	NaN	220.81	-82.75	74.211	138.01	-110	58.359	146.62	-138.54	26.428
274.09	-24.538	39.669	NaN	NaN	NaN	200.23	-5.3742	38.633	217.06	-83.098	75.235	134.45	-110.73	59.144	143.28	-138.99	26.993
269.14	-23.936	40.486	NaN	NaN	NaN	196.19	-5.4321	39.879	213.18	-83.341	76.177	130.76	-111.44	59.879	139.78	-139.36	27.563
264.05	-23.129	41.307	NaN	NaN	NaN	191.97	-5.6083	41.03	209.21	-83.521	77.071	126.97	-112.12	60.575	136.27	-139.73	28.127
289.02	-0.30526	21.781	NaN	NaN	NaN	187.68	-5.6275	42.118	205.13	-83.681	77.918	123.13	-112.77	61.147	132.72	-140.09	28.674
289.02	-0.29432	21.773	NaN	NaN	NaN	183.29	-5.6769	43.084	200.97	-83.761	78.587	119.19	-113.42	61.727	129.04	-140.47	29.099
289.01	-0.29736	21.769	NaN	NaN	NaN	178.84	-5.7472	43.986	196.71	-83.786	79.318	115.19	-114.04	62.184	125.28	-140.92	29.411
289.01	-0.28507	21.777	NaN	NaN	NaN	174.28	-5.6329	44.596	192.39	-83.787	80.045	111.11	-114.63	62.61	121.6	-141.45	29.825
289.01	-0.28672	21.773	NaN	NaN	NaN	169.63	-5.6775	45.244	188.01	-83.666	80.583	106.97	-115.19	63.023	117.68	-141.59	30.06
289	-0.26651	21.779	NaN	NaN	NaN	164.93	-5.732	45.856	183.52	-83.507	81.137	102.8	-115.75	63.334	113.95	-142.12	30.381
289	-0.25688	21.781	NaN	NaN	NaN	160.19	-5.6449	46.191	179.03	-83.2	81.588	98.556	-116.29	63.614	109.95	-142.4	30.618
288.99	-0.24989	21.78	NaN	NaN	NaN	155.32	-5.5508	46.418	174.43	-82.898	81.963	94.255	-116.81	63.857	105.86	-142.54	30.812
288.98	-0.24264	21.792	NaN	NaN	NaN	150.36	-5.4397	46.44	169.77	-82.554	82.403	89.917	-117.3	64.068	101.89	-143.03	30.988
288.97	-0.23668	21.775	NaN	NaN	NaN	145.33	-5.3712	46.522	165.09	-82.104	82.648	85.565	-117.8	64.247	97.718	-143.23	31.093
288.98	-0.24089	21.782	NaN	NaN	NaN	140.18	-5.2389	46.257	160.39	-81.641	82.828	81.174	-118.26	64.35	93.667	-143.52	31.221
288.98	-0.24494	21.79	NaN	NaN	NaN	135.01	-5.0431	45.916	155.7	-81.103	82.94	76.819	-118.76	64.472	89.553	-143.9	31.247
288.99	-0.25043	21.779	NaN	NaN	NaN	129.71	-4.9	45.511	150.97	-80.542	82.925	72.437	-119.26	64.522	85.233	-144.07	31.267
288.99	-0.25912	21.777	NaN	NaN	NaN	124.4	-4.7326	45.096	146.03	-80.166	82.507	68.072	-119.75	64.525	81.156	-144.43	31.186
288.99	-0.26148	21.775	NaN	NaN	NaN	118.98	-4.608	44.65	141.27	-79.517	82.3	63.69	-120.28	64.484	76.866	-144.63	31.043
288.99	-0.25164	21.779	NaN	NaN	NaN	113.58	-4.3757	44.167	136.53	-78.834	82.005	59.326	-120.77	64.43	72.755	-144.95	30.935
288.99	-0.25708	21.793	NaN	NaN	NaN	108.08	-4.14	43.6	131.78	-78.14	81.684	54.985	-121.24	64.29	68.558	-145.23	30.79
288.98	-0.25677	21.769	NaN	NaN	NaN	102.5	-3.9466	42.98	127.03	-77.42	81.233	50.653	-121.73	64.155	64.347	-145.4	30.558
288.97	-0.24826	21.784	NaN	NaN	NaN	96.975	-3.7168	42.364	122.26	-76.666	80.736	46.373	-122.18	63.996	60.201	-145.79	30.265
288.97	-0.23612	21.78	NaN	NaN	NaN	91.385	-3.5231	41.672	117.48	-75.881	80.201	42.1	-122.63	63.759	56.089	-146.03	30.06
288.95	-0.23321	21.782	NaN	NaN	NaN	85.804	-3.2763	40.762	112.71	-75.062	79.661	37.858	-123.07	63.483	52.053	-146.3	29.783
288.95	-0.23122	21.769	NaN	NaN	NaN	80.251	-3.1343	39.904	107.97	-74.238	79.074	33.661	-123.47	63.26	47.98	-146.47	29.486
288.95	-0.23617	21.776	NaN	NaN	NaN	74.745	-2.9398	38.909	103.25	-73.446	78.501	29.526	-123.86	62.955	43.973	-146.82	29.146
288.97	-0.23665	21.791	NaN	NaN	NaN	69.348	-2.8479	38.073	98.519	-72.697	77.924	25.396	-124.24	62.612	40.049	-147.05	28.821
288.97	-0.24983	21.781	NaN	NaN	NaN	63.883	-2.7068	36.984	93.793	-71.963	77.297	21.327	-124.61	62.235	36.194	-147.32	28.442
288.98	-0.25713	21.785	NaN	NaN	NaN	58.125	-2.5112	35.861	89.46	-70.975	77.077	17.322	-124.97	61.855	32.328	-147.58	28.025
288.99	-0.26447	21.787	NaN	NaN	NaN	52.514	-2.3666	34.899	84.868	-70.31	76.436	13.408	-125.31	61.448	28.623	-147.78	27.62
288.99	-0.27143	21.786	NaN	NaN	NaN	47.178	-2.2948	33.908	80.36	-69.674	75.778	9.549	-125.64	61.029	24.888	-148.04	27.101
288.99	-0.27241	21.772	NaN	NaN	NaN	42.046	-2.2066	32.929	75.661	-69.358	74.641	5.7458	-125.98	60.564	21.239	-148.28	26.687
289	-0.28277	21.768	NaN	NaN	NaN	37.02	-2.1689	31.915	71.37	-68.823	73.948	2.0146	-126.25	60.062	17.66	-148.49	26.28
289	-0.28078	21.781	NaN	NaN	NaN	32.125	-2.1169	30.946	67.184	-68.338	73.175	-1.6673	-126.5	59.545	14.218	-148.64	25.761
288.99	-0.27462	21.781	NaN	NaN	NaN	27.355	-2.0936	29.999	63.144	-67.849	72.455	-5.1923	-126.74	59.023	10.858	-148.93	25.205
288.99	-0.27125	21.785	NaN	NaN	NaN	22.717	-2.0766	28.992	59.193	-67.393	71.702	-8.6117	-126.97	58.426	7.568	-149.1	24.655
288.98	-0.26643	21.78	NaN	NaN	NaN	18.262	-2.075	28.072	55.377	-66.937	70.929	-11.939	-127.22	57.875	4.4393	-149.29	24.026
288.99	-0.24995	21.78	NaN	NaN	NaN	13.945	-2.0401	26.963	51.632	-66.491	70.156	-15.126	-127.41	57.306	1.455	-149.46	23.476
288.97	-0.24809	21.785	NaN	NaN	NaN	9.81	-2.0309	25.933	48.039	-66.014	69.376	-18.206	-127.58	56.709	-1.4432	-149.62	22.903
288.97	-0.23852	21.776	NaN	NaN	NaN	5.8468	-1.9596	24.669	44.554	-65.538	68.649	-21.172	-127.72	56.104	-4.1852	-149.78	22.364
288.96	-0.23716	21.772	NaN	NaN	NaN	2.0351	-2.0523	23.675	41.206	-65.053	67.915	-24.224	-127.62	55.738	-6.8556	-149.94	21.827
288.96	-0.24	21.769	NaN	NaN	NaN	-1.5876	-2.0535	22.527	37.995	-64.584	67.21	-26.953	-127.75	55.139	-9.3471	-150.07	21.316
288.96	-0.23977	21.768	NaN	NaN	NaN	-5.0122	-2.0179	21.179	34.916	-64.13	66.485	-29.51	-127.85	54.524	-11.731	-150.19	20.834
288.97	-0.2449	21.772	NaN	NaN	NaN	-8.2268	-2.0398	20.07	31.974	-63.661	65.78	-32.009	-127.9	53.929	-13.939	-150.28	20.374
288.97	-0.24871	21.768	NaN	NaN	NaN	-11.215	-2.0801	18.947	29.174	-63.204	65.087	-34.354	-127.92	53.29	-16.091	-150.37	19.727
288.97	-0.24376	21.773	NaN	NaN	NaN	-14.034	-2.0644	17.658	26.553	-62.829	64.379	-36.591	-127.94	52.616	-18.124	-150.46	19.282
288.98	-0.2448	21.777	NaN	NaN	NaN	-16.588	-2.1505	16.605	24.101	-62.449	63.67	-38.715	-127.91	51.943	-19.971	-150.51	18.637
288.97	-0.2498	21.766	NaN	NaN	NaN	-18.974	-2.1484	15.407	21.816	-62.101	62.968	-40.721	-127.87	51.268	-21.793	-150.56	18.15
288.98	-0.24115	21.777	NaN	NaN	NaN	-21.158	-2.1518	14.238	19.659	-61.829	62.216	-42.596	-127.85	50.536	-23.448	-150.58	17.524
288.97	-0.2428	21.777	NaN	NaN	NaN	-23.16	-2.1787	13.076	17.668	-61.543	61.452	-44.319	-127.79	49.832	-24.97	-150.59	16.868
288.97	-0.24852	21.768	NaN	NaN	NaN	-24.947	-2.132	11.86	15.832	-61.328	60.706	-45.996	-127.7	49.081	-26.392	-150.62	16.198
288.98	-0.24505	21.776	NaN	NaN	NaN	-26.588	-2.1425	10.754	14.147	-61.079	59.959	-47.509	-127.61	48.269	-27.716	-150.64	15.529
288.98	-0.25072	21.779	NaN	NaN	NaN	-28.05	-2.1183	9.6265	12.584	-60.883	59.173	-48.881	-127.55	47.526	-28.884	-150.58	14.903
288.99	-0.25011	21.779	NaN	NaN	NaN	-29.385	-2.1775	8.5431	11.151	-60.654	58.365	-50.151	-127.43	46.714	-30.065	-150.61	14.209
288.98	-0.25538	21.774	NaN	NaN	NaN	-30.598	-2.1237	7.2463	9.8515	-60.464	57.582	-51.359	-127.3	45.891	-31.026	-150.59	13.543
288.99	-0.26147	21.775	NaN	NaN	NaN	-31.631	-2.1033	6.0634	8.6814	-60.257	56.773	-52.388	-127.21	45.064	-31.881	-150.55	12.862
288.99	-0.26239	21.773	NaN	NaN	NaN	-32.565	-2.1515	4.9225	7.5856	-60.102	55.88	-53.359	-127.08	44.219	-32.738	-150.55	12
288.98	-0.26428	21.784	NaN	NaN	NaN	-33.349	-2.0909	3.6796	6.645	-59.879	55.042	-54.216	-126.92	43.353	-33.45	-150.52	11.35
288.98	-0.26676	21.777	NaN	NaN	NaN	-34.043	-2.0764	2.3655	5.789	-59.728	54.132	-54.975	-126.79	42.487	-34.073	-150.45	10.525
288.98	-0.25495	21.77	NaN	NaN	NaN	-34.637	-2.1007	1.1143	5.0109	-59.584	53.171	-55.666	-126.66	41.564	-34.686	-150.43	9.774
288.98	-0.24239	21.782	NaN	NaN	NaN	-35.143	-2.1446	-0.0318	4.3724	-59.377	52.213	-56.26	-126.51	40.65	-35.186	-150.35	8.891
288.97	-0.24751	21.768	NaN	NaN	NaN	-35.572	-2.0955	-1.4275	3.8178	-59.243	51.193	-56.591	-126.54	39.474	-35.584	-150.3	8.124
288.96	-0.24	21.769	NaN	NaN	NaN	-35.946	-2.1253	-2.7449	3.3376	-59.08	50.18	-57.033	-126.38	38.532	-35.979	-150.28	7.2666
288.96	-0.23764	21.771	NaN	NaN	NaN	-36.318	-2.1994	-4.1178	2.9608	-58.954	49.089	-57.404	-126.26	37.563	-36.323	-150.22	6.343
288.96	-0.23748	21.772	NaN	NaN	NaN	-36.515	-2.2504	-5.4174	2.6249	-58.796	48.052	-57.73	-126.13	36.614	-36.595	-150.13	5.4299
288.97	-0.24679	21.767	NaN	NaN	NaN	-36.67	-2.2428	-6.9747	2.2242	-58.653	47.05	-58.002	-125.97	35.721	-36.839	-150.1	4.5456
288.96	-0.24473	21.763	NaN	NaN	NaN	-36.779	-2.3665	-8.4179	1.916	-58.479	46.162	-58.297	-125.83	34.81	-36.997	-150.04	3.7756
288.96	-0.25174	21.762	NaN	NaN	NaN	-36.82	-2.4813	-9.866	1.5278	-58.379	45.281	-58.607	-125.64	33.904	-37.152	-149.97	3.0549
288.96	-0.2423	21.765	NaN	NaN	NaN	-36.847	-2.6123	-11.315	1.1482	-58.204	44.501	-58.938	-125.43	33.046	-37.237	-149.89	2.3132
288.97	-0.2467	21.768	NaN	NaN	NaN	-36.95	-2.6828	-12.134	0.79376	-58.055	43.887	-59.276	-125.23	32.211	-37.356	-149.86	1.7605
288.96	-0.24261	21.765	NaN	NaN	NaN	-37.158	-2.5067	-12.556	0.45442	-58.082	43.363	-59.56	-125.09	31.443	-37.376	-149.81	1.2137
288.96	-0.24322	21.763	NaN	NaN	NaN	-37.141	-2.3939	-12.611	0.22116	-58.203	43.133	-59.851	-124.94	30.765	-37.487	-149.79	0.69917
288.96	-0.2423	21.765	NaN	NaN	NaN	-37.121	-2.306	-12.601	0.0031216	-58.373	43.096	-60.085	-124.85	30.192	-37.514	-149.77	0.22533
288.97	-0.24629	21.77	NaN	NaN	NaN	-37.11	-2.2628	-12.618	-0.30348	-58.496	43.152	-60.272	-124.83	29.876	-37.508	-149.77	-0.034848
288.97	-0.24975	21.766	NaN	NaN	NaN	-37.072	-2.1739	-12.683	-0.62212	-58.492	43.292	-60.432	-124.85	29.701	-37.564	-149.79	-0.20227
288.97	-0.24944	21.767	NaN	NaN	NaN	-37.112	-2.1777	-12.724	-0.89601	-58.402	43.495	-60.562	-124.86	29.636	-37.617	-149.77	-0.089688
288.99	-0.24708	21.782	NaN	NaN	NaN	-37.21	-2.1899	-12.804	-1.2299	-58.318	43.681	-60.709	-124.78	29.626	-37.669	-149.75	0.094608
288.99	-0.24951	21.78	NaN	NaN	NaN	-37.298	-2.1786	-12.841	-1.5152	-58.128	43.937	-60.865	-124.67	29.616	-37.703	-149.69	0.2424
288.99	-0.24479	21.786	NaN	NaN	NaN	-37.49	-2.2162	-13.012	-1.8538	-58.014	44.071	-60.997	-124.6	29.614	-37.741	-149.65	0.42486
288.99	-0.24738	21.782	NaN	NaN	NaN	-37.799	-2.4182	-13.316	-2.125	-57.835	44.233	-61.107	-124.56	29.586	-37.766	-149.64	0.51277
288.98	-0.23689	21.773	NaN	NaN	NaN	-37.899	-2.3317	-13.52	-2.3463	-57.673	44.339	-61.214	-124.5	29.562	-37.771	-149.6	0.60641
288.97	-0.24466	21.774	NaN	NaN	NaN	-37.994	-2.2879	-13.577	-2.5781	-57.607	44.361	-61.304	-124.42	29.51	-37.797	-149.55	0.6598
288.98	-0.24164	21.776	NaN	NaN	NaN	-38.038	-2.2255	-13.583	-2.7455	-57.494	44.369	-61.422	-124.32	29.397	-37.844	-149.5	0.64302
288.98	-0.22869	21.774	NaN	NaN	NaN	-38.083	-2.188	-13.621	-2.8506	-57.437	44.328	-61.54	-124.24	29.266	-37.868	-149.47	0.58793
288.97	-0.23264	21.781	NaN	NaN	NaN	-38.128	-2.1456	-13.612	-2.9414	-57.393	44.25	-61.644	-124.19	29.137	-37.886	-149.44	0.46362
288.97	-0.23261	21.78	NaN	NaN	NaN	-38.167	-2.1096	-13.63	-3.0147	-57.355	44.162	-61.712	-124.16	28.943	-37.923	-149.43	0.31179
288.96	-0.23751	21.759	NaN	NaN	NaN	-38.214	-2.0421	-13.759	-3.0552	-57.345	44.057	-61.767	-124.15	28.818	-37.931	-149.41	0.19895
288.97	-0.2362	21.761	NaN	NaN	NaN	-38.211	-2.0918	-13.635	-3.0882	-57.357	43.964	-61.814	-124.12	28.702	-37.95	-149.41	0.14262
288.96	-0.23934	21.756	NaN	NaN	NaN	-38.202	-2.0852	-13.626	-3.1179	-57.384	43.89	-61.852	-124.13	28.593	-37.952	-149.43	0.084542
288.96	-0.23782	21.772	NaN	NaN	NaN	-38.223	-2.113	-13.64	-3.1153	-57.403	43.828	-61.876	-124.15	28.522	-37.961	-149.46	0.046648
288.96	-0.23712	21.756	NaN	NaN	NaN	-38.225	-2.1316	-13.649	-3.1162	-57.429	43.785	-61.869	-124.19	28.489	-37.954	-149.5	0.025526
288.96	-0.22718	21.761	NaN	NaN	NaN	-38.229	-2.1623	-13.653	-3.1171	-57.467	43.737	-61.859	-124.23	28.461	-37.951	-149.55	0.0035471
288.96	-0.23016	21.77	NaN	NaN	NaN	-38.243	-2.1875	-13.674	-3.0944	-57.489	43.695	-61.838	-124.26	28.453	-37.95	-149.59	-0.030565
288.96	-0.22841	21.759	NaN	NaN	NaN	-38.25	-2.2213	-13.694	-3.0597	-57.518	43.667	-61.812	-124.3	28.434	-37.957	-149.64	-0.060772
288.96	-0.24199	21.762	NaN	NaN	NaN	-38.239	-2.2472	-13.687	-3.0203	-57.579	43.613	-61.797	-124.33	28.424	-37.954	-149.69	-0.094598
288.96	-0.24279	21.764	NaN	NaN	NaN	-38.236	-2.2613	-13.692	-2.9638	-57.603	43.546	-61.767	-124.37	28.395	-37.965	-149.72	-0.13374
288.96	-0.24933	21.764	NaN	NaN	NaN	-38.238	-2.2894	-13.708	-2.9185	-57.66	43.497	-61.761	-124.39	28.395	-37.977	-149.75	-0.16782
288.97	-0.24808	21.767	NaN	NaN	NaN	-38.233	-2.3042	-13.701	-2.8649	-57.718	43.425	-61.718	-124.4	28.383	-37.991	-149.77	-0.21618
288.96	-0.25176	21.762	NaN	NaN	NaN	-38.222	-2.3239	-13.704	-2.8086	-57.745	43.384	-61.702	-124.41	28.37	-38.015	-149.78	-0.25375
288.97	-0.24545	21.776	NaN	NaN	NaN	-38.208	-2.3317	-13.701	-2.7456	-57.776	43.315	-61.667	-124.41	28.371	-38.027	-149.8	-0.28776
288.97	-0.24858	21.784	NaN	NaN	NaN	-38.192	-2.3349	-13.694	-2.6915	-57.787	43.242	-61.648	-124.42	28.376	-38.046	-149.8	-0.32713
288.97	-0.24713	21.773	NaN	NaN	NaN	-38.012	-2.1845	-13.392	-2.6255	-57.805	43.196	-61.624	-124.41	28.362	-38.07	-149.81	-0.36008
288.97	-0.2614	21.771	NaN	NaN	NaN	-37.998	-2.1853	-13.398	-2.5694	-57.804	43.171	-61.608	-124.42	28.363	-38.113	-149.82	-0.41943
288.97	-0.25979	21.763	NaN	NaN	NaN	-37.992	-2.1816	-13.389	-2.5275	-57.812	43.12	-61.593	-124.4	28.348	-38.13	-149.81	-0.42907
288.97	-0.25931	21.762	NaN	NaN	NaN	-37.983	-2.1646	-13.375	-2.4881	-57.821	43.094	-61.592	-124.4	28.334	-38.16	-149.82	-0.46349
288.97	-0.25828	21.764	NaN	NaN	NaN	-37.973	-2.1552	-13.374	-2.4603	-57.825	43.064	-61.589	-124.38	28.316	-38.178	-149.79	-0.48783
288.97	-0.26111	21.758	NaN	NaN	NaN	-37.971	-2.1523	-13.374	-2.4283	-57.829	43.037	-61.587	-124.38	28.305	-38.199	-149.78	-0.50079
288.97	-0.24897	21.764	NaN	NaN	NaN	-37.965	-2.1352	-13.361	-2.4101	-57.837	43.003	-61.578	-124.37	28.285	-38.221	-149.77	-0.50876
