140.61	-3.8442	20.26	-34.382	-1.0811	-13.57	-7.8178	-0.43973	-17.93	-9.1739	-63.505	41.862	-83.892	-116.96	27.567	-66.772	-144.56	-2.6448
140.61	-3.8417	20.261	-34.388	-1.0821	-13.59	-7.8198	-0.43705	-17.943	-9.1801	-63.507	41.857	-83.895	-116.96	27.564	-66.687	-144.72	-2.5156
140.62	-3.8519	20.258	-34.391	-1.073	-13.571	-7.8137	-0.43414	-17.936	-9.1763	-63.503	41.847	-83.892	-116.96	27.566	-66.687	-144.71	-2.5104
140.61	-3.8464	20.256	-34.384	-1.0676	-13.566	-7.8198	-0.43704	-17.943	-9.1796	-63.504	41.858	-83.893	-116.96	27.566	-66.68	-144.73	-2.5178
140.61	-3.8419	20.261	-34.375	-1.0738	-13.564	-7.8253	-0.44117	-17.949	-9.19	-63.5	41.856	-83.892	-116.96	27.566	-66.771	-144.56	-2.6463
140.62	-3.8503	20.258	-34.383	-1.0666	-13.564	-7.8253	-0.44116	-17.949	-9.1876	-63.498	41.858	-83.891	-116.95	27.566	-66.765	-144.55	-2.6401
140.61	-3.8418	20.261	-34.391	-1.073	-13.571	-7.8168	-0.43423	-17.941	-9.1933	-63.503	41.852	-83.886	-116.95	27.558	-66.695	-144.71	-2.5158
140.61	-3.8418	20.261	-34.386	-1.0688	-13.567	-7.8123	-0.4356	-17.924	-9.2001	-63.494	41.867	-83.889	-116.95	27.555	-66.771	-144.54	-2.653
140.61	-3.8418	20.261	-34.383	-1.0666	-13.564	-7.825	-0.44269	-17.936	-9.2085	-63.498	41.86	-83.899	-116.96	27.547	-66.767	-144.55	-2.642
140.63	-3.836	20.274	-34.389	-1.0719	-13.57	-7.824	-0.4372	-17.947	-9.2145	-63.49	41.862	-83.91	-116.94	27.552	-66.779	-144.53	-2.6383
140.61	-3.8418	20.261	-34.386	-1.0687	-13.567	-7.8209	-0.4371	-17.943	-9.2218	-63.493	41.856	-83.903	-116.95	27.552	-66.773	-144.54	-2.6404
140.61	-3.8419	20.261	-34.385	-1.0701	-13.553	-7.8225	-0.44138	-17.932	-9.2246	-63.484	41.873	-83.911	-116.94	27.55	-66.775	-144.54	-2.6409
140.61	-3.8419	20.261	-34.394	-1.0722	-13.574	-7.8311	-0.4341	-17.933	-9.2458	-63.496	41.856	-83.917	-116.94	27.545	-66.777	-144.53	-2.6355
140.61	-3.8442	20.26	-34.387	-1.0573	-13.561	-7.8257	-0.42998	-17.927	-9.2479	-63.485	41.874	-83.924	-116.93	27.546	-66.767	-144.55	-2.6404
140.62	-3.8422	20.264	-34.394	-1.0597	-13.566	-7.8358	-0.43576	-17.936	-9.2597	-63.481	41.871	-83.921	-116.94	27.531	-66.772	-144.54	-2.6403
140.61	-3.8442	20.26	-34.397	-1.0642	-13.557	-7.8264	-0.43157	-17.913	-9.258	-63.479	41.885	-83.926	-116.93	27.531	-66.788	-144.54	-2.6467
140.61	-3.8418	20.261	-34.387	-1.0573	-13.561	-7.8283	-0.43432	-17.916	-9.27	-63.474	41.882	-83.925	-116.93	27.535	-66.776	-144.53	-2.6509
140.61	-3.8419	20.261	-34.396	-1.0618	-13.57	-7.8283	-0.43432	-17.916	-9.2685	-63.473	41.885	-83.93	-116.93	27.528	-66.794	-144.54	-2.664
140.61	-3.8419	20.261	-34.397	-1.0618	-13.569	-7.8355	-0.43729	-17.923	-9.2758	-63.476	41.879	-83.943	-116.93	27.524	-66.778	-144.54	-2.645
140.62	-3.8408	20.264	-34.396	-1.0618	-13.57	-7.8355	-0.43729	-17.923	-9.3052	-63.48	41.859	-83.929	-116.93	27.527	-66.78	-144.53	-2.6534
140.61	-3.8442	20.26	-34.397	-1.0608	-13.571	-7.8355	-0.43729	-17.923	-9.2974	-63.475	41.879	-83.936	-116.93	27.512	-66.779	-144.55	-2.6467
140.61	-3.8443	20.259	-34.406	-1.0664	-13.578	-7.8417	-0.4287	-17.92	-9.3096	-63.471	41.864	-83.939	-116.94	27.509	-66.776	-144.54	-2.6429
140.61	-3.8518	20.256	-34.398	-1.0609	-13.571	-7.8363	-0.43888	-17.909	-9.3076	-63.47	41.879	-83.935	-116.94	27.512	-66.783	-144.55	-2.6477
140.61	-3.8465	20.257	-34.403	-1.0656	-13.561	-7.8406	-0.42863	-17.92	-9.3058	-63.468	41.879	-83.936	-116.94	27.523	-66.782	-144.54	-2.645
140.61	-3.8543	20.256	-34.402	-1.0641	-13.573	-7.8417	-0.42869	-17.92	-9.3112	-63.473	41.876	-83.937	-116.94	27.509	-66.771	-144.55	-2.6462
140.61	-3.8465	20.257	-34.395	-1.0608	-13.568	-7.8361	-0.43001	-17.903	-9.3218	-63.465	41.873	-83.932	-116.95	27.508	-66.776	-144.54	-2.6589
140.61	-3.8419	20.261	-34.403	-1.0642	-13.575	-7.8334	-0.42566	-17.914	-9.3102	-63.459	41.883	-83.934	-116.93	27.499	-66.763	-144.56	-2.6478
140.62	-3.8496	20.26	-34.415	-1.0728	-13.585	-7.8414	-0.43022	-17.907	-9.3165	-63.475	41.871	-83.931	-116.95	27.495	-66.781	-144.55	-2.6484
140.61	-3.8468	20.27	-34.408	-1.0684	-13.579	-7.8443	-0.43304	-17.909	-9.3196	-63.465	41.875	-83.936	-116.94	27.508	-66.781	-144.56	-2.6572
140.61	-3.8419	20.261	-34.408	-1.0698	-13.565	-7.8414	-0.43022	-17.907	-9.3273	-63.467	41.869	-83.93	-116.94	27.494	-66.774	-144.54	-2.6561
140.61	-3.842	20.263	-34.406	-1.0673	-13.578	-7.8403	-0.43016	-17.907	-9.3277	-63.47	41.881	-83.943	-116.94	27.49	-66.774	-144.56	-2.662
140.61	-3.8565	20.252	-34.403	-1.0656	-13.561	-7.8363	-0.43887	-17.909	-9.3339	-63.474	41.863	-83.943	-116.94	27.49	-66.777	-144.54	-2.6572
140.62	-3.852	20.258	-34.404	-1.0666	-13.563	-7.8363	-0.43887	-17.909	-9.3282	-63.469	41.868	-83.943	-116.94	27.49	-66.768	-144.55	-2.6594
140.61	-3.8419	20.261	-34.409	-1.0685	-13.581	-7.8414	-0.43022	-17.907	-9.3366	-63.464	41.88	-83.943	-116.94	27.49	-66.783	-144.55	-2.6501
140.61	-3.8419	20.261	-34.395	-1.0621	-13.554	-7.8406	-0.42862	-17.92	-9.3336	-63.462	41.883	-83.948	-116.93	27.493	-66.789	-144.55	-2.6535
140.62	-3.8422	20.264	-34.395	-1.0607	-13.568	-7.8417	-0.42868	-17.92	-9.3389	-63.465	41.892	-83.949	-116.93	27.493	-66.799	-144.53	-2.6631
140.61	-3.842	20.262	-34.402	-1.0632	-13.574	-7.8376	-0.4258	-17.918	-9.3422	-63.466	41.876	-83.96	-116.92	27.488	-66.788	-144.53	-2.6604
140.61	-3.8442	20.259	-34.395	-1.0607	-13.568	-7.8406	-0.42862	-17.92	-9.3466	-63.456	41.88	-83.959	-116.92	27.492	-66.806	-144.53	-2.6678
140.61	-3.8442	20.26	-34.401	-1.065	-13.574	-7.8279	-0.42152	-17.908	-9.3415	-63.465	41.878	-83.969	-116.91	27.49	-66.815	-144.54	-2.6602
140.62	-3.84	20.266	-34.395	-1.0608	-13.568	-7.8279	-0.42152	-17.908	-9.3466	-63.456	41.88	-83.977	-116.92	27.483	-66.804	-144.53	-2.6647
140.62	-3.8397	20.254	-34.399	-1.0634	-13.558	-7.8279	-0.42152	-17.908	-9.35	-63.46	41.892	-83.971	-116.91	27.489	-66.805	-144.53	-2.665
140.62	-3.85	20.261	-34.409	-1.0676	-13.579	-7.8254	-0.43148	-17.914	-9.3602	-63.464	41.869	-83.977	-116.91	27.489	-66.809	-144.53	-2.667
140.61	-3.8419	20.261	-34.391	-1.0585	-13.565	-7.8282	-0.41999	-17.921	-9.3531	-63.46	41.887	-83.976	-116.9	27.49	-66.813	-144.52	-2.665
140.62	-3.85	20.263	-34.397	-1.0619	-13.569	-7.8283	-0.43429	-17.916	-9.3508	-63.46	41.876	-83.979	-116.91	27.486	-66.816	-144.52	-2.6664
140.62	-3.84	20.265	-34.395	-1.0608	-13.568	-7.8283	-0.43429	-17.916	-9.3531	-63.46	41.887	-83.981	-116.91	27.486	-66.819	-144.52	-2.6569
140.61	-3.8419	20.261	-34.395	-1.0608	-13.568	-7.8283	-0.43429	-17.916	-9.3494	-63.459	41.891	-83.972	-116.9	27.493	-66.816	-144.52	-2.6663
140.61	-3.8441	20.26	-34.392	-1.0586	-13.565	-7.8229	-0.43017	-17.91	-9.3522	-63.46	41.887	-83.979	-116.91	27.487	-66.808	-144.53	-2.6672
140.61	-3.8422	20.263	-34.406	-1.0557	-13.571	-7.8286	-0.43276	-17.929	-9.3539	-63.46	41.873	-83.98	-116.91	27.487	-66.821	-144.52	-2.657
140.61	-3.8465	20.257	-34.389	-1.0565	-13.562	-7.8254	-0.43147	-17.914	-9.3463	-63.456	41.881	-83.973	-116.9	27.48	-66.831	-144.52	-2.6591
140.61	-3.8466	20.257	-34.397	-1.0619	-13.569	-7.8283	-0.43429	-17.916	-9.3619	-63.454	41.872	-83.977	-116.9	27.49	-66.828	-144.53	-2.6765
140.61	-3.8418	20.261	-34.395	-1.0482	-13.562	-7.8283	-0.43429	-17.916	-9.3583	-63.45	41.877	-83.988	-116.91	27.481	-66.823	-144.53	-2.6722
140.61	-3.8443	20.26	-34.387	-1.053	-13.575	-7.8283	-0.43429	-17.916	-9.355	-63.447	41.879	-83.979	-116.91	27.486	-66.819	-144.52	-2.6687
140.61	-3.8418	20.261	-34.397	-1.0585	-13.583	-7.8272	-0.43422	-17.917	-9.3661	-63.455	41.884	-83.98	-116.9	27.476	-66.814	-144.53	-2.6714
140.61	-3.8419	20.261	-34.396	-1.0492	-13.562	-7.8358	-0.43573	-17.936	-9.366	-63.453	41.871	-83.98	-116.89	27.481	-66.819	-144.54	-2.6614
140.61	-3.8419	20.261	-34.394	-1.0472	-13.561	-7.8337	-0.4241	-17.927	-9.3708	-63.446	41.887	-83.983	-116.91	27.484	-66.818	-144.52	-2.6661
140.61	-3.8419	20.261	-34.394	-1.0461	-13.559	-7.8304	-0.42281	-17.912	-9.3692	-63.432	41.894	-83.99	-116.9	27.485	-66.815	-144.52	-2.6647
140.61	-3.8419	20.261	-34.401	-1.0496	-13.566	-7.8379	-0.42425	-17.931	-9.368	-63.442	41.877	-83.99	-116.9	27.485	-66.82	-144.52	-2.6712
140.61	-3.8419	20.261	-34.394	-1.0472	-13.561	-7.8257	-0.42993	-17.927	-9.3706	-63.431	41.881	-83.988	-116.9	27.473	-66.811	-144.53	-2.6686
140.61	-3.8419	20.261	-34.393	-1.0447	-13.573	-7.8307	-0.42128	-17.925	-9.3646	-63.439	41.88	-83.988	-116.9	27.473	-66.826	-144.53	-2.6638
140.61	-3.8442	20.26	-34.403	-1.0507	-13.567	-7.8311	-0.43405	-17.933	-9.3695	-63.443	41.874	-83.979	-116.9	27.476	-66.819	-144.52	-2.6685
140.61	-3.842	20.261	-34.39	-1.0425	-13.57	-7.8257	-0.42993	-17.927	-9.3597	-63.434	41.87	-83.971	-116.9	27.481	-66.815	-144.52	-2.6667
140.62	-3.84	20.266	-34.4	-1.0491	-13.578	-7.8257	-0.42993	-17.927	-9.3596	-63.435	41.881	-83.97	-116.9	27.48	-66.82	-144.52	-2.6718
140.62	-3.8501	20.261	-34.394	-1.0448	-13.572	-7.8205	-0.42427	-17.934	-9.36	-63.435	41.868	-83.971	-116.9	27.481	-66.811	-144.52	-2.6627
140.61	-3.8442	20.26	-34.395	-1.0458	-13.574	-7.8257	-0.42993	-17.927	-9.3621	-63.436	41.868	-83.965	-116.91	27.48	-66.805	-144.51	-2.6593
140.62	-3.8471	20.25	-34.393	-1.0448	-13.573	-7.8205	-0.42427	-17.934	-9.3479	-63.426	41.879	-83.965	-116.9	27.483	-66.813	-144.52	-2.6651
140.62	-3.8369	20.254	-34.385	-1.0374	-13.564	-7.8177	-0.42536	-17.934	-9.3645	-63.438	41.864	-83.961	-116.9	27.483	-66.816	-144.52	-2.6673
140.62	-3.84	20.266	-34.385	-1.0384	-13.566	-7.8219	-0.42551	-17.939	-9.3539	-63.429	41.861	-83.963	-116.89	27.487	-66.811	-144.52	-2.6765
140.62	-3.84	20.266	-34.378	-1.035	-13.558	-7.8291	-0.42848	-17.945	-9.3564	-63.431	41.872	-83.961	-116.9	27.483	-66.802	-144.53	-2.6639
140.61	-3.8419	20.261	-34.386	-1.0385	-13.565	-7.823	-0.42557	-17.938	-9.3548	-63.428	41.862	-83.964	-116.89	27.484	-66.809	-144.51	-2.6609
140.61	-3.8419	20.261	-34.392	-1.0428	-13.571	-7.8205	-0.42427	-17.934	-9.3669	-63.427	41.87	-83.961	-116.89	27.488	-66.81	-144.52	-2.6615
140.61	-3.8441	20.258	-34.386	-1.0385	-13.568	-7.8249	-0.42832	-17.941	-9.364	-63.424	41.859	-83.966	-116.89	27.472	-66.816	-144.52	-2.6681
140.61	-3.8419	20.261	-34.394	-1.041	-13.573	-7.823	-0.42557	-17.938	-9.3631	-63.422	41.859	-83.961	-116.89	27.477	-66.818	-144.51	-2.663
140.61	-3.8443	20.259	-34.398	-1.0325	-13.569	-7.8285	-0.42969	-17.944	-9.3734	-63.428	41.852	-83.962	-116.9	27.484	-66.81	-144.5	-2.6695
140.62	-3.8408	20.264	-34.392	-1.0399	-13.572	-7.8219	-0.42551	-17.939	-9.3602	-63.433	41.857	-83.966	-116.88	27.478	-66.814	-144.52	-2.6658
140.61	-3.8419	20.261	-34.4	-1.036	-13.559	-7.8259	-0.42838	-17.94	-9.3688	-63.442	41.862	-83.964	-116.89	27.474	-66.823	-144.51	-2.6808
140.61	-3.8396	20.264	-34.395	-1.0453	-13.56	-7.8219	-0.4255	-17.939	-9.3768	-63.464	41.86	-83.959	-116.9	27.484	-66.823	-144.51	-2.6674
140.61	-3.8421	20.262	-34.392	-1.0451	-13.557	-7.8263	-0.42956	-17.945	-9.3748	-63.494	41.873	-83.957	-116.9	27.484	-66.817	-144.52	-2.6677
140.61	-3.8439	20.257	-34.39	-1.0566	-13.564	-7.8182	-0.42109	-17.95	-9.3763	-63.54	41.879	-83.952	-116.91	27.485	-66.825	-144.53	-2.6741
140.62	-3.8401	20.266	-34.386	-1.0712	-13.553	-7.823	-0.41818	-17.981	-9.3861	-63.596	41.886	-83.943	-116.92	27.497	-66.828	-144.53	-2.6626
140.61	-3.8443	20.26	-34.37	-1.0801	-13.532	-7.8033	-0.41504	-18	-9.3795	-63.65	41.904	-83.923	-116.94	27.527	-66.834	-144.54	-2.6524
140.61	-3.8444	20.26	-34.357	-1.1044	-13.534	-7.8014	-0.38095	-18.009	-9.3733	-63.721	41.913	-83.918	-116.98	27.541	-66.74	-144.74	-2.5097
140.61	-3.8442	20.259	-34.322	-1.1679	-13.435	-7.7532	-0.29039	-17.985	-9.3818	-63.791	41.918	-83.909	-117.03	27.581	-66.726	-144.77	-2.5002
140.61	-3.8442	20.26	-34.279	-1.226	-13.363	-7.7712	-0.18221	-18.001	-9.3861	-63.9	41.955	-83.88	-117.09	27.614	-66.685	-144.82	-2.4847
140.61	-3.8467	20.257	-34.239	-1.3183	-13.225	-7.8109	-0.036318	-18.045	-9.3676	-64	42.015	-83.817	-117.19	27.698	-66.599	-144.87	-2.4788
140.61	-3.8469	20.27	-34.216	-1.4377	-12.986	-7.8659	0.12569	-18.097	-9.2927	-64.182	42.075	-83.714	-117.31	27.782	-66.616	-144.86	-2.4905
140.6	-3.8493	20.267	-34.209	-1.5427	-12.815	-7.9135	0.38084	-17.936	-9.1926	-64.373	42.134	-83.559	-117.45	27.841	-66.473	-145.02	-2.5268
140.61	-3.8466	20.257	-34.183	-1.6979	-12.113	-8.033	0.69365	-17.603	-9.0149	-64.673	42.279	-83.322	-117.68	27.959	-66.219	-145.23	-2.5384
140.61	-3.8493	20.267	-34.076	-1.7219	-11.285	-7.98	0.96508	-16.92	-8.722	-65.141	42.474	-83.032	-117.94	28.101	-66.216	-145.1	-2.6126
140.62	-3.851	20.262	-33.862	-1.8401	-10.208	-7.8082	1.1617	-16.051	-8.3092	-65.77	42.687	-82.72	-118.3	28.286	-65.965	-145.39	-2.6329
140.62	-3.8528	20.272	-33.509	-1.9499	-8.954	-7.3848	1.248	-14.85	-7.7863	-66.584	42.936	-82.308	-118.67	28.457	-65.645	-145.69	-2.8018
140.62	-3.8528	20.272	-32.909	-2.2128	-7.345	-6.8426	1.1865	-13.473	-7.0746	-67.593	43.366	-81.811	-119.15	28.63	-65.587	-145.62	-3.0205
140.62	-3.8502	20.263	-32.077	-2.463	-5.6555	-5.9808	0.9631	-11.919	-6.2809	-68.794	43.768	-81.228	-119.66	28.838	-65.295	-145.91	-3.0684
140.62	-3.8501	20.262	-30.637	-2.5808	-3.2662	-4.8838	0.6045	-10.229	-5.3547	-70.163	44.219	-80.593	-120.24	29.085	-64.974	-146.11	-3.1738
140.62	-3.8481	20.266	-29.199	-2.9456	-1.2447	-3.5325	0.09022	-8.4904	-4.3047	-71.624	44.715	-79.876	-120.84	29.381	-64.395	-146.65	-3.3367
140.64	-3.851	20.274	-27.667	-3.6112	0.66623	-1.9688	-0.57604	-6.7389	-3.1161	-73.246	45.261	-79.086	-121.51	29.677	-64.121	-146.84	-3.4271
140.64	-3.839	20.282	-25.995	-4.3473	2.4626	-0.156	-1.3236	-5.031	-1.8306	-74.89	45.712	-78.181	-122.24	30.03	-63.678	-147.14	-3.6182
140.64	-3.8398	20.279	-24.175	-5.1989	4.2619	1.891	-2.159	-3.3939	-0.38179	-76.593	46.123	-77.183	-122.97	30.452	-63.056	-147.56	-3.6611
140.65	-3.8467	20.281	-22.277	-6.057	5.9335	4.2001	-3.0873	-1.8011	1.1659	-78.335	46.592	-76.037	-123.76	30.883	-62.403	-148.03	-3.6536
140.64	-3.851	20.275	-20.304	-6.9279	7.5175	6.7653	-4.1236	-0.39253	2.8412	-80.07	46.878	-74.811	-124.59	31.302	-61.621	-148.54	-3.5944
140.64	-3.851	20.275	-18.296	-7.7919	8.8627	9.6804	-5.3107	0.88976	4.6044	-81.825	47.286	-73.482	-125.38	31.741	-60.727	-149.16	-3.4489
140.65	-3.8468	20.281	-16.267	-8.7588	10.329	13.202	-6.5924	2.0907	6.4149	-83.477	47.764	-72.25	-126	32.587	-59.603	-149.67	-3.0649
140.64	-3.851	20.275	-14.247	-9.6637	11.655	17.52	-8.0317	3.1832	8.235	-85.116	48.321	-70.784	-126.65	33.116	-58.37	-150.21	-2.6583
140.63	-3.8615	20.274	-12.151	-10.663	12.771	22.224	-9.5743	4.3178	10.096	-86.713	48.977	-69.222	-127.36	33.67	-56.92	-150.99	-2.2941
140.63	-3.8619	20.289	-10.011	-11.624	13.892	26.945	-11.245	5.4719	12.065	-88.331	49.57	-67.505	-128.16	34.204	-55.352	-151.82	-1.9212
140.63	-3.8621	20.289	-7.7417	-12.681	14.818	32.042	-12.771	7.1619	14.509	-89.631	50.726	-65.662	-129.03	34.802	-53.769	-152.65	-1.4682
140.62	-3.8544	20.291	-5.2975	-13.758	15.731	36.687	-14.633	8.3767	16.672	-91.245	51.364	-63.722	-129.81	35.402	-52.193	-153.49	-0.9529
140.61	-3.8573	20.268	-2.6749	-14.891	16.691	41.23	-16.655	9.518	18.936	-92.933	52.085	-61.699	-130.56	36.056	-50.227	-154.24	-0.395
140.61	-3.8574	20.269	0.1132	-16.118	17.696	45.855	-18.681	10.785	21.316	-94.627	52.783	-59.551	-131.35	36.75	-48.23	-155.26	0.21014
140.61	-3.8601	20.278	3.0181	-17.355	18.709	50.472	-20.816	12.009	23.802	-96.351	53.419	-57.286	-132.19	37.454	-46.334	-155.96	0.68403
140.62	-3.8556	20.273	6.0413	-18.53	19.805	54.642	-23.198	12.864	26.349	-98.101	54.1	-54.954	-133.03	38.193	-44.229	-156.59	1.3696
140.62	-3.8551	20.271	9.1701	-19.753	20.924	59.302	-25.422	14.115	28.99	-99.855	54.821	-52.605	-133.79	38.923	-42.145	-157.24	2.104
140.61	-3.8573	20.268	12.368	-20.991	22.043	63.811	-27.683	15.238	31.678	-101.56	55.448	-50.191	-134.44	39.722	-39.902	-157.88	2.9297
140.62	-3.8551	20.271	15.7	-22.16	23.13	68.359	-29.836	16.449	34.399	-103.21	56.059	-47.767	-135.06	40.564	-37.664	-158.42	3.7707
140.63	-3.8496	20.278	19	-23.329	24.074	72.784	-31.991	17.543	37.149	-104.77	56.706	-45.254	-135.65	41.405	-35.401	-158.98	4.6257
140.62	-3.8482	20.266	22.322	-24.427	24.903	77.157	-34.069	18.585	39.949	-106.24	57.35	-42.722	-136.19	42.248	-33.054	-159.45	5.5434
140.63	-3.8448	20.288	25.717	-25.55	25.68	81.419	-36.027	19.582	42.764	-107.58	57.995	-40.077	-136.69	43.082	-30.646	-159.95	6.2818
140.64	-3.8399	20.28	29.074	-26.549	26.318	85.606	-37.905	20.454	45.606	-108.79	58.562	-37.289	-137.16	43.408	-28.275	-160.51	7.0752
140.63	-3.8444	20.275	32.419	-27.409	26.745	89.723	-39.635	21.247	48.457	-109.82	59.181	-34.583	-137.52	44.262	-25.735	-160.85	7.9823
140.64	-3.8423	20.289	35.716	-28.284	27.142	94.324	-41.041	22.387	51.32	-110.73	59.793	-31.885	-137.77	44.994	-23.074	-161.2	9.0257
140.61	-3.8454	20.275	38.925	-28.944	27.368	97.857	-42.725	22.522	54.186	-111.46	60.347	-29.163	-137.99	45.795	-20.327	-161.71	9.9726
140.62	-3.8528	20.274	42.138	-29.617	27.549	102.35	-43.845	23.443	57.065	-112.04	60.822	-26.38	-138.12	46.484	-17.828	-162.07	10.661
140.63	-3.8497	20.28	45.254	-30.127	27.594	105.9	-45.24	23.45	59.926	-112.48	61.301	-23.596	-138.18	47.149	-15.05	-162.23	11.604
140.61	-3.8496	20.27	48.305	-30.527	27.471	109.85	-46.409	23.752	62.79	-112.76	61.705	-20.793	-138.18	47.807	-12.394	-162.3	12.319
140.62	-3.855	20.271	51.269	-30.786	27.263	114.3	-47.146	24.499	65.665	-112.89	62.059	-17.975	-138.11	48.39	-9.8986	-162.54	13.061
140.6	-3.8562	20.272	54.164	-30.951	27.023	118.27	-48.013	24.768	68.532	-112.97	62.388	-15.123	-137.99	48.912	-6.9971	-162.84	13.696
140.6	-3.8536	20.263	56.969	-31.04	26.713	122.16	-48.679	24.958	71.431	-112.86	62.56	-12.271	-137.86	49.366	-4.3813	-162.65	14.232
140.6	-3.8536	20.263	59.688	-31.046	26.366	140.61	-3.8618	20.274	74.324	-112.72	62.7	-9.3731	-137.68	49.817	-1.5969	-162.73	14.794
129.57	-49.654	25.06	62.328	-30.964	25.982	140.6	-3.8631	20.273	77.245	-112.47	62.761	-6.4805	-137.49	50.269	1.1472	-162.65	15.295
129.57	-49.654	25.06	64.903	-30.774	25.527	140.61	-3.8602	20.263	80.162	-112.17	62.703	-3.5877	-137.24	50.613	3.9043	-162.55	15.803
136.65	-49.934	24.697	67.409	-30.486	25.012	140.61	-3.8581	20.265	83.114	-111.72	62.557	-0.69783	-136.97	50.987	6.6079	-162.39	16.245
139.84	-49.907	24.213	69.765	-30.158	24.464	140.61	-3.8594	20.265	86.033	-111.19	62.316	2.1668	-136.67	51.285	9.3083	-162.19	16.678
143.03	-49.647	23.751	72.059	-29.765	23.877	140.62	-3.8551	20.271	88.889	-110.58	62.043	5.0218	-136.32	51.561	12.107	-162.16	17.094
145.99	-49.265	23.096	74.238	-29.249	23.166	140.63	-3.847	20.285	91.746	-109.86	61.732	7.825	-135.93	51.783	14.633	-161.68	17.253
148.81	-48.726	22.376	76.339	-28.737	22.557	140.62	-3.8501	20.262	94.523	-109.07	61.373	10.571	-135.49	51.972	17.34	-161.49	17.551
151.53	-47.983	21.677	78.361	-28.082	21.798	140.63	-3.8572	20.28	97.214	-108.11	60.946	13.717	-134.71	52.449	20.363	-161.06	18.129
154	-47.275	20.771	80.286	-27.458	20.953	140.64	-3.8521	20.273	99.881	-107.1	60.547	16.322	-134.16	52.545	22.611	-160.31	18.268
156.34	-46.372	19.85	82.146	-26.733	20.058	140.64	-3.839	20.282	102.41	-106.05	60.103	18.836	-133.53	52.544	25.203	-160.03	18.456
158.56	-45.377	18.929	83.99	-26.055	19.175	140.64	-3.851	20.275	104.85	-104.91	59.678	21.249	-132.82	52.466	27.41	-159.38	18.516
160.69	-44.369	17.994	85.757	-25.257	18.187	140.65	-3.849	20.277	107.16	-103.72	59.227	23.581	-132.04	52.347	30.028	-159.13	18.659
162.68	-43.282	17.035	87.471	-24.492	17.135	140.64	-3.8487	20.276	109.37	-102.43	58.755	25.801	-131.2	52.179	32.011	-158.33	18.666
164.6	-42.113	16.149	89.238	-23.73	16.077	140.64	-3.8485	20.277	111.53	-101.22	58.343	27.929	-130.3	51.943	34.181	-157.69	18.622
166.32	-41.017	15.174	90.94	-22.933	14.899	140.64	-3.8485	20.277	113.56	-99.952	57.845	29.486	-129.68	51.327	35.829	-157.19	18.123
167.98	-39.855	14.267	92.641	-22.122	13.722	140.64	-3.8486	20.277	115.47	-98.771	57.368	31.475	-128.73	51.004	37.74	-156.35	17.896
169.64	-38.615	13.454	94.282	-21.296	12.716	140.63	-3.8443	20.275	117.37	-97.479	56.92	33.368	-127.79	50.656	39.715	-155.61	17.686
171.15	-37.398	12.66	95.923	-20.49	11.711	140.62	-3.8516	20.274	119.21	-96.315	56.471	35.211	-126.83	50.3	41.702	-154.99	17.48
172.59	-36.16	11.866	97.481	-19.656	10.714	140.62	-3.855	20.269	120.93	-95.114	55.994	37.002	-125.88	49.966	43.594	-154.24	17.364
173.99	-34.891	11.067	98.962	-18.763	9.8525	140.61	-3.8548	20.269	122.66	-93.877	55.488	38.727	-124.95	49.61	45.28	-153.42	17.099
175.28	-33.624	10.317	100.36	-17.838	9.058	140.62	-3.8551	20.271	124.3	-92.703	55.008	40.43	-124.02	49.29	47.009	-152.56	16.791
176.49	-32.283	9.5794	101.66	-16.89	8.3289	140.61	-3.8594	20.265	125.93	-91.539	54.557	42.083	-123.11	48.944	48.703	-151.77	16.557
177.53	-30.905	8.8367	102.89	-15.916	7.725	140.61	-3.8543	20.257	127.48	-90.346	54.079	43.686	-122.22	48.576	50.191	-150.82	16.186
178.57	-29.47	8.2311	104.04	-14.894	7.1951	140.61	-3.8567	20.264	128.95	-89.162	53.62	45.257	-121.34	48.273	51.878	-150.07	15.972
179.42	-28.066	7.5072	105.1	-13.883	6.6252	140.61	-3.857	20.267	130.4	-87.956	53.204	46.755	-120.51	47.998	53.275	-149.23	15.663
179.42	-28.066	7.5072	106.11	-12.902	6.13	140.61	-3.8562	20.27	131.74	-86.766	52.81	48.185	-119.63	47.698	54.687	-148.29	15.565
179.42	-28.066	7.5072	107.12	-11.894	5.6481	140.61	-3.8593	20.264	133.02	-85.576	52.448	49.535	-118.75	47.412	56.124	-147.54	15.177
179.42	-28.066	7.5072	108.06	-10.917	5.1	140.61	-3.8604	20.264	134.2	-84.364	52.099	50.8	-117.9	47.149	57.359	-146.65	14.875
182	-22.049	5.2578	109.02	-9.9057	4.5234	140.61	-3.857	20.265	135.32	-83.095	51.794	52.013	-116.99	46.857	58.684	-145.9	14.811
182	-22.049	5.2578	109.89	-8.9583	4.0178	140.62	-3.8549	20.27	136.37	-81.864	51.565	53.164	-116.07	46.604	59.897	-145.03	14.513
182	-22.049	5.2578	110.77	-8.0182	3.4644	140.62	-3.8501	20.263	137.36	-80.591	51.311	54.242	-115.14	46.325	61.043	-144.2	14.398
182	-22.049	5.2578	111.58	-7.0704	2.843	140.62	-3.8527	20.273	138.29	-79.298	51.073	55.256	-114.19	46.039	62.19	-143.34	14.159
182	-22.049	5.2578	112.28	-6.1093	2.168	140.62	-3.8502	20.263	139.16	-77.976	50.863	56.223	-113.27	45.792	63.308	-142.49	13.985
182	-22.049	5.2578	112.9	-5.1616	1.6207	140.63	-3.8465	20.271	139.95	-76.642	50.573	57.133	-112.34	45.472	64.232	-141.54	13.703
182	-22.049	5.2578	113.47	-4.2257	0.98874	140.63	-3.843	20.275	140.69	-75.286	50.307	58.002	-111.43	45.234	65.214	-140.76	13.555
182	-22.049	5.2578	113.87	-3.2782	0.42324	140.62	-3.8527	20.273	141.4	-73.902	50.039	58.807	-110.56	44.929	66.211	-140.12	13.457
182	-22.049	5.2578	114.25	-2.3478	-0.30126	140.63	-3.8469	20.285	142.05	-72.55	49.724	59.586	-109.71	44.655	67.085	-139.37	13.272
182	-22.049	5.2578	114.59	-1.4001	-1.0092	140.62	-3.8528	20.272	142.65	-71.21	49.367	60.3	-108.87	44.378	67.996	-138.57	13.174
182	-22.049	5.2578	114.85	-0.58041	-1.4411	140.62	-3.8549	20.269	143.27	-69.864	49.053	60.972	-108.07	44.126	68.725	-137.87	12.949
178.19	-4.6134	-3.8245	115.09	0.33703	-2.2106	140.62	-3.852	20.277	143.85	-68.507	48.634	61.621	-107.29	43.854	69.472	-137.16	12.745
176.84	-3.0325	-5.1341	115.4	1.1668	-2.6861	140.61	-3.857	20.266	144.34	-67.247	48.308	62.24	-106.52	43.588	70.115	-136.31	12.451
176.84	-3.0325	-5.1341	115.72	2.0087	-3.378	140.62	-3.855	20.27	144.88	-65.945	47.919	62.814	-105.8	43.316	70.818	-135.64	12.282
176.84	-3.0325	-5.1341	116.07	2.7422	-4.0392	140.62	-3.8512	20.278	145.34	-64.741	47.629	63.369	-105.08	43.012	71.554	-134.98	12.104
176.84	-3.0325	-5.1341	116.67	3.4955	-4.7136	140.61	-3.8577	20.265	145.83	-63.593	47.317	63.905	-104.41	42.708	72.189	-134.39	11.879
176.84	-3.0325	-5.1341	117.3	4.0868	-5.3973	140.61	-3.8591	20.263	146.34	-62.485	47.067	64.482	-103.76	42.453	72.915	-133.78	11.728
176.84	-3.0325	-5.1341	117.41	3.939	-7.3621	140.53	-3.8778	20.282	146.51	-61.665	46.484	65.056	-103.17	42.215	73.607	-133.41	11.665
176.84	-3.0325	-5.1341	118.36	4.3751	-8.0192	140.53	-3.8796	20.281	146.99	-60.687	46.347	65.65	-102.6	42.008	74.324	-132.91	11.501
176.84	-3.0325	-5.1341	119.4	4.7246	-8.586	140.52	-3.8809	20.276	147.56	-59.798	46.28	66.262	-102.08	41.786	75.069	-132.23	11.375
176.84	-3.0325	-5.1341	120.55	5.0588	-9.0434	139.77	-4.2767	19.577	148.13	-59.052	46.273	66.906	-101.58	41.601	75.937	-132.02	11.358
176.84	-3.0325	-5.1341	121.57	5.3837	-9.231	139.17	-4.1285	19.627	148.77	-58.467	46.4	67.607	-101.12	41.477	76.701	-131.65	11.261
176.84	-3.0325	-5.1341	121.98	5.8581	-9.3357	139.04	-3.6736	19.674	149.47	-58.004	46.632	68.398	-100.73	41.432	77.603	-131.33	11.217
176.84	-3.0325	-5.1341	122.81	6.3361	-9.2734	139.61	-3.1137	19.809	150.21	-57.62	46.823	69.25	-100.48	41.499	78.566	-131.07	11.402
176.84	-3.0325	-5.1341	124	6.5597	-8.9267	140.44	-2.8358	19.892	151.12	-57.239	47.121	70.203	-100.28	41.58	79.601	-130.84	11.425
176.84	-3.0325	-5.1341	125.32	6.7257	-8.7995	141.5	-2.8157	19.969	152.16	-56.962	47.378	71.252	-100.12	41.783	80.669	-130.52	11.627
167.06	7.8413	-13.138	126.75	6.8018	-8.6675	142.84	-2.8922	20.155	153.33	-56.792	47.889	72.37	-99.903	41.97	81.694	-130.3	11.655
167.06	7.8413	-13.138	128.33	6.9205	-8.3715	144.33	-2.9033	20.574	154.56	-56.694	48.346	73.53	-99.692	42.186	82.964	-130.24	12.146
166.46	8.5277	-16.849	130.05	6.9316	-7.6744	145.92	-2.9306	21.08	155.95	-56.705	48.82	74.832	-99.507	42.448	84.266	-130.14	12.329
171.81	7.8167	-13.095	131.92	7.014	-7.147	147.6	-3.0207	21.681	157.49	-56.844	49.48	76.265	-99.43	42.722	85.768	-129.93	12.717
174.16	7.9691	-10.128	133.96	6.9741	-6.446	149.55	-3.0833	22.434	159.14	-57.024	50.142	77.851	-99.422	43.108	87.154	-129.78	12.861
175.66	7.4504	-9.8585	136.19	6.9147	-5.5539	151.58	-3.2508	23.212	160.94	-57.305	50.793	79.536	-99.392	43.487	88.855	-129.75	13.346
178.59	7.5058	-8.3346	138.58	6.808	-4.8162	153.82	-3.5643	24.049	162.89	-57.679	51.553	81.27	-99.384	43.912	90.549	-129.8	13.703
181.08	7.1961	-7.2291	141.14	6.6621	-3.8316	156.25	-3.8867	24.956	164.9	-58.15	52.318	83.112	-99.352	44.383	92.389	-129.8	14.154
183.69	6.7825	-6.268	143.82	6.3965	-2.9099	158.8	-4.2935	25.912	166.97	-58.609	53.131	85.012	-99.344	44.891	94.139	-129.61	14.408
185.93	6.1009	-5.7078	146.6	6.2406	-2.0992	161.5	-4.7349	26.85	169.2	-59.129	53.951	87.043	-99.356	45.437	96.06	-129.82	15.036
189.27	5.9552	-4.0844	149.49	5.9184	-0.88444	164.72	-4.7121	28.569	171.45	-59.64	54.785	89.135	-99.344	45.976	98.106	-129.66	15.605
192.17	5.5192	-2.9876	152.39	5.6648	-0.086241	167.56	-5.0876	29.646	173.86	-60.14	55.685	91.291	-99.333	46.536	100.1	-129.71	15.986
195.21	5.0788	-1.7785	155.4	5.3153	0.96106	170.38	-5.5548	30.656	176.28	-60.676	56.63	93.526	-99.333	47.163	102.3	-129.67	16.601
198.27	4.5801	-0.70682	158.45	5.0092	1.9482	173.26	-6.0298	31.67	178.79	-61.195	57.489	95.841	-99.297	47.747	104.54	-129.61	17.211
201.43	4.1315	0.40394	161.57	4.6709	2.9261	176.24	-6.4725	32.695	181.39	-61.72	58.416	98.217	-99.251	48.349	106.77	-129.66	17.706
204.68	3.6422	1.5377	164.75	4.3059	3.9105	179.32	-6.8692	33.743	184.03	-62.195	59.373	100.69	-99.169	48.966	109.14	-129.62	18.308
207.98	3.1487	2.5826	168	4.0187	4.9302	182.43	-7.3501	34.63	186.72	-62.693	60.219	103.2	-99.075	49.537	111.53	-129.56	18.884
211.45	2.6824	3.7011	171.3	3.6713	5.9194	185.63	-7.8167	35.607	189.47	-63.123	61.146	105.77	-98.954	50.123	113.97	-129.54	19.471
214.45	1.9685	4.212	174.65	3.2702	6.7129	188.94	-8.1956	36.525	192.3	-63.578	62.027	108.38	-98.82	50.688	116.52	-129.47	20.084
218.32	1.6927	5.546	178.03	2.9104	7.7248	192.2	-8.6688	37.304	195.19	-64.014	62.781	111.06	-98.65	51.27	119.15	-129.35	20.777
221.8	1.1961	6.4419	181.39	2.5647	8.4419	195.54	-9.0421	38.068	198.07	-64.462	63.45	113.79	-98.472	51.811	121.7	-129.21	21.301
225.26	0.68564	7.1376	184.76	2.2371	8.9664	198.86	-9.4363	38.786	201.01	-64.813	64.149	116.52	-98.276	52.348	124.3	-129.11	21.777
228.74	0.23705	7.7707	188.09	1.9896	9.6635	202.22	-9.7512	39.43	204.01	-65.162	64.789	119.32	-98.084	52.887	126.86	-128.93	22.34
232.14	-0.19723	8.4059	191.45	1.68	10.336	205.52	-10.142	39.998	207.04	-65.519	65.41	122.13	-97.902	53.397	129.43	-128.81	22.863
235.08	-0.84628	8.435	194.77	1.4335	10.76	208.89	-10.4	40.546	210.09	-65.816	65.845	124.97	-97.692	53.866	132.1	-128.71	23.311
238.49	-1.2311	8.9442	198.03	1.248	11.552	212.19	-10.707	41.052	213.13	-66.122	66.314	127.82	-97.476	54.354	134.78	-128.44	23.749
241.81	-1.5982	9.3227	201.3	0.99186	12.182	215.58	-10.913	41.637	216.13	-66.423	66.721	130.64	-97.245	54.75	137.36	-128.17	24.087
245.16	-1.932	9.8293	204.55	0.82825	12.636	218.85	-11.192	41.994	219.14	-66.698	67.089	133.45	-97.009	55.164	139.98	-127.93	24.485
248.85	-2.0018	10.743	207.76	0.69773	13.08	222.12	-11.363	42.523	222.08	-66.915	67.457	136.23	-96.736	55.507	142.53	-127.61	24.771
252.1	-2.2682	11.213	210.94	0.59955	13.44	225.28	-11.544	42.898	224.97	-67.118	67.813	138.96	-96.444	55.834	145.07	-127.21	25.067
254.81	-2.7116	11.045	214.07	0.52416	13.756	228.4	-11.699	43.313	227.78	-67.263	68.127	141.65	-96.118	56.106	147.59	-127.03	25.295
257.92	-2.973	11.312	217.16	0.45921	14.024	231.4	-11.795	43.589	230.52	-67.398	68.409	144.29	-95.757	56.33	150.01	-126.65	25.467
261.01	-3.142	11.7	220.19	0.43957	14.415	234.35	-11.839	43.879	233.24	-67.415	68.703	146.88	-95.395	56.534	152.52	-126.33	25.721
264.48	-3.0843	12.501	223.17	0.41442	14.433	237.19	-11.902	44.026	235.84	-67.427	68.952	149.43	-94.966	56.66	154.97	-126	25.965
266.95	-3.4561	12.142	226.08	0.41711	14.652	240.02	-11.863	44.21	238.38	-67.381	69.106	151.88	-94.516	56.756	157.28	-125.57	26.079
270.31	-3.321	12.812	228.93	0.44517	14.553	242.74	-11.8	44.259	240.85	-67.279	69.26	154.29	-94.037	56.803	159.51	-125.25	26.204
273.11	-3.4346	12.827	231.71	0.36784	14.609	245.4	-11.77	44.217	243.25	-67.165	69.371	156.61	-93.556	56.858	161.77	-124.86	26.229
275.82	-3.4992	12.809	234.41	0.46032	14.235	247.95	-11.705	44.106	245.55	-67.029	69.349	158.86	-93.021	56.811	163.95	-124.38	26.38
278.46	-3.524	12.762	237.04	0.44889	14.184	250.46	-11.615	43.991	247.84	-66.833	69.394	161.06	-92.471	56.74	165.94	-124.02	26.318
280.96	-3.5718	12.58	239.55	0.59422	13.932	252.86	-11.507	43.794	250	-66.646	69.329	163.19	-91.93	56.657	167.93	-123.51	26.275
283.37	-3.4903	12.429	241.97	0.81788	13.504	255.18	-11.333	43.634	252.18	-66.39	69.259	165.24	-91.382	56.513	169.89	-123.12	26.231
285.69	-3.4093	12.194	244.26	0.92992	13.211	257.41	-11.137	43.36	254.21	-66.164	69.027	167.23	-90.846	56.358	171.8	-122.65	26.173
287.84	-3.3151	11.879	246.44	1.1057	12.912	259.53	-10.901	43.024	256.18	-65.895	68.763	169.17	-90.306	56.161	173.58	-122.18	26.022
289.92	-3.1472	11.556	248.51	1.29	12.54	261.57	-10.646	42.668	258.11	-65.552	68.524	171.02	-89.793	55.949	175.35	-121.73	25.879
291.91	-2.954	11.145	250.49	1.4389	12.043	263.53	-10.336	42.254	259.98	-65.206	68.19	172.83	-89.265	55.71	177.1	-121.27	25.644
293.78	-2.7571	10.645	252.33	1.7672	11.482	265.42	-10.004	41.815	261.76	-64.833	67.822	174.55	-88.735	55.44	178.71	-120.82	25.453
295.15	-2.6838	9.6056	254.09	1.982	11.108	267.16	-9.6954	41.245	263.49	-64.431	67.426	176.21	-88.206	55.133	180.23	-120.41	25.159
297.28	-2.2174	9.5866	255.75	2.272	10.562	268.78	-9.3815	40.699	265.07	-64.05	66.948	177.8	-87.702	54.837	181.74	-119.93	24.956
298.43	-2.1446	8.4303	257.32	2.6262	9.7246	270.32	-9.0621	40.075	266.65	-63.612	66.517	179.28	-87.202	54.473	183.1	-119.48	24.63
300.36	-1.6131	8.3886	258.8	2.8107	9.1678	271.8	-8.6741	39.475	268.07	-63.206	65.978	180.72	-86.698	54.086	184.41	-119.06	24.33
301.71	-1.3866	7.6383	260.18	3.1002	8.4695	273.2	-8.279	38.842	269.48	-62.769	65.488	182.05	-86.215	53.659	185.71	-118.62	23.945
302.59	-1.3332	6.3924	261.48	3.3841	7.718	274.48	-7.9324	38.1	270.79	-62.325	64.926	183.33	-85.73	53.252	186.96	-118.25	23.667
303.86	-1.009	5.6751	262.69	3.7008	6.9014	275.69	-7.5744	37.323	272.02	-61.868	64.327	184.49	-85.236	52.784	188.03	-117.79	23.24
305.4	-0.51598	5.3186	263.82	4.0363	5.9649	276.83	-7.1562	36.517	273.17	-61.39	63.716	185.61	-84.764	52.295	189.08	-117.45	22.888
306.48	-0.23894	4.4334	264.84	4.211	5.2435	277.88	-6.755	35.62	274.28	-60.893	63.02	186.63	-84.284	51.807	190.07	-117.14	22.473
307.42	0.04656	3.469	265.79	4.4587	4.2492	278.89	-6.32	34.7	275.26	-60.385	62.289	187.63	-83.834	51.242	190.93	-116.71	22.025
308.3	0.32558	2.3676	266.66	4.7957	2.9056	279.73	-5.9419	33.625	276.23	-59.857	61.504	188.55	-83.379	50.724	191.85	-116.47	21.552
309.15	0.56829	1.2622	267.47	4.9198	2.0107	280.11	-6.0322	31.8	277.18	-59.286	60.73	189.43	-82.939	50.107	192.7	-116.14	21.181
309.87	0.80577	-0.014402	268.21	5.1111	0.61686	280.88	-5.6481	30.572	278	-58.753	59.844	190.25	-82.503	49.528	193.52	-115.85	20.8
310.56	0.96151	-1.3301	268.86	5.2357	-0.5275	281.56	-5.3015	29.299	278.85	-58.204	58.96	191	-82.084	48.839	194.48	-116.18	20.467
311.15	1.1411	-2.7011	269.48	5.3358	-1.9312	282.22	-4.9603	27.995	279.62	-57.709	57.973	191.72	-81.705	48.225	194.87	-115.34	19.768
311.67	1.2018	-4.216	270	5.4422	-3.2504	282.85	-4.674	26.658	280.33	-57.263	56.924	192.41	-81.321	47.532	195.48	-115.25	19.239
311.96	1.1011	-6.0824	270.47	5.5464	-4.8583	283.41	-4.4108	25.276	281.06	-56.798	55.916	193	-80.995	46.848	196.09	-114.9	18.78
312.35	1.1372	-7.6788	270.87	5.499	-6.088	283.92	-4.2145	23.776	281.73	-56.418	54.761	193.58	-80.677	46.1	196.49	-114.77	18.114
312.71	1.1413	-9.3046	271.19	5.5345	-7.6287	284.39	-4.0354	22.26	282.35	-56.07	53.542	194.11	-80.391	45.363	196.95	-114.66	17.532
313.04	1.1412	-11.009	271.31	5.6456	-9.1791	285.21	-4.2413	21.362	282.93	-55.746	52.309	194.57	-80.162	44.606	197.39	-114.54	16.975
312.89	0.79095	-13.156	271.45	5.8599	-9.5481	287.23	-4.6723	20.945	283.5	-55.633	51.101	194.99	-79.908	43.812	197.67	-114.41	16.285
314.3	0.97351	-13.632	271.76	6.1618	-10.049	289.07	-4.1685	20.837	284.08	-55.729	49.944	195.33	-79.734	43.037	197.97	-114.28	15.639
314.01	0.40723	-15.559	272	6.3662	-10.523	289.64	-3.3505	21.715	284.67	-55.991	48.901	195.63	-79.718	42.337	198.16	-114.26	14.855
314.99	0.8542	-15.272	272.06	6.494	-10.735	289.88	-3.1478	21.76	285.13	-56.347	47.968	195.95	-79.859	41.754	198.36	-114.33	14.112
315.27	0.91416	-15.818	272.1	6.6049	-10.906	290.04	-2.9794	21.747	285.48	-56.719	47.149	196.23	-80.037	41.211	198.48	-114.38	13.475
315.46	0.86967	-16.376	272.13	6.7318	-11.308	290.16	-2.8676	21.732	285.79	-57.063	46.408	196.56	-80.165	40.754	198.47	-114.39	12.796
315.82	1.0919	-16.024	272.13	6.7417	-11.41	290.25	-2.8	21.703	286.02	-57.326	45.95	196.73	-80.358	40.385	198.54	-114.46	12.336
315.87	1.046	-16.024	272.12	6.7297	-11.477	290.3	-2.7716	21.702	286.06	-57.504	45.767	196.83	-80.509	40.114	198.55	-114.54	11.929
315.9	0.97019	-16.042	272.09	6.6676	-11.552	290.33	-2.7619	21.71	286	-57.62	45.749	196.81	-80.576	39.953	198.54	-114.62	11.751
315.93	0.86951	-16.044	272.05	6.59	-11.611	290.32	-2.7791	21.71	285.87	-57.651	45.824	196.71	-80.534	39.906	198.45	-114.63	11.757
315.99	0.77869	-16.004	271.97	6.5204	-11.701	290.32	-2.7903	21.705	285.73	-57.602	45.957	196.55	-80.49	39.915	198.33	-114.65	11.903
316.04	0.68947	-16.008	271.89	6.4715	-11.757	290.32	-2.7849	21.716	285.57	-57.523	46.111	196.39	-80.458	39.974	198.2	-114.66	12.103
316.11	0.59237	-16.004	271.82	6.4311	-11.812	290.31	-2.7879	21.714	285.41	-57.411	46.273	196.23	-80.396	40.058	198.04	-114.66	12.185
316.18	0.51237	-15.996	271.75	6.45	-11.977	290.32	-2.7988	21.721	285.26	-57.304	46.346	196.08	-80.246	40.078	197.86	-114.56	12.278
316.26	0.47367	-15.934	271.61	6.4087	-11.789	290.31	-2.8001	21.719	285.04	-57.204	46.416	195.91	-80.089	40.084	197.69	-114.47	12.357
316.37	0.46479	-15.843	271.44	6.3893	-11.856	290.31	-2.7942	21.703	284.79	-57.107	46.451	195.7	-79.925	40.091	197.53	-114.37	12.519
316.56	0.42525	-15.735	271.22	6.3517	-12.014	290.35	-2.7977	21.704	284.55	-56.971	46.569	195.49	-79.751	40.035	197.38	-114.34	12.684
317.3	0.43287	-15.205	270.7	6.2726	-12.548	290.39	-2.7904	21.724	284.13	-56.778	46.516	195.29	-79.608	39.98	197.21	-114.28	12.734
318.38	0.36662	-14.844	270.3	6.355	-12.439	290.35	-2.7917	21.726	283.82	-56.407	46.432	195.09	-79.481	39.884	196.99	-114.17	12.718
319.86	-0.16668	-14.448	269.51	6.6247	-12.372	290.28	-2.8043	21.719	283.44	-56.179	46.249	194.85	-79.298	39.707	196.71	-114.21	12.675
316.67	2.7532	-13.386	268.63	6.8706	-12.235	321.71	-0.97569	-14.011	283.11	-55.962	46.151	194.56	-79.169	39.609	196.52	-114.19	12.739
318.71	1.9561	-13.163	267.65	7.2545	-12.488	323.61	-1.9278	-13.59	282.77	-55.785	45.837	194.23	-79.159	39.649	196.28	-114.27	12.844
320.64	1.423	-12.382	266.66	7.4121	-12.378	325.35	-2.68	-12.813	282.54	-55.608	45.612	193.92	-79.165	39.665	195.87	-114.28	12.787
322.19	0.86584	-11.573	265.57	7.6454	-12.189	326.88	-3.305	-11.704	282.13	-55.552	45.471	193.62	-79.168	39.691	195.59	-114.34	12.898
323.7	0.35514	-10.667	264.47	7.8979	-12.07	328.21	-3.9123	-10.497	281.71	-55.529	45.513	193.29	-79.185	39.792	195.24	-114.43	13.212
325.19	-0.11875	-9.5173	263.79	8.3455	-11.41	329.49	-4.5588	-9.121	281.18	-55.589	45.5	192.91	-79.309	39.953	194.79	-114.63	13.181
326.47	-0.74081	-8.1779	262.64	8.2852	-11.47	330.74	-5.2021	-7.5569	280.67	-55.615	45.725	192.5	-79.502	40.195	194.42	-114.75	13.466
327.7	-1.4458	-6.7819	261.59	8.2967	-11.266	331.9	-5.9714	-5.929	280.06	-55.701	45.868	192.05	-79.687	40.445	193.95	-114.96	13.743
328.92	-2.151	-5.1197	260.54	8.3292	-10.703	332.94	-6.7945	-4.2017	279.44	-55.811	46.084	191.52	-79.861	40.776	193.42	-115.21	14.061
330.14	-2.8019	-3.1334	259.5	8.4001	-10.254	333.89	-7.6594	-2.3898	278.8	-56.019	46.335	190.92	-80.071	41.136	192.94	-115.42	14.523
330.93	-3.8259	-1.8015	258.38	8.413	-9.4636	334.64	-8.5435	-0.43167	278.07	-56.353	46.634	190.27	-80.383	41.545	192.22	-115.68	14.811
331.65	-4.7203	-0.15367	257.25	8.3344	-8.6864	335.24	-9.5166	1.4531	277.32	-56.725	47.079	189.56	-80.779	41.996	191.59	-115.97	15.323
332.41	-5.4896	1.8178	256.08	8.218	-7.8092	335.68	-10.433	3.5018	276.47	-57.198	47.424	188.8	-81.211	42.496	190.78	-116.36	15.687
332.63	-6.532	3.499	254.88	8.0962	-6.8558	335.94	-11.408	5.455	275.54	-57.749	47.883	187.98	-81.695	42.974	189.82	-116.68	16.017
290.42	-2.7265	21.733	253.61	7.8904	-5.6994	336.4	-11.862	8.054	274.53	-58.302	48.404	187.06	-82.214	43.535	188.91	-117.18	16.395
290.41	-2.7331	21.752	252.34	7.6856	-4.6358	335.69	-13.261	9.2339	273.43	-58.915	49.01	186.05	-82.736	44.079	187.97	-117.53	16.887
290.4	-2.7439	21.751	251.05	7.3886	-3.6075	335.26	-14.143	10.981	272.21	-59.536	49.662	184.94	-83.317	44.675	186.92	-118.06	17.328
290.39	-2.7512	21.741	249.66	7.0712	-2.432	334.6	-14.917	12.769	270.87	-60.198	50.411	183.69	-83.901	45.289	185.62	-118.55	17.749
290.39	-2.7564	21.745	248.26	6.7621	-1.495	334.22	-15.216	15.137	269.45	-60.84	51.202	182.36	-84.491	45.95	184.35	-119.02	18.233
290.39	-2.7526	21.752	246.71	6.4204	-0.18181	333.24	-16.024	16.801	267.92	-61.491	52.17	180.89	-85.103	46.613	183	-119.51	18.857
290.41	-2.7501	21.751	245.08	6.0178	1.0923	331.6	-17.41	17.738	266.3	-62.221	53.054	179.3	-85.732	47.407	181.53	-120.01	19.503
290.41	-2.737	21.761	243.4	5.6017	2.3377	330.21	-18.276	19.346	264.53	-63.001	53.987	177.62	-86.37	48.198	179.9	-120.54	20.158
290.42	-2.7141	21.799	241.57	5.1924	3.8325	328.85	-19.136	21.005	262.68	-63.777	55.002	175.8	-87.062	49.022	178.15	-121.05	20.814
290.42	-2.702	21.806	239.98	5.1803	5.869	327.27	-19.942	22.643	260.86	-64.409	56.357	173.87	-87.748	49.813	176.34	-121.48	21.57
290.47	-2.6537	21.886	237.98	4.7864	7.6425	325.47	-20.861	24.129	258.75	-65.31	57.375	171.8	-88.473	50.685	174.36	-122.06	22.254
290.48	-2.6342	21.92	235.94	4.4867	9.2042	324.08	-21.168	26.257	256.53	-66.194	58.355	169.61	-89.205	51.542	172.22	-122.59	22.785
290.09	-3.0489	21.227	233.73	4.1381	10.897	321.98	-22.025	27.564	254.16	-67.119	59.432	167.3	-89.953	52.403	170.02	-123.1	23.55
290.09	-3.0474	21.216	231.47	3.7337	12.513	319.19	-23.4	28.012	251.7	-68.003	60.363	164.83	-90.676	53.248	167.68	-123.61	24.095
290.09	-3.0463	21.216	229.11	3.2222	14.417	317.12	-23.69	29.668	249.06	-68.907	61.391	162.23	-91.401	54.071	165.11	-123.99	24.774
290.09	-3.0474	21.216	226.67	2.8503	16.137	313.99	-24.891	29.936	246.35	-69.745	62.278	159.49	-92.105	54.89	162.56	-124.48	25.269
290.1	-3.0401	21.225	224.06	2.5584	17.754	311.13	-25.524	30.692	243.47	-70.53	63.196	156.63	-92.818	55.697	159.82	-125	25.897
290.09	-3.0439	21.22	221.33	2.4125	19.134	308.07	-26.036	31.37	240.43	-71.328	64.083	153.63	-93.549	56.546	156.95	-125.44	26.466
290.09	-3.0471	21.217	218.44	2.0177	20.996	304.82	-26.515	31.955	237.33	-71.99	64.85	150.5	-94.264	57.349	154.01	-125.88	27.036
290.47	-2.662	21.852	215.4	1.7765	22.481	301.43	-26.925	32.39	234.03	-72.627	65.633	147.25	-94.989	58.151	150.94	-126.29	27.62
290.47	-2.662	21.852	212.18	1.6994	23.721	290.5	-2.6399	21.912	230.64	-73.176	66.373	143.84	-95.693	58.908	147.73	-126.78	28.157
294.13	-27.492	33.13	208.85	1.5386	25.054	290.36	-2.7363	21.748	227.11	-73.677	67.028	140.33	-96.369	59.656	144.42	-127.15	28.785
290.21	-27.669	33.418	205.36	1.2896	26.445	290.1	-3.0511	21.222	223.41	-74.158	67.728	136.68	-97.042	60.355	140.98	-127.55	29.351
286.11	-27.739	33.59	201.73	1.2127	27.468	290.11	-3.0745	21.222	219.62	-74.547	68.294	132.95	-97.703	61.022	137.45	-127.96	29.844
281.83	-27.767	33.732	197.88	1.1989	28.303	290.11	-3.0684	21.217	215.74	-74.851	68.911	129.13	-98.375	61.695	133.85	-128.42	30.307
277.38	-27.57	33.901	193.94	1.0344	29.46	290.4	-2.7483	21.758	211.69	-75.17	69.506	125.21	-99.04	62.24	130.19	-128.86	30.734
272.77	-27.29	34.106	189.88	1.0523	30.275	290.4	-2.7456	21.761	207.53	-75.417	70.054	121.18	-99.715	62.796	126.38	-129.18	31.12
267.92	-26.945	34.178	185.67	1.0144	31.112	290.39	-2.7517	21.755	203.32	-75.645	70.582	117.07	-100.37	63.265	122.46	-129.59	31.443
262.91	-26.365	34.414	181.38	0.98511	31.924	290.4	-2.7474	21.746	198.96	-75.861	71.117	112.87	-101.05	63.717	118.64	-130.2	31.855
257.71	-25.739	34.532	176.95	0.96845	32.633	290.39	-2.75	21.743	194.54	-76.086	71.632	108.58	-101.69	64.121	114.49	-130.38	32.03
252.36	-25.012	34.643	172.44	1.0141	33.257	290.39	-2.7526	21.752	190.08	-76.292	72.039	104.24	-102.32	64.49	110.39	-130.66	32.265
246.85	-24.244	34.715	167.79	1.0506	33.912	290.39	-2.7426	21.754	185.47	-76.457	72.477	99.833	-102.96	64.805	106.2	-131.02	32.412
241.18	-23.427	34.676	163.08	1.0842	34.494	290.38	-2.7358	21.755	180.83	-76.561	72.895	95.375	-103.58	65.088	101.95	-131.43	32.584
230.76	-18.361	35.489	158.32	1.0798	35.066	235.4	-22.479	34.684	176.17	-76.648	73.21	91.337	-103.9	65.667	98.263	-131.51	33.066
224.79	-17.51	35.294	153.48	1.213	35.418	229.53	-21.468	34.67	171.38	-76.695	73.547	86.809	-104.52	65.901	94.081	-132.04	33.269
218.76	-16.428	35.52	148.51	1.2641	35.835	223.59	-20.36	34.702	166.63	-76.71	73.768	82.249	-105.11	66.007	89.658	-132.2	33.122
212.52	-15.478	35.839	143.49	1.3463	36.192	217.47	-19.259	34.626	161.83	-76.653	74.125	77.658	-105.69	66.144	85.438	-132.67	33.267
290.38	-2.7265	21.743	138.43	1.4491	36.496	NaN	NaN	NaN	156.98	-76.493	74.34	73.032	-106.28	66.272	80.98	-132.95	33.106
290.38	-2.7194	21.751	133.31	1.5059	36.724	NaN	NaN	NaN	152.1	-76.384	74.475	68.421	-106.86	66.379	76.582	-133.26	33.18
290.38	-2.7205	21.75	128.06	1.6003	36.871	NaN	NaN	NaN	147.24	-76.272	74.77	63.757	-107.42	66.39	72.151	-133.61	33.01
290.38	-2.7215	21.737	122.81	1.6841	37.036	NaN	NaN	NaN	142.37	-76.057	74.923	59.157	-107.98	66.419	67.87	-134.03	33.073
290.38	-2.7209	21.751	117.55	1.7034	37.155	NaN	NaN	NaN	137.49	-75.868	75.037	54.52	-108.6	66.442	63.381	-134.37	32.918
290.39	-2.7276	21.738	112.27	1.7541	37.261	NaN	NaN	NaN	132.67	-75.697	75.16	49.415	-109.46	66.053	58.517	-135	32.486
290.39	-2.7373	21.748	107.02	1.797	37.298	NaN	NaN	NaN	127.85	-75.503	75.292	45.284	-109.77	66.361	54.539	-135.03	32.652
290.4	-2.7364	21.738	101.79	1.7455	37.314	NaN	NaN	NaN	123.01	-75.323	75.373	40.188	-110.67	65.957	49.643	-135.74	32.162
290.4	-2.7355	21.752	96.598	1.7878	37.19	NaN	NaN	NaN	118.24	-75.19	75.445	35.625	-111.25	65.944	45.231	-136.12	31.961
290.4	-2.7469	21.745	91.518	1.6883	37.135	NaN	NaN	NaN	113.46	-75.021	75.498	31.053	-111.84	65.837	40.821	-136.47	31.797
290.4	-2.7438	21.749	86.452	1.6282	36.991	NaN	NaN	NaN	108.78	-74.809	75.522	26.53	-112.41	65.718	36.534	-136.86	31.614
290.4	-2.7489	21.746	81.432	1.5376	36.835	NaN	NaN	NaN	104.09	-74.562	75.512	22.069	-112.95	65.577	32.21	-137.21	31.38
290.4	-2.7508	21.756	76.471	1.5094	36.535	128.16	-3.4335	28.656	99.48	-74.291	75.402	17.638	-113.49	65.389	27.928	-137.5	31.104
290.39	-2.752	21.74	71.55	1.4576	36.112	120.57	-2.2529	28.21	94.876	-74.004	75.271	13.266	-114.01	65.138	23.743	-137.87	30.788
290.39	-2.7527	21.752	66.643	1.3851	35.654	NaN	NaN	NaN	90.072	-73.859	74.715	8.9958	-114.48	64.871	19.584	-138.23	30.495
290.39	-2.743	21.755	61.79	1.3852	34.994	NaN	NaN	NaN	85.574	-73.453	74.448	4.763	-114.94	64.592	15.521	-138.6	30.139
290.39	-2.7453	21.751	56.978	1.3057	34.276	NaN	NaN	NaN	81.077	-72.986	74.139	0.59334	-115.37	64.252	11.563	-138.94	29.787
290.38	-2.7446	21.75	52.193	1.2809	33.401	NaN	NaN	NaN	76.689	-72.494	73.759	-3.5025	-115.78	63.882	7.7011	-139.31	29.425
290.39	-2.7422	21.754	47.458	1.2256	32.515	NaN	NaN	NaN	72.382	-71.968	73.372	-7.4948	-116.18	63.447	3.8701	-139.67	28.958
290.38	-2.7352	21.756	42.839	1.1849	31.53	NaN	NaN	NaN	68.086	-71.413	72.853	-11.353	-116.53	63.033	0.20255	-139.96	28.532
290.38	-2.7352	21.752	38.329	1.135	30.541	NaN	NaN	NaN	63.959	-70.85	72.407	-15.15	-116.88	62.545	-3.3983	-140.22	28.12
290.38	-2.7252	21.746	33.968	1.1641	29.43	NaN	NaN	NaN	59.918	-70.261	71.86	-18.865	-117.24	62.116	-6.9096	-140.59	27.596
290.38	-2.7257	21.744	29.733	1.0895	28.483	NaN	NaN	NaN	56.001	-69.692	71.355	-22.607	-117.38	61.792	-10.261	-140.89	27.081
290.38	-2.7242	21.746	25.622	1.1089	27.388	NaN	NaN	NaN	52.152	-69.127	70.788	-26.053	-117.66	61.229	-13.513	-141.1	26.543
290.39	-2.7277	21.751	21.224	1.1841	26.346	NaN	NaN	NaN	48.445	-68.611	70.288	-29.4	-117.91	60.65	-16.472	-141.38	26.111
290.38	-2.7231	21.748	16.941	1.2989	25.305	NaN	NaN	NaN	44.777	-68.102	69.767	-32.619	-118.14	60.087	-19.579	-141.74	25.503
290.38	-2.7181	21.742	12.65	1.6855	25.079	38.306	3.7801	14.886	41.198	-67.632	69.213	-35.735	-118.37	59.477	-22.265	-141.93	25.11
290.38	-2.7233	21.747	8.5011	2.1199	25.534	34.769	3.7682	13.715	37.871	-67.137	68.702	-38.731	-118.55	58.808	-25.06	-142.25	24.545
290.39	-2.7272	21.752	5.1126	2.162	24.619	31.417	3.77	12.716	34.64	-66.764	68.138	-41.636	-118.66	58.103	-27.708	-142.47	23.96
290.39	-2.7309	21.748	1.9	2.1927	23.719	28.247	3.7903	11.774	31.593	-66.441	67.579	-44.406	-118.73	57.402	-30.139	-142.7	23.401
290.4	-2.7342	21.754	-1.0779	2.2351	22.851	25.332	3.7831	10.906	28.773	-66.168	67.01	-47.025	-118.81	56.659	-32.602	-142.9	22.752
290.4	-2.7363	21.737	-3.8621	2.2741	21.981	22.552	3.7024	9.987	26.081	-65.973	66.362	-49.485	-118.88	55.934	-34.723	-143.04	22.126
290.4	-2.7449	21.748	-6.4211	2.3106	21.187	20.02	3.6445	9.0795	23.633	-65.813	65.681	-51.696	-119	55.175	-36.852	-143.21	21.408
290.4	-2.7433	21.737	-8.8149	2.2761	20.229	17.653	3.5689	8.2098	21.391	-65.701	64.944	-53.794	-119.11	54.355	-38.811	-143.38	20.635
290.39	-2.7537	21.751	-11.023	2.1921	19.226	15.445	3.4774	7.3114	19.315	-65.673	64.135	-55.727	-119.22	53.545	-40.658	-143.56	19.811
290.4	-2.7453	21.747	-13.076	2.1432	18.197	13.365	3.3785	6.3583	17.405	-65.605	63.324	-57.512	-119.34	52.714	-42.386	-143.68	18.996
290.39	-2.7529	21.752	-14.992	2.1171	17.249	11.447	3.2985	5.4372	15.663	-65.589	62.418	-59.181	-119.45	51.837	-43.98	-143.8	18.184
290.4	-2.7474	21.745	-16.784	2.0377	16.224	9.6622	3.1986	4.4276	14.068	-65.534	61.529	-60.663	-119.57	50.97	-45.376	-143.98	17.296
290.39	-2.7497	21.741	-18.421	1.9282	15.052	7.9931	3.1123	3.4105	12.573	-65.471	60.598	-62.028	-119.68	50.061	-46.681	-144.11	16.423
290.39	-2.7426	21.755	-19.922	1.9195	14.072	6.5177	3.0848	2.4215	11.198	-65.398	59.633	-63.23	-119.77	49.144	-47.928	-144.22	15.525
290.38	-2.7445	21.751	-21.346	1.8167	12.828	5.1491	3.0315	1.3735	9.9184	-65.336	58.71	-64.381	-119.82	48.202	-49.085	-144.2	14.549
290.38	-2.7377	21.752	-22.622	1.7337	11.652	3.9135	2.9611	0.36142	8.7443	-65.225	57.76	-65.404	-119.89	47.238	-49.973	-144.5	13.629
290.38	-2.7339	21.754	-23.767	1.6889	10.481	2.7927	2.9351	-0.70584	7.6511	-65.106	56.838	-66.328	-119.92	46.269	-50.938	-144.44	12.623
290.38	-2.7306	21.76	-24.789	1.7127	9.4352	1.7977	2.9056	-1.8293	6.6402	-64.994	55.857	-67.2	-119.92	45.274	-51.639	-144.68	11.755
290.38	-2.7207	21.752	-25.675	1.7193	8.306	0.95072	2.8587	-2.8736	5.7246	-64.826	54.947	-67.949	-119.9	44.316	-52.25	-144.86	10.815
290.38	-2.7226	21.736	-26.395	1.719	7.176	0.22318	2.8129	-3.9851	4.8921	-64.654	54.007	-68.639	-119.85	43.322	-52.966	-144.86	9.9311
290.38	-2.7254	21.745	-26.991	1.7989	6.1555	-0.37357	2.7367	-5.2014	4.1349	-64.501	53.061	-69.272	-119.78	42.306	-53.482	-144.92	9.0077
290.38	-2.726	21.756	-27.183	-0.17807	-0.10482	-0.84364	2.6714	-6.3387	3.5052	-64.381	52.121	-69.837	-119.69	41.317	-53.905	-145.01	8.107
290.38	-2.7233	21.748	-27.638	-0.22692	-1.3587	-1.2809	2.5648	-7.51	2.9221	-64.233	51.164	-70.308	-119.59	40.289	-54.316	-145.08	7.2173
290.38	-2.7325	21.744	-27.936	-0.31658	-2.7071	-1.5849	2.4726	-8.6359	2.464	-64.136	50.185	-70.74	-119.48	39.288	-54.725	-144.96	6.3441
290.39	-2.7303	21.747	-28.339	-0.35577	-3.9641	-1.8991	2.3396	-9.8579	2.0724	-64.045	49.182	-71.061	-119.38	38.283	-55.066	-144.89	5.4423
290.39	-2.7402	21.745	-28.534	-0.4005	-5.2888	-2.1328	2.2553	-11.06	1.7525	-63.894	48.138	-71.338	-119.28	37.316	-55.311	-144.88	4.5164
290.39	-2.7413	21.742	-28.85	-0.41227	-6.4934	-2.3961	2.1374	-12.286	1.4827	-63.791	47.088	-71.54	-119.2	36.359	-55.502	-144.92	3.5739
290.39	-2.7391	21.747	-28.999	-0.48097	-7.8266	-2.5635	2.0323	-13.455	1.2763	-63.662	46.084	-71.584	-119.23	35.111	-55.563	-145.11	2.7299
290.39	-2.7409	21.758	-29.21	-0.53829	-9.2059	-2.7698	1.8701	-14.711	1.068	-63.517	45.113	-71.703	-119.16	34.189	-55.699	-145.1	1.8143
290.4	-2.7449	21.748	-29.375	-0.56051	-10.323	-2.839	1.7582	-15.855	0.81894	-63.342	44.238	-71.847	-119.06	33.284	-55.799	-144.91	1.0045
290.4	-2.7455	21.747	-29.458	-0.63312	-11.621	-2.9454	1.622	-16.936	0.5074	-63.137	43.379	-71.986	-118.93	32.395	-55.804	-144.95	0.1773
290.4	-2.7461	21.746	-29.534	-0.67629	-12.689	-2.9563	1.5389	-17.855	0.1982	-62.95	42.749	-72.152	-118.77	31.555	-55.658	-145.12	-0.44245
290.4	-2.7476	21.745	-29.747	-0.57927	-13.217	-3.1373	1.8995	-17.716	-0.15029	-62.718	42.268	-72.382	-118.6	30.761	-55.792	-145.02	-1.0588
290.39	-2.751	21.739	-29.782	-0.39917	-13.273	-3.1392	2.0194	-17.754	-0.4345	-62.674	42.064	-72.604	-118.41	30.231	-55.631	-145.16	-1.553
290.39	-2.7449	21.738	-29.746	-0.33129	-13.232	-3.0222	1.8797	-17.848	-0.73271	-62.744	42.134	-72.84	-118.27	29.817	-55.686	-145.17	-1.9363
290.38	-2.7445	21.737	-29.744	-0.33367	-13.265	-2.999	1.7344	-17.763	-1.0122	-62.788	42.432	-73.098	-118.23	29.666	-55.724	-145.18	-1.9923
290.39	-2.7305	21.748	-29.755	-0.31614	-13.234	-2.9658	1.6062	-17.66	-1.3239	-62.656	42.742	-73.306	-118.21	29.659	-55.987	-144.95	-1.8591
290.39	-2.7282	21.751	-29.798	-0.29695	-13.258	-2.9739	1.5454	-17.516	-1.6036	-62.507	43.11	-73.508	-118.13	29.728	-56.112	-144.79	-1.4945
290.39	-2.7299	21.747	-29.89	-0.2296	-13.284	-3.0823	1.5697	-17.425	-1.9222	-62.243	43.381	-73.68	-117.96	29.739	-56.165	-144.86	-1.1478
290.38	-2.7317	21.744	-30.044	-0.14721	-13.414	-3.1958	1.6541	-17.387	-2.2278	-62.019	43.501	-73.87	-117.71	29.722	-56.186	-144.92	-0.9748
290.39	-2.7296	21.735	-30.225	-0.037465	-13.513	-3.2936	1.8103	-17.339	-2.5088	-61.699	43.617	-74.045	-117.53	29.69	-56.227	-144.86	-0.94425
290.39	-2.7161	21.744	-30.326	0.09963	-13.616	-3.4162	2.0255	-17.234	-2.7174	-61.495	43.632	-74.203	-117.4	29.561	-56.268	-144.77	-0.9602
290.39	-2.7225	21.743	-30.389	0.21857	-13.68	-3.4871	2.196	-17.218	-2.8871	-61.325	43.587	-74.323	-117.28	29.441	-56.467	-144.52	-1.0103
290.39	-2.7108	21.738	-30.437	0.34376	-13.706	-3.5474	2.3239	-17.229	-3.0076	-61.162	43.524	-74.454	-117.14	29.371	-56.535	-144.46	-1.0557
290.39	-2.7133	21.745	-30.496	0.42586	-13.748	-3.5731	2.4397	-17.222	-3.0698	-61.068	43.454	-74.559	-116.99	29.275	-56.595	-144.37	-1.124
290.39	-2.7159	21.744	-30.511	0.50675	-13.765	-3.6024	2.5075	-17.219	-3.0838	-61.01	43.4	-74.648	-116.86	29.126	-56.734	-144.16	-1.3055
290.4	-2.7194	21.736	-30.508	0.5562	-13.759	-3.6029	2.5356	-17.205	-3.09	-60.981	43.341	-74.695	-116.79	29.037	-56.76	-144.12	-1.3417
290.39	-2.7159	21.744	-30.505	0.57108	-13.773	-3.5971	2.54	-17.211	-3.0878	-60.986	43.297	-74.719	-116.76	28.992	-56.775	-144.1	-1.3432
290.4	-2.7197	21.749	-30.483	0.55036	-13.777	-3.5994	2.5245	-17.222	-3.077	-60.992	43.258	-74.723	-116.75	28.935	-56.707	-144.29	-1.3289
290.39	-2.7143	21.733	-30.483	0.52633	-13.77	-3.5931	2.499	-17.217	-3.0484	-61.038	43.217	-74.718	-116.76	28.89	-56.72	-144.32	-1.3376
290.39	-2.7249	21.739	-30.472	0.46008	-13.752	-3.5797	2.4764	-17.205	-3.0136	-61.107	43.156	-74.709	-116.8	28.881	-56.835	-144.19	-1.4322
290.39	-2.7231	21.743	-30.454	0.40609	-13.76	-3.5778	2.4611	-17.212	-2.9507	-61.181	43.095	-74.676	-116.86	28.815	-56.828	-144.26	-1.4816
290.39	-2.7278	21.739	-30.436	0.34024	-13.738	-3.565	2.4273	-17.222	-2.8532	-61.28	42.986	-74.648	-116.94	28.768	-56.829	-144.33	-1.5615
290.39	-2.7374	21.733	-30.428	0.28344	-13.731	-3.5522	2.3935	-17.232	-2.7699	-61.384	42.886	-74.62	-117.01	28.717	-56.839	-144.36	-1.6286
290.38	-2.7325	21.744	-30.421	0.21832	-13.716	-3.5493	2.3524	-17.238	-2.6949	-61.484	42.785	-74.589	-117.08	28.672	-56.85	-144.43	-1.6979
290.39	-2.7308	21.747	-30.417	0.1574	-13.687	-3.5401	2.323	-17.23	-2.6048	-61.581	42.675	-74.576	-117.15	28.636	-56.862	-144.51	-1.7467
