136.96	0.13689	20.164	-32.709	2.3756	-13.622	-6.9471	7.6505	-18.695	0.32431	-54.658	41.719	-61.246	-119.9	27.179	-39.504	-145.05	-3.0505
136.97	0.13134	20.154	-32.703	2.3881	-13.596	-6.9387	7.6535	-18.69	0.3276	-54.657	41.721	-61.24	-119.88	27.202	-39.487	-145.05	-3.0562
136.96	0.13343	20.159	-32.687	2.3476	-13.5	-6.9471	7.6505	-18.695	0.32309	-54.658	41.718	-61.23	-119.89	27.201	-39.492	-145.06	-3.0614
136.96	0.12325	20.153	-32.698	2.3912	-13.592	-6.9467	7.6504	-18.696	0.31892	-54.662	41.714	-61.229	-119.89	27.19	-39.488	-145.05	-3.0721
136.96	0.12295	20.138	-32.685	2.3618	-13.492	-6.9467	7.6504	-18.696	0.34255	-54.65	41.734	-61.231	-119.89	27.202	-39.489	-145.06	-3.0459
136.96	0.12501	20.155	-32.683	2.3626	-13.489	-6.9462	7.6505	-18.696	0.33057	-54.655	41.725	-61.229	-119.89	27.19	-39.492	-145.06	-3.064
136.96	0.13251	20.158	-32.682	2.3523	-13.495	-6.9467	7.6504	-18.696	0.32935	-54.654	41.712	-61.225	-119.89	27.193	-39.481	-145.06	-3.0594
136.96	0.12155	20.151	-32.7	2.3917	-13.607	-6.9511	7.6469	-18.701	0.33438	-54.65	41.714	-61.222	-119.89	27.195	-39.485	-145.06	-3.0615
136.96	0.12053	20.149	-32.69	2.3586	-13.494	-6.9458	7.6505	-18.696	0.33478	-54.65	41.715	-61.229	-119.89	27.19	-39.48	-145.05	-3.052
136.96	0.12608	20.144	-32.713	2.3851	-13.62	-6.9455	7.6538	-18.689	0.34637	-54.656	41.717	-61.225	-119.89	27.204	-39.491	-145.06	-3.0613
136.96	0.12158	20.151	-32.686	2.3618	-13.491	-6.9383	7.6571	-18.681	0.34522	-54.643	41.725	-61.223	-119.89	27.207	-39.484	-145.05	-3.0682
136.96	0.12155	20.151	-32.689	2.3586	-13.494	-6.945	7.6539	-18.689	0.35044	-54.655	41.721	-61.233	-119.88	27.205	-39.49	-145.05	-3.0597
136.97	0.12447	20.157	-32.699	2.3912	-13.594	-6.9458	7.6505	-18.696	0.34512	-54.646	41.725	-61.232	-119.88	27.194	-39.5	-145.05	-3.0469
136.96	0.1271	20.145	-32.699	2.3912	-13.594	-6.9471	7.6505	-18.695	0.33398	-54.651	41.727	-61.235	-119.88	27.193	-39.5	-145.05	-3.0499
136.96	0.12584	20.144	-32.701	2.3763	-13.603	-6.9449	7.6505	-18.697	0.336	-54.65	41.727	-61.239	-119.88	27.19	-39.503	-145.05	-3.0505
136.97	0.12705	20.146	-32.689	2.3587	-13.496	-6.9386	7.6537	-18.689	0.32308	-54.658	41.718	-61.245	-119.89	27.198	-39.501	-145.05	-3.0605
136.96	0.12416	20.154	-32.692	2.3563	-13.497	-6.9458	7.6505	-18.696	0.3276	-54.657	41.721	-61.249	-119.89	27.194	-39.5	-145.05	-3.0479
136.96	0.12264	20.152	-32.685	2.3639	-13.504	-6.9384	7.6534	-18.69	0.32645	-54.645	41.728	-61.243	-119.87	27.191	-39.496	-145.06	-3.0486
136.97	0.12471	20.157	-32.696	2.3574	-13.5	-6.9387	7.6535	-18.69	0.32811	-54.654	41.723	-61.251	-119.88	27.198	-39.498	-145.05	-3.044
136.96	0.12584	20.144	-32.701	2.3889	-13.595	-6.9471	7.6505	-18.695	0.32471	-54.657	41.72	-61.249	-119.89	27.192	-39.495	-145.05	-3.0613
136.96	0.12179	20.151	-32.688	2.3594	-13.493	-6.9507	7.6468	-18.702	0.32012	-54.661	41.715	-61.245	-119.88	27.186	-39.498	-145.06	-3.0412
136.97	0.1277	20.162	-32.703	2.3881	-13.596	-6.9462	7.6505	-18.696	0.32308	-54.658	41.718	-61.245	-119.88	27.186	-39.499	-145.06	-3.0665
136.96	0.13363	20.145	-32.684	2.3499	-13.496	-6.9516	7.6468	-18.701	0.33097	-54.654	41.726	-61.244	-119.89	27.198	-39.492	-145.06	-3.0497
136.96	0.12087	20.152	-32.711	2.3859	-13.618	-6.9511	7.6469	-18.701	0.33553	-54.663	41.721	-61.241	-119.88	27.187	-39.486	-145.06	-3.047
136.96	0.12155	20.151	-32.695	2.3448	-13.506	-6.9511	7.6469	-18.701	0.33235	-54.651	41.713	-61.239	-119.88	27.201	-39.493	-145.07	-3.0562
136.97	0.12601	20.156	-32.682	2.3523	-13.495	-6.9462	7.6505	-18.696	0.33193	-54.652	41.712	-61.234	-119.88	27.203	-39.491	-145.07	-3.0556
136.96	0.12263	20.153	-32.689	2.383	-13.592	-6.9428	7.6532	-18.694	0.33854	-54.647	41.718	-61.227	-119.89	27.191	-39.482	-145.06	-3.0621
136.97	0.12447	20.157	-32.702	2.3895	-13.61	-6.9475	7.6498	-18.699	0.34635	-54.654	41.706	-61.23	-119.89	27.187	-39.476	-145.07	-3.0623
136.97	0.12589	20.159	-32.688	2.3595	-13.495	-6.9467	7.6504	-18.696	0.36999	-54.644	41.737	-61.213	-119.89	27.184	-39.471	-145.07	-3.0594
136.96	0.1235	20.155	-32.686	2.3484	-13.499	-6.9426	7.6542	-18.69	0.3576	-54.648	41.715	-61.212	-119.89	27.197	-39.469	-145.07	-3.0702
136.96	0.12158	20.151	-32.689	2.3837	-13.592	-6.9418	7.654	-18.691	0.37039	-54.643	41.724	-61.207	-119.89	27.2	-39.466	-145.07	-3.0683
136.97	0.13131	20.153	-32.674	2.3551	-13.489	-6.9373	7.657	-18.689	0.37116	-54.641	41.712	-61.206	-119.89	27.199	-39.472	-145.07	-3.0755
136.97	0.12669	20.158	-32.684	2.3625	-13.488	-6.9426	7.6534	-18.694	0.38011	-54.637	41.732	-61.202	-119.89	27.203	-39.47	-145.07	-3.0728
136.98	0.13364	20.156	-32.677	2.3654	-13.484	-6.9386	7.6537	-18.689	0.38374	-54.645	41.718	-61.201	-119.88	27.192	-39.466	-145.07	-3.0683
136.96	0.12243	20.152	-32.675	2.355	-13.488	-6.9428	7.6661	-18.685	0.38534	-54.644	41.72	-61.193	-119.89	27.192	-39.465	-145.07	-3.0704
136.96	0.1253	20.157	-32.671	2.3574	-13.485	-6.9439	7.6534	-18.693	0.38079	-54.648	41.714	-61.201	-119.88	27.192	-39.462	-145.07	-3.0659
136.97	0.12675	20.159	-32.691	2.3863	-13.607	-6.9422	7.657	-18.686	0.38615	-54.644	41.719	-61.202	-119.89	27.203	-39.467	-145.07	-3.0843
136.96	0.12589	20.158	-32.683	2.3877	-13.587	-6.9427	7.6675	-18.699	0.38534	-54.644	41.72	-61.201	-119.89	27.202	-39.459	-145.08	-3.0709
136.97	0.13893	20.155	-32.686	2.3875	-13.603	-6.9437	7.6674	-18.699	0.37375	-54.638	41.715	-61.2	-119.88	27.191	-39.464	-145.07	-3.0676
136.96	0.13532	20.146	-32.695	2.3838	-13.61	-6.9358	7.6615	-18.699	0.38238	-54.648	41.728	-61.205	-119.89	27.188	-39.465	-145.07	-3.0704
136.96	0.13023	20.154	-32.686	2.3875	-13.603	-6.9482	7.6623	-18.691	0.38128	-54.644	41.716	-61.209	-119.89	27.196	-39.469	-145.08	-3.0753
136.97	0.12592	20.158	-32.701	2.3889	-13.595	-6.9435	7.6677	-18.698	0.38248	-54.644	41.716	-61.208	-119.89	27.185	-39.474	-145.07	-3.0765
136.97	0.13024	20.152	-32.692	2.3848	-13.609	-6.9477	7.6624	-18.691	0.38248	-54.644	41.716	-61.21	-119.89	27.196	-39.476	-145.08	-3.065
136.96	0.12498	20.142	-32.702	2.3895	-13.61	-6.9428	7.6661	-18.685	0.37989	-54.647	41.714	-61.21	-119.89	27.185	-39.481	-145.06	-3.0625
136.96	0.12454	20.155	-32.685	2.3861	-13.589	-6.9424	7.666	-18.686	0.37591	-54.649	41.711	-61.216	-119.89	27.18	-39.484	-145.07	-3.0779
136.96	0.1224	20.152	-32.687	2.3874	-13.602	-6.9477	7.6624	-18.691	0.37577	-54.639	41.729	-61.211	-119.89	27.183	-39.479	-145.06	-3.0729
136.97	0.12789	20.162	-32.685	2.3491	-13.497	-6.9429	7.6549	-18.707	0.37369	-54.651	41.709	-61.211	-119.89	27.184	-39.476	-145.07	-3.0785
136.96	0.12342	20.142	-32.676	2.3535	-13.489	-6.9433	7.655	-18.707	0.3792	-54.65	41.727	-61.213	-119.88	27.185	-39.479	-145.07	-3.0639
136.96	0.12243	20.152	-32.706	2.3731	-13.607	-6.9509	7.6518	-18.714	0.3745	-54.651	41.709	-61.209	-119.89	27.184	-39.475	-145.08	-3.0639
136.97	0.12855	20.164	-32.677	2.3534	-13.489	-6.9437	7.6551	-18.706	0.37787	-54.648	41.713	-61.208	-119.89	27.174	-39.483	-145.08	-3.0596
136.96	0.12556	20.157	-32.694	2.3798	-13.596	-6.9377	7.6571	-18.689	0.3899	-54.653	41.715	-61.207	-119.89	27.174	-39.472	-145.07	-3.0764
136.96	0.11136	20.148	-32.689	2.3447	-13.488	-6.9386	7.657	-18.688	0.38071	-54.66	41.694	-61.201	-119.9	27.183	-39.475	-145.09	-3.0711
136.96	0.12033	20.15	-32.686	2.3464	-13.499	-6.9439	7.6534	-18.693	0.39268	-54.651	41.703	-61.197	-119.9	27.187	-39.461	-145.09	-3.0674
136.96	0.11998	20.151	-32.688	2.3455	-13.487	-6.9442	7.6549	-18.706	0.39322	-54.663	41.711	-61.192	-119.89	27.19	-39.462	-145.09	-3.0804
136.96	0.12239	20.152	-32.665	2.348	-13.487	-6.9381	7.6571	-18.688	0.40008	-54.66	41.703	-61.188	-119.89	27.191	-39.452	-145.09	-3.0745
136.97	0.12769	20.162	-32.679	2.3364	-13.486	-6.9311	7.6602	-18.681	0.40566	-54.654	41.71	-61.183	-119.9	27.19	-39.453	-145.09	-3.089
136.96	0.12154	20.151	-32.684	2.3451	-13.484	-6.943	7.6535	-18.694	0.40647	-54.654	41.709	-61.181	-119.9	27.18	-39.445	-145.1	-3.0876
136.96	0.12412	20.154	-32.686	2.3846	-13.59	-6.9425	7.6536	-18.694	0.40068	-54.657	41.691	-61.168	-119.89	27.188	-39.445	-145.09	-3.0845
136.96	0.12157	20.151	-32.676	2.3409	-13.497	-6.9389	7.6587	-18.701	0.41267	-54.663	41.695	-61.172	-119.9	27.196	-39.447	-145.09	-3.0828
136.96	0.12409	20.14	-32.684	2.3451	-13.484	-6.9428	7.6661	-18.685	0.41764	-54.659	41.699	-61.163	-119.9	27.186	-39.437	-145.09	-3.0933
136.96	0.12385	20.14	-32.673	2.3432	-13.494	-6.9461	7.6669	-18.701	0.41147	-54.664	41.694	-61.161	-119.9	27.199	-39.43	-145.1	-3.0965
136.96	0.12157	20.151	-32.675	2.3522	-13.476	-6.9441	7.6653	-18.689	0.41387	-54.662	41.696	-61.158	-119.9	27.189	-39.435	-145.09	-3.0955
136.97	0.12792	20.161	-32.676	2.3514	-13.477	-6.9394	7.6586	-18.701	0.4169	-54.659	41.697	-61.155	-119.9	27.192	-39.426	-145.08	-3.0876
136.96	0.12578	20.146	-32.692	2.3806	-13.595	-6.9399	7.6705	-18.696	0.41973	-54.644	41.694	-61.154	-119.9	27.18	-39.437	-145.09	-3.0966
136.96	0.13686	20.151	-32.697	2.3801	-13.597	-6.9399	7.6705	-18.696	0.41724	-54.657	41.687	-61.152	-119.9	27.194	-39.434	-145.09	-3.1084
136.97	0.13256	20.155	-32.668	2.357	-13.482	-6.9427	7.6675	-18.699	0.41059	-54.661	41.68	-61.157	-119.9	27.189	-39.427	-145.08	-3.1019
136.97	0.13013	20.164	-32.678	2.3505	-13.478	-6.9443	7.6671	-18.702	0.41805	-54.659	41.7	-61.155	-119.89	27.166	-39.43	-145.09	-3.1038
136.96	0.12561	20.157	-32.68	2.349	-13.48	-6.9484	7.664	-18.704	0.41438	-54.658	41.683	-61.154	-119.9	27.19	-39.432	-145.09	-3.1062
136.96	0.12497	20.142	-32.676	2.3409	-13.497	-6.9431	7.6676	-18.699	0.42105	-54.654	41.69	-61.157	-119.9	27.189	-39.434	-145.09	-3.0937
136.97	0.13008	20.15	-32.689	2.383	-13.592	-6.9475	7.6673	-18.703	0.42099	-54.668	41.681	-61.154	-119.89	27.181	-39.431	-145.1	-3.1108
136.97	0.13013	20.15	-32.688	2.3838	-13.591	-6.9452	7.667	-18.701	0.41805	-54.657	41.686	-61.157	-119.9	27.19	-39.432	-145.09	-3.1067
136.97	0.12674	20.159	-32.689	2.3711	-13.598	-6.9441	7.6675	-18.698	0.4192	-54.671	41.693	-61.147	-119.91	27.191	-39.435	-145.11	-3.1011
136.96	0.12181	20.151	-32.672	2.3411	-13.479	-6.9509	7.6518	-18.714	0.4204	-54.67	41.694	-61.15	-119.91	27.188	-39.435	-145.11	-3.1031
136.96	0.13431	20.161	-32.678	2.3372	-13.485	-6.9394	7.6586	-18.701	0.42737	-54.68	41.693	-61.151	-119.9	27.193	-39.438	-145.09	-3.1111
136.96	0.12354	20.155	-32.679	2.3364	-13.486	-6.9441	7.6675	-18.698	0.43198	-54.675	41.684	-61.146	-119.91	27.192	-39.434	-145.11	-3.0881
136.96	0.12564	20.158	-32.678	2.3238	-13.492	-6.9516	7.6643	-18.705	0.4397	-54.697	41.678	-61.143	-119.91	27.207	-39.438	-145.11	-3.0936
136.96	0.11144	20.147	-32.686	2.3036	-13.493	-6.9441	7.6675	-18.698	0.45498	-54.743	41.661	-61.127	-119.91	27.214	-39.441	-145.11	-3.0827
136.96	0.11915	20.15	-32.671	2.2965	-13.487	-6.9493	7.664	-18.703	0.48055	-54.806	41.657	-61.118	-119.91	27.218	-39.44	-145.12	-3.0659
136.97	0.12854	20.164	-32.675	2.266	-13.491	-6.9525	7.6623	-18.695	0.52706	-54.885	41.64	-61.079	-119.92	27.22	-39.396	-145.14	-3.0394
136.96	0.1194	20.15	-32.66	2.2414	-13.465	-6.9519	7.6937	-18.705	0.57301	-54.978	41.615	-61.02	-119.92	27.262	-39.377	-145.16	-3.0238
136.96	0.12001	20.151	-32.649	2.1968	-13.448	-6.9372	7.7677	-18.716	0.64357	-55.073	41.588	-60.952	-119.95	27.301	-39.357	-145.16	-3.0004
136.96	0.12236	20.154	-32.592	2.1491	-13.364	-6.9794	7.8859	-18.748	0.73646	-55.167	41.588	-60.868	-120	27.366	-39.329	-145.18	-2.979
136.97	0.12558	20.159	-32.569	2.1101	-13.259	-7.0996	8.081	-18.79	0.87901	-55.332	41.564	-60.775	-120.07	27.461	-39.298	-145.2	-2.9445
136.96	0.12323	20.156	-32.482	2.0898	-12.983	-7.2132	8.4256	-18.611	1.097	-55.542	41.615	-60.644	-120.16	27.541	-39.266	-145.24	-2.9498
136.97	0.12511	20.16	-32.113	2.293	-11.747	-7.2011	8.8048	-18.182	1.3427	-55.811	41.694	-60.456	-120.26	27.62	-39.244	-145.23	-2.9664
136.96	0.1236	20.154	-31.888	2.3506	-10.613	-7.1423	9.2254	-17.376	1.7327	-56.252	41.817	-60.23	-120.39	27.712	-39.104	-145.4	-2.996
136.97	0.12819	20.148	-31.522	2.3775	-9.3278	-6.7425	9.4494	-16.248	2.2284	-56.833	42.016	-59.983	-120.58	27.814	-39.083	-145.46	-3.1349
136.97	0.12693	20.16	-30.987	2.372	-7.8306	-6.1067	9.5628	-14.885	2.8399	-57.613	42.391	-59.687	-120.81	27.956	-38.993	-145.53	-3.2145
136.97	0.12585	20.158	-30.291	2.2577	-6.0778	-5.2077	9.6029	-13.281	3.5345	-58.579	42.809	-59.376	-121.08	28.104	-38.885	-145.59	-3.2662
136.97	0.13148	20.152	-29.582	2.1	-4.4275	-4.0079	9.5471	-11.528	4.2987	-59.697	43.34	-58.992	-121.4	28.275	-38.839	-145.74	-3.3759
136.98	0.1357	20.16	-28.775	1.836	-2.5216	-2.4219	9.4653	-9.5987	5.1162	-60.933	43.939	-58.601	-121.75	28.41	-38.743	-145.92	-3.5191
136.98	0.1383	20.162	-27.938	1.5382	-0.53931	-0.40815	9.3545	-7.5266	5.9841	-62.29	44.512	-58.145	-122.13	28.571	-38.59	-146.11	-3.596
136.98	0.13591	20.159	-27.144	1.2484	1.1124	2.0794	9.228	-5.4714	6.9071	-63.706	45.1	-57.636	-122.56	28.765	-38.431	-146.27	-3.7265
136.98	0.13205	20.169	-26.16	0.86	3.0037	4.8969	9.084	-3.4446	7.8451	-65.125	45.66	-57.082	-123.04	28.993	-38.128	-146.6	-3.8853
136.98	0.12659	20.171	-25.107	0.40927	4.7579	7.7903	8.7995	-1.4877	8.8749	-66.521	46.082	-56.46	-123.6	29.203	-37.879	-146.85	-4.0732
136.99	0.12779	20.16	-23.881	-0.13151	6.4344	10.737	8.3045	0.29291	9.9461	-67.971	46.546	-55.751	-124.15	29.387	-37.482	-147.19	-4.1925
136.98	0.11905	20.159	-22.587	-0.70544	7.8582	13.798	7.6504	1.9534	11.064	-69.402	46.909	-54.959	-124.71	29.586	-37.052	-147.61	-4.3636
136.98	0.1123	20.159	-21.25	-1.3213	9.2152	17.03	6.825	3.4674	12.236	-70.893	47.213	-54.128	-125.3	29.755	-36.682	-147.93	-4.5435
136.98	0.11096	20.161	-19.865	-1.9422	10.38	20.568	5.8579	5.0374	13.492	-72.414	47.534	-53.259	-125.87	29.905	-36.108	-148.33	-4.526
136.98	0.10859	20.171	-18.303	-2.6965	11.617	24.29	4.6921	6.4718	14.779	-73.939	47.879	-52.465	-126.35	30.001	-35.591	-148.58	-4.4176
136.98	0.093455	20.16	-16.605	-3.4788	12.638	28.158	3.3511	7.8531	16.072	-75.5	48.159	-51.676	-126.76	30.092	-34.769	-149.2	-4.1583
136.98	0.095467	20.163	-14.742	-4.3035	13.548	32.529	2.1204	9.7657	17.766	-76.819	48.949	-50.798	-127.22	30.157	-34.014	-149.56	-4.2791
136.98	0.081988	20.155	-12.729	-5.2977	14.441	36.085	0.30914	10.806	19.225	-78.468	49.185	-49.678	-127.8	30.219	-32.904	-150.39	-4.4082
136.98	0.079689	20.164	-10.606	-6.2006	15.076	40.427	-1.256	12.45	20.792	-80.15	49.483	-48.387	-128.48	30.259	-32.016	-151.03	-4.4519
136.97	0.077437	20.16	-8.326	-7.2195	15.814	44.345	-3.1418	13.667	22.442	-81.866	49.74	-47.019	-129.18	30.332	-30.923	-151.77	-4.4418
136.96	0.082857	20.16	-5.9237	-8.2407	16.542	48.198	-5.1092	14.787	24.209	-83.619	49.892	-45.627	-129.79	30.39	-29.959	-152.16	-4.5516
136.97	0.087491	20.165	-3.3587	-9.3411	17.252	52.043	-7.1155	15.803	26.097	-85.321	50.021	-44.165	-130.4	30.52	-28.596	-153.04	-4.6071
136.97	0.083035	20.16	-0.67841	-10.414	17.91	55.807	-9.1659	16.67	28.115	-87.075	50.144	-42.649	-131.06	30.706	-27.518	-153.39	-4.6248
136.97	0.088031	20.152	2.114	-11.487	18.512	59.107	-11.399	17.024	30.26	-88.822	50.233	-40.968	-131.77	30.863	-26.16	-154.32	-4.7064
136.98	0.095398	20.163	4.9982	-12.653	19.218	63.188	-13.283	18.066	32.496	-90.569	50.111	-39.205	-132.51	31.023	-24.831	-154.99	-4.6543
136.97	0.099661	20.16	7.9751	-13.812	19.762	66.876	-15.423	18.467	34.81	-92.352	50.025	-37.374	-133.19	31.217	-23.59	-155.28	-4.6494
136.98	0.094693	20.161	11.001	-14.912	20.277	70.139	-17.75	18.438	37.213	-94.083	49.819	-35.494	-133.84	31.409	-22.058	-156.17	-4.6061
136.99	0.10196	20.172	14.09	-16.048	20.724	74.287	-19.666	19.024	39.648	-95.791	49.694	-33.591	-134.5	31.66	-20.572	-156.75	-4.4409
136.98	0.11145	20.162	17.179	-17.113	21.014	78.043	-21.827	19.102	42.13	-97.406	49.422	-31.643	-135.14	31.871	-19.23	-157.02	-4.425
136.99	0.11635	20.168	20.23	-18.16	21.324	81.301	-24.12	18.544	44.685	-98.926	49.099	-29.63	-135.73	32.137	-17.677	-157.59	-4.2001
136.99	0.11698	20.172	23.235	-19.155	21.46	85.547	-25.928	18.792	47.204	-100.37	48.721	-27.552	-136.31	32.355	-16.006	-158.2	-4.201
136.99	0.11619	20.167	26.2	-20.131	21.62	88.752	-28.128	18.096	49.779	-101.72	48.417	-25.436	-136.84	32.566	-14.287	-158.92	-4.0371
136.99	0.11841	20.17	29.051	-20.947	21.557	92.434	-29.987	17.646	52.28	-102.89	47.959	-23.293	-137.36	32.757	-12.498	-159.51	-3.9749
137	0.10979	20.167	31.864	-21.78	21.475	96.031	-31.795	17.108	54.845	-104	47.531	-21.104	-137.82	32.909	-10.648	-159.97	-3.7606
136.99	0.11483	20.167	34.571	-22.526	21.252	100.11	-33.203	17.035	57.315	-104.99	47.21	-18.897	-138.24	33.061	-8.7644	-160.45	-3.6833
136.98	0.1096	20.159	37.204	-23.186	20.915	103.06	-34.972	15.899	59.803	-105.82	46.743	-16.697	-138.58	33.206	-6.8718	-160.94	-3.5195
136.98	0.11261	20.162	39.727	-23.74	20.511	106.97	-36.183	15.696	62.282	-106.52	46.412	-14.507	-138.88	33.314	-4.8071	-161.32	-3.2606
136.98	0.10871	20.172	42.233	-24.305	20.034	109.78	-37.644	14.543	64.71	-107.09	46.01	-12.297	-139.11	33.398	-2.8746	-161.72	-3.194
136.97	0.10344	20.162	44.682	-24.768	19.543	113.08	-38.822	13.848	67.142	-107.61	45.616	-10.078	-139.29	33.51	-0.709	-162.01	-2.9347
136.97	0.097624	20.17	47.069	-25.124	18.977	116.32	-39.874	13.153	69.593	-108.04	45.282	-7.8439	-139.4	33.601	1.2715	-162.36	-2.7348
136.97	0.088797	20.167	49.41	-25.441	18.391	119.45	-40.858	12.441	72.011	-108.35	44.977	-5.6282	-139.47	33.692	3.4314	-162.6	-2.4059
136.96	0.093708	20.162	51.736	-25.698	17.801	123.04	-41.522	12.154	74.41	-108.54	44.663	-3.3878	-139.48	33.827	5.2407	-162.49	-2.1692
136.96	0.096256	20.152	53.991	-25.865	17.164	125.57	-42.429	10.924	76.82	-108.67	44.399	-1.1729	-139.43	33.969	7.3624	-162.69	-1.8839
136.96	0.096735	20.153	56.198	-25.961	16.512	128.85	-42.84	10.633	79.205	-108.67	44.271	0.99465	-139.35	34.103	9.5189	-162.85	-1.6343
136.96	0.092474	20.161	58.349	-25.966	15.865	131.51	-43.222	9.9119	81.529	-108.54	44.108	3.185	-139.22	34.258	11.796	-163.17	-1.2753
136.97	0.10106	20.161	60.43	-25.865	15.221	134	-43.379	9.2912	83.778	-108.26	44.042	5.2991	-138.99	34.375	13.863	-163.27	-1.0194
136.97	0.10106	20.161	62.429	-25.718	14.538	136.98	0.092621	20.158	85.983	-107.93	44.056	7.4132	-138.71	34.518	15.839	-163.02	-0.67494
138.45	-43.145	8.3342	64.309	-25.418	13.819	136.97	0.10241	20.163	88.06	-107.4	44.099	9.4408	-138.4	34.671	17.912	-162.92	-0.52967
140.53	-42.72	8.0179	66.083	-25.128	13.239	136.98	0.10586	20.155	90.104	-106.8	44.22	11.44	-138.02	34.816	19.896	-162.74	-0.12658
142.42	-42.132	7.6707	67.729	-24.719	12.608	136.99	0.10067	20.156	92.079	-106	44.368	13.43	-137.57	34.977	22.054	-162.83	0.24478
144.2	-41.331	7.3279	69.271	-24.24	11.986	136.99	0.10528	20.163	94.005	-105.17	44.543	15.343	-137.09	35.135	23.992	-162.35	0.61496
144.2	-41.331	7.3279	70.751	-23.722	11.427	136.99	0.11749	20.17	95.87	-104.19	44.679	17.239	-136.54	35.244	26.123	-162.39	0.94811
147.3	-39.293	6.5804	72.1	-23.107	10.876	137	0.11608	20.165	97.707	-103.09	44.812	19.085	-135.95	35.403	28.047	-161.95	1.3462
148.63	-38.106	6.1142	73.384	-22.414	10.336	137	0.123	20.165	99.517	-101.98	44.955	20.906	-135.33	35.594	29.869	-161.34	1.6831
149.91	-36.825	5.6394	74.596	-21.701	9.834	136.99	0.116	20.169	101.25	-100.74	45.013	22.7	-134.63	35.801	31.741	-160.85	2.0307
151.13	-35.424	5.1579	75.77	-20.887	9.3052	137	0.12241	20.163	102.97	-99.457	45.085	24.45	-133.91	36.005	33.601	-160.28	2.4365
152.18	-34.111	4.5776	76.896	-20.075	8.8956	136.99	0.1207	20.16	104.64	-98.171	45.243	26.145	-133.1	36.159	35.402	-159.66	2.8227
153.26	-32.69	4.0392	78.084	-19.227	8.4954	136.99	0.11644	20.167	106.27	-96.849	45.326	27.785	-132.26	36.317	37.324	-159.25	3.2559
154.33	-31.334	3.6087	79.23	-18.288	8.0415	136.98	0.10955	20.159	107.89	-95.528	45.415	29.38	-131.38	36.514	38.94	-158.41	3.6444
155.31	-29.948	3.1044	80.408	-17.358	7.5598	136.97	0.11684	20.173	109.41	-94.233	45.527	30.962	-130.43	36.726	40.551	-157.47	3.875
156.37	-28.63	2.7249	81.638	-16.449	7.2681	136.96	0.11142	20.164	110.95	-92.939	45.607	32.498	-129.48	36.887	42.269	-156.81	4.2603
157.39	-27.246	2.3455	82.923	-15.515	6.9202	136.95	0.1024	20.166	112.45	-91.619	45.73	34.024	-128.48	36.99	43.907	-155.96	4.551
157.39	-27.246	2.3455	84.21	-14.537	6.492	136.95	0.099871	20.163	113.94	-90.349	45.857	35.526	-127.48	37.091	45.518	-155.05	4.8312
159.44	-24.584	1.6929	85.543	-13.568	6.1442	136.94	0.10983	20.166	115.42	-89.064	45.946	37.031	-126.44	37.217	47.159	-154.24	5.0808
159.44	-24.584	1.6929	86.881	-12.58	5.7577	136.95	0.098942	20.158	116.87	-87.764	46.053	38.538	-125.39	37.264	48.702	-153.18	5.2333
159.44	-24.584	1.6929	88.26	-11.588	5.3527	136.95	0.10952	20.166	118.34	-86.483	46.144	40.042	-124.33	37.347	50.37	-152.33	5.3687
159.44	-24.584	1.6929	89.647	-10.658	5.0224	136.94	0.10628	20.16	119.81	-85.215	46.182	41.508	-123.31	37.434	51.904	-151.28	5.6398
159.44	-24.584	1.6929	91.084	-9.637	4.5734	136.95	0.10974	20.166	121.27	-83.951	46.243	42.987	-122.27	37.473	53.397	-150.28	5.7632
159.44	-24.584	1.6929	92.56	-8.6374	4.066	136.95	0.10192	20.165	122.74	-82.727	46.273	44.449	-121.24	37.55	54.995	-149.42	5.8895
159.44	-24.584	1.6929	94.085	-7.7986	3.8364	136.96	0.10472	20.155	124.2	-81.546	46.248	45.904	-120.21	37.598	56.441	-148.39	5.9302
159.44	-24.584	1.6929	95.607	-6.8826	3.4427	136.96	0.10602	20.157	125.67	-80.375	46.27	47.338	-119.21	37.64	57.875	-147.38	6.1096
159.44	-24.584	1.6929	97.151	-5.8293	2.9388	136.97	0.11019	20.165	127.1	-79.255	46.256	48.723	-118.23	37.679	59.255	-146.39	6.1439
159.44	-24.584	1.6929	98.68	-5.027	2.7547	136.98	0.12026	20.164	128.52	-78.136	46.256	50.081	-117.26	37.766	60.761	-145.5	6.2162
159.44	-24.584	1.6929	100.14	-4.1309	2.3825	136.98	0.11073	20.161	129.89	-77.064	46.269	51.407	-116.31	37.81	62.039	-144.6	6.2542
159.44	-24.584	1.6929	101.6	-3.1801	2.0548	136.99	0.11564	20.168	131.17	-75.999	46.262	52.687	-115.42	37.867	63.312	-143.67	6.3327
159.44	-24.584	1.6929	102.97	-2.3028	1.8229	136.98	0.10765	20.155	132.41	-74.954	46.287	53.911	-114.56	37.904	64.525	-142.71	6.3923
159.44	-24.584	1.6929	104.27	-1.4611	1.4822	136.98	0.11179	20.162	133.62	-73.853	46.375	55.131	-113.72	37.998	65.753	-141.85	6.4654
159.44	-24.584	1.6929	105.59	-0.56223	1.1695	136.98	0.10839	20.169	134.76	-72.782	46.421	56.278	-112.9	38.051	66.984	-141.05	6.497
159.44	-24.584	1.6929	106.83	0.31055	0.77042	136.98	0.10975	20.158	135.81	-71.671	46.469	57.389	-112.1	38.117	68.176	-140.28	6.6175
159.44	-24.584	1.6929	108.03	1.0404	0.55656	136.97	0.11403	20.167	136.83	-70.6	46.624	58.476	-111.3	38.19	69.293	-139.52	6.6021
159.44	-24.584	1.6929	109.23	1.8265	0.081815	136.97	0.11223	20.165	137.77	-69.516	46.698	59.5	-110.55	38.227	70.354	-138.69	6.7077
159.44	-24.584	1.6929	110.44	2.5837	-0.23282	136.96	0.12033	20.165	138.69	-68.376	46.815	60.531	-109.81	38.294	71.472	-137.93	6.8783
159.44	-24.584	1.6929	111.62	3.3005	-0.6219	136.96	0.10602	20.157	139.63	-67.275	46.977	61.522	-109.13	38.342	72.566	-137.26	6.9264
159.44	-24.584	1.6929	112.79	3.9852	-1.127	136.95	0.10241	20.165	140.53	-66.157	47.087	62.54	-108.44	38.39	73.698	-136.67	7.0595
159.44	-24.584	1.6929	114.04	4.6576	-1.5826	136.95	0.10114	20.164	141.42	-65.062	47.221	63.515	-107.82	38.44	74.75	-136	7.1496
159.44	-24.584	1.6929	115.45	5.258	-1.7879	136.94	0.10647	20.162	142.31	-64.093	47.328	64.516	-107.19	38.528	75.741	-135.18	7.2147
157.56	5.104	-10.101	116.8	5.72	-2.4246	136.66	0.19256	20.157	143.24	-63.091	47.455	65.518	-106.62	38.566	77.006	-134.87	7.3544
157.45	6.1875	-9.0828	118.15	6.1369	-2.9719	136.03	0.59468	20.168	143.9	-62.505	47.24	66.582	-106.07	38.638	78.099	-134.23	7.4195
157.17	6.9635	-9.1355	118.55	6.8303	-3.1971	135.75	1.2412	20.255	144.89	-61.76	47.405	67.662	-105.6	38.695	79.303	-133.87	7.4912
156.99	7.248	-9.8334	119.16	7.45	-2.9587	136.37	2.1321	20.257	145.86	-61.063	47.59	68.808	-105.19	38.809	80.468	-133.36	7.6757
158.48	8.3379	-9.0296	120.15	8.2135	-2.8954	137.47	2.8828	20.267	146.9	-60.338	47.781	70.033	-104.87	38.93	81.719	-133.06	7.7183
159.29	8.8316	-9.0847	121.11	8.6613	-2.8572	138.73	3.3199	20.223	148.02	-59.607	47.947	71.322	-104.61	39.055	83.092	-132.8	7.9315
160.26	9.3373	-8.9631	122.21	9.023	-2.6841	140.11	3.7644	20.357	149.26	-59.048	48.243	72.644	-104.34	39.198	84.428	-132.5	8.0671
161.4	9.7809	-8.6424	123.44	9.4579	-2.4381	141.34	4.1332	20.5	150.5	-58.609	48.53	73.973	-104.06	39.358	85.814	-132.23	8.1585
162.59	10.21	-8.2111	124.68	9.7769	-2.2914	142.55	4.457	20.834	151.88	-58.28	48.871	75.349	-103.8	39.477	87.222	-132.01	8.3216
164.03	10.573	-7.6071	126.19	10.126	-1.7194	143.72	4.6745	21.283	153.34	-58.062	49.248	76.842	-103.61	39.638	88.732	-131.82	8.4723
165.63	10.865	-6.9791	127.86	10.368	-1.1516	145.24	4.9629	21.909	154.91	-57.966	49.677	78.451	-103.5	39.844	90.251	-131.56	8.615
167.41	11.04	-6.3045	129.65	10.51	-0.60812	147	5.0754	22.496	156.58	-57.954	50.132	80.135	-103.42	40.019	91.868	-131.42	8.7576
169.38	11.093	-5.653	131.64	10.656	-0.11275	149	5.0681	23.126	158.38	-58.037	50.637	81.902	-103.33	40.286	93.618	-131.43	8.9823
171.5	11.055	-5.0037	133.89	10.686	0.71423	151.22	5.0442	23.829	160.23	-58.176	51.106	83.676	-103.26	40.571	95.34	-131.26	9.2094
173.81	10.99	-4.2181	136.19	10.632	1.3878	153.48	4.9165	24.493	162.26	-58.393	51.67	85.551	-103.21	40.852	97.225	-131.29	9.432
176.2	10.849	-3.4232	138.6	10.562	2.0497	155.84	4.6902	25.197	164.38	-58.651	52.301	87.527	-103.18	41.184	99.031	-131.1	9.6985
178.13	10.289	-3.2398	141.24	10.648	2.677	158.37	4.4854	26.069	166.55	-58.967	52.864	89.571	-103.21	41.517	101.05	-131.14	9.9269
181.42	10.438	-1.6622	143.89	10.361	3.595	160.97	4.2158	26.874	168.84	-59.381	53.526	91.714	-103.23	41.911	103.1	-131.24	10.26
184.21	10.192	-0.71109	146.64	10.285	4.1496	163.69	3.8773	27.677	171.17	-59.756	54.158	93.893	-103.28	42.294	105.19	-131.28	10.645
186.39	9.4788	-0.60867	149.56	9.961	5.1762	166.52	3.5706	28.567	173.6	-60.192	54.805	96.146	-103.33	42.7	107.36	-131.35	11.035
190.01	9.5083	0.95348	152.53	9.692	5.9757	169.38	3.1474	29.312	176.11	-60.618	55.498	98.457	-103.38	43.105	109.59	-131.43	11.421
193.04	9.1385	1.8025	155.53	9.3462	6.6793	172.36	2.7582	30.104	178.63	-61.037	56.178	100.81	-103.45	43.515	111.86	-131.55	11.862
195.5	8.3425	1.8243	158.73	9.1636	7.3181	175.38	2.3781	30.826	181.16	-61.425	56.858	103.24	-103.5	43.962	114.14	-131.44	12.33
199.36	8.3249	3.3335	161.8	8.7475	7.8417	178.41	1.9925	31.504	183.81	-61.772	57.578	105.7	-103.55	44.371	116.52	-131.6	12.738
201.94	7.4749	3.2346	165.01	8.4356	8.3157	181.47	1.6005	32.135	186.42	-62.106	58.292	108.21	-103.56	44.78	119.21	-131.92	13.255
205.89	7.4717	4.7276	168.28	8.066	8.782	184.62	1.2052	32.748	189.12	-62.442	58.955	110.77	-103.57	45.14	121.58	-131.97	13.672
209.23	6.9822	5.3044	171.46	7.5112	9.0968	187.75	0.79608	33.195	191.84	-62.773	59.578	113.38	-103.57	45.546	124.11	-132.09	14.197
211.95	6.1782	5.2379	174.79	7.1563	9.4036	190.96	0.42188	33.733	194.64	-63.077	60.191	116	-103.58	45.914	126.65	-132.17	14.61
215.3	5.6598	5.6553	178.12	6.6531	9.8952	194.24	0.039923	34.193	197.44	-63.404	60.722	118.68	-103.58	46.344	129.26	-132.36	15.115
219.29	5.5751	6.8755	181.46	6.2806	10.047	197.47	-0.40059	34.541	200.33	-63.736	61.187	121.4	-103.61	46.692	131.89	-132.42	15.55
222.7	5.1136	7.3059	184.75	5.7111	10.471	200.77	-0.84956	34.956	203.29	-64.103	61.653	124.15	-103.6	47.045	134.48	-132.47	16.009
226.13	4.599	7.6201	188.12	5.3963	10.719	204.13	-1.2518	35.375	206.21	-64.53	61.998	126.88	-103.63	47.396	137.07	-132.53	16.401
229.56	4.1318	8.0648	191.12	4.5515	10.571	207.49	-1.7297	35.727	209.16	-64.895	62.315	129.61	-103.6	47.711	139.59	-132.65	16.646
232.25	3.2094	7.5791	194.49	4.2241	10.864	210.87	-2.2075	36.095	212.13	-65.315	62.647	132.35	-103.6	48.006	142.16	-132.74	17.023
235.66	2.7683	8.003	197.87	3.7896	11.206	214.26	-2.6973	36.416	215.11	-65.743	62.912	135.05	-103.6	48.264	144.71	-132.71	17.246
239.63	2.637	9.0001	201.22	3.3932	11.565	217.56	-3.1593	36.706	217.96	-66.177	63.091	137.76	-103.56	48.488	147.21	-132.73	17.487
243.02	2.1289	9.252	204.57	3.0498	11.738	220.93	-3.6038	36.989	220.89	-66.599	63.324	140.42	-103.54	48.65	149.69	-132.77	17.666
245.72	1.2186	8.6874	207.9	2.6551	12.041	224.21	-4.0694	37.23	223.72	-67.036	63.486	143.05	-103.48	48.798	152.16	-132.75	17.829
249.65	1.1025	9.6034	211.18	2.3156	12.133	227.46	-4.4875	37.471	226.54	-67.383	63.626	145.67	-103.38	48.908	154.52	-132.75	17.927
252.95	0.61229	9.7933	214.43	1.9742	12.252	230.69	-4.9294	37.639	229.26	-67.767	63.791	148.25	-103.3	48.986	156.9	-132.81	18.046
256.15	0.073826	9.9527	217.66	1.5638	12.495	233.89	-5.3491	37.758	231.99	-68.073	63.893	150.79	-103.18	48.998	159.33	-132.85	18.118
259.4	-0.41681	10.031	220.85	1.2376	12.377	237.02	-5.7521	37.836	234.62	-68.384	64.027	153.28	-103.04	48.946	161.72	-132.72	18.18
261.79	-1.3602	9.1728	224	0.7315	12.495	240.05	-6.1622	37.812	237.22	-68.681	64.039	155.73	-102.87	48.893	164	-132.68	18.148
264.94	-1.7705	9.313	227.04	0.45115	12.26	243.02	-6.528	37.758	239.73	-68.935	64.044	158.13	-102.68	48.815	166.32	-132.62	18.111
267.9	-2.2395	9.165	230.03	0.1665	12.041	245.89	-6.8625	37.645	242.21	-69.146	64.055	160.48	-102.49	48.692	168.56	-132.56	18.122
271.53	-2.1853	9.9281	232.91	-0.12433	11.75	248.7	-7.1591	37.49	244.6	-69.285	63.973	162.79	-102.31	48.511	170.74	-132.51	18.018
273.78	-2.8763	9.1149	235.69	-0.42153	11.468	251.4	-7.4218	37.26	246.92	-69.48	63.787	165.05	-102.08	48.366	172.84	-132.44	17.967
276.45	-3.2039	8.8596	238.37	-0.68089	11.168	254.03	-7.6442	36.954	249.23	-69.57	63.7	167.26	-101.89	48.151	174.97	-132.35	17.853
278.99	-3.5317	8.5305	240.91	-1	10.909	256.51	-7.8871	36.555	251.49	-69.677	63.452	169.4	-101.72	47.956	176.96	-132.29	17.774
282.06	-3.4313	8.8589	243.37	-1.2836	10.711	258.95	-8.0514	36.24	253.67	-69.767	63.166	171.49	-101.51	47.728	178.84	-132.16	17.666
283.83	-4.0265	7.6803	245.72	-1.4082	10.164	261.3	-8.1999	35.813	255.76	-69.816	62.778	173.53	-101.33	47.477	180.75	-132.07	17.337
286.14	-4.1863	7.3474	247.94	-1.5368	9.5846	263.53	-8.3734	35.352	257.86	-69.882	62.428	175.49	-101.16	47.209	182.52	-131.95	17.208
288.24	-4.3858	6.8027	250.09	-1.69	9.215	265.71	-8.506	34.926	259.89	-69.947	62.021	177.35	-100.97	46.953	184.29	-131.79	16.892
290.25	-4.5187	6.2746	252.12	-1.757	8.8242	267.77	-8.6025	34.495	261.81	-70.032	61.535	179.17	-100.77	46.648	185.82	-131.61	16.648
292.19	-4.6036	5.793	254.06	-1.7893	8.4025	269.75	-8.7074	34.025	263.67	-70.088	61.092	180.89	-100.59	46.356	187.36	-131.51	16.3
294.03	-4.672	5.3019	255.9	-1.8673	8.1994	271.68	-8.7383	33.628	265.43	-70.125	60.619	182.55	-100.39	46.044	188.89	-131.21	15.998
296.39	-4.3424	5.5448	257.63	-1.7379	7.5494	273.5	-8.7645	33.164	267.06	-70.111	60.095	184.1	-100.19	45.696	190.26	-131.12	15.585
297.49	-4.6772	4.3886	259.28	-1.8007	7.3219	275.16	-8.7801	32.63	268.64	-70.06	59.618	185.56	-99.933	45.33	191.54	-130.87	15.186
298.98	-4.6729	3.7693	260.83	-1.7523	6.7523	276.74	-8.7059	32.261	270.06	-69.924	59.119	186.94	-99.665	44.964	192.82	-130.59	14.942
301.04	-4.2403	4.045	262.26	-1.6326	6.316	278.19	-8.5973	31.692	271.42	-69.751	58.654	188.24	-99.343	44.551	194.02	-130.42	14.546
302.38	-4.187	3.3721	263.62	-1.5355	5.5202	279.48	-8.4993	31.011	272.64	-69.517	58.182	189.44	-99.019	44.108	195.43	-130.56	14.273
303.63	-4.0553	2.7241	264.86	-1.3568	4.8182	280.73	-8.2426	30.402	273.8	-69.248	57.687	190.56	-98.675	43.666	196.2	-129.83	13.801
304.8	-3.826	2.094	265.98	-1.2494	4.1905	281.8	-8.0055	29.669	274.86	-68.94	57.117	191.61	-98.274	43.189	197.5	-129.96	13.557
305.32	-3.9131	0.77776	266.94	-1.0501	3.481	282.76	-7.7179	28.978	275.84	-68.538	56.548	192.58	-97.875	42.706	198.16	-129.25	13.068
306.65	-3.3368	0.51653	267.78	-0.76528	2.329	283.6	-7.3956	28.127	276.72	-68.139	55.878	193.46	-97.495	42.186	198.94	-129	12.513
306.88	-3.3198	-1.0223	268.49	-0.56469	1.5784	284.33	-6.9557	27.243	277.61	-67.656	55.194	194.31	-97.11	41.662	199.7	-128.68	12.063
307.47	-2.8782	-1.9882	269.05	-0.21722	0.6546	284.96	-6.4994	26.305	278.42	-67.173	54.42	195.09	-96.749	41.184	200.47	-128.35	11.684
307.89	-2.4078	-3.0147	269.46	0.18765	-0.20587	285.5	-6.0042	25.336	279.2	-66.647	53.605	195.8	-96.377	40.644	201.07	-128.1	11.248
308.21	-1.87	-4.1842	269.73	0.57748	-1.0386	285.92	-5.5148	24.323	279.86	-66.103	52.698	196.48	-96.009	40.116	201.96	-128.15	10.897
308.16	-1.5153	-5.6664	269.93	0.946	-2.2174	286.25	-4.9283	23.304	280.49	-65.497	51.771	197.07	-95.676	39.53	202.2	-127.42	10.283
308.92	-0.50767	-6.114	269.98	1.4739	-3.3339	286.44	-4.3318	22.06	281.05	-64.825	50.811	197.59	-95.322	38.969	202.57	-127.15	9.7214
309.13	0.1277	-7.3784	269.88	1.9428	-4.1793	287.28	-2.9762	21.751	281.53	-64.121	49.794	198.05	-94.952	38.356	202.97	-126.86	9.1878
309.37	0.81232	-8.2138	269.9	2.6614	-4.3245	287.73	-2.4069	21.647	282.01	-63.616	48.819	198.46	-94.556	37.693	203.41	-126.45	8.7484
308.56	0.96186	-9.9324	269.89	3.2845	-4.69	287.79	-1.9573	21.586	282.43	-63.285	47.957	198.77	-94.162	37.033	203.66	-126.16	8.0728
308.74	1.4895	-10.488	269.85	3.7698	-4.8241	287.88	-1.3022	21.634	282.78	-63.066	47.198	199.03	-93.863	36.413	204.13	-126.33	7.4307
309.73	2.4487	-9.9756	269.87	4.2261	-5.0903	288.01	-0.80376	21.644	283.11	-62.896	46.516	199.29	-93.677	35.874	204.04	-125.64	6.6777
309.12	2.1218	-11.595	269.93	4.6307	-5.2894	288.11	-0.45024	21.566	283.37	-62.681	45.935	199.53	-93.549	35.357	204.15	-125.35	6.0841
310.19	2.7803	-10.94	270	4.9641	-5.5693	288.23	-0.15372	21.61	283.49	-62.484	45.547	199.71	-93.31	34.893	204.25	-125.08	5.6376
309.49	2.2533	-12.272	270.11	5.2023	-5.6132	288.39	0.053996	21.596	283.49	-62.317	45.384	199.76	-92.936	34.494	204.35	-124.79	5.2448
309.68	2.3168	-12.352	270.25	5.3581	-5.8574	288.57	0.22914	21.596	283.41	-62.203	45.294	199.67	-92.568	34.237	204.37	-124.52	5.036
310.7	2.9391	-11.142	270.36	5.4843	-5.8886	288.69	0.35029	21.607	283.34	-62.112	45.316	199.51	-92.278	34.033	204.32	-124.34	4.9738
310	2.4337	-12.197	270.43	5.5935	-5.8848	288.79	0.45273	21.641	283.28	-62.001	45.409	199.41	-92.049	33.895	204.22	-124.19	4.83
310.12	2.4906	-12.14	270.48	5.6862	-5.8723	288.87	0.56793	21.674	283.22	-61.892	45.455	199.38	-91.889	33.836	204.2	-124.09	4.753
310.2	2.5258	-12.154	270.51	5.7437	-5.8921	288.92	0.65346	21.676	283.19	-61.78	45.514	199.36	-91.726	33.805	204.14	-123.93	4.7878
310.29	2.5616	-12.176	270.53	5.8169	-5.8885	288.95	0.72383	21.674	283.16	-61.693	45.537	199.31	-91.54	33.795	203.98	-123.8	4.8601
310.31	2.4971	-12.28	270.53	5.852	-5.8926	288.99	0.78102	21.668	283.14	-61.649	45.562	199.21	-91.346	33.806	203.92	-123.65	5.0467
311.26	2.9711	-11.163	270.51	5.9207	-5.9752	289.01	0.80282	21.655	283.08	-61.642	45.587	199.07	-91.191	33.807	203.83	-123.54	5.0872
311.37	2.8213	-11.189	270.48	5.9071	-5.9912	289.03	0.8161	21.661	283	-61.67	45.635	198.93	-91.05	33.789	203.7	-123.43	5.1571
311.56	2.7281	-11.084	270.42	5.8123	-5.94	289.03	0.80294	21.654	282.86	-61.708	45.667	198.79	-90.896	33.755	203.55	-123.35	5.1855
312.22	3.1427	-10.147	270.32	5.7995	-5.9155	289.03	0.79482	21.652	282.67	-61.753	45.694	198.63	-90.775	33.711	203.31	-123.31	5.1468
312.57	3.0529	-9.9101	270.15	5.7208	-5.9748	289.05	0.79608	21.684	282.43	-61.786	45.76	198.43	-90.658	33.671	203.04	-123.34	5.1984
312.74	2.6638	-10.055	269.93	5.5388	-5.9821	289.06	0.76343	21.666	282.18	-61.804	45.831	198.18	-90.529	33.62	202.88	-123.29	5.3125
312.94	1.6778	-10.726	269.51	5.5314	-6.3412	288.98	0.86141	21.662	281.85	-61.769	45.861	197.92	-90.437	33.617	202.57	-123.28	5.3847
313.82	1.0749	-10.995	268.74	5.3104	-6.6074	288.87	1.0573	21.643	281.46	-61.58	45.782	197.57	-90.361	33.567	202.23	-123.37	5.3811
313.82	1.0749	-10.995	267.24	5.1185	-7.8514	288.9	1.264	21.706	281.14	-61.37	45.622	197.24	-90.266	33.552	201.94	-123.42	5.6536
316.18	-0.14477	-11.081	265.9	5.113	-8.4637	288.82	1.3266	21.711	280.72	-61.183	45.389	196.83	-90.186	33.515	201.85	-123.93	5.9424
317.63	-0.96462	-10.849	264.67	5.352	-8.6795	288.81	1.3432	21.71	280.3	-61.06	45.103	196.38	-90.039	33.497	201.12	-123.61	5.9556
319.02	-1.7934	-10.575	263.48	5.6352	-8.3921	288.83	1.3365	21.711	279.9	-60.961	44.957	195.85	-89.954	33.435	200.72	-123.61	6.1167
320.19	-2.6694	-10.077	262.34	5.8211	-8.3024	288.89	1.268	21.699	279.41	-61.04	44.815	195.31	-89.993	33.473	200.15	-123.83	6.1515
321.2	-3.5851	-9.4664	261.22	5.849	-7.8255	288.99	1.1654	21.691	278.89	-61.158	44.838	194.7	-90.201	33.628	199.7	-123.91	6.2917
322.05	-4.568	-8.7322	260.1	5.8447	-7.5709	289.1	0.98912	21.703	278.26	-61.34	44.911	194.09	-90.38	33.805	199.23	-124.54	6.65
322.87	-5.5574	-7.7208	258.96	5.7285	-7.1938	289.22	0.83439	21.733	277.56	-61.588	45.096	193.41	-90.499	33.988	198.26	-124.3	6.7868
323.53	-6.6478	-6.706	257.81	5.6484	-6.8984	289.33	0.66884	21.74	276.8	-61.904	45.406	192.61	-90.636	34.242	197.6	-124.44	7.1765
324.15	-7.754	-5.3782	256.61	5.4816	-6.1847	289.38	0.52709	21.762	275.94	-62.33	45.758	191.7	-90.897	34.61	196.76	-124.77	7.4119
324.65	-8.9296	-4.1055	255.32	5.393	-5.5831	289.4	0.48952	21.774	274.98	-62.816	46.124	190.74	-91.248	34.968	196.04	-125.49	7.8884
324.99	-10.164	-2.7959	254.05	5.2132	-4.7715	289.41	0.52967	21.754	274	-63.394	46.47	189.73	-91.655	35.362	194.82	-125.39	7.9755
325.2	-11.457	-1.5404	253.02	5.2319	-3.1756	289.39	0.60336	21.745	273.11	-63.791	47.214	188.65	-92.099	35.804	193.73	-125.73	8.3314
325.18	-12.822	-0.36161	251.7	5.0618	-2.1941	289.35	0.67696	21.736	271.99	-64.453	47.601	187.46	-92.501	36.232	192.55	-126.02	8.6943
325	-14.207	0.79094	250.29	4.779	-1.3786	289.31	0.75251	21.731	270.78	-65.181	48.025	186.13	-92.948	36.768	191.5	-126.72	9.1395
324.52	-15.634	1.7474	248.94	4.4587	-0.46832	289.27	0.8225	21.731	269.44	-65.914	48.509	184.65	-93.4	37.266	189.73	-126.66	9.3303
323.77	-16.927	2.643	247.6	4.0465	0.34206	289.21	0.88363	21.733	267.97	-66.709	49.022	183.06	-93.82	37.822	188.24	-126.91	9.747
322.64	-18.208	3.3805	246.28	3.4725	1.1419	289.17	0.92849	21.713	266.34	-67.514	49.591	181.29	-94.226	38.348	186.51	-127.22	10.111
321.25	-19.309	4.1119	244.97	2.9031	2.0676	289.15	0.96904	21.702	264.61	-68.267	50.177	179.42	-94.585	38.931	184.64	-127.52	10.472
319.64	-20.329	4.8213	243.54	2.2952	2.8073	289.15	0.96534	21.709	262.68	-69.063	50.826	177.38	-94.951	39.51	182.68	-127.81	10.954
317.72	-21.253	5.5025	242.09	1.6924	3.6207	289.17	0.93342	21.707	260.59	-69.87	51.518	175.2	-95.3	40.083	180.59	-128.04	11.437
315.62	-22.03	6.2129	240.46	1.2027	4.274	289.22	0.89063	21.726	258.38	-70.615	52.231	172.81	-95.686	40.705	178.4	-128.24	11.926
313.29	-22.806	6.8307	238.81	0.44206	5.3716	289.26	0.8513	21.727	256.03	-71.38	52.909	170.34	-96.051	41.331	176.01	-128.5	12.33
310.76	-23.451	7.4024	237.03	-0.062731	6.0726	289.3	0.78541	21.733	253.51	-72.133	53.589	167.71	-96.42	41.954	173.53	-128.78	12.778
307.97	-23.991	7.8856	234.97	-0.56242	6.8433	289.32	0.73428	21.727	250.89	-72.843	54.219	164.93	-96.83	42.575	170.88	-128.98	13.311
304.97	-24.336	8.3836	232.67	-0.9414	7.776	289.35	0.69148	21.732	248.12	-73.513	54.79	162.04	-97.267	43.186	168.19	-129.21	13.8
301.74	-24.456	8.8834	230.22	-1.34	8.8666	289.37	0.65206	21.734	245.23	-74.127	55.364	159.06	-97.744	43.735	165.32	-129.47	14.02
298.26	-24.462	9.261	227.49	-1.4181	9.5317	289.39	0.61656	21.739	242.17	-74.653	55.922	155.96	-98.285	44.271	162.4	-129.77	14.505
294.6	-24.214	9.7098	224.48	-1.4572	10.477	289.4	0.59674	21.744	238.95	-75.099	56.395	152.78	-98.826	44.78	159.33	-130.06	14.633
290.75	-23.762	10.169	221.33	-1.427	11.633	289.4	0.58689	21.741	235.64	-75.403	56.899	149.5	-99.43	45.26	156.31	-130.29	15.013
286.7	-23.209	10.61	217.85	-1.3925	12.608	289.4	0.58721	21.74	232.17	-75.599	57.354	146.12	-100.03	45.683	153.15	-130.72	15.163
282.45	-22.456	11.082	214.18	-1.1695	13.339	289.38	0.60042	21.74	228.5	-75.721	57.806	142.64	-100.65	46.095	149.9	-130.9	15.461
278.05	-21.653	11.567	210.32	-0.87902	14.078	289.38	0.62366	21.737	224.69	-75.767	58.233	139.08	-101.23	46.451	146.46	-131.23	15.603
273.43	-20.754	11.941	206.33	-0.66876	14.742	289.36	0.6573	21.732	220.79	-75.76	58.594	135.42	-101.81	46.784	143.07	-131.58	15.79
268.6	-19.722	12.359	202.2	-0.41712	15.374	289.34	0.6869	21.738	216.79	-75.68	58.95	131.66	-102.34	47.114	139.57	-131.81	15.975
263.53	-18.62	12.603	197.96	-0.20634	15.943	289.32	0.7312	21.722	212.7	-75.537	59.326	127.8	-102.84	47.384	136.11	-132.3	16.247
258.23	-17.384	12.826	193.62	0.066162	16.342	289.29	0.78814	21.726	208.51	-75.377	59.667	123.83	-103.31	47.633	132.33	-132.32	16.313
252.67	-16.109	12.935	189.11	0.29644	16.629	289.26	0.83796	21.734	204.21	-75.116	59.941	119.8	-103.77	47.857	128.54	-132.58	16.406
246.96	-14.799	12.936	184.47	0.5534	16.917	289.22	0.87707	21.719	199.85	-74.847	60.186	115.7	-104.24	48.05	124.82	-133.05	16.601
241.03	-13.399	12.938	179.83	0.71281	17.078	289.19	0.90803	21.719	195.42	-74.543	60.372	111.55	-104.7	48.185	120.89	-133.13	16.645
234.81	-12.024	12.727	175.08	0.9192	17.324	289.16	0.9286	21.711	190.9	-74.23	60.485	107.34	-105.16	48.321	116.95	-133.29	16.653
228.39	-10.612	12.497	170.27	1.1382	17.289	289.16	0.92876	21.712	186.37	-73.887	60.579	103.06	-105.64	48.411	112.97	-133.75	16.66
221.82	-9.1279	12.244	165.35	1.3184	17.306	289.2	0.91365	21.725	181.73	-73.544	60.607	98.73	-106.11	48.463	108.84	-133.82	16.629
221.82	-9.1279	12.244	160.39	1.4598	17.337	289.22	0.89035	21.726	177.08	-73.155	60.621	94.39	-106.6	48.551	104.71	-134.09	16.524
289.24	0.85166	21.728	155.33	1.6142	17.183	NaN	NaN	NaN	172.39	-72.747	60.586	90	-107.14	48.566	100.65	-134.47	16.389
289.27	0.81292	21.728	150.09	1.7479	17	NaN	NaN	NaN	167.66	-72.299	60.499	85.618	-107.65	48.618	96.404	-134.65	16.283
289.3	0.76866	21.732	144.78	1.9173	16.869	193.61	-3.424	10.712	162.87	-71.837	60.429	81.198	-108.24	48.627	92.293	-134.99	16.123
289.32	0.73108	21.722	139.39	2.0467	16.663	NaN	NaN	NaN	158.05	-71.33	60.32	76.805	-108.81	48.651	88.052	-135.29	16.09
289.33	0.71568	21.735	133.9	2.2487	16.38	NaN	NaN	NaN	153.24	-70.803	60.184	72.389	-109.37	48.64	83.877	-135.58	15.891
289.34	0.6985	21.733	128.39	2.4684	16.239	171.25	0.28463	9.183	148.39	-70.213	60.003	67.979	-109.94	48.598	79.611	-135.88	15.741
289.34	0.68421	21.734	122.84	2.6658	16.063	NaN	NaN	NaN	143.27	-69.892	59.494	63.602	-110.51	48.588	75.373	-136.1	15.481
289.34	0.69653	21.73	117.2	2.8164	15.937	NaN	NaN	NaN	138.39	-69.291	59.216	59.227	-111.08	48.527	71.218	-136.51	15.374
289.34	0.69418	21.724	111.52	3.0236	15.588	NaN	NaN	NaN	133.55	-68.695	59.068	54.885	-111.6	48.37	67.108	-136.8	15.133
289.33	0.71371	21.732	105.88	3.2383	15.395	NaN	NaN	NaN	128.7	-68.081	58.725	50.546	-112.16	48.286	62.906	-137.09	15.017
289.31	0.74119	21.724	100.28	3.3654	15.048	NaN	NaN	NaN	123.85	-67.49	58.517	46.238	-112.7	48.145	58.783	-137.43	14.803
289.3	0.78326	21.73	94.71	3.5058	14.624	NaN	NaN	NaN	119.03	-66.92	58.16	41.994	-113.18	47.968	54.71	-137.72	14.536
289.27	0.81251	21.739	89.173	3.6414	14.184	NaN	NaN	NaN	114.21	-66.353	57.832	37.776	-113.66	47.79	50.62	-138.06	14.268
289.24	0.84114	21.725	83.705	3.7626	13.715	NaN	NaN	NaN	109.45	-65.818	57.545	33.571	-114.13	47.552	46.622	-138.34	14.057
289.22	0.87594	21.731	78.244	3.787	13.17	NaN	NaN	NaN	104.73	-65.31	57.119	29.427	-114.57	47.329	42.637	-138.64	13.734
289.2	0.8983	21.73	72.823	3.894	12.751	NaN	NaN	NaN	100.09	-64.83	56.744	25.322	-115.02	47.098	38.732	-138.9	13.419
289.19	0.9093	21.722	67.232	4.0358	12.143	NaN	NaN	NaN	95.414	-64.321	56.327	21.27	-115.42	46.817	34.874	-139.19	13.105
289.19	0.90755	21.729	61.745	4.1492	11.652	86.645	7.9081	2.7194	90.852	-63.874	55.938	17.292	-115.85	46.543	31.1	-139.47	12.78
289.2	0.8895	21.729	56.431	4.2652	11.093	NaN	NaN	NaN	86.408	-63.312	55.563	13.395	-116.28	46.274	27.391	-139.77	12.526
289.22	0.87431	21.728	51.141	4.3106	10.485	NaN	NaN	NaN	81.998	-62.836	55.061	9.601	-116.68	45.975	23.808	-140.1	12.229
289.24	0.84096	21.725	45.948	4.3999	9.8943	NaN	NaN	NaN	77.688	-62.347	54.628	5.8667	-117.04	45.654	20.258	-140.4	11.927
289.26	0.81034	21.727	40.938	4.4447	9.3166	61.596	8.366	-4.1052	73.434	-61.858	54.176	2.2659	-117.4	45.387	16.884	-140.69	11.613
289.29	0.78234	21.73	35.989	4.4942	8.6229	56.74	8.4265	-4.7188	69.33	-61.344	53.787	-1.2641	-117.76	45.038	13.592	-140.98	11.29
289.3	0.75757	21.728	31.183	4.3892	8.1124	51.75	8.5988	-5.5265	65.33	-60.883	53.429	-4.6631	-118.11	44.675	10.406	-141.33	11.053
289.32	0.74294	21.728	26.137	4.2353	6.6339	47.797	7.523	-4.8486	61.419	-60.425	53.002	-7.9526	-118.43	44.343	7.4015	-141.59	10.62
289.31	0.73579	21.731	22.194	4.3491	6.7635	43.316	7.6543	-5.5595	57.615	-59.989	52.589	-11.142	-118.76	44.004	4.4574	-141.92	10.389
289.32	0.74046	21.726	17.955	4.2925	5.9757	39.022	7.7121	-6.2869	53.971	-59.596	52.215	-14.256	-119.07	43.586	1.6528	-142.2	10.102
289.31	0.74798	21.724	13.907	4.1631	5.2773	34.845	7.6661	-7.0812	50.46	-59.183	51.823	-17.193	-119.37	43.269	-1.0946	-142.54	9.7874
289.3	0.76684	21.73	9.9773	4.0281	4.5007	31.066	7.7086	-7.6607	47.078	-58.844	51.385	-20.035	-119.67	42.894	-3.7029	-142.8	9.5945
289.28	0.79258	21.736	6.3379	3.833	3.8874	27.306	7.6339	-8.3795	43.843	-58.565	51.003	-22.732	-119.96	42.504	-6.1361	-143.09	9.2641
289.26	0.81508	21.732	2.8897	3.6534	3.2021	23.849	7.5807	-9.0746	40.812	-58.327	50.613	-25.295	-120.26	42.142	-8.4718	-143.42	8.9132
289.24	0.84243	21.728	-0.36103	3.4397	2.5571	20.59	7.444	-9.6503	37.928	-58.164	50.223	-27.757	-120.55	41.724	-10.761	-143.68	8.5954
289.22	0.86695	21.73	-3.3831	3.2209	1.8985	17.554	7.3316	-10.27	35.192	-58.025	49.792	-30.111	-120.85	41.316	-12.901	-144.03	8.2
289.21	0.88309	21.731	-6.1541	3.0271	1.2909	14.811	7.2272	-10.816	32.635	-57.951	49.384	-32.326	-121.11	40.918	-14.924	-144.32	7.9392
289.2	0.8917	21.73	-8.7262	2.8165	0.69416	12.168	7.008	-11.484	30.269	-57.921	48.968	-34.388	-121.38	40.502	-16.848	-144.58	7.5754
289.2	0.89042	21.73	-11.106	2.5704	0.053775	9.9148	6.9508	-11.925	28.069	-57.94	48.528	-36.367	-121.65	40.025	-18.654	-144.84	7.1941
289.22	0.87658	21.732	-13.33	2.3646	-0.61573	7.6585	6.6812	-12.582	26.063	-57.946	48.121	-38.162	-121.87	39.586	-20.328	-145.1	6.7084
289.23	0.86039	21.732	-15.309	2.1512	-1.2334	5.5338	6.4083	-13.257	24.174	-58.017	47.629	-39.858	-122.13	39.135	-21.939	-145.38	6.3484
289.25	0.83585	21.729	-17.097	1.8924	-1.7846	3.7778	6.1454	-13.789	22.382	-58.045	47.236	-41.436	-122.35	38.634	-23.366	-145.62	5.85
289.26	0.80083	21.723	-18.729	1.6885	-2.5184	2.2125	5.9229	-14.411	20.713	-58.145	46.864	-42.928	-122.56	38.172	-24.631	-145.9	5.4801
289.28	0.78304	21.73	-20.17	1.4293	-3.2038	0.68107	5.5504	-15.113	19.154	-58.207	46.526	-44.293	-122.73	37.698	-25.87	-146.16	5.0153
289.29	0.76374	21.724	-21.485	1.1323	-3.8732	-0.35029	5.4161	-15.441	17.64	-58.274	46.257	-45.623	-122.89	37.189	-26.886	-146.34	4.6472
289.3	0.75752	21.726	-22.528	0.90435	-4.5141	-1.4393	5.1168	-15.976	16.247	-58.353	46.069	-46.856	-123.01	36.663	-27.859	-146.63	4.302
289.31	0.75962	21.732	-23.516	0.67229	-5.2179	-2.3407	4.8093	-16.457	14.933	-58.408	45.879	-47.987	-123.15	36.172	-28.695	-146.83	3.992
289.29	0.7733	21.73	-24.368	0.46828	-6.0108	-3.0089	4.6262	-16.74	13.694	-58.499	45.707	-49.006	-123.26	35.691	-29.494	-147.08	3.6545
289.28	0.78243	21.729	-25.138	0.11894	-6.5228	-3.8064	4.3179	-17.269	12.558	-58.578	45.583	-49.974	-123.4	35.187	-30.109	-147.3	3.3189
289.26	0.80299	21.726	-25.815	-0.098929	-7.0846	-4.3624	4.0705	-17.528	11.467	-58.624	45.417	-50.814	-123.51	34.686	-30.676	-147.51	3.0101
289.25	0.82148	21.731	-26.434	-0.34617	-7.6638	-4.8466	3.8855	-17.843	10.52	-58.706	45.297	-51.601	-123.64	34.192	-31.205	-147.7	2.6954
289.23	0.84613	21.722	-27.047	-0.5562	-8.393	-5.3623	3.6664	-18.223	9.6443	-58.817	45.112	-52.241	-123.75	33.729	-31.693	-147.88	2.4072
289.22	0.86507	21.726	-27.521	-0.74778	-8.9081	-5.8549	3.4376	-18.588	8.8593	-58.867	44.951	-52.855	-123.87	33.228	-32.086	-148.1	2.0587
289.2	0.88926	21.73	-27.958	-0.93047	-9.515	-6.2848	3.2694	-18.956	8.1792	-58.989	44.712	-53.398	-123.98	32.749	-32.42	-148.26	1.7277
289.2	0.88946	21.729	-28.364	-1.1795	-10.042	-6.5244	3.1516	-19.183	7.5457	-59.065	44.514	-53.845	-124.1	32.291	-32.767	-148.44	1.3701
289.21	0.88238	21.729	-28.698	-1.3073	-10.622	-6.7562	3.0199	-19.454	7.0051	-59.144	44.257	-54.269	-124.18	31.736	-33.016	-148.57	1.072
289.23	0.86743	21.718	-28.947	-1.4956	-11.097	-7.0454	2.8514	-19.83	6.4857	-59.253	43.993	-54.626	-124.26	31.226	-33.31	-148.76	0.61613
289.24	0.84805	21.738	-29.114	-1.5933	-11.625	-7.1351	2.7377	-20.074	6.0051	-59.307	43.695	-54.959	-124.32	30.726	-33.45	-148.86	0.14435
289.25	0.82402	21.721	-29.289	-1.7661	-12.277	-7.2104	2.6387	-20.499	5.5848	-59.309	43.457	-55.226	-124.37	30.192	-33.597	-148.97	-0.31079
289.27	0.79951	21.719	-29.658	-2.1311	-13.258	-7.1684	2.529	-20.844	5.1477	-59.317	43.243	-55.516	-124.4	29.721	-33.683	-149.03	-0.58497
289.28	0.77882	21.727	-29.713	-2.1977	-13.487	-7.2354	2.4236	-21.168	4.7794	-59.23	43.08	-55.763	-124.39	29.391	-33.684	-149.09	-0.89136
289.3	0.76624	21.729	-29.856	-2.1258	-13.74	-7.2999	2.4973	-21.069	4.4435	-59.165	42.981	-56.003	-124.37	29.164	-33.748	-149.14	-1.0464
289.3	0.75782	21.726	-29.875	-2.1275	-13.738	-7.2609	2.4614	-21.025	4.2537	-59.169	43.086	-56.242	-124.31	29.033	-33.819	-149.14	-0.99718
289.29	0.76146	21.724	-29.917	-2.1418	-13.739	-7.2929	2.3783	-21.03	4.0794	-59.188	43.256	-56.42	-124.26	28.998	-33.919	-149.12	-0.85379
289.29	0.77127	21.726	-29.935	-2.142	-13.733	-7.2632	2.3456	-20.957	3.9364	-59.169	43.491	-56.527	-124.25	29.011	-33.997	-149.08	-0.735
289.27	0.78487	21.722	-29.942	-2.1694	-13.601	-7.285	2.3445	-20.857	3.7836	-59.071	43.594	-56.606	-124.21	29.036	-34.085	-149.06	-0.67089
289.26	0.80623	21.728	-29.987	-2.0788	-13.776	-7.2714	2.3295	-20.741	3.6228	-58.98	43.669	-56.695	-124.11	29.064	-34.143	-148.99	-0.60059
289.24	0.83644	21.719	-30.014	-2.0652	-13.71	-4.1308	4.0938	-18.044	3.519	-58.844	43.693	-56.804	-123.96	29.051	-34.243	-148.93	-0.56721
289.23	0.85558	21.725	-30.085	-2.0111	-13.768	-4.1926	4.1695	-18.118	3.4524	-58.708	43.657	-56.922	-123.82	28.986	-34.327	-148.82	-0.56491
289.22	0.87463	21.728	-30.145	-1.9276	-13.79	-4.2502	4.2951	-18.128	3.4101	-58.556	43.601	-56.995	-123.69	28.848	-34.369	-148.74	-0.57742
289.21	0.88203	21.727	-30.15	-1.8245	-13.785	-4.2703	4.392	-18.176	3.3904	-58.417	43.531	-57.042	-123.59	28.782	-34.402	-148.66	-0.60674
289.21	0.8832	21.718	-30.173	-1.6925	-13.927	-4.277	4.4783	-18.208	3.366	-58.309	43.458	-57.075	-123.48	28.746	-34.422	-148.59	-0.63132
289.22	0.87753	21.718	-30.179	-1.5912	-13.948	-4.2522	4.5549	-18.211	3.3819	-58.201	43.398	-57.105	-123.37	28.694	-34.432	-148.54	-0.63926
289.22	0.86764	21.715	-30.184	-1.4725	-14.014	-4.2134	4.6168	-18.227	3.3902	-58.087	43.333	-57.112	-123.28	28.66	-34.427	-148.5	-0.65137
289.24	0.85582	21.721	-30.144	-1.388	-13.978	-4.1904	4.654	-18.256	3.4378	-58.001	43.303	-57.094	-123.22	28.616	-34.398	-148.46	-0.64922
289.25	0.83867	21.718	-30.127	-1.3306	-13.98	-4.1426	4.6889	-18.263	3.4678	-57.915	43.253	-57.073	-123.15	28.597	-34.365	-148.42	-0.64214
289.26	0.83009	21.717	-30.106	-1.2714	-13.981	-4.1207	4.7245	-18.278	3.5188	-57.854	43.211	-57.033	-123.12	28.586	-34.341	-148.39	-0.70018
289.28	0.81507	21.717	-30.089	-1.2316	-13.966	-4.0947	4.76	-18.317	3.5908	-57.805	43.172	-56.979	-123.06	28.567	-34.309	-148.38	-0.7248
289.28	0.80799	21.716	-30.056	-1.193	-13.956	-4.0802	4.7765	-18.349	3.6689	-57.766	43.129	-56.911	-123.05	28.547	-34.274	-148.37	-0.77636
289.28	0.80726	21.729	-30.02	-1.16	-13.919	-4.0519	4.7895	-18.386	3.7486	-57.733	43.019	-56.836	-123.03	28.519	-34.242	-148.35	-0.83428
289.27	0.81416	21.715	-29.987	-1.1229	-13.923	-4.0606	4.8356	-18.494	3.8443	-57.709	42.941	-56.767	-123.02	28.496	-34.211	-148.35	-0.90655
289.27	0.82152	21.713	-29.943	-1.1097	-13.892	-4.0432	4.8378	-18.543	3.9475	-57.711	42.849	-56.693	-123.02	28.461	-34.162	-148.35	-0.96892
289.26	0.83918	21.72	-29.909	-1.1024	-13.87	-4.0137	4.8247	-18.581	4.064	-57.73	42.759	-56.62	-123.02	28.437	-34.147	-148.34	-1.0377
289.25	0.85065	21.725	-29.88	-1.0983	-13.864	-3.9785	4.8297	-18.598	4.1776	-57.75	42.67	-56.564	-123.03	28.419	-34.119	-148.34	-1.0995
289.24	0.85829	21.723	-29.836	-1.0993	-13.84	-3.9537	4.8199	-18.603	4.2903	-57.777	42.64	-56.479	-123.04	28.382	-34.101	-148.34	-1.1556
289.23	0.87067	21.721	-29.818	-1.1047	-13.832	-3.9462	4.8113	-18.622	4.3828	-57.804	42.616	-56.415	-123.07	28.356	-34.1	-148.37	-1.1882
289.22	0.88017	21.723	-29.791	-1.1169	-13.81	-3.9347	4.7958	-18.638	4.4458	-57.833	42.537	-56.348	-123.09	28.355	-34.075	-148.37	-1.2177
289.23	0.8818	21.715	-29.792	-1.1359	-13.806	-3.9401	4.7922	-18.643	4.5052	-57.841	42.467	-56.295	-123.12	28.348	-34.06	-148.4	-1.2415
289.23	0.8696	21.721	-29.773	-1.1558	-13.777	-3.9334	4.7953	-18.635	4.5362	-57.854	42.418	-56.248	-123.15	28.332	-34.052	-148.44	-1.2711
289.23	0.86135	21.716	-29.766	-1.1799	-13.785	-3.9334	4.7953	-18.635	4.5731	-57.867	42.376	-56.209	-123.18	28.308	-34.031	-148.46	-1.3011
289.24	0.85581	21.721	-29.757	-1.2008	-13.778	-3.9399	4.7803	-18.647	4.6073	-57.879	42.33	-56.179	-123.2	28.297	-34.051	-148.5	-1.347
289.25	0.84655	21.719	-29.743	-1.2233	-13.766	-3.9402	4.7928	-18.639	4.6303	-57.892	42.306	-56.147	-123.22	28.277	-34.041	-148.53	-1.3853
289.26	0.82665	21.723	-29.743	-1.238	-13.76	-3.9439	4.7877	-18.631	4.6602	-57.907	42.255	-56.113	-123.25	28.266	-34.034	-148.54	-1.4046
289.26	0.81549	21.719	-29.738	-1.2627	-13.771	-3.9511	4.7985	-18.644	4.6788	-57.92	42.201	-56.088	-123.28	28.25	-34.031	-148.58	-1.4497
