140.48	-2.2621	20.203	-32.494	-1.9448	-13.542	-6.1833	2.808	-18.227	-1.7391	-59.859	42.158	-66.22	-122.87	27.277	-44.746	-148.37	-2.8348
140.47	-2.269	20.195	-32.5	-1.9488	-13.547	-6.191	2.8013	-18.235	-1.7417	-59.857	42.144	-66.223	-122.87	27.252	-44.749	-148.36	-2.8327
140.47	-2.2641	20.188	-32.505	-1.9521	-13.552	-6.1798	2.8076	-18.226	-1.7425	-59.857	42.144	-66.23	-122.86	27.264	-44.747	-148.36	-2.8458
140.48	-2.2595	20.194	-32.486	-1.9413	-13.537	-6.1879	2.8042	-18.233	-1.7462	-59.848	42.147	-66.229	-122.86	27.263	-44.745	-148.36	-2.8308
140.48	-2.2623	20.203	-32.487	-1.9295	-13.53	-6.1829	2.808	-18.227	-1.7469	-59.845	42.147	-66.217	-122.87	27.267	-44.751	-148.37	-2.8356
140.47	-2.2641	20.199	-32.5	-1.9336	-13.553	-6.1819	2.808	-18.228	-1.7394	-59.84	42.151	-66.218	-122.87	27.267	-44.736	-148.37	-2.8431
140.48	-2.2686	20.192	-32.498	-1.9327	-13.552	-6.1873	2.8044	-18.233	-1.734	-59.837	42.157	-66.213	-122.87	27.269	-44.691	-148.35	-2.81
140.47	-2.2667	20.198	-32.488	-1.9275	-13.542	-6.1826	2.8096	-18.24	-1.7525	-59.837	42.147	-66.21	-122.86	27.273	-44.697	-148.35	-2.8145
140.47	-2.2632	20.201	-32.487	-1.9281	-13.53	-6.1916	2.8055	-18.251	-1.7344	-59.836	42.144	-66.207	-122.86	27.262	-44.694	-148.35	-2.8257
140.47	-2.2665	20.198	-32.488	-1.9275	-13.542	-6.1872	2.8058	-18.246	-1.7414	-59.827	42.144	-66.21	-122.86	27.257	-44.691	-148.35	-2.809
140.47	-2.2615	20.189	-32.483	-1.9243	-13.538	-6.192	2.8056	-18.25	-1.7484	-59.832	42.14	-66.209	-122.86	27.272	-44.688	-148.35	-2.8062
140.47	-2.2647	20.202	-32.489	-1.9254	-13.543	-6.1841	2.8087	-18.244	-1.7476	-59.832	42.139	-66.21	-122.86	27.258	-44.692	-148.33	-2.8182
140.47	-2.2664	20.185	-32.48	-1.9211	-13.535	-6.1916	2.8055	-18.251	-1.74	-59.825	42.146	-66.205	-122.86	27.261	-44.689	-148.35	-2.8099
140.47	-2.2639	20.188	-32.483	-1.9116	-13.532	-6.1826	2.8096	-18.24	-1.745	-59.815	42.136	-66.203	-122.86	27.263	-44.684	-148.34	-2.8191
140.47	-2.2665	20.198	-32.493	-1.916	-13.54	-6.1844	2.8088	-18.243	-1.7467	-59.815	42.148	-66.207	-122.86	27.261	-44.695	-148.33	-2.8209
140.47	-2.2667	20.198	-32.49	-1.9115	-13.551	-6.1866	2.8093	-18.245	-1.7479	-59.816	42.147	-66.205	-122.86	27.261	-44.694	-148.35	-2.8133
140.47	-2.2664	20.185	-32.491	-1.9151	-13.54	-6.192	2.8056	-18.25	-1.7561	-59.811	42.158	-66.216	-122.85	27.259	-44.699	-148.34	-2.81
140.47	-2.2665	20.198	-32.488	-1.912	-13.537	-6.1874	2.8185	-18.238	-1.7591	-59.811	42.157	-66.214	-122.85	27.259	-44.739	-148.36	-2.8403
140.48	-2.2619	20.192	-32.496	-1.9038	-13.549	-6.1842	2.8214	-18.235	-1.7591	-59.811	42.157	-66.22	-122.85	27.257	-44.686	-148.33	-2.8006
140.47	-2.2645	20.202	-32.49	-1.8982	-13.542	-6.1868	2.822	-18.237	-1.7644	-59.802	42.16	-66.224	-122.84	27.259	-44.729	-148.36	-2.8384
140.47	-2.2641	20.199	-32.503	-1.9056	-13.555	-6.1989	2.815	-18.249	-1.771	-59.807	42.154	-66.228	-122.84	27.245	-44.735	-148.35	-2.8336
140.47	-2.2644	20.2	-32.502	-1.9049	-13.554	-6.1997	2.8151	-18.249	-1.7705	-59.803	42.156	-66.229	-122.84	27.255	-44.738	-148.35	-2.8388
140.47	-2.2665	20.198	-32.506	-1.9081	-13.559	-6.1923	2.8181	-18.242	-1.7638	-59.798	42.159	-66.231	-122.84	27.241	-44.704	-148.34	-2.8277
140.47	-2.2745	20.197	-32.498	-1.9017	-13.549	-6.1927	2.8182	-18.242	-1.7685	-59.802	42.156	-66.226	-122.84	27.248	-44.741	-148.36	-2.8286
140.47	-2.2641	20.199	-32.511	-1.8994	-13.556	-6.1921	2.8183	-18.242	-1.7642	-59.799	42.158	-66.224	-122.84	27.248	-44.738	-148.35	-2.8373
140.47	-2.2665	20.198	-32.49	-1.8988	-13.544	-6.2042	2.8113	-18.254	-1.7638	-59.799	42.148	-66.223	-122.84	27.248	-44.747	-148.35	-2.8407
140.47	-2.2667	20.198	-32.493	-1.8985	-13.545	-6.1963	2.8144	-18.248	-1.7597	-59.796	42.152	-66.221	-122.84	27.273	-44.745	-148.35	-2.8362
140.47	-2.2665	20.198	-32.49	-1.8989	-13.543	-6.1917	2.8196	-18.256	-1.761	-59.798	42.148	-66.217	-122.83	27.254	-44.735	-148.35	-2.8467
140.47	-2.2642	20.201	-32.494	-1.9014	-13.547	-6.1885	2.8226	-18.254	-1.7584	-59.795	42.151	-66.217	-122.84	27.252	-44.733	-148.35	-2.8462
140.47	-2.2643	20.199	-32.481	-1.8924	-13.537	-6.1908	2.8183	-18.243	-1.7526	-59.79	42.143	-66.219	-122.84	27.25	-44.699	-148.34	-2.8226
140.47	-2.2643	20.199	-32.49	-1.8982	-13.544	-6.1846	2.8229	-18.249	-1.7568	-59.793	42.138	-66.216	-122.84	27.264	-44.724	-148.36	-2.8459
140.48	-2.2612	20.194	-32.49	-1.8982	-13.544	-6.184	2.823	-18.249	-1.7559	-59.792	42.141	-66.216	-122.83	27.253	-44.734	-148.35	-2.8343
140.47	-2.2643	20.199	-32.484	-1.8942	-13.539	-6.1789	2.8141	-18.252	-1.7526	-59.79	42.143	-66.212	-122.83	27.268	-44.73	-148.35	-2.8437
140.47	-2.2641	20.199	-32.481	-1.8918	-13.535	-6.1885	2.8226	-18.254	-1.7531	-59.789	42.13	-66.212	-122.83	27.268	-44.697	-148.33	-2.8078
140.47	-2.2653	20.197	-32.493	-1.8865	-13.541	-6.1876	2.8226	-18.254	-1.7538	-59.791	42.142	-66.207	-122.83	27.245	-44.697	-148.33	-2.8205
140.48	-2.2732	20.198	-32.492	-1.8864	-13.537	-6.1876	2.8226	-18.254	-1.7526	-59.79	42.143	-66.21	-122.83	27.246	-44.687	-148.34	-2.806
140.48	-2.2719	20.198	-32.489	-1.8849	-13.535	-6.1876	2.8226	-18.254	-1.7468	-59.785	42.147	-66.216	-122.83	27.251	-44.691	-148.33	-2.8163
140.48	-2.262	20.204	-32.488	-1.8848	-13.536	-6.1814	2.8259	-18.246	-1.7438	-59.782	42.15	-66.207	-122.84	27.241	-44.717	-148.35	-2.8388
140.47	-2.2645	20.202	-32.485	-1.8823	-13.532	-6.1889	2.8227	-18.253	-1.7496	-59.786	42.132	-66.198	-122.83	27.235	-44.682	-148.34	-2.8171
140.48	-2.2619	20.192	-32.485	-1.8823	-13.532	-6.188	2.8227	-18.254	-1.7504	-59.786	42.133	-66.209	-122.83	27.257	-44.685	-148.34	-2.8177
140.47	-2.2667	20.198	-32.489	-1.8959	-13.544	-6.1885	2.8226	-18.254	-1.745	-59.783	42.15	-66.203	-122.84	27.255	-44.689	-148.33	-2.8169
140.47	-2.2645	20.202	-32.49	-1.8856	-13.536	-6.188	2.8227	-18.254	-1.748	-59.786	42.146	-66.2	-122.84	27.257	-44.678	-148.35	-2.8165
140.47	-2.2645	20.202	-32.489	-1.8849	-13.535	-6.1876	2.8226	-18.254	-1.7546	-59.791	42.14	-66.205	-122.83	27.258	-44.687	-148.33	-2.8143
140.47	-2.2643	20.199	-32.493	-1.8858	-13.539	-6.1807	2.8257	-18.247	-1.7474	-59.783	42.134	-66.201	-122.84	27.243	-44.686	-148.34	-2.8318
140.47	-2.2744	20.195	-32.491	-1.8983	-13.544	-6.1826	2.8264	-18.249	-1.7557	-59.778	42.147	-66.205	-122.84	27.229	-44.68	-148.35	-2.82
140.47	-2.2768	20.193	-32.495	-1.8895	-13.542	-6.1787	2.8267	-18.244	-1.7525	-59.777	42.149	-66.201	-122.84	27.243	-44.725	-148.34	-2.8563
140.47	-2.2667	20.198	-32.483	-1.8935	-13.538	-6.1885	2.8226	-18.254	-1.762	-59.781	42.142	-66.2	-122.83	27.247	-44.685	-148.34	-2.8184
140.47	-2.2653	20.187	-32.49	-1.8856	-13.536	-6.196	2.8194	-18.26	-1.7677	-59.773	42.144	-66.203	-122.84	27.255	-44.68	-148.34	-2.8288
140.47	-2.2641	20.199	-32.502	-1.8916	-13.547	-6.196	2.8194	-18.26	-1.7578	-59.778	42.146	-66.203	-122.84	27.242	-44.675	-148.35	-2.8175
140.47	-2.262	20.202	-32.499	-1.8899	-13.545	-6.1876	2.8226	-18.254	-1.762	-59.781	42.142	-66.212	-122.83	27.254	-44.684	-148.34	-2.8207
140.47	-2.2649	20.202	-32.497	-1.889	-13.544	-6.2012	2.8284	-18.257	-1.7642	-59.771	42.146	-66.204	-122.84	27.241	-44.673	-148.35	-2.8159
140.48	-2.2621	20.203	-32.496	-1.8868	-13.54	-6.1924	2.8315	-18.251	-1.774	-59.776	42.138	-66.206	-122.84	27.239	-44.669	-148.34	-2.813
140.47	-2.2654	20.199	-32.493	-1.8858	-13.539	-6.1958	2.832	-18.252	-1.7711	-59.787	42.148	-66.202	-122.84	27.243	-44.679	-148.34	-2.8138
140.47	-2.2643	20.199	-32.498	-1.8884	-13.542	-6.2002	2.8284	-18.258	-1.7699	-59.772	42.143	-66.204	-122.83	27.232	-44.676	-148.34	-2.8136
140.47	-2.2641	20.199	-32.494	-1.8881	-13.54	-6.1883	2.8352	-18.245	-1.7702	-59.773	42.156	-66.209	-122.84	27.236	-44.675	-148.33	-2.8123
140.47	-2.2665	20.198	-32.498	-1.8787	-13.536	-6.1883	2.8352	-18.245	-1.7702	-59.773	42.154	-66.204	-122.84	27.253	-44.675	-148.33	-2.8119
140.47	-2.2665	20.198	-32.499	-1.8892	-13.543	-6.2008	2.8283	-18.258	-1.774	-59.764	42.158	-66.204	-122.84	27.241	-44.67	-148.34	-2.8141
140.48	-2.27	20.203	-32.501	-1.879	-13.539	-6.1958	2.832	-18.252	-1.7788	-59.765	42.155	-66.201	-122.83	27.232	-44.662	-148.34	-2.8074
140.47	-2.2641	20.199	-32.498	-1.8758	-13.537	-6.2012	2.8284	-18.257	-1.7827	-59.767	42.139	-66.213	-122.83	27.238	-44.667	-148.34	-2.8122
140.48	-2.2737	20.199	-32.495	-1.8727	-13.548	-6.2081	2.8287	-18.263	-1.7838	-59.768	42.151	-66.209	-122.84	27.238	-44.68	-148.34	-2.8156
140.48	-2.2722	20.198	-32.492	-1.8822	-13.551	-6.2012	2.8284	-18.257	-1.783	-59.768	42.15	-66.212	-122.83	27.241	-44.675	-148.33	-2.8235
140.48	-2.2584	20.195	-32.498	-1.8898	-13.545	-6.2012	2.8284	-18.257	-1.7821	-59.755	42.158	-66.209	-122.84	27.238	-44.679	-148.34	-2.8152
140.48	-2.2675	20.192	-32.492	-1.8851	-13.538	-6.1958	2.832	-18.252	-1.7862	-59.755	42.156	-66.209	-122.84	27.227	-44.667	-148.34	-2.8253
140.47	-2.2764	20.192	-32.502	-1.8776	-13.553	-6.2016	2.8285	-18.257	-1.7859	-59.768	42.149	-66.213	-122.83	27.239	-44.664	-148.34	-2.8109
140.48	-2.2634	20.204	-32.499	-1.8872	-13.558	-6.1962	2.8321	-18.252	-1.7901	-59.771	42.145	-66.21	-122.83	27.241	-44.669	-148.34	-2.8259
140.47	-2.2666	20.197	-32.497	-1.875	-13.55	-6.1867	2.8234	-18.25	-1.7788	-59.765	42.155	-66.207	-122.84	27.24	-44.67	-148.34	-2.8141
140.47	-2.2654	20.199	-32.501	-1.878	-13.54	-6.1958	2.832	-18.252	-1.7822	-59.768	42.152	-66.204	-122.84	27.229	-44.685	-148.34	-2.821
140.48	-2.2725	20.2	-32.51	-1.8832	-13.547	-6.2131	2.825	-18.268	-1.7814	-59.768	42.152	-66.205	-122.84	27.242	-44.687	-148.34	-2.821
140.48	-2.2743	20.196	-32.511	-1.8959	-13.555	-6.1955	2.8306	-18.239	-1.7819	-59.781	42.145	-66.206	-122.84	27.239	-44.672	-148.35	-2.8158
140.47	-2.2768	20.193	-32.498	-1.8765	-13.536	-6.2118	2.8222	-18.266	-1.7755	-59.792	42.142	-66.2	-122.84	27.254	-44.677	-148.35	-2.8227
140.48	-2.2743	20.197	-32.504	-1.8938	-13.548	-6.204	2.8239	-18.246	-1.7783	-59.825	42.14	-66.19	-122.84	27.255	-44.666	-148.34	-2.8121
140.48	-2.2743	20.196	-32.516	-1.9028	-13.546	-6.2218	2.8335	-18.271	-1.7818	-59.87	42.118	-66.168	-122.83	27.257	-44.653	-148.38	-2.8086
140.47	-2.2645	20.202	-32.519	-1.9211	-13.541	-6.2212	2.8513	-18.275	-1.7649	-59.934	42.135	-66.145	-122.83	27.28	-44.649	-148.4	-2.7985
140.47	-2.2665	20.198	-32.529	-1.9453	-13.528	-6.2408	2.8886	-18.312	-1.7521	-60	42.137	-66.108	-122.84	27.297	-44.605	-148.46	-2.7634
140.48	-2.2612	20.205	-32.538	-1.9755	-13.489	-6.2655	3.0071	-18.349	-1.7579	-60.08	42.163	-66.098	-122.85	27.311	-44.576	-148.49	-2.7234
140.47	-2.267	20.199	-32.525	-2.0018	-13.368	-6.3252	3.2527	-18.276	-1.7637	-60.19	42.218	-66.066	-122.91	27.356	-44.485	-148.53	-2.7001
140.48	-2.2743	20.196	-32.52	-2.0227	-12.939	-6.3983	3.5742	-18.107	-1.7545	-60.346	42.352	-66.019	-123	27.394	-44.376	-148.62	-2.6797
140.48	-2.2743	20.196	-32.543	-1.9616	-12.095	-6.5219	4.1039	-17.628	-1.725	-60.572	42.581	-65.939	-123.14	27.459	-44.277	-148.69	-2.6546
140.47	-2.2629	20.189	-32.572	-1.9275	-11.02	-6.4458	4.5461	-16.628	-1.66	-60.876	42.879	-65.824	-123.31	27.562	-44.165	-148.76	-2.6672
140.48	-2.2718	20.199	-32.592	-1.8606	-9.7005	-6.1905	5.0439	-15.343	-1.4618	-61.406	43.288	-65.65	-123.5	27.686	-44.109	-148.86	-2.7077
140.48	-2.2685	20.202	-32.321	-1.5453	-7.6981	-5.5618	5.3443	-13.625	-1.2084	-62.077	43.903	-65.399	-123.73	27.843	-43.975	-148.91	-2.6932
140.48	-2.2688	20.204	-32.311	-1.497	-5.9905	-4.5478	5.7145	-11.631	-0.88936	-62.912	44.591	-65.096	-124.03	28.041	-43.829	-149.05	-2.7515
140.49	-2.2668	20.208	-32.263	-1.4835	-3.925	-2.9836	6.0759	-9.3062	-0.51733	-63.899	45.385	-64.749	-124.37	28.253	-43.65	-149.18	-2.7917
140.49	-2.2662	20.195	-32.131	-1.6294	-1.6688	-0.71427	6.44	-6.7628	-0.013041	-65.004	46.287	-64.35	-124.74	28.51	-43.558	-149.31	-2.913
140.49	-2.2755	20.204	-31.872	-1.724	0.37522	1.8653	6.6702	-4.0038	0.56379	-66.223	47.168	-63.897	-125.15	28.799	-43.225	-149.51	-2.874
140.49	-2.277	20.206	-31.297	-1.8967	2.5854	4.5657	6.6817	-1.2491	1.2756	-67.51	48.036	-63.355	-125.58	29.094	-42.866	-149.7	-2.8229
140.5	-2.2825	20.208	-30.414	-2.2297	4.9086	7.3043	6.5285	1.4378	2.118	-68.838	48.842	-62.715	-126.06	29.382	-42.437	-150.02	-2.8908
140.5	-2.2863	20.215	-29.424	-2.4881	6.9509	10.27	6.2422	4.072	3.0385	-70.171	49.597	-61.959	-126.58	29.788	-42.048	-150.05	-2.8577
140.5	-2.2867	20.218	-28.389	-2.7754	8.848	13.333	5.759	6.4414	4.1166	-71.447	50.325	-61.142	-127.08	30.146	-41.246	-150.5	-2.5715
140.5	-2.2867	20.217	-27.176	-3.1892	10.842	16.76	5.1064	8.6194	5.197	-72.641	51.08	-60.241	-127.46	30.419	-40.386	-150.77	-2.2032
140.5	-2.2877	20.217	-25.799	-3.7015	12.615	20.395	4.2144	10.66	6.3982	-73.791	51.914	-59.265	-127.78	30.705	-39.338	-151.08	-1.8787
140.5	-2.303	20.221	-24.185	-4.1956	13.969	24.598	3.4088	13.097	8.099	-74.681	53.234	-58.127	-128.16	31.11	-38.307	-151.31	-1.6056
140.48	-2.3103	20.209	-22.318	-4.8356	15.223	28.731	2.2378	15.238	9.6068	-76.002	54.091	-56.832	-128.64	31.556	-37.025	-152.14	-1.3316
140.49	-2.3095	20.212	-20.2	-5.5867	16.344	32.844	0.8039	17.228	11.308	-77.396	54.936	-55.405	-129.1	32.016	-35.798	-152.64	-0.78948
140.48	-2.3133	20.221	-17.814	-6.3827	17.49	37.015	-0.84616	19.274	13.168	-78.848	55.747	-53.862	-129.58	32.509	-34.354	-153.22	-0.24917
140.49	-2.3121	20.222	-15.146	-7.3769	18.86	41.228	-2.6033	21.287	15.183	-80.471	56.628	-52.25	-130.07	33.036	-32.797	-153.8	0.10517
140.48	-2.3128	20.218	-12.283	-8.3202	20.11	45.484	-4.4736	23.326	17.386	-82.119	57.487	-50.508	-130.58	33.595	-31.361	-154.03	0.57371
140.49	-2.3097	20.213	-9.2158	-9.2722	21.433	49.791	-6.4586	25.355	19.737	-83.862	58.248	-48.614	-131.16	34.202	-29.755	-154.67	1.0432
140.49	-2.3061	20.215	-6.0088	-10.282	22.907	54.046	-8.5075	27.192	22.226	-85.675	59.058	-46.605	-131.8	34.886	-27.871	-155.42	1.506
140.49	-2.305	20.216	-2.7362	-11.399	24.596	58.307	-10.689	28.935	24.824	-87.473	59.801	-44.496	-132.45	35.578	-26.165	-156.06	1.9927
140.49	-2.305	20.217	0.63223	-12.336	25.909	62.56	-12.862	30.471	27.528	-89.261	60.48	-42.334	-133.06	36.283	-24.311	-156.61	2.5756
140.49	-2.2912	20.211	4.0989	-13.493	27.486	66.776	-15.091	31.888	30.326	-91.035	61.134	-40.113	-133.66	37.039	-22.424	-157.14	3.1739
140.49	-2.2895	20.213	7.6222	-14.579	28.866	70.966	-17.35	33.131	33.181	-92.785	61.767	-37.818	-134.26	37.779	-20.672	-157.52	3.6912
140.5	-2.2827	20.208	11.184	-15.67	30.175	75.161	-19.564	34.262	36.037	-94.462	62.326	-35.447	-134.84	38.508	-18.731	-158.1	4.2322
140.51	-2.2804	20.211	14.739	-16.71	31.352	79.267	-21.783	35.197	38.917	-96.076	62.868	-33.077	-135.39	39.179	-16.687	-158.59	4.9113
140.52	-2.2872	20.213	18.28	-17.675	32.194	83.34	-23.903	36.03	41.801	-97.579	63.348	-30.671	-135.98	39.87	-14.677	-159.2	5.4113
140.52	-2.2872	20.213	21.77	-18.62	33.072	86.985	-26.116	36.374	44.655	-99.016	63.771	-28.21	-136.49	40.573	-12.448	-160.01	5.9016
140.52	-2.2869	20.228	25.255	-19.553	33.722	91.281	-27.99	37.162	47.533	-100.36	64.084	-25.769	-136.94	41.122	-10.228	-160.42	6.4594
140.52	-2.2952	20.211	28.677	-20.423	34.249	94.789	-30.005	37.279	50.327	-101.56	64.359	-23.372	-137.34	41.725	-8.0517	-160.83	6.9723
140.51	-2.2947	20.218	32.052	-21.206	34.569	98.944	-31.608	37.854	53.073	-102.62	64.599	-20.923	-137.64	42.185	-5.9086	-161.2	7.4494
140.51	-2.3027	20.217	35.325	-21.926	34.694	102.68	-33.304	37.909	55.841	-103.56	64.781	-18.516	-137.86	42.635	-3.7297	-161.51	7.9932
140.5	-2.3118	20.218	38.495	-22.534	34.658	106.37	-34.825	37.914	58.559	-104.39	64.818	-16.063	-138	43.082	-1.6493	-161.62	8.3803
140.5	-2.3107	20.22	41.529	-23.046	34.45	110.03	-36.202	37.793	61.276	-105.04	64.806	-13.642	-138.09	43.439	0.64776	-162.08	8.8764
140.49	-2.31	20.225	44.484	-23.469	34.096	113.19	-37.608	37.124	63.961	-105.55	64.72	-11.236	-138.15	43.73	2.8456	-162.11	9.3436
140.48	-2.3152	20.217	47.291	-23.813	33.604	117.06	-38.505	37.064	66.668	-105.93	64.541	-8.7731	-138.15	44.001	5.0527	-162.32	9.616
140.48	-2.3274	20.209	50.028	-24.02	32.986	120.42	-39.389	36.441	69.358	-106.19	64.275	-6.3373	-138.11	44.216	7.2788	-162.49	9.917
140.48	-2.3156	20.219	52.611	-24.218	32.357	123.67	-40.096	35.656	72.065	-106.34	63.926	-3.8935	-138.04	44.355	9.5078	-162.64	10.179
140.48	-2.3154	20.216	55.12	-24.205	31.615	126.8	-40.658	34.692	74.758	-106.31	63.507	-1.4205	-137.93	44.507	11.846	-162.91	10.462
140.48	-2.3153	20.217	57.483	-24.182	30.735	129.51	-41.206	33.292	77.39	-106.18	62.984	0.98653	-137.76	44.651	14.041	-162.97	10.646
140.48	-2.3151	20.217	59.763	-24.015	29.828	132.42	-41.44	32.067	80.002	-105.91	62.407	3.3591	-137.56	44.742	16.153	-162.82	10.896
140.48	-2.3126	20.206	61.889	-23.852	28.899	135.19	-41.542	30.71	82.555	-105.54	61.863	5.6712	-137.3	44.788	18.119	-162.6	10.949
140.48	-2.3013	20.211	63.838	-23.515	27.766	138.16	-41.349	29.591	85.069	-105.04	61.19	7.9256	-136.97	44.793	20.427	-162.75	11.113
140.49	-2.2949	20.221	65.714	-23.141	26.783	140.57	-41.145	28.063	87.453	-104.46	60.591	10.145	-136.61	44.738	22.256	-162.24	11.186
140.49	-2.2936	20.209	67.429	-22.754	25.726	142.84	-40.73	26.536	89.789	-103.74	59.893	12.311	-136.17	44.679	24.442	-162.31	11.12
140.5	-2.2888	20.215	69.026	-22.185	24.638	144.94	-40.178	25.042	92.026	-102.93	59.245	14.401	-135.69	44.582	26.372	-161.96	11.285
140.5	-2.2844	20.219	70.573	-21.671	23.549	146.86	-39.451	23.569	94.171	-102.07	58.559	16.409	-135.16	44.426	28.158	-161.36	11.197
140.51	-2.2795	20.214	71.982	-21.061	22.495	148.57	-38.664	22.079	96.254	-101.11	57.89	18.369	-134.58	44.282	30.024	-160.94	11.139
140.51	-2.2874	20.213	73.464	-20.406	21.355	150.15	-37.695	20.6	98.26	-100.14	57.293	20.28	-133.93	44.114	31.973	-160.63	11.139
140.51	-2.2874	20.212	74.84	-19.729	20.339	151.62	-36.705	19.177	100.18	-99.084	56.654	22.099	-133.25	43.858	33.656	-159.96	11.021
140.51	-2.29	20.222	76.244	-18.971	19.181	152.98	-35.605	17.787	102	-97.97	56.066	23.859	-132.5	43.619	35.492	-159.51	10.959
140.51	-2.2949	20.218	77.549	-18.199	18.118	154.26	-34.429	16.476	103.77	-96.827	55.476	25.603	-131.71	43.401	37.223	-158.88	10.869
140.5	-2.2978	20.212	78.878	-17.391	16.985	155.43	-33.19	15.169	105.48	-95.669	54.909	27.265	-130.85	43.114	38.957	-158.32	10.742
140.49	-2.305	20.216	80.14	-16.547	15.929	156.51	-31.885	13.924	107.15	-94.426	54.349	28.93	-129.95	42.901	40.53	-157.44	10.635
140.49	-2.3095	20.212	81.429	-15.626	14.935	157.3	-30.697	12.431	108.79	-93.171	53.873	30.504	-129.03	42.629	42.186	-156.77	10.509
140.48	-2.3152	20.216	82.655	-14.73	13.962	158.65	-29.19	11.605	110.37	-91.868	53.341	32.112	-128.06	42.371	43.75	-155.86	10.359
140.47	-2.3118	20.212	83.947	-13.828	13.069	159.34	-27.975	10.195	111.94	-90.584	52.859	33.67	-127.08	42.107	45.348	-155.02	10.248
140.46	-2.3156	20.221	85.207	-12.816	12.194	160.66	-26.447	9.4208	113.54	-89.282	52.45	35.233	-126.04	41.925	46.912	-153.98	10.149
140.45	-2.3101	20.22	86.449	-11.798	11.34	161.65	-25.092	8.3929	115.07	-88.013	51.975	36.77	-125.02	41.684	48.483	-153.18	10.032
140.45	-2.3121	20.215	87.713	-10.787	10.646	162.63	-23.709	7.3883	116.63	-86.694	51.458	38.328	-123.96	41.464	49.952	-152.13	9.8761
140.45	-2.3119	20.215	88.965	-9.7221	9.8733	163.66	-22.383	6.4781	118.19	-85.399	51.104	39.807	-122.93	41.289	51.437	-151.07	9.7737
140.46	-2.3056	20.224	90.253	-8.6756	9.2665	164.65	-21.076	5.5255	119.69	-84.175	50.664	41.329	-121.83	41.086	52.916	-150.11	9.6695
140.45	-2.2969	20.211	91.558	-7.5921	8.6179	165.62	-19.806	4.6785	121.2	-82.955	50.268	42.8	-120.74	40.848	54.397	-149.16	9.4703
140.46	-2.3005	20.216	92.888	-6.5596	7.992	166.55	-18.565	3.755	122.69	-81.731	49.912	44.217	-119.65	40.648	55.836	-148.09	9.3869
140.46	-2.2981	20.218	94.305	-5.4541	7.3764	167.44	-17.32	2.8983	124.14	-80.528	49.545	45.629	-118.56	40.436	57.202	-146.99	9.0815
140.47	-2.2925	20.214	95.694	-4.5056	6.8624	168.23	-16.082	2.0562	125.56	-79.338	49.208	47.015	-117.45	40.172	58.563	-145.91	9.0171
140.48	-2.2881	20.219	97.131	-3.3873	6.0834	168.84	-14.858	1.1411	126.94	-78.148	48.896	48.35	-116.34	39.944	59.92	-144.84	8.7796
140.49	-2.2897	20.212	98.651	-2.4015	5.3006	169.21	-13.574	0.13074	128.29	-76.946	48.635	49.654	-115.27	39.685	61.264	-143.83	8.6469
140.5	-2.2855	20.218	100.18	-1.5127	4.7653	169.29	-12.2	-0.94808	129.61	-75.738	48.381	50.919	-114.17	39.433	62.594	-142.85	8.4303
140.49	-2.2895	20.213	101.71	-0.51353	3.8037	168.64	-10.986	-2.5105	130.9	-74.525	48.116	52.116	-113.12	39.228	63.931	-141.9	8.2958
140.51	-2.292	20.218	103.31	0.37461	3.0028	168.55	-9.3424	-3.2773	132.17	-73.312	47.868	53.331	-112.08	39.008	65.19	-140.93	8.0855
140.51	-2.2896	20.208	104.9	1.2817	2.0118	167.76	-7.8081	-4.3974	133.37	-72.077	47.646	54.474	-111.11	38.805	66.397	-140.03	7.9655
140.51	-2.2944	20.217	106.54	2.0121	1.2032	166.22	-6.4735	-6.0325	134.59	-70.809	47.458	55.644	-110.14	38.643	67.625	-139.03	7.7673
140.5	-2.2891	20.215	108.25	2.7615	0.32231	165.38	-4.6954	-6.7241	135.72	-69.539	47.353	56.767	-109.26	38.495	68.773	-138.17	7.6718
140.5	-2.2994	20.224	109.99	3.4462	-0.53319	163.85	-3.1488	-7.8865	136.84	-68.225	47.195	57.877	-108.36	38.43	69.949	-137.25	7.651
140.48	-2.2968	20.215	111.77	4.0638	-1.4376	161.56	-1.9725	-9.5895	137.96	-66.921	47.086	58.976	-107.56	38.337	71.149	-136.5	7.6459
140.21	-2.0661	20.205	113.58	4.6071	-2.2315	160.92	-0.052426	-9.5177	138.84	-65.906	46.706	60.121	-106.77	38.331	72.379	-135.8	7.6776
139.14	-1.1734	20.206	115.21	4.9058	-3.2937	160.17	1.0439	-9.9562	139.88	-64.804	46.769	61.232	-106.05	38.333	73.548	-135.1	7.6848
137.84	-0.21991	20.203	117.04	5.2047	-4.0854	159.35	2.0159	-10.282	140.96	-63.906	46.854	62.359	-105.33	38.379	74.669	-134.33	7.7496
136.91	0.72401	20.307	118.35	4.9201	-5.5353	158.58	2.9719	-10.642	142.14	-62.979	46.986	63.491	-104.67	38.422	75.941	-133.72	7.8939
136.46	1.3902	20.313	119.09	5.5263	-5.8386	158.16	3.9555	-10.733	143.3	-62.139	47.182	64.675	-104.05	38.567	77.101	-133.03	7.9442
137.48	2.1804	20.287	119.92	6.2827	-5.6588	158.93	4.8663	-10.5	144.48	-61.338	47.514	65.882	-103.51	38.761	78.453	-132.56	8.1613
139.31	2.9064	20.228	121.13	6.8808	-5.3212	159.95	5.5747	-10.462	145.62	-60.541	47.826	67.191	-103.05	39.01	79.725	-131.93	8.3174
141.32	3.4535	20.356	122.41	7.4314	-5.0524	161.19	6.0506	-10.368	146.9	-59.76	48.113	68.597	-102.64	39.261	81.139	-131.53	8.5912
143.3	3.8738	20.463	123.98	7.8112	-4.628	162.63	6.4802	-10.064	148.34	-59.201	48.594	69.976	-102.2	39.557	82.554	-131.05	8.8524
145.12	4.1223	20.604	125.65	8.1903	-4.4214	164.17	6.7979	-9.6879	149.81	-58.757	49.094	71.373	-101.7	39.9	83.947	-130.53	9.2202
146.73	4.332	21.032	127.37	8.5086	-4.0361	165.85	7.1892	-9.0576	151.35	-58.435	49.588	72.813	-101.25	40.25	85.415	-130.08	9.5471
148.21	4.6297	21.702	129.13	8.845	-3.5512	167.61	7.571	-8.2806	153.02	-58.159	50.191	74.387	-100.87	40.568	87.008	-129.7	9.8717
149.65	4.8973	22.5	131.01	9.1262	-2.7955	169.48	7.9176	-7.3299	154.78	-57.993	50.806	76.134	-100.58	40.944	88.707	-129.37	10.191
151.37	5.1884	23.329	133	9.4335	-2.0484	171.43	8.252	-6.4728	156.62	-57.915	51.405	77.989	-100.35	41.364	90.591	-129.2	10.538
153.35	5.3657	24.215	135.09	9.6766	-1.1664	173.51	8.4996	-5.5424	158.62	-57.864	52.123	79.927	-100.15	41.839	92.374	-128.88	10.814
155.61	5.4655	25.08	137.32	9.8449	-0.33584	175.73	8.6648	-4.6049	160.69	-57.835	52.832	81.919	-99.943	42.326	94.271	-128.57	11.266
158	5.4468	25.965	139.68	10.025	0.6968	178.09	8.8453	-3.6186	162.8	-57.883	53.523	83.954	-99.785	42.81	96.281	-128.41	11.679
160.45	5.4441	26.911	142.11	10.122	1.6874	180.48	8.8961	-2.7125	165.03	-57.944	54.293	86.073	-99.632	43.391	98.227	-128.17	12.213
162.96	5.401	27.904	144.66	10.194	2.6144	182.98	8.9201	-1.7232	167.3	-58.058	55.058	88.249	-99.479	43.99	100.35	-128.01	12.72
165.5	5.3382	28.845	147.72	10.637	4.1817	185.66	8.9437	-0.62268	169.6	-58.158	55.906	90.467	-99.359	44.555	102.48	-127.84	13.285
168.16	5.2934	29.872	149.99	10.264	4.42	188.34	8.8874	0.38635	171.97	-58.316	56.708	92.741	-99.224	45.089	104.77	-127.87	13.782
170.87	5.1423	30.854	152.81	10.172	5.3354	191.21	8.8043	1.4167	174.45	-58.457	57.629	95.057	-99.067	45.653	106.98	-127.62	14.356
173.7	4.9948	31.739	155.74	10.123	6.1923	194.15	8.6885	2.3877	176.91	-58.619	58.439	97.416	-98.931	46.198	109.34	-127.61	15.042
176.55	4.791	32.579	158.76	9.9405	7.0425	197.17	8.5154	3.3256	179.44	-58.831	59.257	99.834	-98.787	46.741	111.48	-127.28	15.567
179.54	4.6061	33.445	161.84	9.7573	7.8802	200.2	8.2516	4.2194	182.05	-59.011	60.148	102.29	-98.625	47.268	113.99	-127.34	16.155
182.54	4.3583	34.234	165	9.5944	8.4181	203.37	7.9894	5.1335	184.64	-59.204	60.895	104.79	-98.459	47.791	116.45	-127.28	16.725
185.63	4.0918	34.934	168.2	9.3636	9.1882	206.62	7.6844	5.9307	187.35	-59.447	61.652	107.31	-98.303	48.286	119	-127.39	17.242
188.75	3.7989	35.656	171.47	9.1459	9.8019	209.94	7.3969	6.7302	190.05	-59.739	62.323	109.88	-98.142	48.792	121.36	-127.13	17.748
191.96	3.491	36.313	174.73	8.9234	10.403	213.19	7.0487	7.4949	192.87	-60.022	62.977	112.48	-97.983	49.225	123.84	-127.02	18.219
195.21	3.1586	36.902	178.04	8.6848	10.848	216.52	6.6502	8.0538	195.67	-60.354	63.511	115.11	-97.838	49.6	126.35	-126.96	18.628
198.45	2.7951	37.409	181.37	8.3325	11.443	219.11	5.8623	7.8911	198.52	-60.684	64.023	117.79	-97.685	50.031	128.85	-126.86	19.073
201.79	2.4435	37.919	184.69	8.1005	11.937	222.5	5.4834	8.3647	201.44	-61.034	64.531	120.45	-97.594	50.44	131.46	-126.98	19.548
205.04	2.0462	38.308	188.01	7.8583	12.193	226.46	5.4456	9.5032	204.36	-61.43	64.824	123.15	-97.443	50.788	133.99	-126.94	19.818
208.33	1.6339	38.697	191.32	7.4555	12.873	229.74	5.0641	9.9658	207.27	-61.825	65.11	125.83	-97.346	51.105	136.3	-126.62	20.055
211.64	1.2537	39.033	194.58	7.2053	13.04	232.32	4.2468	9.4578	210.17	-62.163	65.322	128.51	-97.214	51.431	138.69	-126.55	20.248
214.89	0.86257	39.324	197.79	6.9848	13.217	236.23	4.2879	10.519	212.99	-62.553	65.535	131.14	-97.112	51.671	141.13	-126.4	20.532
218.05	0.49596	39.511	200.98	6.573	13.615	239.38	3.901	10.721	215.86	-62.881	65.674	133.77	-96.978	51.876	143.55	-126.35	20.688
221.21	0.099892	39.664	204.1	6.3197	13.728	242.54	3.5568	10.858	218.61	-63.219	65.749	136.34	-96.852	52.038	145.94	-126.25	20.869
224.29	-0.22212	39.761	207.17	6.0745	13.811	244.91	2.7856	10.124	221.34	-63.469	65.83	138.87	-96.701	52.148	148.25	-126.26	20.987
227.3	-0.51909	39.79	210.19	5.8279	13.881	248.59	2.8578	10.881	223.99	-63.663	65.861	141.36	-96.55	52.234	150.55	-126.1	21.005
230.2	-0.82543	39.649	213.14	5.5798	13.572	250.84	2.0808	9.9653	226.56	-63.819	65.86	143.81	-96.331	52.211	152.86	-126.05	21.15
233.02	-1.0732	39.449	216.04	5.2272	13.463	253.76	1.7961	9.8882	229.06	-63.953	65.852	146.17	-96.113	52.157	155.02	-125.96	21.006
235.76	-1.2889	39.207	218.87	5.0029	13.256	257.34	1.9653	10.582	231.47	-64.027	65.731	148.48	-95.86	52.047	157.24	-125.82	21.116
238.44	-1.4971	38.962	221.63	4.7985	12.893	260.11	1.6604	10.329	233.81	-64.102	65.607	150.73	-95.594	51.923	159.32	-125.65	20.989
241.07	-1.6608	38.653	224.34	4.5286	12.396	262.12	0.9789	9.2721	236.11	-64.09	65.476	152.93	-95.315	51.758	161.43	-125.55	20.9
243.61	-1.8156	38.327	226.96	4.2685	12.037	264.73	0.70115	8.875	238.35	-64.116	65.324	155.07	-95.019	51.513	163.56	-125.43	20.789
246.11	-1.9587	37.875	229.51	4.0874	11.751	267.38	0.51594	8.6286	240.55	-64.118	65.098	157.18	-94.725	51.27	165.68	-125.58	20.804
248.52	-2.0927	37.458	232.02	3.9208	11.143	270.57	0.67569	9.0339	242.66	-64.137	64.78	159.25	-94.43	50.959	167.4	-125.09	20.505
250.93	-2.2208	37.005	234.47	3.6431	10.613	272.4	0.017122	7.8111	244.81	-64.118	64.526	161.26	-94.164	50.626	169.34	-124.97	20.276
253.23	-2.3893	36.459	236.89	3.436	10.023	275.46	0.1707	8.1352	246.85	-64.127	64.141	163.22	-93.87	50.32	171.12	-124.77	20.05
255.56	-2.5264	35.958	239.22	3.2094	9.481	277.16	-0.4944	6.7946	248.84	-64.183	63.731	165.13	-93.58	49.978	172.92	-124.62	19.8
257.77	-2.7586	35.311	241.47	3.1204	8.9288	280.08	-0.36941	7.0332	250.84	-64.265	63.273	166.97	-93.299	49.634	174.62	-124.4	19.566
260.03	-2.9308	34.82	243.69	2.77	8.4324	282.27	-0.67081	6.5275	252.83	-64.381	62.835	168.78	-93.023	49.282	176.42	-124.59	19.264
262.11	-3.2215	34.238	245.82	2.6948	7.7313	284.45	-0.89982	5.9694	254.71	-64.528	62.327	170.51	-92.767	48.912	177.96	-124.44	18.854
264.25	-3.4079	33.784	247.84	2.5308	7.364	285.96	-1.4658	4.7857	256.54	-64.678	61.778	172.18	-92.529	48.554	179.25	-123.83	18.383
266.25	-3.6403	33.21	249.78	2.3767	6.9558	287.8	-1.767	4.1699	258.23	-64.816	61.222	173.76	-92.289	48.164	180.6	-123.62	18.062
268.17	-3.7822	32.74	251.64	2.2709	6.4087	290.29	-1.5877	4.3913	259.89	-64.889	60.74	175.26	-92.039	47.751	182.16	-123.82	17.758
269.9	-3.9763	32.13	253.39	2.1291	5.8467	291.46	-2.1321	3.0643	261.44	-64.967	60.258	176.69	-91.794	47.35	183.31	-123.16	17.289
271.54	-4.0448	31.674	255.02	2.0716	5.274	293.67	-1.9267	3.2173	262.88	-64.984	59.659	178.04	-91.511	46.91	184.47	-122.95	16.928
273.09	-4.0693	31.054	256.53	2.0608	4.7887	295.19	-1.997	2.6108	264.24	-64.939	59.187	179.33	-91.237	46.506	185.65	-122.79	16.423
274.51	-4.0657	30.425	257.93	1.9899	4.1832	296.62	-2.0182	2.0319	265.55	-64.821	58.658	180.52	-90.934	46.027	186.72	-122.55	16
275.85	-3.9878	29.769	259.21	2.1022	3.6274	297.92	-2.0067	1.331	266.72	-64.657	58.087	181.67	-90.634	45.575	187.76	-122.31	15.617
277.04	-3.9014	29.083	260.4	2.1692	2.8664	299.16	-1.9388	0.70019	267.84	-64.424	57.584	182.72	-90.306	45.085	188.72	-122.14	15.333
278.13	-3.7349	28.375	261.47	2.2739	2.0343	300.21	-1.8692	-0.13706	268.88	-64.161	56.944	183.71	-89.969	44.602	189.71	-121.86	14.825
279.13	-3.5098	27.562	262.41	2.3375	1.3735	300.59	-2.0882	-1.676	269.81	-63.834	56.352	184.62	-89.617	44.084	190.6	-121.62	14.523
280	-3.2413	26.666	263.26	2.4549	0.48626	302.06	-1.5235	-1.8072	270.69	-63.461	55.724	185.47	-89.268	43.584	191.3	-121.42	14.017
280.8	-2.8898	25.748	263.97	2.692	-0.61462	302.67	-1.4319	-2.8937	271.51	-63.023	55.027	186.26	-88.918	43.064	192.08	-121.17	13.618
281.39	-2.6037	24.661	264.56	2.8521	-1.5297	303.3	-1.2059	-3.9041	272.22	-62.556	54.297	186.97	-88.563	42.502	192.74	-120.95	13.208
281.96	-2.1951	23.66	265.1	3.0099	-2.655	303.84	-0.91905	-5.008	272.91	-62.053	53.547	187.61	-88.223	41.908	193.36	-120.73	12.783
282.44	-1.7829	22.536	265.51	3.2765	-3.8386	304.32	-0.65537	-6.2474	273.56	-61.497	52.728	188.21	-87.843	41.319	193.91	-120.5	12.321
283.09	-1.176	21.636	265.81	3.4042	-5.0315	304.7	-0.36067	-7.5213	274.07	-60.944	51.85	188.75	-87.459	40.718	194.71	-120.67	12.021
284.13	-0.3774	21.521	266.08	3.8028	-5.3044	304.6	-0.59823	-9.4009	274.62	-60.476	50.999	189.21	-87.097	40.069	194.84	-120.07	11.442
284.36	-0.0052776	21.54	266.38	4.2226	-5.6057	304.92	-0.12212	-10.116	275.15	-60.283	50.134	189.58	-86.745	39.395	195.17	-119.85	10.857
284.68	0.45388	21.532	266.53	4.5699	-5.7656	306.13	0.73308	-9.5382	275.61	-60.175	49.523	189.92	-86.444	38.814	195.5	-119.65	10.281
284.96	0.77499	21.604	266.77	4.7545	-5.936	306.48	0.93256	-10.033	276.03	-60.164	48.911	190.23	-86.328	38.336	196.09	-119.84	9.9007
285.28	0.85592	21.588	266.97	5.0759	-6.1146	306.02	0.51863	-11.612	276.37	-60.163	48.317	190.56	-86.311	37.878	196.03	-119.35	9.2848
285.57	0.92794	21.576	267.18	5.2029	-6.347	307.2	1.0563	-10.958	276.67	-60.161	47.846	190.9	-86.191	37.495	196.26	-119.14	8.8189
285.81	1.0272	21.641	267.34	5.3932	-6.5843	306.59	0.36942	-12.567	276.91	-60.162	47.472	191.12	-85.983	37.181	196.34	-119.05	8.5707
285.96	1.0661	21.66	267.48	5.4719	-6.511	307.72	0.90123	-11.783	277.04	-60.165	47.222	191.18	-85.786	36.873	196.29	-118.94	8.266
286.12	1.1325	21.606	267.62	5.5125	-6.7237	307.1	0.27359	-13.044	277.11	-60.139	47.067	191.17	-85.641	36.676	196.36	-118.83	8.1437
286.25	1.1735	21.581	267.7	5.5831	-6.8237	307.28	0.14008	-13.159	277.13	-60.084	47.04	191.15	-85.496	36.545	196.62	-119.18	8.1442
286.35	1.1989	21.572	267.77	5.6046	-6.9747	307.38	-0.00069506	-13.271	277.07	-60.023	47.069	191.13	-85.327	36.42	196.57	-119.1	8.1439
286.42	1.2145	21.557	267.79	5.5985	-6.9242	307.45	-0.086215	-13.317	277.01	-59.97	47.144	191.06	-85.153	36.355	196.29	-118.63	8.0548
286.44	1.2113	21.559	267.79	5.5728	-6.959	307.52	-0.19023	-13.344	276.93	-59.928	47.23	190.96	-85.022	36.355	196.21	-118.52	8.1295
286.44	1.2113	21.562	267.78	5.5605	-6.9632	308.46	0.28448	-12.193	276.85	-59.888	47.314	190.81	-84.895	36.376	196.13	-118.43	8.2772
286.44	1.2087	21.571	267.76	5.5542	-6.9806	308.5	0.16158	-12.228	276.74	-59.843	47.419	190.67	-84.788	36.422	195.97	-118.33	8.4422
286.44	1.1927	21.558	267.72	5.5247	-6.9947	307.67	-0.54688	-13.422	276.6	-59.837	47.487	190.51	-84.694	36.474	195.78	-118.27	8.5492
286.43	1.1872	21.563	267.68	5.5038	-7.0093	308.59	-0.15828	-12.336	276.42	-59.798	47.54	190.31	-84.561	36.501	195.54	-118.27	8.6313
286.42	1.1788	21.579	267.58	5.4601	-7.1005	308.72	-0.36466	-12.433	276.19	-59.746	47.503	190.08	-84.401	36.495	195.32	-118.21	8.6496
286.42	1.1726	21.572	267.45	5.4333	-7.3625	309.02	-0.45183	-12.355	275.98	-59.621	47.502	189.83	-84.241	36.477	195.1	-118.1	8.7871
286.4	1.1705	21.572	267.25	5.4535	-7.5954	309.22	-0.56827	-12.425	275.71	-59.45	47.445	189.54	-84.089	36.41	194.91	-118.05	8.9558
286.57	1.2482	21.651	267.05	5.0262	-8.3175	309.44	-0.84302	-12.646	275.4	-59.281	47.355	189.28	-83.916	36.348	194.56	-118.12	8.9038
286.57	1.2516	21.659	266.62	4.7152	-9.433	309.77	-1.1364	-12.94	275.05	-59.022	47.272	188.96	-83.754	36.235	194.32	-118.08	8.9691
286.57	1.2572	21.654	266.05	4.6632	-10.318	310.36	-1.5665	-13.29	274.63	-58.718	47.018	188.62	-83.592	36.04	194.07	-118.04	9.071
286.56	1.2649	21.652	265.48	4.6215	-10.785	311.18	-2.1334	-13.756	274.2	-58.455	46.649	188.26	-83.338	35.744	193.76	-118.13	9.1209
286.56	1.2713	21.652	264.77	4.7058	-11.072	312.11	-2.7106	-13.949	273.88	-58.205	46.304	187.84	-83.118	35.454	193.39	-118.16	9.0788
286.56	1.2757	21.655	263.98	4.8457	-11.694	313.06	-3.2798	-13.966	273.44	-58.149	45.882	187.38	-83.023	35.196	193.06	-118.25	8.9746
286.54	1.2874	21.652	263.17	4.9309	-12.169	314.03	-3.7982	-13.751	273	-58.104	45.623	186.9	-83.102	34.961	192.65	-118.36	8.79
286.53	1.3056	21.643	262.42	4.8018	-12.29	315	-4.5179	-13.513	272.53	-58.107	45.375	186.48	-83.178	34.775	192.31	-118.44	8.7639
286.52	1.3185	21.642	261.7	4.7529	-12.161	316.02	-5.3436	-13.02	271.97	-58.2	45.19	186.03	-83.233	34.584	191.76	-118.66	8.575
286.51	1.3289	21.641	260.92	4.7838	-12.317	316.96	-6.2915	-12.474	271.38	-58.318	45.153	185.5	-83.305	34.506	191.29	-118.8	8.5771
286.49	1.3514	21.644	260.07	4.6962	-12.069	317.89	-7.1972	-11.542	270.74	-58.533	45.237	184.82	-83.402	34.445	190.68	-119	8.6233
286.47	1.3747	21.646	259.18	4.544	-11.75	318.65	-8.1775	-10.602	269.95	-58.826	45.395	184.08	-83.59	34.544	190.06	-119.23	8.6711
286.45	1.3848	21.649	258.24	4.4136	-11.49	319.45	-9.1656	-9.2832	269.15	-59.17	45.649	183.34	-83.805	34.699	189.43	-119.45	8.9352
286.43	1.4091	21.653	257.26	4.2881	-11.131	320.06	-10.226	-8.0655	268.36	-59.532	45.984	182.58	-84.069	34.908	188.65	-119.76	9.1265
286.4	1.423	21.652	256.22	4.1462	-10.539	320.61	-11.276	-6.6534	267.51	-60.017	46.313	181.78	-84.391	35.175	187.87	-120.1	9.3752
286.37	1.446	21.657	255.14	3.9513	-9.8184	320.93	-12.415	-5.3964	266.59	-60.585	46.72	180.89	-84.789	35.484	187.03	-120.4	9.6871
286.34	1.4622	21.659	254.03	3.7049	-8.9457	321.03	-13.391	-4.0814	265.64	-61.168	47.08	179.95	-85.214	35.842	186.13	-120.74	9.8956
286.3	1.4863	21.664	252.91	3.402	-7.9504	320.97	-14.401	-2.7662	264.64	-61.833	47.53	178.96	-85.698	36.305	185.18	-121.14	10.27
286.27	1.4987	21.663	251.71	3.1209	-7.0242	320.7	-15.447	-1.5846	263.57	-62.522	48.051	177.89	-86.182	36.763	184.01	-121.47	10.55
286.29	1.4999	21.664	250.48	2.8432	-6.0577	320.34	-16.471	-0.34619	262.42	-63.283	48.616	176.73	-86.708	37.278	182.92	-121.82	10.95
286.3	1.4836	21.659	249.18	2.5393	-5.1024	319.73	-17.432	0.88144	261.18	-64.028	49.133	175.47	-87.241	37.836	181.64	-122.23	11.26
286.31	1.4748	21.659	247.81	2.2048	-3.9556	318.97	-18.433	2.0092	259.83	-64.848	49.655	174.11	-87.777	38.418	180.22	-122.64	11.616
286.32	1.461	21.647	246.42	1.8469	-2.9202	317.98	-19.407	3.1043	258.38	-65.651	50.281	172.64	-88.346	39.022	178.82	-123.01	12.009
286.33	1.4486	21.648	244.94	1.4055	-1.7276	316.85	-20.229	4.2866	256.81	-66.382	51.037	171.05	-88.914	39.613	177.26	-123.47	12.361
286.34	1.4513	21.657	243.42	0.96289	-0.67309	315.52	-21.047	5.3354	255.12	-67.17	51.623	169.35	-89.462	40.257	175.69	-123.88	12.888
286.35	1.4439	21.657	241.83	0.50413	0.5781	313.87	-21.792	6.3572	253.32	-67.913	52.435	167.53	-90.009	40.908	173.9	-124.2	13.439
286.36	1.4399	21.648	240.13	0.023724	1.837	312.09	-22.455	7.3597	251.35	-68.665	53.211	165.57	-90.572	41.55	171.97	-124.56	13.876
286.36	1.4415	21.663	238.34	-0.41554	2.9788	310.07	-23.07	8.3166	249.26	-69.41	53.971	163.51	-91.156	42.215	170.07	-125.05	14.326
286.36	1.441	21.647	236.45	-0.91977	4.3613	307.91	-23.526	9.3498	247.05	-70.138	54.723	161.32	-91.747	42.823	168.17	-125.7	14.942
286.36	1.4515	21.653	234.43	-1.3066	5.5123	305.54	-23.938	10.3	244.73	-70.839	55.522	159.02	-92.361	43.476	165.87	-125.83	15.216
286.35	1.4517	21.653	232.3	-1.7265	6.8352	303.03	-24.27	11.213	242.23	-71.548	56.225	156.62	-92.984	44.075	163.51	-126.26	15.563
286.33	1.4601	21.657	230.01	-2.0621	8.0879	300.28	-24.463	12.054	239.72	-72.203	56.986	154.11	-93.639	44.662	161.19	-126.62	16.02
286.33	1.4702	21.66	227.57	-2.3822	9.3855	297.4	-24.668	12.823	237.02	-72.85	57.606	151.49	-94.301	45.234	158.63	-127.09	16.357
286.31	1.4795	21.651	225.03	-2.7087	10.526	294.39	-24.756	13.501	234.25	-73.411	58.202	148.79	-94.975	45.803	156.24	-127.83	16.866
286.29	1.4992	21.664	222.3	-3.0116	11.715	291.17	-24.721	14.105	231.38	-73.927	58.734	145.99	-95.645	46.32	153.56	-127.91	17.128
286.27	1.5087	21.667	219.7	-2.7177	13.056	287.85	-24.634	14.663	228.6	-74.129	59.571	143.1	-96.317	46.856	150.82	-128.33	17.452
286.26	1.5155	21.665	216.71	-2.8056	13.964	284.33	-24.41	15.067	225.55	-74.507	59.982	140.13	-97.005	47.356	147.98	-128.82	17.727
286.28	1.505	21.658	213.56	-2.9811	14.748	280.66	-24.108	15.359	222.41	-74.813	60.281	137.07	-97.684	47.847	145.3	-129.49	18.216
286.29	1.5	21.663	210.24	-3.1233	15.479	276.81	-23.728	15.457	219.25	-75.024	60.598	133.94	-98.377	48.337	142.14	-129.72	18.503
286.3	1.481	21.671	206.8	-3.1554	16.017	272.91	-23.267	15.682	215.94	-75.248	60.939	130.74	-99.066	48.783	139.13	-130.07	18.66
286.3	1.4739	21.658	203.21	-3.1357	16.336	268.77	-22.746	15.695	212.58	-75.424	61.13	127.47	-99.76	49.253	136.07	-130.58	19.007
286.32	1.4728	21.666	199.49	-3.218	16.727	264.47	-22.123	15.693	209.16	-75.525	61.302	124.11	-100.48	49.678	132.86	-131.05	19.178
286.32	1.4703	21.663	195.66	-3.1458	16.945	259.86	-21.395	15.642	205.63	-75.613	61.55	120.73	-101.22	50.086	129.71	-131.48	19.506
286.32	1.4633	21.649	191.76	-3.1733	17.358	255.09	-20.548	15.574	202.02	-75.694	61.769	117.27	-101.98	50.466	126.4	-131.92	19.709
286.32	1.4732	21.655	187.83	-3.1005	17.509	250.1	-19.607	15.468	198.38	-75.691	61.91	113.78	-102.73	50.834	123.09	-132.57	19.916
286.31	1.477	21.664	183.77	-3.0891	17.691	244.8	-18.536	15.256	194.65	-75.728	62.039	110.23	-103.5	51.174	119.66	-132.83	20.076
286.31	1.4767	21.661	179.58	-3.0014	17.789	239.36	-17.448	15.081	190.84	-75.693	62.233	106.58	-104.27	51.464	116.2	-133.31	20.224
286.3	1.4835	21.659	175.37	-3.0896	18.123	233.63	-16.291	14.761	186.95	-75.681	62.342	102.9	-105.07	51.767	112.63	-133.81	20.385
286.3	1.4835	21.659	171.06	-3.0357	18.249	286.29	1.4901	21.659	183.07	-75.635	62.41	99.16	-105.85	52.033	109.05	-134.22	20.365
221.51	-13.835	13.986	166.69	-3.0099	18.302	286.28	1.5018	21.669	179.06	-75.566	62.481	95.35	-106.65	52.276	105.4	-134.67	20.479
221.51	-13.835	13.986	162.24	-2.9562	18.329	286.26	1.5123	21.676	175.01	-75.448	62.552	91.531	-107.41	52.514	101.73	-135.18	20.429
286.25	1.5222	21.68	157.71	-2.9069	18.283	NaN	NaN	NaN	170.93	-75.226	62.516	87.653	-108.15	52.698	97.98	-135.66	20.549
286.26	1.5175	21.67	153.03	-2.8051	18.099	NaN	NaN	NaN	166.81	-74.989	62.567	83.783	-108.88	52.885	94.309	-136.23	20.542
286.27	1.5104	21.67	148.29	-2.7873	18.075	NaN	NaN	NaN	162.65	-74.644	62.503	79.879	-109.62	53.017	90.609	-136.65	20.589
286.27	1.5108	21.657	143.46	-2.7077	17.894	NaN	NaN	NaN	158.42	-74.237	62.451	75.971	-110.31	53.177	86.86	-137.14	20.55
286.26	1.5175	21.67	138.56	-2.606	17.512	NaN	NaN	NaN	154.21	-73.733	62.366	72.042	-111.01	53.241	83.05	-137.51	20.62
286.26	1.5175	21.67	133.5	-2.5039	17.288	NaN	NaN	NaN	149.72	-73.43	61.921	68.137	-111.7	53.379	79.251	-137.95	20.558
286.26	1.5243	21.67	128.4	-2.3703	16.828	NaN	NaN	NaN	145.34	-72.867	61.77	64.192	-112.38	53.459	75.459	-138.37	20.59
286.26	1.5177	21.67	123.18	-2.2915	16.465	NaN	NaN	NaN	141.03	-72.269	61.647	60.251	-113.04	53.54	71.764	-138.93	20.488
286.27	1.511	21.657	117.95	-2.2062	15.971	NaN	NaN	NaN	136.63	-71.662	61.442	56.339	-113.67	53.526	68.022	-139.33	20.575
286.27	1.5131	21.66	112.71	-2.0917	15.566	NaN	NaN	NaN	132.21	-71.046	61.28	52.431	-114.34	53.569	64.243	-139.77	20.432
286.27	1.5055	21.665	107.42	-2.0227	15.288	NaN	NaN	NaN	127.77	-70.511	60.988	48.511	-114.97	53.588	60.475	-140.21	20.392
286.26	1.5033	21.66	102.1	-1.9697	15.021	NaN	NaN	NaN	123.41	-69.955	60.776	44.605	-115.63	53.504	56.665	-140.62	20.3
286.27	1.5108	21.672	96.843	-1.8447	14.792	NaN	NaN	NaN	118.96	-69.475	60.463	40.721	-116.27	53.52	52.913	-140.98	20.124
286.27	1.5092	21.669	91.304	-1.6827	14.616	116.35	0.83757	3.0333	114.59	-69.003	60.217	36.833	-116.89	53.438	49.194	-141.48	19.869
286.27	1.5058	21.664	85.501	-1.5099	14.477	110.55	1.1731	2.6685	110.17	-68.664	59.921	32.964	-117.54	53.391	45.423	-141.9	19.784
286.26	1.5058	21.662	79.974	-1.2987	14.285	104.91	1.6475	2.3166	105.81	-68.252	59.646	29.137	-118.16	53.304	41.682	-142.26	19.596
286.27	1.508	21.667	74.575	-1.2033	14.165	99.417	1.9317	1.9703	101.44	-67.888	59.262	25.3	-118.79	53.224	38.017	-142.74	19.447
286.26	1.501	21.67	69.279	-1.162	14.063	93.969	2.2119	1.6099	97.148	-67.541	58.958	21.539	-119.37	53.11	34.36	-143.15	19.236
286.25	1.5073	21.683	64.076	-1.1018	13.783	88.344	2.7325	3.6465	92.88	-67.207	58.639	17.755	-119.86	52.932	30.725	-143.54	19.059
286.25	1.5077	21.67	58.9	-1.0518	13.593	83.04	2.9497	3.2648	88.608	-66.9	58.323	14.038	-120.38	52.762	27.169	-143.95	18.803
286.26	1.517	21.668	53.77	-1.0453	13.278	77.875	3.1455	2.8155	84.44	-66.538	58.066	10.343	-120.86	52.562	23.668	-144.3	18.616
286.25	1.5072	21.668	48.83	-1.0102	13.012	72.881	3.322	2.3894	80.267	-66.198	57.757	6.7227	-121.33	52.357	20.241	-144.68	18.373
286.25	1.5208	21.678	43.954	-0.99928	12.494	68.009	3.5216	2.0518	76.153	-65.866	57.443	3.1804	-121.77	52.099	16.809	-144.99	18.068
286.25	1.5144	21.667	39.252	-1.0452	12.184	63.183	3.576	1.4946	72.09	-65.538	57.097	-0.31484	-122.15	51.836	13.552	-145.34	17.758
286.25	1.5197	21.677	34.607	-1.0854	11.622	58.522	3.7116	1.0749	68.131	-65.201	56.749	-3.7633	-122.51	51.579	10.292	-145.67	17.541
286.25	1.5187	21.674	30.106	-1.1158	11.209	53.978	3.8216	0.56305	64.283	-64.895	56.438	-7.1491	-122.89	51.274	7.1614	-145.91	17.308
286.25	1.5166	21.672	25.696	-1.2216	10.777	49.54	3.8926	0.087537	60.508	-64.56	56.152	-10.457	-123.21	50.936	4.0273	-146.26	16.915
286.25	1.5188	21.676	21.355	-1.2539	10.215	45.171	3.9336	-0.47285	56.816	-64.268	55.76	-13.637	-123.53	50.665	1.0747	-146.54	16.745
286.25	1.5188	21.676	17.203	-1.2588	9.7472	41.041	4.0818	-0.89301	53.222	-63.949	55.376	-16.74	-123.89	50.282	-1.8641	-146.84	16.292
286.26	1.5152	21.667	13.089	-1.3602	9.2259	36.917	4.1443	-1.3956	49.762	-63.652	55.05	-19.74	-124.22	49.974	-4.6502	-147.15	16.021
286.26	1.5103	21.674	9.1737	-1.4019	8.8209	32.903	4.1945	-1.9237	46.404	-63.339	54.696	-22.605	-124.52	49.635	-7.3076	-147.37	15.788
286.26	1.5102	21.662	5.3845	-1.4751	8.3652	29.092	4.3112	-2.3748	43.113	-63.069	54.333	-25.389	-124.83	49.199	-9.9239	-147.65	15.389
286.27	1.508	21.666	1.77	-1.552	7.97	25.5	4.4442	-2.8229	39.941	-62.786	54.012	-28.084	-125.12	48.833	-12.381	-147.91	15.054
286.26	1.5103	21.674	-1.6724	-1.656	7.5679	21.983	4.4542	-3.3351	36.917	-62.537	53.685	-30.663	-125.37	48.42	-14.781	-148.12	14.617
286.27	1.5127	21.673	-4.9614	-1.7016	6.97	18.722	4.5101	-3.7394	33.99	-62.311	53.375	-33.158	-125.62	47.978	-17.136	-148.33	14.207
286.26	1.503	21.66	-7.9688	-1.7663	6.6444	15.687	4.5578	-4.1617	31.143	-62.092	53.091	-35.556	-125.82	47.504	-19.312	-148.55	13.819
286.27	1.5057	21.677	-10.875	-1.8527	6.0915	12.803	4.5993	-4.5603	28.436	-61.969	52.777	-37.883	-125.98	47.016	-21.408	-148.66	13.347
286.26	1.5122	21.679	-13.573	-1.8744	5.6039	10.21	4.657	-4.8114	25.861	-61.807	52.494	-40.105	-126.14	46.52	-23.434	-148.83	12.794
286.26	1.5055	21.664	-16.084	-1.9222	5.1145	7.7076	4.6622	-5.2134	23.411	-61.687	52.193	-42.221	-126.26	45.993	-25.34	-148.95	12.408
286.27	1.5174	21.673	-18.451	-1.9807	4.6401	5.3838	4.6989	-5.5904	21.09	-61.592	51.893	-44.268	-126.38	45.409	-27.177	-149.07	11.773
286.27	1.5078	21.678	-20.648	-2.0507	4.1458	3.1744	4.6867	-6.0215	18.873	-61.513	51.562	-46.379	-126.26	45.117	-28.892	-149.18	11.419
286.26	1.515	21.68	-22.713	-2.0412	3.4537	1.2251	4.7071	-6.3881	16.8	-61.453	51.23	-48.248	-126.31	44.507	-30.472	-149.29	10.77
286.25	1.5075	21.684	-24.604	-2.1179	2.9706	-0.70499	4.7441	-6.9267	14.795	-61.349	50.869	-50.011	-126.34	43.895	-32.029	-149.4	10.164
286.26	1.5098	21.674	-26.446	-2.2423	2.4064	-2.438	4.6909	-7.384	12.893	-61.25	50.475	-51.687	-126.41	43.239	-33.419	-149.47	9.7029
286.26	1.5101	21.672	-28.134	-2.2388	1.6773	-4.0993	4.6676	-7.9911	11.094	-61.173	50.097	-53.25	-126.44	42.603	-34.851	-149.58	9.1194
286.26	1.5101	21.675	-29.744	-2.2729	0.92509	-5.6781	4.6074	-8.5178	9.3637	-61.06	49.678	-54.719	-126.45	41.962	-36.056	-149.58	8.6091
286.26	1.5126	21.676	-31.264	-2.3197	0.14418	-7.0665	4.6065	-9.0416	7.7493	-60.968	49.242	-56.124	-126.49	41.27	-37.237	-149.69	7.9943
286.26	1.5127	21.675	-32.686	-2.4142	-0.51631	-8.4487	4.5146	-9.6709	6.2317	-60.873	48.827	-57.363	-126.54	40.624	-38.33	-149.78	7.3983
286.26	1.5104	21.675	-33.983	-2.4876	-1.1195	-9.7302	4.5017	-10.275	4.7786	-60.77	48.369	-58.619	-126.54	39.952	-39.339	-149.85	6.8507
286.26	1.51	21.674	-35.236	-2.5352	-1.8624	-10.907	4.4819	-10.849	3.4573	-60.687	47.893	-59.718	-126.58	39.246	-40.336	-149.93	6.2404
286.26	1.5179	21.67	-36.389	-2.5102	-2.801	-11.927	4.4518	-11.365	2.2125	-60.631	47.393	-60.803	-126.6	38.51	-41.21	-150.01	5.625
286.27	1.5082	21.665	-37.406	-2.613	-3.4339	-12.919	4.3742	-12.022	1.0621	-60.596	46.911	-61.764	-126.63	37.816	-42.055	-150.05	4.967
286.26	1.5055	21.664	-38.298	-2.6064	-4.1793	-13.788	4.3029	-12.604	-0.018424	-60.55	46.449	-62.645	-126.65	37.106	-42.789	-150.13	4.2185
286.25	1.5077	21.67	-39.114	-2.699	-4.8702	-14.498	4.2461	-13.178	-1.0466	-60.545	46.005	-63.313	-126.87	36.019	-43.471	-150.2	3.6361
286.26	1.5062	21.663	-39.71	-2.7671	-5.4921	-15.049	4.1417	-13.713	-2.0323	-60.543	45.641	-64.109	-126.88	35.315	-44.04	-150.24	3.0403
286.26	1.513	21.665	-40.256	-2.7792	-6.2908	-15.479	4.023	-14.148	-2.9439	-60.579	45.335	-64.864	-126.84	34.549	-44.544	-150.29	2.3194
286.26	1.5098	21.674	-40.626	-2.9093	-6.9246	-15.7	3.9149	-14.527	-3.7354	-60.644	45.071	-65.586	-126.81	33.845	-45.013	-150.27	1.8739
286.26	1.5108	21.662	-40.838	-3.0131	-7.61	-15.792	3.7895	-14.923	-4.4795	-60.666	44.799	-66.262	-126.75	33.186	-45.445	-150.31	1.4312
286.26	1.5081	21.671	-40.95	-3.1173	-8.2701	-15.801	3.7055	-15.357	-5.1282	-60.748	44.595	-66.871	-126.65	32.498	-45.762	-150.31	0.9988
286.25	1.5079	21.671	-40.945	-3.1661	-8.9651	-15.729	3.5362	-15.719	-5.6804	-60.847	44.412	-67.427	-126.56	31.937	-46.028	-150.32	0.56054
286.25	1.5082	21.671	-40.851	-3.3131	-9.4032	-15.573	3.3518	-15.958	-6.1508	-60.926	44.293	-67.897	-126.48	31.302	-46.348	-150.33	0.22841
286.25	1.5144	21.67	-40.709	-3.331	-10.002	-15.316	3.2195	-16.188	-6.5165	-61.002	44.189	-68.291	-126.37	30.833	-46.543	-150.34	-0.035275
286.25	1.502	21.661	-40.641	-3.5378	-10.402	-15.116	3.1573	-16.414	-6.8166	-61.08	44.087	-68.636	-126.28	30.421	-46.674	-150.29	-0.23825
286.24	1.5086	21.674	-40.686	-3.7193	-11.168	-14.887	3.0138	-16.551	-7.0452	-61.145	44.03	-68.875	-126.2	30.073	-46.375	-150.13	-0.13651
286.24	1.5122	21.666	-40.507	-3.7862	-11.366	-14.684	2.9177	-16.66	-7.1857	-61.162	44.019	-69.071	-126.11	29.872	-46.867	-150.27	-0.56295
286.24	1.5116	21.665	-40.293	-3.7751	-11.434	-14.439	2.8978	-16.666	-7.266	-61.166	44.018	-69.2	-126.01	29.728	-46.92	-150.24	-0.59097
286.24	1.5116	21.678	-40.167	-3.7539	-11.596	-14.265	2.9166	-16.631	-7.2947	-61.149	44.055	-69.282	-125.91	29.646	-46.975	-150.22	-0.58099
286.24	1.5089	21.675	-40.008	-3.7168	-11.561	-14.099	2.9673	-16.528	-7.2813	-61.12	44.134	-69.329	-125.81	29.609	-47.032	-150.17	-0.55267
286.24	1.5139	21.682	-39.85	-3.6446	-11.478	-13.942	3.0379	-16.427	-7.2252	-61.098	44.204	-69.329	-125.72	29.593	-47.036	-150.11	-0.50643
286.25	1.5085	21.668	-39.714	-3.5221	-11.488	-13.751	3.1335	-16.269	-7.1382	-61.056	44.285	-69.3	-125.63	29.592	-47.025	-150.05	-0.49983
286.26	1.515	21.665	-39.558	-3.4258	-11.39	-13.575	3.2369	-16.151	-7.0242	-60.993	44.348	-69.256	-125.53	29.571	-47.005	-149.98	-0.49895
286.26	1.5133	21.663	-39.373	-3.3111	-11.283	-13.369	3.3516	-16.053	-6.8948	-60.926	44.369	-69.186	-125.42	29.53	-46.942	-149.9	-0.50153
286.27	1.5248	21.667	-39.172	-3.2245	-11.246	-13.202	3.4632	-16.128	-6.7497	-60.847	44.416	-69.108	-125.28	29.466	-46.883	-149.8	-0.58166
286.26	1.5177	21.657	-38.954	-3.1264	-11.225	-13.031	3.518	-16.201	-6.6071	-60.735	44.399	-69.04	-125.14	29.42	-46.824	-149.71	-0.58832
286.28	1.5183	21.652	-38.765	-2.9754	-11.51	-12.822	3.5951	-16.266	-6.4776	-60.596	44.31	-68.958	-124.99	29.378	-46.758	-149.61	-0.60474
286.27	1.5277	21.656	-38.572	-2.9804	-11.498	-12.602	3.6864	-16.514	-6.3392	-60.437	44.206	-68.891	-124.82	29.314	-46.658	-149.51	-0.62794
286.27	1.5253	21.653	-38.416	-2.8464	-11.88	-12.383	3.7478	-16.682	-6.2452	-60.25	44.069	-68.818	-124.66	29.225	-46.571	-149.44	-0.64606
286.28	1.5308	21.659	-38.193	-2.7938	-12.084	-12.246	3.7408	-17.065	-6.166	-60.037	43.957	-68.752	-124.49	29.122	-46.506	-149.37	-0.67714
286.28	1.531	21.659	-38.154	-2.74	-12.65	-12.143	3.819	-17.49	-6.0896	-59.78	43.749	-68.691	-124.33	29.052	-46.44	-149.32	-0.68888
286.27	1.5345	21.655	-38.051	-2.7154	-12.832	-12.032	3.865	-17.836	-6.0448	-59.525	43.559	-68.646	-124.17	28.959	-46.376	-149.25	-0.75075
286.27	1.5345	21.657	-38.083	-2.5664	-13.122	-12.034	3.9893	-18.146	-5.9815	-59.284	43.356	-68.602	-124.03	28.916	-46.303	-149.19	-0.7595
286.27	1.5345	21.657	-38.126	-2.4377	-13.185	-12.145	4.2409	-18.113	-5.8788	-59.085	43.211	-68.551	-123.9	28.859	-46.292	-149.1	-0.79049
286.27	1.5326	21.652	-38.135	-2.3492	-13.205	-12.15	4.3363	-18.171	-5.8001	-58.985	43.127	-68.499	-123.79	28.843	-46.255	-149.05	-0.80698
286.27	1.5326	21.652	-38.126	-2.2831	-13.193	-12.138	4.4071	-18.185	-5.7271	-58.925	43.122	-68.465	-123.73	28.818	-46.248	-148.99	-0.85421
286.26	1.5409	21.669	-38.13	-2.2273	-13.195	-12.137	4.4376	-18.196	-5.6762	-58.871	43.121	-68.417	-123.69	28.83	-46.229	-148.97	-0.86691
286.27	1.5375	21.659	-38.113	-2.183	-13.206	-12.123	4.4624	-18.204	-5.6416	-58.82	43.149	-68.389	-123.68	28.869	-46.238	-148.95	-0.85837
286.26	1.5415	21.654	-38.097	-2.1549	-13.198	-12.107	4.4779	-18.219	-5.6231	-58.758	43.137	-68.373	-123.62	28.889	-46.27	-148.93	-0.84784
286.26	1.5388	21.663	-38.122	-2.0728	-13.336	-12.111	4.5192	-18.213	-5.6084	-58.693	43.136	-68.381	-123.56	28.861	-46.298	-148.9	-0.80986
286.26	1.5416	21.656	-38.089	-2.0915	-13.177	-12.121	4.5703	-18.205	-5.6064	-58.656	43.1	-68.406	-123.5	28.847	-46.328	-148.91	-0.81728
286.25	1.5337	21.671	-38.119	-2.0323	-13.361	-12.132	4.6188	-18.212	-5.5832	-58.618	43.047	-68.423	-123.47	28.838	-46.345	-148.87	-0.82423
286.25	1.538	21.662	-38.115	-2.0165	-13.351	-12.143	4.6402	-18.205	-5.5655	-58.608	42.963	-68.418	-123.46	28.816	-46.353	-148.86	-0.86755
286.25	1.5335	21.658	-38.116	-2.0152	-13.367	-12.138	4.6454	-18.213	-5.535	-58.611	42.917	-68.411	-123.45	28.804	-46.392	-148.87	-0.90844
286.26	1.5414	21.654	-38.106	-2.0109	-13.359	-12.134	4.6449	-18.212	-5.4933	-58.629	42.86	-68.412	-123.45	28.775	-46.413	-148.87	-0.92863
286.25	1.5373	21.662	-38.099	-2.0209	-13.348	-12.123	4.6229	-18.202	-5.4621	-58.655	42.808	-68.414	-123.45	28.759	-46.419	-148.87	-0.96753
286.26	1.5349	21.655	-38.1	-2.0363	-13.37	-12.122	4.5952	-18.189	-5.4305	-58.685	42.768	-68.42	-123.48	28.725	-46.447	-148.89	-0.9936
286.26	1.533	21.653	-38.09	-2.058	-13.361	-12.132	4.5715	-18.194	-5.4014	-58.716	42.737	-68.415	-123.51	28.714	-46.466	-148.9	-1.0231
286.26	1.5292	21.648	-38.098	-2.0656	-13.368	-12.139	4.5514	-18.193	-5.3599	-58.739	42.676	-68.407	-123.54	28.684	-46.476	-148.94	-1.0583
286.26	1.532	21.654	-38.09	-2.0903	-13.362	-12.129	4.5279	-18.169	-5.3062	-58.752	42.64	-68.396	-123.57	28.665	-46.49	-148.96	-1.0796
286.26	1.53	21.663	-38.096	-2.1225	-13.368	-12.128	4.5094	-18.149	-5.2646	-58.764	42.614	-68.38	-123.6	28.642	-46.483	-149	-1.0988
286.26	1.5275	21.659	-38.102	-2.1407	-13.38	-12.125	4.4841	-18.145	-5.2359	-58.793	42.557	-68.369	-123.62	28.619	-46.492	-149.02	-1.1309
286.26	1.5294	21.663	-38.104	-2.1717	-13.384	-12.132	4.4759	-18.14	-5.2039	-58.825	42.529	-68.354	-123.65	28.599	-46.495	-149.04	-1.1516
286.26	1.5316	21.665	-38.071	-2.2357	-13.233	-12.127	4.4635	-18.144	-5.1681	-58.866	42.512	-68.331	-123.68	28.579	-46.49	-149.07	-1.1679
286.26	1.5198	21.672	-38.06	-2.2573	-13.224	-12.131	4.4465	-18.14	-5.1262	-58.901	42.459	-68.312	-123.7	28.553	-46.48	-149.09	-1.2172
