141.81	-2.5766	20.327	-30.605	-0.53856	-13.615	-3.8816	-0.32368	-18.059	-0.28469	-61.253	42.146	-68.841	-119.76	28.068	-49.421	-146.52	-2.4979
141.81	-2.5736	20.345	-30.614	-0.54462	-13.623	-3.8866	-0.31495	-18.057	-0.29143	-61.246	42.16	-68.848	-119.75	28.07	-49.431	-146.52	-2.4993
141.81	-2.5756	20.328	-30.607	-0.55491	-13.61	-3.8816	-0.32368	-18.059	-0.30404	-61.254	42.149	-68.854	-119.76	28.063	-49.431	-146.52	-2.4996
141.81	-2.5754	20.329	-30.601	-0.5523	-13.604	-3.8816	-0.32367	-18.059	-0.29676	-61.25	42.155	-68.858	-119.76	28.061	-49.435	-146.53	-2.5095
141.81	-2.5799	20.338	-30.59	-0.54471	-13.594	-3.8816	-0.32367	-18.059	-0.29601	-61.249	42.145	-68.865	-119.76	28.065	-49.437	-146.52	-2.4916
141.82	-2.5854	20.341	-30.596	-0.56295	-13.594	-3.8806	-0.32361	-18.06	-0.30656	-61.258	42.148	-68.863	-119.77	28.062	-49.443	-146.53	-2.5089
141.81	-2.5874	20.338	-30.585	-0.56799	-13.592	-3.8828	-0.32744	-18.067	-0.29693	-61.262	42.137	-68.865	-119.78	28.061	-49.457	-146.52	-2.5038
141.82	-2.5862	20.34	-30.589	-0.57192	-13.595	-3.8683	-0.32928	-18.056	-0.30137	-61.266	42.132	-68.857	-119.79	28.06	-49.436	-146.54	-2.5109
141.82	-2.5871	20.338	-30.592	-0.56171	-13.591	-3.8706	-0.33311	-18.063	-0.29871	-61.276	42.129	-68.865	-119.78	28.047	-49.449	-146.53	-2.5044
141.82	-2.5839	20.341	-30.593	-0.57443	-13.599	-3.8716	-0.33317	-18.062	-0.29222	-61.273	42.133	-68.865	-119.78	28.058	-49.438	-146.55	-2.5322
141.81	-2.5898	20.333	-30.586	-0.57161	-13.579	-3.8759	-0.33712	-18.069	-0.29837	-61.278	42.141	-68.864	-119.79	28.054	-49.445	-146.54	-2.5293
141.82	-2.5862	20.34	-30.584	-0.56773	-13.589	-3.8656	-0.34183	-18.065	-0.29837	-61.278	42.141	-68.866	-119.79	28.053	-49.442	-146.54	-2.5288
141.81	-2.5879	20.336	-30.598	-0.57714	-13.602	-3.8706	-0.33311	-18.063	-0.29718	-61.277	42.142	-68.871	-119.8	28.035	-49.447	-146.54	-2.534
141.82	-2.5864	20.34	-30.587	-0.57025	-13.593	-3.8706	-0.33311	-18.063	-0.30966	-61.274	42.14	-68.875	-119.8	28.033	-49.447	-146.54	-2.534
141.8	-2.5824	20.334	-30.596	-0.57677	-13.6	-3.8828	-0.32744	-18.067	-0.31366	-61.276	42.134	-68.878	-119.8	28.03	-49.451	-146.54	-2.5359
141.81	-2.5773	20.341	-30.594	-0.57526	-13.6	-3.8787	-0.32457	-18.059	-0.31511	-61.264	42.14	-68.882	-119.79	28.033	-49.462	-146.54	-2.5406
141.81	-2.5758	20.342	-30.597	-0.56651	-13.582	-3.8736	-0.32159	-18.058	-0.32537	-61.27	42.133	-68.895	-119.78	28.031	-49.453	-146.54	-2.5631
141.81	-2.5744	20.331	-30.604	-0.56974	-13.587	-3.8816	-0.32367	-18.059	-0.33734	-61.263	42.13	-68.89	-119.79	28.027	-49.464	-146.54	-2.5414
141.81	-2.5779	20.328	-30.615	-0.57516	-13.609	-3.8756	-0.32439	-18.061	-0.34866	-61.271	42.132	-68.902	-119.79	28.022	-49.447	-146.53	-2.5278
141.81	-2.5752	20.329	-30.615	-0.57517	-13.609	-3.8838	-0.31325	-18.072	-0.34866	-61.271	42.132	-68.901	-119.79	28.011	-49.457	-146.53	-2.5491
141.81	-2.5755	20.342	-30.615	-0.56416	-13.59	-3.8856	-0.31489	-18.058	-0.34864	-61.258	42.14	-68.899	-119.78	28.014	-49.455	-146.53	-2.5378
141.8	-2.5789	20.336	-30.618	-0.57703	-13.614	-3.8891	-0.31726	-18.078	-0.35903	-61.254	42.139	-68.897	-119.78	28.014	-49.443	-146.54	-2.5444
141.81	-2.5774	20.325	-30.614	-0.57509	-13.61	-3.8836	-0.31209	-18.055	-0.34418	-61.254	42.145	-68.89	-119.79	28.013	-49.435	-146.54	-2.5496
141.81	-2.5801	20.335	-30.617	-0.57909	-13.6	-3.8839	-0.31058	-18.068	-0.34538	-61.255	42.144	-68.883	-119.8	28.01	-49.431	-146.54	-2.5482
141.81	-2.5876	20.334	-30.627	-0.5833	-13.608	-3.8891	-0.31726	-18.078	-0.35473	-61.262	42.123	-68.87	-119.81	28.014	-49.434	-146.55	-2.546
141.81	-2.5878	20.334	-30.614	-0.58972	-13.603	-3.8801	-0.32306	-18.078	-0.34061	-61.266	42.126	-68.861	-119.81	28.001	-49.416	-146.55	-2.5673
141.81	-2.58	20.34	-30.628	-0.59482	-13.605	-3.8841	-0.32598	-18.08	-0.32935	-61.27	42.129	-68.852	-119.82	28.002	-49.409	-146.56	-2.5726
141.8	-2.5824	20.334	-30.628	-0.59404	-13.606	-3.8675	-0.316	-18.066	-0.32327	-61.268	42.134	-68.841	-119.83	28.003	-49.404	-146.56	-2.571
141.81	-2.5786	20.341	-30.611	-0.58799	-13.601	-3.8811	-0.32312	-18.078	-0.3125	-61.275	42.136	-68.825	-119.83	27.996	-49.408	-146.56	-2.5753
141.82	-2.5863	20.34	-30.607	-0.59893	-13.603	-3.8728	-0.32001	-18.072	-0.31452	-61.275	42.137	-68.813	-119.84	27.999	-49.401	-146.56	-2.5833
141.82	-2.5838	20.33	-30.617	-0.60356	-13.59	-3.8702	-0.32734	-18.086	-0.3169	-61.277	42.132	-68.808	-119.85	27.995	-49.406	-146.56	-2.587
141.82	-2.5871	20.339	-30.599	-0.59394	-13.597	-3.8681	-0.32722	-18.087	-0.30566	-61.282	42.135	-68.804	-119.85	27.987	-49.405	-146.56	-2.5873
141.82	-2.5913	20.328	-30.601	-0.6095	-13.593	-3.8641	-0.3243	-18.085	-0.31099	-61.286	42.131	-68.806	-119.85	27.995	-49.395	-146.57	-2.5961
141.82	-2.5817	20.334	-30.604	-0.61259	-13.596	-3.8671	-0.32715	-18.088	-0.3073	-61.273	42.142	-68.802	-119.86	27.983	-49.393	-146.56	-2.5835
141.82	-2.5843	20.343	-30.602	-0.60884	-13.606	-3.8671	-0.32715	-18.088	-0.31573	-61.277	42.133	-68.815	-119.85	27.988	-49.398	-146.57	-2.5866
141.82	-2.5836	20.33	-30.599	-0.60795	-13.591	-3.8671	-0.32715	-18.088	-0.3137	-61.276	42.135	-68.815	-119.85	27.979	-49.402	-146.57	-2.5777
141.82	-2.5856	20.342	-30.607	-0.61019	-13.608	-3.8681	-0.32721	-18.087	-0.33009	-61.273	42.128	-68.822	-119.84	27.978	-49.406	-146.56	-2.5901
141.82	-2.5865	20.34	-30.616	-0.6007	-13.601	-3.8648	-0.31538	-18.079	-0.32091	-61.266	42.136	-68.831	-119.85	27.971	-49.41	-146.56	-2.5916
141.82	-2.5833	20.343	-30.628	-0.60724	-13.613	-3.8721	-0.31843	-18.085	-0.34233	-61.268	42.14	-68.827	-119.84	27.974	-49.406	-146.56	-2.5873
141.82	-2.5851	20.34	-30.611	-0.60208	-13.595	-3.8691	-0.31557	-18.083	-0.33499	-61.26	42.134	-68.827	-119.85	27.975	-49.412	-146.56	-2.606
141.82	-2.5736	20.333	-30.613	-0.59101	-13.589	-3.8741	-0.31855	-18.084	-0.34284	-61.253	42.131	-68.822	-119.86	27.972	-49.403	-146.57	-2.5905
141.81	-2.5779	20.339	-30.63	-0.59778	-13.594	-3.8731	-0.31849	-18.085	-0.34936	-61.258	42.126	-68.828	-119.85	27.971	-49.393	-146.57	-2.5992
141.8	-2.5812	20.335	-30.612	-0.60038	-13.595	-3.8841	-0.31427	-18.076	-0.34936	-61.258	42.126	-68.82	-119.86	27.972	-49.393	-146.56	-2.5966
141.81	-2.5793	20.339	-30.621	-0.59678	-13.595	-3.8801	-0.32306	-18.078	-0.34207	-61.254	42.132	-68.81	-119.86	27.973	-49.393	-146.57	-2.6002
141.8	-2.5739	20.337	-30.643	-0.60509	-13.604	-3.8831	-0.30899	-18.082	-0.33529	-61.262	42.13	-68.809	-119.86	27.962	-49.392	-146.58	-2.6068
141.81	-2.5802	20.338	-30.615	-0.60516	-13.597	-3.8771	-0.31765	-18.085	-0.33529	-61.262	42.13	-68.807	-119.88	27.956	-49.34	-146.57	-2.5889
141.81	-2.5924	20.332	-30.62	-0.5967	-13.595	-3.8803	-0.32154	-18.091	-0.33855	-61.264	42.129	-68.787	-119.88	27.977	-49.354	-146.57	-2.5937
141.8	-2.5849	20.331	-30.611	-0.60255	-13.594	-3.8801	-0.32306	-18.078	-0.33387	-61.274	42.126	-68.781	-119.89	27.962	-49.335	-146.58	-2.6062
141.8	-2.585	20.334	-30.632	-0.61323	-13.602	-3.8803	-0.32154	-18.091	-0.32932	-61.271	42.116	-68.784	-119.89	27.959	-49.338	-146.59	-2.5961
141.81	-2.5903	20.333	-30.619	-0.61043	-13.587	-3.8751	-0.33178	-18.08	-0.3301	-61.273	42.128	-68.78	-119.89	27.96	-49.329	-146.59	-2.6066
141.81	-2.5882	20.337	-30.616	-0.61911	-13.605	-3.8801	-0.32305	-18.078	-0.32892	-61.272	42.129	-68.774	-119.9	27.948	-49.332	-146.58	-2.6055
141.81	-2.5924	20.331	-30.619	-0.60899	-13.601	-3.8721	-0.31842	-18.085	-0.3221	-61.267	42.135	-68.778	-119.9	27.957	-49.325	-146.57	-2.611
141.81	-2.5884	20.337	-30.616	-0.6192	-13.605	-3.8793	-0.32148	-18.092	-0.32892	-61.272	42.129	-68.778	-119.9	27.946	-49.327	-146.59	-2.6209
141.82	-2.5863	20.34	-30.612	-0.6188	-13.59	-3.8721	-0.31842	-18.085	-0.33097	-61.273	42.128	-68.772	-119.91	27.943	-49.333	-146.58	-2.6195
141.82	-2.5853	20.329	-30.604	-0.59997	-13.588	-3.8681	-0.32721	-18.087	-0.32747	-61.271	42.132	-68.777	-119.91	27.938	-49.329	-146.58	-2.6308
141.82	-2.5863	20.34	-30.621	-0.62254	-13.61	-3.8671	-0.32715	-18.088	-0.32329	-61.268	42.134	-68.773	-119.91	27.94	-49.326	-146.59	-2.6209
141.82	-2.5832	20.342	-30.613	-0.61611	-13.603	-3.8724	-0.33116	-18.093	-0.33384	-61.274	42.124	-68.779	-119.9	27.94	-49.335	-146.58	-2.6217
141.83	-2.5786	20.337	-30.602	-0.61104	-13.593	-3.8671	-0.32714	-18.088	-0.33976	-61.266	42.126	-68.768	-119.9	27.933	-49.323	-146.59	-2.6322
141.82	-2.5813	20.332	-30.606	-0.60148	-13.588	-3.86	-0.31882	-18.092	-0.33709	-61.276	42.123	-68.773	-119.91	27.93	-49.319	-146.58	-2.6273
141.82	-2.5854	20.341	-30.615	-0.60517	-13.597	-3.8704	-0.31411	-18.096	-0.3357	-61.261	42.117	-68.77	-119.9	27.93	-49.327	-146.58	-2.6278
141.82	-2.5815	20.332	-30.631	-0.61192	-13.602	-3.87	-0.31455	-18.084	-0.3324	-61.258	42.12	-68.767	-119.9	27.931	-49.32	-146.58	-2.6293
141.82	-2.5857	20.339	-30.613	-0.60435	-13.596	-3.8723	-0.31315	-18.096	-0.32707	-61.254	42.124	-68.764	-119.9	27.935	-49.322	-146.58	-2.6305
141.81	-2.5779	20.339	-30.622	-0.60943	-13.603	-3.8816	-0.30838	-18.1	-0.32755	-61.255	42.137	-68.764	-119.9	27.935	-49.322	-146.59	-2.6303
141.8	-2.5816	20.335	-30.617	-0.60674	-13.6	-3.8754	-0.30539	-18.093	-0.33446	-61.259	42.119	-68.769	-119.91	27.931	-49.32	-146.58	-2.6298
141.81	-2.5792	20.338	-30.655	-0.61416	-13.615	-3.8773	-0.30443	-18.094	-0.332	-61.259	42.133	-68.764	-119.9	27.935	-49.329	-146.59	-2.6379
141.8	-2.5826	20.334	-30.651	-0.61153	-13.612	-3.8773	-0.30443	-18.094	-0.34016	-61.265	42.113	-68.764	-119.9	27.934	-49.318	-146.59	-2.6168
141.8	-2.5816	20.32	-30.627	-0.61386	-13.594	-3.8773	-0.30443	-18.094	-0.34219	-61.269	42.123	-68.77	-119.91	27.931	-49.321	-146.59	-2.6176
141.8	-2.5843	20.33	-30.623	-0.61307	-13.591	-3.8763	-0.30437	-18.095	-0.33691	-61.29	42.116	-68.774	-119.91	27.941	-49.328	-146.59	-2.6228
141.8	-2.5821	20.333	-30.639	-0.63288	-13.603	-3.8836	-0.30475	-18.097	-0.32917	-61.346	42.108	-68.767	-119.91	27.946	-49.34	-146.58	-2.6249
141.8	-2.5816	20.335	-30.605	-0.65392	-13.505	-3.8796	-0.29133	-18.103	-0.33177	-61.409	42.102	-68.758	-119.9	27.952	-49.341	-146.59	-2.6128
141.81	-2.5802	20.338	-30.599	-0.69395	-13.494	-3.8645	-0.29155	-18.111	-0.31691	-61.46	42.098	-68.749	-119.91	27.967	-49.347	-146.59	-2.6024
141.8	-2.5845	20.329	-30.571	-0.77356	-13.353	-3.8488	-0.2663	-18.104	-0.29876	-61.547	42.052	-68.723	-119.93	27.989	-49.372	-146.62	-2.6129
141.81	-2.5918	20.331	-30.558	-0.82859	-13.331	-3.8482	-0.24775	-18.125	-0.25676	-61.632	42.045	-68.704	-119.95	28.022	-49.366	-146.63	-2.5976
141.82	-2.5863	20.34	-30.542	-0.8896	-13.302	-3.8099	-0.20313	-18.115	-0.22698	-61.738	42.02	-68.673	-119.98	28.063	-49.324	-146.63	-2.5481
141.81	-2.5902	20.335	-30.476	-0.97039	-13.258	-3.7929	-0.17626	-18.171	-0.16171	-61.906	42.022	-68.639	-120.04	28.125	-49.4	-146.5	-2.5907
141.81	-2.5928	20.332	-30.435	-1.0439	-13.21	-3.7948	-0.077325	-18.242	-0.066135	-62.07	42.058	-68.572	-120.11	28.168	-49.292	-146.7	-2.5109
141.81	-2.5901	20.333	-30.357	-1.1393	-13.136	-3.8049	0.043465	-18.291	0.033958	-62.242	42.097	-68.469	-120.2	28.224	-49.246	-146.79	-2.5173
141.81	-2.5981	20.334	-30.259	-1.2173	-12.934	-3.8304	0.22696	-18.322	0.18749	-62.484	42.095	-68.35	-120.32	28.282	-49.146	-146.9	-2.5119
141.81	-2.5885	20.339	-30.124	-1.4251	-12.415	-3.8485	0.42259	-18.167	0.41707	-62.811	42.122	-68.201	-120.47	28.337	-49.128	-146.95	-2.5186
141.81	-2.5926	20.347	-30.01	-1.5083	-11.938	-3.8024	0.65339	-17.784	0.73608	-63.267	42.194	-68.013	-120.66	28.454	-48.966	-147.12	-2.5902
141.81	-2.5918	20.333	-29.667	-1.6041	-10.771	-3.7546	0.909	-17.108	1.1678	-63.821	42.368	-67.767	-120.9	28.566	-48.938	-147.21	-2.6806
141.81	-2.5905	20.335	-29.078	-1.5012	-9.2587	-3.488	1.0858	-16.262	1.6895	-64.571	42.55	-67.476	-121.19	28.723	-48.983	-147.16	-2.8589
141.81	-2.5874	20.338	-28.415	-1.5421	-7.7477	-3.0192	1.0947	-15.181	2.2894	-65.439	42.838	-67.12	-121.55	28.888	-48.795	-147.47	-2.9172
141.81	-2.5897	20.336	-27.59	-1.7317	-6.3105	-2.3219	0.97229	-13.945	3.0335	-66.48	43.141	-66.735	-121.97	29.03	-48.587	-147.77	-3.0166
141.82	-2.586	20.341	-26.561	-1.9848	-4.8091	-1.4247	0.7091	-12.694	3.8408	-67.582	43.543	-66.255	-122.41	29.219	-48.424	-147.9	-3.1251
141.82	-2.5818	20.346	-25.397	-2.3751	-3.4152	-0.33174	0.29651	-11.419	4.7064	-68.753	43.874	-65.734	-122.89	29.434	-48.141	-148.25	-3.3263
141.82	-2.5859	20.34	-24.08	-2.8712	-2.0399	0.90167	-0.19632	-10.196	5.6434	-70.003	44.236	-65.137	-123.39	29.661	-48.029	-148.32	-3.3711
141.82	-2.5871	20.339	-22.633	-3.4631	-0.7253	2.3323	-0.7179	-9.0324	6.6785	-71.306	44.506	-64.494	-123.94	29.884	-47.446	-148.85	-3.4436
141.82	-2.5932	20.34	-21.108	-4.0021	0.43892	3.8662	-1.3719	-7.8756	7.8091	-72.616	44.797	-63.725	-124.53	30.129	-47.18	-149.06	-3.4938
141.84	-2.5895	20.352	-19.489	-4.6721	1.7308	5.5539	-2.0189	-6.7004	9.0522	-73.97	45.018	-62.843	-125.19	30.386	-46.647	-149.56	-3.6305
141.83	-2.5936	20.343	-17.713	-5.3912	2.9911	7.4467	-2.7667	-5.5756	10.395	-75.401	45.233	-61.888	-125.89	30.685	-46.192	-149.9	-3.7406
141.83	-2.6002	20.343	-15.88	-6.0983	4.2056	9.6386	-3.5832	-4.4579	11.858	-76.875	45.45	-60.908	-126.56	31.042	-45.574	-150.38	-3.6558
141.83	-2.6052	20.352	-14.09	-6.9023	5.2953	12.207	-4.4938	-3.4084	13.323	-78.336	45.741	-59.96	-127.12	31.376	-44.974	-150.87	-3.2134
141.84	-2.6076	20.359	-12.224	-7.6762	6.3994	15.396	-5.4734	-2.3677	14.799	-79.793	45.99	-59.004	-127.58	31.708	-44.201	-151.34	-2.8627
141.84	-2.6138	20.352	-10.452	-8.4394	7.2334	19.185	-6.498	-1.3135	16.357	-81.273	46.411	-57.918	-128.11	32.046	-43.238	-151.91	-2.6838
141.84	-2.6109	20.356	-8.6478	-9.2355	8.0702	23.629	-7.6223	-0.32332	17.897	-82.776	46.777	-56.619	-128.84	32.354	-42.001	-152.78	-2.6414
141.84	-2.6101	20.357	-6.8243	-10.046	8.8799	28.283	-8.872	0.70372	19.572	-84.239	47.158	-55.12	-129.64	32.669	-40.739	-153.6	-2.4744
141.82	-2.6109	20.346	-4.8536	-10.842	9.5885	32.865	-10.302	1.6485	21.306	-85.712	47.477	-53.55	-130.36	32.954	-39.601	-154	-2.0675
141.83	-2.6077	20.365	-2.6016	-11.701	10.197	37.445	-11.785	2.6122	23.224	-87.171	47.857	-51.952	-130.93	33.253	-38.136	-154.69	-1.8847
141.83	-2.6058	20.354	-0.18424	-12.586	10.815	41.979	-13.343	3.5956	25.239	-88.644	48.197	-50.296	-131.48	33.595	-36.597	-155.64	-1.5992
141.82	-2.6026	20.346	2.4556	-13.536	11.608	46.509	-14.951	4.5617	27.382	-90.161	48.483	-48.521	-132.08	34.016	-35.027	-156.3	-1.3456
141.82	-2.6019	20.347	5.1773	-14.533	12.34	51.08	-16.662	5.5271	29.679	-91.689	48.772	-46.613	-132.69	34.417	-33.487	-156.66	-1.0087
141.81	-2.5915	20.351	8.0738	-15.431	13.031	55.63	-18.421	6.5217	32.054	-93.202	49.05	-44.534	-133.31	34.754	-31.785	-157.15	-0.57772
141.82	-2.599	20.347	11.047	-16.435	13.832	60.491	-20.046	7.722	34.851	-94.435	49.793	-42.392	-133.89	35.197	-30.009	-157.68	-0.44056
141.81	-2.5905	20.35	14.113	-17.372	14.531	64.857	-21.948	8.4162	37.384	-95.91	49.922	-40.221	-134.41	35.67	-28.202	-158.21	0.017649
141.82	-2.5872	20.356	17.264	-18.35	15.216	69.198	-23.905	9.0563	39.968	-97.373	50.194	-38.016	-134.9	36.076	-26.184	-158.65	0.37889
141.81	-2.5905	20.35	20.489	-19.314	15.825	72.949	-26.042	9.2303	42.626	-98.758	50.321	-35.725	-135.41	36.609	-24.352	-159.15	0.68724
141.82	-2.5845	20.344	23.814	-20.249	16.341	77.808	-27.673	10.293	45.334	-100.18	50.498	-33.337	-135.88	37.057	-22.196	-159.5	1.093
141.82	-2.5846	20.344	27.171	-21.197	16.804	81.963	-29.426	10.744	48.104	-101.46	50.605	-30.894	-136.31	37.565	-20.171	-159.84	1.4886
141.82	-2.583	20.346	30.589	-22.143	17.245	85.409	-31.392	10.532	50.902	-102.71	50.627	-28.409	-136.66	37.996	-18.044	-160.2	1.7997
141.83	-2.5913	20.344	33.952	-22.983	17.538	89.263	-33.001	10.747	53.735	-103.81	50.702	-25.908	-136.95	38.393	-15.702	-160.57	2.3552
141.83	-2.5908	20.346	37.396	-23.774	17.793	93.056	-34.465	10.823	56.541	-104.86	50.737	-23.424	-137.19	38.81	-13.571	-160.64	2.686
141.83	-2.5925	20.345	40.686	-24.518	18.049	96.803	-35.842	10.855	59.353	-105.74	50.795	-20.888	-137.37	39.177	-11.349	-160.95	2.9844
141.82	-2.5963	20.338	43.933	-25.131	18.127	100.58	-37.067	10.831	62.172	-106.46	50.885	-18.313	-137.51	39.49	-8.9802	-161.09	3.4173
141.82	-2.596	20.353	47.101	-25.626	18.192	104.33	-38.238	10.789	64.93	-107.09	50.936	-15.72	-137.58	39.764	-6.5383	-161.24	3.8525
141.83	-2.606	20.349	50.157	-26.089	18.085	108.76	-38.996	11.399	67.715	-107.59	50.987	-13.096	-137.59	39.971	-4.0528	-161.37	4.1647
141.83	-2.605	20.356	53.129	-26.452	17.882	112.04	-40.18	10.88	70.448	-107.94	51.074	-10.467	-137.54	40.156	-1.4696	-161.58	4.4471
141.82	-2.6133	20.353	55.991	-26.709	17.592	115.87	-40.993	10.86	73.199	-108.22	51.154	-7.8213	-137.44	40.331	1.2511	-161.89	4.717
141.82	-2.6131	20.355	58.788	-26.891	17.243	120.18	-41.487	11.328	75.94	-108.32	51.19	-5.1637	-137.31	40.502	3.8333	-161.9	5.0118
141.82	-2.6135	20.353	61.525	-27.038	16.996	123.34	-42.323	10.792	78.659	-108.39	51.234	-2.5024	-137.15	40.691	6.2259	-161.68	5.2434
141.81	-2.6082	20.35	64.19	-27.06	16.604	126.89	-42.833	10.746	81.383	-108.35	51.238	0.13452	-136.95	40.862	8.8978	-161.86	5.6219
141.81	-2.6038	20.344	66.769	-27.008	16.312	130.29	-43.151	10.614	84.089	-108.24	51.192	2.7345	-136.74	41.043	11.404	-161.76	5.8923
141.81	-2.6036	20.343	69.24	-26.876	16.067	133.48	-43.391	10.453	86.757	-108.04	51.15	5.3353	-136.47	41.244	13.892	-161.58	6.0721
141.82	-2.6115	20.342	71.588	-26.706	15.931	136.4	-43.474	10.189	89.353	-107.79	51.064	7.8764	-136.2	41.436	16.146	-161.18	6.3908
141.82	-2.5963	20.352	73.823	-26.328	15.705	139.73	-43.146	10.492	91.91	-107.41	51.016	10.387	-135.9	41.638	18.489	-160.79	6.5633
141.82	-2.5955	20.339	75.948	-26.001	15.532	142.34	-42.832	10.223	94.371	-106.95	50.947	12.824	-135.55	41.836	20.827	-160.47	6.9797
141.83	-2.5784	20.356	77.896	-25.507	15.267	144.35	-42.476	9.57	96.755	-106.33	50.834	15.236	-135.18	42.055	23.238	-160.33	7.1202
141.83	-2.591	20.344	79.724	-24.948	15.062	147.03	-41.633	9.6995	99.119	-105.62	50.827	17.56	-134.73	42.249	25.369	-159.74	7.3675
141.84	-2.5856	20.34	81.408	-24.3	14.745	149.15	-40.793	9.4318	101.32	-104.78	50.731	19.803	-134.25	42.461	27.699	-159.55	7.6345
141.84	-2.5761	20.345	82.975	-23.545	14.355	151.07	-39.849	9.001	103.48	-103.84	50.665	21.976	-133.68	42.616	29.626	-158.85	7.8174
141.85	-2.5774	20.353	84.466	-22.828	13.999	152.89	-38.68	8.6974	105.58	-102.78	50.588	24.055	-133.06	42.758	31.617	-158.29	8.1054
141.84	-2.5814	20.346	85.863	-22.013	13.543	154.46	-37.603	8.1285	107.53	-101.63	50.456	26.044	-132.39	42.87	33.601	-157.7	8.3904
141.84	-2.5814	20.346	87.247	-21.11	13.108	141.85	-2.575	20.356	109.46	-100.51	50.395	28.455	-131.38	43.31	35.923	-157.03	8.8747
141.84	-2.5814	20.346	88.565	-20.239	12.649	141.85	-2.5834	20.36	111.28	-99.304	50.281	30.272	-130.62	43.395	37.783	-156.37	9.0115
141.84	-2.5814	20.346	89.91	-19.359	12.198	141.84	-2.5943	20.353	113.02	-98.147	50.214	32.041	-129.78	43.385	39.677	-155.72	9.2058
141.84	-2.5814	20.346	91.258	-18.485	11.755	141.84	-2.5858	20.357	114.72	-96.995	50.146	33.712	-128.96	43.411	41.513	-155.09	9.3293
141.84	-2.5814	20.346	92.64	-17.573	11.286	141.84	-2.5846	20.358	116.34	-95.851	50.081	35.372	-128.07	43.381	43.025	-154.16	9.3304
141.84	-2.5814	20.346	94.026	-16.692	10.846	141.83	-2.5942	20.358	117.93	-94.704	50.115	37.002	-127.19	43.391	44.65	-153.16	9.3138
141.84	-2.5814	20.346	95.404	-15.848	10.488	141.82	-2.599	20.347	119.46	-93.628	50.042	38.547	-126.33	43.355	46.428	-152.59	9.492
141.84	-2.5814	20.346	96.745	-14.934	10.151	141.81	-2.6056	20.34	121.03	-92.562	50.033	40.154	-125.45	43.338	47.959	-151.72	9.4594
160.54	-23.157	6.7928	98.063	-14.027	9.9724	141.81	-2.6014	20.347	122.51	-91.502	49.994	41.683	-124.61	43.352	49.424	-150.78	9.4675
161.67	-21.941	6.6623	99.387	-13.109	9.7801	141.8	-2.597	20.34	124.03	-90.436	49.992	43.196	-123.78	43.367	51.144	-150.15	9.5433
162.73	-20.599	6.4603	100.64	-12.19	9.7167	141.8	-2.6026	20.347	125.5	-89.4	49.985	44.746	-122.94	43.403	52.649	-149.28	9.5715
162.73	-20.599	6.4603	101.96	-11.269	9.6879	141.8	-2.6017	20.347	126.98	-88.392	49.99	46.217	-122.14	43.452	54.081	-148.24	9.5065
162.73	-20.599	6.4603	103.21	-10.32	9.7331	141.79	-2.6033	20.345	128.42	-87.416	50.017	47.704	-121.36	43.534	55.641	-147.67	9.6963
162.73	-20.599	6.4603	104.47	-9.4536	9.7222	141.8	-2.5904	20.355	129.83	-86.427	50.13	49.193	-120.53	43.585	57.113	-146.83	9.7285
166.8	-16.054	6.5508	105.8	-8.5707	9.8155	141.79	-2.5922	20.351	131.17	-85.465	50.233	50.593	-119.74	43.613	58.565	-145.95	9.8073
167.7	-14.883	6.4882	107.13	-7.6706	9.8988	141.79	-2.5921	20.352	132.51	-84.523	50.294	51.97	-118.92	43.687	60.087	-145.3	9.7956
168.55	-13.754	6.6306	108.46	-6.8262	9.8089	141.8	-2.5975	20.341	133.79	-83.579	50.454	53.269	-118.06	43.774	61.159	-144.14	9.726
172.06	-11.139	9.9667	109.79	-5.9376	9.8346	141.81	-2.592	20.346	135	-82.651	50.646	54.463	-117.23	43.823	62.455	-143.31	9.8715
173.68	-9.4361	11.037	111.05	-5.1439	9.931	141.82	-2.589	20.352	136.13	-81.688	50.833	55.644	-116.37	43.885	63.777	-142.64	10.023
174.34	-8.2161	11.152	112.27	-4.2367	9.7822	141.82	-2.588	20.34	137.2	-80.734	51.037	56.793	-115.5	43.902	65.178	-142	10.13
173.32	-10.032	6.6801	113.38	-3.4469	9.7935	141.82	-2.5825	20.347	138.19	-79.713	51.257	57.871	-114.67	43.912	66.378	-141.17	10.21
176.13	-11.295	4.3896	114.46	-2.5293	9.6004	141.83	-2.5905	20.346	139.16	-78.656	51.45	58.916	-113.81	43.947	67.335	-140.27	10.206
176.58	-9.8047	4.6327	115.37	-1.654	9.3738	141.84	-2.5846	20.343	140.08	-77.558	51.612	59.874	-112.98	43.935	68.465	-139.45	10.308
176.32	-8.3718	4.3625	116.25	-0.82656	9.2216	141.83	-2.5902	20.346	140.93	-76.416	51.759	60.327	-112.43	43.59	68.851	-138.73	9.9107
175.19	-7.1481	3.3278	117.13	0.021455	8.8713	141.84	-2.5837	20.344	141.75	-75.272	51.806	61.21	-111.59	43.587	69.826	-138	9.9259
174.86	-5.3945	3.2708	117.92	0.83739	8.5232	141.84	-2.5864	20.354	142.56	-74.08	51.903	62.057	-110.78	43.566	70.833	-137.22	10.022
173.73	-3.8395	2.6023	118.74	1.6292	8.1084	141.83	-2.5901	20.346	143.34	-72.855	51.905	62.865	-109.98	43.534	71.853	-136.6	10.128
171.72	-2.565	1.1609	119.61	2.3696	7.6493	141.83	-2.5936	20.343	144.11	-71.655	51.882	63.665	-109.2	43.482	72.787	-135.9	10.177
169.99	-1.0542	0.19076	120.54	3.0596	7.0716	141.82	-2.5994	20.349	144.9	-70.432	51.758	64.46	-108.44	43.406	73.625	-135.21	10.137
167.74	0.24286	-1.0784	121.57	3.712	6.4002	141.81	-2.6012	20.346	145.39	-69.469	51.254	65.237	-107.7	43.315	74.397	-134.42	10.13
165.66	1.598	-2.1379	122.65	4.2349	5.7812	141.81	-2.6024	20.347	146.19	-68.296	51.081	66.004	-107.01	43.205	75.431	-134.03	10.033
164.38	3.3047	-2.2918	123.68	4.8383	4.8506	141.8	-2.595	20.345	146.93	-67.123	50.826	66.789	-106.32	43.099	76.313	-133.35	10.028
162.66	4.4949	-3.3053	124.35	5.4935	4.2225	141.57	-2.2605	20.323	147.73	-66.039	50.615	67.575	-105.67	42.977	77.077	-132.78	9.945
161.41	4.6646	-4.8442	124.08	6.446	3.7547	141.56	-0.90175	20.469	148.39	-65.103	50.332	68.365	-105.07	42.852	77.941	-132.21	9.9331
159.81	4.3507	-7.0663	124.28	7.302	3.7838	141.88	0.28563	20.565	149.15	-64.303	50.183	69.19	-104.51	42.8	78.776	-131.54	9.8571
160.15	4.9619	-7.5258	124.81	8.0294	3.7658	142.56	1.1372	20.625	149.97	-63.528	50.02	70.012	-104.02	42.744	79.519	-130.89	9.716
162.32	6.425	-6.1453	125.49	8.6987	3.6961	143.54	1.9063	20.694	150.84	-62.819	49.813	70.887	-103.58	42.714	80.61	-130.72	9.7498
164.01	7.4856	-5.2717	126.26	9.1911	3.748	144.55	2.5145	20.722	151.78	-62.202	49.811	71.816	-103.16	42.759	81.403	-129.95	9.6807
164.87	8.1489	-5.091	127.17	9.7388	3.8059	145.22	2.6696	20.582	152.75	-61.657	49.899	72.756	-102.7	42.826	82.342	-129.58	9.8495
164.72	8.1556	-6.0789	128.07	10.093	3.8179	145.83	2.7736	20.478	153.73	-61.074	50.026	73.787	-102.28	42.937	83.532	-129.32	10.014
165.74	8.5464	-6.0824	129.09	10.502	3.6442	146.76	3.2091	20.454	154.8	-60.449	50.268	74.922	-101.86	43.039	84.76	-129.11	10.123
166.83	8.9594	-6.0453	130.2	10.862	3.7898	148.03	3.6384	20.477	155.97	-59.913	50.534	76.102	-101.5	43.196	85.952	-128.56	10.349
169.14	9.8444	-4.8572	131.54	11.306	3.8895	149.51	4.0282	20.461	157.17	-59.453	50.807	77.363	-101.09	43.379	87.215	-128.26	10.583
170.57	10.111	-4.6743	133.01	11.597	4.1235	151.28	4.3512	20.604	158.57	-59.086	51.245	78.681	-100.74	43.586	88.643	-127.98	10.886
172.15	10.337	-4.4331	134.61	11.724	4.4527	153.13	4.5966	20.682	160.08	-58.786	51.647	80.135	-100.44	43.823	90.162	-127.78	11.092
173.93	10.414	-4.2647	136.45	11.906	4.7622	155.04	4.7804	20.698	161.7	-58.592	51.952	81.716	-100.2	44.07	91.624	-127.28	11.275
174.76	9.949	-5.0437	138.36	12.088	4.9382	157	4.8959	20.951	163.48	-58.457	52.366	83.409	-99.953	44.347	93.338	-127.21	11.681
177.91	10.644	-3.3982	140.39	12.159	5.3741	158.98	4.9622	21.305	165.36	-58.432	52.736	85.199	-99.696	44.619	95.044	-126.98	11.958
179.08	10.129	-4.0129	142.53	12.201	5.9332	161.11	5.0071	21.791	167.36	-58.447	53.154	87.053	-99.461	44.897	96.837	-126.76	12.253
182.35	10.712	-2.3674	144.81	12.272	6.5337	163.42	4.9967	22.352	169.47	-58.578	53.554	88.999	-99.251	45.166	98.768	-126.58	12.491
183.81	10.17	-2.7809	147.28	12.31	7.2019	165.86	4.9488	22.985	171.66	-58.762	53.966	91.057	-99.138	45.44	100.67	-126.37	12.716
186.42	10.151	-2.1249	149.81	12.336	7.6251	168.42	4.823	23.562	173.97	-58.978	54.387	93.234	-99.012	45.743	102.81	-126.41	12.922
189.18	10.015	-1.5013	152.51	12.256	8.386	171.11	4.7091	24.206	176.38	-59.239	54.813	95.481	-98.896	46.042	104.82	-126.05	13.182
191.88	9.8153	-1.0076	155.33	12.196	8.9799	173.82	4.509	24.74	178.85	-59.513	55.261	97.776	-98.737	46.371	106.91	-125.77	13.287
195.78	10.228	0.80359	158.17	12.113	9.514	176.7	4.3626	25.379	181.41	-59.797	55.763	100.11	-98.588	46.696	109.2	-125.78	13.691
197.81	9.4819	0.44528	161.18	12.011	10.105	179.6	4.1156	25.999	183.97	-60.122	56.249	102.51	-98.417	46.986	111.68	-125.81	14.077
201.88	9.7962	2.1474	164.21	11.803	10.776	182.62	3.9028	26.653	186.59	-60.467	56.721	104.96	-98.274	47.257	113.95	-125.76	14.286
204.11	8.9374	1.8333	167.37	11.747	11.298	185.69	3.687	27.246	189.29	-60.763	57.28	107.48	-98.114	47.579	116.23	-125.23	14.436
207.42	8.6599	2.5155	170.52	11.539	11.966	188.81	3.3978	27.885	191.96	-61.098	57.786	110.02	-97.945	47.834	118.71	-125.3	14.794
211.63	8.8948	4.2255	173.85	11.346	12.506	191.98	3.1311	28.485	194.71	-61.387	58.368	112.62	-97.753	48.102	121.18	-125.15	15.119
214.95	8.4833	4.7818	177.14	11.17	12.906	195.16	2.8552	29.022	197.44	-61.715	58.897	115.2	-97.586	48.382	123.72	-125.08	15.403
217.32	7.5253	4.3501	180.48	10.933	13.42	198.36	2.5509	29.537	200.2	-62.017	59.474	117.81	-97.366	48.628	126.27	-124.98	15.712
220.86	7.2036	5.1087	183.92	10.729	14.021	201.61	2.2487	30.129	202.93	-62.35	60.007	120.41	-97.185	48.872	128.83	-124.89	16.001
224.22	6.7695	5.7801	187.24	10.567	14.267	204.82	1.8994	30.621	205.72	-62.674	60.589	123.06	-96.98	49.098	131.4	-124.78	16.221
227.6	6.3595	6.3371	190.55	10.343	14.644	208.03	1.613	31.197	208.49	-63.033	61.083	125.71	-96.81	49.33	133.88	-124.48	16.38
231.91	6.5038	8.0706	193.95	9.9843	14.958	211.21	1.2802	31.659	211.27	-63.424	61.53	128.37	-96.64	49.536	136.48	-124.5	16.696
235.23	6.1255	8.6354	197.26	9.8027	15.523	214.37	0.94084	32.25	214.07	-63.808	61.991	131.05	-96.501	49.753	139.05	-124.4	16.941
237.58	5.205	8.2257	200.46	9.6126	16.035	217.58	0.62417	32.775	216.86	-64.229	62.298	133.69	-96.38	49.933	141.74	-124.55	17.151
240.82	4.9236	8.8381	203.79	9.4114	16.593	220.71	0.2571	33.322	219.67	-64.672	62.621	136.35	-96.261	50.099	144.07	-124.11	17.201
244.02	4.5765	9.3408	206.99	9.1536	17.209	223.86	-0.036022	33.826	222.43	-65.109	62.878	139	-96.15	50.261	146.52	-123.92	17.325
247.07	4.2456	9.7575	210.13	8.9774	17.55	226.91	-0.3316	34.272	225.2	-65.502	63.075	141.63	-96.019	50.366	148.87	-123.78	17.328
250.23	4.0645	10.202	213.14	8.7943	17.751	229.94	-0.60805	34.595	227.88	-65.816	63.246	144.2	-95.861	50.432	151.26	-123.65	17.281
253.23	3.7452	10.428	216.19	8.6712	17.952	232.88	-0.83069	34.801	230.51	-66.09	63.338	146.74	-95.691	50.458	153.68	-123.5	17.299
256.09	3.4397	10.446	219.17	8.5422	18.06	235.77	-1.0099	34.904	233.06	-66.268	63.405	149.22	-95.495	50.466	155.96	-123.27	17.308
259.93	3.778	11.608	221.99	8.3814	17.993	238.53	-1.1769	34.875	235.54	-66.36	63.422	151.63	-95.246	50.358	158.27	-123.17	17.253
262.79	3.6045	11.597	224.74	8.2721	17.748	241.26	-1.299	34.781	238.01	-66.45	63.424	153.97	-94.965	50.251	160.55	-122.94	17.279
264.64	2.8244	10.327	227.41	8.1544	17.148	243.9	-1.415	34.541	240.36	-66.427	63.311	156.28	-94.661	50.093	162.7	-122.8	17.133
268.21	3.1762	11.132	230.05	7.9	16.961	246.45	-1.5298	34.224	242.63	-66.417	63.199	158.5	-94.351	49.906	164.82	-122.61	17.111
269.96	2.4921	9.8428	232.61	7.8627	16.497	248.94	-1.5732	33.906	244.92	-66.354	63.073	160.7	-94.039	49.703	166.89	-122.32	17.022
272.46	2.3318	9.489	234.99	7.621	15.832	251.25	-1.6659	33.535	247.07	-66.346	62.796	162.82	-93.739	49.453	169.04	-122.29	16.719
274.83	2.1845	9.1018	237.46	7.7748	15.632	253.71	-1.6631	33.132	249.23	-66.283	62.592	164.88	-93.441	49.145	170.95	-122.09	16.543
277.2	2.0914	8.7757	239.81	7.6306	15.273	255.94	-1.7041	32.726	251.26	-66.236	62.255	166.88	-93.148	48.831	172.81	-121.81	16.283
279.37	2.0083	8.3393	241.97	7.5363	14.653	258.1	-1.7403	32.304	253.24	-66.2	61.911	168.82	-92.875	48.48	174.77	-121.75	15.982
281.55	1.9552	7.9684	244.07	7.5323	14.36	260.19	-1.725	31.902	255.13	-66.161	61.567	170.69	-92.623	48.163	176.38	-121.43	15.82
283.59	1.8863	7.5303	245.72	7.102	13.216	262.15	-1.7702	31.376	256.95	-66.084	61.194	172.49	-92.367	47.785	178.28	-121.37	15.417
285.57	1.8415	7.0854	247.36	6.7008	12.002	263.91	-1.8289	30.852	258.74	-65.978	60.81	174.22	-92.117	47.409	179.85	-121.12	15.137
288.31	2.3565	7.7052	249.2	6.6794	11.573	265.76	-1.7712	30.392	260.46	-65.909	60.394	175.87	-91.868	47	181.4	-121.02	14.706
289.23	1.8035	6.1303	251.26	7.0262	11.324	267.58	-1.7225	29.847	262.06	-65.814	59.968	177.48	-91.595	46.622	182.95	-120.83	14.378
290.88	1.7598	5.5374	252.91	7.0729	10.818	269.25	-1.6689	29.327	263.62	-65.718	59.525	179	-91.38	46.209	184.34	-120.73	13.872
292.54	1.7613	5.0964	254.26	6.6492	9.7802	270.7	-1.6958	28.799	265.09	-65.591	59.089	180.46	-91.134	45.755	185.74	-120.45	13.63
294.95	2.3454	5.6437	256.04	7.1069	9.6212	272.29	-1.6031	28.288	266.52	-65.478	58.635	181.87	-90.913	45.366	187.03	-120.36	13.217
295.57	1.8264	4.0044	257.25	6.6809	8.6224	273.62	-1.5625	27.689	267.85	-65.332	58.164	183.19	-90.671	44.884	188.34	-120.26	12.762
296.9	1.8694	3.4061	258.83	7.0478	8.5148	275.07	-1.4008	27.107	269.13	-65.134	57.7	184.47	-90.436	44.437	189.57	-120.03	12.55
298.24	2.0172	2.8499	259.83	6.9029	7.2293	276.21	-1.326	26.402	270.34	-64.892	57.226	185.69	-90.196	43.986	190.73	-119.89	12.145
299.45	2.0971	2.1433	261.02	6.9683	6.4668	277.36	-1.2099	25.757	271.5	-64.667	56.72	186.81	-89.981	43.53	191.92	-119.85	11.675
300.58	2.1828	1.4267	262.39	7.2667	6.1344	278.57	-0.99308	25.049	272.59	-64.392	56.204	187.89	-89.72	43.023	192.91	-119.67	11.275
301.67	2.3495	0.76616	263.39	7.3483	5.4028	279.62	-0.7947	24.335	273.61	-64.105	55.661	188.92	-89.48	42.551	193.91	-119.52	10.902
302.61	2.4429	-0.069647	264.13	7.0895	4.027	280.41	-0.73799	23.437	274.57	-63.82	55.034	189.92	-89.242	42.066	194.87	-119.39	10.563
304.4	3.1026	0.22234	264.99	7.107	3.3195	281.27	-0.58262	22.68	275.48	-63.57	54.449	190.84	-89.003	41.543	195.66	-119.36	10.143
305.22	3.2059	-0.59739	265.75	7.1694	2.5817	282.33	-0.31649	22.054	276.35	-63.257	53.832	191.68	-88.795	41.041	196.83	-119.74	9.7685
305.13	2.7621	-2.5595	266.46	7.4583	2.1056	283.8	0.1124	21.85	277.2	-63.062	53.179	192.48	-88.619	40.501	197.32	-119.08	9.3463
305.89	2.9079	-3.1521	267.5	7.9175	2.4762	285.28	0.35437	21.806	278.02	-62.98	52.552	193.21	-88.435	39.989	198.02	-118.98	8.9387
306.47	3.1631	-3.4529	268.05	8.0254	2.3502	285.8	0.27187	21.758	278.79	-62.985	51.989	193.91	-88.352	39.547	198.63	-118.97	8.3644
306.96	3.3029	-3.9246	268.44	8.1516	2.0623	286.3	0.56411	21.754	279.51	-63.016	51.443	194.56	-88.355	39.139	199.26	-118.87	8.0331
307.35	3.4325	-4.4212	268.55	7.8764	1.5015	286.64	0.70372	21.797	280.16	-63.043	50.903	195.2	-88.394	38.802	199.78	-118.88	7.4878
307.79	3.5642	-4.8177	269.17	8.2327	1.7258	287.18	0.93709	21.761	280.75	-62.965	50.491	195.8	-88.422	38.463	200.34	-118.9	7.209
309.12	4.3413	-3.9743	269.2	8.0891	1.1095	287.43	0.95326	21.772	281.26	-62.902	50.092	196.29	-88.404	38.232	200.61	-118.81	6.9458
308.47	3.7327	-5.6604	269.51	8.1686	0.89839	287.83	0.99697	21.762	281.66	-62.786	49.722	196.65	-88.389	37.985	200.96	-118.83	6.7576
308.8	3.8175	-5.8937	270.02	8.4275	1.1373	288.3	1.0853	21.77	282.03	-62.742	49.536	196.94	-88.342	37.793	201.34	-118.82	6.6368
309.07	3.9432	-6.0789	270.12	8.4681	1.0208	288.51	1.1628	21.807	282.37	-62.696	49.319	197.24	-88.303	37.617	201.57	-118.85	6.5702
310.25	4.6552	-4.9877	270.5	8.6988	1.2263	288.59	1.1556	21.765	282.63	-62.626	49.116	197.51	-88.32	37.472	201.78	-118.88	6.3824
309.36	4.0597	-6.5446	270.68	8.7093	1.1945	288.81	1.2285	21.745	282.88	-62.563	48.916	197.75	-88.372	37.351	201.99	-118.94	6.1728
309.48	4.1238	-6.7077	270.76	8.7842	1.1558	288.95	1.2816	21.738	283.13	-62.518	48.835	198	-88.385	37.244	202.19	-118.95	6.1384
309.6	4.186	-6.8186	270.85	8.7842	0.93084	289.03	1.2966	21.716	283.32	-62.482	48.744	198.19	-88.36	37.165	202.38	-118.99	6.1234
309.69	4.2255	-7.0073	270.9	8.7716	0.85952	289.1	1.3235	21.714	283.49	-62.442	48.601	198.33	-88.357	37.079	202.54	-118.94	6.1325
309.78	4.224	-7.1777	270.93	8.7757	0.95157	289.2	1.3654	21.74	283.63	-62.389	48.507	198.43	-88.352	36.987	202.62	-118.97	6.0688
309.87	4.234	-7.3422	270.94	8.843	0.81045	289.24	1.3801	21.739	283.73	-62.327	48.402	198.51	-88.328	36.893	202.71	-119.03	6.0078
309.94	4.2146	-7.5136	270.97	8.7962	0.58066	289.29	1.3928	21.737	283.81	-62.267	48.3	198.57	-88.319	36.786	202.79	-119.07	5.9307
310.01	4.2065	-7.774	270.97	8.7875	0.44595	289.33	1.4003	21.737	283.87	-62.217	48.165	198.62	-88.298	36.701	202.87	-119.11	5.8461
310.09	4.0845	-8.196	271	8.7759	0.16627	289.37	1.3919	21.742	283.89	-62.123	48.042	198.66	-88.289	36.602	202.9	-119.17	5.8091
310.17	4.1151	-8.5125	270.45	8.21	-0.78162	289.37	1.3965	21.75	283.92	-61.935	47.857	198.69	-88.265	36.477	202.92	-119.22	5.7817
310.19	4.1022	-8.8768	270.56	8.1132	-1.9069	289.36	1.387	21.739	283.94	-61.793	47.648	198.71	-88.233	36.364	202.94	-119.28	5.7683
310.22	4.0028	-9.4019	270.5	7.8493	-3.0873	289.36	1.38	21.745	283.87	-61.59	47.41	198.7	-88.162	36.218	202.95	-119.32	5.747
310.31	3.8186	-10.237	270.46	7.6705	-3.9165	289.35	1.3655	21.734	283.78	-61.309	47.103	198.67	-88.057	35.999	202.93	-119.33	5.7121
310.33	3.6392	-11.133	270.42	7.68	-4.549	289.35	1.3768	21.741	283.8	-60.966	46.741	198.6	-87.819	35.717	202.91	-119.32	5.6698
310.43	3.6955	-11.507	270.37	7.6986	-5.0819	289.34	1.3662	21.726	283.77	-60.799	46.351	198.47	-87.612	35.436	202.88	-119.26	5.5471
310.5	3.7498	-11.769	270.36	7.6135	-5.7691	289.33	1.3604	21.73	283.69	-60.81	46.04	198.35	-87.528	35.239	202.84	-119.17	5.3544
310.54	3.6331	-12.039	270.3	7.5603	-6.3514	289.33	1.3604	21.733	283.6	-60.816	45.841	198.3	-87.506	35.071	202.74	-119.12	5.1976
310.61	3.4967	-12.347	270.27	7.4701	-6.4462	289.33	1.3564	21.74	283.46	-60.772	45.666	198.26	-87.437	34.882	202.58	-119.1	5.0674
310.64	3.4379	-12.458	270.24	7.4503	-6.5305	289.33	1.3605	21.733	283.34	-60.706	45.64	198.16	-87.325	34.793	202.38	-119.15	4.9648
310.68	3.4163	-12.402	270.21	7.423	-6.6329	289.32	1.3615	21.737	283.19	-60.653	45.698	197.99	-87.224	34.778	202.26	-119.12	5.0252
310.72	3.3766	-12.31	270.21	7.3857	-7.0322	289.32	1.3489	21.743	283	-60.643	45.779	197.78	-87.164	34.795	202.15	-119.02	5.0582
311.7	3.9023	-10.972	270.15	7.2339	-7.2079	289.32	1.3606	21.75	282.8	-60.626	45.918	197.63	-87.122	34.882	202.07	-118.99	5.2001
311.75	3.8134	-10.87	270.05	7.1826	-7.0401	289.3	1.3438	21.739	282.62	-60.605	46.004	197.52	-87.047	34.971	201.95	-118.96	5.3301
310.84	3.1263	-12.029	269.89	7.0783	-6.9333	289.24	1.3629	21.744	282.46	-60.603	46.16	197.38	-86.948	35.047	201.69	-118.96	5.5168
311.99	3.6716	-10.484	269.63	7.1303	-6.7267	289.21	1.3743	21.741	282.29	-60.634	46.242	197.2	-86.877	35.135	201.47	-118.93	5.5219
311.55	3.0648	-11.245	269.35	7.0372	-6.8172	289.22	1.3665	21.754	282.11	-60.687	46.354	197	-86.887	35.215	201.28	-118.98	5.5794
312.23	2.7773	-11.06	268.92	7.0507	-6.7494	289.22	1.3705	21.747	281.88	-60.705	46.339	196.79	-86.923	35.327	201.11	-118.99	5.7398
313.53	2.7021	-10.41	268.37	7.0262	-6.7025	289.23	1.3754	21.753	281.59	-60.638	46.242	196.56	-86.956	35.43	200.85	-118.98	5.9292
313.87	1.9503	-11.012	267.72	6.9848	-6.9703	289.22	1.3736	21.749	281.32	-60.577	46.189	196.29	-86.928	35.487	200.49	-118.99	5.9457
315.6	1.6189	-10.005	267.05	6.8662	-7.0382	289.23	1.3767	21.755	280.97	-60.616	46.113	195.89	-86.865	35.484	200.13	-119.08	6.0904
316.92	0.87966	-9.5807	266.33	6.867	-7.2188	289.23	1.3685	21.752	280.54	-60.703	46.124	195.46	-86.848	35.569	199.73	-119.08	6.2091
318.34	-0.013508	-8.9342	265.57	6.9742	-7.0751	289.37	1.4473	21.803	280.06	-60.806	46.137	194.96	-86.89	35.643	199.22	-119.21	6.2528
319.89	-0.81951	-8.0156	264.83	7.0344	-6.8021	289.37	1.4471	21.803	279.55	-60.965	46.162	194.45	-86.98	35.75	198.98	-119.73	6.5026
321.32	-1.8597	-7.0604	263.88	7.0507	-6.6415	289.36	1.4436	21.81	278.97	-61.172	46.191	193.88	-87.081	35.908	198.13	-119.44	6.5648
322.63	-3.0804	-6.2168	262.84	7.0407	-6.3858	289.37	1.4483	21.806	278.4	-61.326	46.278	193.21	-87.214	36.125	197.42	-119.56	6.7606
323.87	-4.3637	-5.281	261.67	7.0747	-6.0714	289.37	1.4457	21.801	277.76	-61.549	46.369	192.52	-87.376	36.39	196.81	-119.65	7.018
324.95	-5.7	-4.2807	260.45	7.1146	-5.9215	289.37	1.4369	21.799	277.07	-61.764	46.477	191.76	-87.602	36.698	196.31	-120.3	7.4178
325.84	-7.076	-3.3515	259.15	7.0236	-5.432	289.37	1.4358	21.811	276.36	-62.04	46.621	190.95	-87.893	37.027	195.18	-120.06	7.5327
326.55	-8.5075	-2.2478	257.82	6.9151	-4.9067	289.37	1.4343	21.81	275.56	-62.373	46.845	190.1	-88.178	37.395	194.28	-120.33	7.8136
327.08	-9.8919	-1.2588	256.38	6.9667	-4.642	289.37	1.4334	21.808	274.66	-62.781	47.018	189.16	-88.466	37.782	193.28	-120.57	8.2102
327.41	-11.38	-0.22254	254.95	6.7921	-3.9752	289.37	1.431	21.807	273.66	-63.232	47.312	188.12	-88.794	38.241	192.27	-120.84	8.5384
327.65	-12.923	0.87187	253.51	6.664	-3.5197	289.37	1.4257	21.809	272.59	-63.73	47.635	186.99	-89.147	38.67	191.1	-121.1	8.94
327.79	-14.454	2.0295	251.99	6.4863	-2.8434	289.36	1.4286	21.803	271.43	-64.278	48.034	185.77	-89.54	39.147	189.95	-121.37	9.2865
327.75	-16.087	3.2257	250.44	6.3055	-2.1692	289.37	1.4226	21.805	270.17	-64.874	48.464	184.48	-89.923	39.578	188.7	-121.64	9.6907
327.52	-17.66	4.5336	248.87	6.0699	-1.5431	289.37	1.4221	21.804	268.74	-65.513	48.949	183.07	-90.296	40.078	187.3	-121.92	10.084
327.08	-19.215	5.7871	247.47	6.2116	-0.11817	289.37	1.4246	21.807	267.37	-65.952	49.843	181.55	-90.679	40.585	185.8	-122.28	10.511
326.48	-20.617	7.1462	245.81	5.9413	0.91326	289.37	1.4222	21.817	265.75	-66.619	50.494	179.94	-91.076	41.125	184.19	-122.59	10.87
325.62	-21.951	8.4358	244.01	5.6345	1.8647	289.38	1.4291	21.814	263.97	-67.316	51.066	178.2	-91.491	41.697	182.58	-122.8	11.378
324.57	-23.03	9.8433	242.15	5.4549	2.7246	289.37	1.4313	21.808	262.07	-68.022	51.813	176.35	-91.93	42.273	180.8	-123.17	11.793
323.15	-24.081	11.002	240.16	5.0805	4.0087	289.37	1.4264	21.807	260.1	-68.692	52.457	174.39	-92.38	42.877	178.83	-123.42	12.325
321.52	-24.857	12.263	238.05	4.7743	4.9254	289.37	1.4343	21.81	257.96	-69.368	53.212	172.29	-92.834	43.541	176.85	-123.77	12.743
319.61	-25.501	13.384	235.83	4.4881	6.0333	289.37	1.4339	21.81	255.7	-69.977	53.953	170.06	-93.28	44.223	174.73	-124.01	13.286
317.47	-25.907	14.571	233.52	4.2197	7.361	289.37	1.4369	21.801	253.27	-70.582	54.734	167.71	-93.716	44.952	172.37	-124.29	13.786
315.03	-26.201	15.636	231.05	3.9469	8.5764	289.37	1.4357	21.812	250.75	-71.093	55.585	165.22	-94.167	45.664	170.26	-124.88	14.516
312.44	-26.205	16.895	228.41	3.7256	9.8419	289.37	1.4344	21.811	248.05	-71.563	56.475	162.6	-94.593	46.366	167.49	-124.81	14.985
309.56	-26.189	17.992	225.58	3.5982	11.012	289.37	1.4433	21.813	245.23	-71.95	57.327	159.85	-95.029	47.101	165.02	-125	15.533
306.55	-25.991	19.203	222.65	3.5838	12.092	289.37	1.4371	21.814	242.23	-72.255	58.188	156.98	-95.447	47.83	162.33	-125.29	16.088
303.32	-25.66	20.449	219.55	3.5262	13.422	289.37	1.4263	21.809	239.06	-72.496	59.172	153.99	-95.842	48.552	159.73	-125.77	16.806
299.9	-25.184	21.688	216.29	3.5095	14.759	289.36	1.4322	21.806	235.78	-72.683	59.996	150.86	-96.226	49.241	156.65	-125.65	17.288
296.22	-24.611	22.739	212.85	3.6783	15.864	289.37	1.4347	21.811	232.36	-72.81	60.974	147.59	-96.593	49.938	153.76	-126.18	17.932
292.29	-23.856	23.857	209.26	3.7128	17.421	289.37	1.4235	21.806	228.82	-72.772	61.811	144.21	-96.952	50.607	150.51	-126.16	18.4
288.09	-23.072	24.703	205.53	3.96	18.608	289.37	1.4198	21.814	225.13	-72.847	62.739	140.72	-97.328	51.256	147.37	-126.2	19.001
283.66	-22.069	25.559	201.63	4.281	19.949	289.37	1.4228	21.804	221.36	-72.799	63.639	137.12	-97.697	51.925	143.93	-126.37	19.529
279.07	-20.921	26.319	197.64	4.5478	21.317	289.37	1.4199	21.814	217.46	-72.664	64.338	133.41	-98.079	52.608	140.55	-126.61	20.006
274.18	-19.737	26.931	193.36	4.9083	22.81	289.37	1.4223	21.817	213.45	-72.531	65.231	129.58	-98.45	53.227	137.14	-126.95	20.667
269.07	-18.341	27.434	188.99	5.2546	24.173	289.37	1.4213	21.816	209.36	-72.214	65.862	125.68	-98.836	53.922	133.4	-126.92	21.202
263.73	-16.821	27.874	184.47	5.6412	25.513	289.37	1.4213	21.816	205.2	-71.996	66.662	121.69	-99.23	54.533	129.8	-127.25	21.786
258.08	-15.175	28.129	179.79	6.0244	26.863	289.38	1.4279	21.814	200.97	-71.609	67.284	117.63	-99.648	55.129	125.92	-127.19	22.229
252.2	-13.419	28.333	175.06	6.396	27.986	289.37	1.4198	21.813	196.68	-71.308	68.049	113.53	-100.06	55.715	122.27	-127.62	22.769
246.09	-11.667	28.396	170.27	6.7124	28.975	289.37	1.4234	21.819	192.29	-70.892	68.578	109.35	-100.49	56.284	118.28	-127.66	23.237
239.79	-9.9281	28.408	165.38	7.1251	29.794	289.37	1.4243	21.807	187.84	-70.408	69.254	105.16	-100.91	56.786	114.3	-127.83	23.617
233.35	-8.094	28.426	160.44	7.4082	30.459	289.37	1.4219	21.802	183.34	-69.978	69.82	101.38	-101.05	57.69	111.06	-127.97	24.598
226.79	-6.2367	28.463	155.59	7.6856	30.989	289.37	1.4214	21.803	178.82	-69.471	70.363	96.616	-101.76	57.712	106.32	-128.28	24.431
289.37	1.431	21.807	150.57	7.918	31.492	NaN	NaN	NaN	174.21	-69.009	70.887	92.299	-102.2	58.18	102.34	-128.49	24.852
289.37	1.4331	21.812	145.53	8.1832	31.897	NaN	NaN	NaN	169.61	-68.506	71.29	87.934	-102.64	58.572	98.225	-128.76	25.166
289.36	1.4275	21.816	140.53	8.3302	32.382	NaN	NaN	NaN	164.97	-68.014	71.612	83.594	-103.09	58.876	94.12	-128.99	25.429
289.36	1.4288	21.803	135.57	8.5784	32.46	198.81	0.72107	27.81	160.33	-67.479	71.924	79.193	-103.57	59.154	90.087	-129.31	25.678
289.37	1.4346	21.811	130.51	8.7872	32.496	191.51	2.331	27.501	155.64	-66.983	72.141	74.799	-104.04	59.423	85.839	-129.44	25.773
289.36	1.4289	21.817	125.47	8.8814	32.405	NaN	NaN	NaN	150.91	-66.44	72.299	70.404	-104.51	59.602	81.705	-129.81	25.939
289.36	1.4306	21.805	120.4	8.9993	32.133	NaN	NaN	NaN	146.19	-65.862	72.429	65.985	-104.97	59.736	77.45	-130.01	26.051
289.36	1.4292	21.818	115.29	9.0883	31.743	NaN	NaN	NaN	141.45	-65.255	72.453	61.623	-105.43	59.839	73.358	-130.34	26.124
289.36	1.43	21.819	110.22	9.2352	31.223	162.24	7.4754	25.39	136.73	-64.607	72.378	57.265	-105.85	59.844	69.221	-130.71	26.11
289.36	1.4176	21.809	105.16	9.2569	30.637	NaN	NaN	NaN	131.76	-64.211	71.916	52.909	-106.32	59.825	65.094	-131.01	26.129
289.37	1.4199	21.814	100.15	9.2887	29.881	NaN	NaN	NaN	127.09	-63.563	71.73	48.626	-106.74	59.815	60.994	-131.19	26.019
289.37	1.4223	21.805	95.111	9.3641	29.156	NaN	NaN	NaN	122.42	-62.94	71.468	44.393	-107.21	59.728	56.947	-131.57	25.976
289.37	1.4194	21.814	90.162	9.4067	28.373	NaN	NaN	NaN	117.82	-62.353	71.153	40.222	-107.66	59.589	52.958	-131.88	25.842
289.37	1.4172	21.812	85.162	9.4396	27.581	NaN	NaN	NaN	113.27	-61.768	70.769	36.115	-108.13	59.455	49.043	-132.26	25.588
289.37	1.4172	21.812	80.235	9.3671	26.917	NaN	NaN	NaN	108.86	-61.229	70.317	32.075	-108.61	59.257	45.145	-132.59	25.413
289.37	1.4197	21.814	75.37	9.352	26.309	NaN	NaN	NaN	104.47	-60.749	69.882	28.117	-109.1	59.025	41.371	-132.96	25.188
289.37	1.4198	21.816	70.671	9.2896	25.682	NaN	NaN	NaN	100.18	-60.347	69.323	24.241	-109.59	58.789	37.488	-133.33	24.864
289.37	1.4225	21.817	66.048	9.2188	24.993	NaN	NaN	NaN	96.009	-59.982	68.783	20.406	-110.08	58.471	33.824	-133.73	24.534
289.38	1.4147	21.815	61.488	9.0695	24.467	NaN	NaN	NaN	91.895	-59.656	68.215	16.65	-110.56	58.122	30.227	-134.04	24.149
289.37	1.4115	21.813	56.703	9.2269	24.294	84.711	12.751	14.427	87.821	-59.393	67.62	12.955	-111.04	57.764	26.615	-134.43	23.628
289.37	1.4245	21.806	51.879	9.3579	24.914	78.595	12.552	13.389	83.836	-59.152	66.963	9.3369	-111.48	57.342	23.081	-134.82	23.213
289.38	1.4273	21.813	47.184	9.2574	24.146	73.483	12.433	12.467	79.988	-58.973	66.319	5.8355	-111.97	56.949	19.669	-135.24	22.718
289.37	1.4217	21.816	42.667	9.1548	23.388	68.789	12.312	11.447	76.143	-58.806	65.753	2.3646	-112.39	56.473	16.36	-135.58	22.232
289.37	1.4243	21.807	38.439	9.0024	22.571	64.656	12.31	10.73	72.424	-58.612	65.05	-0.99743	-112.85	56.008	13.143	-136	21.755
289.37	1.4248	21.808	34.371	8.8082	21.704	60.337	12.012	9.5961	68.784	-58.441	64.384	-4.2663	-113.3	55.56	10.065	-136.38	21.298
289.37	1.422	21.813	30.367	8.6049	20.79	56.378	11.915	8.754	65.265	-58.3	63.726	-7.481	-113.72	55.057	6.9387	-136.83	20.892
289.36	1.4312	21.804	26.494	8.3934	19.889	52.293	11.658	7.7116	61.845	-58.162	63.032	-10.575	-114.1	54.551	4.0066	-137.21	20.348
289.37	1.4242	21.818	22.728	8.1766	19.019	48.448	11.497	6.8314	58.588	-58.042	62.4	-13.532	-114.5	54.109	1.2551	-137.63	19.886
289.37	1.4226	21.805	19.132	7.9556	18.15	44.81	11.355	5.9625	55.42	-57.928	61.765	-16.364	-114.91	53.603	-1.5492	-137.98	19.368
289.37	1.4214	21.816	15.685	7.7231	17.295	41.272	11.11	5.0978	52.366	-57.832	61.153	-19.049	-115.31	53.128	-4.0978	-138.46	18.943
289.37	1.4257	21.809	12.335	7.4934	16.41	37.925	10.896	4.235	49.437	-57.76	60.565	-21.678	-115.69	52.63	-6.6184	-138.8	18.544
289.37	1.4215	21.803	9.2223	7.2317	15.591	34.696	10.626	3.3107	46.639	-57.707	59.972	-24.193	-116.05	52.153	-8.9488	-139.21	18.066
289.37	1.4266	21.81	6.2583	7.0155	14.844	31.672	10.385	2.5225	43.979	-57.649	59.378	-26.628	-116.36	51.695	-11.341	-139.52	17.644
289.37	1.4228	21.818	3.4403	6.7794	14.079	28.915	10.177	1.8455	41.449	-57.632	58.835	-28.928	-116.7	51.228	-13.476	-139.88	17.222
289.37	1.4217	21.816	0.81678	6.5531	13.395	26.17	9.8426	1.0835	39.022	-57.654	58.306	-31.169	-117.03	50.748	-15.722	-139.98	16.694
289.37	1.4217	21.816	-1.7103	6.332	12.723	23.699	9.6197	0.44235	36.726	-57.721	57.776	-33.234	-117.31	50.32	-17.602	-140.52	16.221
289.37	1.4199	21.814	-4.0376	6.0877	12.033	21.393	9.4021	-0.11338	34.566	-57.808	57.289	-35.243	-117.6	49.868	-19.545	-140.81	15.82
289.37	1.4175	21.812	-6.2748	5.8756	11.448	19.047	9.0825	-0.78753	32.507	-57.875	56.807	-37.138	-117.87	49.406	-21.371	-141.14	15.4
289.37	1.4097	21.81	-8.3352	5.6935	10.936	16.987	8.8583	-1.3356	30.586	-57.98	56.365	-38.939	-118.12	49.04	-23.096	-141.38	14.887
289.37	1.42	21.814	-10.323	5.4919	10.371	15.032	8.6365	-1.8654	28.73	-58.042	55.973	-40.667	-118.36	48.579	-24.716	-141.61	14.615
289.37	1.419	21.813	-12.135	5.3458	9.8815	13.162	8.4011	-2.3674	26.947	-58.122	55.596	-42.342	-118.59	48.224	-26.274	-141.87	14.169
289.37	1.4191	21.813	-13.872	5.1809	9.3615	11.429	8.1646	-2.8443	25.263	-58.205	55.219	-43.9	-118.77	47.852	-27.71	-142.05	13.861
289.37	1.4228	21.818	-15.512	5.0029	8.7656	9.8231	7.9504	-3.3735	23.639	-58.223	54.951	-45.405	-118.93	47.489	-29.095	-142.29	13.554
289.37	1.42	21.814	-17.003	4.8897	8.3236	8.2919	7.7148	-3.8167	22.087	-58.23	54.685	-46.852	-119.06	47.065	-30.381	-142.46	13.241
289.37	1.4218	21.817	-18.439	4.7644	7.7696	7.026	7.5781	-4.2131	20.596	-58.252	54.445	-48.256	-119.19	46.733	-31.616	-142.68	12.872
289.37	1.4223	21.802	-19.733	4.6336	7.3008	5.664	7.351	-4.7453	19.214	-58.246	54.246	-49.535	-119.26	46.364	-32.734	-142.84	12.7
289.37	1.4228	21.806	-21.003	4.5684	6.7812	4.3846	7.0902	-5.2842	17.841	-58.245	53.986	-50.969	-119.17	46.237	-33.837	-142.99	12.316
289.37	1.422	21.816	-22.151	4.4544	6.2061	3.3917	6.9466	-5.6764	16.55	-58.22	53.762	-52.134	-119.23	45.865	-34.845	-143.14	12.037
289.37	1.4223	21.802	-23.281	4.4055	5.7635	2.186	6.7061	-6.2824	15.352	-58.181	53.528	-53.273	-119.25	45.48	-35.773	-143.23	11.892
289.37	1.4224	21.817	-24.322	4.3258	5.1961	1.3382	6.5549	-6.6812	14.195	-58.156	53.261	-54.302	-119.29	45.04	-36.715	-143.33	11.488
289.37	1.4319	21.823	-25.286	4.2455	4.5937	0.4954	6.4266	-7.1807	13.127	-58.081	52.965	-55.317	-119.28	44.615	-37.482	-143.45	11.176
289.37	1.4223	21.817	-26.178	4.2285	4.1	-0.45231	6.2088	-7.8295	12.113	-58.016	52.616	-56.24	-119.31	44.141	-38.297	-143.52	10.796
289.37	1.4223	21.802	-27.049	4.1838	3.5173	-1.2295	6.1024	-8.3557	11.169	-57.963	52.213	-57.066	-119.31	43.717	-38.989	-143.65	10.444
289.37	1.4214	21.816	-27.912	4.1215	2.8599	-1.8886	6.0188	-8.9141	10.337	-57.905	51.803	-57.837	-119.32	43.246	-39.776	-143.58	10.05
289.37	1.4117	21.812	-28.661	4.1186	2.3131	-2.6382	5.889	-9.5462	9.5805	-57.829	51.336	-58.54	-119.31	42.774	-40.305	-143.82	9.6182
289.38	1.4153	21.816	-29.388	4.0348	1.6225	-3.345	5.8973	-10.247	8.8477	-57.741	50.795	-59.193	-119.31	42.237	-40.859	-143.89	9.2275
289.37	1.4135	21.803	-30.046	4.0535	1.0892	-3.9794	5.8068	-10.935	8.2372	-57.704	50.225	-59.541	-119.48	41.483	-41.425	-143.9	8.7813
289.37	1.4125	21.814	-30.707	4.0063	0.37183	-4.7696	5.6304	-11.757	7.6765	-57.592	49.602	-60.045	-119.5	40.994	-41.908	-143.95	8.331
289.38	1.4164	21.805	-31.35	3.9519	-0.36847	-5.2269	5.6914	-12.337	7.1887	-57.532	48.946	-60.482	-119.5	40.458	-42.38	-144.08	7.7763
289.37	1.4097	21.81	-31.949	3.8889	-1.1764	-5.8192	5.6716	-13.172	6.7819	-57.462	48.215	-60.86	-119.51	39.852	-42.697	-144.09	7.2265
289.37	1.4116	21.812	-32.494	3.9099	-1.8355	-6.2943	5.601	-13.891	6.3575	-57.384	47.484	-61.203	-119.53	39.319	-43.119	-144.16	6.6541
289.38	1.4162	21.818	-32.942	3.8055	-2.6764	-6.8552	5.5841	-14.784	6.0297	-57.296	46.714	-61.483	-119.53	38.66	-43.538	-143.95	6.0072
289.37	1.4217	21.816	-33.371	3.7799	-3.5383	-7.2809	5.4218	-15.708	5.701	-57.214	45.967	-61.757	-119.52	38.096	-43.895	-144.02	5.3191
289.37	1.4189	21.812	-33.649	3.7087	-4.4396	-7.5913	5.2503	-16.618	5.3339	-57.092	45.301	-62.037	-119.5	37.435	-44.052	-144.25	4.7315
289.37	1.4139	21.813	-33.867	3.6353	-5.3576	-7.6639	5.1435	-17.432	4.9729	-56.983	44.735	-62.349	-119.44	36.909	-44.282	-144.23	4.2368
289.36	1.4173	21.809	-33.97	3.5738	-6.1121	-7.8053	4.8992	-18.222	4.5906	-56.924	44.269	-62.701	-119.33	36.266	-44.51	-144.3	3.7518
289.36	1.4183	21.81	-33.681	1.6301	-11.679	-7.8047	4.7773	-18.493	4.1614	-56.835	43.855	-63.08	-119.22	35.79	-44.675	-144.26	3.3021
289.36	1.4246	21.81	-33.768	1.5557	-12.277	-7.8255	4.9328	-18.336	3.7716	-56.807	43.593	-63.508	-119.09	35.272	-44.969	-144.13	3.055
289.36	1.4277	21.802	-33.823	1.4873	-12.789	-7.8218	4.9647	-18.33	3.3916	-56.868	43.454	-63.892	-118.96	34.8	-45.172	-144.2	2.7423
289.36	1.427	21.815	-33.847	1.526	-12.86	-7.8104	4.9306	-18.343	3.0787	-56.98	43.485	-64.243	-118.86	34.474	-45.479	-144.05	2.4514
289.37	1.4206	21.814	-33.836	1.5603	-12.871	-7.7819	4.9195	-18.333	2.7909	-57.078	43.584	-64.57	-118.8	34.204	-45.525	-144.21	2.2811
289.37	1.4187	21.812	-33.835	1.5685	-12.898	-7.7668	4.8426	-18.337	2.4656	-57.108	43.7	-64.857	-118.78	34.017	-45.696	-144.2	2.1966
289.36	1.4149	21.819	-33.884	1.5891	-12.963	-7.7476	4.7975	-18.336	2.1957	-57.081	43.813	-65.128	-118.76	33.927	-45.869	-144.2	2.1377
289.36	1.4158	21.808	-33.976	1.5994	-13.041	-7.7943	4.7789	-18.345	1.9483	-57.043	43.899	-65.39	-118.64	33.859	-46.051	-144.16	2.1805
289.36	1.4152	21.808	-34.087	1.6156	-13.135	-7.8555	4.7959	-18.355	1.6298	-56.953	43.977	-65.651	-118.51	33.779	-46.271	-144.01	2.2606
289.36	1.4149	21.808	-34.236	1.6378	-13.256	-7.9424	4.8394	-18.365	1.3966	-56.827	44.09	-65.884	-118.39	33.735	-46.458	-143.97	2.2526
289.37	1.4103	21.812	-34.374	1.6637	-13.338	-8.0137	4.8919	-18.36	1.1605	-56.751	44.185	-66.082	-118.32	33.69	-46.574	-143.94	2.2516
289.37	1.4106	21.812	-34.538	1.6952	-13.44	-8.1006	4.9469	-18.348	0.89546	-56.657	44.167	-66.263	-118.26	33.63	-46.668	-143.88	2.2512
289.37	1.4173	21.812	-34.686	1.7314	-13.555	-8.3458	4.9334	-18.418	0.70712	-56.515	44.218	-66.436	-118.17	33.543	-46.787	-143.85	2.2285
289.36	1.4156	21.809	-34.795	1.7608	-13.644	-8.4332	5.019	-18.347	0.51087	-56.47	44.222	-66.608	-118.07	33.42	-46.901	-143.8	2.1883
289.37	1.4104	21.811	-34.891	1.8188	-13.681	-8.5113	5.0515	-18.363	0.34925	-56.443	44.22	-66.777	-117.99	33.292	-47.116	-143.66	2.0807
289.37	1.4197	21.803	-34.961	1.8713	-13.717	-8.5924	5.0944	-18.357	0.17559	-56.442	44.153	-66.936	-117.92	33.157	-47.177	-143.62	2.0362
289.36	1.4181	21.811	-35.038	1.9062	-13.756	-8.6454	5.129	-18.354	0.044102	-56.434	44.089	-67.074	-117.87	33.012	-47.39	-143.42	1.8514
289.36	1.4249	21.81	-35.116	1.929	-13.822	-8.6984	5.152	-18.373	-0.068195	-56.44	44.012	-67.185	-117.84	32.841	-47.365	-143.57	1.7931
