137.73	0.075197	20.142	-32.467	-0.29533	-13.268	-6.6358	5.1112	-18.768	-0.97309	-58.101	41.579	-65.609	-121.25	27.312	-44.377	-147.38	-2.2349
137.72	0.071098	20.133	-32.463	-0.30468	-13.271	-6.6353	5.1112	-18.769	-0.96379	-58.094	41.574	-65.608	-121.25	27.301	-44.367	-147.38	-2.2274
137.73	0.075049	20.14	-32.468	-0.30659	-13.29	-6.6445	5.1181	-18.785	-0.96419	-58.095	41.573	-65.607	-121.25	27.302	-44.372	-147.38	-2.2407
137.72	0.068546	20.143	-32.474	-0.29872	-13.275	-6.64	5.1076	-18.774	-0.95902	-58.103	41.56	-65.6	-121.24	27.294	-44.38	-147.37	-2.2281
137.72	0.071336	20.132	-32.466	-0.29525	-13.268	-6.6358	5.1112	-18.768	-0.95859	-58.103	41.573	-65.603	-121.24	27.305	-44.383	-147.38	-2.2329
137.72	0.078878	20.134	-32.47	-0.30808	-13.279	-6.6308	5.1162	-18.777	-0.95255	-58.087	41.586	-65.601	-121.24	27.295	-44.368	-147.38	-2.2281
137.73	0.072852	20.15	-32.469	-0.30733	-13.29	-6.6344	5.1112	-18.769	-0.95807	-58.089	41.566	-65.606	-121.24	27.302	-44.37	-147.38	-2.2302
137.73	0.077595	20.143	-32.476	-0.31148	-13.283	-6.6358	5.1112	-18.768	-0.96008	-58.09	41.565	-65.606	-121.24	27.302	-44.368	-147.38	-2.2266
137.72	0.076013	20.146	-32.474	-0.29806	-13.274	-6.6382	5.1106	-18.771	-0.96379	-58.094	41.574	-65.608	-121.25	27.301	-44.372	-147.38	-2.2322
137.72	0.078448	20.135	-32.477	-0.31214	-13.284	-6.6348	5.1112	-18.769	-0.96179	-58.093	41.574	-65.606	-121.24	27.302	-44.379	-147.37	-2.216
137.72	0.070652	20.133	-32.476	-0.29955	-13.276	-6.6368	5.1106	-18.771	-0.96051	-58.091	41.564	-65.61	-121.25	27.3	-44.38	-147.37	-2.2295
137.73	0.074814	20.14	-32.472	-0.29857	-13.273	-6.6368	5.1106	-18.771	-0.96087	-58.092	41.577	-65.611	-121.24	27.289	-44.37	-147.38	-2.2293
137.72	0.066685	20.127	-32.478	-0.30131	-13.279	-6.6298	5.128	-18.769	-0.96422	-58.093	41.561	-65.609	-121.25	27.302	-44.373	-147.38	-2.2305
137.72	0.068763	20.142	-32.474	-0.30098	-13.274	-6.6353	5.1112	-18.769	-0.95608	-58.102	41.572	-65.61	-121.25	27.299	-44.372	-147.39	-2.2358
137.72	0.068424	20.133	-32.475	-0.30933	-13.296	-6.6271	5.1144	-18.762	-0.95808	-58.103	41.572	-65.605	-121.24	27.287	-44.369	-147.39	-2.2341
137.73	0.073441	20.136	-32.48	-0.30204	-13.28	-6.6324	5.1109	-18.767	-0.95141	-58.099	41.564	-65.597	-121.25	27.291	-44.363	-147.4	-2.2353
137.72	0.066238	20.14	-32.474	-0.31121	-13.281	-6.6409	5.1091	-18.787	-0.95262	-58.1	41.564	-65.599	-121.25	27.277	-44.361	-147.4	-2.246
137.72	0.070041	20.148	-32.478	-0.31379	-13.285	-6.6353	5.1112	-18.769	-0.94147	-58.103	41.541	-65.594	-121.25	27.291	-44.359	-147.4	-2.2447
137.72	0.068405	20.146	-32.474	-0.31358	-13.282	-6.6276	5.1145	-18.762	-0.93906	-58.102	41.543	-65.588	-121.26	27.278	-44.358	-147.4	-2.2456
137.72	0.066059	20.142	-32.478	-0.31379	-13.285	-6.6272	5.1145	-18.762	-0.93723	-58.1	41.543	-65.588	-121.26	27.289	-44.351	-147.41	-2.2456
137.73	0.075177	20.14	-32.483	-0.31911	-13.277	-6.6358	5.1112	-18.768	-0.9352	-58.099	41.558	-65.578	-121.27	27.278	-44.354	-147.41	-2.2356
137.73	0.074396	20.143	-32.482	-0.31705	-13.289	-6.6333	5.1108	-18.766	-0.9305	-58.096	41.55	-65.575	-121.26	27.281	-44.351	-147.41	-2.2483
137.72	0.06585	20.143	-32.478	-0.31446	-13.286	-6.628	5.1159	-18.775	-0.91648	-58.087	41.563	-65.575	-121.27	27.293	-44.352	-147.41	-2.2477
137.72	0.068808	20.13	-32.477	-0.31371	-13.285	-6.628	5.1159	-18.775	-0.92031	-58.1	41.539	-65.572	-121.26	27.295	-44.356	-147.41	-2.2514
137.72	0.065855	20.141	-32.475	-0.31197	-13.282	-6.632	5.1142	-18.766	-0.923	-58.101	41.537	-65.575	-121.27	27.293	-44.347	-147.4	-2.2436
137.72	0.06851	20.142	-32.479	-0.31454	-13.286	-6.64	5.1076	-18.774	-0.92031	-58.1	41.539	-65.573	-121.26	27.283	-44.343	-147.4	-2.2534
137.72	0.073191	20.136	-32.481	-0.30278	-13.281	-6.6407	5.1217	-18.779	-0.92669	-58.092	41.539	-65.577	-121.25	27.284	-44.344	-147.4	-2.2417
137.72	0.068807	20.13	-32.474	-0.29806	-13.274	-6.6371	5.1121	-18.785	-0.90936	-58.093	41.548	-65.573	-121.25	27.286	-44.347	-147.4	-2.2575
137.72	0.071362	20.133	-32.48	-0.30205	-13.28	-6.6252	5.1189	-18.772	-0.91917	-58.088	41.546	-65.57	-121.25	27.292	-44.347	-147.39	-2.25
137.72	0.067623	20.13	-32.48	-0.30205	-13.28	-6.6397	5.1216	-18.78	-0.91466	-58.084	41.551	-65.578	-121.25	27.284	-44.35	-147.39	-2.2522
137.72	0.085376	20.145	-32.485	-0.30601	-13.285	-6.6336	5.1282	-18.771	-0.91258	-58.081	41.541	-65.572	-121.25	27.287	-44.356	-147.39	-2.2553
137.72	0.077574	20.133	-32.488	-0.30552	-13.287	-6.6404	5.1202	-18.765	-0.91137	-58.08	41.541	-65.572	-121.25	27.275	-44.346	-147.39	-2.248
137.72	0.085376	20.145	-32.475	-0.29673	-13.288	-6.6413	5.1211	-18.782	-0.90936	-58.093	41.548	-65.572	-121.25	27.289	-44.341	-147.4	-2.2395
137.72	0.080981	20.138	-32.484	-0.30295	-13.284	-6.6427	5.1211	-18.781	-0.91057	-58.094	41.547	-65.565	-121.24	27.282	-44.35	-147.39	-2.2411
137.72	0.073027	20.136	-32.476	-0.29888	-13.275	-6.6331	5.1249	-18.772	-0.90755	-58.09	41.537	-65.564	-121.24	27.281	-44.347	-147.39	-2.2393
137.72	0.069046	20.13	-32.486	-0.30413	-13.285	-6.6387	5.1077	-18.775	-0.90755	-58.09	41.537	-65.559	-121.25	27.28	-44.347	-147.41	-2.245
137.72	0.078902	20.134	-32.479	-0.3014	-13.279	-6.6375	5.1247	-18.776	-0.90348	-58.089	41.541	-65.56	-121.25	27.292	-44.342	-147.4	-2.2505
137.72	0.078442	20.135	-32.48	-0.30205	-13.28	-6.6356	5.1126	-18.782	-0.90046	-58.085	41.53	-65.559	-121.25	27.28	-44.339	-147.4	-2.2486
137.72	0.072639	20.139	-32.481	-0.31472	-13.287	-6.6402	5.1217	-18.779	-0.89887	-58.098	41.536	-65.556	-121.25	27.282	-44.339	-147.4	-2.248
137.72	0.0638	20.138	-32.489	-0.30626	-13.288	-6.6229	5.118	-18.756	-0.89477	-58.093	41.528	-65.556	-121.25	27.282	-44.346	-147.4	-2.2457
137.72	0.063831	20.139	-32.487	-0.30842	-13.287	-6.6373	5.1106	-18.771	-0.90088	-58.098	41.524	-65.549	-121.26	27.293	-44.34	-147.41	-2.2563
137.72	0.068676	20.131	-32.478	-0.3138	-13.285	-6.6395	5.1091	-18.788	-0.89477	-58.093	41.528	-65.554	-121.26	27.278	-44.331	-147.42	-2.2572
137.73	0.074596	20.156	-32.478	-0.3138	-13.285	-6.6353	5.1112	-18.769	-0.88991	-58.093	41.532	-65.545	-121.26	27.283	-44.335	-147.42	-2.2595
137.72	0.067529	20.14	-32.48	-0.31618	-13.286	-6.6358	5.1112	-18.768	-0.88317	-58.1	41.531	-65.541	-121.26	27.298	-44.331	-147.42	-2.2558
137.72	0.068417	20.133	-32.484	-0.31786	-13.29	-6.6234	5.118	-18.756	-0.88541	-58.102	41.529	-65.54	-121.27	27.294	-44.329	-147.42	-2.2562
137.72	0.065299	20.126	-32.471	-0.31107	-13.278	-6.6281	5.1145	-18.761	-0.88741	-58.103	41.529	-65.533	-121.27	27.298	-44.335	-147.41	-2.2556
137.72	0.071077	20.132	-32.473	-0.31059	-13.282	-6.6353	5.1112	-18.769	-0.88317	-58.1	41.531	-65.541	-121.27	27.303	-44.322	-147.43	-2.257
137.72	0.06383	20.139	-32.479	-0.31454	-13.286	-6.6332	5.1124	-18.78	-0.88438	-58.1	41.53	-65.532	-121.26	27.287	-44.327	-147.43	-2.2578
137.73	0.073371	20.135	-32.473	-0.31255	-13.268	-6.6351	5.1126	-18.782	-0.87446	-58.095	41.538	-65.527	-121.26	27.29	-44.318	-147.42	-2.2522
137.72	0.078906	20.135	-32.48	-0.31529	-13.287	-6.6187	5.1211	-18.754	-0.87608	-58.095	41.524	-65.525	-121.26	27.29	-44.319	-147.42	-2.2535
137.72	0.078408	20.134	-32.479	-0.31521	-13.287	-6.6367	5.1122	-18.785	-0.87608	-58.095	41.524	-65.529	-121.27	27.3	-44.283	-147.41	-2.224
137.72	0.078617	20.147	-32.476	-0.31306	-13.284	-6.6205	5.1225	-18.767	-0.87264	-58.092	41.527	-65.525	-121.26	27.291	-44.312	-147.42	-2.2592
137.72	0.073185	20.136	-32.478	-0.3138	-13.285	-6.6317	5.1282	-18.772	-0.87409	-58.094	41.525	-65.523	-121.26	27.304	-44.312	-147.43	-2.2529
137.72	0.085103	20.144	-32.479	-0.30197	-13.28	-6.6376	5.1121	-18.784	-0.86893	-58.089	41.53	-65.518	-121.26	27.307	-44.309	-147.42	-2.2455
137.73	0.075269	20.14	-32.472	-0.30892	-13.279	-6.6324	5.1157	-18.78	-0.86403	-58.097	41.528	-65.516	-121.26	27.31	-44.314	-147.42	-2.2613
137.72	0.070829	20.146	-32.477	-0.31514	-13.271	-6.6195	5.1225	-18.768	-0.86652	-58.087	41.532	-65.522	-121.26	27.293	-44.268	-147.41	-2.2189
137.72	0.080733	20.138	-32.478	-0.31588	-13.272	-6.6276	5.1192	-18.774	-0.87264	-58.092	41.527	-65.514	-121.27	27.293	-44.268	-147.41	-2.2332
137.72	0.069041	20.13	-32.483	-0.30518	-13.282	-6.6247	5.1189	-18.773	-0.85694	-58.093	41.522	-65.511	-121.26	27.284	-44.277	-147.42	-2.2259
137.72	0.068429	20.145	-32.477	-0.31514	-13.271	-6.6247	5.1189	-18.773	-0.85615	-58.093	41.521	-65.504	-121.26	27.288	-44.268	-147.41	-2.2326
137.72	0.070823	20.132	-32.482	-0.31847	-13.275	-6.6329	5.1157	-18.779	-0.84518	-58.086	41.53	-65.513	-121.27	27.292	-44.264	-147.42	-2.2214
137.71	0.073951	20.13	-32.49	-0.32052	-13.296	-6.6289	5.1279	-18.77	-0.85574	-58.092	41.523	-65.503	-121.26	27.3	-44.275	-147.42	-2.2262
137.72	0.071185	20.137	-32.482	-0.31901	-13.275	-6.6384	5.1246	-18.776	-0.84518	-58.086	41.53	-65.498	-121.27	27.298	-44.273	-147.41	-2.2353
137.72	0.080748	20.138	-32.483	-0.31912	-13.277	-6.6363	5.1121	-18.785	-0.85577	-58.105	41.514	-65.498	-121.27	27.298	-44.27	-147.42	-2.241
137.72	0.068449	20.131	-32.479	-0.31454	-13.286	-6.6285	5.1159	-18.775	-0.85989	-58.109	41.51	-65.496	-121.27	27.287	-44.27	-147.42	-2.2386
137.72	0.066436	20.14	-32.48	-0.31767	-13.275	-6.6361	5.1126	-18.782	-0.85989	-58.109	41.51	-65.501	-121.28	27.294	-44.254	-147.43	-2.2337
137.72	0.06664	20.128	-32.485	-0.32152	-13.278	-6.6358	5.1112	-18.768	-0.85715	-58.106	41.498	-65.494	-121.29	27.293	-44.268	-147.44	-2.2467
137.72	0.065049	20.126	-32.495	-0.3258	-13.286	-6.637	5.1126	-18.781	-0.85801	-58.108	41.513	-65.497	-121.27	27.296	-44.265	-147.43	-2.2557
137.7	0.06853	20.134	-32.486	-0.32225	-13.279	-6.6396	5.1076	-18.774	-0.8547	-58.119	41.495	-65.492	-121.28	27.28	-44.264	-147.44	-2.2594
137.72	0.065985	20.14	-32.489	-0.33433	-13.289	-6.6324	5.1109	-18.767	-0.84784	-58.127	41.494	-65.479	-121.27	27.278	-44.276	-147.43	-2.2479
137.72	0.070013	20.131	-32.481	-0.33087	-13.282	-6.6405	5.1076	-18.773	-0.83964	-58.136	41.494	-65.482	-121.28	27.285	-44.277	-147.43	-2.2627
137.72	0.068474	20.132	-32.486	-0.33682	-13.272	-6.6356	5.1126	-18.782	-0.8257	-58.154	41.475	-65.469	-121.29	27.29	-44.269	-147.43	-2.2737
137.72	0.06635	20.141	-32.475	-0.34382	-13.27	-6.6361	5.1126	-18.782	-0.81697	-58.176	41.468	-65.451	-121.29	27.286	-44.264	-147.44	-2.2878
137.72	0.066395	20.128	-32.479	-0.3476	-13.274	-6.628	5.1159	-18.775	-0.79297	-58.218	41.459	-65.424	-121.28	27.298	-44.272	-147.44	-2.2773
137.72	0.066151	20.128	-32.485	-0.36622	-13.272	-6.6276	5.1192	-18.774	-0.75608	-58.26	41.442	-65.385	-121.3	27.31	-44.255	-147.45	-2.2868
137.72	0.076557	20.131	-32.491	-0.40188	-13.265	-6.6333	5.1282	-18.771	-0.71816	-58.319	41.43	-65.344	-121.32	27.35	-44.245	-147.46	-2.3034
137.73	0.079321	20.147	-32.504	-0.44503	-13.236	-6.6478	5.1507	-18.782	-0.65571	-58.411	41.414	-65.288	-121.36	27.388	-44.216	-147.49	-2.301
137.72	0.072901	20.136	-32.489	-0.49078	-13.175	-6.6474	5.2045	-18.799	-0.55836	-58.526	41.417	-65.213	-121.44	27.43	-44.199	-147.51	-2.312
137.72	0.072364	20.138	-32.41	-0.55946	-12.957	-6.614	5.2836	-18.845	-0.47664	-58.643	41.404	-65.112	-121.53	27.497	-44.166	-147.53	-2.3058
137.72	0.068796	20.13	-32.37	-0.60082	-12.751	-6.5799	5.4251	-18.711	-0.36739	-58.807	41.411	-64.995	-121.62	27.544	-44.117	-147.56	-2.3135
137.73	0.077336	20.143	-32.29	-0.66351	-12.056	-6.5195	5.654	-18.298	-0.17595	-59.117	41.479	-64.854	-121.73	27.601	-44.073	-147.62	-2.3667
137.73	0.071959	20.137	-32.106	-0.45029	-11.122	-6.3593	5.8929	-17.545	0.085018	-59.454	41.689	-64.683	-121.87	27.669	-44.011	-147.68	-2.4267
137.72	0.066432	20.14	-31.923	-0.36613	-9.8837	-6.0423	6.1625	-16.603	0.44244	-59.997	41.981	-64.459	-122.07	27.762	-44.05	-147.79	-2.5925
137.72	0.068762	20.129	-31.85	-0.49246	-8.4338	-5.5083	6.282	-15.389	0.83368	-60.687	42.27	-64.186	-122.34	27.842	-43.923	-147.87	-2.728
137.72	0.068421	20.145	-31.682	-0.44456	-6.8885	-4.6128	6.4068	-13.831	1.3331	-61.518	42.722	-63.866	-122.66	27.961	-43.757	-148.04	-2.9368
137.72	0.06584	20.141	-31.468	-0.56732	-5.092	-3.439	6.5163	-12.165	1.9518	-62.543	43.277	-63.468	-123.04	28.074	-43.641	-148.14	-3.0509
137.73	0.079586	20.148	-31.33	-0.79092	-3.3225	-1.8482	6.5847	-10.332	2.5876	-63.613	43.826	-63.041	-123.46	28.204	-43.469	-148.28	-3.1573
137.74	0.07006	20.144	-30.992	-1.0067	-1.3686	0.049353	6.6218	-8.3521	3.3002	-64.826	44.408	-62.567	-123.89	28.339	-43.281	-148.47	-3.3065
137.74	0.070025	20.157	-30.523	-1.2714	0.39921	1.9995	6.5042	-6.3379	4.1258	-66.109	44.96	-62.056	-124.37	28.505	-43.137	-148.71	-3.5058
137.74	0.06701	20.155	-29.809	-1.7188	2.2913	4.0622	6.2557	-4.3442	5.0019	-67.462	45.46	-61.51	-124.84	28.702	-43.014	-148.74	-3.7044
137.74	0.069736	20.159	-28.821	-2.0942	3.9858	6.0582	5.8047	-2.4978	5.9655	-68.899	45.94	-60.953	-125.33	28.878	-42.6	-149.21	-3.9093
137.73	0.062359	20.148	-27.66	-2.6504	5.647	8.346	5.208	-0.66483	6.918	-70.408	46.412	-60.341	-125.81	29.033	-42.398	-149.42	-4.0872
137.74	0.067134	20.158	-26.335	-3.2777	7.2252	10.852	4.3704	1.0192	7.9214	-71.887	46.892	-59.713	-126.32	29.157	-42.005	-149.78	-4.2319
137.74	0.054772	20.148	-24.946	-3.8747	8.5227	13.574	3.3998	2.637	8.9457	-73.495	47.282	-59.03	-126.84	29.297	-41.601	-150.22	-4.4553
137.74	0.052813	20.159	-23.392	-4.5939	9.8798	16.506	2.2826	4.1904	10.085	-75.142	47.715	-58.318	-127.35	29.405	-41.331	-150.32	-4.7461
137.75	0.045908	20.162	-21.621	-5.2728	11.155	19.413	0.94625	5.6231	11.26	-76.872	48.161	-57.601	-127.84	29.44	-40.846	-150.72	-4.7905
137.75	0.04577	20.162	-19.674	-6.0492	12.307	22.405	-0.52698	6.9858	12.414	-78.559	48.644	-56.871	-128.24	29.435	-40.012	-151.22	-4.6887
137.74	0.030198	20.148	-17.578	-6.9137	13.351	25.486	-2.0837	8.285	13.646	-80.184	49.13	-56.06	-128.62	29.393	-39.213	-151.62	-4.7552
137.74	0.033598	20.153	-15.458	-7.7937	14.11	28.546	-3.7019	9.5638	14.899	-81.864	49.586	-55.109	-129.1	29.436	-38.366	-151.93	-4.9253
137.73	0.033262	20.159	-13.258	-8.7135	14.817	31.68	-5.3283	10.839	16.243	-83.505	50.048	-53.98	-129.68	29.522	-37.22	-152.82	-5.0254
137.74	0.024399	20.155	-11.005	-9.6327	15.376	34.812	-7.0368	11.981	17.655	-85.131	50.411	-52.754	-130.26	29.585	-36.339	-153.34	-4.9219
137.73	0.021828	20.165	-8.6579	-10.642	16.04	37.936	-8.7711	12.983	19.201	-86.718	50.852	-51.491	-130.8	29.643	-35.164	-154.09	-4.842
137.74	0.035517	20.163	-6.1919	-11.648	16.678	41.51	-10.282	14.421	21.145	-88.011	51.561	-50.193	-131.31	29.776	-34.198	-154.45	-4.889
137.73	0.023548	20.154	-3.724	-12.632	17.176	44.757	-12.021	15.316	22.917	-89.558	51.829	-48.772	-131.83	29.951	-32.662	-155.26	-4.7672
137.73	0.031943	20.157	-1.1407	-13.621	17.739	48.063	-13.855	16.107	24.784	-91.088	52.025	-47.214	-132.44	30.072	-31.574	-155.61	-4.6221
137.74	0.025276	20.157	1.4557	-14.617	18.247	51.408	-15.623	16.893	26.743	-92.637	52.175	-45.535	-133.08	30.278	-30.076	-156.45	-4.6495
137.73	0.036896	20.161	4.1626	-15.625	18.781	54.794	-17.513	17.537	28.803	-94.232	52.328	-43.783	-133.71	30.519	-28.735	-157.14	-4.7005
137.74	0.037968	20.163	6.9274	-16.607	19.339	58.291	-19.338	18.201	30.932	-95.779	52.397	-41.986	-134.3	30.754	-27.517	-157.42	-4.5016
137.74	0.037122	20.161	9.7243	-17.648	19.925	61.775	-21.17	18.789	33.13	-97.267	52.38	-40.155	-134.86	31.059	-25.966	-157.96	-4.4654
137.74	0.04057	20.153	12.539	-18.547	20.406	65.255	-22.969	19.275	35.431	-98.737	52.391	-38.31	-135.4	31.344	-24.223	-158.6	-4.231
137.74	0.040595	20.14	15.372	-19.41	20.828	68.82	-24.727	19.684	37.731	-100.08	52.274	-36.382	-135.89	31.65	-22.973	-158.79	-4.1466
137.74	0.046092	20.159	18.206	-20.226	21.189	72.321	-26.454	19.905	40.115	-101.37	52.262	-34.421	-136.35	31.982	-21.231	-159.44	-3.8755
137.76	0.054836	20.161	20.996	-21.012	21.455	75.894	-28.026	20.097	42.479	-102.54	52.111	-32.397	-136.72	32.321	-19.489	-159.9	-3.6036
137.75	0.052265	20.171	23.759	-21.737	21.623	79.475	-29.485	20.171	44.893	-103.51	51.997	-30.338	-137.05	32.632	-17.975	-159.96	-3.2892
137.76	0.057078	20.165	26.496	-22.379	21.73	82.587	-31.126	19.667	47.307	-104.4	51.871	-28.246	-137.38	32.975	-16.094	-160.37	-3.0729
137.75	0.038238	20.159	29.183	-22.965	21.659	86.15	-32.344	19.47	49.747	-105.14	51.734	-26.098	-137.63	33.237	-14.025	-160.93	-2.7
137.74	0.044152	20.144	31.752	-23.468	21.412	89.848	-33.414	19.324	52.177	-105.72	51.535	-23.933	-137.83	33.549	-12.281	-161.3	-2.5118
137.76	0.040317	20.162	34.342	-23.88	21.075	93.959	-34.206	19.462	54.601	-106.09	51.381	-21.726	-137.99	33.801	-10.468	-161.26	-2.1464
137.76	0.044327	20.172	36.851	-24.322	20.753	97.149	-35.351	18.73	57.042	-106.5	51.157	-19.518	-138.11	34.037	-8.561	-161.52	-1.9551
137.76	0.040009	20.163	39.345	-24.649	20.295	101.2	-35.97	18.771	59.461	-106.75	50.909	-17.282	-138.17	34.255	-6.4324	-161.71	-1.7188
137.75	0.035837	20.158	41.802	-24.884	19.765	104.73	-36.763	18.371	61.943	-106.98	50.652	-15.018	-138.17	34.462	-4.2643	-162.06	-1.4483
137.75	0.033291	20.155	44.295	-25.087	19.279	107.74	-37.696	17.442	64.447	-107.14	50.385	-12.743	-138.08	34.628	-2.1103	-162.12	-1.151
137.74	0.038002	20.163	46.839	-25.294	18.819	111.73	-38.084	17.276	66.96	-107.23	50.049	-10.475	-137.95	34.8	-0.25732	-161.81	-0.76997
137.73	0.033871	20.16	49.344	-25.385	18.226	114.68	-38.886	16.257	69.539	-107.3	49.718	-8.1267	-137.75	34.991	2.0057	-161.83	-0.721
137.73	0.032483	20.155	51.876	-25.433	17.708	118.03	-39.422	15.536	72.137	-107.32	49.324	-5.7854	-137.55	35.195	4.0812	-161.73	-0.32784
137.73	0.03021	20.153	54.369	-25.485	17.17	121.37	-39.851	14.813	74.793	-107.24	48.935	-3.4397	-137.31	35.36	6.3917	-161.67	0.077755
137.72	0.038607	20.156	56.837	-25.335	16.517	125.07	-40.065	14.46	77.394	-107.1	48.562	-1.0619	-137.05	35.529	8.5553	-161.65	0.14712
137.73	0.03346	20.158	59.315	-25.23	15.861	128.25	-40.354	13.64	79.988	-106.88	48.189	1.302	-136.72	35.674	10.59	-161.09	0.58041
137.73	0.047017	20.166	61.693	-25.084	15.206	130.88	-40.784	12.33	82.538	-106.57	47.81	3.6671	-136.32	35.792	12.928	-161.22	0.65191
137.73	0.044821	20.161	64.01	-24.819	14.539	134.3	-40.732	11.979	85.053	-106.21	47.479	5.971	-135.92	35.873	14.944	-160.62	1.021
137.73	0.044758	20.162	66.208	-24.487	13.756	137.21	-40.754	11.269	87.495	-105.67	47.225	8.2479	-135.44	35.95	17.158	-160.47	1.0514
137.74	0.039252	20.152	68.273	-24.046	12.963	139.53	-40.744	10.176	89.786	-105.04	46.92	10.481	-134.92	35.958	19.325	-160.07	1.2577
137.74	0.04348	20.158	70.25	-23.525	12.192	142.5	-40.291	9.9571	92.038	-104.29	46.724	12.655	-134.34	35.937	21.659	-160.03	1.3374
137.75	0.047856	20.165	72.168	-22.972	11.447	144.97	-39.845	9.3865	94.186	-103.45	46.506	14.782	-133.76	35.9	23.621	-159.41	1.4133
137.75	0.050688	20.154	73.912	-22.417	10.714	147.22	-39.253	8.8416	96.261	-102.5	46.342	16.891	-133.09	35.827	25.781	-158.94	1.6152
137.76	0.055966	20.163	75.614	-21.727	9.8619	149.23	-38.537	8.2331	98.259	-101.48	46.171	18.904	-132.41	35.783	27.99	-158.81	1.678
137.76	0.044639	20.156	77.209	-21.006	9.099	151.16	-37.603	7.656	100.23	-100.37	46.028	20.881	-131.65	35.703	29.911	-158	1.7806
137.77	0.051765	20.166	78.728	-20.223	8.3124	152.98	-36.539	7.1266	102.12	-99.154	45.887	22.789	-130.88	35.643	31.923	-157.4	1.9801
137.76	0.047185	20.16	80.183	-19.424	7.4635	154.6	-35.372	6.45	103.99	-97.851	45.757	24.702	-130.07	35.576	33.965	-157.03	2.1843
137.76	0.047185	20.16	81.588	-18.583	6.6638	137.77	0.04629	20.159	105.79	-96.586	45.541	26.54	-129.24	35.484	35.864	-156.22	2.151
157.52	-32.833	5.0833	82.917	-17.718	5.877	137.76	0.040675	20.151	107.54	-95.272	45.325	28.336	-128.36	35.458	37.802	-155.75	2.3532
158.85	-31.512	4.3615	84.215	-16.866	5.1133	137.76	0.042836	20.153	109.31	-93.922	45.201	30.086	-127.48	35.383	39.666	-155.12	2.5492
158.85	-31.512	4.3615	85.563	-15.961	4.3613	137.75	0.040821	20.149	111.01	-92.584	45.065	31.772	-126.58	35.349	41.322	-154.04	2.7046
161.24	-28.738	3.0174	86.925	-15.077	3.6839	137.75	0.048804	20.168	112.68	-91.259	44.917	33.451	-125.64	35.337	43.078	-153.26	2.7134
161.24	-28.738	3.0174	88.328	-14.211	3.2592	137.74	0.038279	20.15	114.31	-89.957	44.801	35.061	-124.7	35.325	44.955	-152.74	2.9558
163.36	-26.078	1.7582	89.701	-13.3	2.7875	137.73	0.037813	20.15	115.9	-88.699	44.728	36.643	-123.76	35.34	46.406	-151.56	3.0688
163.36	-26.078	1.7582	91.076	-12.315	2.2489	137.74	0.051236	20.16	117.46	-87.475	44.714	38.215	-122.8	35.372	48.277	-150.95	3.2338
163.36	-26.078	1.7582	92.438	-11.414	1.9659	137.72	0.040413	20.156	118.98	-86.264	44.712	39.729	-121.83	35.445	49.678	-149.81	3.2933
163.36	-26.078	1.7582	93.821	-10.452	1.7898	137.71	0.042716	20.15	120.47	-85.099	44.73	41.234	-120.88	35.492	51.388	-149.21	3.5117
163.36	-26.078	1.7582	95.145	-9.529	1.6643	137.71	0.047487	20.153	121.94	-83.933	44.881	42.721	-119.92	35.571	52.851	-148.25	3.6593
163.36	-26.078	1.7582	96.522	-8.4728	1.5384	137.71	0.047424	20.154	123.37	-82.814	44.958	44.198	-118.96	35.728	54.366	-147.27	3.8052
163.36	-26.078	1.7582	97.879	-7.5245	1.5279	137.7	0.050896	20.148	124.8	-81.686	45.142	45.657	-118.04	35.849	55.99	-146.46	3.9279
163.36	-26.078	1.7582	99.265	-6.5664	1.5195	137.71	0.057295	20.159	126.21	-80.578	45.281	47.14	-117.14	35.982	57.333	-145.3	4.1183
163.36	-26.078	1.7582	100.73	-5.5545	1.48	137.71	0.057788	20.145	127.64	-79.474	45.508	48.595	-116.24	36.105	58.874	-144.51	4.3775
163.36	-26.078	1.7582	102.22	-4.7353	1.4917	137.72	0.055163	20.154	129.02	-78.398	45.665	50.043	-115.32	36.253	60.432	-143.78	4.5718
163.36	-26.078	1.7582	103.84	-3.7848	1.3757	137.72	0.055163	20.154	130.41	-77.328	45.844	51.462	-114.43	36.423	61.823	-142.8	4.714
163.36	-26.078	1.7582	105.43	-2.9791	1.2015	137.73	0.058606	20.156	131.84	-76.247	46.046	52.843	-113.56	36.539	63.248	-141.92	4.8474
163.36	-26.078	1.7582	107.15	-2.1464	1.0011	137.74	0.056046	20.153	133.17	-75.189	46.216	54.191	-112.69	36.64	64.767	-141.15	5.0175
163.36	-26.078	1.7582	108.83	-1.3815	0.67793	137.74	0.052589	20.159	134.57	-74.078	46.367	55.529	-111.84	36.721	66.012	-140.11	5.0741
163.36	-26.078	1.7582	110.44	-0.60089	0.32771	137.75	0.047547	20.149	135.88	-73.017	46.515	56.844	-111.01	36.788	67.461	-139.54	5.2725
163.36	-26.078	1.7582	112.08	0.32842	-0.25786	137.75	0.052454	20.159	137.19	-71.919	46.579	58.124	-110.23	36.85	68.839	-138.77	5.3996
163.36	-26.078	1.7582	113.8	0.96671	-0.80614	137.75	0.052777	20.157	138.5	-70.852	46.663	59.404	-109.46	36.932	70.017	-137.8	5.4575
163.36	-26.078	1.7582	115.48	1.4867	-1.3925	137.75	0.047578	20.166	139.79	-69.796	46.679	60.634	-108.75	37	71.485	-137.38	5.6349
170.06	-1.8177	-5.481	117.32	2.108	-1.7367	137.61	-0.019463	20.123	141.09	-68.738	46.685	61.912	-108.08	37.08	72.704	-136.59	5.6771
168.93	-0.47758	-6.3947	118.98	2.5292	-2.4956	137.61	-0.018237	20.125	142.34	-67.72	46.642	63.146	-107.44	37.056	73.947	-135.92	5.7275
167.97	0.55713	-8.0538	120.37	2.9167	-2.8926	137.73	0.032445	20.144	143.6	-66.732	46.579	64.421	-106.83	37.099	75.218	-135.27	5.7441
166.33	2.0538	-8.2366	121.4	3.6448	-3.1702	138.93	0.83851	20.253	144.87	-65.782	46.538	65.665	-106.27	37.095	76.491	-134.73	5.7295
165.12	3.06	-9.1666	122.91	4.2363	-3.1074	140.54	1.5641	20.176	146.07	-64.878	46.395	66.94	-105.73	37.146	77.7	-134.01	5.6246
164.27	4.0249	-9.6939	124.42	4.7904	-3.1421	142.05	2.159	20.254	147.1	-64.337	45.935	68.208	-105.25	37.161	79.032	-133.66	5.7293
164.47	4.8965	-9.8702	125.31	5.3421	-3.1523	143.18	2.5858	20.255	148.38	-63.62	45.897	69.492	-104.81	37.167	80.263	-133.1	5.7443
165.11	5.4185	-9.9994	126.07	6.1032	-3.1755	144.29	3.3414	20.292	149.63	-63.01	45.99	70.792	-104.35	37.248	81.648	-132.73	5.7353
165.33	5.5507	-10.849	127.13	6.676	-3.0588	145.35	4.0042	20.297	150.86	-62.477	46.046	72.096	-103.93	37.306	82.901	-132.22	5.8073
167.26	6.5528	-9.9552	128.4	7.1878	-3.1414	146.34	4.3373	20.231	152.19	-61.87	46.11	73.474	-103.54	37.414	84.226	-131.77	5.8816
168.46	7.0695	-9.8727	129.75	7.6256	-3.0649	147.67	4.8106	20.277	153.59	-61.302	46.293	74.876	-103.16	37.511	85.685	-131.41	5.945
169.76	7.5586	-9.7324	131.13	8.0495	-2.9796	149.09	5.1843	20.263	155.05	-60.804	46.495	76.31	-102.77	37.591	87.133	-131.09	6.033
171.07	8.0405	-9.5371	132.61	8.47	-2.9407	150.52	5.447	20.25	156.51	-60.39	46.617	77.829	-102.36	37.717	88.663	-130.74	6.1801
171.82	8.0532	-10.131	134.17	8.9027	-2.7763	152.12	5.8427	20.38	158.1	-59.974	46.829	79.404	-102.04	37.795	90.212	-130.41	6.2446
174.2	8.8856	-9.0527	135.81	9.2593	-2.5179	153.84	6.2369	20.665	159.77	-59.6	47.062	81.107	-101.76	37.934	91.775	-129.89	6.2963
175.94	9.2413	-8.7403	137.58	9.5771	-2.1001	155.64	6.5513	20.962	161.5	-59.31	47.263	82.887	-101.49	38.049	93.583	-129.75	6.476
177.82	9.5526	-8.3655	139.47	9.8068	-1.6797	157.56	6.7788	21.334	163.37	-59.124	47.575	84.736	-101.25	38.161	95.447	-129.67	6.5726
179.14	9.4361	-8.6509	141.5	10.086	-1.3872	159.6	7.0391	21.79	165.33	-58.904	47.862	86.676	-101.02	38.323	97.31	-129.33	6.7408
181.97	10.078	-7.3285	143.71	10.283	-0.84532	161.71	7.1147	22.178	167.34	-58.814	48.159	88.67	-100.82	38.485	99.189	-129.09	6.9357
184.23	10.184	-6.9002	146	10.491	-0.38216	164.04	7.2185	22.692	169.49	-58.775	48.52	90.731	-100.65	38.672	101.2	-128.85	7.0935
186.71	10.249	-6.428	148.45	10.556	0.093895	166.46	7.2482	23.141	171.68	-58.746	48.926	92.86	-100.46	38.897	103.33	-128.82	7.2683
189.26	10.21	-5.9472	151.07	10.616	0.57141	169.1	7.2651	23.699	173.91	-58.793	49.305	95.013	-100.25	39.083	105.31	-128.52	7.4655
191.96	10.157	-5.3748	153.79	10.594	1.2002	171.8	7.1565	24.105	176.25	-58.895	49.754	97.222	-100.02	39.281	107.41	-128.18	7.5703
194.18	9.6338	-5.6428	156.63	10.57	1.4869	174.65	7.0861	24.654	178.64	-59.032	50.219	99.462	-99.798	39.513	109.68	-128.17	7.945
197.79	9.7888	-4.2952	159.63	10.559	1.8625	177.51	6.9099	25.119	181.07	-59.134	50.699	101.76	-99.562	39.756	112.03	-128.2	8.2332
200.25	9.1839	-4.495	162.7	10.388	2.4398	180.58	6.7688	25.733	183.66	-59.329	51.254	104.11	-99.325	39.946	114.37	-128.02	8.5766
204.07	9.2671	-3.103	165.95	10.336	2.8058	183.64	6.5145	26.215	186.2	-59.554	51.752	106.52	-99.089	40.177	116.76	-127.89	8.8604
207.39	8.9406	-2.5865	169.16	10.099	3.4543	186.87	6.2912	26.786	188.8	-59.757	52.271	109.01	-98.863	40.437	119.17	-127.77	9.168
210.03	8.2138	-2.6827	172.55	9.9798	3.9526	190.09	5.9892	27.295	191.55	-60.004	52.815	111.53	-98.639	40.648	121.59	-127.72	9.4052
213.47	7.7881	-2.2181	175.95	9.7983	4.2267	193.42	5.7429	27.827	194.28	-60.289	53.251	114.1	-98.414	40.931	123.95	-127.32	9.7416
216.9	7.3971	-1.6926	179.39	9.4881	4.6647	196.79	5.4409	28.291	197.12	-60.563	53.775	116.71	-98.209	41.16	126.45	-127.2	9.9874
221.05	7.3421	-0.29095	182.88	9.2766	5.0588	200.17	5.0705	28.753	199.94	-60.873	54.215	119.38	-97.976	41.446	128.96	-126.92	10.296
223.98	6.5119	-0.5548	186.34	8.9739	5.4224	203.65	4.7248	29.315	202.84	-61.186	54.721	122.08	-97.778	41.697	131.51	-126.82	10.628
227.53	5.9874	-0.17458	189.85	8.6182	5.673	207.13	4.3022	29.707	205.84	-61.558	55.142	124.82	-97.559	41.957	134.23	-126.88	10.967
231.12	5.494	0.33759	193.5	8.2682	6.1982	210.66	3.8777	30.165	208.83	-61.956	55.524	127.57	-97.385	42.214	136.79	-126.73	11.206
234.74	4.9804	0.83365	196.67	7.6465	5.8826	214.28	3.4776	30.64	211.76	-62.356	55.85	130.35	-97.188	42.435	139.38	-126.57	11.479
238.34	4.4074	1.2577	200.3	7.2566	6.2051	217.89	2.9883	31.068	214.78	-62.803	56.168	133.13	-97.005	42.621	141.88	-126.29	11.597
242.63	4.2175	2.4251	203.96	6.8203	6.6843	221.45	2.4524	31.413	217.79	-63.218	56.483	135.89	-96.817	42.838	144.45	-126.2	11.849
246.23	3.6052	2.7366	207.59	6.5326	6.9503	225.07	1.9446	31.739	220.74	-63.671	56.72	138.61	-96.603	42.967	147.1	-126.21	12.05
249.81	2.9739	2.9623	211.21	6.2463	7.1299	228.69	1.4269	32.04	223.66	-64.122	56.919	141.32	-96.37	43.056	149.6	-126.03	12.128
252.81	1.9568	2.4686	214.8	5.8129	7.447	232.26	0.89627	32.237	226.55	-64.492	57.153	143.98	-96.137	43.142	152.1	-125.92	12.245
256.35	1.3477	2.7164	218.33	5.4348	7.7207	235.75	0.39113	32.399	229.31	-64.915	57.311	146.58	-95.897	43.228	154.58	-125.68	12.385
259.81	0.70248	2.8909	221.82	4.9826	7.6677	239.16	-0.11196	32.528	232.09	-65.311	57.446	149.15	-95.611	43.243	157.04	-125.53	12.518
263.74	0.39996	3.6895	225.19	4.7478	7.5299	242.44	-0.61838	32.585	234.8	-65.633	57.596	151.67	-95.344	43.227	159.28	-125.38	12.492
266.48	-0.50672	3.1783	228.49	4.2894	7.6881	245.61	-1.061	32.606	237.4	-65.987	57.668	154.13	-95.081	43.174	161.66	-125.23	12.47
269.69	-1.0598	3.2996	231.68	3.9742	7.4154	248.7	-1.4929	32.648	239.94	-66.304	57.726	156.54	-94.812	43.099	164.13	-125.46	12.519
272.72	-1.6513	3.2943	234.76	3.5978	7.6141	251.64	-1.8874	32.618	242.43	-66.59	57.76	158.91	-94.56	43.046	166.15	-124.87	12.391
276.2	-1.8258	3.8744	237.74	3.2518	7.4066	254.52	-2.2456	32.585	244.88	-66.845	57.743	161.21	-94.324	42.932	168.26	-124.8	12.31
279.06	-2.2992	3.8722	240.58	2.9423	7.3868	257.3	-2.5868	32.532	247.24	-67.124	57.711	163.47	-94.084	42.797	170.39	-124.54	12.259
281.23	-3.063	3.1616	243.31	2.6585	7.2069	259.96	-2.9461	32.405	249.5	-67.371	57.543	165.65	-93.876	42.626	172.37	-124.44	12.229
284.34	-3.1964	3.6246	245.94	2.3683	6.9568	262.51	-3.2935	32.203	251.74	-67.614	57.387	167.77	-93.668	42.472	174.28	-124.22	11.953
286.34	-3.8798	2.8381	248.49	2.2061	6.4662	265	-3.5886	31.984	253.87	-67.839	57.216	169.81	-93.448	42.312	176.39	-124.49	11.895
289.29	-3.9787	3.1874	250.91	1.9822	6.2832	267.44	-3.8485	31.768	256	-68.01	56.972	171.78	-93.209	42.08	177.91	-123.85	11.581
291.07	-4.5773	2.2822	253.25	1.7279	6.1738	269.72	-4.1378	31.43	257.95	-68.209	56.675	173.63	-92.985	41.858	179.66	-123.73	11.449
293.75	-4.6505	2.4976	255.46	1.588	5.6332	271.93	-4.3987	31.049	259.83	-68.331	56.388	175.41	-92.724	41.612	181.25	-123.51	11.083
295.83	-4.912	2.122	257.51	1.5671	5.2637	274.06	-4.5318	30.688	261.65	-68.406	56.062	177.09	-92.463	41.35	182.77	-123.32	10.913
297.14	-5.6031	0.93316	258.08	0.33794	2.9989	275.21	-5.24	29.338	262.56	-69.038	54.885	178.12	-92.582	40.579	183.76	-123.48	10.199
299.04	-5.6695	0.56769	261.32	1.2423	4.1436	277.74	-4.7628	29.686	264.93	-68.386	55.345	180.2	-91.889	40.748	185.62	-122.89	10.387
301.26	-5.4809	0.70872	263.02	1.182	3.5963	279.41	-4.7451	29.204	266.41	-68.328	54.977	181.62	-91.625	40.452	186.96	-122.72	10.182
302.37	-5.8138	-0.42866	264.61	1.0574	3.1994	280.89	-4.7759	28.633	267.83	-68.174	54.616	182.97	-91.306	40.086	188.26	-122.5	9.9748
304.37	-5.6055	-0.34414	266.08	1.0972	2.4594	282.36	-4.6607	28.095	269.17	-67.983	54.204	184.21	-91.025	39.739	189.42	-122.34	9.5869
305.25	-5.8395	-1.5243	267.46	1.2126	1.7241	283.7	-4.5627	27.464	270.39	-67.776	53.812	185.43	-90.683	39.375	190.54	-122.12	9.2618
306.56	-5.7728	-2.1051	268.73	1.0915	1.315	284.93	-4.4325	26.782	271.54	-67.522	53.339	186.54	-90.385	38.961	191.59	-121.9	9.0021
307.77	-5.716	-2.703	269.89	1.1669	0.56278	286.09	-4.2437	26.185	272.63	-67.253	52.904	187.6	-90.064	38.583	192.6	-121.72	8.6784
309.35	-5.3104	-2.7407	270.94	1.2722	-0.11034	287.08	-4.1086	25.433	273.66	-66.925	52.424	188.57	-89.744	38.171	193.5	-121.47	8.4318
309.85	-5.4196	-4.0849	271.87	1.4818	-0.92115	288.06	-3.8263	24.733	274.62	-66.585	51.969	189.51	-89.43	37.751	194.72	-121.75	8.2278
311.19	-4.9761	-4.2322	272.74	1.6246	-2.0217	288.85	-3.6008	23.863	275.5	-66.215	51.373	190.37	-89.114	37.334	195.23	-121.08	7.7654
311.46	-5.0004	-5.6051	273.46	1.6626	-2.6051	289.61	-3.2246	23.15	276.28	-65.814	50.808	191.16	-88.807	36.873	195.92	-120.92	7.4016
312.1	-4.7027	-6.5046	274.03	1.8927	-3.7523	290.17	-2.9395	22.118	277.05	-65.349	50.136	191.88	-88.51	36.416	196.7	-120.69	7.087
313.09	-4.0449	-6.9014	274.4	2.188	-4.5093	291.16	-2.7152	21.707	277.72	-64.831	49.476	192.55	-88.229	35.952	197.29	-120.5	6.7406
313.59	-3.601	-7.5846	274.77	2.6192	-4.5971	292.01	-2.3675	21.676	278.35	-64.412	48.72	193.12	-87.958	35.435	197.9	-120.34	6.3551
313.34	-3.4556	-8.855	274.97	2.9364	-4.657	292.05	-1.808	21.667	278.93	-64.104	48.168	193.63	-87.685	34.951	198.35	-120.25	5.9133
314.01	-2.5488	-8.6725	274.97	3.4868	-5.1784	292.29	-1.3972	21.743	279.39	-63.857	47.533	194.06	-87.5	34.505	198.88	-120.03	5.5312
313.4	-2.3404	-9.8609	274.78	4.0574	-5.3727	292.13	-1.0376	21.64	279.76	-63.596	46.967	194.46	-87.444	34.091	199.26	-119.92	5.0574
313.49	-1.8736	-10.329	274.75	4.3408	-5.414	292.15	-0.53732	21.578	280.08	-63.285	46.449	194.84	-87.413	33.755	199.45	-119.8	4.6561
313.59	-1.5185	-10.849	274.64	4.8358	-5.642	292.14	-0.14562	21.653	280.31	-62.923	46.046	195.14	-87.349	33.444	199.68	-119.68	4.2772
314.24	-0.93943	-10.537	274.61	5.0354	-5.7938	292.18	0.1869	21.685	280.44	-62.577	45.828	195.31	-87.155	33.149	199.8	-119.51	4.1233
314.22	-0.70888	-10.723	274.57	5.2005	-5.7277	292.17	0.4632	21.643	280.45	-62.242	45.676	195.31	-86.913	32.971	199.89	-119.41	3.9271
313.61	-0.8531	-11.509	274.54	5.6137	-6.0008	292.16	0.58931	21.62	280.4	-61.983	45.644	195.19	-86.685	32.845	199.89	-119.26	3.8533
313.62	-0.72828	-11.486	274.58	5.6804	-6.1919	292.19	0.59334	21.62	280.28	-61.759	45.69	195.07	-86.496	32.741	199.88	-119.13	3.8446
313.61	-0.65879	-11.426	274.6	5.7538	-6.2194	292.2	0.60223	21.632	280.14	-61.579	45.776	194.98	-86.374	32.676	199.84	-119.05	3.851
313.62	-0.59808	-11.347	274.61	5.7905	-6.2489	292.2	0.60171	21.617	279.98	-61.459	45.845	194.89	-86.29	32.628	199.79	-119	3.8886
313.62	-0.54801	-11.283	274.6	5.7842	-6.2917	292.19	0.60146	21.622	279.83	-61.351	45.914	194.78	-86.221	32.604	199.71	-118.96	3.9498
313.61	-0.53005	-11.263	274.55	5.8363	-6.2015	292.18	0.59968	21.618	279.72	-61.258	45.954	194.65	-86.172	32.579	199.57	-118.99	3.9798
313.62	-0.52038	-11.249	274.55	5.7685	-6.3696	292.17	0.60345	21.613	279.62	-61.19	45.975	194.5	-86.159	32.573	199.44	-118.99	4.0356
313.62	-0.54272	-11.274	274.48	5.7619	-6.3222	292.17	0.59945	21.62	279.55	-61.164	45.97	194.39	-86.16	32.55	199.27	-119.04	4.0037
313.62	-0.56773	-11.317	274.42	5.7046	-6.4017	292.16	0.60322	21.615	279.49	-61.175	45.916	194.3	-86.184	32.509	199.19	-119.11	3.9583
313.61	-0.61864	-11.379	274.34	5.6129	-6.5264	292.14	0.58899	21.621	279.43	-61.22	45.834	194.25	-86.227	32.454	199.13	-119.18	3.9262
313.62	-0.65189	-11.453	274.25	5.5205	-6.6758	292.12	0.60234	21.62	279.38	-61.286	45.754	194.2	-86.315	32.383	199.09	-119.25	3.8789
313.61	-0.69487	-11.521	274.15	5.4275	-6.8438	292.09	0.59569	21.629	279.31	-61.361	45.664	194.15	-86.404	32.313	199.06	-119.34	3.8459
313.58	-0.73208	-11.609	274.05	5.3136	-7.0156	292.03	0.59984	21.648	279.25	-61.43	45.569	194.11	-86.488	32.249	199	-119.44	3.822
313.54	-0.77183	-11.699	273.97	5.1302	-7.4014	291.96	0.60716	21.675	279.16	-61.487	45.482	194.06	-86.575	32.212	198.98	-119.58	3.824
313.49	-0.83852	-11.806	273.89	4.6998	-7.7828	291.89	0.61134	21.694	279.07	-61.508	45.443	194.03	-86.658	32.174	198.93	-119.74	3.8619
313.51	-0.85359	-11.9	273.73	4.4827	-8.3449	291.8	0.62839	21.702	278.98	-61.473	45.416	193.99	-86.736	32.136	198.87	-119.89	3.875
313.5	-0.94743	-12.062	273.58	4.3117	-8.4644	291.69	0.61952	21.69	278.88	-61.448	45.366	193.94	-86.793	32.073	198.79	-120.03	3.933
314.03	-0.73062	-11.442	273.33	4.1115	-8.7975	291.66	0.66831	21.743	278.77	-61.458	45.342	193.84	-86.806	32.004	198.72	-120.14	4.0053
313.89	-0.84428	-11.5	273.13	3.9716	-8.6212	291.48	0.68195	21.709	278.64	-61.528	45.314	193.71	-86.848	31.956	198.63	-120.27	4.0566
313.12	-1.2936	-12.357	272.93	3.9083	-8.7929	291.28	0.71931	21.692	278.51	-61.607	45.29	193.58	-86.953	31.956	198.54	-120.4	4.1618
313.06	-1.3743	-12.332	272.73	4.055	-8.631	290.97	0.68475	21.65	278.32	-61.678	45.311	193.47	-87.074	31.98	198.43	-120.52	4.2059
313	-1.4675	-12.336	272.44	3.8373	-8.893	290.9	0.75061	21.657	278.16	-61.733	45.351	193.37	-87.153	32.001	198.28	-120.63	4.326
313.58	-1.2869	-11.571	272.22	3.681	-8.7771	290.7	0.73647	21.662	277.99	-61.784	45.429	193.25	-87.205	32.042	198.1	-120.75	4.4476
313.59	-1.4674	-11.559	272.02	3.5897	-8.7383	290.49	0.71751	21.676	277.82	-61.819	45.507	193.05	-87.247	32.148	197.86	-120.9	4.4895
313.74	-1.7135	-11.423	271.83	3.412	-8.5507	290.33	0.68498	21.691	277.58	-61.877	45.571	192.83	-87.273	32.193	197.6	-120.95	4.6478
313.98	-2.111	-11.445	271.63	3.2941	-8.61	290.17	0.61774	21.715	277.26	-61.884	45.613	192.59	-87.299	32.247	197.42	-121	4.7903
313.98	-2.111	-11.445	271.37	3.1407	-8.4316	289.98	0.54708	21.669	276.99	-61.751	45.613	192.36	-87.327	32.276	197.22	-121.1	5.0228
315.13	-3.0037	-11.396	270.97	3.0027	-8.7422	289.77	0.49657	21.663	276.75	-61.688	45.563	192.09	-87.34	32.299	196.94	-121.19	5.1107
316.08	-3.61	-11.081	270.29	3.0012	-9.0812	289.61	0.44142	21.684	276.44	-61.759	45.465	191.79	-87.335	32.36	196.57	-121.35	5.2243
317.28	-4.3034	-10.562	269.66	2.8743	-9.1724	289.48	0.41848	21.702	276.13	-61.825	45.408	191.44	-87.341	32.349	196.31	-121.42	5.3759
318.55	-5.158	-9.9747	269.05	2.8932	-9.3429	289.4	0.39093	21.717	275.8	-61.976	45.362	191.08	-87.386	32.335	196.03	-121.55	5.4598
319.64	-6.1148	-9.4571	268.46	2.7734	-9.1293	289.36	0.38916	21.721	275.47	-62.181	45.367	190.68	-87.544	32.407	195.58	-121.79	5.4612
320.67	-7.0043	-8.701	267.8	2.6907	-9.0316	289.36	0.38071	21.723	275.16	-62.446	45.355	190.28	-87.737	32.491	195.21	-121.92	5.5483
321.61	-7.9103	-7.8836	267.13	2.6149	-8.8834	289.37	0.3841	21.71	274.79	-62.786	45.474	189.88	-87.977	32.65	194.72	-122.14	5.7245
322.41	-8.9531	-7.1553	266.36	2.4564	-8.478	289.37	0.39297	21.714	274.36	-63.192	45.468	189.44	-88.242	32.77	194.27	-122.48	5.8869
323.34	-10.028	-6.1524	265.55	2.4504	-8.1764	289.37	0.39235	21.713	273.95	-63.593	45.636	188.98	-88.576	33.014	193.85	-122.72	6.1194
324.11	-11.288	-5.2707	264.73	2.2977	-7.4113	289.37	0.39358	21.714	273.46	-64.093	45.784	188.46	-88.978	33.278	193.21	-123.16	6.1908
324.83	-12.501	-4.2866	263.86	2.0775	-6.8803	289.37	0.39282	21.713	272.94	-64.657	45.936	187.91	-89.426	33.576	192.69	-123.52	6.5271
325.38	-13.75	-3.3315	262.87	1.8745	-6.3466	289.37	0.39374	21.715	272.42	-65.256	46.15	187.31	-89.915	33.873	191.95	-123.98	6.7522
325.83	-15.037	-2.3098	261.86	1.6517	-5.8864	289.37	0.39019	21.71	271.79	-65.955	46.351	186.65	-90.452	34.189	191.59	-124.8	7.2323
326.11	-16.345	-1.4393	260.84	1.303	-5.2344	289.37	0.39282	21.713	271.17	-66.668	46.657	185.95	-91.013	34.548	190.54	-124.87	7.2415
326.27	-17.716	-0.50749	259.75	0.95245	-4.5417	289.37	0.39343	21.714	270.45	-67.458	46.882	185.18	-91.641	34.959	189.73	-125.44	7.4145
326.2	-19.097	0.24725	258.58	0.59765	-3.7507	289.38	0.39073	21.721	269.7	-68.274	47.131	184.32	-92.28	35.302	188.81	-125.93	7.6553
326.04	-20.452	1.1525	257.45	0.15454	-3.1043	289.37	0.38651	21.713	268.82	-69.168	47.478	183.38	-92.959	35.702	187.9	-126.44	8.0521
325.68	-21.839	1.9164	256.27	-0.36569	-2.3138	289.39	0.39364	21.712	267.85	-70.098	47.783	182.35	-93.62	36.084	186.82	-127.02	8.2614
325.15	-23.179	2.7109	255	-0.81747	-1.478	289.39	0.38913	21.713	266.81	-71.028	48.132	181.21	-94.343	36.483	185.73	-127.62	8.4979
324.49	-24.473	3.5863	253.77	-1.4175	-0.60791	289.39	0.38857	21.712	265.66	-71.988	48.544	179.99	-95.081	36.846	184.42	-128.25	8.7018
323.63	-25.837	4.2639	252.44	-1.9757	0.15739	289.4	0.39329	21.706	264.37	-72.969	49.031	178.68	-95.807	37.265	183.34	-129.27	9.1224
322.64	-27.034	5.1713	251.29	-2.2404	1.6364	289.4	0.39072	21.717	263.15	-73.766	49.852	177.24	-96.566	37.738	181.71	-129.42	9.2995
321.41	-28.254	5.8781	249.92	-2.8612	2.6703	289.4	0.39361	21.707	261.72	-74.733	50.36	175.69	-97.318	38.164	180.15	-130.06	9.4548
320.05	-29.412	6.5951	248.46	-3.5068	3.7514	289.4	0.39038	21.718	260.14	-75.779	50.885	174.07	-98.081	38.633	178.62	-130.61	9.8701
318.56	-30.461	7.2601	246.89	-4.0767	4.654	289.4	0.39117	21.706	258.43	-76.823	51.369	172.31	-98.865	39.119	176.85	-131.25	10.169
316.8	-31.443	7.806	245.24	-4.787	5.7453	289.4	0.39195	21.719	256.7	-77.845	51.879	170.44	-99.628	39.598	175	-131.85	10.44
314.88	-32.306	8.3863	243.5	-5.5095	6.9884	289.39	0.3851	21.71	254.83	-78.856	52.347	168.46	-100.4	40.071	173.09	-132.39	10.691
312.77	-33.123	8.8455	241.76	-6.1317	8.1726	289.38	0.3911	21.709	252.8	-79.856	52.865	166.38	-101.17	40.513	171.02	-132.96	10.915
310.47	-33.873	9.2825	239.86	-6.7895	9.0846	289.38	0.38038	21.702	250.7	-80.813	53.323	164.19	-101.92	41.05	168.93	-133.47	11.26
307.99	-34.577	9.5928	237.88	-7.4175	10.166	289.38	0.38696	21.701	248.47	-81.75	53.77	161.87	-102.64	41.581	166.78	-133.99	11.546
305.39	-35.202	9.9073	235.73	-8.1197	11.372	289.38	0.38681	21.714	246.08	-82.64	54.232	159.4	-103.34	42.046	164.29	-134.46	11.797
302.63	-35.711	10.164	233.47	-8.601	12.194	289.37	0.39521	21.717	243.62	-83.467	54.674	156.81	-104.02	42.513	161.83	-134.9	12.208
299.68	-36.113	10.388	231.05	-9.1854	13.256	289.37	0.39111	21.711	241.02	-84.25	54.971	154.11	-104.68	42.967	159.21	-135.35	12.407
296.59	-36.403	10.57	228.52	-9.7175	14.386	289.37	0.39496	21.717	238.31	-84.928	55.319	151.3	-105.33	43.452	156.55	-135.82	12.632
293.34	-36.563	10.726	225.75	-10.102	15.112	289.37	0.39083	21.711	235.5	-85.507	55.696	148.4	-105.99	43.886	153.75	-136.29	12.919
289.95	-36.591	10.743	222.86	-10.432	15.847	289.38	0.40133	21.711	232.53	-85.996	55.994	145.44	-106.62	44.386	150.96	-136.78	13.27
286.38	-36.491	10.875	219.72	-10.744	16.498	289.38	0.38899	21.717	229.5	-86.424	56.267	142.38	-107.25	44.838	148.14	-137.19	13.457
282.71	-36.192	11.02	216.45	-11.028	17.097	289.38	0.40063	21.712	226.36	-86.693	56.53	139.25	-107.88	45.285	145.18	-137.67	13.913
278.95	-35.713	11.198	212.96	-11.254	17.52	289.39	0.39946	21.719	223.09	-86.877	56.842	136.04	-108.5	45.697	141.97	-138.13	14.077
274.88	-35.225	11.177	209.33	-11.362	17.887	289.39	0.39976	21.719	219.73	-87.006	57.064	132.74	-109.15	46.12	138.89	-138.57	14.4
270.73	-34.563	11.192	205.56	-11.456	18.173	289.39	0.39806	21.717	216.27	-87.003	57.282	129.36	-109.77	46.508	135.73	-139	14.715
266.36	-33.746	11.226	201.64	-11.451	18.406	289.39	0.39775	21.717	212.71	-87.008	57.546	125.93	-110.39	46.898	132.47	-139.45	15.035
261.87	-32.84	11.33	197.6	-11.411	18.607	289.4	0.3935	21.721	209.1	-86.888	57.749	122.4	-111.01	47.248	129.1	-139.86	15.293
257.06	-31.864	11.272	193.47	-11.35	18.776	289.39	0.38626	21.71	205.34	-86.772	57.943	118.82	-111.62	47.58	125.94	-140.51	15.611
252.1	-30.665	11.184	189.19	-11.272	18.889	289.39	0.38866	21.714	201.51	-86.617	58.226	115.15	-112.22	47.899	122.32	-140.7	15.782
246.96	-29.459	11.15	184.88	-11.204	19.056	289.39	0.38855	21.716	197.56	-86.455	58.424	111.4	-112.81	48.176	118.78	-141.1	15.988
241.57	-28.123	11.058	180.44	-11.092	19.185	289.39	0.38825	21.715	193.55	-86.224	58.608	107.61	-113.38	48.416	115.2	-141.48	16.148
235.98	-26.797	10.923	175.97	-10.975	19.338	289.39	0.38585	21.711	189.45	-86.04	58.787	103.76	-113.95	48.616	111.58	-141.95	16.31
230.24	-25.422	10.761	171.44	-10.816	19.254	289.39	0.38605	21.711	185.33	-85.768	58.951	99.845	-114.52	48.792	107.95	-142.33	16.408
224.33	-23.968	10.61	166.8	-10.614	19.264	219.76	-19.864	11.529	181.07	-85.476	59.093	95.888	-115.06	48.98	104.22	-142.7	16.59
218.21	-22.555	10.342	162.08	-10.493	19.237	213.48	-18.677	11.47	176.81	-85.15	59.253	91.887	-115.6	49.136	100.44	-143.24	16.6
212.02	-21.079	10.133	157.31	-10.301	19.151	207.19	-17.317	11.339	172.51	-84.788	59.343	87.858	-116.13	49.29	96.57	-143.46	16.672
205.67	-19.669	9.8089	152.42	-10.127	19.068	200.73	-16.088	11.209	168.17	-84.421	59.396	83.824	-116.67	49.458	92.781	-143.83	16.794
199.22	-18.265	9.5237	147.48	-9.9012	18.929	194.08	-14.832	10.94	163.78	-84.007	59.46	79.746	-117.21	49.599	88.843	-144.18	16.793
192.69	-16.888	9.2246	142.49	-9.6686	18.774	187.49	-13.746	11.004	159.43	-83.547	59.466	75.675	-117.73	49.766	84.948	-144.54	16.917
186.14	-15.608	8.8436	137.46	-9.5119	18.774	180.87	-12.559	10.773	155.01	-83.062	59.468	71.577	-118.28	49.916	81.072	-144.8	16.94
179.58	-14.38	8.5496	132.37	-9.2517	18.636	174.23	-11.449	10.466	150.57	-82.581	59.456	67.466	-118.79	50.059	77.124	-145.22	16.969
289.38	0.40113	21.711	127.21	-9.002	18.415	NaN	NaN	NaN	146.14	-82.029	59.367	63.394	-119.27	50.192	73.3	-145.57	17.095
289.38	0.39039	21.706	122.09	-8.7556	18.256	166.5	-12.094	7.9079	141.6	-81.542	59.346	59.282	-119.75	50.191	69.371	-145.85	17.068
289.38	0.40323	21.715	116.99	-8.5391	18.114	160	-11.103	7.6111	137.15	-81.025	59.292	55.211	-120.19	50.268	65.453	-146.14	16.995
289.38	0.39178	21.706	111.87	-8.3325	17.836	NaN	NaN	NaN	132.64	-80.515	59.257	51.092	-120.64	50.269	61.592	-146.39	17.023
289.39	0.39825	21.704	106.79	-8.1687	17.52	NaN	NaN	NaN	127.92	-80.247	58.78	47.021	-121.02	50.223	57.619	-146.62	16.894
289.39	0.39777	21.717	101.84	-7.9887	17.265	NaN	NaN	NaN	123.43	-79.784	58.676	42.94	-121.44	50.193	53.77	-146.82	16.718
289.39	0.39854	21.718	96.87	-7.8833	16.912	NaN	NaN	NaN	118.97	-79.255	58.512	38.903	-121.79	50.115	49.886	-147.08	16.576
289.39	0.39839	21.717	91.945	-7.6999	16.606	NaN	NaN	NaN	114.54	-78.815	58.319	34.879	-122.16	50.019	46.089	-147.27	16.458
289.39	0.38609	21.712	87.031	-7.5275	16.237	NaN	NaN	NaN	110.14	-78.282	58.18	30.909	-122.53	49.906	42.321	-147.51	16.295
289.38	0.39089	21.708	82.109	-7.3775	15.77	NaN	NaN	NaN	105.77	-77.789	57.95	26.978	-122.87	49.761	38.62	-147.8	16.123
289.39	0.38667	21.711	77.217	-7.2036	15.436	NaN	NaN	NaN	101.46	-77.207	57.749	23.151	-123.21	49.649	34.992	-148	15.986
289.39	0.38636	21.711	72.317	-7.0328	14.961	NaN	NaN	NaN	97.159	-76.7	57.495	19.357	-123.55	49.486	31.363	-148.22	15.76
289.39	0.38667	21.711	67.544	-6.845	14.517	NaN	NaN	NaN	92.955	-76.121	57.306	15.65	-123.85	49.326	27.847	-148.37	15.48
289.39	0.38343	21.72	62.733	-6.7125	14.034	NaN	NaN	NaN	88.764	-75.524	57.096	11.994	-124.17	49.106	24.447	-148.65	15.205
289.39	0.38443	21.708	58.068	-6.5373	13.597	NaN	NaN	NaN	84.647	-74.947	56.931	8.4464	-124.44	48.941	21.106	-148.85	15.068
289.38	0.37747	21.713	53.415	-6.4092	13.105	NaN	NaN	NaN	80.572	-74.406	56.751	4.9186	-124.73	48.688	17.798	-149.1	14.896
289.39	0.38347	21.72	47.953	-5.4661	14.859	74.592	-2.5097	2.759	76.587	-73.845	56.608	1.4957	-125.01	48.523	14.632	-149.21	14.742
289.38	0.39196	21.709	43.716	-5.7873	12.987	69.785	-2.1616	2.3664	72.663	-73.297	56.49	-1.8697	-125.27	48.287	11.489	-149.45	14.46
289.38	0.38873	21.718	39.33	-5.6052	12.617	65.22	-1.8804	1.92	68.845	-72.76	56.357	-5.1459	-125.5	48.051	8.4359	-149.58	14.348
289.38	0.38853	21.716	34.727	-5.0775	13.422	60.901	-1.5669	1.6334	65.172	-72.255	56.231	-8.3493	-125.75	47.83	5.5079	-149.8	14.103
289.37	0.39495	21.717	30.671	-4.9375	13.123	56.742	-1.3092	1.2526	61.557	-71.82	55.997	-11.434	-125.95	47.625	2.6163	-149.97	13.974
289.38	0.38783	21.716	26.713	-4.8862	12.607	52.709	-1.1005	0.87555	58.099	-71.383	55.843	-14.488	-126.15	47.355	-0.21291	-150.15	13.661
289.37	0.39796	21.722	22.972	-4.7807	12.263	48.841	-0.95395	0.51643	54.722	-71.042	55.665	-17.451	-126.31	47.03	-2.8949	-150.34	13.5
289.38	0.39543	21.713	19.342	-4.7256	11.828	45.193	-0.76222	0.22816	51.492	-70.717	55.455	-20.288	-126.49	46.753	-5.5569	-150.48	13.237
289.38	0.40313	21.717	15.906	-4.6548	11.479	41.66	-0.64584	-0.12838	48.377	-70.454	55.265	-23.047	-126.68	46.416	-8.1151	-150.61	12.891
289.38	0.3939	21.711	12.614	-4.5925	11.165	38.302	-0.51243	-0.41706	45.378	-70.22	55.042	-25.689	-126.84	46.067	-10.507	-150.73	12.604
289.39	0.39851	21.719	9.4494	-4.5898	10.708	35.145	-0.3956	-0.70878	42.504	-70.011	54.833	-28.258	-126.98	45.671	-12.853	-150.88	12.255
289.4	0.39356	21.72	6.4806	-4.5052	10.408	32.127	-0.31476	-1.0193	39.711	-69.797	54.615	-30.696	-127.09	45.301	-15.117	-150.96	11.918
289.4	0.39413	21.722	3.5978	-4.4643	9.999	29.255	-0.23941	-1.3303	37.047	-69.586	54.38	-33.074	-127.22	44.887	-17.278	-151.04	11.491
289.4	0.39168	21.719	0.86296	-4.4145	9.5547	26.514	-0.1722	-1.6973	34.496	-69.325	54.181	-35.347	-127.31	44.452	-19.312	-151.16	11.023
289.4	0.39506	21.711	-1.7399	-4.3499	9.1236	23.97	-0.071209	-2.009	32.012	-69.093	53.942	-37.496	-127.36	43.968	-21.251	-151.22	10.696
289.41	0.39997	21.717	-4.2583	-4.3159	8.5569	21.474	0.01082	-2.4284	29.636	-68.856	53.654	-39.543	-127.42	43.53	-23.09	-151.32	10.318
289.4	0.39522	21.711	-6.6271	-4.2209	8.1154	19.069	0.092657	-2.8823	27.381	-68.607	53.36	-41.486	-127.46	43.02	-24.864	-151.4	9.7897
289.4	0.38287	21.717	-8.9016	-4.1625	7.5125	16.862	0.22783	-3.2888	25.184	-68.377	53.028	-43.346	-127.52	42.46	-26.617	-151.23	9.3161
289.4	0.38103	21.714	-11.03	-4.0792	7.0566	14.746	0.38681	-3.6922	23.101	-68.139	52.694	-45.078	-127.52	41.858	-28.024	-151.44	8.8948
289.39	0.38811	21.715	-13.026	-4.0224	6.4228	12.739	0.53775	-4.1567	21.148	-67.877	52.307	-46.752	-127.53	41.233	-29.495	-151.47	8.2981
289.4	0.3818	21.715	-14.967	-3.9012	5.9266	10.888	0.69955	-4.6116	19.276	-67.638	51.872	-48.317	-127.53	40.62	-30.829	-151.48	7.7391
289.39	0.38667	21.711	-16.755	-3.841	5.2052	9.1144	0.84248	-5.1442	17.514	-67.422	51.444	-49.781	-127.5	39.968	-32.138	-151.52	7.0826
289.39	0.38563	21.725	-18.444	-3.7508	4.5215	7.4607	0.98511	-5.7183	15.829	-67.154	51.014	-51.191	-127.48	39.255	-33.275	-151.45	6.5585
289.39	0.38242	21.718	-20.011	-3.6516	3.8551	5.9055	1.1087	-6.3968	14.188	-66.876	50.488	-52.485	-127.43	38.531	-34.277	-151.58	5.9534
289.38	0.39097	21.722	-21.502	-3.5986	3.0519	4.4736	1.2441	-7.0345	12.66	-66.589	50.01	-53.684	-127.35	37.804	-35.275	-151.59	5.3661
289.38	0.39101	21.707	-22.935	-3.5514	2.1813	3.1543	1.3746	-7.7401	11.206	-66.296	49.491	-54.843	-127.32	37.063	-36.179	-151.56	4.8406
289.37	0.39377	21.715	-24.254	-3.48	1.3773	1.8784	1.4606	-8.5089	9.8384	-65.999	48.999	-55.853	-127.26	36.368	-36.992	-151.65	4.2612
289.38	0.39008	21.719	-25.394	-3.4168	0.63272	0.7891	1.5939	-9.226	8.6039	-65.746	48.467	-56.792	-127.2	35.601	-37.734	-151.57	3.7085
289.38	0.40037	21.726	-26.516	-3.3641	-0.20855	-0.26842	1.7048	-9.9483	7.4138	-65.515	47.878	-57.671	-127.17	34.855	-38.445	-151.7	3.0373
289.38	0.38908	21.717	-27.448	-3.2643	-0.85106	-1.2623	1.8137	-10.666	6.4046	-65.301	47.339	-58.465	-127.15	34.146	-39.057	-151.63	2.4094
289.37	0.39595	21.716	-28.325	-3.2644	-1.679	-2.0748	1.8901	-11.332	5.4815	-65.116	46.786	-59.152	-127.11	33.381	-39.608	-151.67	1.8389
289.38	0.39635	21.713	-29.044	-3.1428	-2.188	-2.8075	1.9366	-11.976	4.6567	-64.968	46.252	-59.79	-127.1	32.69	-40.138	-151.75	1.0845
289.38	0.40392	21.729	-29.698	-3.1301	-2.8931	-3.416	1.9447	-12.561	3.8808	-64.866	45.695	-60.354	-127.08	31.981	-40.557	-151.66	0.50563
289.39	0.3976	21.715	-30.217	-3.1867	-3.6864	-3.9557	1.9967	-13.169	3.2156	-64.798	45.205	-60.833	-127.06	31.327	-40.967	-151.7	-0.11556
289.39	0.39609	21.714	-30.548	-3.1654	-4.1489	-4.2684	1.972	-13.657	2.6283	-64.714	44.819	-61.316	-127.04	30.672	-41.208	-151.68	-0.66312
289.39	0.396	21.714	-30.843	-3.2169	-4.7954	-4.5084	1.8923	-14.151	2.1151	-64.651	44.481	-61.726	-126.94	30.122	-41.457	-151.69	-1.0238
289.38	0.39181	21.709	-30.982	-3.2328	-5.2526	-4.654	1.794	-14.574	1.6728	-64.576	44.243	-62.088	-126.93	29.687	-41.611	-151.72	-1.3451
289.38	0.39431	21.711	-31.051	-3.2648	-5.6213	-4.7103	1.7033	-15.002	1.2631	-64.463	44.124	-62.369	-126.87	29.346	-41.698	-151.74	-1.5197
289.38	0.39415	21.712	-30.709	-5.1381	-10.558	-4.714	1.5822	-15.241	0.96824	-64.395	44.114	-62.585	-126.85	29.178	-41.749	-151.78	-1.5372
289.38	0.39198	21.71	-30.724	-5.2294	-10.731	-4.6889	1.496	-15.309	0.75884	-64.317	44.231	-62.734	-126.84	29.094	-41.821	-151.81	-1.427
289.38	0.38626	21.715	-30.718	-5.2707	-10.741	-4.6635	1.4576	-15.209	0.64282	-64.286	44.442	-62.828	-126.82	29.061	-41.885	-151.8	-1.3243
289.38	0.38701	21.713	-30.677	-5.2897	-10.57	-4.6088	1.4155	-14.904	0.57056	-64.345	44.594	-62.891	-126.82	29.058	-41.927	-151.82	-1.2497
289.37	0.38399	21.71	-30.604	-5.2706	-10.291	-4.5321	1.5024	-14.481	0.5555	-64.455	44.814	-62.912	-126.84	29.07	-41.948	-151.82	-1.2288
289.37	0.38253	21.708	-30.543	-5.2333	-9.9278	-4.458	1.5676	-14.109	0.60821	-64.601	45.022	-62.902	-126.87	29.081	-41.973	-151.83	-1.2439
289.37	0.38438	21.71	-30.458	-5.1757	-9.5185	-4.3191	1.611	-13.627	0.72129	-64.726	45.215	-62.872	-126.89	29.087	-41.979	-151.83	-1.2497
289.37	0.3933	21.714	-30.335	-5.1263	-9.2454	-4.2255	1.6535	-13.359	0.83201	-64.817	45.301	-62.827	-126.89	29.081	-41.982	-151.81	-1.2748
289.37	0.39347	21.715	-30.581	-3.3182	-4.5406	-4.1026	1.6746	-13.167	0.95242	-64.865	45.327	-62.78	-126.87	29.064	-41.96	-151.79	-1.3124
289.38	0.38622	21.713	-30.442	-3.207	-4.3237	-3.989	1.691	-13.122	1.0924	-64.875	45.323	-62.74	-126.84	29.013	-41.93	-151.76	-1.3471
289.38	0.39847	21.709	-30.343	-3.1646	-4.3774	-3.8558	1.6965	-13.177	1.2043	-64.83	45.264	-62.679	-126.8	28.971	-41.888	-151.74	-1.4197
289.38	0.4018	21.711	-29.914	-4.9989	-9.3896	-3.7938	1.6981	-13.384	1.2844	-64.731	45.087	-62.628	-126.75	28.9	-41.82	-151.72	-1.4549
289.39	0.39824	21.717	-29.905	-4.9867	-9.6938	-3.7874	1.733	-13.824	1.362	-64.547	44.895	-62.568	-126.69	28.817	-41.806	-151.75	-1.5838
289.38	0.40751	21.708	-29.907	-4.9833	-10.123	-3.761	1.7287	-14.221	1.4027	-64.339	44.661	-62.51	-126.6	28.738	-41.725	-151.74	-1.6376
289.39	0.41136	21.712	-29.925	-4.9801	-10.69	-3.7836	1.7887	-14.862	1.3836	-64.066	44.337	-62.462	-126.52	28.64	-41.619	-151.73	-1.6955
289.39	0.41121	21.712	-30.01	-4.9793	-11.364	-3.8381	1.7726	-15.447	1.3449	-63.686	44.092	-62.418	-126.41	28.513	-41.515	-151.73	-1.6964
289.39	0.41661	21.706	-30.092	-5.0021	-12.033	-3.9536	1.8097	-16.206	1.2936	-63.279	43.731	-62.382	-126.29	28.412	-41.462	-151.72	-1.7115
289.39	0.41614	21.705	-30.226	-4.9909	-12.818	-4.0515	1.8599	-16.996	1.1857	-62.837	43.43	-62.38	-126.15	28.315	-41.403	-151.73	-1.7181
289.39	0.41553	21.715	-30.402	-4.996	-13.518	-4.2015	1.9361	-17.707	1.0311	-62.392	43.113	-62.388	-126.02	28.229	-41.338	-151.72	-1.6812
289.4	0.41186	21.707	-30.616	-4.9066	-13.799	-4.5876	2.4208	-17.419	0.86627	-61.981	42.888	-62.425	-125.88	28.143	-41.33	-151.68	-1.6716
289.39	0.41291	21.701	-30.7	-4.7788	-13.847	-4.6192	2.6413	-17.546	0.75565	-61.774	42.797	-62.512	-125.71	28.063	-41.351	-151.6	-1.6424
289.39	0.41291	21.701	-30.734	-4.6704	-13.829	-4.6302	2.68	-17.565	0.64866	-61.685	42.846	-62.621	-125.56	27.954	-41.382	-151.54	-1.6445
