140.47	0.12807	20.31	-35.694	0.053453	-13.525	-9.9452	3.0655	-18.271	-3.0642	-57.847	41.706	-66.128	-120.89	28.547	-45.766	-146.27	-2.2625
140.47	0.12092	20.314	-35.694	0.055692	-13.537	-9.9521	3.0572	-18.266	-3.0754	-57.84	41.717	-66.137	-120.9	28.543	-45.764	-146.28	-2.2609
140.47	0.12376	20.304	-35.697	0.05404	-13.526	-9.9611	3.0631	-18.265	-3.0738	-57.84	41.731	-66.146	-120.89	28.553	-45.767	-146.28	-2.2616
140.48	0.11551	20.315	-35.698	0.053232	-13.527	-9.9662	3.0626	-18.27	-3.095	-57.854	41.712	-66.153	-120.9	28.547	-45.757	-146.27	-2.2542
140.47	0.12146	20.301	-35.709	0.047327	-13.538	-9.9639	3.0623	-18.252	-3.0927	-57.851	41.716	-66.154	-120.9	28.547	-45.778	-146.28	-2.272
140.47	0.12111	20.314	-35.706	0.046144	-13.536	-9.9717	3.0538	-18.248	-3.1132	-57.854	41.718	-66.164	-120.89	28.545	-45.777	-146.28	-2.2528
140.47	0.11082	20.311	-35.704	0.047137	-13.521	-9.9688	3.0569	-18.245	-3.1109	-57.851	41.722	-66.17	-120.9	28.554	-45.779	-146.28	-2.2703
140.46	0.11882	20.311	-35.718	0.038104	-13.534	-9.9684	3.0565	-18.246	-3.108	-57.853	41.722	-66.17	-120.9	28.554	-45.783	-146.28	-2.255
140.46	0.11882	20.311	-35.715	0.040522	-13.53	-9.9717	3.0538	-18.248	-3.1097	-57.868	41.727	-66.173	-120.9	28.551	-45.793	-146.28	-2.2613
140.47	0.12105	20.313	-35.711	0.042948	-13.527	-9.9717	3.0538	-18.248	-3.1104	-57.882	41.719	-66.174	-120.9	28.551	-45.794	-146.28	-2.2633
140.46	0.11882	20.311	-35.719	0.024779	-13.541	-9.9658	3.0451	-18.251	-3.1073	-57.908	41.722	-66.172	-120.9	28.553	-45.806	-146.29	-2.2587
140.47	0.12134	20.314	-35.701	0.035453	-13.524	-9.9635	3.0477	-18.248	-3.1103	-57.928	41.725	-66.18	-120.89	28.552	-45.809	-146.29	-2.2608
140.47	0.12089	20.313	-35.709	0.029064	-13.533	-9.9637	3.0479	-18.248	-3.1189	-57.936	41.73	-66.192	-120.9	28.545	-45.82	-146.29	-2.2483
140.46	0.11881	20.313	-35.708	0.030581	-13.53	-9.963	3.0495	-18.262	-3.1278	-57.944	41.722	-66.209	-120.88	28.556	-45.831	-146.28	-2.2463
140.47	0.12322	20.316	-35.71	0.028981	-13.532	-9.9658	3.0451	-18.251	-3.1511	-57.962	41.728	-66.229	-120.87	28.542	-45.857	-146.29	-2.2241
140.47	0.12114	20.314	-35.709	0.029063	-13.533	-9.9744	3.0421	-18.256	-3.1717	-57.974	41.726	-66.252	-120.85	28.548	-45.871	-146.27	-2.1956
140.47	0.12107	20.313	-35.718	0.02559	-13.54	-9.9764	3.054	-18.251	-3.1914	-57.977	41.742	-66.276	-120.84	28.544	-45.881	-146.26	-2.1803
140.47	0.12331	20.318	-35.724	0.034087	-13.537	-9.9853	3.0468	-18.26	-3.2069	-57.976	41.75	-66.301	-120.83	28.549	-45.889	-146.26	-2.151
140.47	0.12318	20.316	-35.72	0.036487	-13.534	-9.9725	3.0532	-18.236	-3.2356	-57.982	41.746	-66.314	-120.81	28.553	-45.904	-146.25	-2.143
140.47	0.12645	20.322	-35.73	0.031499	-13.544	-9.9784	3.062	-18.233	-3.2506	-57.98	41.741	-66.336	-120.81	28.555	-45.907	-146.25	-2.1279
140.47	0.12104	20.313	-35.724	0.035552	-13.538	-9.9912	3.0552	-18.245	-3.2551	-57.981	41.75	-66.35	-120.79	28.556	-45.921	-146.25	-2.1205
140.46	0.11859	20.311	-35.735	0.029636	-13.562	-9.9838	3.0583	-18.238	-3.2712	-57.98	41.756	-66.363	-120.79	28.566	-45.923	-146.25	-2.1
140.47	0.12114	20.314	-35.724	0.037629	-13.55	-9.9863	3.0537	-18.228	-3.2622	-57.977	41.776	-66.362	-120.79	28.567	-45.927	-146.26	-2.0911
140.47	0.12331	20.318	-35.727	0.033902	-13.54	-9.9831	3.0563	-18.226	-3.2752	-57.985	41.765	-66.366	-120.79	28.568	-45.924	-146.25	-2.0897
140.47	0.12178	20.316	-35.737	0.02876	-13.549	-9.9993	3.0505	-18.238	-3.2752	-57.985	41.765	-66.368	-120.79	28.566	-45.929	-146.26	-2.0782
140.47	0.11596	20.301	-35.743	0.02407	-13.554	-10.004	3.0467	-18.228	-3.2802	-57.986	41.762	-66.37	-120.79	28.565	-45.919	-146.25	-2.0821
140.47	0.12104	20.313	-35.747	0.021583	-13.558	-10.002	3.0443	-18.213	-3.2892	-57.981	41.76	-66.367	-120.79	28.577	-45.925	-146.26	-2.0626
140.47	0.11166	20.312	-35.749	0.021423	-13.561	-10.013	3.0384	-18.222	-3.2824	-57.975	41.767	-66.363	-120.8	28.576	-45.922	-146.26	-2.0723
140.47	0.10856	20.309	-35.753	0.018927	-13.564	-10.024	3.0427	-18.214	-3.2883	-57.967	41.768	-66.374	-120.8	28.575	-45.923	-146.26	-2.0729
140.46	0.11859	20.313	-35.769	0.022459	-13.571	-10.001	2.9975	-18.143	-3.299	-57.959	41.767	-66.381	-120.79	28.588	-45.928	-146.26	-2.0622
140.47	0.12113	20.314	-35.778	0.018888	-13.578	-10.006	2.9938	-18.133	-3.3063	-57.95	41.769	-66.385	-120.79	28.597	-45.936	-146.26	-2.0395
140.47	0.11352	20.311	-35.784	0.029585	-13.577	-10.016	2.9971	-18.123	-3.3167	-57.944	41.779	-66.397	-120.78	28.596	-45.929	-146.25	-2.0187
140.46	0.11849	20.324	-35.791	0.026939	-13.583	-10.019	3.0056	-18.103	-3.335	-57.928	41.778	-66.405	-120.78	28.597	-45.942	-146.25	-2.0111
140.47	0.12123	20.313	-35.805	0.034909	-13.588	-10.036	2.9941	-18.104	-3.3517	-57.912	41.792	-66.423	-120.76	28.612	-45.94	-146.25	-2.0086
140.47	0.11335	20.312	-35.819	0.039159	-13.594	-10.042	3.0021	-18.089	-3.3637	-57.907	41.788	-66.462	-120.76	28.59	-45.94	-146.24	-2.0071
140.46	0.11633	20.308	-35.851	0.048242	-13.621	-10.058	2.987	-18.092	-3.3761	-57.886	41.806	-66.462	-120.75	28.596	-45.941	-146.24	-1.9765
140.47	0.12357	20.304	-35.855	0.059786	-13.619	-10.058	2.9855	-18.079	-3.3962	-57.862	41.808	-66.484	-120.75	28.598	-45.953	-146.23	-1.9796
140.47	0.12429	20.319	-35.87	0.064045	-13.625	-10.07	2.9783	-18.073	-3.4063	-57.842	41.813	-66.495	-120.75	28.594	-45.956	-146.23	-1.9657
140.47	0.12329	20.319	-35.875	0.0763	-13.622	-10.073	2.9735	-18.063	-3.4289	-57.84	41.813	-66.491	-120.74	28.6	-45.943	-146.24	-1.9627
140.47	0.12132	20.314	-35.882	0.073654	-13.628	-10.078	2.968	-18.055	-3.4317	-57.816	41.824	-66.491	-120.74	28.6	-45.945	-146.22	-1.9702
140.46	0.11854	20.31	-35.893	0.081036	-13.631	-10.072	2.967	-18.037	-3.4426	-57.809	41.824	-66.505	-120.74	28.597	-45.952	-146.23	-1.963
140.47	0.12112	20.314	-35.903	0.087841	-13.632	-10.073	2.9667	-18.037	-3.4572	-57.794	41.823	-66.52	-120.73	28.592	-45.947	-146.22	-1.9714
140.47	0.12106	20.315	-35.903	0.08784	-13.632	-10.081	2.9586	-18.031	-3.4735	-57.779	41.823	-66.525	-120.73	28.589	-45.955	-146.23	-1.9526
140.47	0.12186	20.314	-35.921	0.091881	-13.654	-10.087	2.9568	-18.034	-3.4829	-57.76	41.855	-66.538	-120.73	28.598	-45.954	-146.22	-1.9446
140.47	0.12083	20.313	-35.912	0.098992	-13.645	-10.086	2.9549	-18.022	-3.5048	-57.75	41.85	-66.553	-120.73	28.58	-45.962	-146.22	-1.9519
140.47	0.12356	20.304	-35.927	0.10327	-13.651	-10.095	2.9482	-18.029	-3.5178	-57.733	41.866	-66.563	-120.72	28.59	-45.968	-146.23	-1.9558
140.47	0.12122	20.313	-35.944	0.092689	-13.667	-10.082	2.9535	-18.004	-3.5356	-57.732	41.87	-66.589	-120.72	28.578	-45.982	-146.22	-1.9498
140.47	0.11337	20.312	-35.938	0.097443	-13.662	-10.094	2.9475	-18.012	-3.5424	-57.723	41.884	-66.598	-120.73	28.573	-45.975	-146.22	-1.9415
140.47	0.123	20.316	-35.953	0.10299	-13.682	-10.099	2.9421	-18.005	-3.5568	-57.706	41.887	-66.615	-120.73	28.577	-45.98	-146.22	-1.9343
140.47	0.12086	20.313	-35.967	0.10664	-13.673	-10.106	2.9465	-17.991	-3.5683	-57.701	41.897	-66.633	-120.72	28.57	-46.019	-146.24	-1.9621
140.46	0.11851	20.31	-35.96	0.12348	-13.66	-10.108	2.9473	-17.992	-3.5816	-57.681	41.919	-66.649	-120.72	28.552	-46.019	-146.24	-1.96
140.47	0.11352	20.3	-35.98	0.11398	-13.69	-10.114	2.9418	-17.984	-3.6066	-57.673	41.905	-66.669	-120.72	28.556	-46.034	-146.24	-1.9659
140.47	0.12082	20.313	-35.991	0.12065	-13.693	-10.117	2.9389	-17.987	-3.6137	-57.662	41.925	-66.686	-120.72	28.55	-46.044	-146.23	-1.9683
140.47	0.11088	20.31	-35.992	0.1198	-13.694	-10.118	2.9391	-17.986	-3.6254	-57.656	41.923	-66.697	-120.71	28.559	-46.051	-146.24	-1.9619
140.47	0.12093	20.314	-36.003	0.12665	-13.697	-10.108	2.9417	-17.963	-3.6418	-57.641	41.923	-66.704	-120.71	28.554	-46.056	-146.24	-1.9633
140.46	0.11824	20.324	-36.01	0.15953	-13.781	-10.126	2.9435	-17.972	-3.6526	-57.634	41.922	-66.721	-120.71	28.547	-46.065	-146.24	-1.9616
140.46	0.1186	20.311	-36.007	0.12706	-13.7	-10.126	2.9431	-17.973	-3.6557	-57.638	41.93	-66.718	-120.71	28.551	-46.059	-146.23	-1.9623
140.46	0.11664	20.31	-36.012	0.13493	-13.697	-10.123	2.93	-17.965	-3.6533	-57.636	41.932	-66.725	-120.71	28.547	-46.077	-146.22	-1.9694
140.47	0.12128	20.314	-36.025	0.16376	-13.787	-10.128	2.9428	-17.96	-3.6505	-57.633	41.923	-66.726	-120.71	28.56	-46.082	-146.21	-1.964
140.47	0.12131	20.314	-36.022	0.13062	-13.708	-10.133	2.9387	-17.966	-3.639	-57.637	41.914	-66.725	-120.71	28.56	-46.086	-146.23	-1.9634
140.46	0.11911	20.309	-36.025	0.15041	-13.794	-10.124	2.9301	-17.964	-3.6266	-57.657	41.922	-66.72	-120.71	28.565	-46.082	-146.23	-1.9568
140.47	0.12111	20.314	-36.025	0.15053	-13.794	-10.121	2.9343	-17.976	-3.6101	-57.661	41.916	-66.717	-120.71	28.565	-46.099	-146.22	-1.9482
140.47	0.12608	20.307	-36.021	0.15005	-13.791	-10.125	2.9433	-17.973	-3.5958	-57.707	41.9	-66.713	-120.71	28.581	-46.084	-146.24	-1.948
140.47	0.12111	20.314	-35.998	0.113	-13.687	-10.121	2.9514	-17.983	-3.5747	-57.776	41.902	-66.696	-120.71	28.591	-46.083	-146.24	-1.9186
140.47	0.12111	20.314	-35.976	0.071518	-13.682	-10.111	2.9605	-18.001	-3.5488	-57.856	41.887	-66.671	-120.71	28.605	-46.033	-146.24	-1.8504
140.46	0.11877	20.313	-35.95	0.027592	-13.661	-10.098	2.9895	-18.023	-3.5021	-57.98	41.873	-66.647	-120.71	28.645	-46.013	-146.25	-1.8039
140.46	0.11622	20.309	-35.909	-0.034731	-13.654	-10.095	3.0635	-18.072	-3.4445	-58.095	41.86	-66.609	-120.73	28.701	-45.996	-146.31	-1.7317
140.47	0.12318	20.316	-35.843	-0.10615	-13.579	-10.131	3.2095	-18.178	-3.3657	-58.214	41.83	-66.579	-120.77	28.777	-45.972	-146.33	-1.68
140.46	0.11622	20.309	-35.752	-0.16404	-13.51	-10.212	3.4287	-18.342	-3.2541	-58.364	41.795	-66.526	-120.81	28.855	-45.946	-146.37	-1.6251
140.46	0.114	20.32	-35.707	-0.26255	-13.46	-10.253	3.6014	-18.412	-3.0653	-58.559	41.822	-66.438	-120.88	28.97	-45.893	-146.45	-1.5588
140.48	0.11417	20.317	-35.614	-0.3739	-13.324	-10.306	3.7962	-18.413	-2.8796	-58.747	41.812	-66.339	-120.98	29.074	-45.852	-146.52	-1.5103
140.47	0.11317	20.316	-35.484	-0.54946	-12.903	-10.334	3.9835	-18.354	-2.6574	-59.008	41.849	-66.221	-121.1	29.173	-45.785	-146.62	-1.4755
140.48	0.10302	20.31	-35.371	-0.66466	-12.339	-10.327	4.1849	-18.067	-2.3921	-59.35	41.89	-66.045	-121.28	29.289	-45.681	-146.74	-1.4774
140.47	0.10976	20.326	-35.114	-0.73086	-11.314	-10.237	4.4815	-17.3	-1.9884	-59.84	42.027	-65.811	-121.5	29.38	-45.555	-146.87	-1.5523
140.47	0.10992	20.325	-34.528	-0.53897	-9.6567	-10.001	4.6658	-16.218	-1.4694	-60.481	42.269	-65.492	-121.8	29.509	-45.417	-147.01	-1.6089
140.48	0.10353	20.326	-34.021	-0.60633	-8.0685	-9.6034	4.6919	-14.959	-0.83555	-61.273	42.6	-65.075	-122.16	29.662	-45.231	-147.25	-1.7451
140.48	0.10458	20.313	-33.351	-0.75069	-6.4875	-9.0451	4.6522	-13.606	-0.10076	-62.226	43.001	-64.579	-122.59	29.821	-45.005	-147.46	-1.8572
140.48	0.10151	20.326	-32.568	-0.96449	-4.8863	-8.2691	4.4992	-12.143	0.71591	-63.225	43.438	-63.986	-123.07	30.041	-44.677	-147.72	-1.9857
140.48	0.11237	20.327	-31.539	-1.2282	-3.4079	-7.4136	4.3371	-10.797	1.6309	-64.263	43.931	-63.316	-123.58	30.327	-44.324	-147.99	-2.09
140.48	0.10689	20.316	-30.399	-1.6011	-1.9534	-6.2099	4.049	-9.355	2.6476	-65.346	44.389	-62.559	-124.09	30.634	-43.867	-148.31	-2.1646
140.48	0.10232	20.323	-29.11	-2.0615	-0.53056	-4.9039	3.6413	-8.0882	3.8073	-66.445	44.808	-61.709	-124.65	30.96	-43.451	-148.56	-2.189
140.48	0.1022	20.324	-27.567	-2.5523	0.80325	-3.2078	3.2304	-6.7376	5.1046	-67.64	45.188	-60.751	-125.19	31.278	-42.835	-148.97	-2.1769
140.48	0.1022	20.324	-27.567	-2.5523	0.80325	-3.2078	3.2304	-6.7376	5.1046	-67.64	45.188	-60.751	-125.19	31.278	-42.835	-148.97	-2.1769
140.49	0.10803	20.32	-23.952	-3.7285	3.4567	0.89655	2.1288	-4.2547	8.116	-70.188	45.936	-58.614	-126.34	31.948	-41.595	-149.72	-1.9646
140.49	0.10928	20.32	-21.865	-4.3673	4.6282	3.5026	1.3654	-3.1142	9.7246	-71.49	46.403	-57.604	-126.76	32.249	-40.829	-150.16	-1.5918
140.48	0.10445	20.326	-19.627	-5.1835	5.7881	6.6671	0.53427	-1.9812	11.388	-72.86	46.879	-56.586	-127.16	32.543	-39.916	-150.67	-1.2684
140.49	0.1064	20.333	-17.339	-5.9876	6.684	10.313	-0.31086	-0.79479	13.128	-74.319	47.474	-55.336	-127.65	32.885	-38.603	-151.41	-1.0898
140.48	0.11497	20.317	-14.986	-6.8388	7.5657	14.723	-1.2522	0.44447	14.956	-75.852	48.065	-53.873	-128.31	33.204	-37.301	-152.14	-0.97443
140.49	0.1086	20.335	-12.48	-7.6196	8.3444	19.753	-2.1771	1.7607	16.863	-77.436	48.645	-52.219	-129.01	33.567	-35.991	-152.68	-0.69315
140.48	0.11434	20.331	-10.003	-8.5018	9.2791	24.638	-3.328	2.9991	18.904	-79.023	49.242	-50.533	-129.66	33.946	-34.656	-153.24	-0.32741
140.47	0.10978	20.328	-7.4507	-9.4645	10.315	29.49	-4.5578	4.2843	21.112	-80.613	49.748	-48.844	-130.26	34.375	-32.993	-154.12	0.14231
140.47	0.11037	20.325	-4.762	-10.353	11.37	34.264	-5.8868	5.5614	23.485	-82.178	50.244	-47.003	-130.87	34.892	-31.226	-154.8	0.68252
140.47	0.10997	20.326	-2.0643	-11.284	12.35	38.967	-7.3238	6.6903	25.993	-83.772	50.701	-45.014	-131.5	35.399	-29.52	-155.51	1.1688
140.47	0.10828	20.323	0.80767	-12.15	13.385	43.709	-8.7868	7.7929	28.663	-85.321	51.129	-42.815	-132.17	35.96	-27.709	-156.16	1.6445
140.47	0.12	20.331	3.7024	-13.111	14.5	47.783	-10.63	8.2227	31.483	-86.85	51.483	-40.464	-132.83	36.6	-25.858	-156.59	2.14
140.47	0.10769	20.321	6.7735	-13.987	15.584	53.178	-11.903	9.7444	34.394	-88.406	51.784	-38.035	-133.45	37.218	-23.893	-157.15	2.7304
140.47	0.11769	20.328	9.8916	-14.888	16.572	58.248	-13.277	11.065	37.76	-89.63	52.461	-35.55	-134.08	37.874	-21.917	-157.75	3.2626
140.47	0.10809	20.323	13.183	-15.654	17.613	63.038	-15.041	11.817	40.855	-91.157	52.731	-32.982	-134.63	38.566	-19.657	-158.38	3.8495
140.47	0.11016	20.326	16.57	-16.548	18.726	67.786	-16.861	12.476	44.007	-92.658	52.93	-30.364	-135.17	39.216	-17.412	-158.99	4.2334
140.47	0.10783	20.322	20.062	-17.283	19.669	72.471	-18.707	13.033	47.234	-94.146	53.047	-27.651	-135.68	39.842	-15.227	-159.38	4.8578
140.48	0.11258	20.328	23.63	-18.069	20.602	76.668	-20.795	13.135	50.5	-95.578	53.164	-24.896	-136.14	40.428	-13.008	-159.72	5.2131
140.48	0.11414	20.331	27.289	-18.815	21.466	81.24	-22.679	13.505	53.698	-96.979	53.216	-22.082	-136.56	41.014	-10.781	-159.89	5.6478
140.48	0.10203	20.325	30.948	-19.537	22.184	86.376	-24.209	14.396	56.961	-98.266	53.307	-19.234	-136.91	41.526	-8.4407	-160.22	6.1036
140.48	0.10424	20.326	34.659	-20.241	22.822	90.276	-26.183	14.172	60.179	-99.438	53.284	-16.389	-137.21	41.975	-5.7328	-160.77	6.4518
140.49	0.1083	20.333	38.334	-20.868	23.272	94.639	-27.866	14.305	63.365	-100.5	53.292	-13.519	-137.44	42.404	-3.2148	-160.97	6.9152
140.48	0.10683	20.33	42.001	-21.407	23.454	99.686	-29.049	14.976	66.491	-101.39	53.286	-10.664	-137.61	42.732	-0.76278	-160.98	7.2403
140.49	0.10917	20.32	45.554	-21.92	23.511	103.51	-30.816	14.449	69.617	-102.18	53.362	-7.7787	-137.7	43.022	2.0118	-161.52	7.4635
140.49	0.10897	20.32	49.075	-22.267	23.243	107.88	-32.105	14.397	72.703	-102.77	53.27	-4.9046	-137.73	43.259	4.6838	-161.64	7.8684
140.49	0.10882	20.321	52.506	-22.68	22.899	112.23	-33.276	14.264	75.748	-103.25	53.222	-2.0369	-137.66	43.482	7.2432	-161.52	8.1995
140.49	0.1092	20.32	55.887	-23.027	22.34	116.53	-34.335	13.993	78.811	-103.58	53.184	0.84457	-137.51	43.623	10.166	-161.89	8.4053
140.49	0.10897	20.32	59.219	-23.234	21.551	120.79	-35.31	13.674	81.83	-103.79	53.035	3.6986	-137.3	43.788	12.868	-161.89	8.7554
140.49	0.10923	20.321	62.447	-23.378	20.702	125	-36.128	13.245	84.884	-103.86	52.893	6.5515	-137.01	43.883	15.542	-161.81	9.0262
140.49	0.1065	20.334	65.547	-23.439	19.888	129.76	-36.582	13.353	87.896	-103.83	52.707	9.3735	-136.67	43.962	18.247	-161.62	9.271
140.47	0.1091	20.325	68.479	-23.343	19.109	133.25	-37.388	12.421	90.855	-103.7	52.45	12.193	-136.3	44.104	20.894	-161.28	9.4199
140.48	0.11213	20.327	71.26	-23.114	18.395	137.17	-37.748	12.075	93.785	-103.5	52.189	15.464	-135.63	44.478	24.105	-161	10.024
140.47	0.11116	20.326	73.932	-22.758	17.748	140.87	-37.941	11.577	96.691	-103.16	51.896	17.801	-135.48	44.196	26.28	-160.71	9.7402
140.47	0.10825	20.322	76.464	-22.428	17.183	144.81	-37.681	11.596	99.508	-102.66	51.642	21	-134.72	44.605	29.475	-160.4	10.295
140.48	0.11353	20.33	78.879	-21.949	16.605	147.54	-37.653	10.694	102.25	-102.08	51.432	23.671	-134.18	44.672	31.927	-159.82	10.433
140.47	0.11302	20.315	81.099	-21.359	15.992	151.01	-36.929	10.743	104.9	-101.31	51.155	26.278	-133.58	44.682	34.438	-159.35	10.551
140.47	0.11022	20.325	83.226	-20.691	15.359	153.75	-36.196	10.379	107.44	-100.49	50.967	28.833	-132.91	44.696	36.903	-158.74	10.674
140.47	0.11156	20.326	85.196	-19.925	14.779	155.87	-35.431	9.6154	109.9	-99.449	50.797	31.288	-132.21	44.685	39.251	-157.91	10.62
140.47	0.11302	20.315	87.066	-19.117	14.125	158.66	-34.141	9.6937	112.25	-98.333	50.59	33.717	-131.42	44.674	41.682	-157.46	10.784
140.47	0.11048	20.324	88.854	-18.263	13.499	160.85	-32.895	9.347	114.5	-97.055	50.484	36.073	-130.59	44.633	44.124	-156.73	10.928
140.48	0.11445	20.333	90.493	-17.324	12.832	162.91	-31.54	9.0202	116.63	-95.683	50.364	38.289	-129.69	44.511	46.515	-156.07	10.947
140.47	0.11269	20.329	92.102	-16.306	12.009	164.42	-30.28	8.2011	118.67	-94.237	50.225	40.46	-128.7	44.392	48.735	-155.32	11.058
140.47	0.11086	20.326	93.634	-15.277	11.234	166.63	-28.659	8.1842	120.63	-92.716	50.166	41.993	-127.92	43.863	50.348	-154.69	10.638
140.48	0.11237	20.327	95.165	-14.242	10.36	167.92	-27.332	7.3059	122.46	-91.229	50.084	43.922	-126.79	43.676	52.494	-153.76	10.7
140.47	0.10991	20.325	96.646	-13.205	9.5111	169.86	-25.69	7.1777	124.29	-89.674	50.011	45.778	-125.62	43.464	54.282	-152.61	10.664
140.48	0.10224	20.325	98.185	-12.168	8.5647	171.3	-24.25	6.5513	126.03	-88.159	49.778	47.554	-124.48	43.201	56.397	-151.83	10.652
140.48	0.10411	20.328	99.746	-11.172	7.4837	172.63	-22.719	5.9389	127.74	-86.709	49.618	49.309	-123.3	42.967	58.374	-150.92	10.632
140.48	0.1062	20.331	101.36	-10.232	6.6052	173.48	-21.43	4.867	129.46	-85.313	49.413	51.015	-122.18	42.667	60.148	-149.91	10.521
140.49	0.10921	20.32	103.04	-9.3419	5.6364	174.84	-19.905	4.2638	131.15	-84.025	49.144	52.707	-121.1	42.425	61.945	-149.02	10.366
140.48	0.1	20.322	104.77	-8.4684	4.7263	175.68	-18.589	3.2525	132.89	-82.787	48.839	54.363	-120.04	42.174	63.644	-148.05	10.209
140.49	0.10669	20.317	106.55	-7.6399	3.7547	176.3	-17.263	2.0411	134.63	-81.667	48.407	56.013	-119.08	41.974	65.264	-147.15	10.043
140.48	0.10477	20.328	108.38	-6.8593	2.8009	176.23	-16.168	0.17647	136.39	-80.606	47.992	57.615	-118.17	41.712	66.842	-146.28	9.8947
140.48	0.11489	20.318	110.24	-6.1092	1.7956	176.7	-14.71	-0.88864	138.16	-79.579	47.53	59.211	-117.31	41.534	68.283	-145.25	9.5277
140.48	0.11475	20.319	111.99	-5.3568	1.1116	176	-13.62	-2.9225	139.87	-78.62	46.99	60.727	-116.49	41.34	69.817	-144.57	9.488
140.48	0.1125	20.315	113.41	-4.4836	0.80239	175.35	-12.391	-4.5816	141.58	-77.652	46.508	62.256	-115.74	41.238	71.253	-143.86	9.2618
140.48	0.11439	20.332	114.81	-3.3846	0.15999	174.55	-11.087	-6.0809	143.22	-76.711	46.109	63.685	-115.03	41.106	72.47	-142.93	8.9867
140.47	0.11033	20.326	116.4	-2.0379	-1.4464	174.06	-9.5547	-6.8799	144.76	-75.741	45.781	65.094	-114.39	41.055	73.949	-142.48	8.9753
140.47	0.11415	20.317	118.14	-1.1019	-3.0484	172.88	-8.3131	-8.0694	146.18	-74.791	45.502	66.391	-113.76	40.971	75.102	-141.74	8.7781
140.48	0.11711	20.323	119.75	-0.63656	-3.6615	170.87	-7.463	-9.667	147.28	-74.097	45.104	67.618	-113.2	40.916	76.312	-141.09	8.7025
140.48	0.11977	20.321	121.28	-0.15756	-4.0183	169.68	-6.2344	-10.294	148.45	-73.154	45.102	68.772	-112.61	40.921	77.516	-140.54	8.6114
140.48	0.1194	20.325	122.64	0.24033	-4.3676	168.41	-5.0989	-10.653	149.51	-72.253	45.247	69.828	-112.05	40.913	78.638	-139.96	8.7029
140.9	0.34528	20.367	123.48	0.72064	-4.3752	167.3	-3.9489	-10.707	150.51	-71.4	45.462	70.856	-111.53	40.956	79.83	-139.48	8.7436
142.09	1.094	20.339	124.71	1.2599	-4.4032	166.21	-2.9008	-10.751	151.44	-70.569	45.824	71.841	-111.01	41.02	80.829	-138.93	8.783
143.52	1.8872	20.352	126.19	1.7005	-4.3329	166.12	-1.4315	-9.795	152.33	-69.754	46.194	72.816	-110.57	41.089	82.021	-138.6	8.9742
145.07	2.6448	20.362	127.68	2.0311	-4.3127	165.45	-0.66291	-9.7679	153.26	-68.978	46.47	73.821	-110.16	41.191	82.956	-137.85	8.992
146.84	3.2869	20.514	128.45	2.4582	-4.3654	165.12	-0.63915	-10.674	154.23	-68.366	46.907	74.792	-109.73	41.277	84.226	-137.69	9.142
148.65	3.7822	20.577	129.46	3.1325	-4.1534	166.5	0.22945	-9.7237	155.15	-67.794	47.259	75.805	-109.34	41.407	85.271	-137.27	9.3845
150.2	4.2244	20.699	130.49	3.6113	-3.9119	167.32	0.58564	-9.6837	156.15	-67.227	47.51	76.845	-109.01	41.534	86.446	-136.98	9.4746
151.44	4.5823	20.804	131.62	4.0392	-3.6648	168.25	0.85634	-9.6161	157.25	-66.748	47.815	77.999	-108.77	41.676	87.699	-136.72	9.6312
152.58	5.0835	21.113	132.66	4.4231	-3.4677	169.3	1.2826	-9.2473	158.45	-66.355	48.163	79.218	-108.57	41.802	88.958	-136.54	9.755
153.56	5.5855	21.491	133.72	4.8097	-3.1068	169.88	1.4108	-9.2939	159.63	-66.134	48.347	80.496	-108.44	41.914	90.235	-136.36	9.8891
154.49	6.0252	21.974	134.76	5.1917	-2.7211	171.34	2.0885	-8.3207	160.87	-65.924	48.703	81.819	-108.37	42.044	91.555	-136.24	9.9706
155.45	6.385	22.599	135.78	5.5136	-2.2956	172.38	2.5604	-7.7486	162.12	-65.744	48.93	83.192	-108.36	42.12	92.906	-136.16	9.9705
156.55	6.6488	23.121	136.99	5.9602	-1.5768	173.43	2.9548	-7.2477	163.4	-65.556	49.183	84.638	-108.41	42.196	94.31	-136	9.9583
157.73	6.9034	23.621	138	6.165	-1.1656	174.47	3.3998	-6.7766	164.64	-65.352	49.475	86.104	-108.51	42.281	95.604	-135.94	9.8862
158.88	7.1469	23.988	139.19	6.4996	-0.66117	175.26	3.5376	-6.6849	165.87	-65.078	49.74	87.524	-108.56	42.381	97.065	-135.95	10.025
159.99	7.41	24.317	140.27	6.7218	-0.45903	176.55	4.0351	-6.1244	167.05	-64.798	49.942	88.935	-108.58	42.465	98.485	-136.08	10.035
161.04	7.6916	24.455	141.37	6.9787	-0.27595	177.57	4.3082	-5.9234	168.29	-64.511	50.201	90.315	-108.6	42.539	99.856	-136.09	10.146
162.09	7.9932	24.618	142.44	7.2279	-0.20464	178.59	4.5676	-5.7351	169.51	-64.251	50.371	91.685	-108.6	42.606	101.08	-135.76	10.124
163.11	8.2302	24.774	143.53	7.5055	-0.066395	179.55	4.8147	-5.622	170.73	-64.016	50.453	93.054	-108.58	42.633	102.55	-135.92	10.317
164.21	8.4886	24.885	144.57	7.7334	-0.01863	180.57	5.0693	-5.4843	172.02	-63.757	50.513	94.446	-108.55	42.598	103.98	-135.9	10.346
165.36	8.7066	24.985	145.68	7.9827	0.028316	181.5	5.2422	-5.5444	173.28	-63.552	50.477	95.893	-108.57	42.525	105.46	-136.07	10.306
166.58	8.86	25.009	146.91	8.2478	0.15877	182.53	5.4522	-5.4749	174.62	-63.34	50.449	97.356	-108.59	42.454	106.73	-135.84	10.246
167.9	9.0014	25.066	148.13	8.4531	0.21628	183.62	5.6174	-5.5179	175.91	-63.204	50.323	98.778	-108.57	42.307	108.16	-135.9	10.113
169.23	9.0652	25.035	149.39	8.6268	0.25101	184.73	5.7515	-5.581	177.26	-63.047	50.238	100.17	-108.48	42.144	109.43	-135.69	9.9589
170.65	9.1482	25.088	150.74	8.7949	0.34322	185.95	5.8847	-5.5624	178.56	-62.954	50.073	101.58	-108.43	41.955	111	-135.97	9.8323
172.12	9.2001	25.134	152.23	8.983	0.48927	187.29	6.0154	-5.5106	179.95	-62.885	49.973	103	-108.37	41.755	112.38	-135.91	9.5943
173.64	9.2425	25.25	153.7	9.0731	0.50891	188.67	6.0805	-5.4652	181.34	-62.907	49.883	104.46	-108.29	41.505	113.69	-135.67	9.3283
175.24	9.2005	25.315	155.28	9.1347	0.56263	190.17	6.1077	-5.407	182.75	-62.908	49.754	105.94	-108.22	41.222	115.12	-135.66	9.0402
176.88	9.1851	25.364	156.97	9.1904	0.57634	191.81	6.1438	-5.2627	184.24	-62.924	49.711	107.45	-108.15	40.979	116.74	-135.82	8.8311
178.73	9.1119	25.388	158.73	9.2013	0.62917	193.51	6.0883	-5.2554	185.81	-62.982	49.68	109.01	-108.09	40.757	118.18	-135.53	8.6473
180.66	9.0536	25.379	160.69	9.2206	0.73796	195.36	6.0558	-5.2462	187.46	-63.083	49.634	110.6	-108.01	40.537	119.72	-135.51	8.4018
182.66	8.9501	25.437	162.67	9.1474	0.69833	197.34	6.0133	-5.1645	189.16	-63.19	49.596	112.29	-107.97	40.317	121.36	-135.49	8.1729
184.72	8.8468	25.495	164.78	9.0574	0.73148	199.48	5.9308	-4.9581	190.95	-63.369	49.574	114.03	-107.92	40.129	123.04	-135.46	7.9958
186.93	8.6886	25.523	167	8.9187	0.75998	201.7	5.7845	-4.8634	192.82	-63.603	49.538	115.86	-107.91	39.935	124.81	-135.45	7.8309
189.23	8.4867	25.708	169.38	8.7482	0.85804	204.04	5.6037	-4.742	194.77	-63.89	49.555	117.73	-107.88	39.745	126.63	-135.52	7.6839
191.61	8.2137	25.832	171.86	8.4728	0.80139	206.56	5.4196	-4.4409	196.81	-64.218	49.58	119.63	-107.88	39.585	128.42	-135.51	7.4467
194.08	7.921	26.032	174.35	8.263	1.0967	209.07	5.1635	-4.2333	198.89	-64.542	49.622	121.64	-107.9	39.448	130.29	-135.53	7.2695
196.61	7.5811	26.271	176.95	7.9767	1.2252	211.68	4.8338	-3.9055	201.08	-65.026	49.714	123.68	-107.93	39.33	132.23	-135.61	7.1501
199.29	7.1916	26.541	179.8	7.5703	1.2477	214.41	4.5188	-3.5484	203.32	-65.476	49.81	125.77	-107.97	39.215	134.41	-135.86	7.0668
202.02	6.7516	26.855	182.55	7.2438	1.5723	217.21	4.149	-3.2196	205.61	-65.984	49.927	127.91	-108.03	39.116	136.1	-135.56	7.0269
204.8	6.2977	27.181	185.38	6.9294	2.0327	220.01	3.7124	-2.8826	207.98	-66.537	50.023	130.08	-108.12	39.041	138.21	-135.8	6.7696
207.63	5.7718	27.509	188.32	6.5545	2.2962	222.94	3.2714	-2.4839	210.38	-67.108	50.138	132.29	-108.2	38.993	140.23	-135.66	6.7702
210.51	5.2262	27.886	191.19	6.0983	2.6536	225.85	2.7716	-2.1236	212.8	-67.707	50.245	134.54	-108.3	38.932	142.37	-135.92	6.6689
213.42	4.699	28.254	194.15	5.6956	3.0119	228.82	2.2273	-1.7329	215.27	-68.32	50.428	136.8	-108.42	38.919	144.55	-136.09	6.5762
216.38	4.1277	28.568	197.13	5.234	3.3927	231.84	1.7198	-1.3539	217.76	-68.93	50.622	139.13	-108.52	38.892	146.69	-136.12	6.5404
219.36	3.5762	28.982	200.26	4.7148	3.5524	234.9	1.1531	-0.92071	220.27	-69.56	50.816	141.47	-108.64	38.883	148.9	-136.26	6.4296
222.32	2.9981	29.258	203.35	4.2059	3.7597	238.01	0.5726	-0.61768	222.82	-70.177	51.002	143.84	-108.75	38.843	151.12	-136.35	6.413
225.29	2.4	29.589	206.37	3.7909	4.2356	240.83	-0.22342	-0.51426	225.42	-70.763	51.232	146.23	-108.86	38.855	153.36	-136.42	6.4427
228.32	1.832	29.884	209.55	3.2648	4.3689	244.17	-0.69099	0.0076221	227.96	-71.358	51.361	148.62	-108.98	38.848	155.55	-136.6	6.4667
231.31	1.2174	30.182	212.58	2.7995	4.7632	247.28	-1.2556	0.43105	230.5	-71.96	51.55	151.04	-109.08	38.846	157.73	-136.67	6.5861
234.26	0.57587	30.411	215.71	2.2208	4.8296	250.37	-1.9096	0.74893	233.04	-72.587	51.744	153.44	-109.19	38.858	160.08	-136.88	6.4117
237.19	0.0034189	30.696	218.68	1.7416	5.1771	253.43	-2.5247	1.0267	235.61	-73.184	51.901	155.84	-109.27	38.869	162.36	-136.99	6.4207
240.13	-0.57455	30.896	221.79	1.2169	5.2831	256.2	-3.2688	1.0922	238.14	-73.743	52.054	158.22	-109.38	38.858	164.62	-137.1	6.3977
242.98	-1.1339	31.093	224.84	0.68738	5.2939	259.46	-3.7022	1.5108	240.64	-74.292	52.154	160.55	-109.47	38.778	166.62	-137.16	6.489
245.85	-1.6573	31.209	227.68	0.22823	5.4951	262.08	-4.4108	1.3695	243.1	-74.78	52.275	162.88	-109.53	38.762	168.92	-137.29	6.4523
248.63	-2.1781	31.234	230.56	-0.22521	5.5336	265.3	-4.7409	1.9094	245.51	-75.225	52.263	165.16	-109.59	38.708	171.1	-137.45	6.3685
251.35	-2.6569	31.247	233.37	-0.68843	5.4319	267.87	-5.4492	1.5491	247.85	-75.656	52.309	167.4	-109.65	38.671	173.15	-137.53	6.3471
254.05	-3.0422	31.197	236.18	-1.1097	5.2446	270.91	-5.7638	1.8451	250.15	-75.985	52.299	169.6	-109.64	38.561	175.3	-137.65	6.3273
256.69	-3.4385	31.106	238.89	-1.5109	5.1352	273.64	-6.1812	1.8802	252.44	-76.308	52.279	171.72	-109.62	38.477	177.29	-137.68	6.2362
259.27	-3.822	31.009	241.51	-1.851	5.0712	275.99	-6.7897	1.4879	254.59	-76.586	52.298	173.8	-109.55	38.371	179.22	-137.68	6.3181
261.75	-4.1826	30.931	244.03	-2.1983	4.8781	278.82	-6.9803	1.8169	256.73	-76.83	52.215	175.82	-109.47	38.239	181.11	-137.75	6.2701
264.1	-4.509	30.786	246.45	-2.4548	4.8271	281.01	-7.5381	1.3439	258.72	-77.037	52.159	177.78	-109.4	38.125	183.12	-137.69	6.0692
266.35	-4.7377	30.582	248.82	-2.7086	4.5736	283.56	-7.6772	1.5537	260.71	-77.174	52.102	179.66	-109.29	37.956	184.88	-137.65	6.0856
268.48	-4.9483	30.419	250.98	-2.8522	4.4526	285.76	-7.8746	1.482	262.63	-77.282	52	181.5	-109.16	37.817	186.45	-137.55	6.1264
270.51	-5.1124	30.305	252.97	-3.0545	4.2199	287.87	-8.0845	1.2776	264.45	-77.358	51.924	183.27	-109.04	37.674	188.31	-137.63	5.8338
272.46	-5.1934	30.061	254.89	-3.1191	4.1219	289.81	-8.2399	1.0493	266.23	-77.388	51.687	184.99	-108.89	37.481	189.86	-137.56	5.7549
274.3	-5.2571	29.886	256.78	-3.1713	3.8795	291.41	-8.4477	0.53731	267.93	-77.399	51.584	186.63	-108.74	37.356	191.44	-137.38	5.6718
276	-5.2802	29.645	258.59	-3.2162	3.5598	293.42	-8.2624	0.6604	269.54	-77.392	51.275	188.2	-108.58	37.151	192.88	-137.28	5.5211
277.61	-5.2515	29.393	260.13	-3.1722	3.4535	295.02	-8.228	0.44686	271.08	-77.295	51.081	189.7	-108.41	36.959	194.31	-137.13	5.5132
279.1	-5.2207	29.082	261.68	-3.1806	3.0405	296.58	-8.1164	0.16809	272.57	-77.176	50.816	191.1	-108.24	36.798	195.57	-137.05	5.3175
280.5	-5.1135	28.761	262.92	-3.181	2.5601	297.73	-8.2215	-0.43953	273.95	-77.066	50.538	192.45	-108.05	36.651	196.89	-136.84	5.2589
281.8	-4.9505	28.442	264.2	-2.9696	2.485	299.01	-8.1375	-0.8918	275.24	-76.881	50.242	193.69	-107.84	36.439	198.06	-136.69	5.0865
282.99	-4.7974	28.088	265.44	-2.8534	2.0856	300.17	-7.9994	-1.2455	276.48	-76.673	49.906	194.87	-107.58	36.227	199.44	-136.97	4.9298
284.09	-4.6119	27.658	266.56	-2.6198	1.8447	301.56	-7.6863	-1.3788	277.6	-76.468	49.646	195.93	-107.34	35.989	200.08	-136.28	4.6739
285.08	-4.4635	27.226	267.33	-2.733	0.93139	302.3	-7.6676	-2.1198	278.62	-76.217	49.271	196.92	-107.08	35.752	201.02	-136.03	4.5191
285.98	-4.2137	26.71	268.34	-2.5222	0.47841	303.24	-7.445	-2.6339	279.55	-75.917	48.886	197.81	-106.8	35.487	201.9	-135.84	4.3132
286.79	-3.9386	26.237	269.02	-2.3325	-0.023677	304.34	-7.0895	-2.7838	280.38	-75.645	48.513	198.64	-106.53	35.229	202.71	-135.63	4.0462
287.48	-3.6616	25.598	269.81	-2.2481	-0.86703	305.07	-6.896	-3.3964	281.14	-75.247	48.172	199.38	-106.23	34.916	203.4	-135.45	3.7773
288.11	-3.3795	24.886	270.36	-2.0003	-1.4854	305.77	-6.6806	-4.0697	281.82	-74.863	47.682	200.05	-105.9	34.588	204.08	-135.28	3.5653
288.65	-3.0577	24.163	270.91	-1.8746	-2.4386	306.33	-6.4673	-4.7791	282.44	-74.45	47.256	200.66	-105.57	34.289	204.65	-135.12	3.2883
289.07	-2.7483	23.309	271.12	-2.0506	-3.9248	306.87	-6.3042	-5.4883	282.92	-74.025	46.831	201.15	-105.23	33.943	205.14	-134.82	3.1301
289.45	-2.3991	22.571	271.45	-1.7882	-4.61	307.33	-6.1265	-6.2408	283.31	-73.584	46.408	201.59	-104.86	33.659	205.58	-134.67	2.8347
289.66	-2.1123	21.912	271.74	-1.5738	-5.3382	307.53	-6.047	-7.097	283.64	-73.081	46.104	201.9	-104.5	33.359	205.86	-134.47	2.7034
289.67	-2.2021	21.809	271.89	-1.4261	-5.6166	307.78	-5.5676	-7.0908	283.88	-72.64	45.836	202.13	-104.14	33.131	206.19	-134.23	2.4882
289.87	-1.9605	21.747	272.24	-1.2698	-5.8707	308.06	-5.3017	-7.1933	284.04	-72.346	45.758	202.26	-103.78	32.945	206.74	-134.47	2.6461
289.96	-1.7297	21.794	272.33	-1.0326	-5.877	308.15	-5.0552	-7.2185	284.11	-72.134	45.768	202.35	-103.52	32.86	206.58	-133.88	2.4052
289.97	-1.447	21.854	272.33	-0.7992	-5.8784	308.01	-4.9753	-7.4706	284.09	-71.865	45.812	202.4	-103.39	32.849	206.71	-133.75	2.335
289.89	-1.1664	21.849	272.24	-0.56888	-5.7506	308.02	-4.7444	-7.3814	284.05	-71.574	45.892	202.41	-103.29	32.876	206.76	-133.64	2.4256
289.85	-1.0108	21.85	272.18	-0.4407	-5.7817	307.96	-4.559	-7.3749	283.94	-71.311	46.009	202.38	-103.12	32.935	207.05	-134.01	2.6534
289.73	-0.83627	21.823	272.13	-0.32397	-6.0231	307.86	-4.4095	-7.3846	283.8	-71.005	46.159	202.27	-102.92	32.968	206.76	-133.53	2.7024
289.55	-0.64533	21.82	271.98	-0.20592	-6.0316	307.77	-4.1844	-7.4348	283.7	-70.751	46.237	202.11	-102.78	32.981	207.03	-133.94	2.9374
289.38	-0.48829	21.809	271.76	-0.046405	-5.9423	307.64	-4.0337	-7.4656	283.58	-70.497	46.317	202.02	-102.7	33.009	206.99	-133.92	3.0572
289.27	-0.36115	21.808	271.65	0.010423	-5.99	307.53	-3.8913	-7.5076	283.48	-70.3	46.276	201.91	-102.67	32.993	206.95	-133.92	3.1211
289.24	-0.34585	21.798	271.61	0.0083031	-6.2009	307.67	-3.6586	-7.3518	283.38	-70.173	46.219	201.83	-102.63	32.961	206.58	-133.46	3.0738
289.2	-0.35453	21.807	271.54	-0.02233	-6.2883	307.64	-3.6189	-7.4662	283.25	-70.081	46.129	201.72	-102.57	32.945	206.52	-133.5	3.0794
289.19	-0.39072	21.804	271.51	-0.063068	-6.3446	307.63	-3.6226	-7.5778	283.15	-69.999	46.088	201.59	-102.52	32.911	206.44	-133.55	3.0932
289.16	-0.44291	21.806	271.47	-0.13628	-6.3961	307.7	-3.5924	-7.6079	283.07	-69.963	46.042	201.45	-102.49	32.854	206.34	-133.6	3.1264
289.14	-0.5268	21.809	271.41	-0.21892	-6.4335	307.7	-3.6213	-7.7323	282.98	-69.945	45.975	201.33	-102.51	32.829	206.27	-133.67	3.1662
289.12	-0.62497	21.812	271.32	-0.28151	-6.362	307.68	-3.6563	-7.8184	282.93	-69.953	45.936	201.24	-102.56	32.814	206.19	-133.76	3.2409
289.06	-0.65734	21.796	271.29	-0.39136	-6.5081	307.37	-3.9009	-8.2912	282.88	-69.985	45.884	201.18	-102.62	32.813	206.11	-133.92	3.234
289	-0.64812	21.803	271.22	-0.46553	-6.5475	307.34	-3.936	-8.34	282.85	-70.031	45.846	201.14	-102.69	32.826	206.28	-134.45	3.382
288.96	-0.66251	21.805	271.13	-0.50782	-6.5039	307.31	-3.9884	-8.4283	282.8	-70.076	45.815	201.07	-102.73	32.857	205.93	-134.05	3.3406
288.9	-0.6837	21.796	271.07	-0.58499	-6.5365	307.29	-4.0463	-8.4816	282.77	-70.11	45.812	201	-102.77	32.907	205.85	-134.18	3.4418
288.86	-0.70951	21.79	270.98	-0.63424	-6.4523	307.29	-4.0897	-8.5409	282.72	-70.127	45.838	200.93	-102.8	32.964	205.85	-134.25	3.5693
288.8	-0.74139	21.785	270.94	-0.71369	-6.4624	307.28	-4.1524	-8.5879	282.67	-70.143	45.86	200.85	-102.8	33.029	205.8	-134.32	3.7421
288.75	-0.76998	21.773	270.89	-0.78156	-6.4831	307.28	-4.2018	-8.6382	282.59	-70.163	45.892	200.77	-102.78	33.112	205.99	-134.78	3.9973
288.72	-0.78448	21.783	270.85	-0.84821	-6.5008	307.28	-4.2413	-8.7037	282.47	-70.173	45.925	200.66	-102.75	33.165	205.53	-134.38	3.9406
288.66	-0.80877	21.766	270.81	-0.89779	-6.5347	307.28	-4.2729	-8.7404	282.37	-70.134	45.973	200.55	-102.69	33.254	205.42	-134.42	4.0779
288.6	-0.81038	21.777	270.76	-0.94326	-6.5742	307.24	-4.3269	-8.7984	282.25	-70.065	46.024	200.41	-102.61	33.322	205.26	-134.41	4.2858
288.55	-0.81757	21.774	270.7	-0.97858	-6.6118	307.23	-4.3447	-8.8143	282.12	-69.986	46.07	200.25	-102.52	33.401	205.16	-134.38	4.4038
288.48	-0.81818	21.782	270.66	-1.0012	-6.6446	307.22	-4.3581	-8.8326	281.98	-69.902	46.146	200.06	-102.42	33.451	205.04	-134.35	4.5256
288.43	-0.80053	21.771	270.6	-1.0458	-6.7513	307.21	-4.3796	-8.8514	281.84	-69.814	46.235	199.88	-102.3	33.489	204.9	-134.33	4.7246
288.38	-0.76961	21.772	270.57	-1.0731	-6.9572	307.23	-4.3919	-8.8607	281.64	-69.755	46.309	199.7	-102.17	33.539	204.8	-134.3	4.8975
288.35	-0.71852	21.782	270.56	-1.1864	-7.3729	307.22	-4.4009	-8.8588	281.4	-69.65	46.419	199.51	-102.03	33.581	204.65	-134.24	5.0666
288.31	-0.66896	21.759	270.56	-1.2801	-7.8055	307.21	-4.4311	-8.8587	281.19	-69.502	46.478	199.3	-101.9	33.569	204.45	-134.22	5.1234
288.27	-0.60762	21.749	270.53	-1.2912	-7.9852	307.28	-4.6053	-9.138	280.95	-69.3	46.499	199.07	-101.74	33.544	204.22	-134.23	5.219
288.2	-0.52127	21.757	270.45	-1.289	-8.2087	307.3	-4.8123	-9.6882	280.67	-69.082	46.417	198.86	-101.55	33.524	204.06	-134.2	5.3879
288.1	-0.40467	21.764	270.36	-1.3315	-8.6543	307.34	-4.8826	-10.184	280.49	-68.807	46.34	198.62	-101.36	33.468	204.22	-134.61	5.65
287.94	-0.2689	21.736	270.2	-1.3607	-9.109	307.33	-4.8572	-10.339	280.28	-68.576	46.211	198.36	-101.2	33.4	203.77	-134.1	5.5834
287.85	-0.18577	21.728	270.03	-1.4292	-9.5281	307.34	-4.8375	-10.41	279.98	-68.456	46.144	198.11	-101.04	33.316	203.53	-134.06	5.5685
287.79	-0.10643	21.721	269.89	-1.4801	-9.8523	307.37	-4.9152	-10.579	279.74	-68.314	46.107	197.86	-100.86	33.238	203.27	-134.02	5.552
287.74	-0.052011	21.721	269.69	-1.5361	-10.16	307.78	-4.7983	-10.33	279.47	-68.208	46.036	197.62	-100.73	33.181	203.08	-133.98	5.6566
287.7	-0.0062101	21.723	269.45	-1.5891	-10.488	307.96	-4.8919	-10.492	279.18	-68.103	45.951	197.33	-100.61	33.149	202.88	-133.94	5.7787
287.68	0.019219	21.726	269.04	-1.5966	-10.508	308.21	-5.0467	-10.459	278.93	-68.008	45.96	197	-100.53	33.177	202.51	-133.95	5.7837
287.69	0.012042	21.728	268.54	-1.6401	-10.641	308.59	-5.1603	-10.316	278.56	-67.983	45.924	196.68	-100.43	33.273	202.23	-133.9	5.9693
287.69	-0.023712	21.722	268.07	-1.6753	-10.525	308.69	-5.5733	-10.514	278.23	-68.019	46.018	196.31	-100.39	33.369	201.96	-133.89	6.143
287.73	-0.064174	21.734	267.37	-1.6769	-10.282	309.68	-5.5061	-9.5527	277.91	-68.089	46.147	195.94	-100.39	33.55	201.48	-133.93	6.1913
287.77	-0.10832	21.735	266.66	-1.6448	-10.052	310.27	-5.7861	-9.1361	277.51	-68.266	46.226	195.52	-100.43	33.755	201.08	-133.95	6.4685
287.79	-0.13943	21.732	265.82	-1.616	-9.5724	310.46	-6.4033	-9.1321	277.13	-68.469	46.362	195.07	-100.53	34.033	200.95	-134.42	6.886
287.81	-0.15299	21.735	264.96	-1.5524	-9.1026	311.48	-6.5244	-8.0656	276.73	-68.707	46.627	194.57	-100.69	34.324	200.05	-134.12	6.9669
287.81	-0.14985	21.726	264.04	-1.5413	-8.5178	312	-7.0424	-7.4838	276.2	-69.046	46.782	194.01	-100.84	34.612	199.53	-134.22	7.2408
287.8	-0.13345	21.727	263.01	-1.4857	-7.8992	312.16	-7.7868	-7.3665	275.7	-69.358	46.96	193.39	-101.03	34.965	198.82	-134.34	7.5103
287.78	-0.10632	21.733	261.97	-1.4825	-7.3516	312.58	-8.4086	-6.802	275.09	-69.771	47.134	192.69	-101.27	35.301	198.09	-134.57	7.7919
287.76	-0.063816	21.727	260.87	-1.4834	-6.7167	312.97	-9.0815	-6.2095	274.46	-70.172	47.391	191.94	-101.52	35.662	197.26	-134.75	7.9876
287.74	-0.021874	21.728	259.69	-1.5733	-5.9834	313.31	-9.8253	-5.596	273.72	-70.634	47.589	191.13	-101.8	36.016	196.73	-135.37	8.454
287.73	0.011593	21.732	258.37	-1.7043	-5.3518	313.93	-10.382	-4.5268	272.86	-71.111	47.778	190.21	-102.11	36.414	195.56	-135.14	8.6578
287.72	0.0030385	21.731	256.98	-1.6698	-5.0182	314.04	-11.242	-3.9759	272	-71.589	47.973	189.21	-102.43	36.774	194.52	-135.39	8.9091
287.74	-0.02142	21.731	255.55	-1.8611	-4.4602	313.74	-12.329	-3.8459	271.02	-72.077	48.138	188.12	-102.75	37.156	193.43	-135.66	9.2577
287.75	-0.03988	21.726	254.08	-2.1581	-3.745	313.95	-13.099	-2.8886	269.91	-72.628	48.327	186.93	-103.07	37.554	192.08	-135.92	9.43
287.77	-0.052527	21.731	252.51	-2.4107	-3.3066	313.6	-14.13	-2.4251	268.71	-73.177	48.549	185.57	-103.39	37.929	190.81	-136.19	9.7211
287.77	-0.061615	21.729	250.92	-2.6383	-2.8418	312.99	-15.066	-1.9628	267.4	-73.754	48.875	184.13	-103.72	38.381	189.4	-136.44	10.074
287.78	-0.068618	21.725	249.5	-2.773	-1.7759	312.02	-15.99	-1.5586	266.16	-74.106	49.502	182.55	-104.06	38.777	187.8	-136.63	10.319
287.77	-0.062536	21.724	247.91	-3.1262	-1.1361	310.77	-16.823	-1.1282	264.59	-74.717	49.864	180.88	-104.4	39.235	186.1	-136.93	10.593
287.76	-0.046713	21.728	246.23	-3.5975	-0.34246	309.21	-17.567	-0.6654	262.88	-75.352	50.298	179.07	-104.73	39.71	184.28	-137.14	10.896
287.74	-0.033124	21.725	244.54	-3.976	0.36122	307.32	-18.229	-0.2059	261.05	-75.967	50.784	177.1	-105.1	40.206	182.45	-137.4	11.273
287.72	-0.0124	21.724	242.65	-4.3472	1.1408	305.31	-18.704	0.4855	259.05	-76.545	51.26	174.97	-105.41	40.704	180.34	-137.6	11.712
287.72	-0.016704	21.731	240.65	-4.806	1.9011	303.04	-19.196	1.0133	256.87	-77.137	51.838	172.68	-105.75	41.234	178.17	-137.73	12.116
287.73	-0.03136	21.731	238.48	-5.1526	2.9988	300.57	-19.653	1.5841	254.53	-77.692	52.346	170.27	-106.05	41.797	175.83	-137.93	12.532
287.73	-0.04092	21.73	236.16	-5.453	3.9039	297.83	-20.041	2.1998	252.09	-78.188	52.965	167.7	-106.36	42.378	173.4	-138.07	12.953
287.74	-0.046374	21.732	233.67	-5.7215	5.0022	294.85	-20.305	2.7519	249.41	-78.679	53.53	164.95	-106.68	42.965	170.82	-138.25	13.234
287.74	-0.046374	21.732	231	-5.9117	6.0302	287.74	-0.050046	21.725	246.61	-79.141	54.153	162.07	-107.01	43.545	168.02	-138.43	13.746
287.74	-0.046374	21.732	228.15	-6.059	7.4407	287.73	-0.031343	21.732	243.62	-79.523	54.748	159.05	-107.35	44.156	165.19	-138.56	14.128
287.74	-0.046374	21.732	225.07	-6.0969	8.6233	287.73	-0.031793	21.729	240.49	-79.843	55.411	155.88	-107.74	44.749	162.21	-138.68	14.578
287.74	-0.046374	21.732	221.87	-6.1013	10.033	287.74	-0.025784	21.738	237.18	-80.097	56.051	152.59	-108.13	45.393	159.02	-138.95	14.932
287.74	-0.046374	21.732	218.5	-6.0467	11.35	287.74	-0.032637	21.726	233.75	-80.277	56.703	149.17	-108.54	46.035	155.87	-139	15.484
287.74	-0.046374	21.732	214.84	-6.0422	12.848	287.74	-0.030903	21.728	230.17	-80.425	57.267	145.61	-108.94	46.651	152.45	-139.16	15.8
287.74	-0.046374	21.732	210.93	-5.9217	14.143	287.74	-0.023032	21.743	226.39	-80.474	57.874	141.91	-109.32	47.268	148.89	-139.26	16.314
261.37	-18.163	7.588	206.89	-5.7057	15.487	287.41	0.47205	21.71	222.48	-80.511	58.521	138.06	-109.71	47.937	145.23	-139.28	16.656
256.25	-17.225	8.5112	202.68	-5.4602	16.8	287.4	0.47152	21.715	218.44	-80.452	59.104	134.09	-110.1	48.531	141.53	-139.42	17.053
250.72	-16.233	9.3043	198.3	-5.2502	18.245	287.41	0.4723	21.713	214.26	-80.357	59.722	130.01	-110.5	49.143	137.62	-139.44	17.406
250.72	-16.233	9.3043	193.7	-4.8656	19.428	287.41	0.46425	21.719	209.93	-80.173	60.273	125.81	-110.87	49.71	133.62	-139.56	17.698
250.72	-16.233	9.3043	189.01	-4.6106	20.791	287.41	0.47256	21.717	205.46	-79.901	60.837	121.51	-111.24	50.29	129.55	-139.49	18.207
250.72	-16.233	9.3043	183.98	-4.2808	21.779	287.41	0.47024	21.702	200.89	-79.536	61.408	117.11	-111.59	50.846	125.38	-139.59	18.533
250.72	-16.233	9.3043	178.87	-3.8635	22.522	287.52	-0.010815	20.305	195.94	-79.327	61.564	112.63	-111.94	51.394	121.27	-139.83	18.915
250.72	-16.233	9.3043	173.58	-3.505	23.263	287.52	-0.013979	20.293	191.14	-78.768	62.094	108.08	-112.3	51.927	116.87	-139.75	19.232
250.72	-16.233	9.3043	168.18	-3.1864	23.798	287.53	-0.016007	20.302	186.19	-78.145	62.625	103.46	-112.59	52.396	112.57	-139.93	19.65
250.72	-16.233	9.3043	162.6	-2.799	24.168	287.51	-0.014446	20.309	181.15	-77.452	63.041	98.788	-112.9	52.877	108.14	-139.95	19.976
250.72	-16.233	9.3043	156.98	-2.4324	24.423	287.83	0.030353	21.765	176.04	-76.704	63.47	94.031	-113.19	53.33	103.61	-140	20.256
287.83	0.016603	21.756	151.23	-1.9739	24.583	NaN	NaN	NaN	170.86	-75.917	63.822	89.733	-113.18	54.124	99.687	-139.73	21.077
287.83	0.0224	21.752	145.41	-1.5806	24.612	NaN	NaN	NaN	165.63	-75.112	64.199	84.387	-113.79	54.161	94.536	-140	20.907
287.73	-0.025637	21.725	139.47	-1.2525	24.831	175.26	-3.2069	11.757	160.35	-74.266	64.502	80.01	-113.8	54.888	90.491	-139.79	21.629
287.73	-0.03071	21.731	133.47	-0.79483	24.74	166.9	-1.8272	13.801	155.02	-73.405	64.738	74.626	-114.43	54.859	85.215	-140.1	21.347
287.73	-0.02865	21.733	127.46	-0.40671	24.732	159.02	-0.73936	13.899	149.63	-72.541	64.988	69.728	-114.79	55.136	80.526	-140.08	21.566
287.73	-0.026655	21.739	121.4	-0.028431	24.698	151.03	0.19041	13.875	144.23	-71.662	65.208	64.85	-115.1	55.374	75.88	-140.16	21.705
287.74	-0.033098	21.725	115.31	0.34768	24.717	143.1	1.0706	13.888	138.78	-70.816	65.334	59.965	-115.42	55.586	71.246	-140.32	21.803
287.74	-0.023532	21.729	109.16	0.72375	24.606	135.25	1.9144	13.953	133.31	-69.975	65.42	55.075	-115.78	55.772	66.589	-140.43	21.89
287.74	-0.025931	21.726	102.92	1.1749	24.49	127.66	2.7312	13.988	127.92	-69.112	65.531	50.245	-116.12	55.894	61.961	-140.5	21.937
287.74	-0.021118	21.731	96.429	1.5895	24.367	120.51	3.4101	13.788	122.48	-68.285	65.543	45.455	-116.46	55.992	57.393	-140.59	21.929
287.74	-0.020995	21.731	89.848	2.0187	24.223	113.75	4.1347	13.643	117.04	-67.464	65.522	40.702	-116.82	56.068	52.805	-140.67	21.96
287.74	-0.020183	21.732	83.346	2.4402	24.091	107.11	4.7684	13.365	111.67	-66.652	65.431	36.032	-117.21	56.115	48.312	-140.82	21.903
287.74	-0.011245	21.736	76.901	2.818	23.937	100.52	5.446	13.131	106.44	-65.862	65.227	31.431	-117.56	56.152	43.921	-141.02	21.86
287.73	-0.014402	21.732	70.493	3.1449	23.591	93.947	6.0293	12.724	101.21	-65.048	65.009	26.869	-117.97	56.121	39.381	-140.99	21.821
287.73	-0.013335	21.732	64.227	3.4603	23.28	87.481	6.5324	12.261	96.045	-64.301	64.724	22.389	-118.27	56.07	35.228	-141.42	21.719
287.74	-0.024595	21.727	57.996	3.7592	22.918	81.184	7.0402	11.844	90.99	-63.528	64.509	17.978	-118.66	55.999	31.026	-141.6	21.638
287.73	-0.019535	21.724	51.915	3.9459	22.517	75.092	7.5864	11.432	85.943	-62.784	64.125	13.687	-118.98	55.832	26.902	-141.8	21.523
287.73	-0.019507	21.736	46.032	4.1721	22.028	69.026	7.9276	10.805	81.038	-62.064	63.818	9.4476	-119.28	55.624	22.891	-141.98	21.333
287.72	-0.022064	21.732	40.283	4.3273	21.457	63.251	8.2976	10.258	76.232	-61.363	63.563	5.3198	-119.55	55.384	18.944	-142.21	21.039
287.72	-0.024177	21.728	34.705	4.4954	20.757	57.646	8.5413	9.604	71.494	-60.692	63.234	1.2631	-119.8	55.117	15.176	-142.33	20.867
287.72	-0.023422	21.73	29.317	4.6123	20.078	52.163	8.7519	8.9158	66.839	-60.049	62.891	-2.6978	-120.03	54.805	11.446	-142.56	20.577
287.72	-0.022329	21.734	24.147	4.6638	19.482	46.969	8.9878	8.1913	62.329	-59.443	62.506	-6.5478	-120.23	54.445	7.8986	-142.75	20.287
287.72	-0.023761	21.718	19.102	4.7096	18.637	41.965	9.1342	7.4773	57.958	-58.867	62.138	-10.274	-120.42	54.083	4.4732	-142.94	19.892
287.72	-0.026422	21.727	14.299	4.7193	17.787	37.053	9.1556	6.614	53.759	-58.325	61.772	-13.859	-120.63	53.69	1.156	-143.15	19.662
287.73	-0.033437	21.726	9.7362	4.7311	16.948	32.579	9.3212	5.9339	49.704	-57.838	61.319	-17.263	-120.81	53.265	-1.9557	-143.3	19.289
287.73	-0.027241	21.738	5.353	4.6437	16.102	28.21	9.3339	5.0555	45.843	-57.368	60.918	-20.56	-121	52.81	-5.0241	-143.55	18.937
287.72	-0.022648	21.734	1.2508	4.6068	15.17	24.01	9.3664	4.1424	42.12	-56.954	60.424	-23.717	-121.18	52.309	-7.8079	-143.72	18.541
287.73	-0.029785	21.733	-2.6535	4.4855	14.279	20.15	9.2775	3.2879	38.591	-56.588	59.958	-26.714	-121.36	51.831	-10.558	-143.94	18.048
287.73	-0.026847	21.725	-6.3135	4.3913	13.304	16.512	9.2659	2.3836	35.293	-56.25	59.465	-29.53	-121.53	51.33	-13.167	-144.17	17.618
287.74	-0.021134	21.73	-9.6647	4.2916	12.35	13.128	9.2105	1.519	32.173	-55.988	58.911	-32.257	-121.73	50.762	-15.625	-144.35	17.221
287.74	-0.021418	21.733	-12.774	4.1072	11.495	10.023	8.9955	0.68714	29.226	-55.769	58.35	-34.789	-121.89	50.196	-17.901	-144.58	16.756
287.74	-0.011832	21.735	-15.7	3.9783	10.523	7.1843	8.8846	-0.13889	26.534	-55.603	57.781	-37.16	-122.05	49.639	-20.086	-144.79	16.278
287.74	-0.019162	21.734	-18.356	3.8279	9.551	4.5172	8.8252	-1.03	23.994	-55.476	57.171	-39.349	-122.19	49.034	-22.1	-145	15.742
287.74	-0.018251	21.736	-20.744	3.5707	8.8292	2.0953	8.6136	-1.9211	21.66	-55.372	56.57	-41.43	-122.34	48.441	-24.004	-145.21	15.187
287.74	-0.018251	21.736	-22.927	3.5177	7.7705	-0.06603	8.4354	-2.6593	19.543	-55.338	55.991	-43.321	-122.46	47.805	-25.757	-145.42	14.576
287.74	-0.018251	21.736	-24.889	3.2983	6.9921	-2.0214	8.2983	-3.5813	17.586	-55.278	55.39	-45.28	-122.39	47.42	-27.329	-145.59	14.04
287.73	-0.014456	21.731	-26.644	3.1465	6.0653	-3.7388	8.1678	-4.3936	15.812	-55.296	54.786	-46.9	-122.53	46.747	-28.723	-145.75	13.466
287.74	-0.021104	21.73	-28.151	3.0003	5.1916	-5.2325	7.9088	-5.1094	14.176	-55.295	54.16	-48.368	-122.64	46.003	-30.04	-145.94	12.758
287.73	-0.016715	21.727	-29.553	2.7312	4.3299	-6.5219	7.697	-5.9276	12.688	-55.34	53.527	-49.669	-122.74	45.33	-31.263	-146.12	12.077
287.73	-0.013932	21.731	-30.737	2.6264	3.3083	-7.7065	7.4725	-6.8882	11.367	-55.373	52.925	-50.914	-122.8	44.588	-32.295	-146.23	11.493
287.72	-0.012335	21.736	-31.785	2.4488	2.2704	-8.7133	7.2721	-7.8325	10.115	-55.471	52.246	-51.822	-123.05	43.52	-33.184	-146.42	10.845
287.73	-0.016547	21.727	-32.682	2.2672	1.2522	-9.4938	7.0644	-8.633	9.0462	-55.514	51.632	-52.851	-123.14	42.738	-34.033	-146.67	10.172
287.73	-0.013932	21.731	-33.452	2.0275	0.27456	-10.193	6.761	-9.5188	8.0057	-55.581	50.955	-53.738	-123.2	41.93	-34.761	-146.79	9.5252
287.73	-0.021639	21.734	-34.15	1.8372	-0.98163	-10.748	6.4642	-10.512	7.1274	-55.651	50.25	-54.513	-123.26	41.075	-35.351	-146.99	8.7326
287.73	-0.021057	21.723	-34.739	1.5753	-2.1407	-11.24	6.2157	-11.547	6.3112	-55.692	49.511	-55.22	-123.31	40.234	-35.854	-147.16	8.0895
287.72	-0.023171	21.719	-35.235	1.3524	-3.3938	-11.641	5.9403	-12.641	5.6197	-55.763	48.722	-55.803	-123.35	39.347	-36.301	-147.39	7.3524
287.72	-0.02233	21.734	-35.577	1.1704	-4.6693	-11.966	5.6463	-13.808	4.9513	-55.819	47.891	-56.319	-123.43	38.432	-36.658	-147.59	6.5883
287.72	-0.025689	21.728	-35.9	0.84134	-5.9096	-12.212	5.312	-14.942	4.4242	-55.863	47.042	-56.728	-123.5	37.555	-36.94	-147.85	5.8735
287.73	-0.027311	21.724	-36.185	0.52842	-7.3383	-12.396	4.922	-16.255	3.9874	-55.949	46.106	-57.116	-123.57	36.625	-37.202	-148.05	5.0441
287.73	-0.030858	21.73	-36.299	0.25967	-8.7516	-12.467	4.6104	-17.458	3.6455	-56.003	45.231	-57.406	-123.63	35.684	-37.337	-148.25	4.3347
287.73	-0.028186	21.734	-36.443	-0.15458	-10.256	-12.396	4.1901	-18.641	3.2414	-56.071	44.35	-57.669	-123.72	34.732	-37.484	-148.46	3.5933
287.73	-0.028943	21.72	-36.494	-0.48626	-11.497	-12.496	4.1056	-18.724	2.8675	-56.135	43.684	-57.888	-123.77	33.897	-37.536	-148.72	2.7843
287.73	-0.027794	21.721	-36.574	-0.70978	-12.219	-12.529	4.1049	-18.647	2.4572	-56.268	43.222	-58.149	-123.79	33.074	-37.562	-148.92	2.2121
287.73	-0.030875	21.73	-36.553	-0.7118	-12.283	-12.474	4.0507	-18.642	2.1547	-56.536	43.022	-58.407	-123.8	32.257	-37.521	-149.04	1.6044
287.73	-0.030015	21.733	-36.478	-0.78652	-12.313	-12.346	3.9493	-18.627	1.8252	-56.916	43.005	-58.682	-123.85	31.574	-37.588	-149.23	1.1512
287.73	-0.031078	21.731	-36.306	-0.86994	-12.511	-11.921	3.6264	-18.615	1.4654	-57.249	43.229	-58.883	-123.95	31.064	-37.504	-149.33	0.66555
287.73	-0.030708	21.731	-36.084	-0.95291	-12.67	-11.533	3.3347	-18.598	1.1383	-57.441	43.472	-59.029	-124.14	30.741	-37.466	-149.53	0.34384
287.74	-0.033774	21.724	-35.797	-1.0646	-12.562	-11.174	3.0548	-18.58	0.78615	-57.543	43.633	-59.165	-124.24	30.566	-37.466	-149.57	0.27804
287.74	-0.037764	21.717	-35.679	-1.0953	-12.792	-10.917	2.8777	-18.579	0.49321	-57.536	43.854	-59.404	-124.16	30.414	-37.508	-149.6	0.37568
287.75	-0.043027	21.722	-35.83	-1.3222	-13.238	-10.744	2.7264	-18.564	0.24224	-57.505	44.053	-59.746	-123.98	30.281	-37.563	-149.57	0.61431
287.75	-0.039208	21.726	-35.797	-1.3068	-13.272	-10.645	2.6333	-18.562	-0.01898	-57.428	44.179	-60.057	-123.79	30.178	-37.645	-149.53	0.83953
287.75	-0.038028	21.729	-35.813	-1.2808	-13.3	-10.623	2.5921	-18.559	-0.26723	-57.308	44.284	-60.277	-123.68	30.067	-37.681	-149.49	0.98248
287.74	-0.033453	21.725	-35.859	-1.2392	-13.366	-10.608	2.5859	-18.553	-0.45702	-57.186	44.385	-60.398	-123.6	29.993	-37.768	-149.47	1.0789
287.74	-0.032206	21.726	-35.884	-1.1882	-13.402	-10.595	2.5929	-18.541	-0.62184	-57.051	44.476	-60.49	-123.48	29.964	-37.835	-149.41	1.1135
287.74	-0.033116	21.725	-35.905	-1.1242	-13.425	-10.592	2.61	-18.544	-0.81871	-56.94	44.511	-60.58	-123.35	29.87	-37.891	-149.35	1.0974
287.75	-0.027239	21.731	-35.952	-0.96565	-13.732	-10.588	2.6096	-18.543	-0.95943	-56.856	44.51	-60.719	-123.23	29.732	-37.928	-149.29	1.0601
287.74	-0.033279	21.724	-35.971	-0.88469	-13.775	-10.57	2.6085	-18.545	-1.0609	-56.799	44.457	-60.86	-123.12	29.59	-37.989	-149.22	1.016
287.74	-0.020237	21.732	-35.964	-0.80389	-13.788	-10.551	2.5939	-18.545	-1.14	-56.762	44.404	-60.981	-123.03	29.452	-38.082	-149.14	0.93481
287.74	-0.01783	21.723	-35.95	-0.74236	-13.806	-10.519	2.5836	-18.544	-1.2034	-56.757	44.33	-61.102	-122.92	29.293	-38.132	-149.09	0.86256
287.73	-0.015542	21.714	-35.962	-0.69933	-13.849	-10.499	2.5685	-18.542	-1.2529	-56.756	44.263	-61.184	-122.83	29.157	-38.207	-149.04	0.719
287.73	-0.012971	21.719	-35.945	-0.65651	-13.847	-10.476	2.5542	-18.536	-1.3005	-56.772	44.202	-61.263	-122.77	28.985	-38.265	-149	0.61176
287.73	0.00036408	21.727	-35.945	-0.65423	-13.861	-10.475	2.5416	-18.545	-1.3257	-56.813	44.138	-61.324	-122.76	28.869	-38.327	-149	0.48095
287.73	-0.0021458	21.722	-35.943	-0.65624	-13.833	-10.469	2.5284	-18.532	-1.3528	-56.856	44.073	-61.356	-122.76	28.768	-38.384	-149.01	0.35571
287.73	-0.0013971	21.723	-35.945	-0.63505	-13.921	-10.466	2.5125	-18.537	-1.3725	-56.894	44.013	-61.38	-122.77	28.69	-38.453	-149.05	0.23987
287.72	-0.0061819	21.715	-35.961	-0.6775	-13.921	-10.433	2.4797	-18.535	-1.3547	-56.951	43.991	-61.4	-122.81	28.63	-38.488	-149.07	0.15254
287.73	-0.0047957	21.72	-35.947	-0.71269	-13.918	-10.396	2.4688	-18.511	-1.3603	-57.008	43.918	-61.402	-122.84	28.598	-38.544	-149.11	0.098132
287.73	-0.0022036	21.722	-35.95	-0.76354	-13.902	-10.382	2.3598	-18.448	-1.3301	-57.079	43.856	-61.392	-122.89	28.577	-38.609	-149.16	0.043463
287.73	-0.016117	21.727	-35.96	-0.81429	-13.907	-10.359	2.3334	-18.439	-1.2749	-57.163	43.81	-61.39	-122.93	28.546	-38.644	-149.19	0.0048909
287.73	-0.018227	21.724	-35.951	-0.90377	-13.823	-10.378	2.2762	-18.463	-1.2357	-57.27	43.708	-61.376	-122.98	28.528	-38.685	-149.22	-0.031779
287.73	-0.020817	21.722	-35.951	-0.94665	-13.817	-10.325	2.2598	-18.431	-1.1664	-57.352	43.661	-61.346	-123.02	28.514	-38.723	-149.25	-0.09442
287.73	-0.031804	21.729	-35.945	-1.0021	-13.801	-10.352	2.1976	-18.449	-1.0951	-57.422	43.631	-61.316	-123.07	28.501	-38.738	-149.28	-0.11978
287.73	-0.034977	21.725	-35.967	-1.0483	-13.824	-10.324	2.1575	-18.438	-1.0238	-57.476	43.572	-61.258	-123.11	28.499	-38.752	-149.31	-0.172
287.73	-0.043624	21.724	-35.946	-1.1318	-13.702	-10.285	2.1386	-18.411	-0.96409	-57.529	43.522	-61.222	-123.14	28.488	-38.753	-149.34	-0.21701
287.73	-0.044877	21.722	-35.937	-1.2118	-13.559	-10.27	2.0872	-18.418	-0.9004	-57.58	43.441	-61.168	-123.16	28.489	-38.759	-149.37	-0.25368
287.73	-0.056813	21.715	-35.942	-1.2447	-13.565	-10.252	2.0698	-18.415	-0.81189	-57.611	43.398	-61.1	-123.2	28.478	-38.756	-149.4	-0.30824
287.74	-0.051884	21.721	-35.947	-1.2808	-13.557	-10.243	2.0434	-18.409	-0.73992	-57.652	43.336	-61.038	-123.23	28.478	-38.738	-149.43	-0.33241
287.73	-0.052655	21.723	-35.956	-1.3041	-13.56	-10.242	2.0154	-18.423	-0.65243	-57.682	43.287	-60.954	-123.27	28.461	-38.718	-149.47	-0.36969
287.73	-0.044306	21.709	-35.965	-1.3239	-13.574	-10.224	2.0083	-18.402	-0.57095	-57.701	43.231	-60.87	-123.32	28.463	-38.689	-149.49	-0.41075
