141.19	-2.4174	20.19	-36.799	0.51634	-13.993	-10.492	6.0771	-18.009	-4.9439	-55.521	42.378	-66.448	-121.49	26.982	-43.024	-146.77	-2.1822
141.2	-2.4197	20.196	-36.803	0.51201	-13.984	-10.492	6.0771	-18.009	-4.9446	-55.507	42.37	-66.442	-121.49	26.984	-43.031	-146.77	-2.1591
141.21	-2.4171	20.198	-36.794	0.53033	-13.981	-10.492	6.0771	-18.009	-4.9363	-55.504	42.376	-66.441	-121.49	26.983	-43.025	-146.77	-2.1523
141.2	-2.4218	20.194	-36.812	0.50752	-13.992	-10.492	6.0771	-18.009	-4.9404	-55.504	42.375	-66.445	-121.49	26.982	-43.031	-146.77	-2.1595
141.2	-2.4118	20.197	-36.8	0.52825	-13.988	-10.488	6.0809	-18.002	-4.9334	-55.499	42.368	-66.447	-121.48	26.986	-43.041	-146.77	-2.1659
141.19	-2.4139	20.194	-36.805	0.52595	-13.991	-10.492	6.0785	-18.022	-4.9413	-55.504	42.375	-66.44	-121.49	26.988	-43.021	-146.77	-2.1547
141.2	-2.4105	20.198	-36.804	0.52603	-13.991	-10.488	6.0808	-18.003	-4.9413	-55.504	42.375	-66.457	-121.49	26.979	-43.034	-146.77	-2.1596
141.2	-2.4122	20.182	-36.81	0.52413	-13.996	-10.491	6.0779	-18.005	-4.9396	-55.504	42.374	-66.45	-121.48	26.986	-43.034	-146.77	-2.1585
141.19	-2.4147	20.19	-36.813	0.53233	-13.979	-10.488	6.0808	-18.003	-4.9445	-55.494	42.379	-66.456	-121.49	26.983	-43.034	-146.77	-2.1708
141.19	-2.4171	20.189	-36.82	0.51483	-13.992	-10.498	6.0874	-18.019	-4.9496	-55.508	42.369	-66.454	-121.48	26.984	-43.044	-146.76	-2.1603
141.19	-2.4136	20.193	-36.811	0.52325	-13.997	-10.493	6.0897	-18	-4.9431	-55.492	42.38	-66.456	-121.48	26.983	-43.022	-146.76	-2.1487
141.19	-2.4069	20.192	-36.809	0.5254	-13.994	-10.5	6.0832	-18.008	-4.952	-55.498	42.372	-66.457	-121.49	26.993	-43.032	-146.77	-2.1582
141.19	-2.4136	20.193	-36.839	0.57367	-14.15	-10.493	6.0897	-18	-4.9403	-55.491	42.383	-66.462	-121.49	26.978	-43.051	-146.77	-2.1675
141.19	-2.4159	20.203	-36.821	0.52868	-13.997	-10.505	6.083	-18.012	-4.9582	-55.502	42.367	-66.457	-121.49	26.982	-43.036	-146.77	-2.1611
141.18	-2.4092	20.189	-36.813	0.52136	-13.998	-10.496	6.0868	-18.002	-4.9594	-55.5	42.367	-66.455	-121.48	26.968	-43.036	-146.77	-2.1735
141.19	-2.415	20.192	-36.825	0.51557	-14.008	-10.493	6.0897	-18	-4.959	-55.489	42.361	-66.451	-121.48	26.973	-43.047	-146.78	-2.1575
141.19	-2.4147	20.19	-36.821	0.51612	-14.005	-10.5	6.0831	-18.008	-4.9533	-55.499	42.371	-66.46	-121.49	26.977	-43.031	-146.77	-2.157
141.2	-2.4141	20.207	-36.838	0.57512	-14.15	-10.493	6.0771	-18.008	-4.9545	-55.5	42.37	-66.46	-121.49	26.966	-43.042	-146.76	-2.1564
141.2	-2.4121	20.21	-36.812	0.52227	-13.997	-10.492	6.0771	-18.009	-4.9379	-55.502	42.391	-66.457	-121.49	26.979	-43.037	-146.77	-2.1609
141.2	-2.4104	20.198	-36.817	0.51933	-14.003	-10.488	6.0808	-18.003	-4.9428	-55.492	42.379	-66.449	-121.49	26.978	-43.035	-146.77	-2.1581
141.2	-2.4093	20.199	-36.807	0.52152	-13.98	-10.481	6.0841	-17.995	-4.9417	-55.505	42.374	-66.44	-121.49	26.973	-43.025	-146.76	-2.1628
141.21	-2.4155	20.202	-36.799	0.51504	-13.979	-10.481	6.0855	-18.009	-4.9386	-55.501	42.378	-66.444	-121.49	26.97	-43.025	-146.78	-2.1732
141.21	-2.4137	20.189	-36.832	0.56382	-14.152	-10.481	6.0856	-18.009	-4.9452	-55.505	42.331	-66.442	-121.49	26.971	-43.012	-146.79	-2.1548
141.22	-2.4093	20.197	-36.795	0.51785	-13.99	-10.473	6.0888	-18.002	-4.9226	-55.491	42.351	-66.444	-121.49	26.972	-43.017	-146.79	-2.1717
141.21	-2.4116	20.194	-36.778	0.51541	-13.981	-10.46	6.0957	-17.99	-4.9213	-55.505	42.37	-66.427	-121.49	26.977	-43.016	-146.79	-2.1604
141.22	-2.4093	20.197	-36.778	0.51504	-13.983	-10.468	6.0925	-17.997	-4.906	-55.492	42.345	-66.427	-121.49	26.976	-43.002	-146.78	-2.1601
141.21	-2.4126	20.191	-36.77	0.52031	-13.975	-10.469	6.0918	-18.001	-4.9084	-55.478	42.338	-66.425	-121.49	26.98	-43.002	-146.76	-2.152
141.21	-2.4121	20.19	-36.778	0.52679	-13.976	-10.469	6.0933	-18.014	-4.9031	-55.487	42.335	-66.425	-121.48	26.983	-43.011	-146.77	-2.1492
141.22	-2.4086	20.197	-36.787	0.52547	-13.997	-10.469	6.0918	-18.001	-4.9026	-55.488	42.348	-66.43	-121.48	26.98	-43.005	-146.78	-2.1624
141.21	-2.4149	20.199	-36.791	0.52089	-13.986	-10.465	6.097	-18.007	-4.9201	-55.486	42.327	-66.427	-121.49	26.979	-43.012	-146.77	-2.1607
141.21	-2.4162	20.2	-36.811	0.57813	-14.148	-10.473	6.0939	-18.014	-4.9154	-55.483	42.344	-66.433	-121.48	26.978	-43.013	-146.78	-2.1531
141.2	-2.4093	20.199	-36.79	0.53396	-13.978	-10.476	6.101	-18	-4.9282	-55.478	42.341	-66.435	-121.48	26.978	-43.016	-146.77	-2.1486
141.2	-2.4093	20.199	-36.803	0.52727	-13.989	-10.484	6.0982	-18.006	-4.9472	-55.489	42.325	-66.441	-121.49	26.974	-43.024	-146.77	-2.1502
141.2	-2.4114	20.195	-36.814	0.52148	-13.999	-10.489	6.0945	-18.011	-4.9366	-55.483	42.347	-66.447	-121.48	26.986	-43.036	-146.77	-2.1589
141.19	-2.4168	20.187	-36.817	0.51946	-14	-10.485	6.0981	-18.005	-4.9485	-55.481	42.368	-66.456	-121.48	26.981	-43.029	-146.78	-2.1446
141.19	-2.4169	20.189	-36.826	0.51293	-14.009	-10.502	6.0883	-18.019	-4.9515	-55.48	42.342	-66.456	-121.5	26.977	-43.039	-146.77	-2.1622
141.19	-2.4174	20.202	-36.826	0.52592	-13.988	-10.497	6.0918	-18.014	-4.9615	-55.486	42.348	-66.467	-121.49	26.975	-43.03	-146.78	-2.149
141.19	-2.4195	20.199	-36.829	0.52508	-14.005	-10.5	6.0993	-17.998	-4.9598	-55.484	42.336	-66.461	-121.49	26.963	-43.03	-146.78	-2.1599
141.19	-2.4218	20.196	-36.828	0.51204	-13.997	-10.501	6.0866	-18.006	-4.9603	-55.485	42.335	-66.463	-121.49	26.964	-43.03	-146.8	-2.1564
141.19	-2.4168	20.187	-36.829	0.51116	-13.998	-10.493	6.0898	-18	-4.9507	-55.48	42.342	-66.462	-121.5	26.971	-43.023	-146.78	-2.1584
141.18	-2.4217	20.197	-36.826	0.51337	-13.996	-10.496	6.0905	-18	-4.957	-55.485	42.337	-66.46	-121.5	26.97	-43.024	-146.78	-2.1443
141.19	-2.4195	20.199	-36.83	0.51035	-14	-10.501	6.0866	-18.006	-4.9461	-55.491	42.365	-66.46	-121.5	26.97	-43.019	-146.79	-2.1491
141.19	-2.4174	20.19	-36.813	0.50881	-14.006	-10.496	6.0919	-18.014	-4.9353	-55.481	42.336	-66.448	-121.51	26.973	-43.01	-146.8	-2.1584
141.21	-2.4175	20.201	-36.817	0.51704	-13.989	-10.493	6.0914	-18.013	-4.9397	-55.485	42.331	-66.444	-121.51	26.977	-43.01	-146.8	-2.1593
141.2	-2.4197	20.197	-36.805	0.51103	-13.984	-10.488	6.0952	-18.007	-4.9398	-55.497	42.311	-66.436	-121.5	26.971	-42.999	-146.79	-2.1648
141.2	-2.4218	20.194	-36.79	0.50826	-13.992	-10.477	6.1013	-17.998	-4.9362	-55.481	42.322	-66.43	-121.51	26.954	-43.001	-146.79	-2.166
141.21	-2.4175	20.201	-36.799	0.51464	-13.993	-10.471	6.0924	-18.001	-4.9276	-55.489	42.321	-66.422	-121.51	26.974	-42.994	-146.79	-2.1617
141.21	-2.4151	20.202	-36.795	0.50552	-13.983	-10.472	6.0923	-18.001	-4.9208	-55.474	42.333	-66.415	-121.51	26.972	-42.978	-146.79	-2.1548
141.21	-2.4153	20.202	-36.804	0.50944	-13.985	-10.473	6.0939	-18.014	-4.9134	-55.479	42.32	-66.409	-121.51	26.978	-42.972	-146.8	-2.1672
141.22	-2.4226	20.187	-36.797	0.516	-13.991	-10.469	6.1061	-18.005	-4.9147	-55.48	42.319	-66.398	-121.52	26.98	-42.959	-146.81	-2.1629
141.21	-2.4177	20.201	-36.792	0.50627	-13.993	-10.477	6.1028	-18.012	-4.9063	-55.476	42.325	-66.394	-121.51	26.97	-42.964	-146.81	-2.171
141.21	-2.4146	20.188	-36.782	0.51137	-13.973	-10.481	6.1026	-18.016	-4.9134	-55.479	42.32	-66.388	-121.52	26.969	-42.955	-146.8	-2.1634
141.21	-2.4133	20.191	-36.797	0.51382	-13.979	-10.484	6.0996	-18.019	-4.9097	-55.476	42.323	-66.383	-121.52	26.972	-42.954	-146.8	-2.1616
141.2	-2.422	20.194	-36.803	0.512	-13.984	-10.477	6.1028	-18.012	-4.919	-55.469	42.319	-66.384	-121.52	26.972	-42.954	-146.8	-2.162
141.21	-2.4173	20.198	-36.799	0.51633	-13.993	-10.485	6.0981	-18.005	-4.9186	-55.47	42.321	-66.39	-121.53	26.965	-42.949	-146.81	-2.164
141.2	-2.4196	20.195	-36.812	0.50751	-13.992	-10.493	6.0964	-18.025	-4.9178	-55.467	42.323	-66.394	-121.51	26.97	-42.952	-146.8	-2.1728
141.19	-2.4149	20.191	-36.827	0.49992	-14.005	-10.489	6.107	-18.002	-4.927	-55.462	42.322	-66.398	-121.52	26.976	-42.956	-146.81	-2.1639
141.2	-2.4093	20.2	-36.83	0.50932	-14	-10.498	6.1037	-18.009	-4.9371	-55.451	42.321	-66.403	-121.52	26.974	-42.957	-146.81	-2.165
141.19	-2.4148	20.19	-36.824	0.51427	-13.994	-10.497	6.1036	-18.01	-4.9487	-55.445	42.319	-66.398	-121.52	26.98	-42.95	-146.8	-2.1594
141.2	-2.4116	20.195	-36.826	0.51337	-13.996	-10.502	6.1036	-18.013	-4.949	-55.446	42.332	-66.413	-121.51	26.972	-42.951	-146.8	-2.1592
141.2	-2.4095	20.2	-36.831	0.52201	-13.993	-10.504	6.1117	-17.995	-4.9657	-55.444	42.326	-66.423	-121.52	26.965	-42.958	-146.81	-2.1671
141.2	-2.4115	20.195	-36.835	0.52141	-13.996	-10.504	6.1116	-17.995	-4.9747	-55.437	42.337	-66.418	-121.52	26.969	-42.962	-146.8	-2.1624
141.2	-2.4129	20.194	-36.839	0.51977	-14.015	-10.509	6.1115	-17.999	-4.98	-55.428	42.34	-66.424	-121.51	26.971	-42.954	-146.8	-2.159
141.2	-2.407	20.189	-36.838	0.52093	-14.013	-10.511	6.108	-17.999	-4.9891	-55.42	42.34	-66.421	-121.5	26.975	-42.963	-146.79	-2.1584
141.21	-2.4171	20.198	-36.834	0.52369	-14.009	-10.502	6.1147	-17.992	-4.9835	-55.416	42.343	-66.43	-121.51	26.969	-42.952	-146.8	-2.1459
141.2	-2.4095	20.2	-36.839	0.5206	-14.013	-10.513	6.1101	-18.014	-4.9876	-55.406	42.349	-66.421	-121.5	26.966	-42.957	-146.79	-2.1541
141.22	-2.4114	20.194	-36.829	0.52807	-14.004	-10.505	6.1118	-17.994	-4.9998	-55.414	42.337	-66.43	-121.5	26.973	-42.953	-146.79	-2.1344
141.21	-2.4139	20.19	-36.831	0.52607	-14.008	-10.506	6.1117	-17.994	-4.9939	-55.407	42.33	-66.435	-121.5	26.97	-42.948	-146.78	-2.1314
141.21	-2.4225	20.187	-36.836	0.52291	-14.012	-10.505	6.1118	-17.994	-4.9934	-55.408	42.341	-66.426	-121.49	26.978	-42.945	-146.8	-2.137
141.22	-2.4213	20.188	-36.838	0.5236	-14.013	-10.51	6.1115	-17.998	-4.9934	-55.406	42.329	-66.417	-121.5	26.978	-42.95	-146.78	-2.1482
141.22	-2.4114	20.194	-36.826	0.52993	-14.002	-10.504	6.1117	-17.995	-4.9844	-55.411	42.317	-66.419	-121.5	26.974	-42.941	-146.79	-2.1482
141.22	-2.4203	20.191	-36.83	0.52936	-14.018	-10.501	6.1154	-17.988	-4.9805	-55.407	42.321	-66.409	-121.49	26.973	-42.944	-146.78	-2.1424
141.22	-2.4213	20.188	-36.84	0.52239	-14.015	-10.495	6.1191	-17.983	-4.9959	-55.407	42.316	-66.41	-121.51	26.965	-42.947	-146.78	-2.1457
141.21	-2.4165	20.201	-36.871	0.57334	-14.185	-10.501	6.1154	-17.988	-4.9857	-55.386	42.33	-66.417	-121.5	26.977	-42.951	-146.79	-2.1374
141.22	-2.4214	20.189	-36.865	0.57596	-14.165	-10.506	6.1118	-17.993	-4.9974	-55.393	42.319	-66.416	-121.5	26.967	-42.947	-146.78	-2.1461
141.21	-2.4128	20.191	-36.845	0.51923	-14.019	-10.513	6.1197	-17.979	-4.992	-55.391	42.325	-66.421	-121.5	26.963	-42.95	-146.77	-2.141
141.21	-2.4173	20.198	-36.853	0.52825	-14.018	-10.509	6.1122	-17.995	-5.0027	-55.384	42.322	-66.424	-121.51	26.974	-42.952	-146.79	-2.1498
141.21	-2.4151	20.203	-36.877	0.58189	-14.169	-10.512	6.1196	-17.979	-5.0109	-55.376	42.336	-66.433	-121.5	26.97	-42.955	-146.78	-2.1332
141.21	-2.4149	20.199	-36.854	0.52733	-14.019	-10.526	6.1127	-17.991	-5.0105	-55.376	42.337	-66.429	-121.49	26.963	-42.954	-146.79	-2.1389
141.2	-2.4127	20.194	-36.868	0.53234	-14.024	-10.52	6.1158	-17.984	-5.0279	-55.375	42.328	-66.431	-121.5	26.973	-42.961	-146.78	-2.1363
141.2	-2.4114	20.183	-36.863	0.53626	-14.019	-10.519	6.1159	-17.984	-5.0254	-55.373	42.345	-66.434	-121.5	26.973	-42.961	-146.78	-2.1345
141.2	-2.4105	20.197	-36.868	0.53447	-14.037	-10.522	6.1129	-17.986	-5.0324	-55.362	42.334	-66.446	-121.49	26.97	-42.959	-146.78	-2.1341
141.21	-2.417	20.185	-36.876	0.52957	-14.03	-10.526	6.1253	-17.983	-5.0306	-55.362	42.347	-66.451	-121.5	26.977	-42.968	-146.78	-2.1287
141.21	-2.4154	20.186	-36.867	0.53455	-14.037	-10.522	6.1164	-17.985	-5.0319	-55.362	42.335	-66.451	-121.49	26.966	-42.971	-146.77	-2.1262
141.21	-2.4171	20.198	-36.871	0.53372	-14.026	-10.527	6.1253	-17.982	-5.0351	-55.353	42.35	-66.455	-121.5	26.964	-42.963	-146.77	-2.1313
141.21	-2.4147	20.188	-36.863	0.53754	-14.033	-10.521	6.129	-17.977	-5.0289	-55.359	42.336	-66.443	-121.49	26.973	-42.964	-146.78	-2.1352
141.21	-2.4125	20.193	-36.871	0.53239	-14.04	-10.516	6.1201	-17.98	-5.0268	-55.358	42.337	-66.448	-121.49	26.969	-42.955	-146.77	-2.1281
141.21	-2.4125	20.192	-36.865	0.5377	-14.034	-10.521	6.1164	-17.985	-5.0315	-55.361	42.319	-66.449	-121.49	26.97	-42.969	-146.77	-2.1218
141.22	-2.4123	20.193	-36.854	0.5423	-14.026	-10.512	6.1246	-17.992	-5.0211	-55.354	42.329	-66.437	-121.49	26.977	-42.962	-146.77	-2.1172
141.22	-2.4114	20.194	-36.852	0.53184	-14.031	-10.506	6.1278	-17.984	-5.0145	-55.363	42.327	-66.438	-121.49	26.975	-42.96	-146.78	-2.1356
141.22	-2.4108	20.195	-36.85	0.54557	-14.021	-10.506	6.1242	-17.985	-5.0134	-55.363	42.314	-66.434	-121.49	26.989	-42.943	-146.78	-2.1428
141.22	-2.4194	20.192	-36.85	0.5453	-14.022	-10.5	6.128	-17.981	-4.9992	-55.363	42.307	-66.431	-121.48	26.97	-42.965	-146.77	-2.1317
141.22	-2.4192	20.193	-36.85	0.54772	-14.033	-10.505	6.1276	-17.985	-4.9929	-55.36	42.312	-66.419	-121.48	26.971	-42.957	-146.76	-2.1256
141.23	-2.4139	20.199	-36.836	0.54082	-14.018	-10.51	6.124	-17.99	-4.9915	-55.371	42.292	-66.412	-121.48	26.977	-42.951	-146.77	-2.1267
141.22	-2.4156	20.196	-36.846	0.53576	-14.025	-10.504	6.1278	-17.985	-4.986	-55.366	42.298	-66.409	-121.48	26.98	-42.95	-146.77	-2.1262
141.22	-2.4172	20.196	-36.831	0.55649	-14.006	-10.505	6.1151	-17.993	-4.9768	-55.36	42.292	-66.405	-121.47	26.972	-42.962	-146.76	-2.1298
141.22	-2.4171	20.196	-36.839	0.55503	-14.026	-10.506	6.1151	-17.992	-4.9851	-55.365	42.283	-66.412	-121.47	26.984	-42.955	-146.76	-2.1361
141.21	-2.4131	20.191	-36.832	0.5577	-14.02	-10.503	6.1271	-17.983	-4.9781	-55.361	42.291	-66.414	-121.47	26.981	-42.961	-146.76	-2.1288
141.22	-2.4215	20.19	-36.847	0.54981	-14.033	-10.514	6.1211	-17.992	-4.9781	-55.361	42.291	-66.415	-121.47	26.966	-42.963	-146.76	-2.1428
141.22	-2.4115	20.193	-36.876	0.602	-14.188	-10.509	6.1122	-17.995	-4.9801	-55.36	42.29	-66.417	-121.47	26.98	-42.97	-146.75	-2.1307
141.21	-2.4154	20.186	-36.861	0.55483	-14.038	-10.51	6.1204	-17.992	-4.9868	-55.352	42.292	-66.425	-121.46	26.978	-42.978	-146.76	-2.1353
141.22	-2.4123	20.193	-36.861	0.56631	-14.018	-10.518	6.1158	-17.984	-4.9892	-55.356	42.301	-66.437	-121.46	26.988	-42.987	-146.75	-2.1363
141.21	-2.4146	20.188	-36.861	0.56737	-14.03	-10.521	6.1129	-17.987	-5.0057	-55.341	42.301	-66.436	-121.45	26.977	-42.993	-146.75	-2.1436
141.21	-2.4151	20.201	-36.871	0.56282	-14.038	-10.521	6.1129	-17.987	-5.0097	-55.342	42.297	-66.437	-121.45	26.967	-43.014	-146.74	-2.1201
141.21	-2.4173	20.198	-36.87	0.56391	-14.038	-10.527	6.1075	-17.979	-5.0065	-55.341	42.301	-66.442	-121.46	26.986	-43.011	-146.74	-2.1304
141.21	-2.4151	20.201	-36.871	0.56307	-14.04	-10.524	6.0992	-17.983	-5.021	-55.35	42.301	-66.441	-121.46	26.975	-43.021	-146.74	-2.1383
141.21	-2.4154	20.186	-36.877	0.55909	-14.032	-10.517	6.1024	-17.976	-5.021	-55.348	42.289	-66.447	-121.45	26.976	-43.04	-146.74	-2.1477
141.21	-2.415	20.188	-36.876	0.57384	-14.037	-10.524	6.0942	-17.971	-5.014	-55.345	42.294	-66.458	-121.44	26.972	-43.038	-146.74	-2.1294
141.21	-2.4151	20.203	-36.874	0.57591	-14.034	-10.526	6.0948	-17.972	-5.0244	-55.351	42.285	-66.446	-121.44	26.967	-43.04	-146.74	-2.1453
141.21	-2.4171	20.198	-36.878	0.57292	-14.038	-10.528	6.0912	-17.973	-5.0129	-55.357	42.287	-66.446	-121.44	26.975	-43.046	-146.74	-2.1527
141.21	-2.4167	20.184	-36.883	0.56985	-14.042	-10.529	6.0914	-17.972	-5.0153	-55.37	42.254	-66.446	-121.44	26.973	-43.058	-146.73	-2.1686
141.21	-2.4171	20.198	-36.879	0.5603	-14.046	-10.515	6.0981	-17.961	-5.0197	-55.388	42.241	-66.437	-121.44	26.972	-43.074	-146.73	-2.1787
141.21	-2.4148	20.188	-36.872	0.56031	-14.026	-10.523	6.0824	-17.976	-5.0126	-55.426	42.238	-66.432	-121.43	26.959	-43.087	-146.74	-2.1875
141.21	-2.4257	20.199	-36.86	0.55354	-14.024	-10.517	6.0862	-17.986	-4.9989	-55.472	42.22	-66.435	-121.42	26.961	-43.102	-146.73	-2.1925
141.21	-2.4247	20.196	-36.856	0.54138	-14.027	-10.508	6.0946	-17.991	-4.9987	-55.545	42.212	-66.416	-121.41	26.976	-43.12	-146.75	-2.1923
141.21	-2.414	20.204	-36.834	0.53506	-13.989	-10.51	6.1095	-18.013	-5.0014	-55.611	42.218	-66.42	-121.38	26.996	-43.148	-146.75	-2.1979
141.21	-2.415	20.189	-36.814	0.50225	-13.977	-10.49	6.1417	-18.014	-5.0057	-55.689	42.232	-66.424	-121.39	27.011	-43.157	-146.76	-2.1918
141.21	-2.4155	20.202	-36.795	0.46079	-13.913	-10.503	6.2158	-18.06	-5.0226	-55.776	42.223	-66.426	-121.39	27.037	-43.128	-146.79	-2.1716
141.21	-2.4153	20.202	-36.816	0.40418	-13.874	-10.597	6.3877	-18.142	-5.0161	-55.894	42.254	-66.394	-121.42	27.11	-43.101	-146.82	-2.1431
141.2	-2.4196	20.195	-36.922	0.27375	-13.672	-10.786	6.7216	-18.098	-4.9768	-56.04	42.345	-66.313	-121.5	27.173	-43.048	-146.88	-2.1318
141.21	-2.4171	20.198	-37.062	0.30996	-12.915	-11.197	7.2286	-17.868	-4.9289	-56.253	42.487	-66.204	-121.63	27.31	-42.966	-146.96	-2.1149
141.2	-2.4093	20.2	-37.381	0.38326	-11.882	-11.581	7.9016	-17.229	-4.8399	-56.529	42.735	-66.041	-121.79	27.358	-42.892	-147.07	-2.1117
141.2	-2.4195	20.197	-37.632	0.50347	-10.595	-11.708	8.4025	-16.174	-4.6214	-56.931	43.006	-65.812	-121.99	27.467	-42.741	-147.15	-2.0935
141.2	-2.4095	20.2	-37.529	0.83265	-8.5705	-11.466	8.8518	-14.722	-4.3199	-57.493	43.492	-65.467	-122.3	27.636	-42.56	-147.3	-2.1775
141.2	-2.4116	20.196	-37.643	0.71038	-6.4831	-10.809	9.2394	-12.914	-3.895	-58.256	44.127	-65.042	-122.67	27.831	-42.339	-147.4	-2.2553
141.21	-2.4151	20.203	-37.635	0.83782	-4.6826	-9.5755	9.6126	-10.857	-3.3983	-59.236	44.846	-64.535	-123.09	28.072	-42.072	-147.57	-2.3564
141.22	-2.4101	20.212	-37.715	0.67744	-2.5944	-7.6309	9.9263	-8.5144	-2.8268	-60.259	45.672	-63.987	-123.53	28.346	-41.774	-147.77	-2.4274
141.22	-2.4191	20.207	-37.601	0.42348	-0.20724	-5.2105	10.136	-6.1019	-2.1614	-61.457	46.565	-63.449	-123.99	28.641	-41.404	-147.93	-2.5046
141.23	-2.4206	20.22	-37.192	0.2558	2.0697	-2.5996	10.178	-3.7007	-1.3589	-62.735	47.42	-62.841	-124.49	28.954	-40.975	-148.31	-2.5769
141.23	-2.427	20.209	-36.479	-0.01679	4.3878	0.051286	10.071	-1.303	-0.35876	-64.027	48.221	-62.121	-125.06	29.328	-40.498	-148.66	-2.5855
141.23	-2.4268	20.209	-35.581	-0.35603	6.6889	2.6997	9.7725	0.95128	0.76772	-65.365	48.947	-61.269	-125.67	29.787	-39.862	-149.05	-2.4753
141.23	-2.4268	20.209	-34.397	-0.76355	8.9324	5.5457	9.3198	3.128	2.0754	-66.656	49.687	-60.303	-126.24	30.147	-39.09	-149.4	-2.1966
141.24	-2.4346	20.208	-32.958	-1.2723	11.165	8.6653	8.6645	4.9526	3.462	-67.898	50.516	-59.239	-126.74	30.542	-38.229	-149.75	-1.8067
141.24	-2.4473	20.202	-31.29	-1.7451	12.977	12.005	7.8483	6.7554	4.9504	-69.111	51.415	-58.083	-127.17	31.008	-37.072	-150.1	-1.4103
141.24	-2.4479	20.216	-29.365	-2.3778	14.624	15.5	6.903	8.5211	6.6032	-70.46	52.307	-56.769	-127.69	31.499	-35.885	-150.59	-1.0558
141.23	-2.447	20.21	-27.129	-2.9923	15.935	19.082	5.7029	10.195	8.4167	-71.839	53.234	-55.341	-128.25	32.051	-34.583	-151.24	-0.67191
141.22	-2.46	20.199	-24.526	-3.8426	17.387	22.81	4.4154	12.014	10.422	-73.359	54.189	-53.782	-128.84	32.601	-33.311	-151.8	-0.070435
141.22	-2.4622	20.209	-21.616	-4.6894	18.618	26.63	2.9524	13.779	12.627	-74.929	55.248	-52.09	-129.37	33.225	-31.8	-152.39	0.50188
141.22	-2.4605	20.213	-18.403	-5.5291	19.777	30.527	1.4087	15.584	14.976	-76.653	56.178	-50.318	-129.89	33.866	-30.181	-153	0.98088
141.21	-2.4546	20.209	-14.843	-6.6259	21.252	34.892	-0.017553	17.75	17.843	-78.121	57.569	-48.402	-130.45	34.52	-28.477	-153.64	1.4597
141.21	-2.4603	20.204	-11.119	-7.6298	22.576	39.066	-1.7303	19.54	20.544	-79.932	58.584	-46.335	-131.04	35.263	-26.711	-154.22	2.0298
141.22	-2.4525	20.215	-7.3064	-8.6161	23.926	43.273	-3.5542	21.241	23.372	-81.772	59.477	-44.189	-131.65	36.034	-24.916	-154.83	2.6077
141.21	-2.4449	20.216	-3.4213	-9.6569	25.314	47.573	-5.4663	22.774	26.261	-83.63	60.374	-41.955	-132.2	36.838	-22.937	-155.35	3.3528
141.21	-2.4456	20.212	0.52981	-10.779	26.861	51.978	-7.4662	24.29	29.253	-85.452	61.282	-39.666	-132.76	37.677	-21.073	-155.95	3.9872
141.22	-2.4407	20.218	4.5307	-11.738	28.136	56.385	-9.4574	25.639	32.292	-87.235	62.098	-37.31	-133.28	38.488	-19.008	-156.46	4.7577
141.22	-2.4395	20.205	8.5774	-12.822	29.401	60.891	-11.443	26.939	35.361	-88.943	62.905	-34.888	-133.76	39.308	-16.935	-156.98	5.5078
141.22	-2.4351	20.214	12.595	-13.814	30.432	65.411	-13.429	28.068	38.485	-90.581	63.635	-32.359	-134.22	40.138	-14.845	-157.44	6.2332
141.23	-2.4294	20.219	16.632	-14.825	31.261	69.948	-15.396	29.078	41.648	-92.096	64.353	-29.811	-134.66	41.012	-12.723	-157.76	7.049
141.23	-2.4304	20.218	20.721	-15.804	32.041	74.533	-17.255	30.054	44.803	-93.513	64.893	-27.204	-135.04	41.887	-10.277	-158.5	7.7143
141.23	-2.4166	20.212	24.766	-16.773	32.569	78.691	-19.305	30.433	48.022	-94.833	65.517	-24.521	-135.33	42.62	-7.8532	-158.82	8.531
141.23	-2.418	20.212	28.755	-17.673	32.881	83.71	-20.909	31.376	51.236	-96.052	65.908	-21.873	-135.59	43.432	-5.5283	-159.09	9.3131
141.23	-2.4297	20.204	32.694	-18.468	33.067	88.333	-22.632	31.826	54.46	-97.138	66.255	-19.089	-135.76	44.092	-2.9753	-159.4	10.121
141.23	-2.4246	20.211	36.488	-19.212	33.093	92.528	-24.444	31.741	57.717	-98.092	66.538	-16.311	-135.9	44.799	-0.52206	-159.92	10.676
141.23	-2.4296	20.219	40.185	-19.924	33.186	97.055	-25.991	31.913	60.957	-98.915	66.755	-13.491	-136	45.425	1.9021	-159.94	11.381
141.22	-2.437	20.209	43.791	-20.451	33.065	102.06	-27.233	32.281	64.151	-99.613	66.855	-10.619	-136.04	45.993	4.4687	-160.22	12.071
141.22	-2.4383	20.207	47.205	-20.888	32.68	106.13	-28.741	31.743	67.411	-100.17	66.811	-7.7552	-136.1	46.462	7.2737	-160.74	12.652
141.22	-2.4487	20.217	50.545	-21.267	32.2	110.98	-29.735	31.846	70.644	-100.6	66.639	-4.8625	-136.08	46.909	9.6848	-160.72	13.131
141.21	-2.4554	20.208	53.748	-21.547	31.579	115.33	-30.793	31.365	73.837	-100.92	66.415	-1.9809	-136.04	47.282	12.363	-161.01	13.671
141.22	-2.4536	20.213	56.896	-21.78	30.855	119.59	-31.74	30.782	77.019	-101.11	66.056	0.92746	-135.95	47.627	15.03	-161.28	14.029
141.22	-2.4538	20.212	59.88	-21.938	29.953	123.74	-32.616	29.976	80.2	-101.18	65.642	3.767	-135.87	47.968	17.563	-161.34	14.402
141.21	-2.456	20.211	62.724	-22.05	29.073	127.77	-33.294	28.997	83.352	-101.18	65.041	6.6325	-135.7	48.264	20.089	-161.33	14.746
141.21	-2.4556	20.208	65.433	-22.005	28.15	131.19	-34.089	27.448	86.484	-101.09	64.446	9.401	-135.55	48.471	22.503	-161.34	14.987
141.21	-2.4556	20.208	67.93	-21.841	27.131	135.33	-34.355	26.58	89.54	-100.86	63.712	12.166	-135.31	48.717	24.917	-161.27	15.264
141.21	-2.4554	20.21	70.218	-21.635	26.176	138.38	-34.882	24.796	92.562	-100.58	62.972	14.858	-135.06	48.879	27.189	-160.98	15.499
141.21	-2.4556	20.21	72.376	-21.322	25.351	141.74	-35.032	23.354	95.462	-100.18	62.13	17.519	-134.75	48.993	29.527	-160.78	15.673
141.21	-2.4457	20.213	74.338	-20.924	24.38	145.24	-34.89	22.219	98.262	-99.655	61.285	20.112	-134.4	49.101	31.874	-160.65	15.731
141.22	-2.4464	20.207	76.216	-20.409	23.458	148.15	-34.746	20.671	100.98	-99.018	60.44	22.623	-133.98	49.116	34.052	-160.29	15.872
141.21	-2.4431	20.214	77.919	-19.875	22.352	150.5	-34.6	18.755	103.55	-98.189	59.568	25.066	-133.49	49.121	36.317	-160.02	16
141.22	-2.4385	20.208	79.585	-19.276	21.244	153.42	-33.984	17.578	106.01	-97.291	58.761	27.371	-132.93	49.056	38.402	-159.53	16.023
141.21	-2.4325	20.206	81.083	-18.603	19.962	155.84	-33.333	16.175	108.33	-96.253	58.002	29.66	-132.24	49	40.601	-159.21	16.111
141.21	-2.4278	20.21	82.538	-17.931	18.837	157.66	-32.756	14.315	110.54	-95.11	57.267	31.801	-131.52	48.825	42.661	-158.67	16.167
141.2	-2.4223	20.207	83.989	-17.166	17.543	160.1	-31.796	13.323	112.63	-93.852	56.554	33.868	-130.71	48.666	44.693	-158	16.212
141.2	-2.4272	20.216	85.37	-16.415	16.325	162.08	-30.837	12.088	114.66	-92.6	55.934	35.845	-129.87	48.453	46.667	-157.35	16.206
141.2	-2.4249	20.217	86.826	-15.562	15.007	163.94	-29.87	11.002	116.56	-91.276	55.343	37.745	-128.96	48.227	48.638	-156.7	16.12
141.2	-2.427	20.203	88.272	-14.737	13.745	165.68	-28.835	9.9571	118.36	-89.988	54.874	39.581	-127.99	47.934	50.575	-155.97	16.018
141.2	-2.4275	20.218	89.824	-13.98	12.727	167.32	-27.742	9.0896	120.15	-88.703	54.393	41.368	-126.98	47.616	52.433	-155.21	15.991
141.19	-2.4306	20.211	91.379	-13.131	11.524	168.82	-26.58	8.248	121.82	-87.465	53.934	43.089	-125.95	47.315	54.17	-154.23	15.824
141.2	-2.4396	20.208	92.999	-12.268	10.391	170.27	-25.425	7.5193	123.48	-86.246	53.575	44.748	-124.92	46.967	55.996	-153.4	15.69
141.19	-2.4433	20.206	94.631	-11.398	9.5319	171.58	-24.271	6.8091	125.09	-85.048	53.264	46.378	-123.87	46.704	57.593	-152.42	15.497
141.19	-2.445	20.202	96.211	-10.547	8.6401	172.82	-23.088	6.1641	126.67	-83.881	52.971	47.928	-122.83	46.379	59.262	-151.54	15.279
141.19	-2.4452	20.202	97.753	-9.6473	7.8991	173.93	-21.903	5.48	128.21	-82.763	52.617	49.486	-121.82	46.188	60.805	-150.56	15.095
141.2	-2.4497	20.206	99.291	-8.7351	7.3206	174.78	-20.598	4.73	129.74	-81.647	52.355	50.954	-120.81	45.86	62.402	-149.68	14.963
141.21	-2.4464	20.213	100.73	-7.7873	6.62	175.48	-19.345	3.9262	131.19	-80.505	52.049	52.418	-119.81	45.667	63.792	-148.68	14.604
141.21	-2.4488	20.208	102.13	-6.9151	6.1462	175.65	-18.084	2.7656	132.61	-79.371	51.762	53.791	-118.84	45.418	65.198	-147.64	14.532
141.21	-2.4488	20.208	103.5	-5.9545	5.4533	176.16	-16.498	2.1635	134.02	-78.218	51.514	55.175	-117.86	45.2	66.533	-146.74	14.313
141.21	-2.4554	20.208	104.86	-5.0732	4.955	176.13	-14.997	1.1233	135.36	-77.054	51.238	56.465	-116.92	44.989	67.899	-145.89	14.141
141.21	-2.4459	20.198	106.22	-4.1584	4.2376	175.8	-13.397	0.04455	136.67	-75.853	50.974	57.755	-115.97	44.782	69.184	-144.97	13.878
141.21	-2.4478	20.21	107.6	-3.3098	3.7956	174.87	-11.883	-1.4079	137.94	-74.639	50.686	58.977	-115.05	44.578	70.428	-143.99	13.772
141.21	-2.441	20.217	108.98	-2.4447	2.9627	173.96	-10.299	-2.715	139.18	-73.367	50.431	60.19	-114.11	44.365	71.593	-143.05	13.545
141.21	-2.4395	20.206	110.45	-1.5015	2.0987	173.38	-8.4333	-3.4799	140.38	-72.095	50.233	61.338	-113.2	44.164	72.788	-142.14	13.406
141.21	-2.4403	20.204	111.95	-0.75944	1.3849	172.16	-6.8141	-4.7592	141.54	-70.822	50.004	62.475	-112.31	43.925	74.017	-141.4	13.246
141.2	-2.4376	20.213	113.47	-0.07975	0.58236	170.84	-5.229	-5.9442	142.68	-69.55	49.752	63.594	-111.45	43.748	75.224	-140.59	13.016
141.21	-2.434	20.218	115.11	0.59636	-0.31426	169.45	-3.751	-7.0797	143.84	-68.281	49.531	64.667	-110.6	43.487	76.394	-139.81	12.87
141.2	-2.427	20.203	116.71	1.0942	-1.384	168.03	-2.3885	-8.2645	144.95	-67.046	49.302	65.793	-109.8	43.331	77.513	-138.94	12.749
141.19	-2.4302	20.212	118.35	1.6015	-2.4835	166.59	-1.0812	-9.3021	146.08	-65.863	49.183	66.89	-109.06	43.158	78.624	-138.2	12.598
141.08	-2.4764	20.198	120.01	1.8569	-3.3368	165.24	0.069261	-10.107	146.96	-65.057	48.603	68.004	-108.35	43.066	79.861	-137.56	12.461
141.08	-2.4778	20.197	121.32	1.7903	-4.9249	164.08	1.0763	-10.809	148.14	-64.082	48.547	69.16	-107.65	42.991	81.027	-136.81	12.406
141.16	-2.4526	20.19	123.01	2.2185	-5.4026	163.1	2.0022	-11.36	149.37	-63.173	48.483	70.316	-107.06	42.92	82.149	-136.16	12.346
142.13	-1.8296	20.207	123.75	2.8538	-5.5778	163.11	2.7871	-11.433	150.68	-62.41	48.622	71.58	-106.49	42.968	83.527	-135.65	12.391
142.81	-1.3314	19.467	124.79	3.6131	-5.3423	164.24	3.4125	-11.454	151.9	-61.814	48.809	72.871	-106	43.07	84.723	-135.06	12.402
144.22	-0.64773	19.521	126.32	4.135	-5.139	165.59	3.8733	-11.328	153.25	-61.282	48.97	74.248	-105.58	43.258	86.115	-134.53	12.48
145.82	-0.32619	19.574	128.02	4.5483	-5.0556	167.22	4.2393	-11.048	154.75	-60.739	49.297	75.653	-105.19	43.421	87.548	-134.18	12.64
147.62	-0.20037	19.764	129.82	4.8727	-4.9124	168.93	4.5345	-10.653	156.32	-60.347	49.741	77.122	-104.75	43.666	88.996	-133.69	12.894
149.48	-0.019923	20.127	131.75	5.1314	-4.4135	170.76	4.7779	-10.08	157.96	-60.091	50.234	78.604	-104.31	43.923	90.431	-133.22	13.112
151.43	0.18335	20.711	133.76	5.4654	-3.973	172.77	5.0547	-9.2818	159.69	-59.911	50.776	80.188	-103.85	44.248	91.978	-132.79	13.408
153.47	0.4452	21.46	135.87	5.8154	-3.2448	174.86	5.281	-8.4615	161.64	-59.815	51.395	81.907	-103.53	44.566	93.742	-132.5	13.643
155.6	0.63208	22.286	138.15	6.0833	-2.3313	177.08	5.5013	-7.5787	163.61	-59.809	52.004	83.781	-103.26	44.955	95.576	-132.13	13.898
158	0.77412	23.21	140.57	6.3169	-1.5095	179.47	5.6228	-6.7102	165.77	-59.827	52.721	85.78	-103.04	45.375	97.406	-131.71	14.199
161.06	1.2705	24.876	143.11	6.5236	-0.60052	182.02	5.7404	-5.7252	168	-59.955	53.401	87.852	-102.82	45.802	99.404	-131.58	14.569
163.75	1.2818	25.817	145.81	6.6452	0.45038	183.95	5.3346	-5.5348	170.36	-60.076	54.12	90.011	-102.6	46.278	101.42	-131.2	14.967
166.58	1.1917	26.738	148.6	6.7666	1.2507	187.44	5.7107	-3.7456	172.8	-60.275	54.84	92.267	-102.38	46.747	103.6	-131.07	15.312
169.46	1.0763	27.682	151.54	6.8221	2.2419	190.35	5.6305	-2.7971	175.38	-60.472	55.547	94.599	-102.23	47.21	105.75	-130.76	15.807
172.43	0.94717	28.627	154.56	6.8702	3.2355	192.61	5.1448	-2.623	178.02	-60.775	56.251	97.052	-102.07	47.72	108.05	-130.53	16.167
175.46	0.76798	29.55	157.64	6.8747	4.1718	196.4	5.437	-0.85696	180.74	-61.059	56.984	99.57	-101.94	48.224	110.36	-130.36	16.535
178.57	0.54384	30.44	160.82	6.8513	4.9887	199.58	5.2633	0.07484	183.48	-61.372	57.664	102.13	-101.8	48.702	112.72	-130.01	16.953
181.85	0.3524	31.331	164.1	6.7477	5.8913	202.86	4.9791	0.89271	186.29	-61.663	58.369	104.74	-101.63	49.188	115.27	-130.08	17.446
185.19	0.095208	32.116	167.48	6.6469	6.7334	206.19	4.6625	1.7147	189.15	-61.964	59.077	107.37	-101.43	49.66	117.82	-130.04	17.969
188.6	-0.22003	32.808	170.94	6.4314	7.3632	208.97	3.8906	1.6075	192	-62.282	59.704	109.98	-101.21	50.08	120.3	-129.73	18.475
192.11	-0.49699	33.473	174.47	6.3239	7.7733	213.15	3.8877	3.0831	194.92	-62.559	60.352	112.65	-100.95	50.578	122.83	-129.63	18.919
195.56	-0.88323	33.968	178.04	5.9683	8.4391	215.98	2.997	2.8173	197.85	-62.821	60.971	115.32	-100.67	50.945	125.44	-129.46	19.302
199.11	-1.1962	34.492	181.62	5.833	8.7783	219.65	2.5249	3.3253	200.78	-63.066	61.547	117.99	-100.4	51.302	128.04	-129.28	19.825
202.65	-1.5361	34.86	185.25	5.3874	9.1181	223.97	2.4558	4.5241	203.68	-63.3	62.08	120.71	-100.09	51.64	130.63	-129.24	20.317
206.15	-1.8687	35.126	188.87	5.1213	9.3984	227.62	1.9484	4.872	206.62	-63.507	62.523	123.42	-99.79	51.957	133.35	-129.08	20.799
209.67	-2.2035	35.365	192.47	4.8569	9.3625	231.19	1.4375	5.0951	209.6	-63.694	62.952	126.16	-99.447	52.193	135.93	-128.94	21.057
213.15	-2.5163	35.536	196.05	4.4851	9.4926	234.75	0.9554	5.3298	212.52	-63.896	63.255	128.89	-99.13	52.423	138.54	-128.72	21.415
216.57	-2.8421	35.571	199.57	4.1686	9.5605	238.3	0.51731	5.5353	215.5	-64.089	63.551	131.64	-98.861	52.65	141.11	-128.59	21.644
219.92	-3.1544	35.67	203.01	3.9316	9.6543	241.76	0.11482	5.6854	218.47	-64.323	63.699	134.38	-98.56	52.812	143.72	-128.41	21.973
223.2	-3.4884	35.801	206.42	3.5666	9.7636	245.11	-0.29185	5.8059	221.37	-64.591	63.791	137.11	-98.296	52.966	146.37	-128.42	22.07
226.44	-3.8009	35.901	209.73	3.3583	9.7441	248.47	-0.62883	5.9876	224.3	-64.847	63.908	139.81	-98.051	53.042	148.73	-128.07	22.126
229.65	-4.1347	36.095	212.96	3.1543	10.005	250.98	-1.3641	5.3201	227.11	-65.183	63.971	142.46	-97.824	53.113	151.26	-128	22.188
232.82	-4.4585	36.257	216.16	2.9306	10.094	254.86	-1.2357	6.3177	229.87	-65.542	63.909	145.06	-97.596	53.169	153.49	-127.59	22.089
235.9	-4.8171	36.476	219.27	2.7161	10.407	257.24	-1.962	5.6645	232.55	-65.855	63.921	147.57	-97.365	53.173	155.84	-127.3	22.096
238.85	-5.1469	36.606	222.26	2.5607	10.569	260.93	-1.7608	6.695	235.14	-66.149	63.932	149.98	-97.107	53.15	157.94	-126.99	21.918
241.73	-5.4184	36.751	225.17	2.4455	10.676	263.86	-1.9728	6.8485	237.6	-66.389	63.9	152.3	-96.852	53.088	160.11	-126.71	21.745
244.45	-5.626	36.838	227.94	2.396	10.761	266.57	-2.2045	6.8917	239.92	-66.593	63.816	154.54	-96.549	53.011	162.37	-126.76	21.731
247.03	-5.7858	36.843	230.59	2.2985	10.79	269.3	-2.3319	7.0266	242.12	-66.665	63.798	156.65	-96.218	52.866	164.14	-126.13	21.564
249.47	-5.8159	36.805	233.14	2.1595	10.649	271.87	-2.4042	7.0522	244.2	-66.612	63.752	158.69	-95.862	52.665	166.16	-125.97	21.328
251.74	-5.8343	36.731	235.55	2.1971	10.449	274.32	-2.4347	7.0204	246.19	-66.495	63.74	160.64	-95.459	52.493	167.95	-125.59	21.251
253.85	-5.7835	36.461	237.84	2.2078	10.246	276.66	-2.4136	6.9293	248.09	-66.271	63.668	162.51	-95.023	52.258	170.03	-125.65	21.141
255.88	-5.6511	36.157	240.06	2.2416	9.7205	278.92	-2.3363	6.8155	249.88	-65.95	63.566	164.31	-94.529	51.965	171.8	-125.37	20.989
257.86	-5.4467	35.816	242.14	2.2835	9.2818	281.04	-2.2523	6.5579	251.59	-65.615	63.447	166.03	-94.019	51.649	173.54	-125.01	20.853
259.75	-5.2183	35.45	244.14	2.3278	8.7051	283.13	-2.1112	6.3227	253.2	-65.242	63.23	167.71	-93.508	51.347	175.13	-124.71	20.666
261.56	-4.9701	35.019	246.07	2.3751	8.1769	284.58	-2.2447	5.3803	254.83	-64.804	63.058	169.3	-92.995	51.015	176.55	-124.11	20.36
263.29	-4.7566	34.513	247.9	2.5634	7.4925	286.96	-1.8259	5.5874	256.39	-64.392	62.79	170.85	-92.484	50.63	178.32	-124.04	20.285
264.96	-4.5384	33.954	249.68	2.6099	7.1552	288.78	-1.6858	5.101	257.88	-64.018	62.428	172.35	-91.959	50.237	179.49	-123.38	19.902
266.61	-4.3509	33.436	251.4	2.7024	6.425	290.58	-1.4919	4.7141	259.39	-63.637	62.086	173.82	-91.458	49.869	181.13	-123.36	19.756
268.25	-4.1227	32.895	253.02	2.8483	5.975	291.77	-1.6481	3.5951	260.82	-63.348	61.634	175.22	-90.98	49.481	182.2	-122.57	19.407
269.79	-4.0005	32.269	254.6	3.0461	5.1425	293.78	-1.2992	3.5216	262.25	-63.063	61.164	176.56	-90.516	49.068	183.42	-122.26	19.046
271.34	-3.8131	31.699	256.1	3.0272	4.7033	294.84	-1.4665	2.3636	263.65	-62.793	60.658	177.84	-90.051	48.667	184.59	-121.87	18.709
272.81	-3.6831	31.032	257.5	3.2194	4.0033	296.74	-1.1108	2.2609	264.93	-62.554	60.085	179.06	-89.617	48.272	185.75	-121.54	18.361
274.17	-3.5935	30.303	258.83	3.3257	3.2703	297.49	-1.3289	0.83103	266.17	-62.331	59.481	180.21	-89.186	47.843	186.74	-121.17	17.97
275.48	-3.4181	29.59	260.04	3.4562	2.5252	298.67	-1.2614	0.026664	267.35	-62.1	58.818	181.3	-88.769	47.424	187.7	-120.79	17.524
276.64	-3.2682	28.739	261.14	3.6102	1.7228	300.37	-0.81775	-0.14301	268.49	-61.817	58.131	182.31	-88.386	46.957	188.63	-120.47	17.206
277.73	-3.0646	27.861	262.16	3.692	1.0116	301.41	-0.66724	-1.066	269.51	-61.497	57.451	183.26	-88.011	46.488	189.8	-120.58	16.965
278.72	-2.8567	26.943	263.06	3.8036	0.072002	301.75	-0.86569	-2.7838	270.48	-61.161	56.735	184.14	-87.649	45.994	190.34	-119.88	16.501
279.56	-2.6333	25.933	263.88	3.8738	-0.832	303.15	-0.42912	-3.072	271.34	-60.785	55.96	184.97	-87.252	45.522	191.01	-119.64	15.945
280.33	-2.3843	24.835	264.6	4.0725	-2.0796	303.85	-0.28086	-4.1234	272.15	-60.386	55.178	185.7	-86.869	44.996	191.9	-119.76	15.684
281.05	-2.0893	23.823	265.23	4.1288	-3.003	304.54	-0.12393	-5.1444	272.85	-59.964	54.359	186.38	-86.48	44.422	192.27	-119.15	15.171
281.62	-1.8156	22.663	265.8	4.257	-4.2726	305.13	0.025699	-6.3609	273.51	-59.507	53.578	186.93	-86.1	43.82	192.88	-118.81	14.74
282.32	-1.5756	21.851	266.24	4.2571	-5.2239	305.43	-0.057042	-7.9326	274.08	-59.079	52.744	187.46	-85.705	43.213	193.32	-118.58	14.271
284.07	-1.0046	21.628	266.66	4.6074	-5.7068	306.25	0.23722	-8.5221	274.58	-58.73	51.875	187.92	-85.306	42.581	193.65	-118.34	13.678
284.91	-0.94271	21.57	267.22	4.986	-5.7768	306.73	0.22864	-9.6062	275.05	-58.597	51.072	188.27	-84.934	41.881	194	-118.11	13.167
285.14	-0.5519	21.55	267.42	5.2867	-6.0402	307.21	0.65337	-9.8091	275.44	-58.567	50.412	188.55	-84.646	41.225	194.49	-118.29	12.674
285.49	-0.27439	21.54	267.71	5.4664	-6.3949	306.69	0.22456	-11.462	275.77	-58.596	49.843	188.82	-84.463	40.678	194.71	-118.13	12.084
285.77	-0.058403	21.564	267.95	5.7245	-6.5426	307.37	0.60627	-11.38	276.01	-58.596	49.25	189.03	-84.374	40.13	194.63	-117.53	11.415
286.03	0.14976	21.495	268.15	5.8723	-6.776	308.36	1.0043	-11.034	276.24	-58.529	48.746	189.26	-84.221	39.655	194.78	-117.41	10.877
286.22	0.32848	21.536	268.26	6.0823	-6.9812	307.65	0.37669	-12.873	276.36	-58.461	48.26	189.4	-84.011	39.206	194.86	-117.25	10.466
286.39	0.48963	21.607	268.33	6.2853	-7.1459	308.85	1.1068	-11.875	276.43	-58.391	47.855	189.42	-83.82	38.772	194.91	-117.1	10.192
286.54	0.63528	21.646	268.41	6.3561	-7.498	309.03	1.143	-12.088	276.43	-58.312	47.541	189.38	-83.646	38.433	194.93	-116.96	9.8561
286.64	0.71796	21.604	268.42	6.5495	-7.8106	308.44	0.72403	-13.232	276.4	-58.198	47.376	189.32	-83.472	38.105	194.91	-116.9	9.5933
286.7	0.74875	21.585	268.42	6.5666	-8.1091	308.62	0.7662	-13.304	276.33	-58.12	47.249	189.25	-83.344	37.864	194.71	-116.89	9.2936
286.73	0.74637	21.577	268.39	6.4483	-8.6239	309.41	1.1477	-12.471	276.2	-58.043	47.184	189.18	-83.206	37.658	194.62	-116.79	9.1194
286.73	0.7312	21.58	268.31	6.2169	-9.073	309.45	1.0908	-12.547	276.03	-57.967	47.135	189.08	-83.082	37.512	194.55	-116.74	9.0903
286.73	0.71846	21.587	268.21	6.1303	-9.6213	309.52	0.99603	-12.666	275.85	-57.866	47.068	188.93	-82.916	37.358	194.45	-116.65	9.1194
286.74	0.71107	21.572	268.15	6.0293	-9.7526	309.61	0.94234	-12.731	275.71	-57.727	47.044	188.79	-82.733	37.248	194.37	-116.64	9.1989
286.74	0.70021	21.582	268.13	6.0707	-9.8132	309.72	0.68676	-13.025	275.61	-57.643	46.983	188.64	-82.585	37.153	194.2	-116.62	9.1796
286.74	0.71022	21.584	268.08	6.1478	-10.035	309.81	0.51895	-13.346	275.51	-57.541	46.897	188.49	-82.506	37.095	194.02	-116.63	9.1394
286.74	0.69863	21.579	268.02	6.0367	-9.9813	309.9	0.40517	-13.459	275.41	-57.532	46.768	188.36	-82.477	37.05	193.86	-116.6	9.1509
286.79	0.62264	21.616	268.03	5.8696	-10.482	310.03	0.18874	-13.562	275.26	-57.606	46.638	188.26	-82.412	37.021	193.66	-116.52	9.1794
286.86	0.4804	21.607	267.92	5.6125	-11.101	310.25	-0.1323	-13.792	275.09	-57.608	46.537	188.12	-82.306	36.971	193.5	-116.43	9.2375
286.94	0.45504	21.591	267.82	5.29	-11.795	310.72	-0.61193	-14.112	274.91	-57.502	46.386	187.93	-82.181	36.898	193.19	-116.5	9.1706
287.15	0.49027	21.649	267.51	5.0144	-12.334	311.34	-1.2808	-14.562	274.68	-57.357	46.152	187.68	-82.005	36.764	192.94	-116.39	9.1898
287.21	0.44916	21.635	267.13	4.9603	-12.643	312.18	-1.9202	-14.863	274.47	-57.227	45.846	187.38	-81.79	36.598	192.68	-116.29	9.2781
287.24	0.42211	21.638	266.68	4.9199	-12.927	313.14	-2.5524	-14.836	274.23	-57.21	45.573	187.03	-81.625	36.411	192.41	-116.35	9.3061
287.25	0.40349	21.635	266.1	5.0522	-12.986	314.24	-3.153	-14.534	273.91	-57.274	45.332	186.67	-81.572	36.232	192.02	-116.35	9.1241
287.25	0.41434	21.641	265.52	5.1172	-12.942	315.39	-3.7952	-13.987	273.56	-57.396	45.22	186.33	-81.576	36.099	191.74	-116.36	9.0829
287.23	0.43785	21.641	264.86	5.0857	-12.734	316.54	-4.5345	-13.255	273.08	-57.592	45.103	185.98	-81.653	36.007	191.53	-116.93	9.0525
287.19	0.49903	21.641	264.06	5.158	-12.623	317.64	-5.3317	-12.394	272.62	-57.742	45.221	185.59	-81.757	35.999	190.98	-116.57	8.9206
287.14	0.57767	21.644	263.21	5.1879	-12.339	318.62	-6.2251	-11.557	272.02	-57.952	45.321	185.09	-81.909	36.086	190.47	-116.78	8.9713
287.12	0.65699	21.645	262.3	5.2142	-11.988	319.56	-7.1149	-10.476	271.44	-58.16	45.499	184.53	-82.017	36.235	189.97	-116.84	9.1751
287.11	0.7036	21.658	261.36	5.2635	-11.48	320.44	-7.9739	-9.2453	270.78	-58.414	45.759	183.9	-82.182	36.422	189.39	-117.15	9.389
287.11	0.7206	21.659	260.43	5.2873	-10.568	321.09	-8.9912	-8.055	270.04	-58.78	46.032	183.22	-82.442	36.704	188.78	-117.32	9.7171
287.12	0.69205	21.648	259.47	5.3718	-9.8253	321.74	-9.9589	-6.5564	269.32	-59.182	46.49	182.5	-82.759	37.032	188.24	-118.07	10.097
287.13	0.62691	21.647	258.37	5.3059	-8.9644	322.17	-11.037	-5.1755	268.45	-59.718	46.812	181.72	-83.175	37.429	187.28	-117.9	10.31
287.17	0.56634	21.646	257.25	5.2588	-8.0839	322.57	-12.085	-3.6285	267.55	-60.285	47.305	180.88	-83.63	37.926	186.43	-118.22	10.656
287.21	0.52778	21.646	255.97	5.1276	-6.9142	322.81	-13.272	-2.1621	266.61	-60.882	47.819	179.94	-84.098	38.395	185.49	-118.67	11.023
287.23	0.50885	21.651	254.67	4.9495	-5.7429	322.84	-14.479	-0.65541	265.57	-61.536	48.367	178.9	-84.616	38.982	184.69	-119.47	11.592
287.23	0.5062	21.634	253.27	4.772	-4.519	322.71	-15.673	0.9008	264.41	-62.256	48.994	177.76	-85.186	39.556	183.34	-119.47	11.825
287.22	0.52444	21.639	251.86	4.4931	-3.1825	322.33	-16.865	2.3313	263.18	-62.99	49.691	176.56	-85.768	40.196	182.16	-119.93	12.378
287.18	0.55924	21.633	250.38	4.2529	-2.248	321.8	-17.952	3.8635	261.86	-63.739	50.469	175.27	-86.404	40.876	180.92	-120.38	12.913
287.15	0.61671	21.641	248.83	3.9004	-0.77268	321.03	-18.98	5.351	260.42	-64.511	51.195	173.87	-87.072	41.576	179.5	-120.95	13.352
287.14	0.64973	21.644	247.18	3.5557	0.56876	320.03	-19.959	6.833	258.83	-65.325	52.1	172.38	-87.747	42.308	178.1	-121.46	13.961
287.14	0.6523	21.646	245.48	3.1346	2.0453	318.94	-20.839	8.4086	257.21	-66.111	52.995	170.8	-88.462	43.058	176.67	-122	14.631
287.14	0.6112	21.646	243.7	2.7782	3.289	317.56	-21.748	9.7976	255.48	-66.896	53.919	169.09	-89.216	43.906	175.16	-122.97	15.324
287.16	0.57345	21.648	241.85	2.2818	4.7714	316.03	-22.627	11.205	253.63	-67.728	54.873	167.28	-89.965	44.75	173.26	-123.09	15.974
287.17	0.56487	21.644	239.88	1.7896	6.3609	314.39	-23.407	12.629	251.65	-68.585	55.831	165.35	-90.735	45.6	171.39	-123.71	16.699
287.17	0.56308	21.643	237.87	1.2652	7.7309	312.59	-24.175	13.983	249.61	-69.447	56.799	163.31	-91.534	46.5	169.4	-124.26	17.356
287.14	0.59228	21.657	235.74	0.75583	9.3084	310.55	-24.991	15.162	247.44	-70.366	57.737	161.15	-92.342	47.383	167.38	-124.85	18.02
287.14	0.61776	21.645	233.59	0.22082	10.707	308.33	-25.728	16.24	245.17	-71.287	58.577	158.9	-93.187	48.289	165.2	-125.46	18.699
287.13	0.61069	21.646	231.64	0.030477	12.801	305.95	-26.409	17.307	242.97	-71.986	59.755	156.55	-94.06	49.171	162.88	-126.02	19.302
287.12	0.59237	21.645	229.31	-0.46101	14.324	303.43	-26.94	18.342	240.48	-72.909	60.667	154.08	-94.966	50.019	160.4	-126.6	19.951
287.14	0.59086	21.64	226.84	-1.0587	15.756	300.6	-27.498	19.079	237.92	-73.785	61.428	151.48	-95.853	50.885	157.93	-127.22	20.652
287.13	0.59981	21.642	224.27	-1.5501	17.141	297.66	-27.958	19.771	235.23	-74.66	62.186	148.78	-96.734	51.711	155.33	-127.81	21.195
287.13	0.61226	21.65	221.57	-2.1154	18.362	294.56	-28.257	20.417	232.39	-75.512	62.894	145.96	-97.619	52.492	152.62	-128.45	21.706
287.14	0.60596	21.649	218.78	-2.6354	19.587	291.21	-28.538	20.858	229.52	-76.265	63.484	143.04	-98.503	53.248	149.77	-129.04	22.264
287.14	0.60664	21.652	215.87	-3.1172	20.729	287.75	-28.598	21.352	226.51	-76.935	64.016	140.06	-99.402	53.982	146.87	-129.59	22.813
287.15	0.60111	21.641	212.81	-3.5644	21.68	283.98	-28.63	21.516	223.37	-77.592	64.512	137	-100.28	54.639	143.95	-130.16	23.228
287.15	0.6043	21.645	209.59	-3.9735	22.463	280.1	-28.394	21.745	220.12	-78.146	64.974	133.84	-101.17	55.228	140.89	-130.73	23.764
287.15	0.59907	21.651	206.27	-4.326	23.114	275.98	-28.129	21.852	216.83	-78.674	65.414	130.6	-102.03	55.81	137.74	-131.31	24.043
287.15	0.60484	21.647	202.81	-4.629	23.628	271.68	-27.677	21.904	213.41	-79.096	65.795	127.25	-102.9	56.319	134.58	-131.97	24.41
287.15	0.60247	21.642	199.21	-4.9333	24.074	267.21	-27.061	21.948	209.92	-79.383	65.983	123.84	-103.74	56.769	131.3	-132.49	24.724
287.15	0.59256	21.638	195.52	-5.2019	24.529	262.43	-26.393	21.731	206.33	-79.612	66.215	120.35	-104.58	57.175	128.02	-133.14	25.033
287.15	0.60484	21.647	191.62	-5.4139	24.819	257.46	-25.478	21.602	202.66	-79.833	66.43	116.8	-105.42	57.532	124.58	-133.71	25.217
287.15	0.60484	21.647	187.55	-5.5227	24.872	252.3	-24.44	21.4	198.87	-79.933	66.595	113.18	-106.27	57.816	121.24	-134.45	25.488
287.15	0.60232	21.641	183.36	-5.6701	25.096	246.82	-23.327	21.062	195.04	-80	66.75	109.5	-107.1	58.093	117.69	-134.88	25.604
287.15	0.60012	21.641	179.08	-5.7356	25.151	241.18	-22.082	20.69	191.07	-80.023	66.853	105.77	-107.97	58.302	114.18	-135.66	25.788
287.15	0.59925	21.651	174.67	-5.772	25.17	235.36	-20.781	20.298	187.1	-79.972	66.906	102	-108.78	58.487	110.53	-136.1	25.766
287.14	0.60385	21.65	170.17	-5.7987	25.091	229.25	-19.458	19.748	183.09	-79.857	66.968	98.189	-109.63	58.622	106.85	-136.78	25.835
287.14	0.61156	21.646	165.53	-5.8093	24.915	223.01	-18.137	19.199	179	-79.695	66.99	94.326	-110.43	58.744	103.18	-137.41	25.948
287.13	0.60322	21.646	160.86	-5.8008	24.772	216.57	-16.748	18.598	174.89	-79.551	66.916	90.427	-111.26	58.837	99.483	-138.02	25.904
287.13	0.603	21.647	156.11	-5.8138	24.522	209.94	-15.386	18.015	170.69	-79.368	66.835	87.01	-111.78	59.283	96.195	-138.23	26.338
287.14	0.60347	21.647	151.31	-5.9572	24.459	NaN	NaN	NaN	166.5	-79.166	66.689	83.041	-112.57	59.307	92.456	-138.77	26.293
287.13	0.60798	21.645	146.56	-6.0366	24.096	196.13	-12.816	16.575	162.25	-79.034	66.53	79.068	-113.38	59.286	88.592	-139.48	26.244
287.12	0.60253	21.65	141.73	-6.1183	23.74	NaN	NaN	NaN	158.01	-78.828	66.281	75.076	-114.17	59.239	84.757	-140.02	26.032
287.13	0.60304	21.658	136.84	-6.1529	23.356	NaN	NaN	NaN	153.72	-78.633	66.019	71.024	-114.96	59.188	80.851	-140.59	25.933
287.13	0.5981	21.653	131.88	-6.2319	23.003	NaN	NaN	NaN	149.39	-78.41	65.684	67.036	-115.68	59.069	76.934	-141.12	25.643
287.13	0.61254	21.651	126.92	-6.324	22.635	NaN	NaN	NaN	144.81	-78.427	64.951	62.446	-116.76	58.488	72.417	-141.98	24.816
287.13	0.61046	21.648	121.91	-6.3636	22.175	NaN	NaN	NaN	140.48	-78.14	64.598	58.396	-117.48	58.287	68.465	-142.46	24.544
287.13	0.59602	21.65	116.91	-6.3764	21.722	NaN	NaN	NaN	136.06	-77.887	64.16	54.359	-118.15	58.014	64.544	-142.88	24.247
287.14	0.60644	21.654	111.82	-6.4271	21.248	NaN	NaN	NaN	131.66	-77.595	63.754	50.32	-118.77	57.684	60.66	-143.36	23.849
287.14	0.59421	21.645	106.75	-6.4671	20.703	NaN	NaN	NaN	127.2	-77.274	63.23	46.298	-119.42	57.378	56.838	-143.89	23.436
287.15	0.59937	21.64	101.64	-6.4679	20.081	NaN	NaN	NaN	122.8	-76.934	62.75	42.312	-120	56.994	52.977	-144.35	22.942
287.15	0.58726	21.644	96.532	-6.4604	19.464	NaN	NaN	NaN	118.35	-76.558	62.18	38.332	-120.56	56.588	49.138	-144.78	22.509
287.14	0.59451	21.645	91.318	-6.4015	18.768	NaN	NaN	NaN	113.95	-76.156	61.647	34.408	-121.11	56.19	45.283	-145.19	22.043
287.15	0.60172	21.641	86.108	-6.3794	18.097	NaN	NaN	NaN	109.56	-75.725	61.06	30.477	-121.63	55.76	41.555	-145.67	21.609
287.14	0.59436	21.645	80.945	-6.3429	17.394	NaN	NaN	NaN	105.16	-75.287	60.439	26.565	-122.15	55.314	37.856	-146.08	21.191
287.15	0.60013	21.641	75.786	-6.2681	16.68	101.54	-4.3486	3.6949	100.87	-74.833	59.802	22.72	-122.64	54.868	34.126	-146.49	20.654
287.14	0.59667	21.635	70.616	-6.2296	15.988	95.597	-4.0181	2.8192	96.573	-74.464	59.169	18.913	-123.12	54.4	30.482	-146.86	20.178
287.14	0.60408	21.637	65.39	-6.1235	15.215	89.883	-3.3404	4.3966	92.362	-74.071	58.523	15.169	-123.62	53.974	26.895	-147.27	19.696
287.15	0.59773	21.647	60.289	-6.0739	14.553	84.638	-3.1778	3.396	88.195	-73.699	57.861	11.461	-124.06	53.476	23.307	-147.61	19.154
287.14	0.60384	21.647	55.332	-6.0151	13.913	79.639	-2.975	2.6027	84.053	-73.326	57.249	7.8382	-124.5	52.985	19.825	-148.02	18.601
287.13	0.59849	21.64	50.544	-5.9909	13.22	74.794	-2.8017	1.868	80.024	-72.966	56.579	4.2336	-124.89	52.491	16.42	-148.29	18.184
287.13	0.6131	21.638	45.47	-6.2641	11.914	70	-2.6096	1.1422	76.062	-72.61	56.006	0.74369	-125.26	51.987	13.084	-148.64	17.598
287.13	0.61261	21.65	40.893	-6.2053	11.231	65.333	-2.4732	0.42069	72.18	-72.275	55.427	-2.7124	-125.57	51.462	9.8234	-148.93	17.143
287.13	0.61101	21.646	37.377	-5.6324	11.396	60.844	-2.3173	-0.26567	68.366	-71.959	54.851	-6.0837	-125.9	50.914	6.5905	-149.18	16.583
287.13	0.60957	21.645	32.505	-5.792	10.347	56.824	-2.4696	-3.3317	64.652	-71.599	54.258	-9.3673	-126.17	50.366	3.503	-149.47	15.915
287.12	0.6069	21.64	28.387	-5.7224	9.6527	52.608	-2.3395	-3.985	61.022	-71.243	53.755	-12.575	-126.42	49.792	0.57592	-149.67	15.396
287.12	0.60455	21.639	24.266	-5.6649	8.977	48.265	-1.8742	-2.359	57.461	-70.917	53.17	-15.685	-126.64	49.207	-2.3989	-149.91	14.85
287.12	0.60576	21.641	20.325	-5.6062	8.2362	44.292	-1.7384	-3.0909	54.006	-70.518	52.639	-18.729	-126.82	48.627	-5.1529	-150.04	14.361
287.13	0.60794	21.643	16.555	-5.5689	7.5813	40.523	-1.582	-3.8157	50.63	-70.177	52.11	-21.655	-126.97	48.044	-7.9075	-150.23	13.767
287.14	0.60321	21.646	12.943	-5.4742	6.7867	36.926	-1.4183	-4.4512	47.389	-69.804	51.578	-24.499	-127.11	47.455	-10.531	-150.37	13.204
287.14	0.6056	21.651	9.4176	-5.4135	6.0054	33.418	-1.2532	-5.1862	44.273	-69.448	51.07	-27.194	-127.23	46.909	-13.006	-150.48	12.65
287.14	0.60382	21.648	6.0292	-5.3881	5.3295	30.035	-1.1271	-5.8458	41.268	-69.111	50.525	-29.833	-127.35	46.308	-15.439	-150.61	12.113
287.14	0.5939	21.643	2.8257	-5.3221	4.5985	26.836	-0.95825	-6.5057	38.396	-68.756	50.03	-32.343	-127.44	45.723	-17.718	-150.71	11.667
287.15	0.59925	21.639	-0.22675	-5.2227	3.8855	23.748	-0.82214	-7.17	35.645	-68.385	49.564	-34.737	-127.54	45.108	-19.931	-150.83	11.072
287.14	0.59421	21.645	-3.1951	-5.1745	3.1835	20.806	-0.68724	-7.802	32.98	-68.06	49.076	-37.037	-127.61	44.609	-22.038	-150.9	10.524
287.15	0.59892	21.639	-5.9469	-5.0901	2.6029	18.068	-0.49228	-8.3104	30.441	-67.754	48.615	-39.19	-127.66	44.038	-24.011	-150.98	10.028
287.14	0.59599	21.647	-8.5411	-5.0194	2.032	15.508	-0.30934	-8.7853	28.044	-67.48	48.216	-41.279	-127.71	43.469	-25.845	-150.98	9.5086
287.14	0.59656	21.646	-10.963	-4.9341	1.5101	13.051	-0.14097	-9.2664	25.761	-67.182	47.889	-43.219	-127.73	42.927	-27.658	-151.06	9.0294
287.14	0.59299	21.641	-13.243	-4.8468	0.92446	10.857	0.045587	-9.6465	23.568	-66.887	47.561	-45.116	-127.76	42.368	-29.246	-151.06	8.4958
287.14	0.59663	21.648	-15.334	-4.8064	0.57092	8.8244	0.19783	-10.031	21.499	-66.587	47.341	-46.861	-127.72	41.783	-30.77	-151.1	7.9275
287.14	0.59577	21.646	-17.273	-4.6634	-0.069849	6.9257	0.35213	-10.42	19.494	-66.3	47.157	-48.551	-127.69	41.263	-32.158	-151.11	7.5017
287.14	0.60544	21.65	-18.993	-4.6168	-0.4449	5.3052	0.47246	-10.641	17.572	-66.001	47.07	-50.145	-127.62	40.739	-33.395	-151.1	7.1235
287.13	0.60338	21.646	-20.607	-4.4799	-1.0055	3.7119	0.58292	-10.931	15.722	-65.715	47.062	-51.664	-127.51	40.196	-34.563	-151.06	6.7272
287.13	0.60193	21.645	-21.992	-4.3245	-1.4834	2.4941	0.75202	-11.053	13.946	-65.434	47.112	-53.108	-127.38	39.651	-35.579	-151	6.3412
287.13	0.60779	21.643	-23.239	-4.2746	-1.8746	1.3171	0.87663	-11.163	12.296	-65.161	47.216	-54.484	-127.24	39.081	-36.536	-150.98	5.9682
287.13	0.61986	21.651	-24.363	-4.1846	-2.3049	0.29267	0.98838	-11.318	10.714	-64.915	47.32	-55.741	-127.1	38.542	-37.35	-150.95	5.6246
287.13	0.612	21.648	-25.393	-4.1489	-2.7124	-0.61671	1.1051	-11.417	9.2289	-64.669	47.398	-56.91	-126.94	38.008	-38.118	-150.88	5.2919
287.12	0.6068	21.654	-26.307	-4.0655	-3.2143	-1.4025	1.2502	-11.485	7.8674	-64.427	47.47	-57.994	-126.77	37.441	-38.856	-150.75	4.9687
287.13	0.61018	21.647	-27.205	-3.9458	-3.792	-2.1976	1.3934	-11.651	6.6322	-64.214	47.497	-58.977	-126.62	36.874	-39.471	-150.73	4.5944
287.13	0.60782	21.645	-27.977	-3.8929	-4.1204	-2.8487	1.5575	-11.75	5.4609	-63.995	47.417	-59.832	-126.44	36.29	-40.029	-150.57	4.3
287.13	0.60912	21.645	-28.645	-3.7652	-4.5176	-3.5037	1.6507	-11.918	4.4296	-63.762	47.318	-60.625	-126.3	35.697	-40.498	-150.47	3.9536
287.13	0.61245	21.649	-29.385	-3.6248	-5.0646	-4.1328	1.8488	-12.106	3.4707	-63.558	47.143	-61.304	-126.13	35.159	-40.972	-150.42	3.423
287.14	0.60579	21.65	-30.018	-3.5287	-5.5345	-4.7035	2.0032	-12.386	2.6717	-63.347	46.951	-61.921	-125.98	34.476	-41.328	-150.26	2.944
287.14	0.60579	21.65	-30.628	-3.3147	-6.0825	-5.2392	2.2341	-12.672	1.9072	-63.129	46.659	-62.443	-125.81	33.916	-41.638	-150.11	2.5866
287.13	0.59107	21.639	-31.147	-3.2236	-6.5314	-5.7735	2.4143	-13.118	1.2413	-62.882	46.31	-62.874	-125.67	33.26	-42	-149.9	1.9924
287.13	0.6008	21.631	-31.635	-3.0345	-7.0856	-6.2543	2.6156	-13.524	0.65203	-62.652	45.93	-63.253	-125.5	32.672	-42.193	-149.82	1.5374
287.14	0.58969	21.639	-32.098	-2.9238	-7.7363	-6.5981	2.7396	-13.909	0.165	-62.416	45.561	-63.555	-125.34	32.048	-42.333	-149.69	1.0942
287.14	0.60411	21.648	-32.441	-2.8408	-8.3084	-6.9195	2.92	-14.432	-0.30778	-62.17	45.166	-63.838	-125.18	31.53	-42.479	-149.57	0.59157
287.14	0.60139	21.645	-32.963	-2.8899	-9.3111	-7.1054	3.0593	-14.935	-0.6907	-61.95	44.787	-64.069	-124.99	30.921	-42.552	-149.47	0.14701
287.13	0.60072	21.644	-33.14	-2.7459	-10.077	-7.2548	3.1108	-15.464	-1.0567	-61.67	44.409	-64.294	-124.84	30.453	-42.641	-149.32	-0.30295
287.13	0.6107	21.634	-33.248	-2.7408	-10.616	-7.3531	3.1394	-16.125	-1.3658	-61.432	44.118	-64.468	-124.67	29.968	-42.649	-149.28	-0.58187
287.13	0.6107	21.634	-33.326	-2.6886	-11.387	-7.3908	3.125	-16.666	-1.6393	-61.102	43.861	-64.643	-124.5	29.605	-42.652	-149.16	-0.89252
287.13	0.61264	21.637	-33.366	-2.627	-12.09	-7.3551	3.1577	-17.207	-1.9149	-60.841	43.605	-64.757	-124.33	29.341	-42.572	-149.14	-1.0125
287.13	0.61453	21.637	-33.402	-2.6735	-12.544	-7.3308	3.1392	-17.634	-2.1169	-60.472	43.49	-64.855	-124.18	29.194	-42.549	-149.1	-0.97947
287.13	0.62109	21.635	-33.446	-2.5902	-13.056	-7.3568	3.1923	-17.997	-2.2702	-60.195	43.473	-64.918	-124.05	29.114	-42.489	-149.04	-0.87626
287.12	0.62111	21.638	-33.499	-2.5443	-13.192	-7.4008	3.3168	-18.044	-2.4499	-59.92	43.465	-64.955	-123.93	29.029	-42.38	-148.99	-0.70712
287.13	0.62493	21.628	-33.541	-2.4729	-13.211	-7.4332	3.4659	-17.973	-2.5526	-59.723	43.582	-64.95	-123.83	29.018	-42.286	-148.94	-0.60541
287.13	0.62646	21.645	-33.516	-2.4397	-13.041	-7.4146	3.5193	-17.934	-2.6086	-59.584	43.758	-64.929	-123.75	28.995	-42.195	-148.89	-0.54818
287.14	0.63282	21.628	-33.496	-2.3525	-12.994	-7.3962	3.6392	-17.766	-2.6658	-59.468	43.913	-64.892	-123.69	29.01	-42.111	-148.86	-0.57376
