142.16	-2.6395	20.211	-39.552	2.135	-14.116	-12.261	5.3573	-17.075	-8.2556	-55.775	41.645	-73.559	-118.63	27.218	-52.702	-145.33	-2.0331
142.16	-2.6503	20.223	-39.567	2.1326	-14.122	-12.264	5.3562	-17.076	-8.2655	-55.77	41.642	-73.558	-118.63	27.219	-52.704	-145.32	-2.03
142.16	-2.6399	20.211	-39.564	2.1358	-14.123	-12.264	5.3588	-17.089	-8.2689	-55.77	41.64	-73.561	-118.63	27.204	-52.697	-145.33	-2.0347
142.16	-2.6425	20.221	-39.566	2.1283	-14.135	-12.248	5.3654	-17.061	-8.2694	-55.77	41.627	-73.574	-118.63	27.212	-52.697	-145.33	-2.0324
142.16	-2.6392	20.227	-39.58	2.1385	-14.116	-12.261	5.3573	-17.075	-8.2655	-55.767	41.642	-73.567	-118.62	27.205	-52.7	-145.34	-2.0348
142.16	-2.6388	20.213	-39.568	2.1377	-14.109	-12.248	5.3654	-17.061	-8.2754	-55.761	41.639	-73.561	-118.63	27.204	-52.698	-145.33	-2.0339
142.16	-2.6449	20.22	-39.564	2.1358	-14.123	-12.261	5.3573	-17.075	-8.2696	-55.757	41.632	-73.566	-118.63	27.211	-52.695	-145.33	-2.0307
142.16	-2.6389	20.226	-39.576	2.1485	-14.124	-12.258	5.3725	-17.064	-8.2663	-55.767	41.643	-73.562	-118.63	27.203	-52.714	-145.35	-2.0501
142.15	-2.6336	20.225	-39.566	2.1334	-14.122	-12.245	5.3665	-17.06	-8.2772	-55.761	41.626	-73.556	-118.63	27.207	-52.701	-145.34	-2.0502
142.15	-2.632	20.212	-39.564	2.1358	-14.123	-12.274	5.3659	-17.092	-8.2688	-55.755	41.62	-73.561	-118.63	27.204	-52.697	-145.34	-2.0342
142.16	-2.6423	20.221	-39.567	2.1385	-14.109	-12.261	5.3599	-17.088	-8.2652	-55.765	41.617	-73.552	-118.64	27.205	-52.695	-145.34	-2.0381
142.15	-2.6368	20.22	-39.578	2.1401	-14.117	-12.261	5.374	-17.079	-8.2737	-55.76	41.628	-73.546	-118.63	27.208	-52.698	-145.34	-2.051
142.15	-2.6326	20.226	-39.566	2.1334	-14.122	-12.245	5.3691	-17.073	-8.2604	-55.762	41.632	-73.548	-118.63	27.208	-52.685	-145.34	-2.0438
142.15	-2.6442	20.217	-39.568	2.1377	-14.109	-12.258	5.3751	-17.078	-8.2664	-55.765	41.617	-73.55	-118.63	27.193	-52.68	-145.33	-2.1053
142.15	-2.6445	20.217	-39.566	2.1334	-14.122	-12.258	5.3751	-17.078	-8.2666	-55.753	41.621	-73.546	-118.63	27.196	-52.692	-145.33	-2.0573
142.15	-2.632	20.212	-39.574	2.1501	-14.125	-12.261	5.374	-17.079	-8.2654	-55.752	41.622	-73.547	-118.63	27.207	-52.69	-145.34	-2.0507
142.16	-2.6367	20.216	-39.565	2.1462	-14.116	-12.258	5.3751	-17.078	-8.2666	-55.753	41.621	-73.547	-118.63	27.194	-52.677	-145.33	-2.1016
142.16	-2.6324	20.226	-39.578	2.1401	-14.117	-12.258	5.3751	-17.078	-8.2782	-55.747	41.619	-73.55	-118.62	27.198	-52.68	-145.33	-2.1041
142.15	-2.6336	20.225	-39.575	2.1544	-14.111	-12.261	5.374	-17.079	-8.2782	-55.747	41.619	-73.545	-118.62	27.201	-52.689	-145.34	-2.0609
142.16	-2.6391	20.226	-39.571	2.1583	-14.113	-12.258	5.3751	-17.078	-8.2731	-55.743	41.621	-73.555	-118.61	27.199	-52.695	-145.33	-2.0482
142.16	-2.6449	20.22	-39.574	2.1501	-14.125	-12.261	5.374	-17.079	-8.2818	-55.737	41.622	-73.552	-118.62	27.184	-52.697	-145.33	-2.0588
142.16	-2.6435	20.22	-39.573	2.1508	-14.125	-12.274	5.3659	-17.092	-8.273	-55.73	41.629	-73.547	-118.62	27.201	-52.673	-145.32	-2.1002
142.16	-2.6432	20.219	-39.572	2.1577	-14.132	-12.258	5.3751	-17.078	-8.2745	-55.744	41.622	-73.55	-118.62	27.195	-52.684	-145.33	-2.1083
142.16	-2.6415	20.225	-39.575	2.1544	-14.111	-12.258	5.3751	-17.078	-8.2656	-55.739	41.627	-73.534	-118.62	27.191	-52.671	-145.32	-2.1101
142.16	-2.6393	20.226	-39.571	2.1524	-14.126	-12.261	5.3599	-17.088	-8.2619	-55.735	41.619	-73.538	-118.62	27.199	-52.677	-145.33	-2.1019
142.16	-2.6436	20.222	-39.563	2.1536	-14.104	-12.245	5.3691	-17.073	-8.2624	-55.748	41.612	-73.538	-118.63	27.198	-52.673	-145.32	-2.1134
142.16	-2.6402	20.225	-39.571	2.1524	-14.126	-12.233	5.3772	-17.06	-8.257	-55.747	41.614	-73.527	-118.63	27.202	-52.673	-145.34	-2.1073
142.16	-2.6425	20.221	-39.564	2.1409	-14.11	-12.248	5.368	-17.074	-8.2469	-55.75	41.618	-73.523	-118.63	27.203	-52.672	-145.35	-2.071
142.16	-2.6417	20.225	-39.563	2.1536	-14.104	-12.242	5.3869	-17.076	-8.2453	-55.75	41.617	-73.519	-118.63	27.194	-52.672	-145.34	-2.0703
142.16	-2.641	20.223	-39.574	2.1501	-14.125	-12.248	5.368	-17.074	-8.2537	-55.757	41.611	-73.52	-118.63	27.193	-52.673	-145.34	-2.1221
142.15	-2.6453	20.216	-39.579	2.1334	-14.129	-12.261	5.3625	-17.101	-8.2383	-55.745	41.611	-73.52	-118.63	27.193	-52.678	-145.33	-2.108
142.14	-2.6414	20.214	-39.576	2.1477	-14.124	-12.248	5.3706	-17.087	-8.2503	-55.74	41.607	-73.519	-118.63	27.195	-52.664	-145.33	-2.1141
142.15	-2.644	20.217	-39.579	2.1334	-14.129	-12.245	5.3717	-17.086	-8.2503	-55.74	41.607	-73.519	-118.63	27.195	-52.67	-145.32	-2.1111
142.15	-2.6322	20.212	-39.574	2.1501	-14.125	-12.258	5.3777	-17.091	-8.2594	-55.732	41.607	-73.524	-118.63	27.191	-52.675	-145.32	-2.116
142.15	-2.6326	20.226	-39.575	2.1493	-14.124	-12.258	5.3751	-17.078	-8.2627	-55.734	41.605	-73.534	-118.62	27.202	-52.673	-145.34	-2.0689
142.16	-2.6337	20.224	-39.576	2.1477	-14.124	-12.258	5.3751	-17.078	-8.273	-55.726	41.604	-73.538	-118.61	27.192	-52.687	-145.32	-2.1065
142.15	-2.6341	20.208	-39.585	2.1516	-14.132	-12.245	5.3832	-17.064	-8.2713	-55.726	41.618	-73.544	-118.61	27.189	-52.677	-145.32	-2.1148
142.15	-2.6376	20.217	-39.589	2.1536	-14.118	-12.261	5.374	-17.079	-8.2804	-55.721	41.617	-73.549	-118.62	27.186	-52.685	-145.32	-2.1033
142.15	-2.6365	20.219	-39.585	2.1516	-14.132	-12.258	5.3751	-17.078	-8.2898	-55.713	41.616	-73.546	-118.61	27.187	-52.688	-145.32	-2.1052
142.16	-2.6423	20.222	-39.588	2.1493	-14.131	-12.27	5.3811	-17.082	-8.2894	-55.712	41.618	-73.544	-118.61	27.189	-52.675	-145.33	-2.1028
142.15	-2.6347	20.222	-39.587	2.1552	-14.118	-12.258	5.3866	-17.055	-8.2844	-55.709	41.621	-73.545	-118.61	27.187	-52.685	-145.34	-2.0744
142.15	-2.6339	20.227	-39.586	2.1508	-14.132	-12.273	5.3801	-17.083	-8.2885	-55.712	41.617	-73.544	-118.62	27.2	-52.669	-145.33	-2.1176
142.15	-2.6388	20.216	-39.587	2.15	-14.131	-12.255	5.3762	-17.076	-8.2833	-55.721	41.614	-73.533	-118.62	27.191	-52.679	-145.33	-2.0554
142.15	-2.6347	20.223	-39.59	2.1357	-14.137	-12.258	5.3751	-17.078	-8.277	-55.718	41.62	-73.535	-118.62	27.188	-52.674	-145.33	-2.0536
142.15	-2.6448	20.219	-39.589	2.1365	-14.137	-12.258	5.3751	-17.078	-8.2741	-55.717	41.62	-73.535	-118.62	27.188	-52.662	-145.33	-2.1131
142.16	-2.6438	20.222	-39.581	2.1369	-14.116	-12.258	5.3751	-17.078	-8.2722	-55.726	41.603	-73.538	-118.63	27.185	-52.663	-145.34	-2.0634
142.16	-2.6459	20.219	-39.578	2.1342	-14.129	-12.274	5.3659	-17.092	-8.2577	-55.73	41.609	-73.529	-118.63	27.187	-52.668	-145.35	-2.0587
142.16	-2.6424	20.223	-39.578	2.1342	-14.129	-12.261	5.374	-17.079	-8.2589	-55.731	41.608	-73.522	-118.63	27.191	-52.654	-145.34	-2.1028
142.16	-2.6395	20.212	-39.577	2.1409	-14.117	-12.258	5.3751	-17.078	-8.2601	-55.732	41.605	-73.525	-118.63	27.188	-52.669	-145.34	-2.0689
142.16	-2.6448	20.218	-39.577	2.1358	-14.13	-12.258	5.3777	-17.091	-8.2607	-55.731	41.594	-73.521	-118.63	27.189	-52.659	-145.33	-2.11
142.16	-2.6408	20.211	-39.58	2.1385	-14.116	-12.261	5.374	-17.079	-8.2631	-55.734	41.604	-73.529	-118.63	27.186	-52.653	-145.34	-2.1114
142.16	-2.6459	20.219	-39.579	2.1444	-14.103	-12.242	5.3843	-17.063	-8.2539	-55.726	41.598	-73.522	-118.63	27.192	-52.672	-145.35	-2.0724
142.16	-2.6449	20.22	-39.58	2.1385	-14.116	-12.274	5.3685	-17.105	-8.2612	-55.719	41.612	-73.522	-118.63	27.191	-52.669	-145.36	-2.0753
142.16	-2.6427	20.221	-39.588	2.1493	-14.131	-12.245	5.3858	-17.077	-8.2555	-55.728	41.61	-73.535	-118.62	27.188	-52.675	-145.35	-2.0738
142.16	-2.6446	20.219	-39.591	2.1401	-14.123	-12.274	5.3685	-17.105	-8.2688	-55.723	41.606	-73.537	-118.62	27.187	-52.676	-145.35	-2.0706
142.16	-2.6401	20.225	-39.592	2.1333	-14.136	-12.261	5.374	-17.079	-8.2732	-55.714	41.609	-73.535	-118.62	27.188	-52.678	-145.33	-2.1069
142.15	-2.6343	20.223	-39.593	2.1385	-14.123	-12.242	5.3843	-17.063	-8.2803	-55.717	41.603	-73.545	-118.63	27.181	-52.679	-145.35	-2.0661
142.15	-2.6367	20.218	-39.586	2.1508	-14.132	-12.258	5.3751	-17.078	-8.2774	-55.714	41.607	-73.543	-118.63	27.184	-52.68	-145.35	-2.0514
142.16	-2.6387	20.212	-39.588	2.1424	-14.124	-12.258	5.3918	-17.082	-8.2754	-55.713	41.607	-73.545	-118.63	27.18	-52.689	-145.34	-2.0628
142.15	-2.6345	20.223	-39.592	2.1393	-14.123	-12.27	5.3837	-17.095	-8.2853	-55.707	41.593	-73.547	-118.62	27.186	-52.676	-145.33	-2.1031
142.15	-2.6367	20.218	-39.589	2.1416	-14.124	-12.258	5.3918	-17.082	-8.2759	-55.712	41.594	-73.548	-118.62	27.185	-52.686	-145.34	-2.0635
142.15	-2.6346	20.222	-39.588	2.1485	-14.131	-12.27	5.3837	-17.095	-8.2806	-55.704	41.611	-73.546	-118.62	27.185	-52.683	-145.34	-2.0582
142.15	-2.6347	20.222	-39.59	2.1408	-14.124	-12.255	5.3929	-17.081	-8.2811	-55.703	41.598	-73.541	-118.62	27.185	-52.689	-145.35	-2.0651
142.16	-2.6397	20.212	-39.59	2.1408	-14.124	-12.258	5.3892	-17.069	-8.2822	-55.704	41.595	-73.541	-118.62	27.185	-52.676	-145.33	-2.1034
142.16	-2.6419	20.207	-39.593	2.1385	-14.123	-12.273	5.3801	-17.083	-8.2788	-55.717	41.605	-73.54	-118.62	27.184	-52.683	-145.34	-2.0467
142.16	-2.6414	20.224	-39.588	2.1434	-14.144	-12.258	5.3751	-17.078	-8.2811	-55.703	41.598	-73.543	-118.63	27.181	-52.673	-145.34	-2.0694
142.16	-2.6298	20.216	-39.605	2.1334	-14.143	-12.258	5.3751	-17.078	-8.2678	-55.708	41.6	-73.54	-118.62	27.184	-52.68	-145.35	-2.077
142.16	-2.6436	20.221	-39.587	2.1441	-14.144	-12.261	5.374	-17.079	-8.2769	-55.713	41.606	-73.531	-118.63	27.182	-52.67	-145.34	-2.1058
142.16	-2.6414	20.223	-39.591	2.1401	-14.123	-12.245	5.3832	-17.064	-8.2724	-55.712	41.597	-73.53	-118.63	27.185	-52.669	-145.35	-2.1242
142.16	-2.6437	20.22	-39.592	2.1334	-14.136	-12.258	5.3751	-17.078	-8.2692	-55.722	41.593	-73.528	-118.63	27.184	-52.681	-145.36	-2.0839
142.16	-2.6522	20.219	-39.596	2.1234	-14.128	-12.242	5.3869	-17.076	-8.2596	-55.717	41.6	-73.524	-118.63	27.188	-52.683	-145.35	-2.0797
142.15	-2.6472	20.217	-39.594	2.1258	-14.129	-12.245	5.3717	-17.086	-8.2444	-55.733	41.6	-73.52	-118.64	27.187	-52.675	-145.35	-2.0891
142.16	-2.6449	20.22	-39.583	2.1242	-14.121	-12.258	5.3777	-17.091	-8.249	-55.735	41.583	-73.509	-118.64	27.193	-52.687	-145.36	-2.0985
142.15	-2.6473	20.23	-39.595	2.1249	-14.129	-12.258	5.3777	-17.091	-8.23	-55.75	41.597	-73.525	-118.65	27.182	-52.683	-145.35	-2.0926
142.15	-2.6468	20.218	-39.584	2.1285	-14.108	-12.258	5.3777	-17.091	-8.2336	-55.767	41.586	-73.509	-118.65	27.186	-52.682	-145.35	-2.1284
142.16	-2.6449	20.22	-39.584	2.1226	-14.121	-12.245	5.3717	-17.086	-8.227	-55.775	41.573	-73.502	-118.66	27.188	-52.692	-145.35	-2.1394
142.16	-2.6439	20.223	-39.574	2.1142	-14.106	-12.242	5.3728	-17.085	-8.2156	-55.808	41.561	-73.495	-118.66	27.204	-52.715	-145.34	-2.1341
142.16	-2.6449	20.22	-39.573	2.115	-14.107	-12.242	5.3754	-17.098	-8.2024	-55.852	41.544	-73.478	-118.67	27.193	-52.724	-145.35	-2.1382
142.16	-2.6421	20.222	-39.558	2.0817	-14.102	-12.236	5.3827	-17.122	-8.1737	-55.889	41.54	-73.46	-118.67	27.203	-52.747	-145.33	-2.1415
142.16	-2.6449	20.22	-39.542	2.0661	-14.059	-12.217	5.4008	-17.146	-8.147	-55.943	41.514	-73.449	-118.68	27.218	-52.781	-145.33	-2.2228
142.15	-2.6347	20.223	-39.491	2.0355	-14	-12.18	5.4175	-17.175	-8.1101	-56.017	41.468	-73.435	-118.69	27.261	-52.84	-145.34	-2.253
142.15	-2.6455	20.218	-39.434	1.9925	-13.926	-12.152	5.4492	-17.248	-8.0522	-56.125	41.441	-73.42	-118.72	27.304	-52.9	-145.33	-2.2782
142.15	-2.6466	20.216	-39.364	1.9246	-13.8	-12.137	5.5281	-17.32	-7.947	-56.291	41.427	-73.393	-118.74	27.37	-52.987	-145.33	-2.3132
142.15	-2.6371	20.221	-39.306	1.8437	-13.613	-12.116	5.7086	-17.489	-7.7967	-56.524	41.428	-73.334	-118.78	27.437	-53.041	-145.33	-2.2865
142.15	-2.6393	20.231	-39.155	1.7338	-13.254	-12.043	5.9327	-17.438	-7.6137	-56.747	41.398	-73.255	-118.86	27.481	-53.08	-145.35	-2.2864
142.15	-2.6365	20.218	-39.063	1.6334	-12.75	-12.045	6.3097	-17.227	-7.3384	-57.133	41.459	-73.142	-118.97	27.556	-53.127	-145.41	-2.3129
142.14	-2.6412	20.214	-38.91	1.5167	-12.012	-11.96	6.6688	-16.864	-6.9904	-57.609	41.595	-73.02	-119.13	27.644	-53.146	-145.5	-2.2979
142.15	-2.6418	20.229	-39.009	3.2022	-6.3254	-11.72	7.0314	-16.266	-6.6068	-58.207	41.794	-72.888	-119.32	27.783	-53.143	-145.61	-2.3779
142.15	-2.6418	20.229	-38.678	2.9057	-5.3828	-11.333	7.3	-15.363	-6.0865	-58.989	42.011	-72.697	-119.61	27.901	-53.114	-145.7	-2.4639
142.15	-2.6498	20.227	-38.198	2.5934	-4.1837	-10.578	7.3638	-14.173	-5.435	-59.851	42.384	-72.419	-119.95	28.031	-53.116	-145.8	-2.5853
142.16	-2.6555	20.23	-37.384	2.1186	-3.1144	-9.5955	7.2856	-12.918	-4.6739	-60.958	42.748	-72.048	-120.37	28.175	-52.856	-146.16	-2.6787
142.15	-2.6499	20.231	-36.427	1.6954	-1.6975	-8.2351	6.9633	-11.44	-3.7852	-62.198	43.27	-71.6	-120.82	28.367	-52.718	-146.34	-2.7563
142.15	-2.6632	20.233	-35.34	1.1876	-0.12956	-6.4859	6.5436	-9.864	-2.7881	-63.553	43.804	-71.086	-121.34	28.63	-52.412	-146.68	-2.883
142.16	-2.6655	20.227	-34.339	0.76353	1.822	-4.217	6.0998	-8.1898	-1.7188	-65.017	44.323	-70.473	-121.93	28.911	-52.191	-146.92	-2.963
142.17	-2.6656	20.228	-33.324	0.30421	3.8631	-1.4768	5.6166	-6.455	-0.50879	-66.582	44.87	-69.764	-122.58	29.179	-51.785	-147.38	-3.0884
142.18	-2.6689	20.234	-31.84	-0.45252	4.7563	1.5253	5.0705	-4.8449	0.76798	-68.155	45.38	-68.943	-123.32	29.554	-51.241	-147.85	-3.1182
142.18	-2.6712	20.231	-30.575	-0.97835	6.6909	4.625	4.3331	-3.327	2.189	-69.698	45.822	-67.957	-124.08	29.967	-50.609	-148.38	-3.1851
142.18	-2.6717	20.233	-29.186	-1.5652	8.4627	8.055	3.6003	-1.7873	3.7551	-71.262	46.286	-66.814	-124.88	30.379	-49.987	-148.73	-3.2494
142.18	-2.6794	20.231	-27.581	-2.2609	9.9859	11.603	2.6788	-0.39309	5.4536	-72.797	46.767	-65.503	-125.7	30.847	-49.11	-149.24	-3.2315
142.18	-2.6797	20.244	-25.779	-3.0481	11.357	15.173	1.5022	0.76829	7.263	-74.412	47.231	-64.14	-126.46	31.392	-47.933	-150.22	-2.8399
142.19	-2.6773	20.246	-23.717	-3.9089	12.495	19.209	0.30167	2.0422	9.2103	-75.969	47.692	-62.815	-127.05	31.959	-47.109	-150.63	-2.0743
142.18	-2.6798	20.244	-21.385	-4.8542	13.441	23.505	-1.1808	3.1942	11.314	-77.49	48.322	-61.433	-127.51	32.533	-45.653	-151.6	-1.3935
142.18	-2.6831	20.24	-18.744	-5.8659	14.173	27.968	-2.8553	4.3379	13.478	-79.07	49.027	-59.879	-128.05	33.14	-44.154	-152.29	-0.82502
142.18	-2.6715	20.232	-15.842	-6.98	14.774	32.766	-4.6238	5.705	15.688	-80.75	49.688	-57.987	-128.8	33.708	-42.527	-153.23	-0.56547
142.18	-2.6712	20.231	-12.688	-8.1514	15.251	38.367	-6.0838	7.8092	18.451	-82.171	50.907	-55.864	-129.67	34.348	-40.666	-153.98	-1.9265e-005
142.17	-2.6709	20.23	-9.3295	-9.378	15.771	43.248	-8.1669	9.201	21.027	-83.967	51.668	-53.664	-130.43	35.012	-39.012	-154.55	0.55725
142.17	-2.6648	20.243	-5.7108	-10.625	16.371	48.096	-10.45	10.475	23.695	-85.822	52.359	-51.515	-131.07	35.725	-37.142	-155.25	1.246
142.17	-2.6644	20.229	-1.8948	-11.908	17.131	52.938	-12.755	11.728	26.472	-87.722	53.193	-49.378	-131.66	36.496	-35.262	-156.16	1.9504
142.17	-2.6644	20.229	2.0722	-13.227	17.899	57.845	-15.081	13.029	29.359	-89.645	53.933	-47.146	-132.24	37.313	-33.191	-156.71	2.7332
142.16	-2.6591	20.24	6.18	-14.535	18.705	62.739	-17.499	14.273	32.323	-91.542	54.667	-44.802	-132.89	38.151	-30.914	-157.58	3.4723
142.16	-2.6556	20.231	10.321	-15.88	19.542	67.325	-19.982	15.161	35.397	-93.404	55.392	-42.304	-133.51	39.021	-28.953	-157.98	4.2114
142.16	-2.6552	20.232	14.486	-17.193	20.33	72.029	-22.367	16.185	38.54	-95.175	56.117	-39.707	-134.1	39.959	-26.704	-158.68	5.101
142.16	-2.6544	20.232	18.645	-18.525	21.069	76.732	-24.537	17.171	41.673	-96.914	56.82	-37.084	-134.62	40.868	-24.273	-159.41	5.8474
142.17	-2.653	20.236	22.817	-19.811	21.773	81.092	-26.779	18.061	44.857	-98.539	57.55	-34.37	-135.14	41.793	-22.13	-159.69	6.514
142.17	-2.661	20.234	26.989	-21.033	22.37	85.476	-28.784	18.851	48.053	-100.04	58.193	-31.587	-135.59	42.676	-19.548	-160.01	7.516
142.16	-2.6554	20.232	31.025	-22.187	22.974	89.737	-30.62	19.61	51.296	-101.38	58.826	-28.755	-135.97	43.637	-16.83	-160.7	8.3943
142.17	-2.6615	20.235	34.975	-23.212	23.483	94.005	-32.357	20.299	54.462	-102.59	59.543	-25.887	-136.24	44.55	-14.326	-160.76	9.3791
142.18	-2.6689	20.234	38.743	-24.116	23.969	98.259	-33.798	20.993	57.687	-103.58	60.117	-22.984	-136.47	45.372	-11.682	-161.28	10.273
142.17	-2.674	20.24	42.386	-24.824	24.349	102.49	-35.163	21.685	60.816	-104.39	60.707	-20.073	-136.64	46.197	-8.9161	-161.63	11.196
142.17	-2.6748	20.228	45.823	-25.405	24.661	106.62	-36.476	22.244	63.904	-105.02	61.287	-17.115	-136.8	46.937	-6.2054	-161.82	12.103
142.17	-2.6759	20.238	49.134	-25.849	24.842	110.88	-37.443	22.795	66.997	-105.44	61.868	-14.156	-136.88	47.613	-3.3354	-162.06	12.916
142.17	-2.6751	20.24	52.319	-26.117	24.904	114.98	-38.42	23.274	70.038	-105.68	62.328	-11.149	-136.88	48.228	-0.607	-162.13	13.632
142.16	-2.6791	20.232	55.425	-26.322	24.751	119.12	-39.117	23.68	73.061	-105.74	62.775	-8.1745	-136.81	48.826	2.4898	-162.59	14.496
142.16	-2.6805	20.232	58.453	-26.425	24.465	123.14	-39.691	23.997	76.053	-105.69	63.164	-5.2281	-136.65	49.386	5.2378	-162.56	15.206
142.16	-2.6807	20.232	61.373	-26.445	24.029	127.04	-40.178	24.154	79.054	-105.47	63.418	-2.2946	-136.45	49.934	7.9659	-162.38	15.864
142.17	-2.6771	20.236	64.198	-26.456	23.465	130.76	-40.632	24.128	82.045	-105.18	63.581	0.61977	-136.18	50.444	10.903	-162.54	16.533
142.16	-2.6718	20.235	66.891	-26.263	22.994	134.4	-40.695	24.057	85.021	-104.81	63.637	3.5284	-135.88	50.921	13.768	-162.49	17.111
142.16	-2.6695	20.238	69.4	-25.979	22.573	137.8	-40.816	23.809	88.014	-104.34	63.623	6.4293	-135.55	51.399	16.55	-162.29	17.669
141.84	-2.9579	19.756	71.173	-25.305	23.421	140.99	-40.633	23.464	90.953	-103.8	63.547	9.3033	-135.24	51.855	19.185	-162.05	18.176
141.84	-2.9558	19.742	73.279	-24.804	23.122	144.08	-40.327	23.06	93.81	-103.2	63.347	12.137	-134.92	52.3	21.605	-161.45	18.686
141.84	-2.9566	19.743	75.21	-24.167	22.939	146.9	-39.78	22.541	96.638	-102.45	63.12	14.918	-134.55	52.72	24.248	-161.2	19.168
141.85	-2.9525	19.746	76.961	-23.397	22.844	149.39	-39.031	21.914	99.364	-101.62	62.89	17.634	-134.15	53.135	26.84	-160.86	19.601
141.85	-2.9534	19.745	78.586	-22.586	22.659	151.78	-38.147	21.317	101.99	-100.69	62.589	20.257	-133.69	53.497	29.246	-160.3	20.008
141.84	-2.9542	19.745	80.087	-21.697	22.568	153.92	-37.076	20.639	104.52	-99.67	62.36	22.776	-133.16	53.791	31.648	-159.98	20.287
141.49	-3.2035	19.441	81.968	-21.063	21.094	155.91	-35.915	19.925	106.92	-98.487	62.031	25.233	-132.58	54.045	33.86	-159.25	20.617
141.5	-3.1976	19.451	83.306	-20.077	20.828	157.64	-34.6	19.122	109.17	-97.244	61.799	27.56	-131.9	54.236	36.047	-158.58	20.958
141.5	-3.1976	19.451	84.586	-19.087	20.366	159.33	-33.162	18.329	111.35	-95.938	61.515	29.779	-131.14	54.348	38.098	-157.77	21.173
141.5	-3.1976	19.451	85.841	-18.06	19.808	160.86	-31.832	17.475	113.34	-94.553	61.267	31.844	-130.25	54.452	40.233	-157.2	21.424
141.49	-3.2082	19.436	87.118	-17.026	19.116	162.29	-30.514	16.621	115.25	-93.093	61.012	33.778	-129.26	54.404	42.096	-156.24	21.445
158.67	-25.613	17.003	88.387	-16.004	18.314	141.49	-3.2188	19.43	117.04	-91.659	60.725	35.598	-128.2	54.282	44.172	-155.63	21.727
160.16	-24.292	16.347	89.727	-14.949	17.47	141.48	-3.2129	19.431	118.75	-90.218	60.492	37.319	-127.06	54.15	45.972	-154.62	21.783
160.16	-24.292	16.347	91.445	-14.289	16.3	141.49	-3.2082	19.436	120.11	-88.51	60.44	38.984	-125.9	53.962	47.781	-153.7	21.726
168.06	-25.861	13.514	92.932	-13.254	15.213	142.16	-2.6669	20.239	121.93	-87.45	59.983	40.592	-124.71	53.675	49.588	-152.85	21.734
168.06	-25.861	13.514	94.422	-12.384	14.255	142.16	-2.6678	20.237	123.48	-86.12	59.723	42.201	-123.53	53.38	51.309	-151.81	21.627
168.06	-25.861	13.514	95.964	-11.442	13.278	142.15	-2.6733	20.23	125	-84.867	59.359	43.752	-122.38	53.013	52.994	-150.99	21.494
168.06	-25.861	13.514	97.568	-10.534	12.339	142.15	-2.674	20.23	126.56	-83.671	59.041	45.323	-121.24	52.675	54.6	-149.89	21.246
168.06	-25.861	13.514	99.182	-9.67	11.494	142.15	-2.6764	20.241	128.08	-82.583	58.639	46.874	-120.2	52.309	56.269	-149.04	21.131
168.06	-25.861	13.514	100.85	-8.8083	10.67	142.15	-2.6646	20.233	129.63	-81.552	58.251	48.444	-119.19	51.989	57.809	-148.05	20.824
168.06	-25.861	13.514	102.55	-7.9923	9.9284	142.15	-2.6657	20.231	131.2	-80.63	57.766	49.965	-118.26	51.696	59.247	-147.19	20.554
168.06	-25.861	13.514	104.32	-7.2417	9.2375	142.15	-2.667	20.229	132.76	-79.789	57.294	51.46	-117.34	51.359	60.822	-146.38	20.281
168.06	-25.861	13.514	106.1	-6.5322	8.5646	142.16	-2.6715	20.234	134.36	-78.974	56.789	52.964	-116.47	50.995	62.197	-145.44	19.903
168.06	-25.861	13.514	107.95	-5.79	7.6818	142.15	-2.662	20.235	135.92	-78.2	56.271	54.421	-115.66	50.674	63.5	-144.63	19.533
168.06	-25.861	13.514	109.78	-5.165	7.0619	142.15	-2.662	20.223	137.46	-77.454	55.73	55.834	-114.91	50.352	64.861	-143.79	19.142
168.06	-25.861	13.514	111.62	-4.508	6.3349	142.16	-2.6542	20.232	138.9	-76.74	55.184	57.229	-114.12	49.951	66.076	-142.85	18.71
168.06	-25.861	13.514	113.31	-3.9552	5.5523	142.16	-2.6547	20.234	140.35	-75.961	54.69	58.559	-113.38	49.642	67.448	-142.33	18.398
168.06	-25.861	13.514	114.91	-3.3426	4.5584	142.17	-2.6596	20.234	141.67	-75.16	54.184	59.819	-112.65	49.259	68.602	-141.53	17.909
168.06	-25.861	13.514	116.37	-2.7793	3.8352	142.17	-2.6607	20.233	142.93	-74.324	53.711	61.011	-111.94	48.887	69.786	-140.87	17.602
168.06	-25.861	13.514	117.65	-2.1497	3.0624	142.17	-2.6607	20.233	144.12	-73.425	53.267	62.158	-111.24	48.511	70.949	-140.21	17.271
168.06	-25.861	13.514	118.85	-1.2258	1.7699	142.18	-2.6589	20.236	145.22	-72.502	52.826	63.276	-110.54	48.125	72.03	-139.49	16.855
180.53	-8.5502	-1.5293	120.05	-0.93025	0.45717	142.18	-2.6579	20.237	146.3	-71.514	52.436	64.339	-109.83	47.713	73.155	-138.81	16.517
179.75	-7.3404	-2.9682	120.97	-0.96058	-1.4526	142.18	-2.6677	20.234	147.08	-70.727	51.612	65.389	-109.13	47.349	74.205	-138.22	16.239
179.75	-7.3404	-2.9682	122.38	-0.73032	-2.7662	142.05	-2.7098	20.218	148.04	-69.724	51.111	66.413	-108.44	46.953	75.349	-137.69	15.883
179.75	-7.3404	-2.9682	123.76	-0.49526	-3.8325	142.07	-2.7118	20.213	149.04	-68.692	50.719	67.41	-107.79	46.585	76.338	-137	15.5
179.75	-7.3404	-2.9682	124.47	-0.097873	-4.7331	142.52	-2.4813	20.219	150.06	-67.652	50.347	68.426	-107.14	46.162	77.402	-136.47	15.292
179.75	-7.3404	-2.9682	125.55	0.52575	-5.0293	143.78	-1.7237	20.276	151.03	-66.631	49.9	69.427	-106.56	45.837	78.492	-135.89	14.964
179.75	-7.3404	-2.9682	126.96	1.0146	-5.5794	145.1	-1.0971	20.249	152.02	-65.71	49.387	70.463	-106.04	45.582	79.557	-135.37	14.755
179.75	-7.3404	-2.9682	128.23	1.3323	-6.3236	146.44	-0.55789	20.241	153.11	-64.799	49.02	71.564	-105.57	45.348	80.626	-134.85	14.394
179.75	-7.3404	-2.9682	129.42	1.5808	-7.0172	147.83	-0.066394	20.264	154.23	-63.958	48.685	72.679	-105.1	45.125	81.723	-134.4	14.231
179.75	-7.3404	-2.9682	129.89	1.8773	-7.6342	149.01	0.44491	20.347	155.36	-63.176	48.396	73.82	-104.62	44.95	82.837	-133.96	14.02
179.75	-7.3404	-2.9682	130.36	2.6918	-7.392	149.3	1.274	20.312	156.43	-62.544	48.297	75.006	-104.14	44.792	84.053	-133.54	13.956
179.75	-7.3404	-2.9682	131.13	3.3844	-7.441	149.59	1.9741	20.277	157.66	-61.963	48.21	76.244	-103.78	44.692	85.363	-133.22	13.83
172.1	3.7388	-13.656	132.07	3.9383	-7.3972	150.61	2.4917	20.241	158.94	-61.361	48.125	77.598	-103.53	44.679	86.708	-132.82	13.76
173.15	4.2387	-13.687	133.31	4.3777	-7.3922	152.04	2.9279	20.313	160.33	-60.863	48.169	79.069	-103.31	44.713	88.085	-132.54	13.696
174.44	4.7438	-13.599	134.73	4.7687	-7.197	153.52	3.3401	20.344	161.77	-60.418	48.319	80.581	-103.03	44.766	89.565	-132.21	13.772
175.92	5.1352	-13.343	136.32	5.078	-7.1757	155.17	3.6317	20.33	163.34	-60.061	48.554	82.152	-102.73	44.817	91.087	-131.94	13.846
176.5	5.6132	-13.807	138.05	5.3035	-6.8743	157.03	3.7335	20.513	164.98	-59.751	48.835	83.815	-102.45	44.955	92.68	-131.68	13.867
178.27	5.9197	-13.398	140	5.596	-6.2342	159.04	3.7801	20.865	166.7	-59.502	49.103	85.56	-102.25	45.111	94.411	-131.46	14.016
180.36	6.1945	-12.858	142.07	5.8501	-5.9487	161.11	3.8269	21.32	168.59	-59.427	49.446	87.404	-102.1	45.212	96.31	-131.27	14.147
183.48	6.2723	-11.435	144.42	6.2311	-4.895	163.15	3.8947	21.887	170.6	-59.377	49.889	89.35	-101.94	45.404	98.14	-131.02	14.265
184.49	6.4138	-9.8892	146.55	6.2406	-4.6123	165.49	4.0823	22.623	172.66	-59.446	50.313	91.391	-101.79	45.619	100.04	-130.83	14.3
187.64	6.9746	-8.3235	149.16	6.5398	-3.6884	167.71	4.0904	23.327	174.89	-59.534	50.793	93.503	-101.72	45.805	102.06	-130.71	14.587
190.17	7.0095	-7.6066	151.74	6.6343	-3.0637	170.18	4.0402	24.01	177.14	-59.634	51.265	95.723	-101.66	46.052	104.21	-130.56	14.674
192.88	6.9849	-6.91	154.48	6.6511	-2.3676	172.86	3.9804	24.679	179.54	-59.819	51.774	98.009	-101.58	46.289	106.32	-130.48	14.831
195.03	6.4522	-7.026	157.36	6.6728	-1.7118	175.73	3.8387	25.357	181.96	-60.007	52.281	100.34	-101.49	46.568	108.56	-130.29	15.121
198.75	6.667	-5.6028	160.39	6.5663	-1.2425	178.7	3.6628	25.954	184.52	-60.225	52.847	102.71	-101.36	46.856	110.85	-130.06	15.273
201.13	5.9168	-5.8917	163.55	6.4571	-0.76763	181.82	3.4319	26.521	187.12	-60.456	53.393	105.12	-101.21	47.113	113.25	-130.11	15.715
205.14	5.9813	-4.3932	166.81	6.2389	-0.2617	185.04	3.1415	27.078	189.78	-60.753	53.916	107.6	-101.04	47.396	115.64	-130.06	15.972
208.57	5.5622	-3.8373	170.19	6.0784	0.16394	188.34	2.7883	27.569	192.52	-61.091	54.477	110.13	-100.9	47.665	118.12	-129.99	16.334
212	5.0547	-3.316	173.68	5.7137	0.68615	191.75	2.4188	28.146	195.28	-61.49	54.985	112.72	-100.75	47.91	120.65	-129.94	16.622
215.58	4.5239	-2.7637	177.21	5.3894	1.1621	195.22	1.9669	28.6	198.13	-61.891	55.51	115.35	-100.6	48.161	123.09	-129.81	16.946
219.17	3.9384	-2.2352	180.83	4.9551	1.5092	198.8	1.4756	29.066	201.02	-62.323	56.062	117.99	-100.45	48.392	125.74	-129.85	17.237
222.81	3.3484	-1.7133	184.44	4.5569	1.8583	202.37	0.99736	29.625	203.88	-62.785	56.464	120.66	-100.32	48.653	128.28	-129.82	17.489
226.39	2.738	-1.2671	188.06	4.223	2.2454	205.93	0.44411	30.015	206.79	-63.223	56.931	123.37	-100.21	48.865	130.89	-129.81	17.774
230	2.1368	-0.79143	191.65	3.8247	2.6368	209.51	-0.11146	30.409	209.77	-63.732	57.313	126.11	-100.09	49.112	133.43	-129.74	18.068
233.59	1.5848	-0.35191	195.24	3.3599	3.0305	213.12	-0.59475	30.868	212.7	-64.229	57.627	128.85	-99.992	49.29	136.01	-129.72	18.241
237.06	0.97639	-0.032687	198.75	2.9814	3.3347	216.67	-1.1521	31.3	215.68	-64.764	57.902	131.59	-99.945	49.557	138.58	-129.67	18.456
239.77	-0.041671	-0.60052	202.23	2.6198	3.8382	220.18	-1.7183	31.692	218.65	-65.269	58.099	134.34	-99.884	49.729	141.15	-129.68	18.761
243.17	-0.61838	-0.37389	205.64	2.2046	4.2995	223.68	-2.2718	31.989	221.67	-65.797	58.283	137.09	-99.862	49.937	143.63	-129.64	18.723
247.28	-0.68136	0.79195	209.01	1.9317	4.4843	227.09	-2.8253	32.234	224.57	-66.32	58.35	139.83	-99.809	50.089	146.1	-129.59	18.893
249.84	-1.6337	0.063648	212.33	1.5303	4.9717	230.49	-3.3318	32.486	227.51	-66.829	58.436	142.52	-99.768	50.186	148.55	-129.49	18.962
253.79	-1.6847	1.0124	215.6	1.2523	4.9556	233.8	-3.8733	32.638	230.33	-67.288	58.414	145.16	-99.734	50.265	151.04	-129.45	19.16
256.21	-2.6356	0.20971	218.81	0.85526	5.3184	237.08	-4.3378	32.732	233.13	-67.701	58.437	147.77	-99.635	50.283	153.39	-129.33	18.99
260.12	-2.5807	1.1393	221.91	0.58781	5.2982	240.25	-4.768	32.785	235.84	-68.086	58.346	150.3	-99.512	50.241	155.64	-129.29	18.956
263.14	-3.0486	1.0324	224.97	0.29167	5.1523	243.28	-5.1778	32.717	238.45	-68.405	58.226	152.78	-99.358	50.183	158.03	-129.16	18.882
265.24	-3.9171	-0.10537	227.9	0.015726	5.0595	246.2	-5.5653	32.605	240.98	-68.642	58.041	155.2	-99.179	50.079	160.13	-129.05	18.724
268.07	-4.2053	-0.3048	230.7	-0.18257	4.8012	248.98	-5.8619	32.399	243.45	-68.824	57.886	157.52	-98.968	49.879	162.29	-128.75	18.801
270.78	-4.4837	-0.57645	233.4	-0.4058	4.5341	251.64	-6.0751	32.112	245.78	-68.956	57.638	159.82	-98.708	49.661	164.46	-128.71	18.394
274.22	-4.1833	0.12055	236.02	-0.58658	4.2604	254.22	-6.2178	31.773	248.09	-68.999	57.352	162.01	-98.451	49.345	166.55	-128.56	18.161
275.97	-4.8659	-1.2294	238.53	-0.73233	3.7078	256.7	-6.2976	31.331	250.29	-68.986	57.001	164.16	-98.181	49.023	168.65	-128.42	17.942
279.13	-4.5559	-0.81368	240.92	-0.90017	3.247	259.04	-6.4076	30.816	252.46	-68.912	56.677	166.26	-97.87	48.665	170.62	-128.13	17.703
280.73	-5.1966	-2.3345	243.27	-0.98621	2.4953	261.36	-6.4307	30.299	254.51	-68.856	56.204	168.27	-97.554	48.248	172.52	-127.95	17.407
283.78	-4.8375	-1.9224	245.54	-1.1642	2.0986	263.57	-6.4881	29.59	256.51	-68.78	55.699	170.22	-97.206	47.812	174.35	-127.73	17.095
285.29	-5.4975	-3.4958	247.75	-1.2578	1.2904	265.73	-6.5567	28.988	258.49	-68.73	55.158	172.1	-96.851	47.348	175.97	-127.52	16.616
287.61	-5.5117	-4.0232	249.92	-1.2846	0.58486	267.89	-6.645	28.309	260.43	-68.684	54.62	173.91	-96.482	46.859	177.62	-127.12	16.168
289.68	-5.6866	-4.7026	252.03	-1.361	0.0034319	270.02	-6.704	27.627	262.3	-68.675	54.018	175.69	-96.123	46.349	179.44	-126.94	15.811
291.74	-5.8842	-5.4055	254.1	-1.5179	-0.64795	272.04	-6.8495	26.926	264.12	-68.645	53.424	177.4	-95.763	45.833	180.92	-126.72	15.273
293.72	-5.993	-6.027	256.05	-1.5716	-1.16	274.07	-6.9047	26.355	265.87	-68.636	52.774	179.05	-95.428	45.303	182.46	-126.39	14.839
296.29	-5.707	-5.8488	257.95	-1.5488	-1.8563	275.95	-7.0222	25.676	267.48	-68.643	52.056	180.63	-95.093	44.737	183.85	-126.14	14.226
298.09	-5.8186	-6.5496	259.77	-1.5299	-2.6445	277.84	-7.0528	25.084	269.1	-68.62	51.462	182.13	-94.755	44.163	185.62	-126.25	13.887
299.21	-6.2525	-7.9832	261.51	-1.5483	-3.2537	279.55	-7.1243	24.387	270.56	-68.577	50.78	183.58	-94.391	43.574	186.6	-125.5	13.224
300.81	-6.3041	-8.6617	263.15	-1.6122	-3.734	281.23	-7.1471	23.776	272.01	-68.522	50.16	184.92	-94.047	42.977	187.81	-125.24	12.582
303.06	-5.9585	-8.4681	264.71	-1.5116	-4.5309	282.77	-7.188	23.104	273.33	-68.45	49.51	186.21	-93.683	42.36	188.98	-124.91	11.988
304.57	-5.9401	-9.0714	266.2	-1.6009	-4.9863	284.3	-7.1377	22.529	274.54	-68.361	48.868	187.41	-93.312	41.732	190.09	-124.55	11.391
305.31	-6.3029	-10.515	267.47	-1.4441	-5.4265	285.47	-6.734	22.243	275.7	-68.209	48.251	188.54	-92.953	41.075	191.14	-124.27	10.853
306.54	-6.2291	-10.923	268.66	-1.2764	-5.9441	286.34	-5.8437	22.025	276.78	-68.127	47.674	189.59	-92.579	40.447	192.18	-124	10.226
307.7	-6.1025	-11.378	269.71	-0.98659	-6.6393	287.27	-4.8674	21.86	277.77	-68.044	47.136	190.58	-92.217	39.88	193.08	-123.66	9.6808
309.48	-5.5303	-10.848	270.63	-0.82905	-6.9501	287.97	-4.1205	21.676	278.68	-67.912	46.69	191.48	-91.921	39.301	193.9	-123.46	9.0397
309.7	-5.7955	-12.005	271.45	-0.61698	-6.977	288.77	-3.6601	21.611	279.46	-67.734	46.292	192.32	-91.645	38.786	194.7	-123.04	8.5057
310.53	-5.6126	-12.241	272.3	-0.27898	-7.2041	289.67	-3.3865	21.656	280.15	-67.533	45.993	193.05	-91.332	38.365	195.4	-122.8	8.0669
311.44	-5.3007	-12.156	273.07	-0.055866	-7.191	290.48	-3.1516	21.712	280.71	-67.278	45.836	193.69	-90.948	38.036	196.05	-122.53	7.7866
312.11	-5.0349	-12.205	273.78	0.18534	-7.3097	291.14	-2.9173	21.733	281.2	-66.962	45.781	194.19	-90.58	37.733	196.44	-122.14	7.4297
313.37	-4.4146	-11.272	274.34	0.49799	-7.5889	291.66	-2.6792	21.654	281.56	-66.612	45.777	194.61	-90.227	37.486	197.05	-121.85	7.4032
313.94	-4.0491	-11.155	274.83	0.7893	-7.6786	292.09	-2.4025	21.666	281.88	-66.192	45.847	194.97	-89.863	37.335	197.43	-121.55	7.1667
313.69	-4.0398	-11.82	275.01	1.0277	-7.7315	292.66	-2.0708	21.757	282.12	-65.756	45.925	195.29	-89.447	37.177	197.86	-121.22	7.22
313.93	-3.6345	-11.851	275.45	1.4252	-7.634	292.67	-1.9711	21.767	282.34	-65.278	46.031	195.57	-89.049	37.069	198.25	-120.89	7.1326
314.27	-3.2049	-11.665	275.72	1.6955	-7.8883	292.77	-1.5847	21.742	282.46	-64.817	46.09	195.78	-88.679	36.972	198.47	-120.66	7.1662
315.23	-2.4758	-10.87	275.97	1.8858	-7.829	293.03	-1.3134	21.725	282.61	-64.318	46.15	195.94	-88.357	36.831	198.75	-120.42	7.0458
314.83	-2.5254	-11.653	276.06	2.0405	-7.9913	293.34	-0.90881	21.806	282.71	-63.861	46.173	196.09	-87.981	36.715	198.99	-120.08	7.0593
315.03	-2.2116	-11.755	276.31	2.4157	-7.8105	293.4	-0.71665	21.691	282.8	-63.418	46.192	196.19	-87.579	36.619	199.27	-119.81	7.2209
315.21	-1.9493	-11.801	276.32	2.5748	-8.0464	293.67	-0.31091	21.785	282.85	-62.997	46.217	196.25	-87.2	36.497	199.41	-119.6	7.1558
316	-1.278	-11.055	276.45	3.102	-8.3092	293.67	-0.1466	21.816	282.89	-62.587	46.183	196.29	-86.89	36.449	199.54	-119.42	7.176
315.46	-1.419	-11.98	276.42	3.1236	-8.6141	293.88	0.15301	21.833	282.92	-62.232	46.142	196.33	-86.625	36.364	199.61	-119.19	7.0945
316.15	-0.81273	-11.24	276.42	3.3078	-8.671	293.94	0.33787	21.803	282.95	-61.925	46.139	196.36	-86.371	36.252	199.66	-119.01	7.1095
316.18	-0.60469	-11.347	276.48	3.5708	-8.618	293.82	0.44552	21.744	282.93	-61.639	46.087	196.35	-86.2	36.201	199.67	-118.86	7.0885
316.23	-0.44761	-11.469	276.41	3.881	-8.954	293.8	0.58361	21.738	282.93	-61.44	46.013	196.31	-86.055	36.175	199.64	-118.72	7.1742
316.23	-0.44761	-11.469	276.38	3.8893	-9.0157	293.79	0.68285	21.747	282.89	-61.268	45.971	196.25	-85.926	36.144	199.62	-118.62	7.1851
316.23	-0.44761	-11.469	276.32	3.9473	-9.1142	293.78	0.73987	21.733	282.85	-61.152	45.932	196.18	-85.807	36.12	199.58	-118.56	7.1623
316.23	-0.44761	-11.469	276.26	3.9501	-9.2133	293.77	0.77206	21.733	282.78	-61.092	45.889	196.1	-85.73	36.088	199.46	-118.55	7.1446
316.23	-0.44761	-11.469	276.13	3.87	-9.3909	293.9	0.86523	21.803	282.7	-61.067	45.866	196.01	-85.689	36.07	199.63	-119.07	7.3246
316.23	-0.44761	-11.469	276.07	3.8311	-9.4943	293.89	0.86009	21.794	282.61	-61.089	45.835	195.91	-85.657	36.075	199.2	-118.61	7.1657
316.72	-0.1554	-11.316	276	3.7768	-9.578	293.87	0.85496	21.792	282.54	-61.116	45.81	195.82	-85.655	36.075	199.13	-118.65	7.2414
316.73	-0.31429	-11.391	275.92	3.6953	-9.7411	293.86	0.85276	21.793	282.45	-61.156	45.786	195.72	-85.655	36.072	199.05	-118.68	7.284
316.73	-0.31429	-11.391	275.89	3.5063	-10.19	293.84	0.79401	21.8	282.35	-61.204	45.763	195.62	-85.675	36.069	198.93	-118.72	7.3566
316.73	-0.31429	-11.391	275.73	3.3599	-10.894	293.76	0.81941	21.79	282.26	-61.198	45.758	195.5	-85.693	36.048	198.78	-118.73	7.4467
316.5	-1.0045	-12.244	275.6	3.138	-11.299	293.71	0.81193	21.789	282.12	-61.158	45.704	195.36	-85.685	36.011	198.68	-118.78	7.5486
316.55	-1.2252	-12.465	275.51	2.9992	-11.561	293.65	0.80378	21.775	281.92	-61.134	45.628	195.19	-85.603	35.952	198.45	-118.84	7.5797
316.55	-1.4234	-12.678	275.37	2.886	-11.677	293.54	0.77761	21.762	281.7	-61.184	45.528	194.98	-85.514	35.9	198.2	-118.93	7.6024
316.53	-1.5896	-12.806	275.25	2.7588	-12.053	293.41	0.76907	21.772	281.51	-61.189	45.504	194.75	-85.501	35.867	198.01	-118.99	7.6544
316.5	-1.7976	-12.948	275.08	2.6288	-12.304	293.29	0.76058	21.783	281.3	-61.194	45.483	194.49	-85.549	35.877	197.84	-119.04	7.7195
317.31	-1.2323	-11.891	274.9	2.5317	-12.542	293.13	0.73127	21.809	281.03	-61.195	45.391	194.27	-85.547	35.866	197.65	-119.09	7.7603
316.4	-2.3459	-13.566	274.67	2.4613	-12.878	292.97	0.65372	21.812	280.75	-61.063	45.373	194.04	-85.504	35.833	197.37	-119.21	7.8306
316.33	-2.5984	-14.011	274.4	2.3871	-12.954	292.85	0.55839	21.83	280.48	-60.872	45.279	193.75	-85.442	35.817	197.07	-119.28	7.9165
316.23	-2.7947	-14.28	274.09	2.3442	-12.865	292.69	0.54231	21.794	280.17	-60.718	45.177	193.4	-85.366	35.772	196.82	-119.27	8.03
316.2	-2.9654	-14.377	273.77	2.3541	-12.794	292.49	0.67481	21.72	279.9	-60.604	45.184	193.07	-85.322	35.735	196.59	-119.3	8.1951
316.24	-3.1547	-14.371	273.47	2.4076	-13.017	292.23	0.83468	21.698	279.53	-60.575	45.142	192.75	-85.305	35.725	196.27	-119.39	8.2755
316.31	-3.3601	-14.294	273.14	2.3536	-12.837	292.17	0.75398	21.684	279.19	-60.538	45.16	192.43	-85.342	35.773	195.93	-119.45	8.1923
316.59	-3.6957	-14.195	272.71	2.3214	-12.703	292.09	0.7364	21.737	278.84	-60.516	45.187	192.11	-85.377	35.819	195.56	-119.32	8.3515
316.97	-4.1162	-14.029	272.26	2.3265	-12.816	292.02	0.75574	21.748	278.46	-60.508	45.18	191.77	-85.417	35.828	195.23	-119.56	8.456
317.57	-4.6216	-13.703	271.73	2.3211	-12.636	292	0.77864	21.747	278.1	-60.51	45.284	191.34	-85.438	35.941	194.84	-119.68	8.5368
318.3	-5.1984	-13.273	271.08	2.2971	-12.6	292	0.7821	21.75	277.65	-60.632	45.275	190.89	-85.456	36.017	194.46	-119.78	8.7389
319.17	-5.9123	-12.634	270.42	2.3192	-12.695	292.01	0.7736	21.749	277.22	-60.738	45.421	190.44	-85.572	36.135	193.97	-119.91	8.776
320.08	-6.7474	-11.93	269.69	2.1831	-12.538	292.02	0.75586	21.747	276.73	-60.922	45.506	189.98	-85.706	36.265	193.56	-120.03	9.0798
321.1	-7.6659	-11.05	268.81	2.0594	-12.314	292.01	0.75367	21.743	276.2	-61.159	45.682	189.48	-85.89	36.444	192.98	-120.31	9.1545
322.12	-8.7508	-10.133	267.9	2.0244	-12.229	292.02	0.75412	21.743	275.64	-61.44	45.772	188.95	-86.084	36.587	192.51	-120.44	9.3811
323.02	-9.9171	-9.2275	266.97	1.9229	-11.994	292.02	0.74924	21.746	275.07	-61.745	45.939	188.35	-86.318	36.789	191.8	-120.69	9.5648
323.95	-11.112	-8.0846	265.98	1.8041	-11.711	292.03	0.75203	21.75	274.4	-62.142	46.048	187.67	-86.582	37.023	191.25	-120.96	9.8782
324.71	-12.371	-6.9837	264.94	1.5843	-11.263	292.03	0.75437	21.741	273.76	-62.542	46.244	186.96	-86.922	37.278	190.44	-121.22	9.9919
325.28	-13.641	-5.921	263.88	1.3868	-10.927	292.02	0.75632	21.748	272.98	-63.06	46.426	186.23	-87.292	37.526	189.67	-121.67	10.208
325.75	-14.955	-4.81	262.73	1.1361	-10.533	292.03	0.75438	21.743	272.17	-63.595	46.606	185.39	-87.691	37.78	188.8	-121.99	10.391
326.09	-16.325	-3.6185	261.56	0.81878	-10.124	292.03	0.75528	21.744	271.28	-64.18	46.849	184.49	-88.122	38.048	187.87	-122.36	10.664
326.27	-17.712	-2.4047	260.28	0.53842	-9.6715	292.03	0.75001	21.748	270.33	-64.773	47.065	183.48	-88.588	38.359	186.9	-122.8	10.855
326.29	-19.066	-1.2613	258.98	0.064248	-9.0359	292.03	0.7513	21.751	269.27	-65.431	47.353	182.4	-89.074	38.643	185.81	-123.25	11.07
326.07	-20.507	-0.12479	257.64	-0.3723	-8.6503	292.03	0.74469	21.736	268.12	-66.119	47.615	181.24	-89.607	38.933	184.56	-123.73	11.24
325.67	-21.823	0.98999	256.22	-0.84388	-7.99	292.03	0.75365	21.742	266.86	-66.852	47.924	180	-90.197	39.28	183.37	-124.23	11.507
325.07	-23.129	2.1328	254.78	-1.3375	-7.3835	292.03	0.74146	21.745	265.49	-67.581	48.322	178.66	-90.809	39.612	182.07	-124.69	11.765
324.25	-24.355	3.2772	253.27	-1.8707	-6.7915	292.03	0.74176	21.745	264.03	-68.366	48.805	177.19	-91.419	39.956	180.56	-125.21	12.001
323.19	-25.575	4.3076	251.69	-2.4036	-6.1519	292.02	0.74881	21.746	262.41	-69.205	49.328	175.6	-92.051	40.343	179.07	-125.71	12.245
321.99	-26.676	5.4401	250.05	-2.9909	-5.3666	292.03	0.74956	21.747	260.7	-70.062	49.873	173.86	-92.693	40.805	177.33	-126.27	12.512
320.5	-27.793	6.5005	248.36	-3.6177	-4.5425	292.02	0.74836	21.745	258.79	-71.004	50.47	171.98	-93.358	41.336	175.51	-126.75	12.871
318.74	-28.884	7.2767	246.54	-4.2119	-3.6647	292.02	0.75879	21.751	256.81	-71.955	51.083	169.95	-93.976	41.861	173.51	-127.2	13.25
316.8	-29.79	8.1208	244.66	-4.8741	-2.6714	292.02	0.75759	21.749	254.67	-72.901	51.708	167.78	-94.601	42.385	171.42	-127.6	13.573
314.48	-30.669	8.723	242.65	-5.532	-1.4788	292.02	0.75865	21.752	252.39	-73.858	52.378	165.41	-95.208	43.005	169.18	-127.91	13.987
311.9	-31.344	9.2126	240.46	-6.029	-0.60056	292.02	0.75587	21.747	249.99	-74.73	53.086	162.91	-95.814	43.61	166.69	-128.34	14.254
309.06	-31.798	9.784	238.11	-6.6026	0.54681	292.02	0.76159	21.743	247.35	-75.555	53.746	160.24	-96.386	44.204	164.13	-128.71	14.591
306.01	-32.124	10.245	235.55	-7.0377	1.6428	292.02	0.74924	21.746	244.57	-76.249	54.423	157.4	-96.907	44.806	161.51	-128.99	15.051
302.69	-32.163	10.859	232.69	-7.2888	2.74	292.02	0.75632	21.748	241.56	-76.825	55.104	154.39	-97.398	45.408	158.68	-129.32	15.424
299.11	-32.037	11.369	229.47	-7.3518	3.8747	292.02	0.75632	21.748	238.35	-77.319	55.874	151.2	-97.914	45.998	155.67	-129.62	15.827
295.29	-31.547	12.065	226	-7.287	5.1699	292.03	0.75421	21.754	234.97	-77.627	56.525	147.89	-98.468	46.579	152.67	-129.97	16.207
291.22	-30.766	12.792	222.22	-7.0629	6.3725	292.03	0.75188	21.75	231.41	-77.807	57.239	144.46	-99.091	47.128	149.48	-130.26	16.607
286.83	-29.798	13.43	218.22	-6.7689	7.736	292.03	0.74954	21.759	227.64	-77.903	57.914	140.91	-99.7	47.697	146.17	-130.58	16.919
282.07	-28.587	13.96	213.96	-6.3279	8.9027	292.03	0.7522	21.751	223.67	-77.88	58.612	137.22	-100.33	48.25	142.76	-130.99	17.244
276.99	-27.094	14.55	209.48	-5.818	10.28	292.02	0.74898	21.747	219.61	-77.746	59.266	133.35	-100.9	48.778	139.17	-131.25	17.69
271.56	-25.529	14.958	204.81	-5.3577	11.672	292.02	0.74911	21.759	215.33	-77.578	59.978	129.32	-101.45	49.318	135.51	-131.56	18.088
265.8	-23.733	15.367	199.98	-4.8291	13.032	292.02	0.74515	21.743	210.93	-77.34	60.555	125.14	-101.97	49.8	131.66	-131.71	18.401
259.75	-21.877	15.63	195.23	-3.8988	14.789	292.03	0.75054	21.763	206.52	-76.841	61.469	120.82	-102.5	50.289	127.72	-132	18.762
253.4	-19.894	15.825	190.05	-3.2362	15.987	292.03	0.74927	21.747	201.83	-76.514	62.013	116.4	-103	50.727	123.59	-132.2	19.028
246.78	-17.867	16.036	184.67	-2.5282	16.981	292.03	0.74228	21.745	197.03	-76.071	62.475	111.86	-103.52	51.137	119.35	-132.5	19.296
239.79	-15.891	16.033	179.15	-1.9402	17.89	292.03	0.7491	21.748	192.11	-75.611	62.976	107.21	-104.03	51.509	114.99	-132.7	19.488
232.64	-13.834	16.061	173.55	-1.2681	18.665	292.02	0.74673	21.743	187.11	-75.09	63.322	102.49	-104.5	51.805	110.62	-132.94	19.704
225.2	-11.727	15.974	167.8	-0.743	19.381	292.02	0.74693	21.756	181.96	-74.504	63.69	97.698	-104.99	52.099	106.18	-133.18	19.92
212.27	-6.2768	17.347	161.94	-0.14183	19.832	217.5	-9.6034	15.812	176.76	-73.863	63.919	92.855	-105.47	52.406	101.69	-133.37	20.099
204.16	-4.4099	17.29	155.96	0.4318	20.117	209.52	-7.5452	15.529	171.52	-73.176	64.106	87.943	-105.96	52.595	97.232	-133.7	20.233
292.02	0.75369	21.757	149.87	0.93645	20.298	NaN	NaN	NaN	166.2	-72.431	64.285	82.981	-106.44	52.846	92.443	-133.8	20.27
292.03	0.75147	21.749	143.73	1.4761	20.372	NaN	NaN	NaN	160.82	-71.618	64.382	78.033	-106.91	52.999	87.789	-134.05	20.326
292.02	0.7562	21.748	137.53	1.9715	20.335	NaN	NaN	NaN	155.36	-70.761	64.395	73.017	-107.39	53.111	83.129	-134.29	20.426
292.02	0.75677	21.747	131.21	2.4002	20.169	NaN	NaN	NaN	149.91	-69.85	64.438	68.005	-107.87	53.221	78.351	-134.51	20.386
292.02	0.75443	21.744	124.9	2.8308	19.952	NaN	NaN	NaN	144.41	-68.953	64.413	62.962	-108.32	53.228	73.645	-134.75	20.428
292.02	0.7591	21.751	118.6	3.269	19.613	NaN	NaN	NaN	138.6	-68.302	63.963	57.951	-108.76	53.235	68.929	-135.08	20.439
292.02	0.7585	21.751	112.26	3.6747	19.25	NaN	NaN	NaN	133.03	-67.396	63.813	52.892	-109.22	53.233	64.176	-135.31	20.369
292.03	0.74928	21.747	105.91	3.9836	18.725	NaN	NaN	NaN	127.46	-66.549	63.603	47.88	-109.66	53.181	59.465	-135.56	20.215
292.03	0.75423	21.752	99.576	4.2967	18.171	NaN	NaN	NaN	121.88	-65.747	63.325	42.859	-110.1	53.052	54.663	-135.84	20.022
292.02	0.74652	21.744	93.269	4.5599	17.655	NaN	NaN	NaN	116.32	-64.96	63.025	37.867	-110.57	52.889	49.934	-136.01	19.907
292.03	0.75002	21.748	86.971	4.8097	17.155	NaN	NaN	NaN	110.8	-64.214	62.734	32.952	-111.01	52.672	45.247	-136.28	19.59
292.03	0.73705	21.755	80.807	5.0327	16.649	NaN	NaN	NaN	105.36	-63.557	62.281	28.067	-111.45	52.428	40.649	-136.61	19.336
292.02	0.74529	21.757	74.606	5.206	16.051	NaN	NaN	NaN	99.938	-62.893	61.867	23.239	-111.93	52.145	36.021	-136.84	18.956
292.02	0.74326	21.74	68.44	5.3635	15.5	NaN	NaN	NaN	94.585	-62.293	61.357	18.498	-112.4	51.814	31.537	-137.21	18.668
292.03	0.73839	21.742	62.113	5.6258	14.88	NaN	NaN	NaN	89.265	-61.672	60.885	13.869	-112.88	51.525	27.04	-137.46	18.234
292.03	0.73959	21.755	55.717	5.777	14.359	NaN	NaN	NaN	84.008	-61.089	60.306	9.2767	-113.36	51.17	22.72	-137.83	17.838
292.03	0.74957	21.747	49.039	6.3836	14.643	72.458	20.375	35.22	78.874	-60.48	59.777	4.7708	-113.86	50.826	18.478	-138.14	17.426
292.03	0.75129	21.75	42.48	6.8682	15.413	66.449	20.46	34.459	73.801	-59.933	59.205	0.37014	-114.37	50.493	14.311	-138.5	17.137
292.02	0.74439	21.753	36.613	6.8717	14.611	60.575	20.505	33.687	68.859	-59.386	58.722	-3.9691	-114.83	50.105	10.156	-138.88	16.789
292.02	0.74898	21.747	30.884	6.8731	13.821	54.9	20.486	33.037	64.043	-58.871	58.213	-8.1627	-115.25	49.758	6.1301	-139.26	16.326
292.03	0.74928	21.747	25.368	6.8896	13.098	49.393	20.497	32.216	59.343	-58.374	57.729	-12.262	-115.69	49.375	2.2928	-139.53	15.958
292.02	0.74899	21.747	20.084	6.8747	12.38	44.174	20.453	31.434	54.75	-57.917	57.247	-16.216	-116.12	48.969	-1.3887	-139.96	15.519
292.02	0.7585	21.751	15.045	6.8208	11.611	39.169	20.363	30.608	50.288	-57.51	56.787	-20.096	-116.49	48.512	-5.0205	-140.31	15.182
292.02	0.75604	21.748	10.254	6.7714	10.826	34.468	20.26	29.878	46.011	-57.101	56.383	-23.837	-116.83	48.083	-8.4395	-140.65	14.853
292.02	0.76022	21.751	5.6903	6.6651	10.045	29.951	20.177	28.882	41.843	-56.732	55.924	-27.448	-117.13	47.637	-11.769	-140.91	14.413
292.02	0.75587	21.76	1.3709	6.5957	9.2491	25.772	20.038	28.08	37.846	-56.374	55.533	-30.91	-117.38	47.16	-14.899	-141.18	14.081
292.02	0.75851	21.751	-2.724	6.4857	8.4669	21.735	19.902	27.247	34.022	-56.091	55.142	-34.245	-117.62	46.653	-17.827	-141.48	13.673
292.03	0.75159	21.75	-6.6183	6.3801	7.6956	17.932	19.793	26.32	30.416	-55.78	54.752	-37.437	-117.86	46.137	-20.733	-141.76	13.302
292.03	0.75175	21.75	-10.281	6.2816	6.9452	14.416	19.666	25.527	26.956	-55.543	54.352	-40.454	-118.08	45.614	-23.521	-142.01	12.864
292.03	0.75129	21.75	-13.718	6.1594	6.1773	11.051	19.528	24.761	23.707	-55.336	53.895	-43.255	-118.25	45.111	-26.093	-142.26	12.435
292.03	0.74957	21.747	-16.918	6.0325	5.4164	7.9304	19.389	23.918	20.662	-55.177	53.438	-45.965	-118.46	44.54	-28.442	-142.46	12.044
292.03	0.75129	21.75	-19.919	5.9539	4.7432	5.0628	19.281	23.17	17.87	-54.989	52.996	-48.464	-118.67	43.996	-30.692	-142.66	11.522
292.03	0.75147	21.752	-22.656	5.8612	4.0754	2.324	19.138	22.377	15.238	-54.861	52.495	-50.773	-118.84	43.417	-32.846	-142.9	10.987
292.04	0.74659	21.754	-25.178	5.7611	3.3705	-0.1148	18.966	21.676	12.825	-54.765	51.98	-52.903	-119	42.905	-34.724	-143.07	10.67
292.03	0.74327	21.747	-27.44	5.6123	2.6144	-2.3095	18.86	20.909	10.653	-54.7	51.478	-54.921	-119.17	42.328	-36.601	-143.26	10.082
292.03	0.73982	21.742	-29.533	5.4534	1.8624	-4.2968	18.657	20.133	8.6588	-54.679	50.929	-56.73	-119.31	41.749	-38.265	-143.45	9.619
292.04	0.74643	21.753	-31.301	5.3765	1.2867	-6.0531	18.504	19.421	6.8028	-54.655	50.411	-58.409	-119.45	41.136	-39.747	-143.63	9.094
292.03	0.74172	21.746	-32.898	5.2798	0.65099	-7.5725	18.351	18.56	5.1491	-54.664	49.863	-59.937	-119.57	40.509	-41.141	-143.83	8.556
292.04	0.74734	21.755	-34.268	5.1537	-0.090051	-8.8747	18.239	17.671	3.6598	-54.73	49.31	-61.36	-119.69	39.843	-42.396	-144.04	8.0297
292.03	0.74043	21.743	-35.364	5.028	-0.84077	-9.9523	17.984	16.949	2.3339	-54.777	48.753	-62.617	-119.78	39.17	-43.53	-144.2	7.3805
292.03	0.74194	21.746	-36.291	4.8172	-1.791	-10.843	17.822	15.986	1.1323	-54.86	48.172	-63.765	-119.86	38.409	-44.446	-144.44	6.796
292.02	0.74899	21.747	-36.949	4.7132	-2.5133	-11.464	17.657	14.984	0.09531	-54.979	47.571	-64.797	-119.93	37.65	-45.337	-144.55	6.164
292.02	0.74883	21.746	-37.145	2.6318	-8.3465	-11.944	17.369	14.091	-0.85468	-55.07	46.978	-65.73	-119.97	36.86	-46.041	-144.74	5.5087
292.03	0.75176	21.75	-37.508	2.3624	-9.4248	-12.156	17.119	13.164	-1.6674	-55.186	46.415	-66.535	-120	36	-46.734	-144.83	4.7854
292.03	0.74928	21.747	-37.628	2.0981	-10.562	-12.239	16.841	11.996	-2.4249	-55.319	45.885	-67.268	-119.99	35.226	-47.302	-145.03	4.1337
292.03	0.74958	21.747	-37.615	1.7838	-11.691	-12.186	16.582	11.1	-3.0631	-55.506	45.402	-67.922	-119.97	34.349	-47.727	-145.18	3.5561
292.02	0.74779	21.745	-37.49	1.5216	-12.649	-12.057	16.267	10.004	-3.5746	-55.695	45.009	-68.531	-119.94	33.569	-48.062	-145.29	2.8794
292.03	0.75176	21.75	-37.299	1.2866	-13.47	-11.856	16.04	9.3074	-4.0698	-55.907	44.583	-69.055	-119.89	32.717	-48.39	-145.42	2.3355
292.02	0.75662	21.747	-37.154	1.296	-13.811	-11.814	15.918	9.0971	-4.4568	-56.147	44.246	-69.451	-119.87	31.924	-48.61	-145.51	1.6878
292.02	0.74385	21.75	-37.126	1.329	-13.849	-11.751	15.932	9.1093	-4.7367	-56.478	44.015	-69.787	-119.89	31.209	-48.854	-145.58	1.111
292.02	0.74297	21.753	-37.151	1.2075	-13.791	-11.582	15.914	9.1641	-4.977	-56.847	43.816	-70.033	-119.93	30.558	-48.931	-145.63	0.53006
292.03	0.73736	21.741	-37.028	1.1466	-13.793	-11.429	15.895	9.1237	-5.1641	-57.151	43.745	-70.19	-120	30.03	-49.004	-145.65	0.035749
292.02	0.73916	21.747	-36.933	1.1137	-13.82	-11.289	15.856	9.1791	-5.3454	-57.358	43.728	-70.294	-120.1	29.621	-49.014	-145.69	-0.38653
292.02	0.739	21.747	-36.887	1.0911	-13.809	-11.217	15.851	9.1973	-5.5222	-57.458	43.712	-70.399	-120.16	29.349	-49.103	-145.76	-0.73299
292.03	0.73704	21.74	-36.912	1.0638	-13.868	-11.203	15.841	9.216	-5.7108	-57.49	43.683	-70.53	-120.12	29.18	-49.186	-145.78	-0.80271
292.03	0.73471	21.751	-36.981	1.0528	-13.875	-11.247	15.838	9.2054	-5.8673	-57.481	43.718	-70.677	-120.07	29.049	-49.244	-145.77	-0.76524
292.02	0.73239	21.747	-37.079	1.0443	-13.918	-11.315	15.84	9.1665	-5.9996	-57.44	43.765	-70.783	-120.03	28.973	-49.307	-145.76	-0.74825
292.03	0.73999	21.746	-37.035	1.1551	-13.992	-11.422	15.836	9.0995	-6.1277	-57.334	43.83	-70.836	-120.03	28.93	-49.358	-145.74	-0.73465
292.03	0.73871	21.743	-37.146	1.1753	-14.016	-11.525	15.892	8.9864	-6.2889	-57.201	43.873	-70.871	-119.99	28.889	-49.374	-145.7	-0.72039
292.03	0.74307	21.734	-37.245	1.2147	-14.091	-11.589	15.948	8.9672	-6.4514	-57.078	43.878	-70.922	-119.93	28.819	-49.392	-145.67	-0.72726
292.03	0.74981	21.734	-37.355	1.26	-14.14	-11.646	15.982	9.1214	-6.5965	-56.977	43.877	-70.993	-119.85	28.734	-49.42	-145.64	-0.74514
292.03	0.74997	21.734	-37.454	1.3273	-14.207	-11.735	16.077	8.9822	-6.7047	-56.86	43.843	-71.059	-119.78	28.612	-49.433	-145.6	-0.78116
292.03	0.75433	21.739	-37.561	1.3816	-14.264	-11.803	16.12	8.9654	-6.8061	-56.716	43.824	-71.1	-119.73	28.512	-49.528	-145.49	-0.83442
292.03	0.76393	21.744	-37.642	1.4304	-14.283	-11.866	16.158	8.9181	-6.8922	-56.593	43.799	-71.136	-119.68	28.406	-49.531	-145.56	-0.91115
292.03	0.7664	21.747	-37.672	1.4851	-14.319	-11.912	16.201	8.9001	-6.9673	-56.511	43.77	-71.169	-119.64	28.321	-49.485	-145.53	-0.91352
292.03	0.76876	21.736	-37.716	1.5095	-14.349	-11.95	16.223	8.8748	-7.0436	-56.456	43.727	-71.216	-119.6	28.253	-49.503	-145.52	-0.93701
292.03	0.77828	21.74	-37.734	1.5399	-14.353	-11.975	16.236	8.8539	-7.074	-56.414	43.714	-71.271	-119.56	28.185	-49.52	-145.52	-0.94434
292.02	0.78494	21.739	-37.761	1.5339	-14.379	-12.008	16.295	8.7138	-7.1055	-56.373	43.676	-71.311	-119.54	28.141	-49.527	-145.53	-0.97105
292.02	0.78539	21.74	-37.782	1.5371	-14.375	-12.032	16.296	8.6866	-7.1	-56.36	43.628	-71.322	-119.55	28.137	-49.538	-145.55	-0.98656
292.02	0.78253	21.735	-37.785	1.5286	-14.387	-12.047	16.286	8.6869	-7.0602	-56.352	43.582	-71.31	-119.56	28.092	-49.546	-145.58	-1.01
292.02	0.77564	21.735	-37.815	1.5069	-14.399	-12.049	16.269	8.6906	-7.0298	-56.349	43.487	-71.278	-119.61	28.069	-49.545	-145.61	-1.0434
292.02	0.77024	21.741	-37.823	1.4699	-14.402	-12.046	16.254	8.6996	-6.9673	-56.366	43.397	-71.229	-119.65	28.057	-49.522	-145.67	-1.0869
292.02	0.77654	21.736	-37.833	1.4317	-14.405	-12.036	16.178	8.8588	-6.8733	-56.395	43.316	-71.166	-119.7	28.026	-49.505	-145.7	-1.1232
292.02	0.77008	21.743	-37.843	1.3985	-14.394	-12.042	16.145	8.8661	-6.7704	-56.439	43.204	-71.106	-119.75	28.028	-49.493	-145.74	-1.1934
292.02	0.76273	21.742	-37.836	1.3341	-14.399	-12.045	16.101	8.867	-6.6479	-56.509	43.106	-71.033	-119.8	28.018	-49.517	-145.8	-1.2593
292.02	0.75632	21.746	-37.826	1.2778	-14.373	-12.044	16.059	8.8734	-6.5299	-56.593	43.037	-70.921	-119.89	28.019	-49.422	-145.82	-1.2897
292.03	0.7513	21.75	-37.827	1.2299	-14.36	-12.043	16.027	8.886	-6.379	-56.658	42.968	-70.791	-119.97	28.014	-49.399	-145.87	-1.3628
292.02	0.74151	21.738	-37.831	1.1735	-14.36	-12.035	15.977	8.8903	-6.2315	-56.701	42.852	-70.654	-120.06	28.027	-49.378	-145.94	-1.4525
292.02	0.74209	21.739	-37.832	1.1189	-14.341	-12.046	15.94	8.8933	-6.0806	-56.743	42.751	-70.503	-120.15	28.04	-49.307	-146	-1.5568
292.02	0.73165	21.746	-37.823	1.0614	-14.315	-12.05	15.907	8.9148	-5.9156	-56.822	42.644	-70.359	-120.23	28.054	-49.246	-146.04	-1.713
292.02	0.7324	21.747	-37.837	1.0129	-14.309	-12.06	15.859	8.8972	-5.7596	-56.893	42.534	-70.208	-120.31	28.045	-49.223	-146.05	-1.8274
292.03	0.73471	21.736	-37.842	0.94376	-14.315	-12.047	15.824	8.9263	-5.6177	-56.964	42.454	-70.03	-120.41	28.043	-49.024	-146.2	-1.8634
292.02	0.73285	21.748	-37.83	0.89492	-14.296	-12.057	15.78	8.9076	-5.4901	-57.007	42.369	-69.857	-120.51	28.052	-48.932	-146.26	-1.9344
292.02	0.73211	21.747	-37.84	0.85095	-14.311	-12.061	15.747	8.9291	-5.3406	-57.022	42.296	-69.695	-120.6	28.042	-48.84	-146.29	-2.0071
292.02	0.74434	21.742	-37.827	0.8102	-14.299	-12.035	15.689	9.0353	-5.1743	-57.054	42.243	-69.554	-120.67	28.035	-48.748	-146.33	-2.0662
292.02	0.74418	21.742	-37.821	0.78507	-14.27	-12.024	15.655	9.0359	-5.048	-57.104	42.142	-69.386	-120.74	28.024	-48.714	-146.37	-2.154
292.02	0.7471	21.743	-37.819	0.74655	-14.285	-12.019	15.631	9.0517	-4.9403	-57.156	42.058	-69.25	-120.8	28.003	-48.611	-146.39	-2.1935
292.02	0.75554	21.733	-37.802	0.72753	-14.275	-12.01	15.612	9.0575	-4.8243	-57.178	41.992	-69.11	-120.85	27.991	-48.663	-146.27	-2.3277
