138.62	-1.4207	20.193	-33.591	-2.3146	-13.805	-7.6389	1.9224	-18.519	-3.0833	-61.772	41.249	-69.738	-122.38	27.69	-49.89	-148.03	-3.0619
138.62	-1.4203	20.197	-33.592	-2.3258	-13.812	-7.641	1.9196	-18.522	-3.0941	-61.766	41.246	-69.737	-122.38	27.689	-49.894	-148.03	-3.0683
138.61	-1.422	20.192	-33.59	-2.3137	-13.803	-7.6348	1.9262	-18.513	-3.0903	-61.777	41.255	-69.733	-122.39	27.674	-49.884	-148.04	-3.0639
138.62	-1.4279	20.194	-33.587	-2.3244	-13.808	-7.642	1.9195	-18.521	-3.0945	-61.767	41.259	-69.744	-122.38	27.671	-49.891	-148.04	-3.0703
138.62	-1.4223	20.193	-33.59	-2.3273	-13.811	-7.6421	1.9187	-18.526	-3.0972	-61.769	41.242	-69.727	-122.39	27.678	-49.882	-148.05	-3.0714
138.62	-1.4301	20.191	-33.588	-2.3251	-13.809	-7.6412	1.9231	-18.52	-3.0871	-61.763	41.266	-69.73	-122.39	27.672	-49.876	-148.05	-3.0786
138.62	-1.4288	20.193	-33.592	-2.3282	-13.814	-7.6338	1.9263	-18.514	-3.0929	-61.767	41.248	-69.721	-122.39	27.662	-49.874	-148.05	-3.0653
138.63	-1.4257	20.197	-33.594	-2.3317	-13.801	-7.6338	1.9263	-18.514	-3.0883	-61.776	41.245	-69.722	-122.4	27.674	-49.868	-148.06	-3.0665
138.62	-1.4202	20.195	-33.595	-2.3305	-13.815	-7.6421	1.9187	-18.526	-3.0833	-61.772	41.249	-69.711	-122.4	27.676	-49.859	-148.05	-3.0757
138.62	-1.4182	20.2	-33.592	-2.3273	-13.812	-7.6421	1.9187	-18.526	-3.0765	-61.779	41.248	-69.706	-122.4	27.667	-49.852	-148.06	-3.0744
138.62	-1.4181	20.2	-33.591	-2.3274	-13.81	-7.6379	1.9225	-18.52	-3.0807	-61.769	41.237	-69.696	-122.4	27.667	-49.854	-148.05	-3.0733
138.62	-1.4224	20.194	-33.586	-2.3408	-13.802	-7.6379	1.9225	-18.52	-3.0663	-61.772	41.242	-69.686	-122.41	27.669	-49.834	-148.05	-3.0788
138.62	-1.428	20.194	-33.587	-2.3269	-13.808	-7.6399	1.9223	-18.519	-3.0585	-61.767	41.235	-69.68	-122.41	27.661	-49.841	-148.05	-3.0684
138.62	-1.4288	20.193	-33.578	-2.3205	-13.801	-7.6339	1.9254	-18.518	-3.0574	-61.766	41.236	-69.673	-122.4	27.666	-49.836	-148.05	-3.0814
138.62	-1.4161	20.203	-33.582	-2.3227	-13.804	-7.6418	1.9313	-18.518	-3.0412	-61.768	41.244	-69.671	-122.41	27.661	-49.833	-148.05	-3.0766
138.62	-1.42	20.195	-33.587	-2.3241	-13.808	-7.6387	1.9343	-18.515	-3.0491	-61.771	41.225	-69.656	-122.41	27.674	-49.82	-148.05	-3.0763
138.62	-1.4202	20.196	-33.588	-2.3251	-13.809	-7.6349	1.9396	-18.522	-3.0426	-61.769	41.228	-69.661	-122.41	27.67	-49.838	-148.05	-3.0935
138.61	-1.4233	20.191	-33.588	-2.3251	-13.809	-7.6474	1.9326	-18.535	-3.0532	-61.762	41.226	-69.658	-122.41	27.672	-49.83	-148.04	-3.0898
138.62	-1.4181	20.199	-33.587	-2.3242	-13.808	-7.6421	1.9328	-18.531	-3.0457	-61.767	41.227	-69.665	-122.41	27.667	-49.836	-148.06	-3.0979
138.62	-1.4189	20.197	-33.588	-2.3251	-13.809	-7.6474	1.9326	-18.535	-3.056	-61.763	41.226	-69.672	-122.42	27.661	-49.829	-148.04	-3.0875
138.62	-1.4202	20.195	-33.587	-2.3242	-13.808	-7.6423	1.9364	-18.529	-3.0494	-61.759	41.244	-69.678	-122.41	27.663	-49.837	-148.05	-3.0815
138.62	-1.4153	20.189	-33.592	-2.3147	-13.804	-7.6443	1.9355	-18.532	-3.0603	-61.766	41.235	-69.669	-122.41	27.662	-49.845	-148.05	-3.0864
138.62	-1.4181	20.199	-33.587	-2.3241	-13.808	-7.6365	1.9379	-18.508	-3.0615	-61.766	41.235	-69.682	-122.41	27.66	-49.845	-148.05	-3.0864
138.62	-1.42	20.196	-33.596	-2.3265	-13.829	-7.6523	1.9414	-18.532	-3.0648	-61.756	41.238	-69.685	-122.41	27.658	-49.849	-148.06	-3.0893
138.62	-1.4279	20.195	-33.593	-2.3267	-13.814	-7.6378	1.9387	-18.51	-3.0682	-61.76	41.233	-69.691	-122.41	27.652	-49.854	-148.07	-3.0833
138.62	-1.4202	20.196	-33.598	-2.3299	-13.818	-7.644	1.9348	-18.515	-3.0723	-61.76	41.232	-69.691	-122.42	27.665	-49.853	-148.06	-3.0785
138.61	-1.4222	20.192	-33.589	-2.3275	-13.798	-7.6387	1.9343	-18.515	-3.0808	-61.767	41.225	-69.701	-122.42	27.657	-49.86	-148.07	-3.1012
138.62	-1.4223	20.193	-33.597	-2.3299	-13.817	-7.643	1.9349	-18.515	-3.0661	-61.769	41.243	-69.697	-122.42	27.647	-49.858	-148.07	-3.0976
138.62	-1.4179	20.199	-33.598	-2.3435	-13.826	-7.643	1.9349	-18.515	-3.0607	-61.766	41.234	-69.703	-122.42	27.643	-49.86	-148.07	-3.0979
138.62	-1.4301	20.191	-33.592	-2.3273	-13.812	-7.6307	1.9292	-18.511	-3.0637	-61.769	41.233	-69.695	-122.42	27.648	-49.862	-148.07	-3.1046
138.62	-1.4316	20.192	-33.594	-2.3295	-13.814	-7.6307	1.9292	-18.511	-3.0622	-61.768	41.233	-69.689	-122.43	27.646	-49.864	-148.07	-3.1
138.62	-1.431	20.192	-33.596	-2.3314	-13.816	-7.6346	1.9381	-18.509	-3.0603	-61.766	41.235	-69.69	-122.43	27.647	-49.855	-148.06	-3.0995
138.63	-1.426	20.199	-33.596	-2.3328	-13.802	-7.6413	1.9223	-18.524	-3.0683	-61.773	41.227	-69.688	-122.43	27.647	-49.856	-148.08	-3.1041
138.63	-1.426	20.198	-33.592	-2.3283	-13.812	-7.6304	1.9419	-18.503	-3.0619	-61.767	41.233	-69.692	-122.43	27.643	-49.859	-148.08	-3.1111
138.62	-1.4205	20.197	-33.594	-2.3304	-13.815	-7.639	1.9358	-18.529	-3.0574	-61.766	41.236	-69.684	-122.42	27.636	-49.863	-148.09	-3.1151
138.62	-1.4211	20.195	-33.599	-2.3336	-13.819	-7.6359	1.9395	-18.522	-3.052	-61.762	41.241	-69.68	-122.43	27.633	-49.85	-148.08	-3.101
138.62	-1.4204	20.195	-33.596	-2.3287	-13.817	-7.6316	1.9389	-18.522	-3.059	-61.766	41.237	-69.68	-122.43	27.634	-49.869	-148.09	-3.1176
138.62	-1.4179	20.199	-33.599	-2.3336	-13.819	-7.6346	1.9381	-18.509	-3.052	-61.762	41.241	-69.68	-122.43	27.633	-49.871	-148.08	-3.1156
138.63	-1.4159	20.203	-33.598	-2.3321	-13.806	-7.6399	1.9378	-18.513	-3.0625	-61.768	41.231	-69.686	-122.43	27.635	-49.878	-148.08	-3.1223
138.63	-1.4159	20.203	-33.596	-2.3191	-13.809	-7.6317	1.9433	-18.516	-3.0569	-61.762	41.238	-69.689	-122.43	27.632	-49.857	-148.08	-3.1046
138.62	-1.4187	20.198	-33.598	-2.3299	-13.818	-7.6413	1.9365	-18.53	-3.0633	-61.768	41.232	-69.684	-122.42	27.636	-49.87	-148.09	-3.1183
138.62	-1.4104	20.202	-33.598	-2.3311	-13.804	-7.6357	1.9513	-18.518	-3.066	-61.757	41.237	-69.699	-122.42	27.63	-49.878	-148.08	-3.1178
138.62	-1.4178	20.197	-33.601	-2.332	-13.819	-7.6308	1.9425	-18.521	-3.0793	-61.764	41.213	-69.705	-122.42	27.626	-49.875	-148.08	-3.1285
138.62	-1.4187	20.197	-33.597	-2.3172	-13.811	-7.6409	1.9519	-18.518	-3.07	-61.759	41.233	-69.705	-122.42	27.626	-49.887	-148.08	-3.1231
138.62	-1.4174	20.185	-33.606	-2.3236	-13.817	-7.6357	1.9513	-18.518	-3.0799	-61.754	41.231	-69.709	-122.42	27.623	-49.887	-148.09	-3.1244
138.62	-1.4174	20.185	-33.604	-2.3214	-13.816	-7.6513	1.9415	-18.533	-3.0822	-61.755	41.229	-69.718	-122.42	27.622	-49.886	-148.09	-3.1237
138.62	-1.4155	20.2	-33.607	-2.3246	-13.819	-7.6482	1.9444	-18.53	-3.0869	-61.758	41.237	-69.721	-122.42	27.619	-49.894	-148.1	-3.1173
138.62	-1.4181	20.199	-33.603	-2.3341	-13.822	-7.6367	1.9513	-18.518	-3.0889	-61.759	41.237	-69.721	-122.42	27.619	-49.896	-148.08	-3.1245
138.62	-1.428	20.193	-33.614	-2.3396	-13.832	-7.6441	1.9482	-18.524	-3.0839	-61.756	41.241	-69.727	-122.42	27.615	-49.907	-148.09	-3.1325
138.62	-1.4277	20.192	-33.616	-2.343	-13.822	-7.6359	1.9387	-18.526	-3.0964	-61.763	41.231	-69.717	-122.43	27.617	-49.903	-148.1	-3.1242
138.62	-1.42	20.195	-33.609	-2.3379	-13.814	-7.6413	1.9365	-18.53	-3.0878	-61.758	41.238	-69.73	-122.43	27.613	-49.906	-148.1	-3.1405
138.62	-1.4275	20.181	-33.603	-2.334	-13.822	-7.6433	1.9364	-18.529	-3.0975	-61.765	41.23	-69.73	-122.43	27.613	-49.903	-148.1	-3.1254
138.62	-1.4333	20.188	-33.609	-2.3404	-13.816	-7.6381	1.9402	-18.523	-3.0889	-61.759	41.237	-69.727	-122.44	27.608	-49.898	-148.11	-3.1283
138.62	-1.4303	20.191	-33.612	-2.3427	-13.817	-7.6461	1.9311	-18.522	-3.0966	-61.766	41.23	-69.726	-122.44	27.607	-49.912	-148.11	-3.1315
138.62	-1.428	20.195	-33.612	-2.3427	-13.817	-7.6349	1.9396	-18.522	-3.0987	-61.779	41.221	-69.73	-122.44	27.606	-49.911	-148.12	-3.1392
138.62	-1.42	20.195	-33.61	-2.3417	-13.816	-7.6307	1.9292	-18.511	-3.0908	-61.774	41.228	-69.73	-122.44	27.605	-49.91	-148.11	-3.1302
138.62	-1.4278	20.194	-33.606	-2.3511	-13.819	-7.6382	1.9394	-18.527	-3.0908	-61.761	41.222	-69.729	-122.44	27.605	-49.92	-148.11	-3.1522
138.62	-1.4206	20.21	-33.605	-2.3385	-13.811	-7.639	1.9358	-18.529	-3.102	-61.769	41.224	-69.733	-122.44	27.602	-49.925	-148.1	-3.138
138.62	-1.4302	20.191	-33.621	-2.3474	-13.824	-7.6356	1.9372	-18.513	-3.0999	-61.765	41.214	-69.743	-122.43	27.603	-49.923	-148.11	-3.1409
138.63	-1.4259	20.197	-33.606	-2.3386	-13.811	-7.6359	1.9395	-18.522	-3.104	-61.77	41.224	-69.748	-122.44	27.598	-49.934	-148.11	-3.1423
138.62	-1.4278	20.194	-33.62	-2.3462	-13.824	-7.6434	1.9355	-18.533	-3.1102	-61.761	41.238	-69.756	-122.43	27.596	-49.93	-148.11	-3.1401
138.62	-1.4202	20.196	-33.62	-2.3462	-13.824	-7.6339	1.9396	-18.523	-3.1172	-61.765	41.219	-69.756	-122.43	27.599	-49.941	-148.11	-3.147
138.62	-1.4181	20.199	-33.619	-2.3452	-13.823	-7.6267	1.9463	-18.515	-3.1164	-61.765	41.233	-69.763	-122.42	27.598	-49.945	-148.11	-3.1371
138.62	-1.4185	20.201	-33.62	-2.3462	-13.824	-7.6377	1.9512	-18.517	-3.127	-61.785	41.218	-69.77	-122.42	27.593	-49.952	-148.11	-3.1356
138.62	-1.4183	20.199	-33.62	-2.3462	-13.824	-7.6357	1.9513	-18.518	-3.1313	-61.793	41.227	-69.774	-122.41	27.598	-49.96	-148.11	-3.1383
138.62	-1.4181	20.199	-33.62	-2.3475	-13.81	-7.6399	1.952	-18.518	-3.1316	-61.808	41.232	-69.783	-122.42	27.591	-49.975	-148.11	-3.1337
138.62	-1.4177	20.199	-33.611	-2.3429	-13.816	-7.6441	1.9482	-18.524	-3.1343	-61.837	41.218	-69.78	-122.41	27.595	-49.987	-148.1	-3.1345
138.62	-1.4179	20.199	-33.604	-2.353	-13.816	-7.6318	1.9721	-18.52	-3.1317	-61.893	41.216	-69.779	-122.4	27.614	-49.997	-148.09	-3.1192
138.62	-1.4181	20.199	-33.575	-2.3667	-13.791	-7.6122	2.0294	-18.519	-3.1213	-61.985	41.187	-69.769	-122.39	27.611	-50.012	-148.11	-3.0425
138.62	-1.4176	20.186	-33.535	-2.3911	-13.764	-7.5778	2.0852	-18.513	-3.0882	-62.104	41.172	-69.746	-122.4	27.661	-50.004	-148.12	-2.9694
138.62	-1.4179	20.199	-33.485	-2.4264	-13.707	-7.5873	2.2296	-18.529	-3.0246	-62.255	41.155	-69.726	-122.4	27.7	-50	-148.15	-2.9383
138.62	-1.4179	20.199	-33.376	-2.5109	-13.614	-7.6464	2.4727	-18.553	-2.957	-62.415	41.138	-69.691	-122.42	27.811	-50.009	-148.16	-2.8473
138.62	-1.4159	20.204	-33.157	-2.7141	-13.182	-7.5505	2.8232	-18.362	-2.8362	-62.622	41.156	-69.66	-122.45	27.9	-50.008	-148.19	-2.8028
138.62	-1.4181	20.199	-32.912	-2.7855	-12.796	-7.2845	3.1534	-17.928	-2.6164	-62.95	41.227	-69.589	-122.52	28.019	-49.999	-148.23	-2.7485
138.62	-1.4333	20.204	-32.673	-2.8138	-11.984	-6.7091	3.5101	-16.992	-2.3719	-63.369	41.398	-69.519	-122.59	28.093	-49.984	-148.27	-2.7123
138.63	-1.429	20.21	-32.283	-2.8099	-10.709	-5.6879	3.7018	-15.624	-2.0161	-64.045	41.689	-69.431	-122.71	28.149	-49.957	-148.34	-2.6932
138.62	-1.4282	20.197	-31.927	-2.8645	-9.1444	-4.2336	3.9357	-13.928	-1.5406	-64.97	42.21	-69.252	-122.92	28.273	-49.887	-148.43	-2.7466
138.62	-1.4293	20.207	-31.454	-2.654	-7.0346	-2.1049	4.1114	-11.778	-1.0188	-66.024	42.854	-69.023	-123.21	28.408	-49.758	-148.64	-2.8182
138.62	-1.4317	20.205	-31.13	-2.663	-4.9833	0.76425	4.3064	-9.3809	-0.43462	-67.277	43.575	-68.632	-123.63	28.631	-49.613	-148.8	-2.9039
138.63	-1.426	20.199	-30.626	-2.7333	-2.8128	3.8781	4.3499	-6.9134	0.22794	-68.585	44.353	-68.141	-124.11	28.912	-49.442	-148.78	-3.0001
138.63	-1.4237	20.201	-30.053	-2.9542	-0.75304	6.9383	4.1914	-4.4486	0.93509	-69.91	45.036	-67.547	-124.63	29.148	-49.007	-149.3	-3.0423
138.63	-1.4236	20.202	-29.313	-3.1296	1.096	9.9882	3.7842	-2.2151	1.7757	-71.224	45.704	-66.846	-125.17	29.403	-48.528	-149.59	-3.1669
138.64	-1.4319	20.203	-28.355	-3.4958	3.0637	13.228	3.1951	-0.12671	2.6946	-72.52	46.342	-66.079	-125.72	29.694	-48.19	-149.75	-3.2351
138.64	-1.4318	20.215	-27.196	-3.8944	4.813	16.626	2.3995	1.7683	3.7767	-73.809	46.966	-65.2	-126.28	30.042	-47.413	-150.29	-3.2258
138.64	-1.4344	20.214	-25.728	-4.3136	6.5039	20.202	1.3443	3.4133	5.0228	-75.144	47.592	-64.196	-126.82	30.409	-46.809	-150.52	-3.3271
138.64	-1.4298	20.207	-24.107	-4.776	8.032	24.44	0.30169	5.5068	6.77	-76.31	48.551	-63.13	-127.33	30.766	-45.911	-150.97	-2.9639
138.64	-1.4425	20.214	-22.245	-5.3022	9.488	28.543	-1.2755	7.0182	8.2905	-77.733	49.165	-62.1	-127.68	31.088	-45.028	-151.35	-2.4705
138.64	-1.4448	20.21	-20.102	-5.9918	10.939	32.512	-3.2983	8.1863	9.9247	-79.214	49.827	-61.033	-127.89	31.433	-43.87	-151.75	-1.9403
138.64	-1.4449	20.212	-17.728	-6.7198	12.078	37.493	-5.0507	10.188	11.709	-80.728	50.397	-59.757	-128.18	31.798	-42.45	-152.42	-1.6471
138.64	-1.4449	20.212	-15.092	-7.5434	13.155	42.122	-7.1538	11.955	13.616	-82.375	51.1	-58.158	-128.68	32.153	-40.956	-153.02	-1.4733
138.64	-1.4493	20.206	-12.27	-8.4374	14.201	46.783	-9.3647	13.682	15.706	-84.056	51.638	-56.304	-129.32	32.591	-39.546	-153.5	-1.1967
138.63	-1.4537	20.2	-9.3515	-9.3433	15.133	51.292	-11.656	15.375	17.955	-85.767	52.23	-54.356	-129.89	33.077	-38.076	-153.94	-0.8523
138.63	-1.4561	20.21	-6.2246	-10.402	16.313	55.384	-14.18	16.653	20.309	-87.516	52.842	-52.379	-130.37	33.578	-36.25	-154.69	-0.42446
138.63	-1.454	20.213	-3.0175	-11.316	17.295	60.272	-16.364	18.466	22.816	-89.237	53.321	-50.358	-130.82	34.122	-34.489	-155.2	-0.050604
138.63	-1.4536	20.213	0.25858	-12.339	18.479	64.731	-18.761	19.758	25.458	-90.933	53.746	-48.207	-131.37	34.67	-32.604	-155.74	0.42222
138.63	-1.454	20.213	3.6431	-13.27	19.545	69.161	-21.192	20.877	28.208	-92.624	54.155	-45.896	-131.96	35.325	-30.696	-156.28	0.8684
138.63	-1.4546	20.208	7.0913	-14.294	20.647	73.222	-23.782	21.537	31.084	-94.259	54.462	-43.459	-132.5	35.981	-28.729	-156.78	1.3894
138.63	-1.4425	20.218	10.605	-15.282	21.652	78.029	-25.984	22.655	34.028	-95.822	54.871	-40.918	-132.97	36.606	-26.562	-157.16	2.0124
138.63	-1.4393	20.209	14.156	-16.237	22.496	81.998	-28.47	23.013	37.049	-97.288	55.089	-38.385	-133.4	37.305	-24.402	-157.59	2.5361
138.62	-1.4437	20.215	17.73	-17.112	23.132	86.373	-30.698	23.618	40.123	-98.68	55.346	-35.728	-133.82	37.975	-22.287	-157.92	3.1885
138.63	-1.4385	20.206	21.291	-18.034	23.788	90.706	-32.835	24.054	43.233	-99.987	55.515	-33.012	-134.19	38.63	-20.061	-158.12	3.5642
138.62	-1.4342	20.205	24.855	-18.845	24.342	94.939	-34.876	24.285	46.399	-101.19	55.623	-30.222	-134.53	39.211	-17.65	-158.43	4.2229
138.63	-1.441	20.203	28.334	-19.531	24.685	99.166	-36.729	24.359	49.588	-102.23	55.691	-27.354	-134.79	39.829	-14.956	-158.97	4.7796
138.63	-1.4274	20.212	31.707	-20.183	25	103.73	-38.214	24.713	52.76	-103.11	55.641	-24.474	-135.04	40.397	-12.432	-159.19	5.3198
138.63	-1.4288	20.21	34.956	-20.732	25.213	107.74	-39.697	24.503	55.961	-103.86	55.651	-21.579	-135.23	40.909	-10	-159.33	5.8778
138.63	-1.4288	20.21	38.09	-21.13	25.244	111.63	-40.972	24.159	59.109	-104.39	55.543	-18.644	-135.33	41.378	-7.5063	-159.42	6.3031
138.62	-1.4309	20.208	41.053	-21.444	25.136	115.46	-42.094	23.767	62.223	-104.72	55.414	-15.746	-135.4	41.79	-4.6655	-159.91	6.7959
138.63	-1.441	20.203	43.921	-21.704	24.972	118.75	-43.119	22.947	65.278	-104.94	55.308	-12.86	-135.39	42.159	-2.0749	-159.95	7.3079
138.63	-1.4387	20.207	46.646	-21.789	24.488	122.79	-43.657	22.752	68.301	-104.98	55.116	-9.9979	-135.32	42.459	0.43863	-159.84	7.7614
138.63	-1.4378	20.209	49.315	-21.864	23.968	125.89	-44.395	21.736	71.245	-104.89	54.855	-7.1731	-135.17	42.771	2.9906	-159.92	8.1328
138.63	-1.4422	20.203	51.932	-21.878	23.477	129.66	-44.581	21.386	74.215	-104.71	54.616	-4.401	-135.01	43.004	5.552	-159.95	8.4809
138.63	-1.449	20.204	54.435	-21.801	22.821	132.9	-44.853	20.491	77.112	-104.46	54.307	-1.6513	-134.78	43.244	8.1081	-159.87	8.8489
138.64	-1.4488	20.204	56.921	-21.627	22.126	135.55	-45.048	19.09	79.953	-104.1	53.909	1.0552	-134.49	43.471	10.563	-159.77	9.1654
138.64	-1.459	20.202	59.305	-21.411	21.546	138.42	-44.937	17.955	82.787	-103.65	53.457	3.686	-134.2	43.691	13.144	-159.74	9.4993
138.64	-1.4519	20.217	61.597	-21.103	20.828	141.44	-44.568	17.082	85.54	-103.14	53.026	6.2638	-133.85	43.856	15.561	-159.61	9.7245
138.63	-1.449	20.204	63.814	-20.703	20.186	143.92	-44.143	15.846	88.225	-102.54	52.57	8.7891	-133.46	44.045	17.787	-159.15	10.023
138.64	-1.4468	20.209	65.943	-20.271	19.61	146.19	-43.562	14.649	90.819	-101.86	52.102	11.234	-133.03	44.192	20.131	-158.96	10.186
138.64	-1.4493	20.206	67.961	-19.778	19.038	148.26	-42.809	13.464	93.37	-101.13	51.643	13.639	-132.56	44.279	22.292	-158.41	10.392
138.65	-1.4545	20.207	69.843	-19.134	18.278	150.25	-41.824	12.386	95.786	-100.3	51.172	15.959	-132.02	44.342	24.364	-157.83	10.473
138.64	-1.4447	20.212	71.633	-18.544	17.602	151.94	-40.816	11.101	98.138	-99.351	50.758	18.254	-131.45	44.382	26.692	-157.59	10.648
138.64	-1.444	20.213	73.341	-17.872	16.924	153.52	-39.604	9.9946	100.36	-98.333	50.314	20.425	-130.81	44.313	28.667	-157.05	10.712
138.63	-1.4421	20.204	74.991	-17.115	16.071	154.94	-38.264	8.8447	102.48	-97.241	49.954	22.515	-130.1	44.308	30.612	-156.26	10.636
138.64	-1.4366	20.212	76.55	-16.322	15.214	156.27	-36.785	7.7519	104.54	-96.044	49.573	24.516	-129.31	44.167	32.676	-155.76	10.807
138.64	-1.4366	20.212	78.064	-15.541	14.338	138.63	-1.4388	20.208	106.45	-94.783	49.222	26.412	-128.43	44.018	34.566	-155.07	10.803
158.45	-33.727	5.6226	79.54	-14.642	13.307	138.62	-1.4308	20.206	108.33	-93.489	48.959	28.219	-127.52	43.873	36.508	-154.41	10.832
159.38	-32.138	4.533	81.045	-13.822	12.401	138.62	-1.4329	20.203	110.12	-92.198	48.695	29.964	-126.54	43.658	38.389	-153.72	10.754
159.38	-32.138	4.533	82.531	-12.889	11.31	138.62	-1.431	20.209	111.87	-90.866	48.362	31.687	-125.56	43.419	40.024	-152.65	10.689
161.19	-28.981	2.7141	84.04	-11.995	10.458	138.61	-1.4277	20.204	113.55	-89.553	48.126	33.357	-124.54	43.193	41.879	-151.95	10.589
162.07	-27.492	1.8367	85.557	-11.12	9.4276	138.61	-1.4286	20.202	115.22	-88.265	47.915	34.989	-123.52	42.965	43.727	-151.19	10.621
162.07	-27.492	1.8367	87.082	-10.264	8.7172	138.61	-1.4398	20.195	116.83	-87.029	47.631	36.629	-122.49	42.77	45.248	-150.03	10.339
163.92	-24.58	0.34891	88.633	-9.3183	7.9625	138.6	-1.4353	20.204	118.46	-85.799	47.401	38.208	-121.49	42.516	47.033	-149.4	10.377
163.92	-24.58	0.34891	90.209	-8.3825	7.2948	138.61	-1.441	20.206	120.11	-84.666	47.15	39.803	-120.45	42.368	48.528	-148.18	10.18
165.87	-21.926	-0.97259	91.789	-7.4462	6.8834	138.61	-1.4411	20.207	121.71	-83.579	46.939	41.365	-119.51	42.201	50.045	-147.22	10.114
166.88	-20.677	-1.4523	93.374	-6.4925	6.4995	138.61	-1.4395	20.196	123.34	-82.478	46.754	42.945	-118.53	42.03	51.757	-146.46	9.9881
166.88	-20.677	-1.4523	94.969	-5.5449	6.208	138.62	-1.446	20.212	124.91	-81.498	46.528	44.457	-117.57	41.885	53.21	-145.45	9.8229
168.7	-18.224	-2.4128	96.586	-4.6179	6.057	138.62	-1.4458	20.211	126.49	-80.509	46.4	45.99	-116.62	41.722	54.661	-144.47	9.6788
169.59	-16.899	-2.671	98.204	-3.7035	5.8603	138.63	-1.4422	20.203	127.94	-79.538	46.308	47.444	-115.69	41.595	56.218	-143.61	9.5004
170.32	-15.709	-2.9825	99.841	-2.7086	5.6253	138.63	-1.451	20.2	129.46	-78.578	46.2	48.869	-114.73	41.442	57.549	-142.61	9.3025
171.05	-14.461	-3.3126	101.45	-1.9026	5.5055	138.64	-1.449	20.204	130.86	-77.646	46.171	50.246	-113.78	41.314	58.924	-141.56	9.1344
171.05	-14.461	-3.3126	103.1	-0.97406	5.1489	138.63	-1.449	20.204	132.23	-76.653	46.185	51.587	-112.85	41.147	60.206	-140.64	8.9782
171.05	-14.461	-3.3126	104.7	-0.12996	4.959	138.63	-1.4513	20.202	133.54	-75.674	46.221	52.889	-111.91	41.004	61.672	-139.8	8.8807
171.05	-14.461	-3.3126	106.34	0.73014	4.4704	138.63	-1.4492	20.204	134.78	-74.722	46.161	54.113	-110.96	40.803	62.898	-138.95	8.6738
171.05	-14.461	-3.3126	107.92	1.5058	4.2025	138.64	-1.4488	20.204	136.01	-73.754	46.22	55.307	-110.03	40.677	64.092	-137.91	8.546
171.05	-14.461	-3.3126	109.59	2.26	3.8071	138.63	-1.4492	20.204	137.23	-72.758	46.25	56.459	-109.14	40.464	65.262	-136.9	8.2558
171.05	-14.461	-3.3126	111.28	3.0153	3.1572	138.63	-1.4367	20.21	138.39	-71.77	46.219	57.603	-108.23	40.268	66.454	-136.06	8.1958
171.05	-14.461	-3.3126	112.92	3.6432	2.5073	138.63	-1.4365	20.21	139.55	-70.774	46.277	58.697	-107.36	40.077	67.804	-135.54	8.0609
171.05	-14.461	-3.3126	114.6	4.2611	1.7619	138.63	-1.4385	20.195	140.7	-69.738	46.177	59.792	-106.52	39.85	68.994	-134.68	7.8778
171.05	-14.461	-3.3126	116.27	4.7826	1.0601	138.62	-1.4329	20.204	141.86	-68.737	46.137	60.874	-105.69	39.672	70.096	-133.94	7.7777
171.05	-14.461	-3.3126	118.03	5.388	0.34604	138.62	-1.4334	20.208	143.01	-67.703	46.03	61.968	-104.92	39.477	71.147	-133.01	7.6401
171.05	-14.461	-3.3126	119.6	5.6875	-0.57034	138.5	-1.4694	20.194	144.17	-66.728	45.874	63.075	-104.21	39.265	72.465	-132.6	7.4935
171.05	-14.461	-3.3126	121.19	6.1828	-1.2174	138.54	-1.4648	20.192	145.09	-66.045	45.26	64.203	-103.54	39.116	73.477	-131.71	7.1685
171.05	-14.461	-3.3126	122.12	6.8601	-1.7087	139.56	-1.0104	20.276	146.3	-65.155	45.105	65.343	-102.94	38.987	74.712	-131.28	7.2246
171.05	-14.461	-3.3126	123.57	7.526	-1.7917	141.06	-0.62033	20.241	147.49	-64.313	44.827	66.542	-102.44	38.913	75.888	-130.67	7.0475
171.05	-14.461	-3.3126	125.16	7.991	-1.75	142.58	-0.30834	20.228	148.82	-63.5	44.681	67.776	-101.94	38.829	76.964	-130.01	6.8815
171.05	-14.461	-3.3126	125.96	8.6018	-1.8493	144.23	0.36049	20.405	150.14	-62.849	44.584	69.06	-101.53	38.786	78.31	-129.66	6.8289
171.05	-14.461	-3.3126	127.02	9.2139	-1.5096	145.86	1.0707	20.54	151.35	-62.416	44.653	70.349	-101.16	38.811	79.653	-129.34	6.7978
171.05	-14.461	-3.3126	128.44	9.7191	-1.376	147.22	1.4243	20.516	152.72	-61.887	44.763	71.665	-100.8	38.911	80.868	-128.85	6.7846
166.98	5.9298	-14.842	129.82	10.021	-1.1899	148.56	1.6686	20.463	154.08	-61.449	44.927	73.023	-100.46	39.023	82.233	-128.44	6.9206
169.05	6.5275	-12.013	131.27	10.342	-1.1024	150.09	1.9952	20.467	155.56	-61.047	45.21	74.412	-100.16	39.119	83.626	-128.11	7.049
170.46	6.8385	-11.752	132.9	10.662	-0.89447	151.96	2.2739	20.605	157.04	-60.695	45.594	75.904	-99.822	39.311	85.096	-127.74	7.2068
172.11	7.1368	-11.383	134.66	10.866	-0.63095	154.07	2.4178	20.643	158.61	-60.375	45.97	77.456	-99.536	39.497	86.676	-127.52	7.3905
173.85	7.3129	-10.96	136.52	11.051	-0.14368	156.25	2.3576	20.837	160.27	-60.121	46.378	79.094	-99.278	39.702	88.196	-127.11	7.4787
175.73	7.4727	-10.56	138.53	11.229	0.27008	158.49	2.3482	21.24	162.05	-60.013	46.776	80.826	-99.082	39.932	89.998	-127	7.7991
177.79	7.5364	-9.9121	140.6	11.325	0.85118	160.64	2.3877	21.726	163.89	-59.941	47.163	82.624	-98.927	40.193	91.856	-126.98	7.9678
179.96	7.605	-9.3184	142.74	11.324	1.3485	162.75	2.4454	22.353	165.89	-59.97	47.688	84.52	-98.756	40.48	93.681	-126.67	8.2945
182.31	7.6683	-8.5313	145.03	11.339	1.9791	164.89	2.4012	22.931	167.94	-60.095	48.182	86.483	-98.658	40.777	95.615	-126.66	8.5352
183.85	7.1656	-8.7588	147.39	11.26	2.6577	167.2	2.3413	23.584	170.09	-60.214	48.749	88.552	-98.59	41.126	97.491	-126.51	8.845
187.16	7.6006	-7.0799	149.87	11.219	3.2058	169.65	2.1628	24.242	172.35	-60.378	49.298	90.688	-98.542	41.481	99.637	-126.39	9.1675
189.72	7.5048	-6.456	152.48	11.152	3.8418	172.21	2.0145	24.939	174.64	-60.548	49.933	92.894	-98.475	41.88	101.71	-126.39	9.5146
192.4	7.3847	-5.572	155.11	11.006	4.635	174.87	1.8251	25.693	176.96	-60.715	50.548	95.147	-98.444	42.258	103.92	-126.4	9.8808
195.21	7.2768	-4.8103	157.86	10.85	5.2511	177.53	1.6252	26.398	179.38	-60.949	51.263	97.455	-98.401	42.663	106.24	-126.37	10.333
198.01	7.056	-4.0465	160.62	10.63	5.9228	180.27	1.3972	27.174	181.81	-61.142	51.903	99.805	-98.365	43.084	108.54	-126.42	10.752
201.03	6.8134	-3.1773	163.59	10.493	6.6041	183.06	1.1016	27.926	184.35	-61.421	52.715	102.23	-98.321	43.543	110.83	-126.29	11.206
204.1	6.5206	-2.3429	166.55	10.152	7.2097	185.95	0.80492	28.681	186.9	-61.677	53.497	104.68	-98.298	43.962	113.35	-126.53	11.758
206.54	5.7336	-2.3172	169.71	9.8873	8.0237	188.93	0.50498	29.449	189.44	-61.936	54.243	107.17	-98.244	44.402	115.8	-126.57	12.22
210.5	5.7475	-0.74523	172.85	9.6157	8.5361	191.96	0.15556	30.142	192.12	-62.224	55.043	109.7	-98.173	44.819	118.36	-126.55	12.788
212.97	4.8835	-0.81002	176.03	9.0726	9.1999	195.04	-0.21446	30.874	194.78	-62.549	55.802	112.25	-98.077	45.273	120.88	-126.61	13.374
216.41	4.5068	0.074937	179.27	8.6909	9.5931	198.18	-0.59821	31.584	197.53	-62.832	56.596	114.84	-97.988	45.734	123.51	-126.68	13.876
220.5	4.487	1.6178	182.6	8.3925	10.186	201.32	-1.0141	32.237	200.28	-63.168	57.297	117.47	-97.92	46.194	125.96	-126.69	14.299
223.84	4.0598	2.4282	185.91	7.9112	10.858	204.54	-1.378	32.898	203.09	-63.51	57.996	120.15	-97.845	46.651	128.55	-126.75	14.896
226.42	3.1279	2.1776	189.25	7.6792	11.407	207.75	-1.812	33.574	205.95	-63.862	58.643	122.86	-97.788	47.101	131.16	-126.79	15.289
229.81	2.7918	2.9827	192.52	7.2551	12.053	211	-2.24	34.276	208.84	-64.246	59.231	125.58	-97.736	47.549	133.73	-126.71	15.75
233.87	2.8068	4.5231	195.82	6.9829	12.692	214.26	-2.6788	34.887	211.7	-64.688	59.719	128.32	-97.709	47.993	136.18	-126.55	16.162
237.11	2.4141	5.1627	199.1	6.7619	13.316	217.51	-3.1087	35.577	214.59	-65.092	60.227	131.02	-97.665	48.437	138.84	-126.7	16.58
239.7	1.6045	4.9971	202.33	6.3461	14.019	220.73	-3.5397	36.204	217.41	-65.474	60.683	133.69	-97.58	48.792	141.29	-126.58	16.868
243.61	1.6768	6.4292	205.55	6.0248	14.691	223.9	-3.95	36.765	220.17	-65.852	61.159	136.33	-97.472	49.19	143.76	-126.47	17.211
246.09	0.83769	6.1784	208.73	5.857	15.208	227.01	-4.3436	37.388	222.88	-66.212	61.603	138.89	-97.346	49.513	146.19	-126.34	17.541
249.9	0.92343	7.5437	211.86	5.6733	15.705	230.09	-4.6775	37.879	225.56	-66.498	62.033	141.42	-97.169	49.786	148.57	-126.14	17.84
252.26	0.13876	7.1917	214.92	5.3748	16.113	233.06	-5.0291	38.383	228.08	-66.752	62.405	143.86	-96.964	50.016	150.89	-125.87	18.079
256.04	0.28427	8.5496	217.94	5.1592	16.543	236.01	-5.2597	38.77	230.59	-66.966	62.844	146.27	-96.709	50.218	153.22	-125.92	18.301
258.98	0.0036354	8.9437	220.88	4.9809	16.756	238.83	-5.5319	39.173	232.98	-67.057	63.188	148.61	-96.434	50.382	155.5	-125.65	18.557
261.13	-0.74613	8.36	223.74	4.7565	16.955	241.61	-5.7061	39.38	235.33	-67.107	63.566	150.9	-96.1	50.476	157.78	-125.54	18.76
264.01	-0.94049	8.6155	226.47	4.6189	16.893	244.26	-5.842	39.51	237.62	-67.068	63.818	153.14	-95.763	50.523	159.92	-125.34	18.965
266.7	-1.1653	8.7125	228.62	3.8442	16.046	246.86	-5.925	39.663	239.83	-66.996	64.069	155.3	-95.383	50.546	162.09	-125.07	19.12
269.52	-1.1963	8.9643	231.23	3.7956	16.02	249.35	-5.9497	39.709	242	-66.846	64.255	157.45	-94.982	50.533	164.13	-124.87	19.233
272.1	-1.2924	8.9843	233.77	3.7251	15.787	251.78	-5.915	39.65	244.14	-66.701	64.355	159.55	-94.577	50.478	166.2	-124.67	19.261
275.24	-0.96816	9.6707	236.21	3.7967	15.428	254.13	-5.8765	39.505	246.24	-66.517	64.37	161.61	-94.17	50.42	168.22	-124.33	19.402
277.06	-1.3411	8.8139	238.59	3.7016	15.379	256.42	-5.8409	39.288	248.29	-66.363	64.298	163.64	-93.746	50.296	170.23	-124.15	19.322
279.37	-1.3712	8.5206	240.87	3.7069	15.052	258.69	-5.7851	39.031	250.38	-66.16	64.206	165.64	-93.345	50.149	172.07	-123.82	19.307
281.66	-1.3314	8.294	243.11	3.7334	14.72	260.85	-5.716	38.715	252.38	-65.959	64	167.58	-92.955	49.981	173.97	-123.57	19.201
284.48	-0.9645	8.6937	245.27	3.849	14.166	262.96	-5.6401	38.351	254.29	-65.765	63.75	169.47	-92.561	49.74	175.75	-123.24	19.094
286.64	-0.94848	8.3815	247.37	3.9002	13.868	265.04	-5.5508	37.893	256.19	-65.545	63.43	171.32	-92.153	49.465	177.42	-123	18.893
288.18	-1.3033	7.1651	249.45	3.8889	13.319	267.11	-5.4115	37.395	258.04	-65.333	63.138	173.11	-91.759	49.144	179.07	-122.7	18.547
290.26	-1.3368	6.6805	251.5	3.8491	12.55	269.05	-5.328	36.844	259.82	-65.084	62.757	174.84	-91.341	48.794	180.76	-122.45	18.358
292.27	-1.3631	6.1404	253.48	3.8401	11.82	270.93	-5.2721	36.255	261.53	-64.851	62.375	176.51	-90.912	48.397	182.33	-122.13	18.043
294.23	-1.4181	5.5903	255.4	3.8014	11.159	272.78	-5.1627	35.633	263.13	-64.631	61.909	178.1	-90.481	47.985	183.87	-121.93	17.761
296.63	-1.1908	5.6146	257.23	3.7592	10.466	274.49	-5.1596	34.945	264.73	-64.392	61.5	179.63	-90.048	47.505	185.67	-122.05	17.575
298.43	-1.2961	5.0142	259	3.7834	9.8091	276.24	-5.054	34.295	266.2	-64.205	61.005	181.09	-89.626	47.036	186.72	-121.37	17.119
299.61	-1.685	3.7217	260.72	3.8585	8.8427	277.84	-5.0617	33.581	267.67	-63.983	60.555	182.48	-89.231	46.543	188.08	-121.08	16.653
301.79	-1.4355	3.7469	262.37	3.7411	8.1697	279.42	-4.995	32.953	269.02	-63.817	60.015	183.84	-88.843	46.017	189.38	-120.79	16.379
303.36	-1.508	3.1518	263.91	3.7104	7.4833	280.88	-4.9973	32.228	270.31	-63.644	59.508	185.09	-88.485	45.47	190.87	-121.04	16.002
304.31	-1.8558	1.8687	265.35	3.7657	6.8195	282.33	-4.9013	31.588	271.55	-63.445	58.965	186.29	-88.104	44.942	191.7	-120.34	15.407
305.67	-1.8394	1.1777	266.71	3.7552	5.8419	283.59	-4.8384	30.774	272.68	-63.205	58.401	187.43	-87.736	44.387	192.78	-120.11	14.969
307.48	-1.4322	1.1114	267.88	3.8756	5.0212	284.79	-4.6493	30.039	273.73	-62.95	57.805	188.47	-87.365	43.821	193.8	-119.86	14.529
308.47	-1.4367	0.20999	268.97	3.8867	4.0212	285.77	-4.4866	29.131	274.7	-62.628	57.139	189.45	-87.018	43.194	194.77	-119.58	14.065
309.45	-1.2095	-0.5695	269.86	4.0594	3.1684	286.69	-4.1995	28.281	275.63	-62.239	56.499	190.38	-86.675	42.629	195.6	-119.45	13.589
310.28	-0.91671	-1.4225	270.63	4.0662	2.2809	287.45	-3.8703	27.314	276.43	-61.81	55.777	191.22	-86.319	41.995	196.35	-119.22	12.981
310.91	-0.61613	-2.4874	271.24	4.3667	1.0399	288.07	-3.5608	26.246	277.2	-61.306	55.003	191.97	-86.004	41.367	197.15	-118.92	12.55
311.4	-0.26136	-3.6659	271.7	4.6269	-0.014235	288.62	-3.1062	25.222	277.85	-60.797	54.119	192.66	-85.671	40.693	197.74	-118.73	11.953
311.78	0.11893	-4.8924	272.02	4.9216	-1.0915	289.03	-2.6588	24.023	278.45	-60.212	53.204	193.3	-85.337	40.055	198.74	-118.95	11.582
311.55	0.23801	-6.8497	272.28	5.2436	-2.5215	289.36	-2.1734	22.737	279.01	-59.581	52.252	193.84	-85.005	39.33	198.89	-118.3	10.921
312.27	1.0059	-7.5718	272.39	5.5001	-3.7058	289.81	-1.5868	21.725	279.48	-58.928	51.203	194.32	-84.626	38.559	199.26	-118.04	10.281
312.36	1.2803	-8.9601	272.45	5.9514	-4.1909	290.38	-1.2174	21.627	279.87	-58.341	50.171	194.68	-84.263	37.793	199.71	-117.77	9.7467
312.66	1.8296	-9.7404	272.49	6.4651	-4.5696	290.54	-0.59412	21.61	280.26	-58.08	49.21	194.97	-83.864	36.973	199.95	-117.53	9.0371
313.1	2.4997	-9.9859	272.56	6.8739	-4.9506	290.71	-0.11139	21.637	280.55	-57.919	48.377	195.18	-83.537	36.225	200.16	-117.34	8.2375
312.58	2.3639	-11.553	272.55	7.2389	-5.2733	290.86	0.32697	21.661	280.79	-57.798	47.613	195.35	-83.445	35.539	200.34	-117.11	7.4795
313.37	2.824	-11.547	272.55	7.5285	-5.4683	290.98	0.64101	21.644	280.98	-57.693	46.876	195.56	-83.405	35.021	200.46	-116.95	6.7842
312.75	2.324	-13.294	272.6	7.7255	-5.8498	291.11	0.72934	21.645	281.15	-57.547	46.31	195.72	-83.257	34.448	200.51	-116.76	6.2786
313.14	2.5611	-13.253	272.61	7.8249	-6.0432	291.2	0.73753	21.641	281.18	-57.416	45.961	195.75	-82.992	33.994	200.55	-116.56	5.8664
313.25	2.6005	-13.307	272.62	7.8672	-6.3556	291.23	0.74023	21.648	281.03	-57.356	45.786	195.63	-82.754	33.668	200.46	-116.44	5.4863
313.27	2.6031	-13.269	272.58	7.946	-6.6276	291.24	0.73967	21.657	280.76	-57.318	45.796	195.41	-82.568	33.4	200.3	-116.39	5.2702
313.22	2.538	-13.241	272.56	7.9236	-6.7244	291.23	0.74023	21.648	280.52	-57.241	45.874	195.18	-82.481	33.23	200.18	-116.35	5.2418
313.21	2.493	-13.158	272.5	7.9539	-6.8706	291.2	0.74377	21.648	280.3	-57.143	46.023	195.02	-82.463	33.138	200.06	-116.33	5.2332
313.2	2.4821	-13.096	272.45	7.9402	-7.0561	291.17	0.73659	21.645	280.11	-57.067	46.082	194.9	-82.474	33.095	199.95	-116.35	5.2362
313.2	2.4514	-13.061	272.38	7.8796	-7.1719	291.14	0.7433	21.647	279.94	-57.034	46.141	194.76	-82.494	33.135	199.75	-116.41	5.3583
313.2	2.4087	-13.042	272.29	7.8099	-7.3116	291.12	0.73811	21.646	279.79	-57.04	46.164	194.6	-82.493	33.149	199.62	-116.44	5.381
313.18	2.3383	-13.04	272.24	7.5728	-7.3699	291.09	0.7386	21.654	279.7	-57.075	46.151	194.45	-82.483	33.144	199.4	-116.51	5.4191
313.14	2.2259	-13.125	272.11	7.343	-8.1888	291.02	0.75317	21.655	279.58	-57.126	46.126	194.3	-82.495	33.106	199.25	-116.53	5.3977
312.86	1.8334	-13.713	272	7.0226	-8.747	290.96	0.7553	21.645	279.46	-57.141	46.08	194.18	-82.51	33.05	199.14	-116.58	5.4377
312.92	1.6211	-13.863	271.87	6.9084	-8.9498	290.93	0.75424	21.651	279.33	-57.189	45.966	194.08	-82.48	32.936	198.99	-116.63	5.49
313.05	1.3811	-13.97	271.78	6.6995	-9.1497	290.89	0.74893	21.649	279.17	-57.321	45.874	193.95	-82.393	32.822	198.83	-116.67	5.5469
313.49	1.3011	-13.639	271.69	6.5206	-9.5812	290.85	0.73303	21.625	278.97	-57.492	45.799	193.76	-82.369	32.761	198.62	-116.72	5.5584
314.39	1.2878	-12.93	271.52	6.1472	-9.7461	290.79	0.70824	21.612	278.78	-57.56	45.729	193.56	-82.428	32.716	198.39	-116.9	5.5524
314.67	0.72658	-13.59	271.23	5.9626	-10.226	290.66	0.61856	21.627	278.56	-57.448	45.619	193.38	-82.482	32.659	198.2	-117.02	5.5811
314.54	-0.016839	-14.703	270.7	5.8706	-10.814	290.56	0.53317	21.64	278.28	-57.25	45.292	193.19	-82.442	32.57	197.99	-117.11	5.801
315.81	-0.21182	-14.171	269.79	5.6022	-11.383	290.62	0.57156	21.721	278.06	-57.031	45.114	192.94	-82.335	32.487	197.76	-117.17	5.9677
316.88	-0.82039	-14.151	269	5.6384	-11.81	290.59	0.54348	21.736	277.7	-56.922	44.846	192.58	-82.212	32.396	197.41	-117.31	6.0336
317.95	-1.5608	-14.021	268.21	5.709	-12.146	290.59	0.53155	21.745	277.41	-56.835	44.735	192.15	-82.16	32.337	197.07	-117.38	6.1659
319	-2.3237	-13.663	267.39	5.7678	-12.211	290.6	0.53818	21.738	277.02	-56.875	44.579	191.74	-82.166	32.345	196.78	-117.46	6.2607
320.11	-3.097	-13.07	266.66	5.7199	-12.182	290.6	0.52711	21.735	276.63	-56.929	44.659	191.3	-82.235	32.408	196.29	-117.63	6.3988
321.13	-3.9908	-12.357	265.83	5.725	-11.967	290.6	0.5285	21.736	276.19	-57.042	44.777	190.87	-82.28	32.52	195.91	-117.71	6.563
322.2	-4.9064	-11.417	264.98	5.7774	-11.648	290.61	0.53565	21.734	275.71	-57.218	44.977	190.36	-82.374	32.716	195.37	-117.84	6.8567
323.3	-5.9063	-10.257	264.13	5.9037	-11.165	290.6	0.54313	21.736	275.25	-57.401	45.241	189.8	-82.496	32.999	194.87	-117.98	7.2113
324.37	-6.9465	-9.0213	263.26	6.0355	-10.489	290.61	0.53885	21.739	274.73	-57.679	45.455	189.21	-82.666	33.319	194.38	-118.18	7.5708
325.39	-8.0721	-7.6151	262.25	6.1646	-9.7749	290.6	0.5457	21.737	274.23	-57.958	45.757	188.6	-82.909	33.71	193.75	-118.43	7.8727
326.32	-9.2222	-6.2305	261.19	6.3133	-9.2105	290.61	0.55235	21.734	273.6	-58.342	46.032	188	-83.235	34.152	193.27	-118.72	8.3815
327.16	-10.432	-4.7741	260	6.4184	-8.6126	290.6	0.55509	21.74	272.98	-58.749	46.386	187.36	-83.621	34.631	192.48	-119.04	8.6402
327.88	-11.694	-3.3237	258.77	6.3123	-7.5753	290.6	0.55773	21.731	272.3	-59.228	46.714	186.66	-84.052	35.092	191.75	-119.28	8.9943
328.41	-13.072	-1.9722	257.5	6.3011	-6.8366	290.6	0.57013	21.739	271.58	-59.753	47.052	185.89	-84.5	35.571	190.95	-119.61	9.4319
328.82	-14.458	-0.54316	256.22	6.1651	-6.0127	290.59	0.56384	21.728	270.74	-60.355	47.418	185.03	-84.968	36.088	190.04	-119.96	9.7725
328.97	-15.893	0.68735	254.91	6.0828	-5.3333	290.6	0.5678	21.746	269.81	-60.995	47.83	184.07	-85.405	36.564	189.09	-120.31	10.08
328.81	-17.286	1.8139	253.64	5.8993	-4.6964	290.6	0.56825	21.734	268.83	-61.613	48.351	183.02	-85.851	37.097	188	-120.62	10.477
328.45	-18.549	2.9549	252.36	5.6354	-3.9223	290.6	0.5777	21.739	267.71	-62.273	48.865	181.88	-86.294	37.609	186.9	-121	10.904
327.83	-19.635	4.0727	251.01	5.3577	-3.1201	290.59	0.56275	21.74	266.49	-62.921	49.467	180.64	-86.776	38.129	185.74	-121.4	11.323
326.99	-20.628	5.1856	249.63	4.9989	-2.2362	290.6	0.56676	21.744	265.15	-63.599	50.115	179.31	-87.283	38.702	184.47	-121.77	11.813
325.92	-21.473	6.2675	248.1	4.6646	-1.3045	290.6	0.5683	21.748	263.7	-64.273	50.716	177.89	-87.816	39.255	183.1	-122.22	12.227
324.7	-22.242	7.3251	246.52	4.3838	-0.35533	290.59	0.55105	21.732	262.16	-64.921	51.506	176.34	-88.383	39.841	181.66	-122.7	12.589
323.21	-22.912	8.3465	244.89	4.0027	0.68124	290.59	0.55277	21.736	260.5	-65.597	52.229	174.72	-88.963	40.443	180.03	-123.16	13.081
321.55	-23.582	9.2283	243.18	3.6735	1.6331	290.61	0.55063	21.742	258.76	-66.257	53.039	172.96	-89.545	41.045	178.42	-123.53	13.596
319.74	-24.165	10.156	241.37	3.2842	2.7696	290.6	0.54555	21.737	256.89	-66.974	53.732	171.07	-90.156	41.728	176.61	-124.01	14.033
317.71	-24.693	11.007	239.53	2.8882	3.869	290.61	0.53544	21.731	254.91	-67.677	54.516	169.08	-90.714	42.389	174.68	-124.42	14.56
315.57	-25.205	11.79	237.56	2.4906	4.9999	290.61	0.54067	21.741	252.81	-68.385	55.37	166.94	-91.292	43.028	172.69	-124.79	14.962
313.27	-25.62	12.631	235.51	2.124	5.9881	290.61	0.53087	21.737	250.56	-69.099	56.098	164.68	-91.857	43.646	170.58	-125.18	15.458
310.87	-25.9	13.533	233.29	1.8627	7.0829	290.61	0.53743	21.737	248.2	-69.746	56.894	162.32	-92.451	44.241	168.48	-125.61	15.847
308.12	-26.073	14.294	230.93	1.6118	8.1258	290.62	0.53145	21.736	245.71	-70.371	57.641	159.86	-93.068	44.794	166.28	-126.36	16.326
305.3	-26.035	15.093	228.44	1.3974	9.1024	290.6	0.54296	21.747	243.12	-70.919	58.351	157.31	-93.701	45.389	163.77	-126.39	16.579
302.28	-25.847	15.804	226.01	1.6151	10.646	290.61	0.54744	21.742	240.54	-71.223	59.297	154.69	-94.399	45.955	161.19	-126.81	16.866
299.02	-25.386	16.525	223.17	1.5479	11.801	290.6	0.545	21.738	237.71	-71.696	59.895	151.94	-95.118	46.48	158.82	-127.59	17.353
295.51	-24.886	17.024	220.19	1.5527	12.786	290.6	0.54723	21.738	234.77	-72.074	60.475	149.1	-95.84	47.014	156.05	-127.66	17.623
291.82	-24.198	17.515	217.12	1.4886	13.79	290.61	0.54754	21.739	231.69	-72.39	61.046	146.15	-96.542	47.514	153.33	-127.99	17.849
287.87	-23.476	17.955	213.92	1.5338	14.602	290.6	0.55507	21.739	228.4	-72.67	61.552	143.07	-97.244	47.986	150.4	-128.5	18.065
283.83	-22.642	18.47	210.58	1.4677	15.576	290.6	0.54835	21.739	225	-72.884	62.122	139.87	-97.912	48.428	147.4	-128.9	18.35
279.57	-21.843	18.868	207.18	1.6022	16.274	290.6	0.55588	21.742	221.48	-73.103	62.608	136.55	-98.548	48.822	144.34	-129.17	18.52
275	-20.913	19.172	203.75	1.6246	17.283	290.59	0.5604	21.751	217.83	-73.333	63.102	133.08	-99.159	49.163	141.06	-129.62	18.823
270.25	-19.876	19.424	200.19	1.636	18.106	290.59	0.5644	21.743	214.07	-73.475	63.492	129.51	-99.745	49.458	137.88	-129.89	18.942
265.21	-18.713	19.592	196.56	1.6529	18.658	290.59	0.56027	21.735	210.25	-73.59	63.867	125.87	-100.32	49.715	134.46	-130.21	19.097
259.9	-17.632	19.649	192.87	1.6729	19.368	290.6	0.56429	21.743	206.32	-73.707	64.218	122.13	-100.92	49.962	130.92	-130.55	19.103
254.48	-16.376	19.717	189.03	1.6304	19.98	290.59	0.5593	21.748	202.31	-73.782	64.534	118.32	-101.54	50.162	127.39	-130.93	19.2
248.83	-15.105	19.726	185.17	1.6086	20.459	290.6	0.55389	21.748	198.21	-73.849	64.773	114.45	-102.15	50.351	123.75	-131.24	19.225
242.86	-13.874	19.563	181.22	1.5743	20.886	290.6	0.55546	21.751	194.06	-73.891	65.018	110.52	-102.76	50.523	120.07	-131.58	19.228
236.84	-12.589	19.41	177.07	1.4568	21.385	290.59	0.5509	21.746	189.86	-73.914	65.182	106.48	-103.4	50.634	116.3	-131.91	19.181
230.52	-11.29	19.158	172.83	1.389	21.572	290.59	0.55262	21.735	185.6	-73.921	65.312	102.44	-104.04	50.783	112.44	-132.32	19.134
224.03	-9.99	18.88	168.51	1.3031	21.695	290.6	0.54252	21.732	181.31	-73.86	65.419	98.348	-104.72	50.892	108.61	-132.66	19.104
224.03	-9.99	18.88	164	1.1442	21.799	290.61	0.54987	21.744	176.97	-73.733	65.473	94.239	-105.38	51.025	104.65	-133.1	19.075
290.61	0.54697	21.74	159.41	1.0679	21.696	NaN	NaN	NaN	172.61	-73.54	65.523	90.101	-106.06	51.091	100.86	-133.61	19.093
290.61	0.54067	21.74	154.63	0.94864	21.479	NaN	NaN	NaN	168.19	-73.305	65.486	85.961	-106.72	51.193	96.801	-134.05	18.979
290.61	0.5382	21.736	149.78	0.83995	21.319	NaN	NaN	NaN	163.71	-73.072	65.504	81.775	-107.42	51.259	92.87	-134.42	19.033
290.61	0.54698	21.74	144.86	0.74169	20.994	NaN	NaN	NaN	159.22	-72.743	65.502	77.596	-108.1	51.304	88.742	-134.82	18.819
290.61	0.54729	21.741	139.85	0.73726	20.708	NaN	NaN	NaN	154.45	-72.638	65.025	73.396	-108.78	51.328	84.717	-135.18	18.832
290.61	0.5366	21.745	134.71	0.64629	20.444	NaN	NaN	NaN	149.94	-72.28	64.957	69.179	-109.45	51.305	80.65	-135.61	18.612
290.61	0.54754	21.753	129.49	0.6829	20.21	NaN	NaN	NaN	145.31	-71.917	64.799	64.945	-110.1	51.332	76.604	-136.11	18.522
290.6	0.5543	21.739	124.28	0.74409	20.143	NaN	NaN	NaN	140.69	-71.506	64.529	60.691	-110.73	51.18	72.535	-136.53	18.297
290.6	0.54496	21.751	118.91	0.77854	19.933	NaN	NaN	NaN	136.07	-71.153	64.347	56.474	-111.36	51.024	68.497	-137	18.104
290.6	0.5523	21.747	113.59	0.87208	19.731	NaN	NaN	NaN	131.46	-70.752	64.069	52.251	-111.98	50.878	64.435	-137.4	17.875
290.59	0.55004	21.745	108.32	0.94274	19.552	NaN	NaN	NaN	126.79	-70.364	63.797	48.058	-112.58	50.702	60.492	-137.87	17.607
290.59	0.55288	21.748	102.81	1.0024	19.194	NaN	NaN	NaN	122.15	-70.023	63.375	43.879	-113.2	50.478	56.426	-138.3	17.278
290.59	0.55747	21.746	97.067	1.1082	18.844	NaN	NaN	NaN	117.46	-69.607	62.972	39.725	-113.79	50.224	52.406	-138.64	17.008
290.58	0.55521	21.742	91.323	1.3731	18.331	NaN	NaN	NaN	112.83	-69.199	62.643	35.584	-114.38	50.009	48.47	-139.05	16.711
290.58	0.55411	21.739	85.634	1.4554	17.824	NaN	NaN	NaN	108.23	-68.76	62.197	31.495	-114.93	49.733	44.5	-139.46	16.355
290.58	0.55608	21.742	82.238	2.6033	19.136	NaN	NaN	NaN	106.29	-66.659	64.156	29.025	-114.57	50.644	42.159	-139.02	17.21
290.6	0.55405	21.739	74.452	1.6697	16.591	NaN	NaN	NaN	99.137	-67.805	61.193	23.402	-115.96	49.206	36.833	-140.37	15.742
290.6	0.55649	21.741	68.955	1.7916	15.825	NaN	NaN	NaN	94.608	-67.327	60.636	19.398	-116.45	48.857	33.04	-140.78	15.518
290.59	0.55061	21.749	63.518	1.8101	15.153	NaN	NaN	NaN	90.52	-66.571	60.459	15.507	-116.94	48.56	29.296	-141.17	15.21
290.59	0.54952	21.743	58.208	1.8425	14.286	NaN	NaN	NaN	86.164	-66.132	59.893	11.687	-117.37	48.206	25.62	-141.59	14.776
290.61	0.54971	21.74	52.979	1.8611	13.384	78.245	4.3558	3.9444	81.851	-65.699	59.277	7.9398	-117.86	47.818	22.08	-141.99	14.459
290.6	0.54799	21.751	47.943	1.8767	12.472	73.024	4.5643	3.9043	77.358	-65.546	58.284	4.2479	-118.32	47.389	18.567	-142.41	14.105
290.61	0.54849	21.739	43.061	1.7861	11.605	68.129	4.6099	2.9988	73.258	-65.157	57.633	0.64129	-118.72	46.903	15.102	-142.78	13.733
290.61	0.53992	21.739	38.361	1.6606	10.725	63.381	4.6196	2.0549	69.249	-64.823	57.022	-2.9232	-119.14	46.447	11.778	-143.19	13.177
290.61	0.54265	21.739	33.794	1.5691	9.7944	58.815	4.581	1.1061	65.322	-64.507	56.336	-6.376	-119.53	45.954	8.5151	-143.57	12.841
290.61	0.53805	21.736	29.416	1.4463	8.8544	54.407	4.573	0.17426	61.502	-64.268	55.695	-9.7529	-119.91	45.411	5.3755	-143.93	12.273
290.61	0.54697	21.74	25.197	1.2809	7.8957	50.193	4.5023	-0.73395	57.801	-64.007	55.012	-12.979	-120.27	44.873	2.3298	-144.26	11.801
290.61	0.54927	21.742	21.182	1.1632	6.946	46.11	4.4351	-1.6982	54.216	-63.802	54.31	-16.105	-120.65	44.31	-0.62269	-144.68	11.264
290.61	0.54817	21.74	17.308	0.99363	5.991	42.238	4.3457	-2.5864	50.82	-63.617	53.655	-19.111	-121.02	43.736	-3.365	-145.07	10.755
290.6	0.54527	21.737	13.608	0.77269	5.0471	38.524	4.2633	-3.5062	47.527	-63.441	53.017	-22.022	-121.38	43.137	-6.0776	-145.45	10.133
290.6	0.54755	21.739	10.049	0.62846	4.08	34.954	4.1122	-4.4248	44.372	-63.304	52.353	-24.779	-121.73	42.545	-8.6631	-145.79	9.6064
290.59	0.5478	21.743	6.6695	0.37753	3.1505	31.578	3.9947	-5.3426	41.367	-63.168	51.674	-27.41	-122.08	41.974	-11.14	-146.14	9.116
290.6	0.55277	21.749	3.4656	0.16009	2.1821	28.362	3.8373	-6.2464	38.531	-63.051	51	-29.893	-122.41	41.422	-13.401	-146.47	8.6423
290.6	0.55459	21.751	0.4758	-0.045519	1.2755	25.319	3.6534	-7.1497	35.83	-62.949	50.322	-32.268	-122.72	40.861	-15.707	-146.87	8.1248
290.59	0.55232	21.749	-2.3332	-0.27525	0.39416	22.538	3.4857	-8.0175	33.285	-62.892	49.671	-34.522	-123.03	40.312	-17.821	-147.15	7.6554
290.59	0.55401	21.737	-4.9466	-0.48379	-0.52436	19.907	3.2915	-8.881	30.901	-62.852	49.032	-36.658	-123.3	39.713	-19.861	-147.53	7.1189
290.59	0.55932	21.749	-7.3608	-0.81005	-1.2438	17.462	3.0222	-9.7166	28.681	-62.857	48.371	-38.666	-123.59	39.225	-21.725	-147.79	6.5875
290.59	0.55044	21.745	-9.6186	-1.0111	-2.1411	15.24	2.7939	-10.534	26.637	-62.883	47.782	-40.542	-123.82	38.695	-23.544	-148.11	6.1548
290.59	0.55012	21.745	-11.661	-1.1858	-3.0323	13.154	2.5689	-11.371	24.669	-62.896	47.156	-42.351	-124.04	38.167	-25.22	-148.36	5.6207
290.6	0.55453	21.739	-13.549	-1.4594	-3.7222	11.27	2.2947	-12.067	22.86	-62.984	46.578	-44.06	-124.28	37.603	-26.787	-148.62	5.1885
290.6	0.55568	21.739	-15.314	-1.661	-4.5503	9.52	2.0809	-12.831	21.173	-63.049	46.024	-45.641	-124.47	37.118	-28.26	-148.83	4.6067
290.59	0.55242	21.749	-16.968	-1.86	-5.3903	7.9892	1.8017	-13.478	19.535	-63.084	45.567	-47.122	-124.65	36.577	-29.654	-149.09	4.2568
290.6	0.54536	21.747	-18.313	-2.0973	-5.9263	6.598	1.5382	-14.126	17.962	-63.127	45.189	-48.559	-124.82	36.06	-30.902	-149.26	3.7726
290.61	0.55064	21.742	-19.656	-2.322	-6.8248	5.4147	1.2605	-14.654	16.44	-63.195	44.933	-49.92	-124.94	35.616	-32.017	-149.53	3.2956
290.6	0.54799	21.751	-20.807	-2.5579	-7.438	4.3292	0.96293	-15.071	14.994	-63.236	44.797	-51.239	-125.04	35.155	-33.081	-149.69	3.0752
290.6	0.54547	21.735	-21.851	-2.8679	-7.9731	3.3899	0.69491	-15.419	13.614	-63.308	44.759	-52.467	-125.08	34.721	-34.055	-149.89	2.7569
290.6	0.54511	21.736	-22.77	-2.9661	-8.5598	2.6162	0.48199	-15.521	12.349	-63.376	44.818	-53.635	-125.16	34.352	-34.875	-150.04	2.5055
290.61	0.54847	21.74	-23.53	-3.1789	-8.8608	1.8659	0.3176	-15.688	11.154	-63.422	44.873	-54.675	-125.22	34.04	-35.634	-150.2	2.4027
290.6	0.54525	21.736	-24.325	-3.3704	-9.1289	1.2817	0.13891	-15.641	10.055	-63.485	44.954	-55.593	-125.3	33.705	-36.366	-150.31	2.2404
290.6	0.54142	21.729	-25.024	-3.4814	-9.448	0.65321	0.046482	-15.651	9.1445	-63.512	45.071	-56.404	-125.36	33.405	-36.994	-150.45	2.0563
290.59	0.54782	21.743	-25.606	-3.627	-9.5691	0.087572	-0.062219	-15.615	8.2831	-63.625	45.11	-57.114	-125.42	33.152	-37.546	-150.48	1.8941
290.59	0.54659	21.739	-26.405	-3.8772	-10.076	-0.35324	-0.12455	-15.601	7.5347	-63.664	45.126	-57.764	-125.48	32.863	-37.935	-150.59	1.8181
290.58	0.5424	21.747	-26.88	-3.9092	-10.3	-0.85531	-0.19773	-15.664	6.9292	-63.74	45.131	-58.301	-125.5	32.619	-38.387	-150.68	1.7152
290.59	0.54719	21.757	-27.28	-4.0299	-10.343	-1.2247	-0.2521	-15.665	6.3996	-63.737	45.108	-58.761	-125.54	32.385	-38.759	-150.74	1.5184
290.58	0.54165	21.747	-27.634	-4.0537	-10.504	-1.5859	-0.25638	-15.774	5.9182	-63.765	44.981	-59.136	-125.55	32.168	-39.125	-150.78	1.3587
290.58	0.54932	21.748	-27.968	-4.0582	-10.711	-1.8914	-0.27902	-15.92	5.5675	-63.782	44.844	-59.497	-125.55	31.907	-39.453	-150.75	1.1499
290.58	0.54073	21.746	-28.313	-4.0245	-11.079	-2.1908	-0.2349	-16.026	5.2194	-63.747	44.662	-59.757	-125.54	31.666	-39.617	-150.77	1.0503
290.58	0.54394	21.736	-28.602	-4.0676	-11.349	-2.4748	-0.21436	-16.23	4.92	-63.669	44.487	-59.961	-125.53	31.404	-39.791	-150.79	0.71147
290.58	0.55007	21.735	-28.848	-4.1047	-11.64	-2.7127	-0.17728	-16.472	4.6504	-63.633	44.285	-60.124	-125.51	31.109	-39.927	-150.79	0.42533
290.58	0.5484	21.747	-29.077	-4.15	-11.962	-2.9114	-0.15435	-16.746	4.4114	-63.524	44.056	-60.271	-125.47	30.814	-40.051	-150.79	0.20191
290.58	0.55583	21.743	-29.302	-4.1671	-12.432	-3.1218	-0.1216	-17.102	4.1672	-63.342	43.85	-60.388	-125.44	30.53	-40.106	-150.8	0.029406
290.58	0.55218	21.738	-29.484	-4.227	-12.836	-3.2585	-0.10778	-17.481	3.926	-63.184	43.602	-60.494	-125.37	30.261	-40.066	-150.75	-0.18651
290.58	0.55191	21.738	-29.642	-4.1925	-13.255	-3.3712	-0.085988	-17.781	3.7009	-63.015	43.398	-60.586	-125.31	30.008	-40.088	-150.73	-0.46653
290.58	0.55347	21.741	-29.786	-4.1672	-13.483	-3.473	-0.044656	-18.035	3.4699	-62.805	43.254	-60.698	-125.21	29.758	-40.097	-150.74	-0.58087
290.59	0.5606	21.736	-29.892	-4.033	-13.643	-3.5743	0.069788	-18.253	3.3092	-62.651	43.189	-60.822	-125.12	29.573	-40.11	-150.74	-0.65305
290.58	0.55629	21.73	-29.956	-3.9703	-13.689	-3.6325	0.15838	-18.252	3.2111	-62.565	43.205	-60.925	-125.06	29.435	-40.106	-150.72	-0.685
290.59	0.5603	21.736	-30.008	-3.889	-13.842	-3.6656	0.18216	-18.26	3.1029	-62.505	43.224	-61.004	-125.01	29.369	-40.129	-150.7	-0.67624
290.59	0.55476	21.738	-30.009	-3.9248	-13.725	-3.6842	0.20772	-18.24	3.0029	-62.432	43.268	-61.063	-124.98	29.326	-40.141	-150.69	-0.66446
290.6	0.55556	21.726	-30.032	-3.8941	-13.737	-3.6983	0.25557	-18.235	2.903	-62.34	43.324	-61.104	-124.95	29.307	-40.159	-150.67	-0.64534
290.6	0.56658	21.732	-30.032	-3.8498	-13.729	-3.7121	0.30325	-18.23	2.842	-62.254	43.35	-61.14	-124.89	29.286	-40.184	-150.65	-0.60229
290.6	0.5609	21.733	-30.062	-3.8209	-13.748	-3.7365	0.36239	-18.229	2.7974	-62.167	43.368	-61.21	-124.8	29.236	-40.205	-150.62	-0.5808
290.61	0.56252	21.735	-30.073	-3.7827	-13.749	-3.7707	0.4331	-18.256	2.7574	-62.1	43.338	-61.275	-124.72	29.181	-40.235	-150.59	-0.56576
290.6	0.5667	21.743	-30.072	-3.7475	-13.759	-3.7934	0.49469	-18.264	2.7386	-62.035	43.333	-61.322	-124.65	29.117	-40.264	-150.56	-0.5863
290.6	0.55957	21.729	-30.078	-3.7061	-13.755	-3.8001	0.53878	-18.29	2.7182	-61.988	43.305	-61.351	-124.61	29.055	-40.274	-150.53	-0.62678
290.6	0.56896	21.734	-30.068	-3.6727	-13.732	-3.7971	0.5861	-18.303	2.7082	-61.921	43.29	-61.378	-124.56	28.99	-40.313	-150.52	-0.67809
290.59	0.56446	21.726	-30.071	-3.656	-13.742	-3.8037	0.60186	-18.319	2.6872	-61.874	43.248	-61.404	-124.51	28.916	-40.336	-150.51	-0.69892
290.59	0.5641	21.74	-30.076	-3.63	-13.744	-3.7973	0.63454	-18.311	2.6595	-61.82	43.217	-61.443	-124.47	28.843	-40.341	-150.51	-0.74791
290.59	0.57284	21.742	-30.078	-3.6181	-13.739	-3.8112	0.66461	-18.303	2.623	-61.774	43.206	-61.473	-124.44	28.798	-40.357	-150.51	-0.76916
290.59	0.56741	21.732	-30.09	-3.6093	-13.756	-3.8279	0.69389	-18.281	2.5868	-61.741	43.178	-61.508	-124.43	28.742	-40.352	-150.52	-0.77776
290.59	0.5627	21.735	-30.097	-3.615	-13.749	-3.8581	0.7125	-18.273	2.5585	-61.705	43.179	-61.521	-124.44	28.717	-40.372	-150.55	-0.813
290.59	0.57196	21.741	-30.116	-3.6141	-13.758	-3.8886	0.74905	-18.268	2.5164	-61.69	43.164	-61.544	-124.43	28.667	-40.39	-150.56	-0.83089
290.58	0.56671	21.735	-30.142	-3.6291	-13.781	-3.9128	0.77653	-18.268	2.4811	-61.67	43.154	-61.574	-124.44	28.631	-40.388	-150.59	-0.82932
290.58	0.56776	21.737	-30.173	-3.6487	-13.796	-3.9404	0.7997	-18.27	2.4152	-61.647	43.132	-61.609	-124.44	28.599	-40.42	-150.62	-0.84695
290.58	0.56288	21.73	-30.199	-3.6657	-13.807	-3.97	0.81064	-18.283	2.3864	-61.637	43.121	-61.643	-124.46	28.557	-40.441	-150.64	-0.86733
290.58	0.56378	21.73	-30.201	-3.6794	-13.814	-3.9738	0.82034	-18.277	2.3309	-61.644	43.086	-61.678	-124.47	28.522	-40.457	-150.67	-0.87841
290.57	0.55931	21.737	-30.222	-3.6945	-13.82	-4.0033	0.82994	-18.276	2.2973	-61.64	43.086	-61.707	-124.46	28.497	-40.485	-150.67	-0.89656
290.59	0.55794	21.745	-30.23	-3.7019	-13.814	-4.0311	0.84199	-18.285	2.2593	-61.648	43.06	-61.732	-124.47	28.464	-40.517	-150.7	-0.91523
290.57	0.56008	21.738	-30.251	-3.7147	-13.834	-4.0435	0.85731	-18.254	2.2269	-61.645	43.046	-61.756	-124.47	28.437	-40.535	-150.7	-0.93819
290.58	0.55317	21.738	-30.272	-3.7274	-13.839	-4.0639	0.86338	-18.256	2.1962	-61.663	43.021	-61.782	-124.48	28.42	-40.551	-150.71	-0.95233
290.58	0.55535	21.727	-30.289	-3.7382	-13.854	-4.0906	0.87105	-18.271	2.1791	-61.661	42.999	-61.796	-124.48	28.384	-40.569	-150.71	-0.96227
290.59	0.55164	21.731	-30.296	-3.7409	-13.86	-4.1017	0.86619	-18.263	2.156	-61.66	42.986	-61.816	-124.48	28.373	-40.592	-150.71	-0.98841
290.59	0.55904	21.733	-30.302	-3.7428	-13.878	-4.1014	0.87887	-18.255	2.1408	-61.655	42.981	-61.833	-124.49	28.346	-40.602	-150.71	-0.99442
290.59	0.55138	21.732	-30.332	-3.7626	-13.889	-4.1014	0.87887	-18.255	2.1316	-61.659	42.96	-61.854	-124.47	28.328	-40.639	-150.71	-1.0009
290.59	0.55058	21.744	-30.3	-3.744	-13.865	-4.1066	0.875	-18.26	2.1272	-61.647	42.963	-61.879	-124.46	28.309	-40.672	-150.72	-1.0186
290.59	0.5514	21.733	-30.334	-3.7508	-13.884	-4.1066	0.875	-18.26	2.1132	-61.642	42.944	-61.898	-124.46	28.3	-40.696	-150.72	-1.0288
290.58	0.55594	21.728	-30.313	-3.7354	-13.869	-4.1017	0.86619	-18.263	2.1042	-61.633	42.93	-61.901	-124.44	28.291	-40.705	-150.71	-1.0449
290.59	0.55784	21.733	-30.315	-3.7215	-13.876	-4.1139	0.87188	-18.267	2.0931	-61.624	42.915	-61.904	-124.43	28.271	-40.717	-150.7	-1.0615
290.58	0.55519	21.727	-30.32	-3.7206	-13.894	-4.1066	0.875	-18.26	2.1046	-61.615	42.91	-61.908	-124.41	28.261	-40.725	-150.69	-1.0629
290.58	0.55658	21.73	-30.32	-3.6933	-13.891	-4.1059	0.87655	-18.274	2.1144	-61.59	42.901	-61.904	-124.4	28.254	-40.724	-150.67	-1.067
290.58	0.56854	21.735	-30.322	-3.694	-13.894	-4.0894	0.87468	-18.264	2.1348	-61.575	42.889	-61.893	-124.39	28.237	-40.726	-150.67	-1.0839
290.58	0.56919	21.737	-30.334	-3.6187	-14.027	-4.0839	0.88953	-18.252	2.1591	-61.556	42.897	-61.867	-124.37	28.242	-40.713	-150.66	-1.0868
290.59	0.57242	21.741	-30.33	-3.613	-14.023	-4.076	0.88153	-18.268	2.1855	-61.544	42.862	-61.855	-124.36	28.238	-40.706	-150.64	-1.0904
290.58	0.57057	21.726	-30.329	-3.5993	-14.029	-4.0712	0.86554	-18.28	2.2205	-61.52	42.849	-61.826	-124.35	28.241	-40.692	-150.63	-1.1051
290.58	0.57927	21.742	-30.319	-3.5774	-14.025	-4.049	0.85471	-18.288	2.2521	-61.51	42.817	-61.787	-124.34	28.234	-40.7	-150.6	-1.1271
290.59	0.57473	21.732	-30.324	-3.5652	-14.022	-4.0433	0.84386	-18.306	2.2971	-61.501	42.802	-61.76	-124.33	28.228	-40.669	-150.62	-1.1348
290.59	0.57149	21.725	-30.304	-3.5409	-14.011	-4.0115	0.84895	-18.3	2.3487	-61.477	42.786	-61.727	-124.32	28.23	-40.672	-150.56	-1.1542
