137.27	-1.007	20.353	-37.85	2.4857	-13.942	-10.414	1.4989	-17.039	-15.851	-60.434	42.407	-92.841	-110.85	27.231	-75.426	-139.09	-3.0486
137.27	-1.0161	20.35	-37.85	2.4806	-13.955	-10.413	1.5117	-17.031	-15.865	-60.441	42.395	-92.843	-110.85	27.217	-75.444	-139.08	-3.0364
137.27	-1.0211	20.358	-37.832	2.4916	-13.957	-10.403	1.519	-17.036	-15.87	-60.432	42.397	-92.85	-110.84	27.229	-75.424	-139.07	-3.0391
137.27	-1.0101	20.364	-37.842	2.488	-13.977	-10.411	1.516	-17.042	-15.867	-60.429	42.4	-92.855	-110.83	27.23	-75.429	-139.07	-3.0516
137.26	-1.012	20.36	-37.847	2.4772	-13.969	-10.405	1.5058	-17.031	-15.863	-60.428	42.404	-92.849	-110.84	27.218	-75.422	-139.07	-3.0375
137.26	-1.0119	20.36	-37.844	2.4974	-13.951	-10.41	1.5145	-17.029	-15.87	-60.431	42.399	-92.848	-110.84	27.217	-75.423	-139.07	-3.04
137.27	-1.0074	20.354	-37.845	2.4856	-13.976	-10.411	1.516	-17.042	-15.872	-60.433	42.396	-92.846	-110.83	27.221	-75.423	-139.06	-3.0345
137.27	-1.0101	20.364	-37.833	2.4899	-13.956	-10.407	1.5073	-17.044	-15.862	-60.425	42.404	-92.844	-110.83	27.211	-75.418	-139.07	-3.0353
137.27	-1.0074	20.354	-37.848	2.4823	-13.956	-10.411	1.516	-17.042	-15.868	-60.416	42.407	-92.85	-110.84	27.215	-75.415	-139.07	-3.0459
137.26	-1.012	20.36	-37.834	2.484	-13.969	-10.411	1.516	-17.042	-15.872	-60.433	42.397	-92.849	-110.84	27.228	-75.431	-139.07	-3.0286
137.26	-1.0111	20.362	-37.845	2.4848	-13.957	-10.405	1.5058	-17.031	-15.879	-60.423	42.399	-92.848	-110.84	27.217	-75.421	-139.06	-3.0334
137.27	-1.0201	20.36	-37.847	2.4721	-13.982	-10.41	1.5145	-17.029	-15.884	-60.427	42.393	-92.849	-110.84	27.218	-75.426	-139.07	-3.0362
137.27	-1.017	20.348	-37.848	2.4823	-13.956	-10.403	1.5174	-17.023	-15.887	-60.417	42.398	-92.852	-110.84	27.215	-75.413	-139.07	-3.0327
137.27	-1.022	20.356	-37.849	2.4815	-13.955	-10.412	1.5117	-17.032	-15.883	-60.426	42.395	-92.853	-110.85	27.22	-75.417	-139.07	-3.037
137.27	-1.022	20.357	-37.848	2.4822	-13.955	-10.406	1.5146	-17.025	-15.877	-60.424	42.4	-92.851	-110.85	27.21	-75.422	-139.08	-3.0397
137.27	-1.0216	20.344	-37.846	2.4781	-13.969	-10.413	1.5117	-17.031	-15.883	-60.415	42.402	-92.854	-110.85	27.208	-75.417	-139.07	-3.0485
137.27	-1.0197	20.358	-37.851	2.4672	-13.961	-10.408	1.503	-17.034	-15.886	-60.428	42.407	-92.853	-110.85	27.22	-75.422	-139.08	-3.0282
137.26	-1.0243	20.355	-37.847	2.4772	-13.969	-10.413	1.5117	-17.031	-15.885	-60.427	42.394	-92.845	-110.85	27.214	-75.412	-139.09	-3.0405
137.27	-1.0178	20.363	-37.85	2.4747	-13.968	-10.413	1.5117	-17.031	-15.888	-60.43	42.39	-92.852	-110.85	27.208	-75.419	-139.08	-3.0377
137.27	-1.022	20.358	-37.86	2.4831	-13.963	-10.413	1.5117	-17.031	-15.894	-60.42	42.391	-92.854	-110.85	27.208	-75.422	-139.08	-3.0409
137.27	-1.017	20.349	-37.846	2.4781	-13.969	-10.413	1.5101	-17.018	-15.882	-60.412	42.417	-92.849	-110.85	27.212	-75.416	-139.08	-3.0374
137.27	-1.022	20.356	-37.859	2.4839	-13.963	-10.421	1.5087	-17.038	-15.884	-60.415	42.415	-92.855	-110.85	27.195	-75.41	-139.07	-3.0321
137.27	-1.0192	20.345	-37.845	2.4907	-13.963	-10.413	1.5117	-17.031	-15.894	-60.409	42.399	-92.855	-110.85	27.207	-75.416	-139.07	-3.049
137.27	-1.0076	20.353	-37.859	2.4839	-13.963	-10.413	1.5117	-17.031	-15.894	-60.405	42.402	-92.864	-110.85	27.206	-75.418	-139.08	-3.0372
137.27	-1.0193	20.346	-37.854	2.4947	-13.971	-10.414	1.5116	-17.031	-15.903	-60.402	42.413	-92.859	-110.85	27.22	-75.418	-139.09	-3.0417
137.27	-1.0074	20.354	-37.86	2.4839	-13.982	-10.418	1.5203	-17.029	-15.9	-60.398	42.416	-92.867	-110.84	27.207	-75.42	-139.08	-3.0408
137.27	-1.0093	20.35	-37.856	2.4981	-13.958	-10.41	1.5129	-17.016	-15.893	-60.394	42.421	-92.871	-110.84	27.206	-75.421	-139.08	-3.0386
137.27	-1.0178	20.363	-37.858	2.4906	-13.97	-10.413	1.514	-17.016	-15.902	-60.397	42.415	-92.868	-110.84	27.207	-75.42	-139.07	-3.0507
137.26	-1.0112	20.346	-37.856	2.493	-13.971	-10.413	1.5117	-17.031	-15.905	-60.389	42.419	-92.872	-110.84	27.204	-75.41	-139.08	-3.0368
137.27	-1.0051	20.355	-37.856	2.4923	-13.971	-10.412	1.5156	-17.03	-15.905	-60.388	42.418	-92.869	-110.83	27.198	-75.411	-139.08	-3.036
137.27	-1.017	20.349	-37.856	2.493	-13.971	-10.418	1.5227	-17.014	-15.912	-60.393	42.412	-92.876	-110.83	27.207	-75.431	-139.07	-3.0418
137.27	-1.0092	20.35	-37.86	2.4839	-13.982	-10.416	1.5112	-17.018	-15.905	-60.376	42.427	-92.876	-110.83	27.207	-75.438	-139.08	-3.035
137.27	-1.0171	20.349	-37.856	2.4981	-13.958	-10.415	1.5112	-17.019	-15.911	-60.379	42.421	-92.881	-110.83	27.204	-75.427	-139.08	-3.0292
137.27	-1.017	20.349	-37.857	2.4973	-13.957	-10.42	1.5199	-17.016	-15.915	-60.383	42.43	-92.88	-110.82	27.194	-75.426	-139.07	-3.0377
137.27	-1.0178	20.363	-37.857	2.4973	-13.958	-10.414	1.5101	-17.018	-15.911	-60.38	42.434	-92.881	-110.83	27.205	-75.435	-139.07	-3.0446
137.27	-1.017	20.349	-37.868	2.493	-13.978	-10.416	1.5112	-17.018	-15.915	-60.383	42.43	-92.887	-110.82	27.196	-75.429	-139.09	-3.0505
137.27	-1.0093	20.35	-37.866	2.5005	-13.966	-10.421	1.5071	-17.024	-15.906	-60.376	42.438	-92.894	-110.82	27.189	-75.44	-139.07	-3.0325
137.26	-1.0142	20.357	-37.868	2.504	-13.952	-10.421	1.5071	-17.024	-15.928	-60.378	42.428	-92.888	-110.82	27.195	-75.436	-139.09	-3.0389
137.27	-1.0197	20.359	-37.87	2.4972	-13.964	-10.427	1.5157	-17.021	-15.924	-60.387	42.41	-92.89	-110.82	27.204	-75.444	-139.07	-3.0331
137.27	-1.017	20.349	-37.866	2.5005	-13.966	-10.429	1.5114	-17.011	-15.928	-60.391	42.42	-92.904	-110.83	27.194	-75.433	-139.07	-3.0429
137.26	-1.0164	20.354	-37.865	2.4903	-13.992	-10.433	1.5112	-17.015	-15.932	-60.382	42.423	-92.899	-110.83	27.197	-75.43	-139.08	-3.0443
137.26	-1.0243	20.354	-37.868	2.4937	-13.978	-10.429	1.5114	-17.011	-15.933	-60.382	42.423	-92.899	-110.83	27.197	-75.44	-139.08	-3.0349
137.27	-1.022	20.356	-37.881	2.487	-13.978	-10.425	1.5027	-17.012	-15.94	-60.386	42.416	-92.906	-110.83	27.192	-75.432	-139.07	-3.0413
137.27	-1.0201	20.36	-37.871	2.4897	-13.957	-10.425	1.5154	-17.004	-15.928	-60.378	42.428	-92.907	-110.83	27.192	-75.429	-139.08	-3.0298
137.27	-1.0193	20.346	-37.879	2.4894	-13.998	-10.425	1.5154	-17.004	-15.935	-60.382	42.422	-92.907	-110.83	27.192	-75.433	-139.08	-3.033
137.27	-1.0197	20.359	-37.868	2.4988	-13.965	-10.43	1.5098	-16.997	-15.936	-60.382	42.421	-92.91	-110.83	27.189	-75.439	-139.07	-3.0475
137.27	-1.017	20.349	-37.88	2.4929	-13.965	-10.433	1.5112	-17.015	-15.935	-60.382	42.422	-92.908	-110.83	27.189	-75.44	-139.07	-3.0338
137.26	-1.012	20.36	-37.869	2.4921	-13.977	-10.421	1.5183	-17.003	-15.946	-60.377	42.419	-92.908	-110.82	27.196	-75.442	-139.08	-3.0373
137.27	-1.0193	20.346	-37.876	2.503	-13.973	-10.428	1.5153	-17.009	-15.931	-60.379	42.44	-92.915	-110.82	27.19	-75.418	-139.09	-3.0436
137.27	-1.0197	20.358	-37.866	2.5005	-13.966	-10.426	1.5142	-17.009	-15.946	-60.377	42.419	-92.898	-110.83	27.185	-75.434	-139.07	-3.0432
137.27	-1.0074	20.355	-37.866	2.4954	-13.979	-10.427	1.5142	-17.008	-15.935	-60.382	42.422	-92.899	-110.83	27.183	-75.438	-139.07	-3.0475
137.27	-1.0074	20.354	-37.867	2.5005	-13.985	-10.434	1.5128	-17.028	-15.94	-60.373	42.424	-92.897	-110.82	27.186	-75.434	-139.07	-3.0424
137.27	-1.0178	20.363	-37.866	2.5005	-13.966	-10.427	1.5157	-17.021	-15.937	-60.383	42.434	-92.897	-110.83	27.197	-75.438	-139.07	-3.0474
137.27	-1.0074	20.354	-37.855	2.4939	-13.971	-10.427	1.5157	-17.021	-15.924	-60.375	42.43	-92.892	-110.82	27.178	-75.422	-139.07	-3.0406
137.27	-1.0093	20.35	-37.866	2.5056	-13.953	-10.423	1.5186	-17.02	-15.926	-60.375	42.417	-92.899	-110.83	27.183	-75.431	-139.08	-3.0606
137.27	-1.0152	20.353	-37.868	2.4937	-13.978	-10.42	1.5184	-17.003	-15.928	-60.379	42.427	-92.899	-110.83	27.183	-75.425	-139.08	-3.0428
137.27	-1.0151	20.353	-37.869	2.4981	-13.965	-10.418	1.5227	-17.014	-15.924	-60.376	42.415	-92.888	-110.82	27.181	-75.433	-139.07	-3.0526
137.28	-1.0152	20.353	-37.866	2.5005	-13.966	-10.417	1.5227	-17.014	-15.924	-60.386	42.412	-92.892	-110.82	27.19	-75.422	-139.07	-3.051
137.27	-1.0093	20.35	-37.868	2.4879	-13.991	-10.426	1.5158	-17.022	-15.93	-60.378	42.412	-92.886	-110.83	27.188	-75.431	-139.08	-3.0581
137.28	-1.0151	20.352	-37.866	2.4954	-13.979	-10.426	1.5158	-17.022	-15.924	-60.386	42.412	-92.885	-110.82	27.194	-75.428	-139.08	-3.0435
137.27	-1.0175	20.35	-37.866	2.4894	-13.991	-10.421	1.5071	-17.024	-15.924	-60.388	42.422	-92.889	-110.82	27.182	-75.43	-139.07	-3.0374
137.27	-1.0201	20.36	-37.855	2.4938	-13.971	-10.409	1.5141	-17.012	-15.925	-60.389	42.424	-92.894	-110.82	27.189	-75.433	-139.08	-3.035
137.27	-1.0093	20.35	-37.868	2.493	-13.978	-10.421	1.5071	-17.024	-15.926	-60.404	42.415	-92.891	-110.82	27.193	-75.441	-139.08	-3.0333
137.27	-1.0197	20.359	-37.868	2.4989	-13.965	-10.413	1.5155	-17.029	-15.936	-60.426	42.399	-92.891	-110.82	27.203	-75.438	-139.09	-3.037
137.27	-1.0219	20.356	-37.859	2.4779	-13.976	-10.415	1.5143	-17.033	-15.938	-60.47	42.402	-92.895	-110.81	27.218	-75.452	-139.08	-3.0395
137.27	-1.022	20.356	-37.85	2.4739	-13.948	-10.408	1.5188	-17.04	-15.934	-60.536	42.386	-92.882	-110.82	27.225	-75.456	-139.1	-3.0339
137.27	-1.0211	20.358	-37.842	2.458	-13.946	-10.4	1.5277	-17.063	-15.926	-60.616	42.389	-92.885	-110.81	27.241	-75.474	-139.1	-3.0134
137.27	-1.0196	20.359	-37.824	2.4442	-13.904	-10.38	1.5451	-17.087	-15.922	-60.701	42.377	-92.885	-110.81	27.28	-75.471	-139.1	-2.9843
137.27	-1.0197	20.359	-37.793	2.4019	-13.862	-10.364	1.5782	-17.122	-15.911	-60.807	42.359	-92.896	-110.81	27.319	-75.478	-139.13	-2.9681
137.27	-1.022	20.356	-37.761	2.336	-13.814	-10.342	1.6626	-17.17	-15.879	-60.938	42.357	-92.887	-110.83	27.372	-75.45	-139.15	-2.931
137.26	-1.0142	20.357	-37.743	2.3278	-13.557	-10.357	1.8397	-17.247	-15.837	-61.087	42.374	-92.846	-110.88	27.45	-75.56	-139	-2.9146
137.26	-1.0129	20.358	-37.809	2.216	-13.478	-10.477	2.0459	-17.493	-15.778	-61.26	42.399	-92.791	-110.96	27.517	-75.503	-139.06	-2.8684
137.26	-1.0133	20.361	-37.886	2.1216	-13.347	-10.572	2.3078	-17.663	-15.68	-61.467	42.43	-92.707	-111.08	27.565	-75.089	-139.09	-2.5926
137.26	-1.0169	20.356	-37.984	1.9909	-13.061	-10.727	2.5641	-17.835	-15.603	-61.713	42.488	-92.569	-111.23	27.638	-75.223	-139.3	-2.8238
137.27	-1.0097	20.364	-38.186	1.982	-12.291	-11.035	3.0121	-17.601	-15.452	-61.986	42.571	-92.331	-111.5	27.76	-74.892	-139.66	-2.7991
137.26	-1.011	20.362	-38.361	1.964	-11.589	-11.186	3.4731	-17.042	-15.183	-62.399	42.647	-92.044	-111.8	27.928	-74.943	-139.52	-2.9194
137.26	-1.011	20.362	-38.485	1.8957	-10.533	-11.274	3.7431	-16.287	-14.855	-62.962	42.75	-91.661	-112.21	28.08	-74.742	-139.7	-2.9613
137.27	-1.0093	20.35	-38.476	1.8571	-9.2723	-11.15	3.9494	-15.273	-14.443	-63.66	42.976	-91.226	-112.67	28.276	-74.468	-139.88	-3.3212
137.27	-1.0101	20.364	-38.233	1.7136	-7.9277	-10.777	3.9752	-14.062	-13.954	-64.475	43.251	-90.756	-113.14	28.479	-74.379	-140.05	-3.3952
137.26	-1.012	20.36	-37.908	1.4829	-6.5441	-10.219	3.7706	-12.816	-13.45	-65.509	43.657	-90.296	-113.66	28.691	-73.937	-140.49	-3.5296
137.27	-1.0178	20.363	-37.347	1.1362	-5.1925	-9.4273	3.4676	-11.487	-12.89	-66.608	44.021	-89.832	-114.17	28.847	-73.767	-140.54	-3.6483
137.28	-1.014	20.355	-36.919	2.5198	0.92887	-8.4451	3.0389	-10.148	-12.231	-67.779	44.42	-89.311	-114.72	29.064	-73.286	-141.14	-3.6683
137.29	-1.0225	20.367	-36.131	1.8725	1.9288	-7.2836	2.4999	-8.855	-11.499	-69.008	44.913	-88.843	-115.23	29.603	-73.098	-141.23	-3.8032
137.28	-1.0257	20.363	-34.985	1.0609	2.7646	-5.8755	1.8811	-7.5353	-10.66	-70.3	45.313	-88.131	-115.93	29.877	-72.596	-141.69	-3.8394
137.29	-1.0349	20.362	-33.945	0.26275	3.7225	-4.1719	1.2423	-6.2112	-9.731	-71.662	45.597	-87.296	-116.7	30.162	-72.028	-142.17	-3.8612
137.29	-1.0356	20.376	-32.9	-0.4924	4.9915	-2.1728	0.53605	-4.8909	-8.6559	-73.078	46.002	-86.364	-117.53	30.528	-71.472	-142.72	-3.9075
137.29	-1.0434	20.375	-32.149	-1.1706	6.3698	0.4333	-0.21564	-3.5287	-7.4713	-74.528	46.262	-85.325	-118.44	30.981	-70.762	-143.29	-3.853
137.3	-1.0543	20.37	-31.44	-1.8125	7.9258	3.523	-1.0409	-2.1739	-6.2029	-76.006	46.595	-84.226	-119.41	31.434	-69.989	-143.93	-3.841
137.3	-1.0559	20.37	-30.721	-2.4723	9.4888	6.8045	-1.9737	-0.908	-4.8248	-77.461	46.859	-83.066	-120.39	32.002	-68.889	-144.95	-3.5653
137.29	-1.0589	20.366	-29.592	-3.4648	9.8441	10.439	-2.9828	0.41622	-3.3409	-78.811	47.122	-81.847	-121.26	32.559	-68.157	-145.39	-3.1612
137.29	-1.0611	20.362	-28.743	-4.2767	11.215	14.223	-4.1403	1.6088	-1.7804	-80.141	47.534	-80.546	-122.03	33.186	-67.058	-146.14	-2.3381
137.28	-1.0535	20.376	-27.62	-5.1703	12.399	18.531	-5.1898	3.2169	0.20793	-81.118	48.44	-79.095	-122.88	33.781	-65.788	-146.99	-1.9676
137.28	-1.0582	20.37	-26.31	-6.0984	13.441	22.466	-6.6713	4.2371	1.9218	-82.437	48.88	-77.393	-123.92	34.356	-64.318	-147.91	-1.6162
137.27	-1.0502	20.37	-24.775	-7.0925	14.474	26.491	-8.2958	5.3509	3.7981	-83.783	49.368	-75.599	-124.96	34.93	-62.885	-148.72	-1.134
137.27	-1.0474	20.361	-22.943	-8.1686	15.313	30.616	-10.005	6.4258	5.7735	-85.194	49.921	-73.669	-125.9	35.495	-60.811	-150.07	-0.64315
137.27	-1.0369	20.377	-20.788	-9.2853	16.177	34.721	-11.832	7.4651	7.9135	-86.653	50.565	-71.71	-126.74	36.103	-59.155	-150.78	-0.1312
137.26	-1.0322	20.373	-18.344	-10.454	17	38.853	-13.755	8.5503	10.201	-88.139	51.156	-69.683	-127.55	36.73	-57.318	-151.64	0.79961
137.26	-1.0295	20.363	-15.64	-11.632	17.734	43.062	-15.759	9.5487	12.568	-89.636	51.765	-67.538	-128.36	37.408	-55.301	-152.63	1.4596
137.26	-1.0295	20.363	-12.769	-12.862	18.542	47.264	-17.793	10.591	15.099	-91.179	52.425	-65.313	-129.18	38.097	-53.136	-153.52	2.2024
137.25	-1.019	20.365	-9.7345	-14.091	19.245	51.495	-19.873	11.685	17.699	-92.744	53.09	-62.927	-129.98	38.771	-50.97	-154.41	2.9787
137.25	-1.0194	20.366	-6.5437	-15.322	20.006	55.757	-21.934	12.739	20.378	-94.29	53.771	-60.401	-130.79	39.498	-48.561	-155.24	3.7276
137.26	-1.015	20.373	-3.2266	-16.533	20.741	60.043	-24.052	13.78	23.167	-95.829	54.434	-57.812	-131.58	40.269	-46.156	-156.15	4.5155
137.26	-1.0127	20.376	0.16632	-17.753	21.419	64.34	-26.116	14.778	26.023	-97.337	55.069	-55.143	-132.36	40.996	-43.778	-156.88	5.3008
137.27	-1.0227	20.371	3.6407	-18.914	22.139	68.603	-28.1	15.76	28.913	-98.827	55.707	-52.418	-133.11	41.728	-41.236	-157.69	6.0806
137.27	-1.0203	20.361	7.1629	-20.043	22.739	72.819	-30.088	16.782	31.909	-100.27	56.326	-49.623	-133.8	42.494	-38.65	-158.44	6.7262
137.26	-1.0269	20.365	10.744	-21.1	23.331	77.103	-31.947	17.647	34.99	-101.59	56.949	-46.732	-134.47	43.235	-35.811	-159.24	7.6369
137.28	-1.0286	20.374	14.346	-22.123	23.797	81.315	-33.763	18.403	38.099	-102.84	57.402	-43.77	-135.08	43.942	-33.355	-159.83	8.2479
137.28	-1.0309	20.372	17.934	-23.076	24.221	85.508	-35.512	19.068	41.268	-103.95	57.869	-40.757	-135.6	44.673	-30.358	-160.37	9.0749
137.28	-1.041	20.369	21.52	-23.905	24.601	89.681	-37.137	19.553	44.476	-104.95	58.356	-37.708	-136.07	45.326	-27.686	-160.99	9.6937
137.28	-1.041	20.369	25.076	-24.652	24.783	93.821	-38.534	19.916	47.707	-105.81	58.698	-34.63	-136.47	45.977	-24.672	-161.46	10.585
137.29	-1.0487	20.367	28.526	-25.313	24.864	97.902	-39.896	20.19	50.97	-106.5	58.944	-31.355	-136.89	46.219	-21.675	-161.97	11.219
137.28	-1.0526	20.378	31.946	-25.854	24.876	101.94	-40.998	20.368	54.246	-107.06	59.195	-28.178	-137.13	46.812	-18.786	-162.48	11.706
137.29	-1.0502	20.379	35.28	-26.279	24.784	106.03	-41.984	20.444	57.542	-107.46	59.407	-24.992	-137.31	47.372	-15.992	-162.43	12.309
137.28	-1.0537	20.376	38.54	-26.606	24.541	109.99	-42.748	20.317	60.859	-107.69	59.503	-21.779	-137.4	47.903	-12.997	-162.63	12.883
137.27	-1.05	20.37	41.722	-26.832	24.28	113.93	-43.497	20.137	64.184	-107.77	59.495	-18.534	-137.41	48.384	-9.8437	-162.95	13.589
137.27	-1.0479	20.374	44.809	-26.95	23.796	117.83	-43.998	19.845	67.519	-107.7	59.44	-15.281	-137.37	48.845	-6.8972	-162.87	14.004
137.27	-1.0479	20.374	47.825	-26.967	23.34	121.63	-44.253	19.375	70.849	-107.5	59.294	-12.023	-137.23	49.318	-3.7942	-162.81	14.616
137.27	-1.0501	20.371	50.779	-26.907	22.818	125.31	-44.521	18.82	74.217	-107.2	59.062	-8.7875	-137.06	49.751	-0.7039	-162.93	15.103
137.27	-1.0361	20.364	53.615	-26.752	22.291	128.93	-44.628	18.207	77.532	-106.81	58.8	-5.5417	-136.86	50.209	2.2402	-162.74	15.552
137.26	-1.0272	20.364	56.41	-26.506	21.786	132.46	-44.609	17.577	80.839	-106.35	58.472	-2.3526	-136.56	50.575	5.1247	-162.35	15.907
136.9	-1.3403	19.845	59.139	-26.19	21.304	135.83	-44.459	16.941	84.089	-105.77	58.158	0.76517	-136.2	50.895	8.1059	-162.03	16.372
136.62	-1.5336	19.612	61.838	-25.774	20.864	139	-44.147	16.31	87.206	-105.17	57.871	3.8099	-135.76	51.196	11.04	-161.74	16.773
136.62	-1.5336	19.612	64.463	-25.295	20.401	142.11	-43.827	15.84	90.238	-104.47	57.619	7.2345	-134.95	51.752	14.218	-161.1	17.37
136.62	-1.5336	19.612	66.98	-24.741	19.944	144.98	-43.305	15.36	93.076	-103.71	57.473	10.063	-134.34	51.963	16.848	-160.39	17.596
136.63	-1.5277	19.622	69.411	-24.121	19.415	147.7	-42.633	15.009	95.769	-102.81	57.307	12.756	-133.61	52.094	19.542	-159.79	17.784
136.63	-1.5277	19.622	71.739	-23.432	18.812	150.14	-41.838	14.711	98.279	-101.83	57.286	15.325	-132.8	52.186	22.399	-159.47	18.107
136.63	-1.5375	19.603	73.967	-22.664	18.138	152.53	-40.75	14.58	100.64	-100.67	57.364	17.726	-131.89	52.234	24.73	-158.67	18.254
136.63	-1.5375	19.603	76.061	-21.833	17.423	154.7	-39.632	14.491	102.79	-99.394	57.458	19.975	-130.91	52.234	27.104	-157.88	18.502
136.64	-1.5421	19.608	78.051	-20.944	16.64	156.62	-38.292	14.424	104.83	-97.976	57.578	22.124	-129.84	52.234	29.47	-157.1	18.717
153.56	-33.137	15.29	79.92	-19.981	15.842	136.64	-1.5429	19.621	106.74	-96.502	57.753	23.682	-128.98	51.852	31.117	-156.48	18.477
155.2	-31.5	15.258	81.988	-19.28	14.756	137.29	-1.0349	20.363	108.55	-94.923	57.969	25.598	-127.78	51.76	33.316	-155.57	18.645
156.69	-29.816	14.935	83.653	-18.203	13.931	137.29	-1.0475	20.37	110.23	-93.287	58.154	27.422	-126.54	51.635	35.267	-154.45	18.72
157.98	-28.225	15.235	85.309	-17.152	13.178	137.29	-1.0475	20.369	111.86	-91.678	58.2	29.189	-125.27	51.489	37.392	-153.74	18.964
159.14	-26.539	14.423	86.859	-16.028	12.403	137.29	-1.0475	20.369	113.43	-89.984	58.26	30.883	-123.99	51.358	39.194	-152.46	18.942
160.19	-24.799	13.95	88.308	-14.877	11.629	137.29	-1.0489	20.371	114.98	-88.291	58.254	32.525	-122.7	51.239	41.216	-151.69	19.092
160.19	-24.799	13.95	89.722	-13.636	11.029	137.28	-1.0443	20.367	116.48	-86.64	58.153	34.127	-121.43	51.064	42.91	-150.46	19.108
160.19	-24.799	13.95	91.059	-12.435	10.458	137.28	-1.0413	20.382	117.96	-84.955	57.998	35.717	-120.17	50.876	44.668	-149.35	19.145
167.58	-23.312	11.391	92.317	-11.245	9.897	137.28	-1.0427	20.365	119.5	-83.342	57.822	37.292	-118.96	50.71	46.353	-148.25	19.148
167.58	-23.312	11.391	93.516	-9.9971	9.319	137.27	-1.0373	20.363	120.95	-81.742	57.544	38.846	-117.77	50.585	47.868	-147	18.938
167.58	-23.312	11.391	94.699	-8.8029	8.8298	137.26	-1.0399	20.371	122.44	-80.212	57.257	40.361	-116.62	50.423	49.521	-146.08	19.02
167.58	-23.312	11.391	95.875	-7.6482	8.3119	137.26	-1.0295	20.363	123.9	-78.731	56.917	41.881	-115.47	50.229	51.049	-144.99	18.959
167.58	-23.312	11.391	97.088	-6.5402	7.8117	137.26	-1.0268	20.354	125.42	-77.311	56.543	43.369	-114.38	50.085	52.637	-144.03	18.779
167.58	-23.312	11.391	98.348	-5.4778	7.3236	137.26	-1.0294	20.364	126.89	-75.969	56.131	44.806	-113.35	49.885	53.992	-142.81	18.656
167.58	-23.312	11.391	99.626	-4.4631	6.6727	137.26	-1.0168	20.358	128.33	-74.744	55.716	46.255	-112.28	49.63	55.306	-141.63	18.284
167.58	-23.312	11.391	101	-3.6152	6.2585	137.26	-1.0226	20.371	129.78	-73.582	55.336	47.651	-111.32	49.403	56.761	-140.84	18.177
167.58	-23.312	11.391	102.45	-2.7644	5.5391	137.26	-1.0172	20.37	131.2	-72.538	54.908	49.004	-110.36	49.151	58.053	-139.89	17.928
167.58	-23.312	11.391	104.05	-2.0419	4.9182	137.26	-1.0248	20.368	132.58	-71.593	54.485	50.303	-109.43	48.854	59.33	-139.01	17.643
167.58	-23.312	11.391	105.64	-1.3848	4.2278	137.26	-1.0145	20.359	133.92	-70.654	54.048	51.527	-108.59	48.607	60.521	-138.12	17.298
167.58	-23.312	11.391	107.27	-0.71252	3.5715	137.26	-1.026	20.367	135.17	-69.765	53.616	52.732	-107.73	48.257	61.701	-137.3	17.02
167.58	-23.312	11.391	108.82	-0.12649	2.7871	137.27	-1.025	20.369	136.38	-68.913	53.312	53.834	-106.94	47.987	62.79	-136.39	16.626
167.58	-23.312	11.391	110.23	0.37582	1.9954	137.28	-1.0278	20.36	137.5	-68.036	52.982	54.897	-106.19	47.651	63.883	-135.84	16.408
168.8	-3.9771	-3.3158	111.44	0.82578	1.3137	137.27	-1.0305	20.37	138.53	-67.194	52.664	55.908	-105.47	47.334	65.028	-135.29	16.106
168.01	-2.8479	-4.3603	112.34	1.0282	0.042285	137.28	-1.0406	20.367	139.2	-66.585	51.976	56.881	-104.82	47.092	65.935	-134.35	15.783
168.01	-2.8479	-4.3603	113.45	1.5121	-0.59932	137.28	-1.041	20.369	140.14	-65.7	51.716	57.809	-104.19	46.82	66.907	-133.84	15.566
168.01	-2.8479	-4.3603	114.44	1.8926	-1.1567	137.28	-1.0407	20.369	141.01	-64.805	51.475	58.687	-103.61	46.515	67.919	-133.49	15.477
168.01	-2.8479	-4.3603	115.4	2.297	-1.874	137.29	-1.0484	20.368	141.77	-63.999	51.245	59.523	-103.05	46.261	68.824	-132.92	15.242
168.01	-2.8479	-4.3603	116.43	2.779	-2.381	137.28	-1.042	20.368	142.58	-63.147	51.068	60.337	-102.52	46.038	69.694	-132.31	15.008
168.01	-2.8479	-4.3603	117.16	2.9348	-3.3698	137.21	-1.0593	20.396	143.36	-62.348	50.944	61.156	-102.01	45.851	70.639	-131.98	15.001
168.01	-2.8479	-4.3603	118.18	3.3045	-3.6001	137.2	-1.0547	20.391	144.08	-61.628	50.781	61.971	-101.54	45.668	71.515	-131.57	14.824
168.01	-2.8479	-4.3603	119.2	3.7145	-4.0016	136.65	-1.5262	19.605	144.87	-60.941	50.735	62.807	-101.13	45.516	72.394	-131.21	14.717
168.01	-2.8479	-4.3603	119.8	4.1489	-4.2139	137.13	-1.1632	19.507	145.67	-60.343	50.739	63.65	-100.75	45.417	73.441	-131.02	14.697
168.01	-2.8479	-4.3603	120.47	4.6729	-4.1635	137.82	-0.63	19.529	146.43	-59.837	50.799	64.512	-100.43	45.35	74.368	-130.58	14.658
168.01	-2.8479	-4.3603	121.25	5.157	-4.1926	138.52	-0.09563	19.599	147.27	-59.344	50.898	65.436	-100.15	45.336	75.334	-130.29	14.655
168.01	-2.8479	-4.3603	122.19	5.52	-4.0116	139.41	0.33135	19.627	148.18	-58.845	51.016	66.443	-99.951	45.405	76.355	-130.13	14.767
168.01	-2.8479	-4.3603	123.21	5.7929	-3.8697	140.41	0.56913	19.621	149.19	-58.47	51.3	67.452	-99.754	45.471	77.404	-129.88	14.798
168.01	-2.8479	-4.3603	124.31	6.0843	-3.9602	141.45	0.77141	19.652	150.18	-58.14	51.554	68.53	-99.557	45.549	78.499	-129.54	14.847
168.01	-2.8479	-4.3603	125.49	6.2647	-3.7012	142.55	0.96151	19.861	151.29	-57.901	51.874	69.677	-99.392	45.718	79.749	-129.56	15.168
168.01	-2.8479	-4.3603	126.78	6.4161	-3.4144	143.79	1.1438	20.227	152.53	-57.734	52.278	70.904	-99.253	45.868	81.031	-129.48	15.358
168.21	7.0623	-8.2654	128.2	6.5715	-3.0873	145.2	1.3215	20.642	153.82	-57.627	52.641	72.245	-99.177	46.069	82.322	-129.24	15.448
169.68	6.935	-8.0282	129.8	6.6915	-2.7244	146.81	1.3557	21.076	155.25	-57.578	53.124	73.64	-99.144	46.342	83.799	-129.34	15.811
171.37	6.8774	-7.5461	131.57	6.648	-2.2207	148.66	1.3408	21.654	156.81	-57.657	53.645	75.15	-99.09	46.598	85.315	-129.32	16.17
173.3	6.7769	-6.9525	133.47	6.5896	-1.5941	150.65	1.2341	22.186	158.48	-57.787	54.119	76.747	-99.098	46.92	86.856	-129.19	16.296
175.3	6.5767	-6.3396	135.56	6.4942	-1.0575	152.72	1.0234	22.72	160.3	-57.953	54.746	78.435	-99.134	47.275	88.492	-129.21	16.755
177.41	6.2494	-5.7788	137.75	6.3277	-0.53595	154.95	0.80608	23.431	162.21	-58.238	55.274	80.262	-99.173	47.661	90.299	-129.44	17.091
179.76	5.9802	-5.0429	140.11	6.1445	0.2688	157.27	0.51619	24.051	164.26	-58.583	55.955	82.151	-99.267	48.06	92.125	-129.54	17.549
181.49	5.2509	-5.1003	142.59	5.8369	1.0572	159.74	0.18439	24.797	166.43	-58.988	56.518	84.186	-99.354	48.497	94.11	-129.55	17.971
184.78	5.2765	-3.5206	145.17	5.5854	1.716	162.35	-0.15649	25.633	168.68	-59.425	57.229	86.287	-99.488	48.931	96.039	-129.69	18.241
187.46	4.8477	-2.7586	147.9	5.2607	2.6948	165.62	-0.091974	27.192	171.04	-59.923	57.798	88.488	-99.624	49.431	98.221	-129.76	18.804
190.29	4.4188	-1.8884	150.75	4.8851	3.5924	168.43	-0.5699	28.012	173.51	-60.478	58.487	90.781	-99.789	49.98	100.28	-129.99	19.155
193.23	3.9572	-0.953	153.7	4.5154	4.4488	171.41	-1.0565	28.903	176.13	-61.077	59.195	93.164	-99.945	50.467	102.57	-130.09	19.728
196.28	3.4491	-0.077465	156.75	4.1237	5.3531	174.4	-1.6667	29.797	178.84	-61.713	59.949	95.639	-100.11	51.029	104.83	-130.27	20.161
198.72	2.4764	0.11977	159.92	3.6954	6.295	177.56	-2.2032	30.764	181.58	-62.446	60.644	98.189	-100.28	51.61	107.24	-130.35	20.635
202.72	2.3048	1.8621	163.16	3.3334	7.1951	180.8	-2.813	31.732	184.39	-63.108	61.403	100.8	-100.44	52.157	109.61	-130.47	21.155
205.38	1.2622	2.0869	166.57	2.7564	8.2573	184.11	-3.468	32.689	187.28	-63.869	62.193	103.45	-100.6	52.733	112.02	-130.51	21.644
209.55	0.96813	3.9211	170.03	2.3054	9.1077	187.53	-4.0904	33.716	190.18	-64.577	63.019	106.13	-100.73	53.277	114.68	-130.81	22.193
213.11	0.26483	4.9373	173.57	1.7752	9.8871	190.92	-4.7974	34.605	193.09	-65.318	63.809	108.83	-100.82	53.839	117.17	-130.88	22.633
216.72	-0.43303	5.9948	177.17	1.1955	10.841	194.39	-5.4546	35.577	196.02	-66.02	64.716	111.55	-100.89	54.335	119.81	-131.02	23.2
220.34	-1.1644	7.0107	180.79	0.63902	11.8	197.81	-6.1267	36.443	198.94	-66.69	65.505	114.3	-100.93	54.865	122.47	-131.04	23.69
223.95	-1.886	8.0262	184.4	0.10351	12.688	201.25	-6.7495	37.329	201.88	-67.348	66.343	117.07	-100.94	55.35	125.08	-131.18	24.214
227.58	-2.5723	8.9726	187.97	-0.33961	13.46	204.7	-7.3415	38.242	204.8	-67.952	67.166	119.85	-100.95	55.848	127.7	-131.23	24.608
231.18	-3.2393	9.8919	191.57	-0.8052	14.012	208.07	-7.9694	39.027	207.73	-68.556	67.873	122.63	-100.93	56.295	130.3	-131.15	25.128
233.99	-4.2651	9.8844	195.09	-1.3288	14.71	211.44	-8.5183	39.842	210.64	-69.097	68.572	125.41	-100.88	56.779	133.1	-131.18	25.594
237.5	-4.757	10.883	198.55	-1.7308	15.614	214.79	-9.0312	40.629	213.55	-69.648	69.229	128.17	-100.84	57.217	135.64	-131.12	26.064
241.05	-5.1535	11.874	201.95	-2.0619	16.291	218.05	-9.5119	41.351	216.44	-70.141	69.814	130.92	-100.79	57.657	138.23	-131.15	26.522
244.98	-5.2513	13.238	205.26	-2.3211	16.994	221.28	-9.9791	42.048	219.32	-70.606	70.38	133.65	-100.7	58.081	140.75	-131.04	26.814
247.7	-5.9589	13.392	208.5	-2.6793	17.793	224.5	-10.335	42.807	222.11	-71.064	70.816	136.33	-100.59	58.437	143.29	-130.89	27.04
251.4	-5.9764	14.62	211.66	-2.851	18.326	227.58	-10.687	43.345	224.91	-71.407	71.292	138.97	-100.47	58.766	145.73	-130.67	27.412
253.87	-6.6318	14.454	214.76	-3.0049	18.812	230.62	-10.972	43.907	227.57	-71.717	71.616	141.55	-100.31	59.081	148.12	-130.57	27.629
256.89	-6.8918	14.884	217.76	-3.0885	19.214	233.55	-11.169	44.353	230.24	-71.929	71.987	144.08	-100.06	59.327	150.43	-130.33	27.794
259.89	-7.0796	15.344	220.65	-3.2894	19.681	236.38	-11.386	44.713	232.77	-72.087	72.275	146.52	-99.786	59.512	152.79	-130.13	28.034
262.7	-7.2655	15.647	223.49	-3.36	19.894	239.16	-11.456	45.044	235.2	-72.157	72.5	148.9	-99.462	59.657	155.04	-129.79	28.226
266.06	-6.9775	16.611	226.2	-3.3076	20.013	241.79	-11.529	45.228	237.53	-72.16	72.684	151.18	-99.073	59.768	157.17	-129.49	28.368
268.74	-7.0046	16.835	228.83	-3.3451	20.231	244.29	-11.526	45.301	239.79	-72.1	72.866	153.39	-98.68	59.773	159.37	-129.16	28.438
271.3	-7.0525	16.894	231.35	-3.2101	20.031	246.73	-11.437	45.353	241.98	-71.913	72.948	155.55	-98.208	59.741	161.45	-128.81	28.503
273.22	-7.3015	16.294	233.81	-3.1316	19.906	249.1	-11.271	45.322	244.03	-71.699	72.993	157.64	-97.705	59.658	163.4	-128.51	28.439
275.68	-7.2455	16.237	236.12	-3.0585	19.74	251.38	-11.085	45.177	246.05	-71.407	72.99	159.62	-97.191	59.522	165.32	-128.09	28.41
278.49	-6.8626	16.677	238.38	-2.9272	19.435	253.52	-10.9	44.89	248.03	-71.074	72.892	161.57	-96.645	59.391	167.22	-127.69	28.326
280.14	-7.0378	15.787	240.51	-2.7853	19.062	255.58	-10.7	44.524	249.96	-70.704	72.758	163.44	-96.103	59.168	169.01	-127.28	28.327
282.69	-6.6548	15.999	242.54	-2.6125	18.438	257.53	-10.483	44.067	251.81	-70.377	72.48	165.24	-95.566	58.916	170.78	-126.84	28.126
284.09	-6.784	14.915	244.47	-2.4243	18.131	259.48	-10.222	43.628	253.6	-70.049	72.14	167	-95.024	58.643	172.48	-126.37	27.967
286.48	-6.2616	15.076	246.29	-2.1784	17.72	261.35	-9.9054	43.227	255.35	-69.747	71.747	168.7	-94.529	58.317	174.02	-125.96	27.596
287.76	-6.3314	13.962	248.06	-1.9442	17.243	263.16	-9.6555	42.766	257.03	-69.443	71.291	170.34	-94.047	57.965	175.61	-125.49	27.389
289.34	-6.157	13.344	249.72	-1.5718	16.569	264.86	-9.3734	42.294	258.69	-69.166	70.869	171.89	-93.581	57.555	176.99	-125.03	26.968
291.54	-5.6344	13.521	251.31	-1.3725	16.319	266.5	-9.144	41.777	260.21	-68.904	70.294	173.39	-93.123	57.189	178.46	-124.55	26.618
292.56	-5.6827	12.329	252.87	-1.0593	15.731	268.03	-8.9105	41.221	261.71	-68.615	69.817	174.82	-92.656	56.752	179.76	-124.24	26.223
294.5	-5.1994	12.337	254.31	-0.78411	15.147	269.52	-8.6104	40.688	263.07	-68.34	69.222	176.15	-92.191	56.276	180.98	-123.75	25.629
295.92	-4.9658	11.779	255.7	-0.55807	14.564	270.92	-8.3608	40.1	264.37	-68.05	68.651	177.43	-91.717	55.753	182.12	-123.36	25.217
296.75	-5.0235	10.541	257.02	-0.26547	13.906	272.23	-8.1239	39.458	265.63	-67.73	68.07	178.65	-91.246	55.246	183.22	-122.94	24.652
297.91	-4.892	9.7375	258.28	0.0091148	13.239	273.52	-7.8185	38.852	266.8	-67.403	67.487	179.77	-90.782	54.698	184.31	-122.52	24.148
299.15	-4.623	9.1239	259.48	0.2137	12.711	274.72	-7.4911	38.197	267.88	-67.093	66.812	180.84	-90.313	54.093	185.31	-122.05	23.61
300.26	-4.4005	8.3827	260.57	0.53431	11.891	275.81	-7.2222	37.406	268.92	-66.73	66.21	181.86	-89.874	53.487	186.36	-121.74	23.128
301.83	-3.8728	8.2336	261.58	0.8571	11.084	276.86	-6.8848	36.667	269.91	-66.328	65.574	182.81	-89.421	52.872	187.23	-121.26	22.526
302.85	-3.6032	7.5272	262.56	1.0645	10.221	277.78	-6.5854	35.817	270.82	-65.979	64.877	183.74	-88.987	52.226	188.03	-121.03	21.946
303.1	-3.663	5.9478	263.41	1.3769	9.4468	278.68	-6.2289	35.027	271.65	-65.598	64.122	184.58	-88.565	51.596	188.87	-120.63	21.407
304.49	-3.0089	5.8588	264.18	1.6829	8.4171	279.39	-5.8965	34.162	272.49	-65.157	63.404	185.38	-88.163	50.896	189.64	-120.32	20.771
304.64	-2.9665	4.2396	264.85	1.9	7.6923	280.13	-5.5018	33.314	273.21	-64.783	62.582	186.15	-87.787	50.281	190.39	-120.05	20.196
305.28	-2.6752	3.2439	265.45	2.1962	6.8679	280.74	-5.145	32.331	273.94	-64.324	61.815	186.85	-87.417	49.583	190.97	-119.7	19.566
305.85	-2.3217	2.3108	265.99	2.4481	5.7901	281.35	-4.7427	31.409	274.57	-63.898	60.953	187.47	-87.08	48.884	191.63	-119.39	18.949
306.88	-1.6952	1.9809	266.48	2.7505	4.6593	281.82	-4.3991	30.33	275.15	-63.463	60.079	188.07	-86.712	48.188	192.47	-119.71	18.434
307.35	-1.356	0.87636	266.91	3.0095	3.5171	282.25	-4.0872	29.233	275.7	-63.023	59.221	188.6	-86.376	47.432	192.71	-118.95	17.654
307.76	-1.1205	-0.31245	267.32	3.1563	2.5147	282.7	-3.6998	28.145	276.2	-62.576	58.308	189.09	-86.056	46.67	193.18	-118.64	17.1
308.14	-0.87372	-1.3777	267.72	3.3379	1.2194	283.1	-3.3561	26.962	276.62	-62.137	57.381	189.54	-85.716	45.826	193.53	-118.46	16.377
308.55	-0.73668	-2.6038	268.1	3.5318	-0.16564	283.47	-3.0666	25.683	277.03	-61.717	56.406	189.95	-85.371	45.009	193.95	-118.25	15.623
310.06	0.42584	-2.3737	268.44	3.6232	-1.4494	283.8	-2.8207	24.334	277.4	-61.324	55.396	190.31	-85.03	44.089	194.28	-118.11	14.832
309.28	-0.56578	-5.3798	268.8	3.5865	-2.8653	284.1	-2.6188	22.897	277.77	-60.949	54.311	190.65	-84.697	43.209	194.62	-117.94	14.09
309.28	-0.56578	-5.3798	269.06	3.6466	-4.3221	284.75	-2.4696	22.056	278.11	-60.587	53.211	190.95	-84.392	42.204	194.88	-117.8	13.323
311.48	0.50543	-6.2416	269.49	3.8534	-5.0379	286.53	-2.1786	21.793	278.5	-60.428	52.099	191.23	-84.1	41.266	195.16	-117.65	12.513
311.48	0.50543	-6.2416	269.89	4.1845	-5.345	287.29	-1.9725	21.66	278.89	-60.528	51.01	191.49	-83.841	40.331	195.34	-117.5	11.682
311.12	-0.48093	-9.5884	269.97	4.3617	-5.8212	287.49	-1.7326	21.698	279.3	-60.788	50.038	191.68	-83.761	39.43	195.52	-117.4	10.829
312.36	0.48563	-8.8432	270.06	4.5111	-5.9538	287.71	-1.4931	21.704	279.62	-61.079	49.173	191.92	-83.857	38.778	195.71	-117.36	9.9269
312.36	0.48563	-8.8432	270.12	4.7583	-6.3885	287.87	-1.352	21.716	279.96	-61.353	48.306	192.25	-83.991	38.202	195.85	-117.35	9.2092
311.83	-0.41049	-11.339	270.17	4.8128	-6.5218	287.97	-1.2625	21.731	280.24	-61.578	47.628	192.51	-84.15	37.6	195.95	-117.32	8.53
312.9	0.35676	-10.456	270.18	4.8851	-6.7318	288.05	-1.2081	21.722	280.44	-61.732	47.156	192.69	-84.239	37.197	195.98	-117.36	7.9844
312.8	0.06919	-10.936	270.17	4.8966	-6.8649	288.1	-1.1646	21.715	280.46	-61.838	46.885	192.72	-84.27	36.841	195.93	-117.39	7.5942
312.85	0.016585	-10.965	270.16	4.8812	-6.9572	288.14	-1.1544	21.723	280.37	-61.903	46.813	192.65	-84.233	36.635	195.9	-117.39	7.4009
312.88	-0.0075572	-10.91	270.13	4.8577	-7.01	288.15	-1.1612	21.722	280.23	-61.908	46.877	192.55	-84.185	36.499	195.78	-117.42	7.3206
311.95	-0.91789	-12.242	270.08	4.8312	-7.0803	288.14	-1.1531	21.725	280.1	-61.867	46.991	192.45	-84.141	36.45	195.69	-117.42	7.3534
313.12	0.15232	-10.49	270.03	4.8047	-7.1507	288.15	-1.1501	21.73	280	-61.769	47.096	192.36	-84.118	36.466	195.61	-117.38	7.4208
312.08	-0.91316	-12.075	269.99	4.7847	-7.2097	288.15	-1.1501	21.73	279.91	-61.697	47.205	192.28	-84.063	36.502	195.56	-117.37	7.5081
312.46	-1.3015	-12.184	269.93	4.7818	-7.2758	288.14	-1.1432	21.727	279.81	-61.619	47.277	192.2	-83.957	36.544	195.46	-117.31	7.6691
312.48	-1.2992	-12.148	269.86	4.7733	-7.3601	288.14	-1.1412	21.727	279.69	-61.549	47.336	192.08	-83.791	36.596	195.37	-117.24	7.8843
312.5	-1.3106	-12.151	269.78	4.7227	-7.5334	288.13	-1.1362	21.727	279.55	-61.478	47.382	191.94	-83.632	36.66	195.21	-117.19	7.9666
312.29	-1.0153	-11.994	269.72	4.4703	-8.2651	288.09	-1.1531	21.72	279.35	-61.404	47.351	191.79	-83.479	36.698	195	-117.12	8.0378
312.34	-1.0418	-12.117	269.37	4.1555	-9.4714	288	-1.0608	21.741	279.15	-61.164	47.367	191.63	-83.299	36.694	194.82	-117.05	8.1275
312.63	-1.3163	-12.282	269.09	4.0306	-10.109	287.93	-0.97493	21.755	278.9	-60.815	47.275	191.46	-83.083	36.652	194.68	-117.02	8.3651
313.08	-1.9158	-13.314	268.63	4.19	-10.677	287.9	-0.98461	21.746	278.53	-60.314	47.042	191.26	-82.766	36.539	194.53	-116.99	8.5484
313.51	-2.3158	-14.22	267.61	4.2308	-11.501	287.97	-0.98706	21.766	278.27	-59.755	46.556	190.98	-82.519	36.453	194.39	-116.93	8.7312
314.35	-2.4513	-14.397	266.48	4.472	-12.198	287.97	-0.99062	21.761	278.05	-59.248	46.153	190.63	-82.384	36.374	194.14	-116.8	8.8478
315.52	-2.8996	-14.589	265.48	4.689	-12.61	287.98	-0.95305	21.765	277.67	-58.886	45.697	190.31	-82.212	36.285	193.78	-116.88	8.9812
316.89	-3.5497	-14.394	264.64	4.9726	-12.722	287.97	-0.90481	21.776	277.3	-58.58	45.421	189.96	-82.049	36.165	193.5	-116.87	9.0375
318.22	-4.2454	-13.864	263.74	5.1816	-12.821	287.97	-0.87832	21.788	276.86	-58.439	45.27	189.53	-81.951	36.113	193.03	-116.87	8.9842
319.48	-4.9966	-13.019	262.77	5.4918	-12.695	287.98	-0.87207	21.783	276.26	-58.377	45.301	189	-81.943	36.175	192.61	-116.97	9.1451
320.66	-5.8127	-12.034	261.84	5.6421	-12.439	287.98	-0.89594	21.785	275.65	-58.328	45.471	188.4	-81.98	36.381	192.1	-117.03	9.3515
321.81	-6.6988	-10.828	260.82	5.8121	-11.875	287.98	-0.93527	21.779	274.99	-58.329	45.742	187.8	-82.038	36.66	191.55	-117.2	9.6755
322.93	-7.6804	-9.333	259.69	5.9781	-11.468	287.98	-0.97714	21.768	274.25	-58.405	46.074	187.18	-82.112	36.985	190.92	-117.36	10.13
323.96	-8.6464	-7.7381	258.46	6.1615	-10.967	287.99	-0.98818	21.777	273.53	-58.547	46.461	186.48	-82.339	37.49	190.3	-117.52	10.627
324.85	-9.7395	-6.0361	257.17	6.1913	-9.9452	287.99	-0.96704	21.768	272.77	-58.828	46.848	185.71	-82.671	37.966	189.53	-117.89	11.11
325.57	-10.868	-4.2329	255.87	6.168	-8.871	288	-0.94757	21.769	271.94	-59.248	47.303	184.93	-83.095	38.507	188.78	-118.06	11.596
326.09	-12.096	-2.4879	254.53	6.1805	-7.9543	287.99	-0.92682	21.777	271.05	-59.73	47.83	184.06	-83.549	39.131	187.85	-118.44	12.058
326.52	-13.342	-0.56446	253.15	6.0418	-6.8731	288	-0.92126	21.783	270.09	-60.293	48.415	183.12	-84.034	39.756	186.85	-118.8	12.432
326.66	-14.734	1.2469	251.75	5.8797	-5.6423	288	-0.93142	21.781	268.98	-60.921	49.076	182.05	-84.561	40.403	185.76	-119.17	12.992
326.65	-16.158	3.0748	250.37	5.7034	-4.6481	288	-0.94331	21.775	267.79	-61.569	49.731	180.86	-85.079	41.078	184.68	-119.6	13.54
326.46	-17.571	5.0145	248.84	5.4791	-3.5264	288.01	-0.96871	21.774	266.45	-62.237	50.577	179.53	-85.586	41.787	183.34	-119.94	14.137
326	-18.969	6.9148	247.32	5.1186	-2.3206	288	-0.97871	21.775	265	-62.967	51.472	178.09	-86.121	42.546	181.98	-120.35	14.808
325.3	-20.356	8.7848	245.73	4.7646	-1.0247	288	-0.95894	21.779	263.36	-63.733	52.472	176.52	-86.702	43.364	180.4	-120.88	15.401
324.42	-21.614	10.767	244.01	4.3979	0.18827	288.01	-0.95402	21.771	261.64	-64.511	53.519	174.85	-87.303	44.188	178.91	-121.35	16.157
323.34	-22.815	12.699	242.18	4.0038	1.7411	288.01	-0.94232	21.779	259.82	-65.312	54.588	173.08	-87.975	45.093	177.16	-121.85	16.785
322.11	-23.893	14.697	240.14	3.6103	3.2985	287.99	-0.94098	21.784	257.89	-66.137	55.672	171.19	-88.674	45.983	175.44	-122.31	17.58
320.57	-25.027	16.488	237.99	3.3284	4.7426	287.99	-0.95551	21.775	255.81	-66.988	56.818	169.18	-89.428	46.965	173.49	-122.87	18.361
318.89	-26.054	18.233	235.69	2.9289	6.6109	288	-0.96456	21.769	253.62	-67.855	57.907	167.03	-90.18	47.974	171.42	-123.33	19.109
317	-27.002	19.939	233.27	2.5661	8.4029	287.99	-0.95758	21.771	251.31	-68.723	59.002	164.74	-90.958	49.052	169.2	-123.92	19.965
314.85	-27.911	21.452	231.04	2.6059	10.651	287.99	-0.95515	21.774	249.05	-69.373	60.446	162.29	-91.745	50.085	166.8	-124.49	20.737
312.49	-28.669	22.94	228.42	2.2841	12.732	287.99	-0.95515	21.774	246.46	-70.242	61.63	159.71	-92.531	51.137	164.37	-124.97	21.52
309.81	-29.308	24.263	225.53	1.9271	14.653	287.98	-0.96213	21.765	243.68	-71.112	62.727	156.98	-93.356	52.185	161.71	-125.52	22.284
306.93	-29.789	25.517	222.62	1.5778	16.473	287.99	-0.97177	21.774	240.77	-71.928	63.848	154.09	-94.206	53.182	159	-126.05	23.086
303.78	-30.081	26.766	219.45	1.3823	18.43	287.98	-0.96384	21.775	237.68	-72.712	65	151.07	-95.018	54.223	156.12	-126.58	23.879
300.33	-30.277	27.873	216.3	1.0551	20.108	287.99	-0.96557	21.768	234.44	-73.394	66.135	147.92	-95.831	55.23	153.11	-127.16	24.587
296.69	-30.22	29.065	212.9	0.74712	21.975	287.99	-0.97132	21.774	231.02	-74.044	67.265	144.56	-96.625	56.195	149.99	-127.68	25.29
292.81	-30.083	30.148	209.3	0.59218	23.765	288	-0.97525	21.779	227.47	-74.602	68.332	141.07	-97.434	57.122	146.77	-128.05	26.102
292.81	-30.083	30.148	205.64	0.2719	25.639	288	-0.9729	21.769	223.73	-75.119	69.381	137.44	-98.185	58.058	143.34	-128.63	26.864
284.32	-29.401	32.07	201.64	0.13793	27.38	287.72	-1.2903	21.262	219.87	-75.564	70.381	133.67	-98.925	58.98	139.87	-129.08	27.596
279.74	-28.909	32.917	197.6	-0.12434	29.297	288	-0.97868	21.776	215.92	-75.967	71.464	129.75	-99.663	59.902	136.3	-129.87	28.297
274.99	-28.306	33.642	193.37	-0.16081	30.751	288	-0.9762	21.766	211.79	-76.327	72.454	125.7	-100.43	60.768	132.36	-130.08	28.934
274.99	-28.306	33.642	188.99	-0.34024	32.668	288	-0.98559	21.775	207.55	-76.603	73.353	121.57	-101.19	61.641	128.47	-130.56	29.624
264.69	-26.75	34.896	184.49	-0.42414	34.11	288	-0.97852	21.777	203.19	-76.902	74.197	117.31	-101.97	62.477	124.58	-131.17	30.356
259.24	-25.619	35.658	179.88	-0.40514	35.441	288	-0.97338	21.77	198.76	-77.108	75.051	112.98	-102.76	63.278	120.45	-131.63	30.952
253.44	-24.454	36.111	175.17	-0.57301	36.925	288	-0.97562	21.765	194.17	-77.324	75.908	108.56	-103.53	64.016	116.29	-132.05	31.461
247.45	-23.213	36.489	170.31	-0.69078	38.363	288	-0.96652	21.77	189.53	-77.408	76.714	104.04	-104.28	64.702	111.83	-132.19	31.981
241.16	-21.807	36.807	165.31	-0.67824	39.488	288	-0.97646	21.778	184.77	-77.515	77.523	99.422	-105.01	65.375	107.46	-132.66	32.392
234.65	-20.359	37.003	160.15	-0.66161	40.439	230.55	-15.795	37.137	179.9	-77.514	78.195	95.225	-105.39	66.351	103.56	-132.77	33.265
227.93	-18.757	37.095	154.88	-0.58843	41.395	223.67	-14.335	37.8	174.95	-77.459	78.79	90.431	-106.07	66.815	99.017	-133.18	33.694
220.87	-17.084	37.021	149.41	-0.50156	42.157	216.55	-12.785	37.863	169.93	-77.336	79.327	85.632	-106.7	67.239	94.479	-133.59	34.009
213.64	-15.349	36.889	143.91	-0.44218	42.885	209.17	-11.197	38.073	164.85	-77.159	79.805	80.75	-107.33	67.607	89.838	-133.91	34.336
206.27	-13.49	36.762	138.24	-0.22708	43.153	201.53	-9.5817	37.922	159.69	-76.862	80.198	75.811	-107.96	68.021	85.136	-134.22	34.574
198.5	-11.665	36.346	132.46	-0.090472	43.507	193.69	-7.8632	37.699	154.49	-76.46	80.562	70.855	-108.57	68.382	80.409	-134.57	34.753
190.62	-9.829	35.91	126.6	0.10963	43.6	185.63	-6.2958	37.708	149.22	-75.982	80.811	65.39	-109.45	68.205	75.138	-135.25	34.506
182.57	-7.9236	35.394	120.66	0.25974	43.75	177.36	-4.6677	37.048	143.92	-75.429	80.996	60.372	-110	68.443	70.398	-135.56	34.634
287.99	-0.96701	21.768	114.64	0.57456	43.563	NaN	NaN	NaN	138.64	-74.769	81.097	55.386	-110.55	68.618	65.722	-136.02	34.803
287.99	-0.96605	21.77	108.55	0.77971	43.417	NaN	NaN	NaN	133.3	-74.075	81.163	50.4	-111.11	68.728	60.862	-136.32	34.847
287.99	-0.96647	21.782	102.53	1.0218	43.078	NaN	NaN	NaN	127.96	-73.366	81.157	45.441	-111.65	68.823	56.187	-136.73	34.969
288	-0.96397	21.774	96.491	1.281	42.824	NaN	NaN	NaN	122.65	-72.631	81.106	40.474	-112.18	68.841	51.445	-137.05	34.96
288	-0.97609	21.779	90.53	1.5024	42.276	NaN	NaN	NaN	117.35	-71.865	81.013	35.565	-112.67	68.804	46.777	-137.41	34.883
288	-0.97366	21.782	84.691	1.636	41.84	NaN	NaN	NaN	112.08	-71.195	80.874	30.685	-113.16	68.712	42.059	-137.68	34.735
288	-0.97588	21.779	79.026	1.8288	41.126	125.12	1.8127	30.227	106.87	-70.535	80.679	25.865	-113.61	68.561	37.523	-138.09	34.659
288	-0.97373	21.769	73.497	1.8713	40.521	NaN	NaN	NaN	101.46	-70.248	80.032	21.118	-114.07	68.361	32.924	-138.35	34.36
288.01	-0.97817	21.772	68.137	1.9677	39.637	NaN	NaN	NaN	96.37	-69.722	79.791	16.401	-114.51	68.125	28.511	-138.72	34.167
288	-0.97317	21.77	62.914	1.9802	38.925	NaN	NaN	NaN	91.341	-69.281	79.39	11.795	-114.95	67.765	24.09	-139.03	33.805
288	-0.97373	21.769	57.849	1.9794	38.011	NaN	NaN	NaN	86.434	-68.846	78.987	7.2548	-115.36	67.432	19.741	-139.33	33.408
288	-0.97347	21.768	52.911	1.9712	37.075	NaN	NaN	NaN	81.642	-68.477	78.563	2.8056	-115.77	67.045	15.542	-139.71	33.004
288	-0.97702	21.777	48.063	1.9649	36.097	NaN	NaN	NaN	76.959	-68.128	78.03	-1.5282	-116.17	66.593	11.384	-140.06	32.525
288	-0.96407	21.773	43.341	1.9247	35.066	69.942	4.2209	19.042	72.426	-67.832	77.417	-5.7411	-116.57	66.11	7.3291	-140.39	32.048
288	-0.96661	21.783	38.469	2.1672	34.464	64.63	2.7145	19.814	67.978	-67.517	76.718	-9.8504	-116.97	65.581	3.3809	-140.67	31.557
288	-0.96391	21.774	33.566	2.3292	34.555	61.636	4.3933	21.527	63.727	-67.184	76.025	-13.954	-117.21	65.313	-0.42022	-141.01	30.984
287.99	-0.96857	21.765	29.669	1.6238	31.589	55.879	4.2977	20.288	59.588	-66.894	75.243	-17.744	-117.58	64.73	-4.0786	-141.39	30.335
287.99	-0.959	21.771	25.087	1.5965	30.371	51.163	4.352	19.201	55.599	-66.567	74.466	-21.449	-117.93	64.116	-7.7046	-141.65	29.695
287.99	-0.96699	21.768	20.741	1.5712	29.211	46.718	4.321	17.96	51.753	-66.3	73.59	-24.953	-118.27	63.478	-11.09	-142	29.004
287.99	-0.96707	21.767	16.812	1.6583	28.139	42.472	4.3767	16.834	48.103	-65.967	72.675	-28.338	-118.6	62.821	-14.321	-142.3	28.315
287.99	-0.96418	21.772	12.878	1.5764	26.968	38.356	4.3364	15.548	44.572	-65.706	71.746	-31.576	-118.91	62.115	-17.508	-142.53	27.61
287.99	-0.96568	21.771	9.0852	1.5156	25.755	34.474	4.3238	14.359	41.272	-65.443	70.798	-34.639	-119.18	61.399	-20.384	-142.75	26.98
288	-0.96148	21.775	5.4615	1.4254	24.606	30.813	4.2828	13.214	38.093	-65.251	69.849	-37.57	-119.41	60.616	-23.396	-143.07	26.138
288	-0.96441	21.784	2.0835	1.3268	23.481	27.367	4.2567	12.112	35.114	-65.115	68.893	-40.327	-119.66	59.856	-26.033	-143.35	25.345
288	-0.96472	21.769	-1.0823	1.2629	22.321	24.182	4.2281	11.017	32.255	-64.956	67.886	-42.972	-119.87	59.019	-28.485	-143.54	24.61
288.01	-0.9683	21.774	-4.011	1.1694	21.318	21.138	4.1411	9.9017	29.598	-64.863	66.932	-45.468	-120.07	58.181	-30.964	-143.74	23.769
288	-0.97337	21.77	-6.7519	1.1104	20.176	18.353	4.0849	8.7993	27.073	-64.79	65.913	-47.833	-120.23	57.347	-33.237	-143.9	22.86
288	-0.97081	21.77	-9.3263	1.0318	19.11	15.752	3.9987	7.7267	24.724	-64.721	64.97	-50.128	-120.35	56.461	-35.485	-144.03	21.979
288	-0.97091	21.773	-11.709	0.96558	17.913	13.371	3.9183	6.6482	22.498	-64.648	63.991	-52.22	-120.46	55.584	-37.516	-144.22	21.076
288	-0.97337	21.77	-13.961	0.89161	16.699	11.123	3.8169	5.4843	20.398	-64.589	63.023	-54.203	-120.54	54.716	-39.525	-144.3	20.201
288	-0.97352	21.769	-16.054	0.81331	15.484	9.0037	3.7136	4.2956	18.404	-64.492	62.029	-56.056	-120.61	53.843	-41.257	-144.43	19.359
288	-0.9713	21.772	-17.94	0.74464	14.276	7.1148	3.6079	3.1182	16.595	-64.351	61.085	-57.828	-120.63	52.959	-42.909	-144.61	18.563
288	-0.97603	21.778	-19.698	0.66564	13.094	5.4183	3.5297	1.9899	14.853	-64.24	60.128	-59.432	-120.63	52.104	-44.48	-144.72	17.718
288	-0.97352	21.769	-21.275	0.57312	11.915	3.8007	3.392	0.75455	13.306	-64.109	59.208	-60.943	-120.61	51.234	-45.892	-144.73	16.933
288	-0.9733	21.769	-22.733	0.55283	10.544	2.3956	3.2636	-0.43341	11.817	-63.966	58.279	-62.333	-120.58	50.355	-47.21	-144.79	16.088
288	-0.96628	21.77	-24.038	0.46725	9.3117	1.1443	3.1889	-1.5577	10.473	-63.829	57.386	-63.62	-120.53	49.479	-48.398	-144.83	15.279
288	-0.9667	21.77	-25.199	0.39085	8.0806	-0.026507	3.0063	-2.7301	9.2493	-63.729	56.518	-64.831	-120.46	48.568	-49.496	-145.03	14.415
287.99	-0.97116	21.775	-26.172	0.32534	6.9393	-0.95343	2.9098	-3.7805	8.1345	-63.659	55.639	-65.929	-120.38	47.69	-50.518	-145	13.629
287.99	-0.9697	21.777	-27.049	0.26391	5.8217	-1.7892	2.7991	-4.8432	7.1564	-63.62	54.819	-66.899	-120.28	46.842	-51.489	-144.94	12.823
287.99	-0.96863	21.766	-27.81	0.14784	4.8471	-2.4675	2.7296	-5.7708	6.2301	-63.584	53.95	-67.799	-120.21	45.971	-52.251	-145.05	12.009
287.99	-0.96939	21.764	-28.512	0.1234	3.7031	-3.1118	2.6506	-6.7071	5.4298	-63.559	53.103	-68.595	-120.14	45.113	-53.224	-144.84	11.134
287.99	-0.96775	21.767	-29.122	0.11622	2.6393	-3.6773	2.5622	-7.5932	4.7105	-63.582	52.273	-69.322	-120.06	44.223	-53.75	-145.06	10.305
287.99	-0.96737	21.768	-29.642	0.091143	1.7513	-4.1836	2.4796	-8.513	4.0897	-63.639	51.413	-69.967	-119.97	43.382	-54.552	-144.82	9.4089
288	-0.96598	21.767	-30.066	0.070478	0.87555	-4.6465	2.4373	-9.3565	3.5457	-63.635	50.563	-70.533	-119.9	42.496	-55.058	-144.76	8.5687
287.99	-0.97115	21.775	-30.447	0.12682	-0.071162	-5.0541	2.3538	-10.254	3.0838	-63.672	49.716	-71.052	-119.83	41.591	-55.448	-145	7.7369
287.99	-0.96586	21.77	-30.79	0.13539	-1.048	-5.3381	2.3826	-11.026	2.6882	-63.719	48.851	-71.47	-119.75	40.726	-56.086	-144.72	6.8298
288	-0.96362	21.773	-31.154	0.14893	-2.0211	-5.6204	2.3412	-11.901	2.3269	-63.76	47.91	-71.831	-119.68	39.903	-56.502	-144.68	5.9099
288	-0.97563	21.765	-31.388	0.10863	-2.8908	-5.9153	2.2698	-12.868	2.0126	-63.759	47.016	-72.195	-119.59	39.016	-56.82	-144.66	5.0611
288	-0.97094	21.771	-31.573	0.088295	-3.8003	-6.0495	2.2103	-13.787	1.6873	-63.697	46.214	-72.49	-119.51	38.15	-57.009	-144.84	4.2144
288	-0.96412	21.771	-31.726	0.08737	-4.9552	-6.1545	2.0444	-14.722	1.3735	-63.625	45.471	-72.808	-119.36	37.329	-57.294	-144.83	3.3616
288	-0.97563	21.765	-31.799	0.010716	-5.8939	-6.1232	1.9675	-15.551	0.99408	-63.591	44.811	-73.132	-119.22	36.546	-57.619	-144.62	2.6748
288	-0.9745	21.767	-31.81	-0.039528	-6.905	-6.0884	1.7711	-16.307	0.58888	-63.511	44.279	-73.498	-119.03	35.743	-57.971	-144.44	2.035
288	-0.97357	21.769	-32.19	-0.4037	-8.4268	-5.9998	1.5986	-17.061	0.17753	-63.38	43.843	-73.744	-118.94	34.74	-58.09	-144.39	1.4005
288	-0.97347	21.768	-32.126	-0.46379	-9.3574	-5.846	1.4353	-17.687	-0.25706	-63.317	43.469	-74.136	-118.74	34.051	-58.264	-144.3	0.81314
287.99	-0.97821	21.774	-31.981	-0.50988	-10.246	-5.6684	1.258	-18.288	-0.72974	-63.165	43.196	-74.545	-118.47	33.384	-58.281	-144.49	0.52286
288	-0.96634	21.77	-32.005	-0.56391	-10.854	-5.4312	1.3179	-18.379	-1.1599	-63.066	43.016	-74.949	-118.25	32.748	-58.382	-144.44	0.1224
287.99	-0.96883	21.765	-31.997	-0.49654	-11.237	-5.3461	1.5072	-18.169	-1.5867	-62.999	42.954	-75.36	-117.96	32.215	-58.728	-144.19	-0.16472
287.99	-0.96679	21.766	-31.937	-0.42945	-11.339	-5.2189	1.5002	-18.203	-1.9707	-62.971	42.97	-75.772	-117.7	31.697	-58.949	-144.06	-0.36763
287.99	-0.96827	21.766	-31.845	-0.37754	-11.402	-5.0935	1.4875	-18.105	-2.3785	-63.005	43.018	-76.173	-117.48	31.241	-59.084	-143.97	-0.65515
287.99	-0.96863	21.765	-31.802	-0.35281	-11.505	-4.9787	1.429	-18.129	-2.7554	-62.958	43.143	-76.487	-117.31	30.936	-59.206	-143.91	-0.86358
287.99	-0.96609	21.77	-31.754	-0.25686	-11.692	-4.9077	1.4234	-18.057	-3.0858	-62.868	43.274	-76.787	-117.15	30.695	-59.208	-144.04	-0.92474
287.99	-0.96685	21.768	-31.832	-0.18098	-11.958	-4.8989	1.4191	-18.071	-3.4344	-62.77	43.342	-77.109	-116.92	30.474	-59.405	-143.93	-0.88392
288	-0.96605	21.768	-31.929	-0.075441	-12.145	-4.9336	1.4539	-17.995	-3.7678	-62.585	43.422	-77.365	-116.7	30.293	-59.748	-143.54	-0.96998
287.99	-0.96606	21.767	-32.028	0.022961	-12.27	-5.0505	1.5214	-17.945	-4.0687	-62.454	43.518	-77.661	-116.48	30.123	-59.734	-143.63	-0.88273
287.99	-0.9661	21.77	-32.143	0.13211	-12.383	-5.1409	1.6352	-17.885	-4.3893	-62.265	43.614	-77.91	-116.32	29.99	-59.896	-143.6	-0.85485
288	-0.96124	21.775	-32.234	0.18098	-12.376	-5.223	1.7567	-17.8	-4.6668	-62.122	43.668	-78.145	-116.17	29.818	-60.018	-143.53	-0.86747
288	-0.96107	21.761	-32.338	0.24585	-12.454	-5.3082	1.8788	-17.675	-4.9288	-61.955	43.746	-78.342	-116.02	29.72	-60.277	-143.32	-0.90863
288	-0.96103	21.775	-32.454	0.28985	-12.549	-5.3757	1.955	-17.599	-5.1702	-61.794	43.747	-78.518	-115.83	29.617	-60.467	-143.1	-0.9623
288	-0.96341	21.771	-32.563	0.38751	-12.731	-5.457	2.0295	-17.546	-5.397	-61.682	43.755	-78.704	-115.72	29.478	-60.573	-143.03	-0.97183
287.99	-0.95421	21.775	-32.695	0.50251	-13.016	-5.5698	2.1158	-17.478	-5.6069	-61.568	43.72	-78.868	-115.61	29.352	-60.53	-143.16	-0.97364
287.99	-0.95512	21.773	-32.8	0.57375	-13.112	-5.6385	2.1958	-17.396	-5.785	-61.43	43.704	-79.035	-115.5	29.231	-60.611	-143.12	-0.99461
287.99	-0.95349	21.774	-32.878	0.59286	-13.194	-5.7402	2.2123	-17.393	-5.9354	-61.364	43.696	-79.15	-115.41	29.143	-60.663	-143.11	-1.0257
288	-0.95166	21.766	-32.974	0.60323	-13.307	-5.7999	2.226	-17.385	-6.0767	-61.319	43.67	-79.268	-115.35	29.039	-60.726	-143.08	-1.0303
287.99	-0.95603	21.759	-33.005	0.60703	-13.356	-5.8207	2.2227	-17.366	-6.1742	-61.287	43.648	-79.373	-115.32	28.956	-60.783	-143.09	-1.0611
287.99	-0.94511	21.763	-33.029	0.61114	-13.397	-5.8381	2.2066	-17.338	-6.2519	-61.268	43.632	-79.464	-115.29	28.881	-60.862	-143.1	-1.089
287.99	-0.95789	21.783	-33.061	0.58383	-13.46	-5.854	2.1908	-17.323	-6.3245	-61.275	43.605	-79.531	-115.28	28.809	-60.903	-143.12	-1.0894
287.99	-0.9571	21.77	-33.08	0.56269	-13.498	-5.8635	2.1649	-17.298	-6.3685	-61.279	43.606	-79.592	-115.27	28.753	-60.97	-143.14	-1.1324
287.98	-0.95081	21.769	-33.098	0.53927	-13.524	-5.87	2.1523	-17.278	-6.3991	-61.298	43.568	-79.627	-115.28	28.703	-60.99	-143.16	-1.1268
287.98	-0.95102	21.769	-33.107	0.52229	-13.565	-5.8722	2.1198	-17.281	-6.392	-61.316	43.533	-79.644	-115.27	28.678	-61.019	-143.19	-1.1562
287.98	-0.95267	21.767	-33.116	0.49089	-13.575	-5.8656	2.107	-17.268	-6.3808	-61.346	43.495	-79.655	-115.28	28.629	-61.027	-143.21	-1.1719
287.99	-0.95726	21.769	-33.117	0.47445	-13.584	-5.8639	2.0828	-17.281	-6.3514	-61.364	43.473	-79.651	-115.29	28.61	-61.022	-143.24	-1.1936
287.99	-0.95966	21.766	-33.109	0.46392	-13.572	-5.8548	2.0561	-17.276	-6.3221	-61.383	43.435	-79.643	-115.28	28.585	-61.017	-143.26	-1.2294
287.99	-0.96895	21.776	-33.106	0.48729	-13.654	-5.8456	2.0333	-17.269	-6.2762	-61.415	43.388	-79.631	-115.28	28.561	-61.005	-143.27	-1.2558
287.99	-0.9613	21.764	-33.104	0.47187	-13.648	-5.8284	2.0152	-17.269	-6.2258	-61.433	43.345	-79.599	-115.28	28.542	-60.984	-143.28	-1.267
287.99	-0.96644	21.767	-33.104	0.45934	-13.654	-5.8166	1.9967	-17.273	-6.1862	-61.432	43.294	-79.568	-115.28	28.533	-60.978	-143.29	-1.2857
287.99	-0.97194	21.773	-33.09	0.45429	-13.649	-5.8001	1.9797	-17.274	-6.1418	-61.437	43.257	-79.525	-115.26	28.542	-60.947	-143.3	-1.2961
287.99	-0.96604	21.767	-33.089	0.45714	-13.662	-5.7864	1.9745	-17.283	-6.0876	-61.45	43.222	-79.475	-115.25	28.528	-60.938	-143.3	-1.3158
287.99	-0.96718	21.765	-33.086	0.4616	-13.673	-5.7764	1.9533	-17.289	-6.042	-61.451	43.16	-79.441	-115.24	28.518	-60.878	-143.27	-1.331
287.99	-0.96609	21.767	-33.082	0.46397	-13.683	-5.7698	1.9451	-17.304	-5.9811	-61.445	43.138	-79.394	-115.22	28.497	-60.839	-143.27	-1.3313
287.99	-0.96624	21.767	-33.074	0.47106	-13.677	-5.7555	1.9395	-17.301	-5.9318	-61.432	43.099	-79.358	-115.21	28.5	-60.817	-143.26	-1.3591
288	-0.96401	21.77	-33.074	0.48569	-13.681	-5.7435	1.9354	-17.31	-5.8862	-61.409	43.064	-79.323	-115.19	28.484	-60.779	-143.25	-1.3745
288	-0.96178	21.775	-33.062	0.49532	-13.672	-5.7358	1.9311	-17.323	-5.8578	-61.396	43.027	-79.292	-115.17	28.503	-60.755	-143.24	-1.3588
288	-0.95198	21.776	-33.06	0.50936	-13.664	-5.7286	1.9341	-17.317	-5.8298	-61.385	43.004	-79.264	-115.15	28.472	-60.755	-143.23	-1.3744
