139.48	-3.3185	20.167	-36.427	-6.2774	-13.282	-11.644	2.6351	-18.839	-1.0385	-59.984	41.569	-57.298	-129.83	26.821	-34.09	-155.68	-1.9026
139.47	-3.3083	20.17	-36.432	-6.2797	-13.299	-11.634	2.6396	-18.816	-1.0356	-59.98	41.561	-57.292	-129.83	26.825	-34.081	-155.68	-1.9031
139.47	-3.311	20.168	-36.426	-6.289	-13.301	-11.638	2.6364	-18.818	-1.0298	-59.99	41.56	-57.282	-129.84	26.827	-34.083	-155.69	-1.906
139.48	-3.312	20.176	-36.423	-6.286	-13.284	-11.642	2.6457	-18.816	-1.0356	-59.993	41.567	-57.291	-129.84	26.821	-34.084	-155.69	-1.9053
139.47	-3.3189	20.167	-36.43	-6.2795	-13.284	-11.649	2.6439	-18.836	-1.0322	-59.99	41.555	-57.288	-129.84	26.82	-34.084	-155.69	-1.9057
139.46	-3.3155	20.174	-36.43	-6.2909	-13.292	-11.646	2.6453	-18.818	-1.0381	-59.993	41.553	-57.286	-129.84	26.824	-34.094	-155.68	-1.9086
139.47	-3.309	20.183	-36.432	-6.2782	-13.296	-11.642	2.6362	-18.823	-1.0379	-59.98	41.559	-57.289	-129.84	26.821	-34.078	-155.68	-1.9141
139.48	-3.3019	20.167	-36.427	-6.2882	-13.287	-11.648	2.6473	-18.836	-1.0348	-59.98	41.56	-57.291	-129.84	26.819	-34.086	-155.69	-1.9085
139.48	-3.3065	20.174	-36.422	-6.2851	-13.283	-11.642	2.6489	-18.815	-1.0418	-59.983	41.555	-57.286	-129.84	26.825	-34.09	-155.68	-1.9175
139.48	-3.3042	20.164	-36.434	-6.2806	-13.287	-11.646	2.6471	-18.834	-1.0485	-59.976	41.554	-57.295	-129.83	26.812	-34.095	-155.68	-1.9085
139.48	-3.3062	20.172	-36.427	-6.2752	-13.295	-11.646	2.6468	-18.834	-1.0525	-59.988	41.56	-57.294	-129.83	26.825	-34.091	-155.68	-1.9046
139.48	-3.3042	20.177	-36.43	-6.2778	-13.284	-11.65	2.6466	-18.836	-1.0525	-59.975	41.553	-57.296	-129.83	26.81	-34.089	-155.68	-1.9015
139.47	-3.3083	20.168	-36.418	-6.2678	-13.284	-11.642	2.6501	-18.829	-1.0509	-59.975	41.553	-57.295	-129.83	26.812	-34.088	-155.67	-1.9129
139.48	-3.3062	20.172	-36.429	-6.2754	-13.295	-11.651	2.6466	-18.836	-1.0425	-59.97	41.561	-57.301	-129.83	26.838	-34.093	-155.68	-1.9169
139.48	-3.3062	20.172	-36.428	-6.2744	-13.296	-11.647	2.6498	-18.833	-1.0429	-59.97	41.56	-57.296	-129.82	26.816	-34.093	-155.68	-1.9062
139.47	-3.3084	20.169	-36.435	-6.2773	-13.302	-11.65	2.6469	-18.836	-1.0258	-59.959	41.574	-57.287	-129.82	26.806	-34.091	-155.68	-1.9172
139.48	-3.3067	20.174	-36.425	-6.2717	-13.291	-11.645	2.6503	-18.831	-1.027	-59.96	41.573	-57.291	-129.83	26.814	-34.095	-155.68	-1.9084
139.48	-3.3066	20.175	-36.429	-6.2767	-13.297	-11.642	2.6501	-18.829	-1.0317	-59.976	41.564	-57.291	-129.83	26.814	-34.085	-155.68	-1.9135
139.48	-3.3132	20.172	-36.437	-6.2795	-13.303	-11.642	2.6501	-18.829	-1.0259	-59.972	41.568	-57.28	-129.83	26.817	-34.08	-155.68	-1.9136
139.48	-3.3054	20.173	-36.428	-6.2753	-13.295	-11.658	2.6435	-18.843	-1.0267	-59.972	41.566	-57.283	-129.84	26.813	-34.089	-155.68	-1.9166
139.48	-3.3042	20.177	-36.43	-6.2767	-13.298	-11.651	2.6466	-18.836	-1.0264	-59.971	41.555	-57.287	-129.84	26.81	-34.087	-155.69	-1.9073
139.47	-3.3108	20.168	-36.429	-6.2745	-13.296	-11.649	2.647	-18.836	-1.0322	-59.977	41.563	-57.28	-129.83	26.817	-34.09	-155.69	-1.9087
139.48	-3.3037	20.164	-36.417	-6.2682	-13.283	-11.66	2.6522	-18.838	-1.0189	-59.968	41.561	-57.275	-129.83	26.821	-34.079	-155.68	-1.914
139.48	-3.3042	20.177	-36.429	-6.2767	-13.298	-11.646	2.6501	-18.833	-1.0135	-59.977	41.558	-57.269	-129.84	26.82	-34.08	-155.7	-1.9098
139.48	-3.3061	20.161	-36.419	-6.2707	-13.286	-11.647	2.6498	-18.833	-1.0135	-59.977	41.558	-57.28	-129.85	26.812	-34.082	-155.69	-1.9175
139.48	-3.3182	20.165	-36.433	-6.2802	-13.286	-11.655	2.6419	-18.827	-1.0181	-59.967	41.561	-57.268	-129.84	26.832	-34.075	-155.69	-1.9024
139.47	-3.3208	20.164	-36.432	-6.2798	-13.286	-11.65	2.6469	-18.836	-1.0164	-59.979	41.555	-57.27	-129.84	26.818	-34.087	-155.69	-1.9232
139.47	-3.319	20.167	-36.43	-6.2894	-13.306	-11.641	2.6534	-18.828	-1.006	-59.973	41.563	-57.273	-129.84	26.816	-34.081	-155.7	-1.9221
139.47	-3.308	20.155	-36.427	-6.2759	-13.283	-11.646	2.6499	-18.831	-1.0135	-59.977	41.558	-57.272	-129.84	26.816	-34.081	-155.69	-1.9151
139.49	-3.312	20.175	-36.42	-6.2728	-13.275	-11.651	2.6591	-18.828	-1.0099	-59.977	41.559	-57.282	-129.84	26.838	-34.09	-155.69	-1.9239
139.48	-3.319	20.167	-36.433	-6.2789	-13.3	-11.649	2.6595	-18.828	-1.0068	-59.973	41.563	-57.284	-129.84	26.812	-34.086	-155.69	-1.9082
139.47	-3.3078	20.173	-36.429	-6.2763	-13.297	-11.654	2.6558	-18.833	-1.0139	-59.977	41.555	-57.274	-129.84	26.817	-34.096	-155.68	-1.9086
139.48	-3.3115	20.161	-36.424	-6.2726	-13.291	-11.654	2.6558	-18.833	-1.0206	-59.981	41.537	-57.285	-129.84	26.813	-34.093	-155.69	-1.9099
139.48	-3.3042	20.177	-36.438	-6.2704	-13.298	-11.651	2.659	-18.83	-1.0143	-59.977	41.556	-57.295	-129.83	26.8	-34.106	-155.68	-1.9126
139.48	-3.3042	20.177	-36.437	-6.2701	-13.282	-11.65	2.6593	-18.83	-1.0146	-59.964	41.563	-57.28	-129.83	26.817	-34.094	-155.68	-1.9068
139.49	-3.2994	20.169	-36.42	-6.2579	-13.28	-11.65	2.659	-18.831	-1.0118	-59.961	41.567	-57.294	-129.83	26.814	-34.106	-155.69	-1.9037
139.48	-3.3042	20.176	-36.435	-6.2674	-13.296	-11.643	2.6624	-18.823	-1.018	-59.967	41.559	-57.292	-129.83	26.813	-34.1	-155.68	-1.9109
139.47	-3.3065	20.173	-36.435	-6.2674	-13.296	-11.645	2.6629	-18.825	-1.0143	-59.963	41.55	-57.288	-129.82	26.817	-34.111	-155.68	-1.9038
139.48	-3.3028	20.164	-36.438	-6.2665	-13.296	-11.653	2.6592	-18.833	-1.0276	-59.972	41.552	-57.302	-129.82	26.823	-34.105	-155.68	-1.9111
139.47	-3.3005	20.17	-36.438	-6.256	-13.291	-11.651	2.6592	-18.83	-1.0142	-59.962	41.551	-57.29	-129.83	26.814	-34.099	-155.67	-1.9171
139.48	-3.3028	20.164	-36.438	-6.2678	-13.299	-11.65	2.6593	-18.83	-1.0146	-59.964	41.563	-57.294	-129.83	26.8	-34.104	-155.68	-1.9101
139.47	-3.3062	20.173	-36.438	-6.2791	-13.306	-11.66	2.6555	-18.837	-1.0191	-59.964	41.547	-57.292	-129.83	26.814	-34.105	-155.68	-1.9116
139.48	-3.3063	20.172	-36.437	-6.2679	-13.284	-11.649	2.6596	-18.83	-1.0188	-59.968	41.559	-57.294	-129.83	26.8	-34.112	-155.68	-1.9172
139.47	-3.3062	20.173	-36.432	-6.2651	-13.293	-11.646	2.6626	-18.825	-1.0093	-59.973	41.56	-57.291	-129.83	26.814	-34.091	-155.68	-1.9104
139.48	-3.3034	20.178	-36.43	-6.2632	-13.29	-11.647	2.6623	-18.825	-1.0026	-59.969	41.567	-57.285	-129.82	26.807	-34.101	-155.68	-1.9134
139.48	-3.3031	20.165	-36.412	-6.2643	-13.279	-11.639	2.6657	-18.818	-1.0072	-59.971	41.564	-57.291	-129.83	26.814	-34.101	-155.69	-1.9134
139.48	-3.3059	20.175	-36.43	-6.264	-13.292	-11.646	2.6625	-18.825	-1.0144	-59.978	41.554	-57.291	-129.83	26.814	-34.112	-155.68	-1.9053
139.49	-3.3095	20.165	-36.415	-6.2674	-13.282	-11.66	2.6552	-18.838	-1.0192	-59.967	41.546	-57.285	-129.84	26.813	-34.097	-155.68	-1.9104
139.48	-3.3064	20.173	-36.437	-6.269	-13.296	-11.65	2.6593	-18.83	-1.0156	-59.977	41.541	-57.28	-129.83	26.816	-34.103	-155.68	-1.9128
139.48	-3.3115	20.161	-36.426	-6.2753	-13.28	-11.647	2.6622	-18.825	-1.0147	-59.977	41.555	-57.292	-129.83	26.8	-34.103	-155.69	-1.9122
139.48	-3.312	20.162	-36.423	-6.261	-13.268	-11.658	2.6558	-18.837	-1.0139	-59.977	41.555	-57.292	-129.83	26.815	-34.103	-155.69	-1.9137
139.48	-3.3123	20.175	-36.433	-6.2772	-13.3	-11.655	2.6557	-18.836	-1.0231	-59.971	41.543	-57.288	-129.84	26.81	-34.095	-155.69	-1.9125
139.48	-3.3146	20.172	-36.435	-6.2777	-13.302	-11.642	2.6626	-18.821	-1.0139	-59.977	41.555	-57.285	-129.84	26.824	-34.096	-155.68	-1.9094
139.48	-3.3146	20.172	-36.435	-6.2795	-13.301	-11.642	2.6533	-18.828	-1.0052	-59.973	41.562	-57.274	-129.84	26.804	-34.101	-155.69	-1.9142
139.49	-3.31	20.18	-36.427	-6.2738	-13.295	-11.656	2.6438	-18.843	-1.001	-59.969	41.566	-57.28	-129.83	26.817	-34.101	-155.69	-1.9126
139.48	-3.3132	20.172	-36.432	-6.2771	-13.296	-11.655	2.6558	-18.833	-1.0061	-59.973	41.548	-57.279	-129.85	26.799	-34.089	-155.69	-1.908
139.47	-3.3084	20.169	-36.437	-6.2821	-13.303	-11.652	2.6462	-18.836	-1.0024	-59.982	41.546	-57.273	-129.84	26.805	-34.096	-155.7	-1.915
139.48	-3.3063	20.172	-36.434	-6.2806	-13.287	-11.649	2.6595	-18.828	-1.0015	-59.982	41.545	-57.272	-129.84	26.818	-34.096	-155.68	-1.9091
139.48	-3.2906	20.171	-36.43	-6.2781	-13.284	-11.646	2.6626	-18.825	-0.99692	-59.978	41.551	-57.267	-129.84	26.81	-34.086	-155.69	-1.9085
139.48	-3.3063	20.172	-36.433	-6.2778	-13.298	-11.66	2.6555	-18.837	-0.99766	-59.978	41.549	-57.276	-129.84	26.801	-34.086	-155.7	-1.9272
139.48	-3.304	20.175	-36.432	-6.2786	-13.283	-11.647	2.6623	-18.825	-0.99279	-59.977	41.553	-57.266	-129.84	26.82	-34.084	-155.69	-1.9197
139.48	-3.3042	20.177	-36.444	-6.2734	-13.289	-11.642	2.6627	-18.823	-1.0003	-59.981	41.546	-57.267	-129.84	26.81	-34.089	-155.69	-1.9113
139.48	-3.3048	20.176	-36.441	-6.2827	-13.307	-11.659	2.6558	-18.837	-1.0006	-59.968	41.553	-57.277	-129.83	26.818	-34.095	-155.68	-1.9116
139.47	-3.2959	20.164	-36.437	-6.2677	-13.295	-11.647	2.6623	-18.825	-1.0177	-59.98	41.537	-57.274	-129.83	26.808	-34.099	-155.69	-1.9135
139.48	-3.3037	20.162	-36.441	-6.282	-13.307	-11.652	2.6587	-18.83	-1.0123	-59.976	41.542	-57.276	-129.83	26.808	-34.093	-155.69	-1.9115
139.48	-3.3063	20.172	-36.441	-6.27	-13.298	-11.662	2.6527	-18.84	-1.0127	-59.976	41.556	-57.282	-129.84	26.816	-34.093	-155.68	-1.9068
139.47	-3.3065	20.172	-36.448	-6.2885	-13.299	-11.647	2.6622	-18.825	-1.0053	-59.986	41.554	-57.278	-129.83	26.82	-34.089	-155.69	-1.9091
139.47	-3.3067	20.173	-36.443	-6.2858	-13.294	-11.65	2.6593	-18.83	-1.0079	-59.989	41.551	-57.281	-129.84	26.828	-34.105	-155.68	-1.9115
139.48	-3.3054	20.174	-36.436	-6.2828	-13.286	-11.65	2.6721	-18.822	-1.0045	-60.015	41.542	-57.27	-129.85	26.857	-34.114	-155.68	-1.9054
139.48	-3.304	20.177	-36.442	-6.3026	-13.286	-11.65	2.6592	-18.828	-0.99828	-60.053	41.526	-57.261	-129.86	26.87	-34.124	-155.69	-1.9114
139.48	-3.3057	20.174	-36.449	-6.3233	-13.286	-11.661	2.6527	-18.84	-0.98455	-60.1	41.521	-57.232	-129.87	26.891	-34.125	-155.69	-1.9126
139.48	-3.3054	20.174	-36.453	-6.3519	-13.302	-11.665	2.6605	-18.823	-0.94721	-60.133	41.525	-57.191	-129.89	26.918	-34.133	-155.71	-1.9279
139.47	-3.311	20.168	-36.472	-6.3851	-13.297	-11.667	2.6505	-18.829	-0.91722	-60.196	41.481	-57.135	-129.93	26.972	-34.121	-155.73	-1.9168
139.48	-3.3165	20.17	-36.494	-6.4437	-13.298	-11.687	2.6497	-18.843	-0.85591	-60.265	41.461	-57.067	-129.99	27.033	-34.122	-155.75	-1.9259
139.46	-3.3153	20.174	-36.508	-6.495	-13.258	-11.69	2.6454	-18.831	-0.76099	-60.361	41.432	-56.957	-130.07	27.098	-34.094	-155.79	-1.9555
139.48	-3.3187	20.167	-36.511	-6.5519	-13.207	-11.716	2.6317	-18.853	-0.62508	-60.489	41.436	-56.836	-130.17	27.158	-34.079	-155.84	-1.9703
139.48	-3.315	20.176	-36.533	-6.6154	-13.1	-11.696	2.6289	-18.843	-0.45352	-60.621	41.503	-56.682	-130.25	27.238	-34.068	-155.9	-2.0066
139.48	-3.3188	20.167	-36.473	-6.7936	-12.62	-11.627	2.6049	-18.598	-0.22811	-60.823	41.605	-56.5	-130.37	27.333	-34.058	-155.95	-2.0815
139.47	-3.3131	20.178	-36.349	-6.8752	-12.086	-11.54	2.684	-18.242	0.03	-61.17	41.735	-56.337	-130.5	27.42	-34.036	-156.02	-2.1205
139.47	-3.3136	20.178	-36.124	-6.9537	-11.168	-11.305	2.7726	-17.6	0.39139	-61.592	41.982	-56.168	-130.69	27.502	-34.003	-156.09	-2.1856
139.46	-3.3167	20.173	-35.862	-7.0399	-10.132	-11	2.7662	-16.688	0.84283	-62.183	42.24	-55.948	-130.89	27.616	-33.963	-156.15	-2.2283
139.47	-3.3129	20.165	-35.466	-7.1069	-8.9461	-10.41	2.7415	-15.457	1.4142	-62.924	42.685	-55.697	-131.12	27.784	-33.933	-156.24	-2.2981
139.47	-3.3137	20.178	-34.968	-7.1789	-7.6306	-9.7234	2.6431	-14.144	2.0275	-63.793	43.183	-55.414	-131.43	27.95	-33.874	-156.41	-2.3862
139.47	-3.3228	20.175	-34.323	-7.4191	-6.025	-8.8157	2.5655	-12.524	2.7736	-64.836	43.729	-55.098	-131.77	28.082	-33.81	-156.6	-2.4694
139.48	-3.3195	20.181	-33.55	-7.547	-4.4143	-7.7543	2.3614	-10.867	3.5867	-65.969	44.382	-54.723	-132.15	28.262	-33.775	-156.78	-2.5784
139.48	-3.317	20.171	-32.499	-7.7861	-2.5402	-6.5197	2.0704	-9.1742	4.5071	-67.227	45.082	-54.325	-132.57	28.448	-33.65	-156.92	-2.6552
139.48	-3.3196	20.181	-31.31	-8.1266	-0.64833	-4.9909	1.7032	-7.321	5.4992	-68.608	45.707	-53.902	-133	28.697	-33.501	-157.21	-2.7752
139.48	-3.3147	20.174	-29.924	-8.4516	1.3051	-3.2056	1.2208	-5.4535	6.6021	-70.014	46.33	-53.421	-133.43	28.916	-33.374	-157.47	-2.8776
139.48	-3.3174	20.187	-28.562	-8.8114	3.142	-1.3813	0.73099	-3.8648	7.7931	-71.471	46.826	-52.912	-133.9	29.109	-33.199	-157.67	-2.9741
139.49	-3.3249	20.184	-27.157	-9.2447	5.1582	0.76688	0.1205	-2.2713	9.0802	-72.958	47.29	-52.346	-134.39	29.299	-32.891	-158	-3.0224
139.49	-3.3251	20.184	-25.641	-9.6438	7.0224	3.0256	-0.64184	-1.0276	10.41	-74.475	47.707	-51.696	-134.92	29.496	-32.79	-158.19	-3.2763
139.49	-3.3273	20.183	-24.046	-10.196	8.8893	5.495	-1.5358	0.21539	11.808	-75.975	48.061	-50.979	-135.45	29.707	-32.236	-158.69	-3.3493
139.48	-3.3308	20.178	-22.273	-10.726	10.498	8.0746	-2.4398	1.3573	13.293	-77.528	48.362	-50.246	-135.98	29.858	-31.848	-159.1	-3.4776
139.48	-3.3296	20.178	-20.359	-11.363	11.962	10.816	-3.5043	2.3964	14.749	-79.097	48.729	-49.478	-136.44	29.963	-31.288	-159.56	-3.4362
139.48	-3.3421	20.174	-18.351	-11.968	13.135	13.724	-4.6373	3.3138	16.225	-80.623	49.043	-48.671	-136.82	30.021	-30.776	-159.84	-3.328
139.48	-3.3468	20.18	-16.209	-12.757	14.105	16.763	-5.8574	4.1386	17.709	-82.142	49.4	-47.805	-137.22	30.107	-29.875	-160.43	-3.3081
139.48	-3.3449	20.183	-13.934	-13.448	14.72	20.069	-7.169	5.0479	19.3	-83.711	49.759	-46.809	-137.65	30.182	-28.982	-160.91	-3.3596
139.48	-3.3471	20.182	-11.516	-14.294	15.184	23.425	-8.5579	5.7931	20.959	-85.273	50.005	-45.658	-138.13	30.21	-28.04	-161.43	-3.4722
139.47	-3.3406	20.193	-8.9895	-15.172	15.5	26.871	-9.9698	6.5563	22.747	-86.886	50.234	-44.39	-138.61	30.222	-27	-162.12	-3.4933
139.47	-3.3492	20.176	-6.3048	-16.06	15.707	30.487	-11.441	7.3082	24.661	-88.467	50.421	-43.037	-139.09	30.288	-25.888	-162.58	-3.4048
139.47	-3.3439	20.189	-3.4934	-16.947	15.959	34.184	-12.949	7.9685	26.658	-90.023	50.556	-41.576	-139.52	30.292	-24.647	-163.25	-3.6034
139.47	-3.3391	20.181	-0.62353	-17.834	16.172	38.025	-14.502	8.5822	28.768	-91.592	50.614	-40.044	-140	30.436	-23.445	-163.49	-3.5556
139.47	-3.3389	20.18	2.2969	-18.753	16.448	41.899	-16.071	9.051	30.982	-93.138	50.483	-38.408	-140.46	30.491	-21.923	-164.27	-3.5435
139.48	-3.3371	20.185	5.2109	-19.666	16.651	45.857	-17.71	9.4054	33.313	-94.67	50.39	-36.696	-140.96	30.655	-20.772	-164.58	-3.5009
139.48	-3.3371	20.185	8.2151	-20.579	16.809	49.819	-19.341	9.5936	35.75	-96.137	50.203	-34.906	-141.4	30.718	-19.214	-165.29	-3.5394
139.48	-3.3301	20.193	11.284	-21.486	16.954	53.856	-20.991	9.7407	38.267	-97.597	49.873	-33.026	-141.82	30.908	-17.693	-165.75	-3.4671
139.48	-3.3296	20.179	14.384	-22.301	16.871	57.909	-22.617	9.7432	40.88	-98.987	49.558	-31.087	-142.25	31.112	-16.343	-165.89	-3.3947
139.49	-3.324	20.186	17.551	-23.221	16.854	61.969	-24.241	9.6216	43.462	-100.34	49.06	-29.101	-142.6	31.236	-14.634	-166.56	-3.3487
139.49	-3.3267	20.184	20.677	-24.055	16.555	66.113	-25.801	9.4815	46.137	-101.57	48.611	-27.082	-142.97	31.449	-13.027	-166.99	-3.3786
139.5	-3.32	20.192	23.836	-24.941	16.345	70.179	-27.408	9.1113	48.776	-102.77	48.174	-24.994	-143.26	31.635	-11.567	-167.09	-3.3844
139.5	-3.3197	20.179	26.928	-25.71	15.903	74.291	-28.933	8.703	51.449	-103.83	47.59	-22.907	-143.53	31.772	-9.7263	-167.65	-3.2124
139.5	-3.3161	20.184	30.003	-26.475	15.42	78.439	-30.408	8.1986	54.091	-104.79	47.102	-20.748	-143.74	31.895	-7.9066	-167.95	-3.1954
139.5	-3.318	20.197	33.002	-27.162	14.844	82.587	-31.795	7.7095	57.019	-105.37	47.005	-18.575	-143.88	32.016	-6.2588	-167.93	-3.06
139.5	-3.3202	20.194	35.928	-27.772	14.248	86.681	-33.144	7.074	59.628	-106.1	46.422	-16.399	-143.98	32.11	-4.3269	-168.22	-2.9584
139.5	-3.3309	20.175	38.748	-28.258	13.517	90.765	-34.382	6.4855	62.188	-106.76	45.881	-14.225	-144.02	32.203	-2.3213	-168.62	-2.8797
139.5	-3.3271	20.179	41.541	-28.75	12.8	95.021	-35.375	6.1801	64.74	-107.34	45.466	-12.002	-144	32.288	-0.49476	-168.58	-2.8263
139.49	-3.3369	20.18	44.289	-29.144	12.087	98.366	-36.888	4.8979	67.258	-107.76	44.962	-9.7971	-143.93	32.33	1.513	-168.54	-2.6745
139.49	-3.339	20.179	47.008	-29.467	11.466	102.76	-37.555	4.8801	69.75	-108.14	44.58	-7.577	-143.76	32.432	3.6454	-168.75	-2.4368
139.48	-3.3418	20.171	49.716	-29.741	10.804	105.94	-38.762	3.8122	72.183	-108.4	44.336	-5.3921	-143.53	32.551	5.5303	-168.6	-2.1745
139.48	-3.3442	20.17	52.362	-29.865	10.161	110.08	-39.247	3.8666	74.608	-108.55	44.113	-3.2649	-143.27	32.699	7.622	-168.64	-1.9898
139.48	-3.3447	20.17	54.947	-29.985	9.6425	113.53	-39.867	3.5234	76.949	-108.59	44.051	-1.1207	-142.93	32.887	9.4619	-168.25	-1.6558
139.48	-3.3468	20.18	57.451	-29.925	9.1592	116.4	-40.597	2.7551	79.282	-108.49	43.936	0.97612	-142.59	33.022	11.787	-168.36	-1.2673
139.48	-3.3465	20.18	59.835	-29.866	8.8872	119.65	-40.873	2.6393	81.536	-108.26	44.002	3.118	-142.19	33.222	13.661	-167.86	-0.96511
139.48	-3.3467	20.179	62.082	-29.587	8.5461	122.82	-40.97	2.6256	83.71	-107.94	44.038	5.214	-141.76	33.411	15.952	-167.89	-0.5596
139.48	-3.3467	20.179	64.243	-29.325	8.3606	125.94	-40.914	2.6893	85.849	-107.51	44.233	7.2801	-141.29	33.613	17.851	-167.32	-0.25903
139.48	-3.3488	20.175	66.261	-28.906	8.0626	128.86	-40.769	2.8013	87.906	-106.95	44.442	9.2927	-140.76	33.791	20.003	-167.12	0.18749
139.48	-3.3327	20.19	68.189	-28.418	7.8084	132.19	-40.228	3.3816	89.906	-106.27	44.659	11.276	-140.18	33.989	22.148	-166.86	0.53477
139.5	-3.3345	20.184	70.014	-27.844	7.5265	134.38	-40.033	3.0195	91.841	-105.5	44.943	13.22	-139.56	34.192	24.024	-166.2	0.80994
139.49	-3.3285	20.181	71.797	-27.265	7.286	137.42	-39.246	3.594	93.739	-104.55	45.165	15.13	-138.9	34.355	26.033	-165.68	1.2136
139.5	-3.3297	20.177	73.457	-26.579	6.9699	139.78	-38.565	3.6213	95.586	-103.62	45.411	17.024	-138.18	34.534	28.053	-165.12	1.6
139.5	-3.3275	20.178	75.018	-25.839	6.5528	141.65	-37.938	3.2966	97.382	-102.55	45.605	18.879	-137.4	34.658	29.96	-164.58	1.9225
139.5	-3.3272	20.178	76.565	-25.095	6.1787	143.67	-37.092	3.1684	99.184	-101.48	45.801	20.72	-136.59	34.847	31.856	-163.96	2.2586
139.5	-3.3275	20.178	78.079	-24.256	5.8139	145.75	-36.073	3.1455	100.98	-100.31	45.931	22.514	-135.77	34.987	33.845	-163.45	2.6378
139.5	-3.3247	20.168	79.512	-23.385	5.444	147.61	-35.096	2.8937	102.76	-99.148	45.967	24.303	-134.89	35.109	35.732	-162.8	2.9636
139.5	-3.3177	20.184	80.927	-22.531	5.16	149.8	-33.856	3.0105	104.52	-97.986	46.045	26.068	-134	35.283	37.551	-162.03	3.1947
139.5	-3.3272	20.178	82.29	-21.632	4.865	151.57	-32.865	2.6443	106.25	-96.779	45.984	27.795	-133.07	35.451	39.273	-161.06	3.4751
139.5	-3.3296	20.177	83.667	-20.637	4.558	152.92	-31.891	1.9425	107.99	-95.556	45.945	29.495	-132.11	35.532	41.037	-160.31	3.7005
139.5	-3.333	20.183	84.971	-19.659	4.1825	154.84	-30.719	1.7169	109.72	-94.342	45.845	31.155	-131.15	35.659	42.634	-159.31	3.9449
139.48	-3.3322	20.176	86.283	-18.683	3.9355	156.12	-29.78	0.96074	111.4	-93.121	45.758	32.814	-130.15	35.82	44.379	-158.55	4.1783
139.48	-3.3343	20.175	87.581	-17.665	3.7044	157.92	-28.518	0.80014	113.08	-91.894	45.689	34.445	-129.12	35.857	45.978	-157.45	4.2585
139.47	-3.3389	20.181	88.832	-16.606	3.3503	159.34	-27.341	0.33966	114.71	-90.616	45.596	36.084	-128.1	35.993	47.667	-156.63	4.448
139.47	-3.3402	20.179	90.144	-15.508	3.0911	160.66	-26.167	-0.15691	116.33	-89.331	45.531	37.724	-127.07	36.068	49.283	-155.58	4.6875
139.47	-3.3409	20.177	91.446	-14.503	2.8282	162	-24.884	-0.58516	117.96	-88.046	45.525	39.317	-126.04	36.132	50.9	-154.57	4.865
139.46	-3.3456	20.171	92.77	-13.477	2.6092	163.2	-23.64	-1.0181	119.54	-86.766	45.498	40.9	-124.98	36.195	52.576	-153.64	4.9713
139.46	-3.3455	20.17	94.126	-12.422	2.2833	164.32	-22.387	-1.4911	121.1	-85.502	45.478	42.465	-123.94	36.237	54.054	-152.45	5.1289
139.46	-3.3353	20.173	95.491	-11.401	1.9271	165.43	-21.151	-1.9084	122.68	-84.241	45.493	44.008	-122.88	36.369	55.804	-151.71	5.3583
139.46	-3.3362	20.172	96.981	-10.359	1.6792	166.35	-19.881	-2.396	124.26	-83.008	45.558	45.553	-121.82	36.461	57.359	-150.7	5.5123
139.46	-3.3331	20.178	98.456	-9.4359	1.3705	167.24	-18.632	-2.8835	125.77	-81.801	45.619	47.08	-120.79	36.568	58.955	-149.7	5.7533
139.47	-3.3262	20.172	100.04	-8.4655	1.1627	167.9	-17.308	-3.4197	127.4	-80.569	45.758	48.602	-119.81	36.718	60.577	-148.84	5.94
139.47	-3.3289	20.181	101.58	-7.5168	0.70824	168.37	-15.973	-4.0279	128.93	-79.394	45.876	50.136	-118.83	36.839	62.109	-147.84	6.127
139.47	-3.3258	20.172	103.2	-6.7206	0.44777	168.61	-14.581	-4.6464	130.55	-78.211	46.001	51.679	-117.85	36.995	63.763	-146.99	6.3861
139.47	-3.3251	20.174	104.93	-5.7632	0.063627	168.51	-13.119	-5.3849	132.14	-77.028	46.111	53.219	-116.93	37.189	65.302	-146	6.6108
139.47	-3.3261	20.172	106.72	-5.0286	-0.23241	168.18	-11.579	-6.1529	133.75	-75.854	46.313	54.781	-116.06	37.419	66.906	-145.15	6.8572
139.48	-3.3194	20.182	108.58	-4.2971	-0.6202	167.55	-10.061	-6.9858	135.39	-74.652	46.412	56.354	-115.2	37.625	68.473	-144.33	7.0724
139.48	-3.3298	20.179	110.5	-3.4824	-1.1191	166.79	-8.4629	-7.7745	137.02	-73.507	46.541	57.945	-114.42	37.863	70.009	-143.47	7.367
139.48	-3.3313	20.177	112.45	-2.7732	-1.5416	165.86	-6.9674	-8.5089	138.69	-72.363	46.645	59.541	-113.65	38.08	71.584	-142.72	7.575
139.49	-3.3277	20.182	114.45	-2.0804	-1.9267	164.86	-5.4962	-9.2514	140.39	-71.256	46.741	61.193	-112.9	38.371	73.165	-141.91	7.8219
139.47	-3.3391	20.181	116.41	-1.5356	-2.3615	163.88	-4.1758	-9.9783	142.08	-70.141	46.833	62.868	-112.22	38.614	74.735	-141.14	7.9884
139.47	-3.3391	20.18	118.42	-0.96121	-2.9075	162.99	-2.9186	-10.575	143.8	-69.107	46.945	64.546	-111.57	38.886	76.41	-140.49	8.1452
139.34	-3.3975	20.152	120.57	-0.39523	-2.9415	162.26	-1.7463	-11.032	145.23	-68.349	46.564	66.261	-110.93	39.136	78.003	-139.7	8.3547
139.53	-3.2603	20.169	122.19	0.22945	-3.0693	161.03	-1.1495	-12.165	147.02	-67.457	46.731	67.998	-110.28	39.392	79.56	-138.82	8.5117
140.97	-2.26	20.231	123.16	1.0365	-3.0278	162.18	0.18165	-11.386	148.72	-66.573	46.848	69.73	-109.69	39.666	81.342	-138.38	8.7804
142.79	-1.1861	20.349	124.38	1.9005	-2.7429	163.42	0.94879	-11.426	150.39	-65.81	47.086	71.487	-109.16	39.953	83.05	-137.84	8.9699
144.79	-0.37163	20.418	126.01	2.6316	-2.4016	164.92	1.6407	-11.344	152.15	-65.085	47.215	73.282	-108.64	40.254	84.79	-137.2	9.1878
146.89	0.17907	20.514	127.84	3.2409	-2.1805	166.54	2.2323	-11.195	153.96	-64.364	47.475	75.053	-108.15	40.539	86.542	-136.63	9.4282
149.13	0.67596	20.768	129.72	3.7755	-1.8089	168.26	2.7828	-10.979	155.77	-63.77	47.789	76.811	-107.61	40.798	88.285	-136.09	9.6797
151.2	1.0592	20.94	131.62	4.2637	-1.4287	169.38	2.9472	-11.304	157.62	-63.217	48.177	78.598	-107.02	41.11	90.125	-135.55	9.9625
153.27	1.5097	21.373	133.6	4.8211	-1.1693	172	3.8628	-9.9865	159.49	-62.71	48.616	80.422	-106.47	41.407	91.967	-135.05	10.274
155.21	1.991	21.932	135.63	5.3254	-0.62653	173.99	4.3371	-9.3914	161.42	-62.265	49.087	82.322	-105.98	41.705	93.832	-134.58	10.514
157.15	2.4562	22.585	137.71	5.7372	0.07502	176.09	4.8371	-8.703	163.45	-61.904	49.685	84.325	-105.55	42.043	95.746	-134.03	10.894
159.19	2.9028	23.264	139.89	6.1568	0.53479	178.32	5.2712	-7.9408	165.46	-61.514	50.267	86.39	-105.13	42.372	97.89	-133.76	11.239
161.36	3.2859	23.953	142.26	6.6547	1.0422	180.64	5.6885	-7.1531	167.59	-61.208	50.979	88.46	-104.71	42.72	99.895	-133.28	11.596
163.66	3.6075	24.67	144.63	6.934	1.8201	183.02	5.9756	-6.3906	169.72	-60.89	51.694	90.573	-104.28	43.1	101.98	-132.86	12.014
166.11	3.862	25.425	147.18	7.256	2.428	185.5	6.2449	-5.5631	171.93	-60.612	52.423	92.724	-103.9	43.531	104.17	-132.48	12.447
168.68	4.098	26.231	149.79	7.5327	3.1994	188.11	6.5146	-4.6268	174.17	-60.448	53.12	94.93	-103.53	43.952	106.46	-132.28	12.858
171.3	4.2794	27.045	152.45	7.7627	3.9845	190.74	6.7007	-3.7793	176.48	-60.284	53.913	97.216	-103.19	44.369	108.63	-131.81	13.288
173.99	4.4582	27.934	155.18	8.0023	4.8092	193.5	6.9284	-2.7837	178.85	-60.136	54.724	99.539	-102.85	44.813	110.91	-131.49	13.743
176.72	4.607	28.829	158	8.27	5.4832	196.34	7.0961	-1.9148	181.31	-60.007	55.562	101.89	-102.49	45.238	113.37	-131.33	14.218
179.53	4.7634	29.663	160.89	8.407	6.4616	199.19	7.2037	-0.95766	183.78	-59.933	56.333	104.28	-102.17	45.672	115.71	-131.1	14.649
182.4	4.8743	30.512	163.82	8.6245	7.0714	202.11	7.3385	0.044352	186.32	-59.901	57.086	106.73	-101.84	46.163	118.03	-130.67	15.209
185.32	4.9617	31.376	166.85	8.7449	7.7981	205.17	7.4142	0.92209	188.89	-59.829	57.841	109.21	-101.52	46.675	120.49	-130.41	15.759
188.32	5.0236	32.18	169.94	8.9157	8.5234	208.26	7.4306	1.6889	191.54	-59.755	58.638	111.74	-101.17	47.14	122.95	-130.09	16.278
191.36	5.0926	32.805	173.08	8.9918	9.0907	211.41	7.4631	2.5269	194.21	-59.699	59.365	114.28	-100.82	47.532	125.44	-129.84	16.751
194.43	5.0819	33.456	176.28	8.9543	9.5634	214.64	7.4361	3.2758	196.9	-59.608	60.098	116.86	-100.45	47.959	128	-129.6	17.268
197.62	5.1328	34.072	179.5	8.9049	10.186	217.94	7.3627	3.8524	199.64	-59.539	60.769	119.49	-100.06	48.359	130.65	-129.45	17.772
200.82	5.1373	34.542	182.72	8.7727	10.193	221.32	7.2904	4.4974	202.4	-59.456	61.382	122.14	-99.672	48.705	133.3	-129.35	18.265
204.08	5.1389	34.931	185.74	8.4129	9.9858	224.7	7.1411	4.9713	205.22	-59.36	61.943	124.81	-99.257	49.05	135.93	-129.15	18.706
207.35	5.068	35.201	189.15	8.3595	10.25	228.17	7.0049	5.4119	208.05	-59.318	62.427	127.52	-98.823	49.383	138.4	-128.64	19.142
210.73	5.028	35.458	192.59	8.3677	10.189	231.03	6.4386	5.0095	210.95	-59.23	62.882	130.25	-98.396	49.657	141.05	-128.36	19.501
214.09	4.9428	35.642	196.05	8.1674	10.517	235.11	6.5727	5.8744	213.9	-59.127	63.249	132.98	-97.992	49.891	143.69	-128.18	19.917
217.45	4.8382	35.738	199.5	8.0399	10.487	238.51	6.3451	6.0447	216.8	-59.126	63.491	135.73	-97.594	50.137	146.3	-127.9	20.269
220.8	4.6791	35.715	202.91	7.9675	10.316	241.96	6.1002	6.1553	219.79	-59.159	63.733	138.48	-97.24	50.329	148.87	-127.75	20.535
224.1	4.4914	35.793	206.3	7.8005	10.503	245.34	5.8786	6.2588	222.73	-59.281	63.809	141.24	-96.898	50.473	151.57	-127.64	20.763
227.38	4.2899	35.864	209.64	7.6193	10.597	248.69	5.6669	6.298	225.73	-59.419	63.893	144.01	-96.575	50.573	154.13	-127.43	20.904
230.68	4.0672	35.988	212.93	7.57	10.491	251.95	5.406	6.4235	228.67	-59.659	63.846	146.74	-96.305	50.62	156.49	-126.92	20.868
233.97	3.8797	36.01	216.2	7.4766	10.518	254.64	4.813	5.7831	231.63	-59.904	63.811	149.45	-96.038	50.644	159.01	-126.63	20.857
237.23	3.6135	36.066	219.41	7.3668	10.554	258.39	4.885	6.443	234.48	-60.167	63.666	152.12	-95.792	50.606	161.52	-126.74	20.788
240.43	3.3695	36.121	222.58	7.1879	10.815	261.58	4.6498	6.3802	237.34	-60.402	63.582	154.74	-95.571	50.533	163.76	-126.31	20.673
243.59	3.0648	36.053	225.74	6.9392	10.74	264.09	3.9999	5.6256	240.06	-60.645	63.388	157.31	-95.338	50.417	166.1	-126.02	20.539
246.68	2.7742	35.733	228.84	6.8368	10.426	267.76	4.0078	6.1511	242.73	-60.856	63.188	159.81	-95.085	50.267	168.3	-125.85	20.314
249.71	2.5455	35.599	231.86	6.6482	10.11	270.83	3.7023	5.8644	245.31	-61.034	62.988	162.23	-94.805	50.064	170.56	-125.65	20.128
252.64	2.3228	35.262	234.87	6.4267	9.8745	273.78	3.299	5.6279	247.83	-61.137	62.786	164.58	-94.485	49.812	172.71	-125.45	19.928
255.46	2.0439	34.784	237.79	6.2011	9.2882	276.12	2.5548	4.5212	250.22	-61.243	62.518	166.84	-94.138	49.516	174.95	-125.58	19.795
258.19	1.835	34.316	240.63	5.9838	8.6121	279.18	2.3009	4.2822	252.53	-61.323	62.21	169.03	-93.776	49.188	177.09	-125.39	19.628
260.84	1.6079	33.746	243.37	5.6835	8.2158	281.73	1.7484	3.6606	254.84	-61.372	61.922	171.17	-93.42	48.877	179.12	-125.16	19.449
263.38	1.3881	33.221	246.05	5.4055	7.4359	285.12	1.8254	4.1039	256.99	-61.425	61.537	173.24	-93.067	48.509	180.82	-124.64	19.223
265.89	1.1637	32.549	248.61	5.1859	6.8424	287.19	1.2012	2.9376	259.14	-61.482	61.178	175.25	-92.722	48.175	182.93	-124.81	18.954
268.29	0.92386	32.028	251.07	4.882	6.2188	290.11	1.081	2.9873	261.23	-61.548	60.789	177.18	-92.419	47.811	184.47	-124.25	18.645
270.57	0.7043	31.485	253.41	4.7318	5.6165	291.97	0.45921	1.8834	263.22	-61.656	60.354	179.05	-92.138	47.454	186.11	-124.09	18.24
272.79	0.48029	30.949	255.65	4.4344	5.1469	294.71	0.47801	2.058	265.13	-61.793	59.894	180.84	-91.886	47.115	187.73	-123.9	17.951
274.92	0.26317	30.483	257.76	4.2742	4.6367	296.79	0.16132	1.514	266.98	-61.93	59.428	182.53	-91.652	46.745	189.29	-123.68	17.73
276.88	0.00889	29.973	259.74	4.1186	4.2396	298.76	-0.095638	1.0499	268.75	-62.106	58.998	184.15	-91.427	46.394	190.9	-123.93	17.364
278.82	-0.17742	29.58	261.62	4.0118	3.7661	300.63	-0.32358	0.51656	270.43	-62.229	58.513	185.69	-91.213	46.042	192.06	-123.3	16.92
280.57	-0.37627	29.061	263.37	3.9096	3.5041	302.38	-0.51652	0.1185	271.94	-62.411	58.029	187.13	-91.017	45.668	193.29	-123.07	16.596
282.23	-0.484	28.681	265.01	3.7714	2.9504	303.98	-0.67123	-0.31226	273.4	-62.482	57.562	188.47	-90.824	45.281	194.72	-123.38	16.207
283.74	-0.54804	28.242	266.51	3.8149	2.3727	305.02	-1.0319	-1.3987	274.73	-62.518	57.112	189.7	-90.629	44.872	195.56	-122.76	15.625
285.1	-0.57656	27.637	267.9	3.6707	1.8584	306.82	-0.84744	-1.3068	275.93	-62.47	56.592	190.86	-90.411	44.461	196.58	-122.54	15.328
286.27	-0.52729	27.086	269.09	3.6722	1.3075	308.05	-0.8298	-1.9012	277.01	-62.341	56.128	191.94	-90.158	44.066	197.9	-122.83	15.056
287.3	-0.44217	26.35	270.16	3.7101	0.63495	309.15	-0.83226	-2.5924	278	-62.114	55.62	192.91	-89.885	43.624	198.52	-122.18	14.613
288.22	-0.21176	25.584	271.12	3.7244	-0.15979	309.62	-1.0212	-3.8142	278.9	-61.804	55.119	193.79	-89.609	43.177	199.37	-122.01	14.263
288.95	-0.010521	24.748	271.92	3.8051	-1.0603	310.95	-0.63121	-4.0703	279.7	-61.436	54.585	194.58	-89.297	42.698	200.05	-121.88	13.768
289.6	0.29247	23.875	272.61	3.9222	-2.2549	311.66	-0.48877	-4.8747	280.4	-61.031	53.96	195.27	-88.98	42.208	200.76	-121.66	13.533
290.13	0.59679	22.824	273.19	3.9707	-3.2165	312.25	-0.3092	-5.8659	281.05	-60.557	53.335	195.9	-88.642	41.705	201.27	-121.49	13.124
290.55	0.8607	21.844	273.61	4.1613	-4.132	312.5	-0.33668	-7.2045	281.65	-60.045	52.709	196.47	-88.286	41.227	202.19	-121.67	12.977
291.41	0.5325	21.687	273.92	4.4212	-4.5815	312.96	0.058339	-8.0273	282.15	-59.597	51.946	196.94	-87.951	40.713	202.31	-121.06	12.408
291.79	0.41634	21.701	274.3	4.8027	-4.9719	313.37	0.4942	-8.5634	282.63	-59.344	51.259	197.34	-87.612	40.18	202.76	-120.77	12.001
292.04	0.88611	21.6	274.46	5.1412	-5.0965	313.36	0.66676	-9.4585	283.11	-59.195	50.651	197.67	-87.322	39.651	203.09	-120.59	11.513
292.49	1.2675	21.696	274.72	5.3652	-5.4327	313.49	0.72026	-10.22	283.51	-59.14	50.121	197.96	-87.151	39.185	203.42	-120.41	11.05
293.14	1.4224	21.777	274.98	5.6299	-5.4724	314.72	1.4497	-9.4074	283.85	-59.166	49.638	198.29	-87.09	38.774	203.63	-120.23	10.61
293.46	1.4851	21.867	274.87	5.946	-5.5539	314.41	1.3903	-10.134	284.15	-59.196	49.204	198.55	-87.062	38.378	203.8	-120.09	10.03
293.21	1.8316	21.83	274.64	6.2848	-5.777	314.28	1.5815	-10.603	284.36	-59.191	48.776	198.74	-86.961	38.032	203.93	-119.97	9.645
293.04	1.8639	21.853	274.54	6.5843	-5.8439	314.23	1.8569	-10.79	284.51	-59.113	48.382	198.86	-86.859	37.764	203.95	-119.85	9.2963
292.62	1.9239	21.749	274.44	6.7303	-6.0882	314.25	2.0967	-11.081	284.6	-58.965	48.1	198.93	-86.785	37.494	204.04	-119.75	9.0949
292.54	2.2314	21.744	274.49	6.8126	-6.3564	314.43	2.309	-11.162	284.59	-58.791	47.874	198.95	-86.75	37.251	203.9	-119.72	8.6515
292.63	2.2872	21.759	274.56	6.9127	-6.5402	314.78	2.4806	-11.125	284.52	-58.65	47.693	198.9	-86.633	36.992	203.84	-119.67	8.5413
292.66	2.3285	21.74	274.55	6.9733	-6.622	315.78	3.3904	-9.7515	284.43	-58.577	47.618	198.79	-86.437	36.714	204.07	-119.99	8.5196
292.67	2.3665	21.732	274.55	7.0132	-6.7076	315.83	3.3861	-9.7677	284.26	-58.559	47.558	198.6	-86.247	36.508	203.74	-119.43	8.2806
292.68	2.3755	21.731	274.54	7.0331	-6.8918	315.83	3.3783	-9.7679	284.11	-58.515	47.529	198.44	-86.11	36.358	203.63	-119.4	8.0693
292.67	2.371	21.736	274.49	7.0983	-7.1241	315.97	3.474	-9.6233	283.97	-58.455	47.555	198.33	-86.052	36.236	203.56	-119.36	7.969
292.68	2.3756	21.744	274.42	7.0789	-7.119	315.99	3.4539	-9.619	283.82	-58.384	47.56	198.23	-86.022	36.125	203.39	-119.34	7.8714
292.66	2.3748	21.734	274.36	7.0277	-7.4378	316.04	3.4394	-9.6243	283.66	-58.347	47.503	198.09	-85.963	36.02	203.22	-119.36	7.8401
292.66	2.3677	21.739	274.29	6.9622	-7.6983	316.07	3.3912	-9.6585	283.47	-58.336	47.464	197.93	-85.887	35.947	203.09	-119.32	7.8845
292.66	2.3709	21.742	274.27	6.7322	-8.1936	316.12	3.3523	-9.6783	283.32	-58.31	47.486	197.76	-85.829	35.895	203.29	-119.8	8.0958
292.79	2.4426	21.811	274.01	6.263	-9.2812	316.2	3.302	-9.695	283.17	-58.252	47.481	197.61	-85.781	35.839	203.17	-119.82	8.1229
292.78	2.4372	21.814	273.91	5.9842	-10.046	316.24	3.1562	-9.9051	282.97	-58.134	47.408	197.48	-85.732	35.775	202.76	-119.4	8.0001
292.78	2.4346	21.81	273.85	5.7917	-10.371	315.22	1.9325	-11.73	282.77	-58.073	47.267	197.34	-85.638	35.64	202.51	-119.56	7.9581
292.73	2.4368	21.82	273.77	5.6547	-10.772	315.29	1.7439	-11.935	282.62	-58.069	47.171	197.17	-85.475	35.439	202.37	-119.61	7.9839
292.66	2.452	21.819	273.64	5.5808	-11.079	315.31	1.5948	-12.064	282.48	-58.12	47.091	196.98	-85.417	35.317	202.2	-119.63	8.0387
292.54	2.4629	21.785	273.53	5.2918	-11.087	315.31	1.477	-12.159	282.35	-58.212	47.007	196.84	-85.474	35.239	202.11	-119.71	7.9802
292.45	2.4912	21.771	273.39	5.1058	-11.318	315.36	1.2568	-12.318	282.18	-58.319	46.868	196.73	-85.62	35.151	201.98	-119.83	7.914
292.36	2.4763	21.766	273.19	4.9642	-11.621	315.46	0.90159	-12.72	281.97	-58.347	46.699	196.65	-85.708	35.047	201.86	-119.94	7.8931
292.26	2.4697	21.782	272.92	4.7773	-11.872	315.55	0.48131	-13.353	281.82	-58.229	46.506	196.54	-85.731	34.953	201.61	-120.1	7.8401
292.16	2.4598	21.772	272.46	4.7565	-12.221	315.1	1.1485	-11.047	281.67	-58.07	46.281	196.33	-85.727	34.869	201.39	-120.25	7.9143
292.08	2.4531	21.773	271.99	4.6426	-12.534	317.71	-2.1821	-11.42	281.38	-57.966	45.997	196.06	-85.707	34.794	201.18	-120.4	8.0516
292.04	2.4571	21.776	271.45	4.6509	-12.74	316.69	-0.76913	-14.119	281.13	-57.835	45.831	195.78	-85.692	34.711	200.99	-120.44	8.1016
292.03	2.4686	21.772	270.92	4.6122	-12.7	316.73	-0.27608	-11.906	280.83	-57.835	45.594	195.48	-85.694	34.639	200.75	-120.51	8.2336
292.04	2.47	21.77	270.37	4.6437	-12.76	318.15	-1.6124	-13.819	280.52	-57.897	45.56	195.14	-85.749	34.567	200.41	-120.73	8.2142
292.09	2.4556	21.764	269.73	4.4833	-12.517	319.23	-2.6779	-13.881	280.17	-58.053	45.64	194.81	-85.842	34.569	200.12	-120.92	8.2202
292.12	2.4562	21.772	268.99	4.4361	-12.49	320.12	-3.2192	-13.082	279.71	-58.262	45.718	194.43	-86.03	34.664	199.83	-121.08	8.4201
292.13	2.4601	21.78	268.31	4.2648	-12.301	320.91	-3.4945	-11.69	279.27	-58.451	45.94	194.02	-86.198	34.771	199.43	-121.23	8.5237
292.11	2.4564	21.775	267.51	4.1761	-12	321.94	-4.2406	-10.715	278.72	-58.709	46.171	193.57	-86.372	34.983	198.96	-121.53	8.7515
292.07	2.4667	21.771	266.7	4.1035	-11.784	NaN	NaN	NaN	278.22	-58.942	46.485	193.05	-86.536	35.2	198.5	-121.69	9.1261
292.05	2.4631	21.77	265.87	3.8487	-11.254	323.7	-6.012	-8.6274	277.67	-59.239	46.837	192.48	-86.753	35.478	197.96	-122.06	9.4251
292.06	2.4603	21.778	264.99	3.7305	-10.824	NaN	NaN	NaN	277.06	-59.628	47.16	191.86	-87.019	35.813	197.48	-122.31	9.8188
292.08	2.4602	21.774	264.03	3.609	-10.272	320.33	-3.7267	-6.5831	276.5	-60.036	47.57	191.22	-87.378	36.176	196.86	-122.64	10.164
292.09	2.4611	21.771	263.07	3.4194	-9.6611	320.95	-4.5253	-5.2143	275.78	-60.567	47.965	190.55	-87.795	36.589	196.21	-122.95	10.554
292.09	2.4552	21.777	262.04	3.1952	-8.8483	321.42	-5.4982	-4.2479	275.09	-61.084	48.472	189.86	-88.276	37.062	195.51	-123.37	10.983
292.07	2.4544	21.765	260.97	3.0078	-8.2104	321.68	-6.4366	-3.1337	274.29	-61.679	48.865	189.09	-88.767	37.518	194.83	-123.8	11.423
292.05	2.4606	21.779	259.85	2.789	-7.3746	321.9	-7.4594	-2.1193	273.47	-62.255	49.442	188.24	-89.29	38.05	194.01	-124.3	11.716
292.05	2.4653	21.775	258.68	2.5514	-6.502	321.92	-8.3396	-0.91301	272.56	-62.884	50.064	187.32	-89.819	38.537	193.13	-124.78	12.222
292.06	2.4585	21.774	257.46	2.2981	-5.6057	321.6	-9.3925	0.013893	271.55	-63.546	50.654	186.33	-90.388	39.126	192.24	-125.16	12.728
292.08	2.4599	21.774	256.2	2.0069	-4.691	321.08	-10.328	1.1586	270.45	-64.235	51.32	185.24	-90.946	39.706	191.21	-125.65	13.178
292.08	2.4599	21.774	254.88	1.66	-3.4495	320.48	-11.259	2.0739	269.29	-64.904	52.146	184.06	-91.556	40.302	190.12	-126.16	13.72
292.07	2.4578	21.77	253.5	1.3931	-2.5967	319.7	-11.916	3.542	268.02	-65.635	52.956	182.78	-92.169	40.962	188.93	-126.67	14.307
292.06	2.4632	21.767	252.03	1.0104	-1.2841	318.42	-12.799	4.5601	266.56	-66.443	53.823	181.41	-92.826	41.661	187.67	-127.18	14.804
292.06	2.4558	21.771	250.46	0.67057	0.13015	317.02	-13.593	5.5712	265.08	-67.223	54.77	179.92	-93.523	42.412	186.29	-127.73	15.359
292.07	2.4565	21.782	248.8	0.28947	1.6467	315.45	-14.173	6.8788	263.47	-68.026	55.795	178.32	-94.245	43.15	184.76	-128.3	15.909
292.08	2.4578	21.771	247.08	0.050137	3.0649	313.73	-14.523	8.4433	261.71	-68.886	56.844	176.6	-95.014	43.954	183.25	-128.76	16.582
292.08	2.4507	21.77	245.24	-0.29479	4.9332	311.59	-15.183	9.5363	259.8	-69.753	57.95	174.75	-95.768	44.731	181.54	-129.36	17.104
292.08	2.4474	21.764	243.28	-0.50494	6.45	309.32	-15.633	10.864	257.77	-70.66	58.975	172.76	-96.551	45.558	179.59	-129.81	17.69
292.06	2.459	21.776	241.22	-0.79451	8.1288	306.9	-16.078	12.152	255.58	-71.575	60.092	170.61	-97.303	46.411	177.58	-130.36	18.309
292.07	2.4536	21.776	239.06	-1.0999	10.197	304.37	-16.37	13.577	253.28	-72.444	61.208	168.34	-98.081	47.228	175.47	-130.89	18.935
292.07	2.4544	21.779	236.78	-1.3703	11.933	301.47	-16.694	14.873	250.83	-73.327	62.349	165.91	-98.853	48.07	173.45	-131.64	19.599
292.08	2.4575	21.771	234.65	-1.3146	14.253	298.42	-16.892	16.204	248.45	-73.903	63.725	163.39	-99.619	48.87	170.84	-131.82	20.089
292.06	2.4497	21.77	232.17	-1.5295	16.062	295.14	-17.027	17.312	245.7	-74.693	64.798	160.75	-100.36	49.693	168.38	-132.27	20.599
292.06	2.4613	21.779	229.5	-1.8063	17.684	291.67	-16.881	18.736	242.87	-75.407	65.855	158	-101.1	50.489	165.94	-133.04	21.279
292.07	2.4544	21.764	226.65	-1.8997	19.107	287.93	-16.711	19.91	239.9	-76.004	66.801	155.12	-101.84	51.232	163.08	-133.15	21.653
292.07	2.4571	21.769	223.68	-2.0463	20.838	283.93	-16.409	20.799	236.76	-76.569	67.747	152.11	-102.56	51.986	160.35	-133.53	22.206
292.06	2.4591	21.775	220.49	-2.1742	22.236	279.67	-16.073	21.914	233.51	-77.041	68.615	149.01	-103.27	52.659	157.59	-134.2	22.764
292.06	2.4594	21.762	217.12	-2.2288	23.561	275.27	-15.503	22.902	230.15	-77.423	69.411	145.82	-103.94	53.319	154.44	-134.34	23.171
292.06	2.4593	21.776	213.53	-2.341	24.717	270.61	-14.892	23.969	226.68	-77.694	70.189	142.53	-104.62	53.943	151.39	-134.7	23.536
292.07	2.4639	21.783	209.7	-2.2712	25.814	265.77	-14.269	24.77	223.07	-77.876	70.877	139.11	-105.28	54.561	148.16	-134.98	23.884
292.07	2.4542	21.778	205.81	-2.1519	26.655	260.61	-13.439	25.376	219.33	-77.973	71.468	135.6	-105.9	55.136	144.88	-135.33	24.421
292.06	2.4594	21.762	201.67	-2.0593	27.476	255.29	-12.429	26.209	215.45	-77.964	72.015	131.98	-106.5	55.677	141.49	-135.69	24.731
292.07	2.4639	21.769	197.35	-1.9561	28.16	249.73	-11.466	26.531	211.52	-77.854	72.528	128.24	-107.1	56.182	138.07	-136.13	25
292.07	2.4639	21.769	192.89	-1.8313	28.819	292.07	2.4666	21.773	207.45	-77.642	72.945	124.42	-107.68	56.614	134.44	-136.41	25.324
243.28	-12.482	25.626	188.27	-1.5284	29.183	292.07	2.4568	21.769	203.24	-77.37	73.253	120.51	-108.23	57.024	130.68	-136.56	25.598
237.11	-11.25	25.656	183.47	-1.3859	29.648	292.07	2.4553	21.766	198.98	-77.019	73.56	116.48	-108.78	57.349	127.02	-136.93	25.866
230.85	-9.9021	25.627	178.6	-1.1596	29.945	292.07	2.4553	21.766	194.65	-76.629	73.803	112.43	-109.29	57.684	123.14	-137.05	25.971
230.85	-9.9021	25.627	173.61	-0.89447	30.111	292.07	2.454	21.779	190.22	-76.165	73.952	108.31	-109.79	57.949	119.29	-137.45	26.189
230.85	-9.9021	25.627	168.41	-0.60149	30.18	292.07	2.4563	21.769	185.71	-75.645	74.039	104.13	-110.3	58.169	115.27	-137.58	26.351
292.07	2.4527	21.776	163.17	-0.29217	30.301	NaN	NaN	NaN	181.19	-75.061	74.004	99.885	-110.8	58.333	111.24	-137.81	26.38
292.07	2.4591	21.772	157.8	0.066879	30.209	NaN	NaN	NaN	176.6	-74.452	73.966	95.645	-111.26	58.504	107.25	-138.13	26.477
292.07	2.4542	21.777	152.38	0.41321	30.083	NaN	NaN	NaN	171.94	-73.811	73.827	91.346	-111.76	58.627	103.09	-138.26	26.52
292.07	2.4544	21.765	146.85	0.67949	30.018	NaN	NaN	NaN	166.98	-73.372	73.244	87.035	-112.24	58.725	99	-138.58	26.445
292.07	2.4544	21.765	141.3	0.99654	29.933	NaN	NaN	NaN	162.24	-72.678	73.028	82.7	-112.69	58.792	94.786	-138.76	26.496
292.07	2.4522	21.775	135.73	1.3192	29.568	NaN	NaN	NaN	157.46	-71.983	72.773	78.327	-113.17	58.794	90.638	-139.01	26.348
292.06	2.4496	21.769	130.15	1.6202	29.095	NaN	NaN	NaN	152.63	-71.236	72.415	73.94	-113.59	58.76	86.42	-139.18	26.292
292.06	2.4619	21.766	124.49	1.8308	28.757	NaN	NaN	NaN	147.75	-70.483	72.111	69.557	-114.03	58.672	82.212	-139.45	26.045
292.06	2.4582	21.772	118.77	2.0737	28.188	NaN	NaN	NaN	142.86	-69.774	71.697	65.134	-114.42	58.505	77.947	-139.62	25.923
292.06	2.4588	21.775	113.07	2.2901	27.551	NaN	NaN	NaN	137.87	-69.042	71.222	60.75	-114.8	58.36	73.742	-139.85	25.589
292.06	2.4586	21.773	107.43	2.6095	26.872	NaN	NaN	NaN	132.94	-68.277	70.798	56.35	-115.15	58.07	69.544	-140.03	25.354
292.05	2.4654	21.773	101.72	2.7914	26.184	NaN	NaN	NaN	128.04	-67.606	70.328	51.962	-115.52	57.852	65.327	-140.24	25.095
292.05	2.463	21.77	96.019	2.9796	25.503	NaN	NaN	NaN	123.07	-66.962	69.757	47.612	-115.84	57.525	61.183	-140.48	24.711
292.06	2.4568	21.771	90.357	3.1544	24.857	NaN	NaN	NaN	118.2	-66.302	69.196	43.299	-116.23	57.174	57.055	-140.64	24.391
292.06	2.4584	21.76	84.67	3.3159	24.17	NaN	NaN	NaN	113.38	-65.691	68.603	38.994	-116.57	56.833	52.949	-140.85	23.915
292.06	2.457	21.772	79.007	3.4616	23.502	NaN	NaN	NaN	108.62	-65.108	67.992	34.769	-116.88	56.425	48.894	-141.06	23.457
292.06	2.4559	21.769	73.375	3.645	22.859	NaN	NaN	NaN	103.88	-64.56	67.303	30.6	-117.19	56.017	44.95	-141.28	23.05
292.06	2.4572	21.76	67.84	3.8171	22.15	NaN	NaN	NaN	99.229	-63.977	66.603	26.494	-117.52	55.561	41.024	-141.51	22.597
292.06	2.4593	21.776	62.392	3.9843	21.291	NaN	NaN	NaN	95.004	-63.121	66.357	22.468	-117.84	55.091	37.222	-141.7	22.049
292.06	2.4578	21.772	57.037	4.0661	20.565	NaN	NaN	NaN	90.495	-62.586	65.662	18.531	-118.12	54.626	33.409	-141.93	21.477
292.07	2.4521	21.774	51.829	4.149	19.764	75.322	6.8399	7.0991	86.118	-62.025	64.953	14.671	-118.38	54.094	29.762	-142.1	21.097
292.07	2.4522	21.775	46.713	4.1908	18.805	69.066	6.1564	5.6562	81.465	-61.794	63.773	10.914	-118.64	53.6	26.141	-142.27	20.585
292.07	2.4519	21.774	41.808	4.1984	17.974	64.191	6.431	4.8621	77.265	-61.288	63.034	7.265	-118.9	53.101	22.701	-142.48	20.101
292.07	2.4545	21.777	37.008	4.171	17.184	59.183	6.5608	3.7781	73.2	-60.796	62.339	3.7292	-119.14	52.563	19.37	-142.68	19.601
292.07	2.4581	21.771	32.388	4.206	16.168	54.496	6.7173	2.8094	69.222	-60.329	61.553	0.2799	-119.37	52.028	16.074	-142.84	19.118
292.07	2.4519	21.775	27.954	4.1693	15.286	50.036	6.8629	1.8664	65.391	-59.944	60.82	-3.0542	-119.61	51.475	12.862	-143.03	18.452
292.07	2.4519	21.775	23.647	4.133	14.359	45.805	7.0329	1.0381	61.704	-59.557	60.134	-6.3007	-119.81	50.897	9.7757	-143.25	17.894
292.07	2.4542	21.778	19.615	4.0738	13.466	41.671	7.0837	0.11989	58.16	-59.245	59.388	-9.4409	-120.01	50.297	6.7954	-143.4	17.367
292.06	2.4616	21.766	15.767	4.0239	12.627	37.655	7.0707	-0.87799	54.739	-58.981	58.655	-12.47	-120.22	49.707	3.8916	-143.54	16.786
292.06	2.4615	21.779	12.116	3.8946	11.895	34.114	7.1649	-1.5586	51.45	-58.76	57.939	-15.422	-120.42	49.074	1.178	-143.71	16.197
292.06	2.4593	21.775	8.6564	3.8564	11.017	30.458	7.1323	-2.5648	48.332	-58.548	57.246	-18.184	-120.57	48.454	-1.515	-143.89	15.525
292.06	2.4583	21.774	5.377	3.7923	10.132	27.207	7.11	-3.3323	45.341	-58.357	56.574	-20.897	-120.74	47.822	-3.9927	-144.04	14.858
292.06	2.457	21.772	2.2986	3.7079	9.285	24.09	7.06	-4.2189	42.515	-58.183	55.939	-23.474	-120.9	47.192	-6.3787	-144.19	14.293
292.05	2.4605	21.769	-0.65323	3.6171	8.446	21.118	7.0116	-5.0366	39.789	-58.047	55.262	-25.901	-121.02	46.577	-8.6377	-144.29	13.732
292.06	2.4586	21.774	-3.3984	3.5274	7.6274	18.367	6.9945	-5.8698	37.195	-57.868	54.626	-28.199	-121.14	45.91	-10.812	-144.46	12.983
292.06	2.4568	21.771	-5.9878	3.4342	6.7203	15.911	7.0045	-6.5402	34.793	-57.691	54.068	-30.368	-121.22	45.344	-12.786	-144.51	12.579
292.05	2.4643	21.773	-8.4185	3.3005	5.9952	13.481	6.9068	-7.3687	32.484	-57.562	53.445	-32.401	-121.3	44.698	-14.663	-144.65	11.908
292.06	2.457	21.772	-10.599	3.2616	5.1339	11.347	6.863	-8.0636	30.357	-57.416	52.902	-34.343	-121.38	44.145	-16.477	-144.76	11.384
292.06	2.4604	21.778	-12.637	3.2088	4.2661	9.1918	6.7564	-8.9189	28.336	-57.342	52.34	-36.177	-121.43	43.521	-18.121	-144.8	10.857
292.06	2.4497	21.77	-14.526	3.0649	3.559	7.4539	6.7091	-9.5551	26.461	-57.196	51.823	-37.87	-121.47	42.936	-19.682	-144.9	10.312
292.06	2.4593	21.774	-16.273	2.9941	2.6895	5.7275	6.5992	-10.3	24.687	-57.147	51.316	-39.484	-121.49	42.378	-21.135	-144.98	9.8558
292.07	2.4522	21.775	-17.863	2.9008	1.8491	4.1921	6.5017	-10.987	23.03	-57.022	50.865	-41.001	-121.5	41.804	-22.425	-145.06	9.3337
292.07	2.452	21.775	-19.256	2.8175	1.0515	2.8191	6.3587	-11.658	21.455	-57.019	50.386	-42.454	-121.51	41.2	-23.695	-145.14	8.78
292.07	2.4522	21.775	-20.551	2.7168	0.24228	1.5159	6.1978	-12.364	20.015	-56.939	49.954	-43.797	-121.51	40.611	-24.789	-145.2	8.3104
292.07	2.4518	21.777	-21.737	2.608	-0.56795	0.50221	6.109	-12.974	18.61	-56.88	49.517	-45.049	-121.49	40.039	-25.923	-145.31	7.8547
292.07	2.4518	21.774	-22.822	2.4918	-1.3548	-0.52051	5.9734	-13.563	17.347	-56.84	49.116	-46.244	-121.49	39.447	-26.915	-145.33	7.4208
292.07	2.4433	21.773	-23.827	2.3384	-2.129	-1.4903	5.8056	-14.255	16.106	-56.818	48.705	-47.338	-121.48	38.887	-27.87	-145.43	6.9219
292.07	2.44	21.767	-24.693	2.2165	-2.8348	-2.3718	5.6298	-14.849	14.99	-56.762	48.349	-48.423	-121.49	38.305	-28.722	-145.48	6.5022
292.07	2.4572	21.768	-25.5	2.1782	-3.7874	-3.2043	5.3979	-15.549	13.875	-56.755	47.983	-49.376	-121.48	37.781	-29.555	-145.58	5.9952
292.06	2.45	21.77	-26.203	2.0178	-4.4193	-3.8532	5.1853	-16.084	12.854	-56.77	47.738	-50.292	-121.5	37.252	-30.272	-145.65	5.6321
292.06	2.4593	21.776	-26.797	1.9263	-4.9857	-4.2615	5.0663	-16.4	11.88	-56.733	47.539	-51.151	-121.5	36.797	-30.931	-145.74	5.2326
292.06	2.4571	21.771	-27.319	1.7799	-5.5049	-4.6964	4.9274	-16.675	10.972	-56.81	47.36	-51.967	-121.51	36.299	-31.593	-145.8	4.9345
292.05	2.4652	21.774	-27.819	1.6385	-5.9809	-5.1512	4.6771	-16.937	10.176	-56.892	47.235	-52.68	-121.54	35.858	-32.087	-145.89	4.6278
292.06	2.4584	21.773	-28.195	1.5435	-6.4352	-5.5251	4.4798	-17.168	9.4629	-56.973	47.117	-53.356	-121.59	35.439	-32.644	-146.01	4.2462
292.05	2.4633	21.77	-28.504	1.4413	-6.6909	-5.7284	4.3552	-17.244	8.831	-57.122	47.03	-53.965	-121.64	35.049	-33.14	-146.08	3.9888
292.05	2.468	21.777	-28.822	1.2928	-6.9908	-6.0973	4.1309	-17.488	8.272	-57.282	46.947	-54.499	-121.69	34.688	-33.522	-146.16	3.7871
292.05	2.4633	21.77	-29.04	1.1975	-7.1911	-6.1839	3.9959	-17.483	7.7579	-57.426	46.872	-54.968	-121.77	34.339	-33.958	-146.31	3.4182
292.05	2.4632	21.77	-29.242	1.0872	-7.4202	-6.3987	3.7711	-17.601	7.3058	-57.589	46.814	-55.43	-121.82	33.983	-34.272	-146.38	3.1298
292.05	2.4652	21.774	-29.412	0.98507	-7.6605	-6.4752	3.5704	-17.616	6.9	-57.743	46.701	-55.807	-121.86	33.66	-34.561	-146.45	2.8809
292.06	2.4582	21.773	-29.559	0.90529	-8.0547	-6.4901	3.4281	-17.674	6.493	-57.886	46.569	-56.212	-121.92	33.289	-34.889	-146.57	2.5339
292.06	2.4543	21.769	-29.654	0.77695	-8.3623	-6.4872	3.2814	-17.753	6.145	-58.024	46.454	-56.515	-121.95	32.959	-35.152	-146.6	2.1996
292.06	2.4559	21.769	-29.763	0.58805	-8.7463	-6.492	3.095	-17.929	5.78	-58.144	46.281	-56.841	-121.99	32.508	-35.318	-146.68	1.9503
292.05	2.4534	21.768	-29.782	0.55874	-9.3341	-6.4659	2.8997	-18.189	5.4528	-58.202	46.111	-57.117	-122	32.06	-35.534	-146.81	1.6094
292.05	2.441	21.773	-29.858	0.38921	-9.8043	-6.4962	2.7637	-18.543	5.0943	-58.244	45.893	-57.359	-122.01	31.636	-35.625	-146.88	1.3546
292.07	2.452	21.775	-29.906	0.27441	-10.558	-6.4469	2.6345	-18.929	4.7613	-58.226	45.639	-57.597	-122.02	31.161	-35.693	-146.89	1.0153
292.07	2.4498	21.773	-30.118	-0.057832	-11.515	-3.1904	4.0981	-16.501	4.4342	-58.216	45.379	-57.787	-121.98	30.698	-35.763	-146.99	0.64171
292.07	2.4498	21.773	-30.135	-0.22591	-12.258	-3.1707	3.9337	-17.055	4.1099	-58.122	45.095	-58.011	-121.97	30.241	-35.798	-147.09	0.34573
292.06	2.4451	21.765	-30.118	-0.26864	-13.017	-3.1108	3.8519	-17.492	3.7453	-58.004	44.8	-58.19	-121.94	29.731	-35.75	-147.13	0.077241
292.06	2.4355	21.761	-30.339	-0.3519	-13.427	-3.4551	4.251	-17.212	3.4741	-57.897	44.512	-58.333	-121.88	29.334	-35.747	-147.17	-0.28977
292.06	2.447	21.77	-30.47	-0.36686	-13.594	-3.5362	4.3436	-17.193	3.2804	-57.836	44.371	-58.483	-121.82	28.983	-35.753	-147.22	-0.47053
292.06	2.4469	21.769	-30.534	-0.36713	-13.665	-3.5984	4.3569	-17.145	3.0836	-57.827	44.309	-58.605	-121.79	28.773	-35.739	-147.24	-0.58051
292.06	2.4447	21.765	-30.602	-0.36699	-13.69	-3.6403	4.3511	-17.109	2.9493	-57.807	44.397	-58.661	-121.81	28.706	-35.734	-147.24	-0.62589
292.06	2.4475	21.769	-30.654	-0.3508	-13.665	-3.6963	4.3158	-17.002	2.8457	-57.768	44.475	-58.637	-121.87	28.735	-35.746	-147.24	-0.60022
292.06	2.4542	21.769	-30.736	-0.29845	-13.764	-3.7922	4.3278	-16.955	2.765	-57.682	44.607	-58.595	-121.89	28.799	-35.765	-147.21	-0.53609
292.05	2.4605	21.769	-30.822	-0.27101	-13.78	-3.8772	4.3836	-16.897	2.7027	-57.591	44.663	-58.558	-121.87	28.831	-35.78	-147.18	-0.48212
292.05	2.463	21.77	-30.912	-0.26464	-13.743	-3.9809	4.4857	-16.855	2.658	-57.505	44.666	-58.534	-121.79	28.836	-35.761	-147.14	-0.43516
292.05	2.468	21.777	-31.033	-0.21379	-13.785	-4.0957	4.5821	-16.856	2.6563	-57.39	44.637	-58.516	-121.73	28.831	-35.745	-147.09	-0.4503
292.05	2.4727	21.761	-31.145	-0.1632	-13.86	-4.1945	4.6901	-16.88	2.7004	-57.301	44.552	-58.459	-121.69	28.805	-35.739	-147.03	-0.48992
292.05	2.4751	21.762	-31.2	-0.11093	-13.864	-4.2588	4.769	-16.877	2.7916	-57.229	44.43	-58.384	-121.65	28.804	-35.724	-146.97	-0.54475
292.05	2.4681	21.763	-31.199	-0.050897	-13.837	-4.3115	4.843	-16.911	2.9143	-57.18	44.337	-58.296	-121.59	28.786	-35.7	-146.92	-0.60179
292.05	2.4659	21.758	-31.197	-0.0058968	-13.826	-4.3206	4.898	-16.913	3.0401	-57.154	44.229	-58.2	-121.54	28.753	-35.658	-146.88	-0.70765
292.05	2.4687	21.762	-31.208	0.035218	-13.827	-4.3259	4.9413	-16.937	3.1571	-57.14	44.153	-58.094	-121.52	28.742	-35.62	-146.85	-0.81799
292.05	2.4806	21.757	-31.179	0.067182	-13.794	-4.3029	4.9574	-16.949	3.2778	-57.118	44.038	-57.991	-121.51	28.721	-35.574	-146.82	-0.89625
292.06	2.4731	21.77	-31.148	0.099343	-13.774	-4.2894	4.9603	-16.971	3.4406	-57.083	44.007	-57.885	-121.5	28.706	-35.52	-146.81	-1.0184
292.06	2.4717	21.768	-31.121	0.11648	-13.765	-4.2632	4.9667	-16.983	3.5753	-57.062	43.963	-57.768	-121.51	28.698	-35.472	-146.8	-1.0446
292.06	2.4717	21.768	-31.097	0.11581	-13.753	-4.2383	4.9737	-16.996	3.6888	-57.071	43.89	-57.649	-121.5	28.688	-35.377	-146.8	-1.0735
292.07	2.4665	21.77	-31.071	0.11734	-13.738	-4.2098	4.9774	-17.006	3.8053	-57.085	43.818	-57.518	-121.52	28.65	-35.31	-146.81	-1.1055
292.07	2.469	21.775	-31.055	0.12441	-13.724	-4.2133	4.9974	-17.084	3.9483	-57.088	43.777	-57.402	-121.55	28.658	-35.238	-146.85	-1.1473
292.07	2.4691	21.762	-31.022	0.11453	-13.71	-4.1859	5.001	-17.094	4.0771	-57.112	43.757	-57.3	-121.56	28.642	-35.184	-146.86	-1.1836
292.07	2.4694	21.762	-30.999	0.11301	-13.699	-4.1689	4.9999	-17.101	4.2094	-57.125	43.708	-57.204	-121.6	28.641	-35.128	-146.87	-1.1948
292.08	2.4607	21.759	-30.978	0.10769	-13.688	-4.1498	4.9862	-17.112	4.317	-57.158	43.603	-57.102	-121.64	28.616	-35.072	-146.89	-1.234
292.07	2.4607	21.772	-30.959	0.077005	-13.68	-4.1368	4.982	-17.121	4.4208	-57.161	43.544	-57.01	-121.67	28.6	-35.034	-146.92	-1.2917
292.07	2.4571	21.756	-30.739	0.25094	-13.359	-4.1106	4.9977	-17.102	4.5134	-57.171	43.491	-56.923	-121.7	28.588	-34.99	-146.94	-1.3448
292.07	2.4673	21.772	-30.726	0.2558	-13.343	-4.0977	4.9935	-17.112	4.5943	-57.203	43.43	-56.848	-121.73	28.566	-34.933	-146.96	-1.4943
292.07	2.4639	21.767	-30.689	0.23977	-13.311	-4.0967	4.9936	-17.112	4.6685	-57.224	43.346	-56.773	-121.75	28.564	-34.902	-146.97	-1.557
292.07	2.4664	21.771	-30.679	0.23078	-13.307	-4.0922	4.9863	-17.128	4.7218	-57.246	43.278	-56.731	-121.78	28.541	-34.876	-146.98	-1.596
292.06	2.4645	21.766	-30.689	0.23584	-13.306	-4.097	4.9951	-17.125	4.782	-57.265	43.214	-56.682	-121.8	28.515	-34.851	-147.01	-1.6131
292.06	2.4593	21.761	-30.666	0.2277	-13.292	-4.1062	5.0037	-17.127	4.827	-57.268	43.191	-56.644	-121.82	28.505	-34.833	-147.05	-1.6686
292.06	2.4644	21.754	-30.661	0.22846	-13.289	-4.1059	5.0163	-17.119	4.8599	-57.269	43.177	-56.612	-121.83	28.49	-34.819	-147.05	-1.7318
