139.25	-1.0843	20.262	-28.783	3.8856	-13.833	-1.9885	7.4687	-18.242	-1.1052	-54.54	42.137	-66.975	-115.67	27.177	-45.653	-142.58	-2.6235
139.24	-1.093	20.265	-28.78	3.8761	-13.836	-1.9949	7.4777	-18.238	-1.0978	-54.536	42.143	-66.968	-115.68	27.174	-45.654	-142.58	-2.6262
139.25	-1.0848	20.264	-28.771	3.8797	-13.829	-1.9947	7.4702	-18.258	-1.1001	-54.552	42.133	-66.965	-115.68	27.166	-45.659	-142.58	-2.6188
139.25	-1.0861	20.261	-28.778	3.8644	-13.841	-1.9921	7.4821	-18.249	-1.0877	-54.556	42.124	-66.957	-115.69	27.165	-45.652	-142.59	-2.6438
139.24	-1.0894	20.27	-28.769	3.868	-13.836	-1.9911	7.4822	-18.25	-1.0893	-54.556	42.11	-66.95	-115.7	27.165	-45.651	-142.59	-2.631
139.24	-1.0871	20.273	-28.761	3.8693	-13.814	-1.9875	7.4975	-18.24	-1.0878	-54.568	42.104	-66.955	-115.69	27.166	-45.66	-142.59	-2.6368
139.25	-1.0873	20.276	-28.765	3.8684	-13.831	-1.9931	7.4988	-18.257	-1.0865	-54.567	42.09	-66.953	-115.69	27.167	-45.656	-142.59	-2.6345
139.25	-1.0961	20.271	-28.766	3.8683	-13.831	-1.9799	7.5059	-18.244	-1.0799	-54.564	42.095	-66.953	-115.69	27.167	-45.663	-142.6	-2.6393
139.24	-1.0907	20.271	-28.754	3.8617	-13.829	-1.9855	7.5058	-18.248	-1.0813	-54.576	42.076	-66.952	-115.68	27.168	-45.666	-142.6	-2.6404
139.25	-1.0866	20.275	-28.758	3.8725	-13.839	-1.9882	7.5196	-18.259	-1.0878	-54.566	42.075	-66.954	-115.69	27.166	-45.662	-142.58	-2.6331
139.25	-1.0958	20.258	-28.744	3.8562	-13.826	-1.9934	7.5285	-18.256	-1.0941	-54.571	42.071	-66.948	-115.68	27.16	-45.652	-142.59	-2.619
139.25	-1.0848	20.264	-28.741	3.8712	-13.83	-1.9906	7.5315	-18.253	-1.0978	-54.572	42.055	-66.948	-115.68	27.16	-45.658	-142.59	-2.6355
139.24	-1.0902	20.266	-28.739	3.8713	-13.828	-1.9896	7.5457	-18.258	-1.1104	-54.579	42.042	-66.939	-115.68	27.164	-45.645	-142.58	-2.6247
139.25	-1.086	20.262	-28.73	3.861	-13.816	-1.994	7.5455	-18.263	-1.1084	-54.58	42.045	-66.934	-115.67	27.168	-45.649	-142.59	-2.6292
139.25	-1.0874	20.274	-28.714	3.8687	-13.8	-1.9965	7.5553	-18.279	-1.1088	-54.591	42.038	-66.923	-115.68	27.169	-45.635	-142.59	-2.6244
139.24	-1.0927	20.266	-28.701	3.8628	-13.796	-1.999	7.5575	-18.308	-1.1239	-54.601	42.025	-66.92	-115.67	27.16	-45.636	-142.6	-2.6273
139.25	-1.0825	20.267	-28.696	3.8542	-13.798	-1.9981	7.5575	-18.309	-1.1244	-54.613	42.004	-66.919	-115.67	27.161	-45.62	-142.6	-2.6186
139.25	-1.0851	20.277	-28.688	3.8569	-13.79	-1.9937	7.5765	-18.298	-1.1232	-54.613	42.004	-66.906	-115.68	27.166	-45.605	-142.61	-2.631
139.25	-1.0853	20.277	-28.669	3.8517	-13.768	-2.0037	7.5883	-18.326	-1.119	-54.622	42.001	-66.889	-115.69	27.152	-45.602	-142.62	-2.6356
139.25	-1.0852	20.276	-28.647	3.85	-13.758	-2.0118	7.597	-18.328	-1.1279	-54.628	41.979	-66.872	-115.7	27.159	-45.594	-142.61	-2.629
139.25	-1.0861	20.275	-28.654	3.8445	-13.762	-2.0009	7.6081	-18.331	-1.1092	-54.628	41.974	-66.864	-115.69	27.165	-45.582	-142.62	-2.6402
139.25	-1.0862	20.274	-28.641	3.8394	-13.757	-2.0254	7.6122	-18.359	-1.111	-54.643	41.966	-66.84	-115.7	27.168	-45.588	-142.63	-2.6587
139.25	-1.0866	20.275	-28.633	3.8303	-13.755	-2.0091	7.6236	-18.358	-1.1128	-54.642	41.938	-66.834	-115.7	27.162	-45.574	-142.63	-2.6425
139.25	-1.0873	20.274	-28.614	3.8285	-13.746	-1.9966	7.6177	-18.354	-1.1171	-54.659	41.927	-66.827	-115.71	27.161	-45.574	-142.63	-2.6425
139.25	-1.0866	20.275	-28.583	3.8187	-13.734	-1.9824	7.6183	-18.373	-1.1158	-54.659	41.94	-66.826	-115.71	27.148	-45.568	-142.64	-2.6437
139.25	-1.0926	20.264	-28.569	3.8136	-13.729	-1.9695	7.6142	-18.383	-1.1283	-54.666	41.932	-66.821	-115.7	27.151	-45.555	-142.62	-2.6501
139.25	-1.0952	20.273	-28.568	3.8095	-13.716	-1.9729	7.614	-18.388	-1.1297	-54.667	41.916	-66.821	-115.7	27.151	-45.568	-142.64	-2.6579
139.25	-1.0929	20.276	-28.559	3.804	-13.713	-1.9749	7.6273	-18.396	-1.1382	-54.663	41.927	-66.808	-115.71	27.156	-45.555	-142.63	-2.6601
139.25	-1.0978	20.254	-28.551	3.8088	-13.719	-1.9864	7.6365	-18.399	-1.1513	-54.667	41.903	-66.805	-115.7	27.145	-45.545	-142.64	-2.6469
139.25	-1.098	20.267	-28.527	3.8215	-13.689	-1.9792	7.645	-18.403	-1.1663	-54.664	41.898	-66.807	-115.7	27.142	-45.544	-142.64	-2.6586
139.26	-1.0924	20.278	-28.512	3.8165	-13.67	-1.9993	7.6593	-18.41	-1.1852	-54.674	41.882	-66.805	-115.7	27.144	-45.535	-142.65	-2.6464
139.25	-1.0961	20.27	-28.504	3.8088	-13.682	-1.9964	7.6637	-18.421	-1.1789	-54.669	41.887	-66.804	-115.7	27.13	-45.537	-142.65	-2.647
139.25	-1.0855	20.279	-28.501	3.8084	-13.668	-2.0049	7.6759	-18.422	-1.1974	-54.669	41.877	-66.795	-115.7	27.139	-45.527	-142.66	-2.6452
139.25	-1.0917	20.264	-28.482	3.8052	-13.658	-2.0125	7.7576	-18.489	-1.2034	-54.689	41.878	-66.788	-115.7	27.137	-45.502	-142.64	-2.6339
139.25	-1.0832	20.281	-28.453	3.7909	-13.632	-2.0041	7.7562	-18.53	-1.1947	-54.726	41.878	-66.777	-115.71	27.141	-45.47	-142.65	-2.6173
139.25	-1.0963	20.27	-28.411	3.7633	-13.609	-1.9862	7.7727	-18.557	-1.1868	-54.764	41.863	-66.752	-115.72	27.164	-45.442	-142.66	-2.5991
139.25	-1.0843	20.28	-28.367	3.7169	-13.593	-1.9607	7.8029	-18.6	-1.1518	-54.837	41.829	-66.706	-115.73	27.184	-45.423	-142.67	-2.5894
139.25	-1.085	20.264	-28.273	3.6247	-13.362	-1.9233	7.8862	-18.639	-1.0558	-54.936	41.785	-66.641	-115.75	27.236	-45.383	-142.66	-2.5758
139.25	-1.0817	20.268	-28.209	3.5605	-13.328	-1.9235	7.9838	-18.744	-0.91407	-55.066	41.703	-66.551	-115.77	27.284	-45.366	-142.66	-2.5659
139.25	-1.0806	20.269	-28.133	3.4975	-13.273	-1.9177	8.1419	-18.886	-0.78733	-55.183	41.631	-66.441	-115.81	27.364	-45.445	-142.52	-2.5711
139.25	-1.0844	20.278	-28.029	3.5025	-13.323	-1.8454	8.2171	-18.904	-0.55861	-55.286	41.584	-66.32	-115.86	27.419	-45.429	-142.55	-2.573
139.25	-1.0866	20.275	-27.909	3.4334	-13.227	-1.7201	8.3071	-18.877	-0.31054	-55.476	41.5	-66.191	-115.91	27.464	-45.405	-142.58	-2.5884
139.24	-1.0898	20.273	-27.764	3.2881	-12.98	-1.5707	8.3595	-18.889	-0.091192	-55.628	41.386	-66.049	-115.97	27.503	-45.222	-142.83	-2.5697
139.25	-1.0827	20.267	-27.613	3.175	-12.849	-1.3703	8.3174	-18.969	0.2151	-55.821	41.388	-65.859	-116.05	27.56	-45.16	-142.88	-2.5919
139.24	-1.1028	20.262	-27.437	3.0944	-12.599	-1.0619	8.3383	-18.847	0.51405	-56.04	41.33	-65.651	-116.14	27.633	-45.14	-142.98	-2.7393
139.25	-1.0961	20.271	-27.287	3.0212	-12.439	-0.69821	8.3208	-18.691	0.8252	-56.284	41.269	-65.444	-116.26	27.677	-45.03	-143	-2.7646
139.25	-1.0988	20.269	-27.059	2.8758	-12.112	-0.28225	8.3064	-18.622	1.1398	-56.544	41.229	-65.24	-116.37	27.723	-44.955	-143.06	-2.8856
139.25	-1.0965	20.271	-26.708	2.7554	-11.847	0.15903	8.1831	-18.336	1.4744	-56.857	41.188	-65.002	-116.48	27.774	-44.896	-143.18	-2.9892
139.25	-1.0953	20.274	-26.445	2.6593	-11.678	0.65824	8.1388	-18.18	1.7982	-57.125	41.225	-64.798	-116.61	27.829	-44.832	-143.18	-3.0339
139.25	-1.0967	20.273	-26.079	2.4939	-11.281	1.188	7.9677	-17.867	2.1545	-57.455	41.242	-64.605	-116.74	27.865	-44.806	-143.11	-3.0532
139.26	-1.1023	20.276	-25.777	2.3882	-11.134	1.6897	7.8993	-17.72	2.4608	-57.759	41.263	-64.396	-116.86	27.928	-44.593	-143.29	-3.0708
139.25	-1.0974	20.271	-25.463	2.2608	-10.781	2.2149	7.7219	-17.358	2.7965	-58.11	41.301	-64.197	-117.03	28.001	-44.404	-143.49	-3.1327
139.26	-1.0937	20.28	-25.184	2.0619	-10.173	2.6853	7.6264	-17.078	3.1562	-58.488	41.34	-64.001	-117.21	28.067	-44.266	-143.58	-3.1685
139.26	-1.1032	20.274	-25.003	1.9625	-9.792	3.1756	7.5279	-16.748	3.4873	-58.822	41.458	-63.78	-117.41	28.169	-44.154	-143.68	-3.2045
139.26	-1.1043	20.271	-24.848	1.8895	-9.2723	3.7399	7.5463	-16.295	3.8323	-59.258	41.508	-63.528	-117.65	28.283	-43.979	-143.82	-3.1755
139.26	-1.1049	20.273	-24.562	2.0097	-8.0706	4.5786	7.5958	-15.579	4.2446	-59.745	41.675	-63.251	-117.91	28.448	-43.832	-144.07	-3.2944
139.26	-1.1023	20.275	-24.502	1.9473	-6.875	5.6567	7.7366	-14.716	4.619	-60.335	41.868	-62.92	-118.22	28.598	-43.675	-144.17	-3.3411
139.25	-1.1111	20.264	-24.55	1.8261	-5.7864	6.8524	7.7867	-13.626	5.0953	-60.995	42.135	-62.569	-118.56	28.793	-43.442	-144.4	-3.3487
139.26	-1.1034	20.274	-24.399	1.7002	-4.415	8.2541	7.899	-12.422	5.6303	-61.719	42.407	-62.158	-118.95	28.964	-43.271	-144.61	-3.4297
139.26	-1.1044	20.273	-24.245	1.4716	-3.0864	9.8626	7.9594	-10.901	6.217	-62.587	42.782	-61.677	-119.37	29.179	-43.149	-144.58	-3.4944
139.26	-1.1143	20.267	-23.897	1.181	-1.597	11.67	7.9363	-9.2884	6.9028	-63.595	43.13	-61.137	-119.83	29.423	-42.802	-145.06	-3.6435
139.27	-1.1122	20.273	-23.439	0.92981	-0.21648	13.523	7.7323	-7.6311	7.6514	-64.684	43.523	-60.561	-120.3	29.715	-42.63	-145.28	-3.7011
139.25	-1.1092	20.267	-22.769	0.49087	1.5258	15.471	7.4106	-5.9544	8.4764	-65.869	43.904	-59.966	-120.8	29.974	-42.291	-145.55	-3.7917
139.26	-1.104	20.277	-21.905	0.07632	3.1089	17.504	6.9423	-4.3042	9.4218	-67.111	44.304	-59.285	-121.32	30.227	-42.041	-145.79	-3.8284
139.27	-1.1106	20.276	-20.853	-0.3929	4.7141	19.634	6.3221	-2.7275	10.502	-68.4	44.75	-58.541	-121.85	30.518	-41.592	-146.09	-3.8253
139.26	-1.1137	20.286	-19.68	-0.89782	6.2538	21.87	5.6517	-1.2362	11.624	-69.709	45.102	-57.765	-122.41	30.876	-41.282	-146.18	-3.7184
139.26	-1.1038	20.289	-18.387	-1.4217	7.7562	24.42	4.8794	0.25815	12.857	-71.033	45.501	-56.935	-122.96	31.225	-40.762	-146.58	-3.5482
139.26	-1.1148	20.283	-17.021	-2.0696	9.325	27.258	4.0091	1.6592	14.13	-72.289	45.837	-56.081	-123.43	31.543	-39.923	-147.12	-3.1175
139.26	-1.1053	20.289	-15.509	-2.7181	10.668	30.387	3.0657	3.0213	15.441	-73.478	46.26	-55.099	-123.89	31.879	-39.132	-147.55	-2.8468
139.25	-1.1142	20.275	-13.9	-3.4379	11.874	33.771	1.95	4.4448	16.794	-74.733	46.704	-53.928	-124.49	32.226	-38.215	-147.86	-2.7348
139.26	-1.1082	20.283	-12.133	-4.1359	12.731	37.742	0.96919	6.2559	18.62	-75.748	47.525	-52.59	-125.16	32.569	-37.059	-148.74	-2.6477
139.25	-1.1131	20.29	-10.216	-4.9926	13.685	41.509	-0.3838	7.6767	20.26	-77.109	48.029	-51.19	-125.8	32.927	-36.109	-149.1	-2.3389
139.24	-1.1055	20.292	-8.0504	-5.7713	14.399	45.357	-1.9913	8.9694	21.964	-78.516	48.544	-49.787	-126.34	33.303	-34.693	-149.86	-1.9962
139.25	-1.1018	20.283	-5.6553	-6.6391	15.039	49.339	-3.7103	10.278	23.822	-79.98	48.978	-48.36	-126.82	33.675	-33.56	-150.17	-1.6231
139.24	-1.1086	20.289	-2.9811	-7.645	15.817	53.468	-5.5659	11.584	25.785	-81.498	49.421	-46.799	-127.32	34.08	-31.989	-150.97	-1.3038
139.25	-1.1131	20.29	-0.12235	-8.6046	16.465	57.643	-7.5002	12.861	27.947	-83.067	50.033	-45.113	-127.86	34.474	-30.614	-151.35	-0.86474
139.24	-1.1045	20.293	3.0098	-9.7031	17.192	61.852	-9.5566	14.13	30.224	-84.708	50.444	-43.254	-128.4	34.867	-29.032	-151.82	-0.43628
139.24	-1.1038	20.279	6.2988	-10.787	17.949	66.026	-11.673	15.237	32.677	-86.37	50.945	-41.271	-128.95	35.36	-27.277	-152.38	-0.11428
139.25	-1.1094	20.28	9.7995	-11.951	18.746	70.2	-13.878	16.328	35.228	-88.065	51.4	-39.143	-129.51	35.86	-25.471	-152.93	0.2595
139.25	-1.1099	20.282	13.421	-13.054	19.444	74.307	-16.099	17.321	37.915	-89.802	51.839	-36.922	-130.05	36.323	-23.661	-153.45	0.50697
139.26	-1.1073	20.285	17.193	-14.177	20.272	78.435	-18.253	18.268	40.683	-91.506	52.185	-34.622	-130.62	36.852	-21.641	-153.96	1.0018
139.26	-1.1053	20.289	21.064	-15.409	21.104	82.569	-20.51	19.148	43.535	-93.199	52.515	-32.204	-131.21	37.327	-19.577	-154.55	1.3511
139.26	-1.113	20.287	24.969	-16.554	21.818	86.816	-22.764	19.972	46.444	-94.912	52.874	-29.703	-131.72	37.815	-17.592	-154.81	1.5987
139.27	-1.1081	20.279	28.977	-17.738	22.422	91.052	-25.039	20.628	49.457	-96.602	53.079	-27.109	-132.2	38.273	-15.335	-155.18	2.1302
139.26	-1.1172	20.28	32.976	-18.833	22.802	95.379	-27.263	21.196	52.448	-98.189	53.259	-24.516	-132.63	38.77	-13.131	-155.55	2.3894
139.27	-1.1104	20.278	36.929	-19.909	23.052	99.242	-29.716	21.143	55.52	-99.643	53.335	-21.828	-132.99	39.246	-10.685	-156.22	2.7721
139.27	-1.1132	20.287	40.851	-20.974	23.122	103.63	-31.921	21.36	58.599	-101	53.379	-19.127	-133.31	39.663	-8.3279	-156.5	3.185
139.26	-1.1163	20.283	44.629	-21.905	23.089	108.04	-34.03	21.5	61.689	-102.2	53.374	-16.367	-133.58	40.045	-5.9939	-156.55	3.4624
139.26	-1.1148	20.283	48.244	-22.706	22.848	112.49	-36.002	21.518	64.775	-103.23	53.233	-13.587	-133.79	40.39	-3.53	-156.74	3.9985
139.26	-1.1062	20.287	51.647	-23.332	22.421	116.98	-37.827	21.432	67.799	-104.01	53.078	-10.719	-133.93	40.662	-0.69494	-157.32	4.1605
139.25	-1.1139	20.275	54.767	-23.795	21.864	121.94	-39.241	21.798	70.835	-104.58	52.84	-7.8561	-134.06	40.862	1.8631	-157.48	4.5785
139.25	-1.113	20.277	57.632	-24.111	21.115	126.37	-40.629	21.703	73.822	-104.87	52.553	-4.9366	-134.13	41.076	4.4519	-157.49	4.8733
139.25	-1.1092	20.282	60.303	-24.216	20.298	130.4	-41.96	21.111	76.749	-104.99	52.18	-2.0514	-134.14	41.276	7.2435	-157.75	5.0686
139.24	-1.1071	20.274	62.766	-24.191	19.384	135.05	-42.793	21.173	79.68	-104.96	51.809	0.80206	-134.06	41.402	9.9214	-158.05	5.59
139.24	-1.1058	20.276	65.022	-24.089	18.485	139.21	-43.572	20.816	82.57	-104.67	51.42	3.6016	-133.94	41.51	12.432	-157.97	5.8466
139.24	-1.116	20.27	67.184	-23.857	17.583	143.16	-44.077	20.356	85.397	-104.23	50.877	6.3674	-133.77	41.663	15.06	-158.04	6.1282
139.25	-1.1165	20.284	69.165	-23.54	16.764	146.82	-44.414	19.745	88.183	-103.74	50.426	9.0833	-133.55	41.751	17.575	-158.01	6.387
139.25	-1.1007	20.285	71.022	-23.071	15.866	150.18	-44.42	19.133	90.917	-103.16	49.885	11.733	-133.31	41.848	20.109	-157.84	6.4584
139.26	-1.1074	20.284	72.734	-22.561	15.179	152.88	-44.345	18.065	93.532	-102.43	49.338	14.301	-133.01	41.894	22.651	-157.73	6.6893
139.25	-1.1083	20.283	74.299	-21.958	14.56	155.66	-43.846	17.35	96.06	-101.71	48.845	16.821	-132.67	41.934	25.084	-157.67	6.7657
139.28	-1.1063	20.284	75.743	-21.264	13.974	158.34	-43.031	16.782	98.458	-100.79	48.3	19.226	-132.26	41.922	27.165	-156.97	6.8174
139.29	-1.1103	20.286	77.058	-20.484	13.423	160.51	-42.056	15.978	100.73	-99.863	47.836	21.533	-131.84	41.938	29.567	-156.92	6.86
139.28	-1.1017	20.289	78.248	-19.637	12.826	162.38	-40.886	15.12	102.93	-98.764	47.357	23.759	-131.31	41.88	31.622	-156.36	6.9724
139.28	-1.1058	20.283	79.361	-18.793	12.303	163.75	-39.661	13.968	104.96	-97.624	46.971	25.834	-130.71	41.812	33.591	-155.75	6.9791
139.3	-1.1014	20.285	80.392	-17.9	11.706	165.12	-38.038	13.077	106.87	-96.37	46.588	28.297	-129.75	42.137	35.665	-154.86	7.141
139.29	-1.0982	20.282	81.33	-16.94	11.083	166.22	-36.283	12.168	108.7	-94.966	46.348	30.127	-129	42.075	37.657	-154.42	7.3086
139.3	-1.1012	20.285	82.182	-15.944	10.549	167.02	-34.312	11.274	110.36	-93.563	46.129	31.838	-128.18	42.045	39.512	-153.78	7.3889
139.29	-1.11	20.273	82.967	-14.904	10.042	167.59	-32.349	10.341	111.93	-92.087	46.006	33.406	-127.33	42.016	40.898	-152.86	7.4282
139.29	-1.1033	20.281	83.813	-13.853	9.502	167.98	-30.245	9.5793	113.4	-90.545	46.014	34.913	-126.38	41.971	42.589	-152.04	7.5323
139.27	-1.1068	20.28	84.616	-12.741	8.9255	168.35	-28.021	8.9963	114.74	-88.981	46.039	36.309	-125.44	41.976	44.497	-151.52	7.7701
139.28	-1.1056	20.282	85.409	-11.661	8.4159	168.51	-25.867	8.3968	116.02	-87.358	46.182	37.638	-124.43	41.926	45.833	-150.57	7.8244
139.28	-1.1056	20.282	86.248	-10.529	7.7427	139.27	-1.098	20.283	117.2	-85.764	46.409	38.907	-123.36	41.904	47.532	-149.87	7.9941
139.28	-1.1056	20.282	87.135	-9.4676	7.2224	139.26	-1.1057	20.273	118.36	-84.201	46.578	39.637	-122.56	41.572	48.279	-148.97	7.7228
139.28	-1.1056	20.282	88.087	-8.4544	6.6106	139.24	-1.1048	20.277	119.46	-82.623	46.865	40.806	-121.45	41.498	49.752	-148.07	7.9486
139.28	-1.1056	20.282	89.138	-7.3569	6.0131	139.24	-1.0951	20.282	120.55	-81.074	47.186	42.021	-120.35	41.485	51.419	-147.45	8.2301
139.28	-1.1056	20.282	90.238	-6.3853	5.4821	139.22	-1.1069	20.276	121.69	-79.595	47.38	43.226	-119.27	41.496	52.827	-146.45	8.4252
139.28	-1.1056	20.282	91.369	-5.395	4.9119	139.22	-1.0929	20.287	122.83	-78.176	47.666	44.501	-118.21	41.514	54.269	-145.48	8.5398
139.28	-1.1056	20.282	92.574	-4.4291	4.4328	139.23	-1.1014	20.283	124.02	-76.817	47.85	45.787	-117.2	41.497	55.814	-144.71	8.5841
139.28	-1.1056	20.282	93.903	-3.5036	4.2075	139.22	-1.1081	20.275	125.27	-75.541	48.024	47.106	-116.21	41.549	57.273	-143.7	8.8202
139.28	-1.1056	20.282	95.234	-2.6489	4.0138	139.21	-1.1151	20.279	126.62	-74.352	48.233	48.453	-115.26	41.594	58.563	-142.6	8.9239
139.28	-1.1056	20.282	96.728	-1.759	3.7767	139.23	-1.1045	20.268	128	-73.271	48.27	49.85	-114.37	41.61	60.087	-141.85	9.0322
139.28	-1.1056	20.282	98.359	-0.91948	3.6419	139.23	-1.098	20.276	129.47	-72.284	48.358	51.283	-113.52	41.646	61.588	-141.07	9.0231
139.28	-1.1056	20.282	100.06	-0.22799	3.6014	139.22	-1.1044	20.266	130.98	-71.365	48.377	52.727	-112.71	41.718	62.862	-140.02	9.01
139.28	-1.1056	20.282	101.97	0.46246	3.6273	139.24	-1.1053	20.291	132.55	-70.513	48.439	54.184	-111.98	41.721	64.433	-139.49	9.0633
139.28	-1.1056	20.282	103.97	1.0658	3.5139	139.25	-1.1006	20.284	134.12	-69.716	48.376	55.652	-111.22	41.715	65.768	-138.6	8.9897
139.28	-1.1056	20.282	106.1	1.6109	3.4111	139.25	-1.1118	20.277	135.73	-68.931	48.378	57.087	-110.55	41.673	67.278	-138	8.9101
139.28	-1.1056	20.282	108.28	2.0506	3.2665	139.26	-1.1053	20.289	137.32	-68.153	48.357	58.51	-109.88	41.675	68.626	-137.2	8.8876
139.28	-1.1056	20.282	110.48	2.4316	2.9066	139.27	-1.1104	20.276	138.81	-67.37	48.268	59.906	-109.28	41.592	70.026	-136.73	8.7516
139.28	-1.1056	20.282	112.63	2.7345	2.5283	139.27	-1.1004	20.281	140.32	-66.579	48.281	61.268	-108.69	41.49	71.362	-136.02	8.7071
165.02	3.4731	-4.2161	114.79	2.9341	2.0696	139.27	-1.1115	20.277	141.75	-65.773	48.229	62.631	-108.13	41.385	72.638	-135.36	8.4803
165.02	3.4731	-4.2161	116.9	3.1097	1.5203	139.27	-1.1001	20.28	142.9	-65.243	47.834	63.96	-107.62	41.264	74.2	-135.21	8.5193
160.77	5.0237	-6.5216	118.92	3.3356	0.85128	139.25	-1.0975	20.288	144.21	-64.499	47.837	65.273	-107.09	41.113	75.387	-134.54	8.535
159.78	5.6153	-7.2879	120.93	3.4288	0.22376	138.93	-1.081	20.285	145.56	-63.758	47.825	66.608	-106.64	40.939	76.902	-134.24	8.3934
160.29	6.4601	-7.0162	121.59	3.6964	-0.20649	139.33	-0.72925	20.262	146.87	-63.204	47.817	67.965	-106.19	40.782	78.22	-133.78	8.2856
161.3	6.7262	-7.2367	122.51	4.3002	-0.21269	140.44	-0.077255	20.3	148.21	-62.761	47.863	69.323	-105.82	40.685	79.767	-133.68	8.2274
161.76	6.5193	-8.3797	123.74	4.7463	-0.12168	141.83	0.37645	20.365	149.55	-62.33	47.844	70.74	-105.56	40.636	81.246	-133.43	8.1947
163.96	7.0624	-7.7408	125.29	5.0571	0.089183	143.61	0.60386	20.332	151.1	-61.958	47.875	72.217	-105.36	40.597	82.721	-133.17	8.238
165.54	7.1563	-7.7961	126.94	5.232	0.21304	145.86	0.80222	20.437	152.69	-61.744	47.969	73.728	-105.17	40.587	84.155	-132.83	8.2965
167.37	7.1074	-7.9073	128.8	5.3799	0.27715	147.8	0.8939	20.425	154.31	-61.594	48.097	75.258	-104.9	40.657	85.751	-132.8	8.3297
169.28	7.035	-7.7698	130.79	5.4653	0.24489	149.49	0.89329	20.419	156.1	-61.552	48.297	76.824	-104.62	40.722	87.421	-132.78	8.4618
171.27	7.0306	-7.5281	132.87	5.4898	0.41939	151.26	0.79385	20.349	157.88	-61.502	48.518	78.494	-104.39	40.813	88.986	-132.42	8.5818
173.33	6.9417	-7.3376	134.99	5.5117	0.50272	153.32	0.76712	20.44	159.75	-61.487	48.789	80.328	-104.22	40.977	90.75	-132.31	8.7046
174.68	6.432	-8.0429	137.19	5.5226	0.81021	155.59	0.78896	20.573	161.77	-61.462	49.089	82.252	-104.1	41.137	92.582	-132.18	8.8684
177.76	6.7851	-6.8817	139.41	5.5758	1.1585	157.95	0.72561	20.85	163.82	-61.514	49.386	84.235	-103.95	41.263	94.571	-132.14	9.0925
179.38	6.2328	-7.2817	141.82	5.605	1.5315	160.44	0.70367	21.345	166.01	-61.613	49.772	86.283	-103.8	41.505	96.593	-132.05	9.3135
182.67	6.5753	-5.8417	144.27	5.5242	2.0904	162.98	0.58129	21.85	168.29	-61.779	50.212	88.415	-103.77	41.756	98.591	-131.98	9.5602
185.2	6.3725	-5.3047	146.85	5.3792	2.7274	165.64	0.42575	22.48	170.69	-62.069	50.632	90.664	-103.78	42.053	100.77	-131.94	9.8582
187.92	6.1985	-4.5551	149.54	5.2937	3.3471	168.33	0.20873	23.115	173.14	-62.349	51.1	93.012	-103.82	42.391	102.96	-131.98	10.123
190.72	5.9694	-3.86	152.31	5.1047	4.101	171.19	-0.021245	23.884	175.69	-62.72	51.601	95.446	-103.85	42.759	105.2	-131.95	10.411
193.62	5.7618	-3.0918	155.26	4.9653	4.946	174.15	-0.28315	24.676	178.37	-63.089	52.178	97.953	-103.89	43.156	107.52	-131.94	10.785
195.75	5.0289	-3.306	158.22	4.7639	5.7731	177.12	-0.626	25.437	181.04	-63.511	52.709	100.47	-103.94	43.581	109.88	-131.95	11.156
199.67	5.1928	-1.5734	161.28	4.5395	6.604	180.28	-0.91104	26.335	183.79	-63.902	53.33	103.04	-103.97	44.048	112.38	-131.94	11.637
201.98	4.3696	-1.6563	164.46	4.3658	7.4717	183.43	-1.2929	27.144	186.54	-64.324	53.92	105.62	-104	44.486	114.68	-131.83	12.027
206.1	4.5036	0.19345	167.76	4.1397	8.2666	186.78	-1.6273	28.008	189.34	-64.715	54.631	108.25	-103.98	44.974	117.47	-132.2	12.455
209.48	4.0647	0.98212	171.09	3.7651	9.0041	190.08	-2.0161	28.865	192.17	-65.116	55.372	110.88	-103.94	45.441	119.76	-131.86	12.806
211.99	3.1395	0.82789	174.52	3.417	9.8193	193.26	-2.4805	29.55	194.95	-65.544	56.089	113.52	-103.86	45.933	122.4	-132	13.476
215.53	2.7534	1.844	178.02	3.1341	10.401	196.6	-2.8932	30.323	197.81	-65.934	56.876	116.19	-103.76	46.387	124.8	-131.86	13.963
219.02	2.2177	2.5843	181.51	2.7534	11.206	199.93	-3.3551	31.109	200.68	-66.346	57.613	118.87	-103.66	46.823	127.52	-132.05	14.38
222.56	1.7614	3.4133	185.06	2.5234	11.582	203.28	-3.7961	31.875	203.58	-66.722	58.351	121.61	-103.55	47.262	130.13	-131.94	14.954
226.11	1.313	4.2474	188.59	2.1204	12.324	206.69	-4.1942	32.55	206.41	-67.116	58.994	124.35	-103.43	47.716	132.72	-131.84	15.569
229.68	0.85759	5.0186	192.05	1.6189	12.953	210.06	-4.6682	33.213	209.32	-67.472	59.668	127.12	-103.3	48.121	135.52	-131.87	15.985
233.17	0.37651	5.6798	195.67	1.4137	13.315	213.48	-5.1015	33.851	212.27	-67.835	60.332	129.88	-103.17	48.573	137.99	-131.67	16.391
236.65	-0.047557	6.3912	199.06	0.91212	13.893	216.83	-5.5509	34.474	215.22	-68.19	60.914	132.64	-103.05	49.019	140.73	-131.82	16.906
240.11	-0.43671	7.065	202.46	0.53686	14.492	220.12	-5.9854	34.968	218.12	-68.569	61.344	135.42	-102.92	49.454	143.21	-131.61	17.133
244.3	-0.26979	8.6453	205.86	0.19202	15.039	223.4	-6.3925	35.624	221.1	-68.972	61.811	138.18	-102.83	49.908	145.73	-131.45	17.572
246.76	-1.1216	8.315	209.12	-0.11	15.734	226.62	-6.8091	36.157	224.06	-69.362	62.27	140.94	-102.75	50.355	148.2	-131.29	18.046
249.92	-1.4173	8.8818	212.36	-0.34484	16.402	229.82	-7.214	36.81	226.98	-69.778	62.587	143.66	-102.69	50.761	150.66	-131.14	18.438
253.86	-1.1614	10.509	215.58	-0.4598	17.124	232.97	-7.6057	37.459	229.86	-70.238	62.872	146.36	-102.62	51.184	153.16	-131.08	18.837
256.11	-1.8904	10.147	218.62	-0.71711	17.842	236.08	-7.9631	38.054	232.69	-70.626	63.166	148.97	-102.56	51.537	155.49	-130.9	19.149
259.9	-1.6217	11.653	221.62	-0.88494	18.641	239.12	-8.3082	38.658	235.39	-71.019	63.408	151.53	-102.46	51.816	157.68	-130.65	19.157
262.03	-2.4031	11.092	224.6	-1.0065	19.126	242.08	-8.6344	39.136	237.97	-71.354	63.643	153.98	-102.34	52.082	160.01	-130.46	19.452
264.89	-2.6337	11.531	227.46	-1.2101	19.644	245	-8.8965	39.603	240.47	-71.596	63.858	156.34	-102.12	52.254	162.14	-130.36	19.524
267.68	-2.8685	11.796	230.27	-1.3047	19.902	247.75	-9.0902	39.862	242.82	-71.708	64.089	158.58	-101.85	52.424	164.27	-130	19.78
270.42	-3.0415	12.018	232.94	-1.3919	20.044	250.35	-9.266	40.062	245.1	-71.727	64.36	160.73	-101.47	52.482	166.28	-129.78	19.907
273.03	-3.1835	12.128	235.58	-1.449	19.987	252.85	-9.3446	40.118	247.21	-71.675	64.466	162.8	-101.06	52.549	168.28	-129.58	19.909
275.52	-3.2558	12.168	237.97	-1.4774	19.88	255.26	-9.3339	40.137	249.27	-71.498	64.634	164.79	-100.62	52.497	170.19	-129.23	20.013
277.91	-3.3107	12.114	240.29	-1.5618	19.635	257.51	-9.2821	39.98	251.17	-71.261	64.684	166.69	-100.11	52.426	172.07	-128.9	20.06
280.21	-3.2942	11.99	241.94	-2.1864	18.289	259.66	-9.142	39.783	253.04	-70.977	64.685	168.53	-99.611	52.37	173.82	-128.59	20.135
282.33	-3.2755	11.672	244.1	-2.1105	17.807	261.69	-8.9746	39.508	254.84	-70.621	64.665	170.31	-99.062	52.183	175.65	-128.29	20.152
284.44	-3.1127	11.471	246.12	-1.9789	17.448	263.6	-8.7737	39.126	256.61	-70.263	64.582	172.03	-98.548	52.069	177.33	-127.9	20.091
286.35	-2.9263	11.113	247.99	-1.7664	16.965	265.42	-8.5537	38.73	258.34	-69.885	64.372	173.72	-98.037	51.93	178.95	-127.51	20.099
288.09	-2.7732	10.611	249.78	-1.6923	16.468	267.21	-8.3083	38.357	260.02	-69.545	64.1	175.34	-97.529	51.695	180.43	-127.15	19.904
289.83	-2.5045	10.25	251.42	-1.4772	16.162	268.91	-8.0243	37.99	261.65	-69.233	63.707	176.89	-97.095	51.555	181.92	-126.71	19.836
291.46	-2.2186	9.8178	253.02	-1.1924	15.835	270.53	-7.7848	37.612	263.25	-68.879	63.346	178.4	-96.626	51.253	183.27	-126.32	19.698
292.91	-1.954	9.2801	254.51	-1.0131	15.403	272.09	-7.5346	37.169	264.77	-68.575	62.946	179.82	-96.23	51.048	184.68	-125.92	19.497
295.15	-1.1043	9.8791	255.93	-0.6834	15.026	273.58	-7.2668	36.751	266.22	-68.304	62.478	181.2	-95.793	50.769	185.85	-125.5	19.231
295.66	-1.3539	8.3795	257.24	-0.44162	14.797	274.98	-7.0265	36.278	267.55	-68.025	62.001	182.47	-95.382	50.456	187.04	-125.17	18.827
296.91	-1.0628	7.8646	258.5	-0.10834	14.263	276.29	-6.7585	35.894	268.79	-67.711	61.562	183.67	-94.968	50.106	188.38	-125.19	18.618
298.15	-0.79209	7.3803	259.77	0.066466	14.031	277.55	-6.4867	35.484	269.97	-67.358	61.125	184.81	-94.562	49.746	189.1	-124.31	18.177
299.39	-0.46304	7.0052	260.92	0.38694	13.431	278.76	-6.1731	35.002	271.04	-67.03	60.628	185.86	-94.115	49.32	190.09	-123.89	17.829
300.52	-0.23568	6.4517	262.01	0.60629	13.153	279.81	-5.9186	34.519	272.01	-66.695	60.194	186.85	-93.653	48.892	191.39	-123.97	17.473
301.58	-0.020454	5.9007	263.1	0.86994	12.326	280.74	-5.6785	33.851	272.91	-66.294	59.742	187.63	-93.221	48.35	191.74	-123.16	16.844
302.58	0.26268	5.3543	264.04	1.0492	11.799	281.76	-5.3461	33.364	273.77	-65.913	59.306	188.56	-92.66	47.986	192.64	-122.71	16.542
303.49	0.52873	4.7615	264.94	1.3497	11.131	282.64	-5.0071	32.815	274.53	-65.495	58.813	189.32	-92.146	47.541	193.4	-122.3	16.278
304.28	0.7796	4.0616	265.77	1.6069	10.548	283.4	-4.6756	32.134	275.24	-65.041	58.305	190	-91.626	47.058	194.31	-122.41	15.879
305.03	1.1305	3.4624	266.44	2.0107	9.7259	284.09	-4.3275	31.475	275.85	-64.589	57.782	190.65	-91.103	46.587	194.7	-121.49	15.445
305.67	1.5257	2.8008	267.08	2.2337	8.9981	284.71	-3.8591	30.775	276.46	-64.067	57.277	191.23	-90.611	46.116	195.25	-121.18	14.978
306.97	2.4378	3.0473	267.54	2.6644	8.3545	285.17	-3.4611	30.056	276.99	-63.517	56.705	191.76	-90.155	45.667	195.82	-120.82	14.592
306.51	2.3079	1.1593	267.94	2.9842	7.5411	285.58	-2.9332	29.221	277.47	-62.941	56.147	192.25	-89.67	45.178	196.38	-120.49	14.264
306.89	2.8114	0.38811	268.25	3.3762	6.6367	285.91	-2.4341	28.486	277.87	-62.346	55.504	192.67	-89.228	44.686	196.67	-120.14	13.881
307.2	3.2963	-0.45567	268.48	3.7405	5.8267	286.12	-1.9219	27.541	278.21	-61.697	54.923	193.06	-88.776	44.183	197.17	-119.77	13.601
307.35	3.7135	-1.4143	268.64	4.1689	4.7565	286.33	-1.3551	26.745	278.51	-61.019	54.276	193.39	-88.351	43.664	197.5	-119.47	13.155
307.46	4.141	-2.4448	268.79	4.5018	3.7294	286.42	-0.8381	25.656	278.77	-60.348	53.67	193.68	-87.918	43.148	197.87	-119.2	12.771
307.64	4.5534	-3.3891	268.92	4.784	2.6269	286.53	-0.28714	24.765	278.98	-59.666	53.012	193.92	-87.485	42.615	198.18	-118.93	12.406
307.66	4.8368	-4.5823	268.97	5.0194	1.5581	286.55	0.18223	23.564	279.13	-59.021	52.291	194.07	-87.041	42.065	198.63	-119.1	12.184
308.52	5.6588	-4.65	269.02	5.3241	0.42925	286.54	0.58801	22.373	279.26	-58.421	51.543	194.21	-86.593	41.514	198.51	-118.39	11.679
307.81	5.4057	-6.9097	268.98	5.5246	-0.75325	286.81	1.2703	21.749	279.36	-57.795	50.845	194.29	-86.163	40.931	198.63	-118.16	11.25
307.87	5.5591	-7.8409	269.05	5.8751	-1.0714	286.96	1.5971	21.767	279.52	-57.367	50.039	194.33	-85.745	40.3	198.72	-117.91	10.869
308.89	6.3596	-7.2101	269.15	6.1946	-1.4069	287.05	1.6885	21.724	279.65	-57.283	49.329	194.32	-85.385	39.678	198.72	-117.69	10.306
308.14	5.8219	-8.9962	269.23	6.422	-1.5802	287.25	1.8393	21.688	279.69	-57.295	48.761	194.28	-85.112	39.127	198.7	-117.57	9.8051
308.3	5.8389	-9.3684	269.31	6.5441	-1.9232	287.39	1.9372	21.724	279.79	-57.327	48.221	194.27	-85.047	38.696	198.97	-117.9	9.4332
309.37	6.3445	-8.6276	269.37	6.6229	-2.0222	287.56	1.9311	21.748	279.89	-57.422	47.782	194.28	-85.052	38.268	198.7	-117.35	8.9106
309.48	6.1385	-9.0412	269.46	6.623	-2.1007	287.8	1.7815	21.739	279.96	-57.504	47.391	194.3	-84.991	37.924	198.59	-117.29	8.4912
309.6	5.9823	-9.2746	269.48	6.7293	-2.3273	287.87	1.7663	21.74	279.95	-57.581	47.143	194.25	-84.893	37.602	198.38	-117.27	8.2114
309.84	6.1549	-8.9741	269.44	6.6963	-2.3654	287.87	1.7632	21.735	279.86	-57.634	47.024	194.1	-84.807	37.39	198.31	-117.28	8.0808
309.86	6.0483	-9.0192	269.42	6.6789	-2.4561	287.88	1.7675	21.746	279.7	-57.642	47.035	193.93	-84.757	37.249	198.25	-117.31	8.0113
309.87	5.9233	-9.0558	269.39	6.6322	-2.5499	287.87	1.7635	21.753	279.54	-57.644	47.036	193.75	-84.713	37.147	198.12	-117.32	8.021
309.88	5.8231	-9.0764	269.38	6.5898	-2.8204	287.87	1.7448	21.732	279.38	-57.65	47.045	193.61	-84.687	37.093	198.02	-117.33	8.0396
309.89	5.7187	-9.1155	269.33	6.5286	-2.9115	287.86	1.7408	21.742	279.27	-57.629	47.111	193.5	-84.669	37.077	197.92	-117.36	8.0763
309.89	5.7187	-9.1155	269.28	6.4718	-3.0215	287.86	1.7377	21.737	279.19	-57.607	47.178	193.37	-84.639	37.072	197.81	-117.39	8.2158
309.89	5.7187	-9.1155	269.21	6.4326	-3.001	287.85	1.7328	21.731	279.11	-57.591	47.209	193.24	-84.575	37.081	197.6	-117.49	8.2016
309.89	5.7187	-9.1155	269.16	6.3965	-3.1074	287.85	1.7301	21.741	279.05	-57.569	47.248	193.12	-84.501	37.117	197.5	-117.51	8.3104
309.89	5.7187	-9.1155	269.11	6.3302	-3.3984	287.84	1.7239	21.733	278.98	-57.52	47.291	193	-84.426	37.158	197.41	-117.55	8.4202
309.89	5.7187	-9.1155	269.04	6.2815	-3.5588	287.83	1.715	21.721	278.87	-57.506	47.308	192.88	-84.347	37.209	197.28	-117.51	8.5038
309.89	5.7187	-9.1155	269	6.2588	-3.8242	287.83	1.715	21.721	278.78	-57.47	47.324	192.73	-84.244	37.218	197.17	-117.48	8.6292
309.89	5.7187	-9.1155	269.01	6.1622	-4.0772	287.82	1.7049	21.72	278.67	-57.47	47.295	192.6	-84.129	37.243	197.08	-117.43	8.7959
309.89	5.7187	-9.1155	269.11	5.871	-4.9653	287.83	1.7092	21.728	278.55	-57.47	47.269	192.47	-84.02	37.256	196.92	-117.4	8.9449
309.89	5.7187	-9.1155	269.06	5.547	-5.7496	287.83	1.7093	21.725	278.37	-57.389	47.245	192.35	-83.884	37.256	196.82	-117.34	9.0864
309.89	5.7187	-9.1155	268.98	5.4865	-6.2362	287.8	1.6397	21.704	278.19	-57.187	47.205	192.21	-83.668	37.164	196.65	-117.38	9.2188
309.89	5.7187	-9.1155	268.91	5.4523	-6.6953	287.77	1.61	21.69	278.03	-56.935	46.912	192.04	-83.396	37.032	196.46	-117.43	9.3285
309.89	5.7187	-9.1155	268.81	5.4069	-7.2396	287.75	1.5783	21.684	277.93	-56.729	46.597	191.82	-83.137	36.92	196.28	-117.38	9.3596
309.89	5.7187	-9.1155	268.49	4.9991	-8.4377	287.82	1.621	21.741	277.79	-56.555	46.361	191.6	-82.976	36.82	196.11	-117.32	9.405
309.89	5.7187	-9.1155	268.27	4.8593	-9.3986	287.76	1.5914	21.721	277.61	-56.426	46.068	191.43	-82.858	36.638	195.96	-117.27	9.4653
309.89	5.7187	-9.1155	268.05	4.7143	-9.9718	287.73	1.5425	21.742	277.41	-56.293	45.733	191.31	-82.713	36.435	196.09	-117.72	9.625
309.89	5.7187	-9.1155	267.78	4.7053	-10.498	287.7	1.5094	21.745	277.25	-56.121	45.379	191.16	-82.548	36.194	195.57	-117.37	9.3176
309.89	5.7187	-9.1155	267.41	4.6046	-10.884	287.69	1.4789	21.767	277.03	-55.997	45.011	190.95	-82.454	36.02	195.38	-117.39	9.2961
309.88	5.8541	-9.2668	266.93	4.6448	-11.668	287.69	1.4902	21.761	276.79	-55.868	44.714	190.68	-82.423	35.872	195.21	-117.43	9.2677
310.45	5.607	-9.5105	266.42	4.6007	-11.778	287.69	1.4835	21.76	276.51	-55.793	44.456	190.41	-82.372	35.764	195.01	-117.47	9.313
310.66	5.1596	-10.02	265.93	4.7267	-11.992	287.69	1.4841	21.762	276.22	-55.856	44.321	190.12	-82.372	35.658	194.61	-117.54	9.2943
311.04	3.1829	-12.659	265.47	4.7157	-11.902	287.69	1.4838	21.761	275.86	-56.036	44.343	189.79	-82.415	35.617	194.34	-117.66	9.2809
310.41	2.1329	-14.552	264.87	4.7265	-11.788	287.69	1.4851	21.765	275.36	-56.24	44.458	189.44	-82.573	35.713	194.08	-117.82	9.416
311.81	1.3738	-13.864	264.21	4.6673	-11.585	287.7	1.4738	21.773	274.91	-56.458	44.651	189.03	-82.793	35.862	193.67	-117.99	9.4657
312.73	1.3485	-11.663	263.42	4.6882	-11.32	287.69	1.4718	21.768	274.38	-56.781	44.853	188.57	-82.97	36.078	193.2	-118.2	9.6458
314.37	0.44592	-10.423	262.56	4.7353	-10.88	287.69	1.4665	21.774	273.78	-57.152	45.207	188.06	-83.114	36.37	192.69	-118.3	9.9914
316.05	-0.6161	-8.994	261.79	4.8015	-10.462	287.69	1.4668	21.774	273.13	-57.631	45.594	187.47	-83.281	36.704	192.1	-118.59	10.278
317.59	-1.9071	-7.2847	260.93	4.8594	-9.8432	287.68	1.462	21.768	272.45	-58.201	45.957	186.8	-83.603	37.061	191.48	-118.8	10.577
319.12	-3.1181	-5.3891	260.04	4.7704	-8.967	287.68	1.4599	21.779	271.69	-58.857	46.458	186.13	-84	37.492	190.81	-119.14	10.879
320.53	-4.4635	-3.4153	259.12	4.5927	-8.0809	287.68	1.4605	21.765	270.9	-59.565	46.918	185.47	-84.431	37.916	190.13	-119.45	11.249
321.7	-5.9902	-1.4631	258.14	4.4247	-7.3688	287.68	1.4599	21.779	270.01	-60.346	47.403	184.73	-84.908	38.431	189.34	-119.76	11.571
322.74	-7.406	0.71833	257.09	4.1939	-6.6714	287.68	1.4624	21.77	269.11	-61.107	47.973	183.91	-85.385	38.948	188.42	-120.16	11.944
323.58	-8.9556	2.3061	255.99	3.9102	-5.8316	287.68	1.4762	21.779	268.16	-61.928	48.514	183.02	-85.926	39.538	187.48	-120.6	12.339
324.16	-10.447	4.3594	254.78	3.528	-4.7184	287.69	1.4711	21.767	267.11	-62.79	48.996	182.05	-86.484	40.126	186.48	-121.02	12.719
324.4	-12.048	6.0199	253.5	3.1999	-3.8339	287.69	1.4778	21.767	265.99	-63.658	49.526	181	-87.068	40.783	185.39	-121.47	13.17
324.49	-13.584	7.7842	252.16	2.8873	-3.0881	287.69	1.4808	21.772	264.76	-64.551	50.102	179.84	-87.692	41.473	184.2	-121.91	13.665
324.3	-15.185	9.4585	250.72	2.4721	-1.8642	287.69	1.4851	21.776	263.45	-65.489	50.637	178.54	-88.316	42.112	182.89	-122.29	14.216
324.02	-16.76	10.844	249.27	2.0572	-0.95304	287.7	1.4879	21.768	262	-66.404	51.265	177.11	-88.92	42.798	181.53	-122.7	14.763
323.25	-18.424	12.39	247.72	1.5215	0.39622	287.7	1.4875	21.766	260.41	-67.372	51.888	175.56	-89.536	43.492	179.94	-123.24	15.164
322.32	-19.878	13.993	246.17	1.0386	1.3383	287.69	1.4863	21.765	258.65	-68.343	52.634	173.86	-90.186	44.227	178.34	-123.66	15.695
321.22	-21.284	15.659	244.57	0.45271	2.4035	287.69	1.4853	21.763	256.79	-69.294	53.359	172.05	-90.837	44.957	176.62	-124.23	16.245
319.7	-22.677	17.11	242.89	-0.19554	3.7528	287.69	1.4866	21.765	254.8	-70.286	54.175	170.1	-91.515	45.69	174.93	-125.1	16.864
318	-23.992	18.374	241.12	-0.82959	4.8227	287.71	1.4836	21.772	252.66	-71.291	54.975	168	-92.145	46.391	172.62	-125.15	17.286
316.06	-25.21	19.848	239.22	-1.5162	6.3339	287.7	1.4797	21.766	250.41	-72.267	55.851	165.71	-92.807	47.149	170.5	-125.6	17.861
313.9	-26.291	21.169	237.25	-2.1956	7.4472	287.71	1.4718	21.766	247.99	-73.245	56.66	163.33	-93.472	47.908	168.22	-126.11	18.412
311.48	-27.34	22.087	235.07	-2.8159	8.7386	287.7	1.4667	21.771	245.48	-74.224	57.414	160.81	-94.167	48.684	165.73	-126.55	18.883
308.75	-28.339	23.073	232.75	-3.4127	10.109	287.7	1.4664	21.771	242.84	-75.125	58.241	158.16	-94.876	49.438	163.14	-127.04	19.382
305.9	-29.084	24.027	230.34	-3.9853	11.32	287.7	1.461	21.775	240.08	-76.039	58.951	155.39	-95.595	50.195	160.54	-127.47	19.945
302.78	-29.69	24.821	227.79	-4.5532	12.724	287.69	1.457	21.771	237.17	-76.878	59.624	152.46	-96.34	50.936	157.71	-127.94	20.434
299.32	-30.342	25.411	225.01	-4.9988	14.006	287.69	1.4564	21.77	234.16	-77.696	60.293	149.42	-97.088	51.669	154.8	-128.36	20.91
295.92	-30.618	25.984	222.41	-4.9927	15.745	287.69	1.46	21.775	231.27	-78.135	61.237	146.24	-97.861	52.369	151.72	-128.87	21.342
292.18	-30.903	26.476	219.35	-5.3658	17.141	287.69	1.4565	21.768	227.98	-78.824	61.805	142.96	-98.623	53.057	148.57	-129.2	21.742
288.15	-31.11	26.52	216.07	-5.6997	18.306	287.69	1.466	21.774	224.62	-79.443	62.323	139.56	-99.409	53.709	145.23	-129.67	22.218
284.04	-30.912	26.831	212.57	-5.8928	19.402	287.69	1.4686	21.776	221.11	-79.904	62.675	136.04	-100.16	54.264	141.84	-130.07	22.592
279.61	-30.728	26.68	208.87	-6.1837	20.443	287.69	1.4687	21.776	217.47	-80.336	63.02	132.4	-100.92	54.822	138.39	-130.43	22.884
274.9	-30.292	26.755	205.02	-6.281	21.248	287.69	1.4681	21.776	213.73	-80.684	63.362	128.65	-101.65	55.36	134.79	-130.79	23.123
269.97	-29.616	26.557	201	-6.4187	22.3	287.69	1.4781	21.768	209.83	-80.944	63.604	124.78	-102.41	55.805	131.05	-131.2	23.394
264.72	-28.682	26.332	196.73	-6.4028	22.949	287.69	1.4839	21.778	205.85	-81.136	63.886	120.82	-103.18	56.251	127.24	-131.61	23.602
259.07	-27.633	25.909	192.24	-6.3887	23.701	287.69	1.4806	21.771	201.73	-81.28	64.045	116.77	-103.92	56.612	123.44	-132.1	23.793
253.18	-26.116	25.407	187.48	-6.1933	24.329	287.7	1.477	21.773	197.53	-81.326	64.227	113.11	-104.39	57.332	119.91	-132.03	24.306
246.88	-24.707	25.135	182.55	-5.9552	24.925	287.7	1.4787	21.763	193.25	-81.292	64.38	108.91	-105.17	57.612	115.94	-132.71	24.463
240.32	-22.849	24.552	177.46	-5.7018	25.372	287.69	1.4857	21.763	188.88	-81.15	64.551	104.6	-105.98	57.881	111.82	-133.06	24.587
233.44	-21.092	24.165	172.25	-5.4329	25.803	287.7	1.4798	21.765	184.42	-80.931	64.664	100.27	-106.72	58.078	107.55	-133.38	24.53
226.27	-19.074	23.473	166.91	-5.1739	26.112	287.7	1.4805	21.766	179.89	-80.677	64.811	95.816	-107.51	58.262	103.33	-133.82	24.582
218.7	-17.004	22.538	161.45	-4.9265	26.274	224.05	-20.195	21.04	175.34	-80.319	64.855	90.892	-108.55	58.04	98.732	-134.46	24.43
287.7	1.4792	21.765	155.95	-4.5986	26.337	NaN	NaN	NaN	170.71	-79.983	64.889	86.371	-109.27	58.091	94.46	-134.87	24.362
287.7	1.4782	21.776	150.45	-4.3765	26.311	208.38	-15.755	19.343	166.05	-79.607	64.994	81.833	-109.97	58.158	90.137	-135.36	24.35
287.7	1.4749	21.774	144.93	-4.1786	26.239	200.16	-13.676	18.347	161.33	-79.162	65.018	77.259	-110.66	58.151	85.727	-135.69	24.205
287.7	1.4643	21.766	139.5	-3.927	25.971	NaN	NaN	NaN	156.54	-78.697	65.008	72.684	-111.34	58.077	81.376	-136.21	24.079
287.7	1.4667	21.771	134.02	-3.7334	25.683	NaN	NaN	NaN	151.75	-78.142	64.83	68.113	-111.97	57.967	76.996	-136.52	23.891
287.7	1.4634	21.765	128.53	-3.5406	25.246	174.71	-8.2578	15.345	146.92	-77.557	64.709	63.521	-112.58	57.807	72.65	-136.96	23.598
287.69	1.4711	21.767	123.04	-3.3731	24.678	NaN	NaN	NaN	141.87	-77.195	64.072	58.961	-113.2	57.635	68.257	-137.46	23.272
287.69	1.4578	21.774	117.54	-3.2068	24.033	NaN	NaN	NaN	137.03	-76.567	63.831	54.413	-113.79	57.408	63.82	-137.83	22.971
287.69	1.47	21.78	112.01	-3.0445	23.36	NaN	NaN	NaN	132.18	-75.905	63.434	49.907	-114.32	57.093	59.511	-138.2	22.541
287.69	1.4703	21.78	106.48	-2.8764	22.571	NaN	NaN	NaN	127.37	-75.233	63.029	45.463	-114.93	56.867	55.257	-138.7	22.24
287.69	1.4691	21.765	100.9	-2.7255	21.841	NaN	NaN	NaN	122.55	-74.612	62.613	41.071	-115.5	56.547	50.994	-139.15	21.798
287.69	1.4589	21.773	95.336	-2.5793	21.136	NaN	NaN	NaN	117.75	-74.019	62.121	36.715	-116.05	56.195	46.805	-139.62	21.318
287.69	1.4707	21.767	89.815	-2.4813	20.366	NaN	NaN	NaN	113.03	-73.426	61.612	32.423	-116.61	55.782	42.704	-140.04	20.899
287.69	1.4683	21.776	84.169	-2.3882	19.689	NaN	NaN	NaN	108.37	-72.928	61.067	28.194	-117.18	55.39	38.639	-140.51	20.477
287.69	1.472	21.768	78.311	-2.1918	18.989	NaN	NaN	NaN	103.76	-72.474	60.562	24.053	-117.74	54.959	34.653	-140.95	19.975
287.69	1.4797	21.768	72.778	-2.0831	18.349	NaN	NaN	NaN	99.195	-72.101	59.984	19.995	-118.31	54.517	30.752	-141.38	19.522
287.69	1.4806	21.771	67.551	-1.9931	17.655	NaN	NaN	NaN	94.761	-71.738	59.425	16.018	-118.87	54.05	26.866	-141.83	18.961
287.69	1.4806	21.759	62.521	-1.9487	16.984	NaN	NaN	NaN	90.45	-71.469	58.854	12.109	-119.38	53.556	23.141	-142.27	18.457
287.69	1.4854	21.763	57.247	-2.1532	15.731	NaN	NaN	NaN	86.258	-71.28	58.288	8.2713	-119.84	53.027	19.394	-142.65	17.894
287.69	1.4857	21.763	52.651	-2.1055	15.747	77.462	0.43036	3.9356	82.51	-70.865	58.142	4.5442	-120.31	52.519	15.89	-143.09	17.222
287.7	1.4879	21.768	48.048	-2.132	15.301	72.902	0.63608	3.5182	78.26	-70.978	57.223	0.92963	-120.73	51.976	12.47	-143.45	16.749
287.69	1.4808	21.772	43.619	-2.1371	14.908	68.443	0.7209	3.0433	74.449	-70.873	56.745	-2.4987	-121.2	51.439	9.1939	-143.83	16.098
287.69	1.4841	21.762	39.583	-1.9999	14.571	64.104	0.83029	2.5786	70.737	-70.739	56.208	-5.8165	-121.62	50.911	6.0453	-144.22	15.437
287.7	1.4759	21.776	35.456	-2.0607	14.128	60.017	0.97479	2.183	67.164	-70.552	55.79	-9.0164	-122	50.359	3.0045	-144.57	14.976
287.69	1.4831	21.763	31.468	-2.0887	13.617	55.954	1.0687	1.6432	63.665	-70.362	55.313	-12.123	-122.36	49.813	0.13706	-144.9	14.422
287.7	1.4761	21.759	27.605	-2.0997	13.115	52.083	1.13	1.1451	60.34	-70.153	54.955	-15.11	-122.7	49.289	-2.6576	-145.22	13.873
287.7	1.4668	21.772	23.899	-2.108	12.434	48.411	1.2543	0.68103	57.105	-69.885	54.554	-17.95	-123.02	48.78	-5.3199	-145.54	13.372
287.7	1.464	21.766	20.324	-2.1782	11.94	44.894	1.3753	0.20677	53.978	-69.637	54.229	-20.643	-123.31	48.25	-7.8222	-145.91	12.819
287.7	1.4646	21.767	16.895	-2.1938	11.387	41.447	1.4594	-0.24063	50.968	-69.393	53.863	-23.226	-123.57	47.741	-10.169	-146.18	12.375
287.69	1.4574	21.769	13.652	-2.2183	10.861	38.22	1.5382	-0.69405	48.099	-69.136	53.508	-25.689	-123.82	47.213	-12.373	-146.42	11.991
287.7	1.4649	21.782	10.532	-2.2091	10.306	35.138	1.6722	-1.0371	45.387	-68.872	53.184	-28.011	-124.05	46.69	-14.606	-146.65	11.458
287.7	1.4606	21.776	7.5748	-2.2668	9.9763	32.207	1.7828	-1.4394	42.807	-68.656	52.858	-30.21	-124.26	46.112	-16.538	-146.91	10.997
287.7	1.4624	21.764	4.7341	-2.2893	9.4186	29.484	1.9713	-1.7176	40.311	-68.444	52.488	-32.302	-124.44	45.618	-18.486	-147.05	10.484
287.69	1.4685	21.763	2.1528	-2.2498	8.9931	26.829	2.0894	-2.0793	37.983	-68.227	52.154	-34.262	-124.62	45.039	-20.415	-147.09	9.9278
287.69	1.472	21.768	-0.38061	-2.2556	8.4937	24.308	2.1749	-2.4885	35.778	-68.019	51.814	-36.13	-124.79	44.483	-21.995	-147.45	9.3766
287.7	1.474	21.772	-2.7195	-2.2517	8.0798	22.022	2.3343	-2.8337	33.672	-67.803	51.47	-37.87	-124.92	43.867	-23.53	-147.57	8.8446
287.7	1.4687	21.773	-4.9752	-2.2406	7.5919	19.771	2.4199	-3.2828	31.678	-67.618	51.055	-39.538	-125.03	43.304	-25.054	-147.71	8.3352
287.7	1.4736	21.771	-7.0264	-2.2204	7.1136	17.755	2.5438	-3.6527	29.789	-67.397	50.713	-41.099	-125.13	42.667	-26.445	-147.83	7.6877
287.69	1.4808	21.772	-9.015	-2.1844	6.4133	15.823	2.6458	-4.1308	27.948	-67.154	50.32	-42.554	-125.18	42.035	-27.737	-147.77	7.1888
287.7	1.4765	21.759	-10.837	-2.1689	5.9163	14.035	2.7857	-4.5556	26.197	-66.927	49.966	-43.945	-125.21	41.374	-28.843	-148.14	6.4757
287.7	1.4807	21.767	-12.563	-2.1127	5.1822	12.366	2.8857	-5.0965	24.524	-66.663	49.635	-45.279	-125.23	40.673	-29.872	-148.16	5.9329
287.7	1.4814	21.767	-14.216	-2.0432	4.4204	10.782	2.9918	-5.6243	22.89	-66.333	49.305	-46.553	-125.23	39.94	-30.935	-148.07	5.3687
287.7	1.4805	21.766	-15.72	-2.0236	3.7683	9.3364	3.1394	-6.1466	21.323	-66.011	48.96	-47.715	-125.21	39.214	-31.693	-148.37	4.7408
287.7	1.4758	21.759	-17.197	-2.0169	2.98	7.9218	3.2296	-6.8081	19.758	-65.659	48.659	-48.837	-125.18	38.367	-32.548	-148.18	4.1269
287.7	1.477	21.762	-18.597	-1.8998	1.8939	6.6067	3.3197	-7.4745	18.225	-65.268	48.359	-49.856	-125.13	37.627	-33.074	-148.49	3.5425
287.7	1.478	21.764	-19.919	-1.8811	1.0017	5.4186	3.4608	-8.1049	16.741	-64.878	48.068	-50.823	-125.05	36.821	-33.624	-148.63	2.8994
287.69	1.4743	21.759	-21.104	-1.8693	0.076341	4.2293	3.5639	-8.8311	15.314	-64.41	47.816	-51.684	-124.98	35.978	-34.114	-148.51	2.4705
287.69	1.4707	21.767	-22.244	-1.7913	-1.1106	3.241	3.7146	-9.508	13.977	-63.943	47.558	-52.502	-124.9	35.167	-34.542	-148.57	1.89
287.69	1.472	21.768	-23.249	-1.8615	-2.0385	2.3113	3.8058	-10.328	12.647	-63.495	47.25	-53.253	-124.8	34.312	-34.733	-148.65	1.4237
287.69	1.4716	21.768	-24.186	-1.8125	-3.2779	1.5078	3.8968	-11.159	11.386	-63.013	46.941	-53.897	-124.7	33.463	-34.858	-148.94	0.97541
287.69	1.4662	21.772	-24.982	-1.8836	-4.4318	0.77659	3.9271	-12.053	10.229	-62.555	46.575	-54.517	-124.58	32.664	-34.962	-148.98	0.64455
287.69	1.4684	21.776	-25.677	-2.017	-5.5864	0.16728	3.9756	-12.955	9.1939	-62.095	46.217	-55.07	-124.48	31.805	-35.018	-149.08	0.21778
287.69	1.4709	21.766	-26.345	-2.0981	-6.9623	-0.38	3.9948	-13.971	8.1677	-61.663	45.759	-55.552	-124.36	30.999	-35.087	-149.18	-0.18106
287.69	1.4659	21.773	-26.854	-2.195	-8.2665	-0.81637	3.9349	-14.954	7.2994	-61.209	45.332	-55.979	-124.26	30.261	-35.095	-149.22	-0.47941
287.69	1.4694	21.764	-27.297	-2.3246	-9.5986	-1.1744	3.882	-16.033	6.5376	-60.791	44.931	-56.354	-124.17	29.591	-35.139	-149.22	-0.97897
287.69	1.4692	21.763	-27.682	-2.4482	-10.866	-1.4641	3.8383	-17.017	5.8692	-60.35	44.55	-56.683	-124.07	29.053	-35.008	-149.42	-1.2581
287.68	1.4755	21.764	-28.203	-2.737	-12.284	-1.691	3.7654	-17.914	5.3083	-59.911	44.182	-56.963	-123.96	28.692	-34.994	-149.45	-1.3676
287.69	1.4671	21.761	-28.575	-2.7359	-12.585	-2.1911	4.224	-17.798	4.8798	-59.552	43.959	-57.214	-123.84	28.457	-35.039	-149.44	-1.3576
287.69	1.4743	21.759	-28.708	-2.6918	-12.421	-2.2646	4.2721	-17.808	4.6501	-59.379	43.979	-57.437	-123.71	28.35	-35.154	-149.36	-1.2826
287.69	1.4711	21.754	-28.83	-2.6893	-12.251	-2.4275	4.2396	-17.777	4.447	-59.38	44.253	-57.611	-123.6	28.316	-35.26	-149.29	-1.2109
287.69	1.4707	21.767	-29.046	-2.545	-12.528	-2.5596	4.129	-17.797	4.2711	-59.386	44.511	-57.701	-123.57	28.378	-35.323	-149.26	-1.1358
287.69	1.4842	21.763	-29.107	-2.4748	-12.276	-2.6296	4.1619	-17.593	4.1471	-59.345	44.695	-57.733	-123.58	28.492	-35.351	-149.19	-0.98933
287.69	1.4859	21.753	-29.118	-2.3717	-11.932	-2.6514	4.2737	-17.328	4.0947	-59.296	44.865	-57.747	-123.55	28.545	-35.419	-149.13	-0.81358
287.69	1.4809	21.759	-29.14	-2.2448	-11.823	-2.6493	4.4132	-17.167	4.0384	-59.235	44.967	-57.771	-123.41	28.542	-35.452	-149.03	-0.71616
287.7	1.4794	21.763	-29.139	-2.1655	-11.826	-2.651	4.5431	-17.091	3.9677	-59.123	45.013	-57.841	-123.22	28.508	-35.46	-148.92	-0.70234
287.7	1.4817	21.769	-29.134	-2.14	-11.92	-2.6557	4.5937	-17.221	3.9069	-58.981	44.994	-57.918	-123.08	28.435	-35.447	-148.84	-0.72201
287.7	1.4787	21.763	-29.129	-2.1226	-12.118	-2.6444	4.6187	-17.462	3.8443	-58.776	44.842	-57.94	-123	28.347	-35.442	-148.78	-0.79193
287.7	1.4907	21.755	-29.193	-2.0717	-12.487	-2.6445	4.7176	-17.698	3.8447	-58.572	44.703	-57.95	-122.88	28.256	-35.421	-148.72	-0.82334
287.7	1.4821	21.754	-29.239	-1.9896	-12.597	-2.7688	4.9727	-17.67	3.8921	-58.371	44.465	-57.943	-122.73	28.158	-35.419	-148.62	-0.8969
287.7	1.4874	21.753	-29.313	-1.776	-12.918	-2.7805	5.0979	-17.843	3.9425	-58.278	44.299	-57.971	-122.59	28.07	-35.417	-148.56	-0.91262
287.7	1.4883	21.754	-29.355	-1.7221	-12.973	-2.7976	5.1572	-17.854	4.0058	-58.221	44.215	-57.998	-122.46	27.979	-35.398	-148.53	-0.96724
287.7	1.49	21.757	-29.348	-1.6864	-12.968	-2.7903	5.1928	-17.874	4.0783	-58.19	44.188	-57.993	-122.42	27.958	-35.39	-148.49	-0.98855
287.69	1.4854	21.763	-29.354	-1.6549	-13.001	-2.7702	5.1952	-17.891	4.143	-58.165	44.163	-57.947	-122.43	27.974	-35.379	-148.48	-0.98108
287.69	1.4857	21.763	-29.356	-1.6224	-13.03	-2.7451	5.197	-17.893	4.2124	-58.122	44.124	-57.88	-122.41	27.987	-35.371	-148.48	-0.96283
287.69	1.4863	21.765	-29.367	-1.6117	-13.049	-2.7395	5.2058	-17.914	4.2655	-58.085	44.058	-57.825	-122.36	27.996	-35.369	-148.44	-0.95192
287.69	1.4819	21.758	-29.386	-1.6053	-13.074	-2.7389	5.2503	-17.93	4.3314	-58.036	44.011	-57.812	-122.29	27.977	-35.328	-148.46	-0.94375
287.69	1.4857	21.763	-29.413	-1.5885	-13.112	-2.7379	5.2959	-17.936	4.3804	-57.992	43.933	-57.803	-122.25	27.956	-35.312	-148.46	-0.95317
287.69	1.4857	21.763	-29.411	-1.5677	-13.132	-2.7403	5.326	-17.952	4.4498	-57.958	43.858	-57.787	-122.23	27.932	-35.3	-148.47	-0.97478
287.7	1.4893	21.756	-29.416	-1.5524	-13.157	-2.7025	5.3406	-17.964	4.5297	-57.941	43.766	-57.742	-122.21	27.931	-35.286	-148.47	-0.98534
287.7	1.4883	21.754	-29.392	-1.5349	-13.152	-2.6799	5.3483	-17.994	4.6153	-57.926	43.719	-57.715	-122.18	27.953	-35.29	-148.45	-0.99454
287.7	1.4879	21.767	-29.379	-1.5218	-13.17	-2.6539	5.3342	-18.046	4.7201	-57.935	43.628	-57.678	-122.13	27.949	-35.307	-148.45	-1.0171
287.7	1.4893	21.756	-29.363	-1.4606	-13.268	-2.5737	5.3386	-18.046	4.8468	-57.937	43.536	-57.651	-122.09	27.936	-35.319	-148.43	-1.028
287.7	1.4931	21.763	-29.343	-1.441	-13.291	-2.5127	5.3297	-18.088	4.9882	-57.929	43.475	-57.617	-122.07	27.936	-35.333	-148.39	-1.0623
287.69	1.4864	21.752	-29.31	-1.4291	-13.31	-2.4843	5.2963	-18.125	5.1012	-57.944	43.373	-57.571	-122.03	27.945	-35.325	-148.39	-1.0617
287.7	1.4824	21.756	-29.293	-1.4059	-13.306	-2.4533	5.2918	-18.154	5.2197	-57.962	43.277	-57.512	-122	27.944	-35.336	-148.38	-1.0914
287.71	1.4844	21.759	-29.259	-1.395	-13.296	-2.4295	5.2826	-18.176	5.3417	-57.973	43.195	-57.457	-121.98	27.966	-35.36	-148.33	-1.1369
287.7	1.4831	21.756	-29.241	-1.3821	-13.31	-2.4246	5.3056	-18.249	5.459	-57.981	43.169	-57.409	-121.96	27.969	-35.37	-148.32	-1.1675
287.71	1.4885	21.764	-29.222	-1.3828	-13.286	-2.4151	5.2993	-18.278	5.5605	-58.007	43.108	-57.353	-121.95	27.973	-35.352	-148.31	-1.1727
287.71	1.4872	21.761	-29.197	-1.3676	-13.278	-2.3969	5.3024	-18.296	5.6561	-58.004	43.033	-57.31	-121.93	27.972	-35.359	-148.29	-1.2108
287.71	1.4844	21.759	-29.176	-1.3432	-13.267	-2.3898	5.2946	-18.31	5.7526	-58.005	42.985	-57.25	-121.93	27.973	-35.377	-148.3	-1.2573
287.7	1.4918	21.76	-29.154	-1.3292	-13.26	-2.3606	5.2877	-18.314	5.8406	-57.999	42.937	-57.203	-121.93	27.981	-35.385	-148.3	-1.2933
287.7	1.4907	21.757	-29.131	-1.3278	-13.251	-2.3502	5.2857	-18.353	5.9206	-58.019	42.898	-57.164	-121.93	27.982	-35.397	-148.3	-1.33
287.7	1.4898	21.757	-28.896	-1.1279	-12.917	-2.3369	5.2691	-18.371	6.0051	-58.03	42.826	-57.127	-121.91	27.951	-35.422	-148.31	-1.4276
287.7	1.4902	21.757	-28.875	-1.1125	-12.908	-2.3304	5.2668	-18.415	6.0773	-58.046	42.778	-57.104	-121.9	27.99	-35.426	-148.3	-1.4732
287.7	1.4901	21.757	-28.851	-1.0956	-12.882	-2.312	5.2665	-18.419	6.1425	-58.062	42.734	-57.077	-121.89	27.955	-35.433	-148.31	-1.5074
287.69	1.4861	21.75	-28.841	-1.0854	-12.886	-2.3045	5.2586	-18.434	6.1814	-58.069	42.693	-57.051	-121.89	27.949	-35.45	-148.3	-1.5562
287.69	1.4963	21.757	-28.82	-1.0714	-12.865	-2.2887	5.2589	-18.454	6.2246	-58.076	42.67	-57.033	-121.87	27.938	-35.466	-148.29	-1.5798
287.7	1.4883	21.754	-28.815	-1.0659	-12.875	-2.2897	5.2464	-18.461	6.2707	-58.079	42.66	-57.01	-121.87	27.913	-35.484	-148.29	-1.6028
287.7	1.4894	21.756	-28.791	-1.0352	-12.84	-2.2677	5.2379	-18.485	6.2914	-58.078	42.645	-57.01	-121.84	27.924	-35.515	-148.26	-1.6215
287.69	1.4841	21.762	-28.776	-1.0242	-12.842	-2.2509	5.225	-18.497	6.3225	-58.081	42.644	-57.006	-121.82	27.914	-35.544	-148.24	-1.6125
287.69	1.4858	21.751	-28.764	-0.99983	-12.838	-2.2389	5.2197	-18.511	6.3496	-58.074	42.635	-57.016	-121.79	27.905	-35.614	-148.25	-1.6507
287.7	1.4878	21.753	-28.776	-0.99102	-12.858	-2.2347	5.2116	-18.53	6.3541	-58.07	42.638	-57.035	-121.76	27.912	-35.645	-148.23	-1.643
287.7	1.4891	21.755	-28.729	-0.94694	-12.822	-2.2061	5.1984	-18.533	6.3752	-58.067	42.635	-57.053	-121.72	27.894	-35.702	-148.2	-1.6338
287.7	1.4892	21.756	-28.729	-0.92823	-12.844	-2.1891	5.2096	-18.533	6.3778	-58.051	42.632	-57.076	-121.68	27.902	-35.742	-148.17	-1.7001
287.7	1.4813	21.753	-28.711	-0.89865	-12.832	-2.1868	5.1978	-18.553	6.3764	-58.039	42.637	-57.094	-121.64	27.894	-35.791	-148.14	-1.7091
287.69	1.4854	21.751	-28.707	-0.86767	-12.829	-2.164	5.2	-18.553	6.3747	-58.014	42.649	-57.111	-121.6	27.905	-35.834	-148.1	-1.7131
287.7	1.4894	21.756	-28.71	-0.85176	-12.84	-2.1461	5.197	-18.548	6.3597	-57.992	42.638	-57.121	-121.56	27.905	-35.803	-148.06	-1.595
287.7	1.491	21.759	-28.7	-0.81293	-12.842	-2.1268	5.2087	-18.542	6.349	-57.975	42.643	-57.142	-121.53	27.893	-35.836	-148.04	-1.6135
287.7	1.4809	21.753	-28.712	-0.8045	-12.863	-2.1219	5.2013	-18.558	6.3401	-57.954	42.648	-57.154	-121.49	27.891	-35.861	-148.03	-1.6158
287.7	1.4924	21.758	-28.703	-0.7823	-12.847	-2.1256	5.2006	-18.56	6.3411	-57.929	42.674	-57.178	-121.46	27.88	-35.878	-148.01	-1.6271
287.7	1.4926	21.747	-28.705	-0.75365	-12.865	-2.1239	5.2017	-18.575	6.3283	-57.924	42.671	-57.174	-121.44	27.877	-35.902	-148	-1.6338
287.7	1.4831	21.756	-28.702	-0.73621	-12.857	-2.1282	5.2098	-18.577	6.3237	-57.91	42.661	-57.17	-121.42	27.872	-35.909	-147.99	-1.6442
287.7	1.4881	21.754	-28.696	-0.71533	-12.853	-2.1236	5.2144	-18.567	6.3348	-57.889	42.665	-57.168	-121.4	27.853	-35.92	-147.98	-1.648
287.7	1.494	21.747	-28.697	-0.71146	-12.866	-2.1209	5.2174	-18.564	6.3377	-57.887	42.666	-57.161	-121.38	27.839	-36.01	-147.83	-1.6662
287.7	1.5013	21.749	-28.697	-0.69846	-12.859	-2.1282	5.2112	-18.591	6.3444	-57.869	42.665	-57.154	-121.37	27.831	-36.015	-147.82	-1.6785
287.7	1.4959	21.75	-28.697	-0.69417	-12.857	-2.1187	5.2165	-18.57	6.3488	-57.879	42.662	-57.134	-121.37	27.827	-36.016	-147.83	-1.6857
287.7	1.4934	21.745	-28.697	-0.67963	-12.848	-2.1285	5.2113	-18.59	6.3673	-57.877	42.66	-57.125	-121.37	27.807	-36.006	-147.83	-1.6971
