141.44	-1.8098	20.325	-33.483	5.2939	-12.949	-7.8986	9.1266	-18.646	1.4667	-52.208	41.682	-60.51	-116.81	28.266	-39.406	-142.1	-2.1638
141.44	-1.8113	20.323	-33.472	5.3019	-12.939	-7.9031	9.123	-18.651	1.465	-52.208	41.669	-60.501	-116.82	28.279	-39.404	-142.1	-2.1787
141.44	-1.8097	20.325	-33.479	5.2967	-12.943	-7.9022	9.1237	-18.648	1.4736	-52.204	41.676	-60.495	-116.81	28.282	-39.392	-142.1	-2.1839
141.44	-1.8092	20.327	-33.477	5.2968	-12.932	-7.9074	9.1318	-18.649	1.4754	-52.202	41.678	-60.494	-116.81	28.27	-39.384	-142.09	-2.1817
141.44	-1.8102	20.326	-33.473	5.3025	-12.937	-7.9022	9.1229	-18.652	1.4812	-52.21	41.674	-60.488	-116.82	28.269	-39.395	-142.1	-2.1895
141.44	-1.8113	20.322	-33.475	5.3002	-12.939	-7.9053	9.12	-18.655	1.4676	-52.206	41.656	-60.485	-116.82	28.271	-39.379	-142.09	-2.1754
141.44	-1.8083	20.326	-33.471	5.3023	-12.936	-7.8986	9.1266	-18.646	1.4769	-52.211	41.672	-60.476	-116.82	28.278	-39.372	-142.09	-2.1854
141.44	-1.8055	20.329	-33.473	5.3018	-12.935	-7.9041	9.1229	-18.651	1.4778	-52.2	41.678	-60.483	-116.82	28.271	-39.371	-142.1	-2.2035
141.44	-1.8061	20.327	-33.474	5.3004	-12.938	-7.9068	9.12	-18.654	1.4762	-52.202	41.663	-60.472	-116.82	28.262	-39.381	-142.09	-2.1926
141.44	-1.8066	20.327	-33.48	5.2992	-12.94	-7.9063	9.1199	-18.654	1.4694	-52.204	41.673	-60.485	-116.82	28.27	-39.377	-142.09	-2.1902
141.44	-1.8102	20.324	-33.488	5.2889	-12.926	-7.9072	9.12	-18.653	1.4667	-52.208	41.668	-60.486	-116.82	28.271	-39.382	-142.09	-2.2055
141.44	-1.8079	20.326	-33.48	5.2992	-12.94	-7.911	9.1149	-18.646	1.4659	-52.208	41.668	-60.489	-116.82	28.267	-39.386	-142.1	-2.2127
141.44	-1.8087	20.324	-33.485	5.293	-12.935	-7.9056	9.1082	-18.658	1.4663	-52.207	41.669	-60.495	-116.83	28.262	-39.395	-142.1	-2.2051
141.43	-1.8004	20.327	-33.497	5.301	-12.952	-7.8977	9.1139	-18.633	1.4547	-52.203	41.679	-60.501	-116.83	28.259	-39.382	-142.1	-2.2037
141.44	-1.8129	20.334	-33.498	5.2988	-12.94	-7.8952	9.1133	-18.632	1.4608	-52.2	41.684	-60.511	-116.82	28.27	-39.397	-142.1	-2.2068
141.44	-1.8124	20.321	-33.504	5.2943	-12.947	-7.8997	9.1097	-18.637	1.4384	-52.201	41.67	-60.51	-116.82	28.258	-39.398	-142.1	-2.1908
141.43	-1.813	20.318	-33.502	5.2954	-12.959	-7.9059	9.1032	-18.646	1.4342	-52.204	41.668	-60.519	-116.81	28.258	-39.403	-142.09	-2.2123
141.43	-1.8145	20.318	-33.506	5.2927	-12.964	-7.9055	9.1032	-18.647	1.4355	-52.192	41.689	-60.527	-116.82	28.263	-39.403	-142.1	-2.1934
141.43	-1.8153	20.33	-33.511	5.2905	-12.954	-7.9056	9.1022	-18.629	1.4343	-52.193	41.688	-60.529	-116.82	28.251	-39.412	-142.1	-2.1979
141.43	-1.8171	20.327	-33.515	5.2836	-12.949	-7.892	9.0965	-18.626	1.4307	-52.205	41.68	-60.529	-116.82	28.248	-39.404	-142.11	-2.1973
141.44	-1.8124	20.321	-33.512	5.2878	-12.955	-7.8999	9.0908	-18.651	1.4355	-52.203	41.684	-60.533	-116.83	28.259	-39.41	-142.11	-2.2023
141.43	-1.8135	20.333	-33.52	5.2814	-12.965	-7.901	9.0893	-18.637	1.4303	-52.206	41.679	-60.526	-116.83	28.257	-39.406	-142.11	-2.2122
141.43	-1.8137	20.333	-33.512	5.2738	-12.966	-7.8937	9.0838	-18.633	1.432	-52.207	41.68	-60.522	-116.83	28.25	-39.4	-142.1	-2.2097
141.43	-1.8146	20.331	-33.516	5.285	-12.975	-7.8857	9.0869	-18.627	1.4354	-52.218	41.675	-60.513	-116.84	28.249	-39.4	-142.11	-2.1975
141.44	-1.8098	20.324	-33.509	5.2895	-12.952	-7.8969	9.0769	-18.641	1.4435	-52.211	41.683	-60.511	-116.84	28.25	-39.389	-142.11	-2.2209
141.45	-1.8158	20.327	-33.512	5.2877	-12.955	-7.8888	9.084	-18.629	1.4449	-52.212	41.683	-60.51	-116.83	28.251	-39.383	-142.11	-2.2168
141.44	-1.8236	20.328	-33.513	5.2856	-12.959	-7.8903	9.0688	-18.64	1.4496	-52.206	41.677	-60.499	-116.84	28.251	-39.394	-142.11	-2.224
141.45	-1.8169	20.325	-33.507	5.2801	-12.97	-7.8811	9.0747	-18.631	1.444	-52.209	41.67	-60.501	-116.84	28.251	-39.371	-142.1	-2.2283
141.43	-1.8135	20.319	-33.515	5.2851	-12.96	-7.8826	9.0734	-18.647	1.4514	-52.206	41.676	-60.495	-116.84	28.243	-39.378	-142.1	-2.2233
141.44	-1.809	20.324	-33.506	5.2926	-12.946	-7.8767	9.0749	-18.626	1.4461	-52.21	41.672	-60.502	-116.84	28.238	-39.373	-142.1	-2.2277
141.43	-1.8134	20.319	-33.509	5.294	-12.962	-7.8794	9.0712	-18.633	1.4501	-52.207	41.675	-60.504	-116.83	28.241	-39.369	-142.1	-2.2236
141.44	-1.8101	20.324	-33.502	5.2954	-12.959	-7.8753	9.0749	-18.627	1.4431	-52.211	41.682	-60.501	-116.83	28.255	-39.382	-142.1	-2.2271
141.45	-1.8129	20.33	-33.519	5.2864	-12.974	-7.891	9.0644	-18.646	1.4372	-52.203	41.684	-60.511	-116.83	28.251	-39.383	-142.11	-2.2227
141.43	-1.8021	20.326	-33.52	5.2867	-12.974	-7.8893	9.068	-18.638	1.4376	-52.202	41.685	-60.518	-116.83	28.238	-39.393	-142.1	-2.2182
141.43	-1.8119	20.32	-33.522	5.2822	-12.965	-7.8828	9.0725	-18.63	1.42	-52.201	41.676	-60.531	-116.83	28.241	-39.394	-142.1	-2.2166
141.44	-1.8058	20.33	-33.524	5.2932	-12.961	-7.8883	9.0688	-18.635	1.426	-52.198	41.694	-60.535	-116.82	28.231	-39.404	-142.1	-2.2248
141.44	-1.8103	20.324	-33.535	5.2869	-12.971	-7.8879	9.0687	-18.635	1.4214	-52.189	41.697	-60.539	-116.83	28.24	-39.406	-142.11	-2.212
141.43	-1.805	20.322	-33.536	5.286	-12.974	-7.8802	9.0592	-18.637	1.4145	-52.192	41.692	-60.536	-116.82	28.233	-39.414	-142.1	-2.2038
141.43	-1.8045	20.321	-33.533	5.2898	-12.967	-7.8873	9.0547	-18.63	1.4055	-52.199	41.684	-60.546	-116.82	28.241	-39.404	-142.1	-2.2076
141.43	-1.8133	20.32	-33.541	5.283	-12.974	-7.8754	9.0581	-18.619	1.3982	-52.193	41.684	-60.54	-116.83	28.24	-39.413	-142.1	-2.2135
141.44	-1.8102	20.325	-33.543	5.2839	-12.992	-7.8914	9.0517	-18.632	1.3988	-52.193	41.685	-60.552	-116.83	28.231	-39.413	-142.11	-2.2321
141.43	-1.817	20.326	-33.539	5.2851	-12.974	-7.8777	9.046	-18.629	1.4011	-52.202	41.692	-60.545	-116.83	28.236	-39.406	-142.11	-2.215
141.43	-1.8167	20.313	-33.547	5.282	-12.979	-7.8813	9.043	-18.631	1.4059	-52.2	41.697	-60.551	-116.83	28.231	-39.4	-142.12	-2.2165
141.43	-1.8142	20.316	-33.543	5.2818	-12.976	-7.8863	9.0394	-18.636	1.4063	-52.2	41.698	-60.551	-116.85	28.224	-39.399	-142.12	-2.2144
141.43	-1.8152	20.316	-33.564	5.2606	-13.017	-7.8864	9.0393	-18.637	1.3981	-52.203	41.692	-60.548	-116.84	28.215	-39.398	-142.12	-2.2146
141.43	-1.8124	20.321	-33.554	5.275	-12.989	-7.8702	9.0338	-18.628	1.3965	-52.206	41.689	-60.544	-116.84	28.218	-39.395	-142.11	-2.2223
141.43	-1.8151	20.331	-33.538	5.2852	-12.971	-7.8746	9.0336	-18.632	1.403	-52.203	41.696	-60.543	-116.84	28.218	-39.404	-142.12	-2.2323
141.43	-1.8138	20.333	-33.568	5.2674	-13.002	-7.8694	9.0322	-18.615	1.3996	-52.193	41.699	-60.548	-116.84	28.215	-39.404	-142.12	-2.2211
141.44	-1.8123	20.32	-33.538	5.2748	-12.977	-7.8662	9.0199	-18.618	1.3923	-52.197	41.693	-60.544	-116.85	28.229	-39.402	-142.12	-2.2196
141.43	-1.8151	20.331	-33.551	5.2769	-12.973	-7.8648	9.0199	-18.618	1.3841	-52.203	41.686	-60.543	-116.84	28.218	-39.4	-142.13	-2.2362
141.43	-1.8153	20.331	-33.575	5.2649	-13.01	-7.8663	9.0205	-18.621	1.3897	-52.198	41.691	-60.55	-116.85	28.211	-39.39	-142.13	-2.2159
141.43	-1.8172	20.327	-33.572	5.2674	-13.006	-7.8619	9.0202	-18.613	1.3763	-52.193	41.687	-60.553	-116.85	28.209	-39.396	-142.12	-2.227
141.43	-1.8159	20.328	-33.586	5.2596	-13.02	-7.8696	9.0046	-18.628	1.3763	-52.194	41.698	-60.548	-116.84	28.212	-39.387	-142.12	-2.2133
141.43	-1.817	20.326	-33.559	5.2869	-12.987	-7.8601	9.0111	-18.621	1.3737	-52.194	41.698	-60.548	-116.84	28.213	-39.394	-142.11	-2.2272
141.44	-1.8088	20.324	-33.587	5.2714	-13.013	-7.8599	9.0074	-18.623	1.3775	-52.189	41.687	-60.556	-116.84	28.2	-39.384	-142.12	-2.2227
141.44	-1.8084	20.329	-33.584	5.2717	-12.996	-7.8528	9.0106	-18.616	1.3695	-52.185	41.699	-60.555	-116.83	28.203	-39.374	-142.12	-2.2242
141.43	-1.8122	20.32	-33.592	5.2682	-13.017	-7.8662	9.0039	-18.627	1.3726	-52.181	41.691	-60.552	-116.83	28.202	-39.387	-142.12	-2.2259
141.43	-1.8069	20.319	-33.588	5.2833	-13.006	-7.863	9.0045	-18.625	1.3696	-52.172	41.707	-60.559	-116.84	28.196	-39.382	-142.12	-2.2225
141.44	-1.811	20.336	-33.557	5.2914	-12.994	-7.8634	9.0046	-18.625	1.3601	-52.179	41.698	-60.559	-116.84	28.211	-39.381	-142.12	-2.2202
141.43	-1.8067	20.318	-33.591	5.2686	-13.017	-7.8634	9.0046	-18.625	1.3674	-52.201	41.706	-60.563	-116.84	28.196	-39.398	-142.12	-2.2278
141.43	-1.8127	20.331	-33.596	5.2661	-13.022	-7.8507	8.9988	-18.621	1.3677	-52.218	41.711	-60.559	-116.84	28.199	-39.414	-142.12	-2.2241
141.43	-1.8122	20.32	-33.594	5.2663	-13.019	-7.8558	8.995	-18.627	1.3624	-52.25	41.706	-60.575	-116.83	28.192	-39.407	-142.14	-2.213
141.43	-1.8129	20.319	-33.602	5.2599	-13.029	-7.8688	8.9972	-18.632	1.3562	-52.285	41.712	-60.579	-116.84	28.191	-39.433	-142.13	-2.2213
141.43	-1.8034	20.339	-33.614	5.2339	-13.026	-7.8562	8.9951	-18.626	1.3629	-52.339	41.718	-60.588	-116.83	28.19	-39.46	-142.13	-2.2082
141.43	-1.8146	20.319	-33.603	5.2235	-13.012	-7.8637	8.992	-18.633	1.3644	-52.411	41.737	-60.605	-116.81	28.202	-39.482	-142.14	-2.1649
141.44	-1.8128	20.334	-33.598	5.193	-13.013	-7.8649	9.009	-18.64	1.3418	-52.49	41.754	-60.629	-116.8	28.207	-39.487	-142.16	-2.1569
141.44	-1.8126	20.334	-33.575	5.1628	-13.001	-7.8803	9.0174	-18.651	1.3185	-52.583	41.764	-60.666	-116.8	28.22	-39.525	-142.17	-2.0976
141.44	-1.8128	20.334	-33.516	5.1289	-12.926	-7.8918	9.123	-18.676	1.2879	-52.695	41.76	-60.711	-116.79	28.232	-39.537	-142.21	-2.0761
141.44	-1.8207	20.333	-33.321	5.1026	-12.773	-7.8987	9.2275	-18.719	1.2631	-52.813	41.79	-60.767	-116.79	28.276	-39.572	-142.24	-2.0187
141.44	-1.8205	20.333	-33.204	5.0283	-12.609	-7.904	9.4405	-18.821	1.2723	-52.993	41.861	-60.856	-116.79	28.29	-39.587	-142.32	-1.9567
141.43	-1.8282	20.323	-33.078	4.9379	-12.23	-7.8705	9.5993	-18.767	1.319	-53.217	41.969	-60.943	-116.81	28.326	-39.626	-142.37	-1.9082
141.44	-1.8122	20.336	-32.888	4.8871	-11.813	-7.8093	9.7441	-18.507	1.4342	-53.49	42.117	-61.033	-116.85	28.361	-39.66	-142.44	-1.8283
141.43	-1.8149	20.331	-32.515	4.8204	-11.082	-7.5399	9.8552	-17.92	1.5937	-53.854	42.305	-61.069	-116.95	28.412	-39.714	-142.5	-1.8006
141.44	-1.8255	20.329	-32.096	4.8019	-10.218	-7.1454	9.8637	-17.105	1.8191	-54.424	42.585	-61.048	-117.1	28.481	-39.762	-142.58	-1.8191
141.44	-1.8229	20.33	-31.563	4.6833	-9.0189	-6.6393	9.8186	-16.027	2.2272	-55.132	42.943	-60.968	-117.28	28.554	-39.809	-142.66	-1.8265
141.44	-1.825	20.329	-30.897	4.5718	-7.6694	-5.917	9.7441	-14.637	2.7664	-56.088	43.431	-60.838	-117.54	28.679	-39.839	-142.83	-1.8775
141.44	-1.8226	20.331	-29.973	4.377	-5.9585	-5.0541	9.5519	-13.142	3.4283	-57.161	43.937	-60.634	-117.84	28.846	-39.871	-143	-1.9673
141.44	-1.8232	20.33	-28.918	4.2145	-4.4333	-3.9742	9.1839	-11.574	4.2297	-58.433	44.495	-60.362	-118.22	29.049	-39.883	-143.2	-2.0549
141.43	-1.8153	20.333	-27.547	3.7897	-2.5322	-2.5355	8.802	-9.804	5.1559	-59.867	45.074	-59.989	-118.62	29.22	-39.822	-143.36	-2.1312
141.44	-1.8213	20.331	-25.932	3.3845	-0.8705	-0.7614	8.2629	-8.0093	6.2303	-61.457	45.667	-59.56	-119.06	29.397	-39.662	-143.63	-2.2631
141.43	-1.8141	20.332	-24.19	2.8289	0.81246	1.2221	7.5101	-6.3657	7.3715	-63.081	46.248	-59.026	-119.54	29.612	-39.487	-143.95	-2.3472
141.44	-1.8239	20.33	-22.226	2.2133	2.5219	3.6072	6.7005	-4.6152	8.658	-64.81	46.784	-58.414	-120.06	29.903	-39.2	-144.38	-2.5372
141.43	-1.8305	20.348	-20.18	1.5317	4.1879	6.3362	5.7563	-3.1331	10.073	-66.574	47.304	-57.644	-120.63	30.191	-38.875	-144.55	-2.5556
141.43	-1.8307	20.348	-18.12	0.87737	5.6883	9.493	4.6774	-1.6794	11.634	-68.376	47.715	-56.74	-121.26	30.476	-38.354	-145.07	-2.6182
141.44	-1.8286	20.352	-16.195	0.11269	7.1797	13.127	3.5257	-0.39516	13.351	-70.21	48.134	-55.655	-121.96	30.775	-37.446	-145.95	-2.6627
141.43	-1.8275	20.327	-14.323	-0.6104	8.5295	17.252	2.2401	0.73118	15.149	-72.019	48.467	-54.486	-122.67	31.066	-36.592	-146.57	-2.4322
141.44	-1.8249	20.345	-12.357	-1.3752	9.6902	21.611	0.78951	1.7842	17.061	-73.775	48.792	-53.217	-123.27	31.404	-35.85	-147	-2.1026
141.44	-1.8294	20.351	-10.134	-2.306	10.791	26.055	-0.71298	2.8144	19.153	-75.549	49.109	-51.786	-123.94	31.76	-34.399	-147.94	-1.8401
141.44	-1.8287	20.353	-7.6868	-3.3174	11.731	30.525	-2.3597	3.8859	21.333	-77.401	49.351	-50.175	-124.7	32.1	-33.031	-148.71	-1.7356
141.44	-1.8224	20.334	-5.0183	-4.3285	12.518	35.072	-4.0792	4.9252	23.673	-79.236	49.587	-48.34	-125.51	32.44	-31.595	-149.55	-1.5405
141.44	-1.836	20.353	-2.1089	-5.4095	13.246	39.655	-5.9075	5.9911	26.1	-81.125	49.74	-46.378	-126.27	32.729	-30.016	-150.32	-1.3394
141.44	-1.8296	20.351	0.94695	-6.5175	14.054	44.315	-7.8981	6.912	28.657	-83.032	49.925	-44.335	-127.01	32.99	-28.501	-151.12	-1.3948
141.44	-1.823	20.333	4.155	-7.6272	14.766	49.116	-10.017	7.7741	31.289	-84.9	50.087	-42.212	-127.74	33.324	-26.686	-151.81	-1.1472
141.45	-1.8315	20.346	7.455	-8.7469	15.431	53.93	-12.251	8.5406	34.002	-86.766	50.143	-40.012	-128.42	33.618	-24.822	-152.47	-0.97993
141.45	-1.8209	20.337	10.807	-9.9146	16.053	58.725	-14.478	9.2387	36.806	-88.59	50.221	-37.713	-129.11	33.976	-23.167	-152.97	-0.94888
141.45	-1.8293	20.335	14.249	-11.025	16.538	63.479	-16.75	9.8285	39.671	-90.36	50.109	-35.355	-129.7	34.279	-21.22	-153.54	-0.64367
141.45	-1.8257	20.338	17.745	-12.14	16.945	68.102	-18.979	10.289	42.887	-91.711	50.491	-32.906	-130.25	34.627	-19.246	-154.15	-0.34711
141.46	-1.8231	20.344	21.242	-13.154	17.148	72.645	-21.047	10.711	45.843	-93.262	50.405	-30.412	-130.8	35	-16.994	-154.98	-0.25127
141.46	-1.8248	20.34	24.779	-14.227	17.423	77.12	-22.998	11.052	48.817	-94.744	50.239	-27.839	-131.33	35.333	-14.775	-155.5	0.1362
141.45	-1.828	20.337	28.294	-15.276	17.609	81.523	-24.864	11.179	51.844	-96.109	50.061	-25.19	-131.79	35.649	-12.774	-155.77	0.22046
141.46	-1.8214	20.345	31.736	-16.209	17.578	86.229	-26.411	11.547	54.895	-97.358	49.857	-22.476	-132.24	36.054	-10.626	-156.17	0.60637
141.45	-1.8259	20.338	35.164	-17.134	17.659	89.888	-28.398	10.763	57.955	-98.447	49.525	-19.781	-132.63	36.417	-8.344	-156.54	0.76617
141.46	-1.8214	20.344	38.49	-17.932	17.566	94.223	-29.853	10.421	61.089	-99.43	49.249	-17.037	-132.95	36.758	-6.0763	-156.91	1.1976
141.45	-1.8156	20.342	41.784	-18.681	17.459	98.536	-31.269	9.9312	64.187	-100.3	48.903	-14.274	-133.24	37.113	-3.4556	-157.46	1.398
141.45	-1.819	20.338	44.973	-19.288	17.216	103.54	-32.219	9.923	67.298	-100.99	48.495	-11.475	-133.42	37.429	-1.1321	-157.49	1.651
141.45	-1.8151	20.342	48.068	-19.799	16.988	107.37	-33.667	8.8631	70.379	-101.57	48.134	-8.6755	-133.53	37.72	1.3711	-157.76	2.146
141.44	-1.8248	20.344	51.059	-20.207	16.739	112.4	-34.404	8.8038	73.423	-102.02	47.762	-5.8733	-133.59	37.995	3.7058	-157.77	2.4607
141.44	-1.8257	20.343	53.928	-20.507	16.421	116.29	-35.621	7.7408	76.474	-102.29	47.44	-3.0751	-133.58	38.235	6.2437	-157.86	2.7307
141.43	-1.8285	20.337	56.723	-20.746	16.116	121.35	-36.197	7.822	79.419	-102.48	47.107	-0.25716	-133.54	38.493	8.8695	-157.96	3.0493
141.44	-1.8286	20.352	59.395	-20.845	15.71	125.21	-37.28	6.817	82.365	-102.58	46.831	2.4948	-133.46	38.707	11.605	-158.25	3.3248
141.43	-1.8191	20.355	62.035	-20.874	15.352	129.59	-38.008	6.5217	85.191	-102.51	46.62	5.2508	-133.29	38.897	14.166	-158.18	3.6872
141.44	-1.8263	20.355	64.593	-20.84	14.971	133.82	-38.65	6.2797	87.999	-102.41	46.449	7.9321	-133.07	39.091	16.658	-158.14	3.9586
141.44	-1.8211	20.335	67.085	-20.707	14.575	137.81	-39.155	6.0925	90.711	-102.16	46.345	10.563	-132.79	39.256	18.918	-157.59	4.2874
141.45	-1.8203	20.338	69.5	-20.522	14.172	141.62	-39.479	6.0727	93.295	-101.8	46.316	13.11	-132.46	39.38	21.446	-157.44	4.4656
141.45	-1.828	20.338	71.831	-20.244	13.765	145.1	-39.636	6.0665	95.765	-101.36	46.325	15.594	-132.05	39.485	23.974	-157.24	4.5919
141.46	-1.8259	20.34	74.074	-19.919	13.381	148.39	-39.587	6.2064	98.196	-100.82	46.377	18.494	-131.32	39.91	27.035	-157.01	5.2635
141.46	-1.8207	20.346	76.209	-19.468	12.908	151.82	-39.202	6.7679	100.48	-100.16	46.483	20.343	-131.1	39.622	28.646	-156.57	5.0033
141.47	-1.8294	20.331	78.203	-18.979	12.493	154.57	-38.775	6.9293	102.71	-99.426	46.573	23.1	-130.27	40.045	31.615	-156.23	5.6357
141.47	-1.8277	20.333	80.094	-18.4	12.105	157.09	-38.138	7.0709	104.83	-98.593	46.69	24.805	-130.01	39.743	33.195	-155.77	5.3994
141.47	-1.8277	20.333	81.87	-17.772	11.672	141.47	-1.8245	20.338	106.86	-97.64	46.838	27.424	-129.08	40.13	36.091	-155.38	5.9872
161.42	-36.284	7.2762	83.577	-17.134	11.284	141.48	-1.8222	20.34	108.85	-96.591	46.901	29.481	-128.41	40.168	38.255	-154.74	6.2188
161.42	-36.284	7.2762	85.164	-16.407	10.733	141.47	-1.8165	20.339	110.73	-95.483	46.977	30.961	-128	39.85	39.631	-154.43	5.9291
164.81	-33.906	6.9399	86.664	-15.626	10.213	141.47	-1.8234	20.339	112.55	-94.288	47.041	32.854	-127.22	39.888	41.59	-153.83	6.1738
166.22	-32.606	6.5632	88.113	-14.765	9.5447	141.46	-1.818	20.321	114.33	-93.096	47.055	34.644	-126.43	39.908	43.562	-153.24	6.3791
167.52	-31.192	6.1071	89.47	-13.951	9.1055	141.46	-1.8213	20.332	116.12	-91.862	47.071	36.399	-125.59	39.955	45.44	-152.47	6.4646
168.74	-29.716	5.6813	90.808	-13.049	8.6029	141.45	-1.8158	20.342	117.83	-90.581	46.992	38.109	-124.71	39.952	47.051	-151.6	6.656
168.74	-29.716	5.6813	92.1	-12.141	8.1028	141.44	-1.8255	20.359	119.5	-89.358	46.878	39.77	-123.86	40.018	48.782	-150.86	6.7917
170.7	-26.803	4.5028	93.358	-11.222	7.732	141.44	-1.8233	20.332	121.2	-88.166	46.806	41.398	-122.96	40.063	50.54	-150.09	6.807
171.56	-25.282	3.9685	94.674	-10.336	7.4756	141.43	-1.8208	20.352	122.84	-87.068	46.657	43.025	-122.1	40.135	51.962	-148.97	6.8608
172.4	-23.826	3.461	95.985	-9.421	7.3193	141.42	-1.8254	20.344	124.46	-85.961	46.609	44.579	-121.25	40.251	53.572	-148.22	7.0006
173.2	-22.395	3.0468	97.264	-8.4592	7.2079	141.42	-1.8181	20.345	125.99	-84.925	46.583	46.126	-120.44	40.344	55.143	-147.45	7.0967
174.06	-21.016	2.7607	98.579	-7.5534	7.2559	141.41	-1.818	20.346	127.54	-83.909	46.526	47.619	-119.57	40.445	56.545	-146.42	7.1179
174.83	-19.722	2.5023	99.899	-6.5724	7.3373	141.41	-1.8302	20.339	129.04	-82.895	46.644	49.107	-118.71	40.589	57.872	-145.42	7.3021
175.7	-18.362	2.4909	101.17	-5.6655	7.5503	141.41	-1.8182	20.347	130.43	-81.896	46.746	50.502	-117.88	40.711	59.456	-144.78	7.3766
176.44	-17.062	2.4432	102.5	-4.7265	7.6506	141.42	-1.8281	20.343	131.81	-80.886	46.946	51.907	-117.02	40.886	60.859	-143.74	7.5292
177.21	-15.76	2.6276	103.84	-3.8373	7.9016	141.42	-1.8259	20.344	133.13	-79.874	47.268	53.249	-116.17	41.038	62.23	-142.87	7.5716
177.83	-14.415	2.8298	105.22	-2.9743	8.1518	141.42	-1.8257	20.344	134.36	-78.87	47.586	54.598	-115.32	41.187	63.695	-142.17	7.663
177.83	-14.415	2.8298	106.62	-2.0971	8.0858	141.43	-1.8304	20.349	135.56	-77.837	47.994	55.848	-114.46	41.288	65.011	-141.21	7.8898
177.83	-14.415	2.8298	108.08	-1.2848	8.0918	141.43	-1.8308	20.35	136.74	-76.78	48.431	57.078	-113.59	41.422	66.265	-140.28	8.1041
178.64	-10.038	3.335	109.61	-0.58941	7.9542	141.44	-1.8285	20.353	137.86	-75.728	48.937	58.273	-112.73	41.553	67.838	-139.72	8.3169
178.42	-8.5248	3.3454	111.25	0.057352	7.842	141.44	-1.8261	20.356	138.95	-74.657	49.425	59.416	-111.9	41.658	69.082	-138.87	8.5634
178.42	-8.5248	3.3454	112.94	0.56639	7.6526	141.45	-1.8301	20.333	140	-73.615	49.951	60.533	-111.06	41.764	70.478	-138.31	8.7384
178.42	-8.5248	3.3454	114.74	1.0458	7.2984	141.46	-1.824	20.342	141.04	-72.626	50.501	61.621	-110.26	41.856	71.685	-137.46	9.062
178.42	-8.5248	3.3454	116.63	1.4434	6.9672	141.46	-1.8268	20.354	142.1	-71.684	50.93	62.678	-109.53	41.944	72.836	-136.7	9.2467
178.42	-8.5248	3.3454	118.58	1.7562	6.7066	141.46	-1.8263	20.341	143.25	-70.767	51.328	63.778	-108.84	42.029	74.141	-136.3	9.4626
178.42	-8.5248	3.3454	120.51	2.0948	6.5565	141.45	-1.8305	20.335	144.41	-69.923	51.651	64.86	-108.21	42.11	75.314	-135.52	9.5641
178.42	-8.5248	3.3454	122.28	2.6407	6.1798	141.45	-1.8304	20.333	145.58	-69.157	51.897	65.987	-107.62	42.219	76.626	-135.29	9.6906
178.42	-8.5248	3.3454	123.47	2.9371	5.8754	142.3	-1.5968	20.411	146.54	-68.731	51.753	67.117	-107.13	42.287	77.823	-134.71	9.8304
178.42	-8.5248	3.3454	125.18	3.2385	5.9748	144.59	-1.0444	20.479	147.79	-68.057	51.956	68.3	-106.66	42.395	78.939	-134.15	9.8277
178.42	-8.5248	3.3454	127.21	3.4076	6.2118	146.71	-0.86973	20.524	149.01	-67.418	52.035	69.507	-106.3	42.497	80.314	-134.04	10.071
178.42	-8.5248	3.3454	128.06	3.7824	5.9093	147.29	-0.55155	20.528	150.36	-66.929	52.235	70.753	-105.97	42.624	81.344	-133.42	10.176
178.42	-8.5248	3.3454	129.08	4.0952	5.875	148.08	-0.20945	20.455	151.59	-66.641	52.421	71.987	-105.68	42.817	82.651	-133.16	10.262
178.42	-8.5248	3.3454	130.43	4.3395	5.6044	149.16	-0.12941	20.345	152.89	-66.181	52.592	73.287	-105.41	42.983	84	-132.89	10.437
178.42	-8.5248	3.3454	131.92	4.4979	5.6267	150.68	-0.0056202	20.374	154.27	-65.829	52.748	74.645	-105.09	43.145	85.374	-132.79	10.704
178.42	-8.5248	3.3454	133.49	4.6856	5.7923	152.33	0.13702	20.393	155.8	-65.599	52.996	76.02	-104.81	43.339	86.802	-132.55	10.988
178.42	-8.5248	3.3454	135.08	4.8927	5.9568	154.09	0.37025	20.499	157.38	-65.403	53.276	77.495	-104.55	43.556	88.315	-132.38	11.182
178.42	-8.5248	3.3454	136.71	5.0502	6.1774	155.95	0.58571	20.647	159	-65.215	53.6	79.072	-104.37	43.806	89.906	-132.19	11.428
178.42	-8.5248	3.3454	138.49	5.1845	6.3923	157.78	0.70265	20.826	160.75	-65.085	53.848	80.787	-104.27	44.047	91.737	-132.17	11.638
179.52	2.8818	-2.7954	140.3	5.2125	6.7669	159.69	0.79079	21.164	162.58	-64.977	54.19	82.589	-104.11	44.309	93.295	-131.92	11.958
181.45	3.0009	-2.3602	142.26	5.2985	7.1145	161.69	0.89311	21.602	164.58	-64.944	54.614	84.448	-103.98	44.649	95.105	-131.82	12.34
181.45	3.0009	-2.3602	144.28	5.3305	7.6986	163.74	0.9106	22.08	166.59	-65.012	55.011	86.381	-103.88	45.055	96.941	-131.73	12.614
184.81	3.184	-0.035247	146.45	5.3401	8.3147	165.93	0.90206	22.679	168.72	-65.11	55.522	88.395	-103.87	45.441	99.014	-131.84	12.983
187.44	3.4676	1.0538	148.71	5.3136	9.2061	168.26	0.84663	23.469	170.94	-65.265	56.047	90.532	-103.84	45.897	100.94	-131.62	13.363
188.89	2.8472	0.74335	151.11	5.2761	10.006	170.71	0.7971	24.311	173.25	-65.492	56.606	92.731	-103.86	46.328	102.97	-131.54	13.719
192.31	3.3223	2.515	153.61	5.2391	10.839	173.24	0.65808	25.133	175.63	-65.717	57.187	95.019	-103.85	46.812	105.09	-131.49	14.154
194.88	3.1982	3.387	156.22	5.1228	11.899	175.86	0.51732	26.004	178.05	-66.015	57.901	97.317	-103.84	47.318	107.27	-131.45	14.675
197.62	3.063	4.3646	158.96	5.023	12.794	178.59	0.38537	26.979	180.5	-66.29	58.629	99.673	-103.84	47.876	109.51	-131.47	15.153
199.4	2.312	4.2301	162.27	5.2252	13.992	181.44	0.19224	28.017	183.07	-66.598	59.424	102.09	-103.8	48.456	111.85	-131.4	15.689
202.64	2.3368	3.8335	165.23	5.0966	14.96	184.25	-0.075438	29.09	185.61	-66.949	60.297	104.53	-103.77	49.018	114.2	-131.38	16.173
207.01	1.9685	5.9456	168.32	4.8989	16.082	187.26	-0.32332	30.152	188.26	-67.271	61.221	107.02	-103.68	49.576	116.59	-131.28	16.752
208.78	1.5118	7.6905	171.06	4.4294	16.458	190.34	-0.59716	31.197	190.86	-67.626	62.133	109.54	-103.56	50.171	119.05	-131.19	17.375
212.05	1.2128	8.8297	174.29	4.2396	17.342	193.45	-0.89737	32.184	193.55	-67.931	63.106	112.07	-103.42	50.738	121.55	-131.17	17.951
216.26	1.3307	10.821	177.55	3.9661	18.371	196.67	-1.1913	33.201	196.23	-68.272	64.058	114.65	-103.26	51.294	124.26	-131.34	18.616
219.63	0.95808	11.937	180.97	3.7716	19.121	199.85	-1.5533	34.1	198.93	-68.541	65.025	117.27	-103.05	51.852	126.68	-130.88	19.093
223.06	0.5501	12.936	184.35	3.462	19.81	203.14	-1.828	35.078	201.69	-68.789	65.979	119.91	-102.84	52.367	129.42	-130.9	19.904
225.66	-0.31632	12.951	187.74	3.2665	20.428	206.41	-2.1104	35.988	204.4	-69.048	66.881	122.57	-102.61	52.876	132.01	-130.85	20.503
229.11	-0.63415	13.919	191.15	2.9752	21.216	209.81	-2.3387	36.737	207.18	-69.242	67.788	125.25	-102.38	53.399	134.82	-131	21.122
232.58	-0.94865	14.796	194.52	2.7987	21.928	213.08	-2.5875	37.527	210.01	-69.429	68.586	127.98	-102.13	53.888	137.28	-130.58	21.675
235.91	-1.2873	15.475	197.96	2.6245	22.429	216.35	-2.8457	38.282	212.79	-69.647	69.261	130.7	-101.89	54.347	139.95	-130.49	22.261
239.29	-1.5369	16.261	201.29	2.3269	23.029	219.55	-3.0919	38.854	215.62	-69.819	69.914	133.42	-101.69	54.8	142.85	-130.64	22.863
242.61	-1.8079	16.969	204.56	2.1359	23.628	222.78	-3.3154	39.551	218.46	-69.998	70.47	136.17	-101.45	55.176	145.31	-130.17	23.186
245.88	-2.0601	17.624	207.88	1.9838	24.079	225.95	-3.5891	40.083	221.26	-70.219	70.941	138.88	-101.25	55.551	147.84	-130.01	23.577
249.86	-1.8136	19.091	211.11	1.8156	24.582	229.11	-3.8311	40.739	224.04	-70.435	71.384	141.56	-101.03	55.882	150.41	-129.81	23.98
252.29	-2.5089	18.744	214.23	1.5475	25.023	232.21	-4.0838	41.163	226.75	-70.613	71.761	144.19	-100.81	56.157	152.95	-129.7	24.207
255.33	-2.7814	19.123	217.39	1.4082	25.338	235.27	-4.2644	41.627	229.41	-70.806	72.056	146.77	-100.55	56.405	155.27	-129.52	24.494
258.37	-2.9703	19.491	220.38	1.2219	25.691	238.15	-4.5226	41.959	231.99	-70.933	72.353	149.26	-100.29	56.586	157.59	-129.29	24.593
262.04	-2.6522	20.739	222.97	0.85591	25.59	241.01	-4.675	42.211	234.5	-71.021	72.505	151.68	-99.992	56.741	159.92	-129	24.835
264.08	-3.2846	20.007	226.06	1.0671	26.019	243.74	-4.781	42.37	236.92	-71.097	72.668	154.03	-99.696	56.824	162.13	-128.85	24.889
266.76	-3.3932	20.097	228.48	0.64737	25.725	246.4	-4.8516	42.436	239.25	-71.075	72.719	156.31	-99.377	56.867	164.33	-128.6	24.974
269.34	-3.4487	20.042	231.01	0.70074	25.484	248.92	-4.8327	42.429	241.52	-70.948	72.732	158.51	-99.019	56.851	166.38	-128.41	25.058
272.57	-2.978	20.823	233.48	0.66868	25.356	251.36	-4.7943	42.293	243.68	-70.797	72.707	160.64	-98.691	56.781	168.48	-128.15	25.097
274.14	-3.4345	19.618	235.81	0.71087	25.028	253.67	-4.6993	41.992	245.82	-70.539	72.582	162.72	-98.306	56.636	170.47	-127.92	25.059
276.39	-3.3736	19.223	238.03	0.81643	24.535	255.84	-4.5573	41.589	247.87	-70.242	72.402	164.74	-97.905	56.444	172.63	-128.12	25.062
278.59	-3.2541	18.715	240.16	0.86861	23.987	257.93	-4.4183	41.08	249.85	-69.875	72.127	166.71	-97.509	56.229	174.25	-127.49	24.863
281.46	-2.6135	19.138	242.2	0.95908	23.434	260	-4.2229	40.475	251.77	-69.548	71.726	168.62	-97.092	55.936	176.11	-127.32	24.712
283.42	-2.4999	18.443	244.14	1.0544	22.819	261.92	-4.0589	39.773	253.67	-69.186	71.298	170.46	-96.703	55.674	177.86	-126.97	24.551
285.33	-2.337	17.735	245.98	1.2788	21.965	263.8	-3.8609	39.136	255.53	-68.834	70.837	172.21	-96.324	55.349	179.59	-126.71	24.398
285.33	-2.337	17.735	247.78	1.375	21.372	265.6	-3.6895	38.417	257.33	-68.549	70.265	173.92	-95.963	55.004	181.09	-126.5	24.03
285.33	-2.337	17.735	249.42	1.5209	20.801	267.32	-3.5189	37.688	259.03	-68.281	69.59	175.54	-95.601	54.59	182.66	-126.2	23.755
285.33	-2.337	17.735	251.02	1.6475	20.099	268.96	-3.3194	37.086	260.66	-68.052	69.002	177.08	-95.291	54.2	184	-125.92	23.266
285.33	-2.337	17.735	252.49	1.8958	19.619	270.5	-3.2001	36.4	262.2	-67.836	68.379	178.53	-94.982	53.776	185.37	-125.66	22.912
293.43	-1.2884	14.533	253.93	1.9651	18.869	271.94	-3.0122	35.752	263.6	-67.601	67.747	179.88	-94.673	53.304	186.62	-125.33	22.471
294.73	-1.1329	13.81	255.26	2.124	18.408	273.29	-2.8069	35.086	264.89	-67.344	67.178	181.15	-94.368	52.864	187.77	-125.12	22.146
295.93	-0.93544	13.172	256.44	2.2798	17.658	274.46	-2.6348	34.418	266.06	-67.096	66.563	182.3	-94.042	52.32	188.87	-124.83	21.551
297.05	-0.7005	12.477	257.51	2.5372	16.892	275.57	-2.3967	33.818	267.17	-66.779	65.971	183.38	-93.726	51.819	190.17	-125	21.192
297.05	-0.7005	12.477	258.54	2.746	16.077	276.57	-2.1375	33.055	268.15	-66.416	65.422	184.38	-93.388	51.245	190.86	-124.34	20.647
297.05	-0.7005	12.477	259.48	2.9621	15.477	277.52	-1.8299	32.343	269.07	-66.05	64.829	185.32	-93.058	50.688	191.84	-124.09	20.137
299.92	0.070129	10.417	260.34	3.1676	14.737	278.36	-1.5499	31.659	269.87	-65.666	64.194	186.2	-92.742	50.064	192.89	-124.35	19.66
299.92	0.070129	10.417	261.11	3.4036	13.914	279.15	-1.2434	30.879	270.69	-65.244	63.624	187	-92.407	49.461	193.41	-123.67	19.229
299.92	0.070129	10.417	261.87	3.5404	13.017	279.89	-0.94584	30.009	271.35	-64.838	62.928	187.78	-92.047	48.829	194.28	-123.48	18.569
302.22	0.83713	7.9757	262.53	3.8116	11.913	280.52	-0.67434	29.106	272.05	-64.387	62.32	188.45	-91.71	48.177	194.86	-123.28	18.041
302.83	1.0213	6.9963	263.11	3.9906	10.926	281.11	-0.40166	28.157	272.65	-63.958	61.587	189.08	-91.37	47.497	195.88	-123.43	17.672
303.4	1.2356	5.9874	263.67	4.1549	9.9446	281.7	-0.093597	27.148	273.21	-63.592	60.832	189.69	-91.039	46.851	196.11	-122.84	16.927
303.9	1.3839	4.9137	264.13	4.3536	8.8189	282.21	0.16745	26.043	273.77	-63.198	60.002	190.21	-90.747	46.159	196.66	-122.65	16.441
303.9	1.3839	4.9137	264.57	4.5031	7.7004	282.63	0.34304	24.992	274.3	-62.848	59.186	190.7	-90.461	45.437	197.19	-122.43	15.888
303.9	1.3839	4.9137	264.92	4.6413	6.7303	283.02	0.56611	23.852	274.77	-62.522	58.289	191.15	-90.173	44.757	197.81	-122.71	15.331
305.06	1.8043	1.5749	265.26	4.7797	5.5061	283.11	0.45061	22.185	275.19	-62.211	57.381	191.51	-89.94	43.995	197.83	-122.14	14.6
305.06	1.8043	1.5749	265.62	4.7951	4.4611	283.87	0.8055	21.981	275.55	-61.925	56.467	191.87	-89.689	43.261	198.16	-122.05	13.945
305.06	1.8043	1.5749	266	4.8311	4.1089	284.61	1.0399	21.851	275.91	-61.759	55.536	192.14	-89.479	42.458	198.38	-121.93	13.285
306.14	2.1815	-0.85481	266.45	4.9797	3.874	285.02	0.92169	21.843	276.27	-61.876	54.747	192.36	-89.27	41.719	198.88	-122.25	12.624
306.14	2.1815	-0.85481	266.66	5.0128	3.5188	285.3	0.73515	21.779	276.53	-62.036	54.02	192.53	-89.222	40.998	198.81	-121.8	11.793
306.14	2.1815	-0.85481	266.78	5.0262	3.1405	285.5	0.857	21.758	276.81	-62.186	53.401	192.77	-89.312	40.408	199.27	-122.21	11.251
306.83	2.247	-2.4456	266.89	5.0631	2.8343	285.71	0.92099	21.737	277.08	-62.264	52.736	193.04	-89.393	39.861	199.17	-121.89	10.455
306.83	2.247	-2.4456	267.03	5.0171	2.3628	285.89	0.95814	21.749	277.28	-62.308	52.209	193.28	-89.405	39.333	199.26	-121.89	10.058
306.83	2.247	-2.4456	267.16	5.1221	2.3332	286.03	0.96689	21.763	277.43	-62.304	51.744	193.41	-89.412	38.843	199.64	-122.35	9.7163
306.83	2.247	-2.4456	267.26	5.0347	1.9016	286.17	0.94626	21.771	277.55	-62.36	51.43	193.48	-89.424	38.474	199.76	-122.41	9.3163
307.48	2.1726	-3.8922	267.27	4.9479	1.8627	286.29	0.92217	21.785	277.64	-62.429	51.161	193.53	-89.475	38.131	199.55	-122.06	8.9716
307.48	2.1726	-3.8922	267.28	4.8658	1.7511	286.37	0.90555	21.783	277.7	-62.519	50.923	193.62	-89.515	37.817	199.68	-122.15	8.6628
307.48	2.1726	-3.8922	267.34	4.7985	1.6157	286.43	0.88871	21.8	277.74	-62.586	50.74	193.73	-89.571	37.588	199.96	-122.65	8.5234
307.48	2.1726	-3.8922	267.38	4.6952	1.6121	286.48	0.86914	21.798	277.77	-62.632	50.634	193.77	-89.643	37.363	199.71	-122.26	8.2152
307.48	2.1726	-3.8922	267.37	4.7434	1.4613	286.53	0.86056	21.804	277.77	-62.675	50.553	193.78	-89.687	37.177	200.01	-122.75	8.2366
307.48	2.1726	-3.8922	267.4	4.7016	1.4238	286.59	0.84144	21.804	277.78	-62.699	50.499	193.77	-89.714	37.038	200.02	-122.8	8.1103
307.48	2.1726	-3.8922	267.44	4.6057	1.3537	286.62	0.83156	21.809	277.75	-62.72	50.443	193.76	-89.736	36.934	200.02	-122.84	8.0494
307.48	2.1726	-3.8922	267.44	4.5586	1.2944	286.65	0.81061	21.812	277.72	-62.723	50.393	193.74	-89.737	36.848	200.01	-122.85	7.9884
307.48	2.1726	-3.8922	267.46	4.5461	1.1157	286.67	0.79557	21.822	277.68	-62.718	50.371	193.72	-89.725	36.757	199.98	-122.88	7.9342
307.48	2.1726	-3.8922	267.43	4.5189	1.1836	286.69	0.78458	21.827	277.63	-62.695	50.339	193.7	-89.693	36.696	199.95	-122.88	7.8831
307.48	2.1726	-3.8922	267.14	4.2102	0.56012	286.58	0.71902	21.778	277.58	-62.683	50.298	193.66	-89.654	36.599	199.66	-122.5	7.6992
307.48	2.1726	-3.8922	267.15	4.2004	0.52379	286.6	0.72547	21.787	277.53	-62.651	50.254	193.63	-89.622	36.513	199.65	-122.5	7.6707
307.48	2.1726	-3.8922	267.15	4.1656	0.47151	286.63	0.72178	21.788	277.48	-62.624	50.213	193.61	-89.587	36.426	199.63	-122.49	7.6397
307.48	2.1726	-3.8922	267.18	4.1304	0.38038	286.69	0.69422	21.784	277.41	-62.562	50.178	193.59	-89.549	36.361	199.62	-122.5	7.6254
307.48	2.1726	-3.8922	267.22	4.0978	-0.037115	286.72	0.68899	21.77	277.32	-62.422	50.086	193.58	-89.499	36.271	199.6	-122.51	7.6109
307.48	2.1726	-3.8922	267.36	3.9678	-0.46587	286.72	0.692	21.776	277.31	-62.275	49.879	193.54	-89.424	36.192	199.58	-122.51	7.6473
307.48	2.1726	-3.8922	267.41	3.6945	-1.6205	286.72	0.67937	21.765	277.26	-62.093	49.756	193.51	-89.318	36.117	199.52	-122.49	7.7131
307.48	2.1726	-3.8922	267.42	3.5931	-2.2613	286.74	0.69306	21.786	277.17	-61.819	49.519	193.46	-89.159	35.96	199.43	-122.44	7.7474
307.48	2.1726	-3.8922	267.42	3.5358	-2.8574	286.72	0.6964	21.767	277.1	-61.542	49.129	193.38	-88.931	35.71	199.33	-122.45	7.7125
307.48	2.1726	-3.8922	267.45	3.3968	-3.5017	286.72	0.71416	21.771	277.06	-61.38	48.767	193.25	-88.738	35.48	199.15	-122.47	7.5806
307.48	2.1726	-3.8922	267.25	3.0127	-4.5683	286.82	0.80042	21.802	276.99	-61.267	48.355	193.12	-88.698	35.252	199.07	-122.49	7.4846
307.48	2.1726	-3.8922	267.17	2.9006	-5.3638	286.76	0.86637	21.806	276.91	-61.18	47.914	193.04	-88.722	34.998	198.98	-122.53	7.3745
307.48	2.1726	-3.8922	266.93	2.8323	-6.0202	286.71	0.90953	21.802	276.78	-61.062	47.348	193.01	-88.681	34.677	198.9	-122.59	7.2096
307.82	1.5258	-10.043	266.5	2.7769	-6.5314	286.74	0.87977	21.803	276.67	-60.946	46.877	192.89	-88.636	34.406	198.74	-122.64	7.0288
309.56	0.13585	-11.483	265.93	2.8332	-7.0597	286.77	0.84781	21.814	276.49	-60.886	46.376	192.69	-88.676	34.156	198.67	-123.22	6.8733
309.34	-0.44257	-12.488	265.43	2.7644	-7.3326	286.75	0.86496	21.803	276.21	-60.813	46.038	192.42	-88.755	33.942	198.5	-123.31	6.7135
310.31	-0.37157	-11.813	264.82	2.7175	-7.5586	286.74	0.89105	21.808	275.86	-60.783	45.856	192.12	-88.842	33.778	198.05	-122.99	6.5004
310.77	-0.63898	-11.566	264.22	2.692	-7.6489	286.72	0.91205	21.806	275.39	-60.801	45.824	191.79	-88.926	33.662	197.6	-123.18	6.3242
311.24	-1.0219	-11.161	263.63	2.6505	-7.6049	286.72	0.89936	21.812	274.88	-60.903	45.896	191.35	-89.029	33.684	197.29	-123.29	6.4711
311.71	-1.4761	-10.596	262.9	2.6038	-7.232	286.73	0.88633	21.814	274.32	-61.09	46.121	190.82	-89.165	33.763	196.78	-123.42	6.5731
312.28	-2.0082	-9.8153	262.14	2.4417	-6.6007	286.73	0.88465	21.812	273.66	-61.338	46.343	190.22	-89.339	33.966	196.28	-123.63	6.7724
312.88	-2.6519	-8.8412	261.28	2.4269	-6.1786	286.73	0.89487	21.815	273.08	-61.635	46.71	189.57	-89.568	34.244	195.62	-123.88	6.9848
313.51	-3.3746	-7.8814	260.35	2.3221	-5.6019	286.73	0.89584	21.818	272.39	-62.072	47.036	188.89	-89.828	34.597	194.98	-124.03	7.3435
314.17	-4.2228	-6.7518	259.3	2.2136	-4.8461	286.72	0.90232	21.818	271.75	-62.52	47.43	188.14	-90.134	34.992	194.18	-124.31	7.628
314.77	-5.2335	-5.6069	258.19	2.058	-4.0998	286.72	0.90371	21.804	270.93	-63.061	47.818	187.31	-90.504	35.406	193.27	-124.56	7.9052
315.45	-6.3366	-4.3132	257.05	1.8711	-3.4272	286.73	0.91247	21.819	270.11	-63.597	48.247	186.41	-90.896	35.871	192.45	-124.83	8.3359
315.95	-7.5809	-3.0656	255.78	1.6162	-2.7234	286.73	0.91935	21.802	269.18	-64.141	48.753	185.41	-91.261	36.359	191.43	-125.1	8.6657
316.42	-8.7816	-1.5627	254.45	1.4317	-1.9316	286.72	0.91673	21.813	268.12	-64.741	49.26	184.31	-91.625	36.859	190.32	-125.37	9.069
316.61	-10.007	-0.16971	253.01	1.2075	-0.96623	286.73	0.92383	21.809	266.98	-65.363	49.826	183.09	-92.025	37.398	189.32	-126.08	9.634
316.54	-11.244	1.2023	251.54	1.0022	-0.23968	286.73	0.9329	21.799	265.74	-65.988	50.484	181.8	-92.443	38	187.88	-126	9.9352
316.21	-12.445	2.5155	250.03	0.59215	0.90776	286.73	0.93865	21.808	264.41	-66.647	51.185	180.42	-92.902	38.619	186.56	-126.34	10.552
315.66	-13.61	3.8809	248.47	0.34872	1.5958	286.73	0.94224	21.811	262.97	-67.327	51.908	178.94	-93.364	39.293	185.12	-126.74	11.062
314.85	-14.745	5.0818	246.83	0.013658	2.5861	286.72	0.94505	21.806	261.4	-68.05	52.6	177.34	-93.82	39.993	183.74	-127.42	11.669
313.87	-15.811	6.3531	245.15	-0.3908	3.6928	286.73	0.93726	21.804	259.81	-68.825	53.394	175.59	-94.298	40.691	181.84	-127.42	12.207
312.6	-16.876	7.4866	243.43	-0.86975	4.8261	286.73	0.94016	21.808	258.03	-69.639	54.219	173.75	-94.806	41.492	180.13	-127.79	12.857
311.17	-17.855	8.6352	241.63	-1.2699	5.7568	286.73	0.93488	21.804	256.17	-70.473	55.067	171.8	-95.314	42.281	178.23	-128.15	13.56
309.47	-18.836	9.7277	239.77	-1.8312	6.9799	286.73	0.92589	21.799	254.19	-71.354	55.898	169.74	-95.866	43.088	176.19	-128.51	14.104
307.54	-19.681	10.802	237.77	-2.3343	8.2521	286.73	0.92564	21.798	252.08	-72.247	56.764	167.54	-96.434	43.878	174.04	-128.87	14.786
305.37	-20.358	11.806	235.68	-2.7809	9.2232	286.73	0.92771	21.803	249.82	-73.134	57.619	165.23	-96.976	44.716	171.77	-129.38	15.343
303	-21.003	12.787	233.4	-3.149	10.211	286.73	0.91205	21.803	247.48	-73.974	58.427	162.81	-97.59	45.552	169.41	-129.7	15.995
300.41	-21.527	13.709	231.31	-3.2561	11.739	286.73	0.90385	21.8	245.18	-74.529	59.588	160.26	-98.195	46.355	166.95	-130.12	16.552
297.63	-21.989	14.571	228.86	-3.7552	12.884	286.73	0.91359	21.806	242.53	-75.289	60.426	157.6	-98.812	47.159	164.39	-130.46	17.168
294.62	-22.236	15.412	226.11	-4.0584	13.823	286.74	0.9052	21.803	239.76	-75.979	61.174	154.83	-99.414	47.969	161.68	-130.92	17.778
291.35	-22.318	16.097	223.22	-4.2541	14.703	286.73	0.90066	21.796	236.91	-76.556	61.858	151.94	-100.02	48.786	158.96	-131.33	18.351
287.73	-22.209	16.687	220.06	-4.488	15.746	286.73	0.90772	21.811	233.91	-77.067	62.529	148.92	-100.64	49.575	155.99	-131.63	19.04
283.93	-21.894	17.264	216.73	-4.4716	16.575	286.73	0.91072	21.816	230.8	-77.424	63.202	145.81	-101.26	50.314	153.06	-132	19.546
279.72	-21.425	17.603	213.12	-4.5226	17.525	286.73	0.90859	21.814	227.5	-77.698	63.795	142.58	-101.92	51.036	150.02	-132.29	20.11
275.34	-20.717	18.055	209.23	-4.3721	18.322	286.73	0.91318	21.816	224.11	-77.832	64.408	139.26	-102.56	51.759	146.78	-132.73	20.57
270.73	-19.815	18.467	205.26	-4.1557	19.179	286.73	0.9092	21.798	220.55	-77.862	64.935	135.81	-103.18	52.42	143.68	-133.3	21.226
265.79	-18.826	18.646	201.07	-3.9809	19.973	286.73	0.91245	21.803	216.89	-77.77	65.433	132.27	-103.79	53.043	140.15	-133.47	21.639
260.61	-17.661	18.871	196.75	-3.5736	20.654	286.73	0.9241	21.809	213.11	-77.573	65.903	128.61	-104.38	53.662	136.7	-133.81	22.122
255.2	-16.513	18.969	192.23	-3.3267	21.442	286.72	0.93383	21.8	209.19	-77.317	66.318	124.84	-104.94	54.245	133.19	-134.12	22.593
249.65	-15.205	19.106	187.61	-2.9821	21.96	286.73	0.93255	21.812	205.19	-77.029	66.743	120.98	-105.48	54.793	129.62	-134.54	23.017
249.65	-15.205	19.106	182.89	-2.6796	22.737	286.73	0.93608	21.804	201.05	-76.701	67.087	117.04	-106.03	55.32	125.77	-134.64	23.347
237.86	-12.664	19.104	177.99	-2.2826	23.261	286.73	0.93775	21.806	196.84	-76.345	67.41	112.99	-106.58	55.859	121.97	-134.89	23.675
237.86	-12.664	19.104	173.01	-1.8523	23.626	286.73	0.94718	21.809	192.54	-75.979	67.705	108.89	-107.1	56.341	118.18	-135.29	24.113
237.86	-12.664	19.104	167.93	-1.5157	24.097	286.73	0.94184	21.811	188.16	-75.573	68.021	104.7	-107.66	56.825	114.07	-135.4	24.448
218.66	-8.5755	18.987	162.83	-1.1367	24.561	286.73	0.9376	21.806	183.66	-75.133	68.241	100.46	-108.16	57.276	110.11	-135.72	24.752
211.81	-7.2036	18.816	157.65	-0.83419	24.914	286.74	0.93277	21.806	179.11	-74.637	68.455	96.17	-108.69	57.683	106	-136	25.061
199.28	-3.2553	20.772	152.41	-0.52398	25.214	204.84	-5.8123	18.656	174.48	-74.083	68.671	91.821	-109.21	58.06	101.86	-136.24	25.347
192.03	-2.0536	20.404	147.1	-0.17262	25.268	197.71	-4.478	18.372	169.8	-73.487	68.861	87.42	-109.68	58.358	97.664	-136.53	25.554
286.73	0.92388	21.809	141.78	0.091455	25.376	NaN	NaN	NaN	165.01	-72.842	68.956	83.039	-110.16	58.674	93.395	-136.67	25.773
286.73	0.91222	21.804	136.38	0.38967	25.262	NaN	NaN	NaN	159.97	-72.429	68.749	78.58	-110.61	58.962	89.145	-136.95	25.962
286.73	0.91312	21.806	131.03	0.62038	25.256	NaN	NaN	NaN	155.12	-71.766	68.784	74.105	-111.1	59.196	84.904	-137.16	26.104
286.74	0.91578	21.81	125.62	0.85855	24.95	NaN	NaN	NaN	150.24	-71.056	68.807	69.628	-111.5	59.36	80.661	-137.4	26.218
286.74	0.91504	21.809	120.24	1.0902	24.652	NaN	NaN	NaN	145.34	-70.376	68.733	65.143	-111.93	59.516	76.357	-137.64	26.282
286.73	0.91052	21.815	114.86	1.3063	24.362	NaN	NaN	NaN	140.44	-69.735	68.71	60.647	-112.33	59.603	71.981	-137.8	26.359
286.73	0.91249	21.819	109.42	1.4238	24.074	NaN	NaN	NaN	135.48	-69.096	68.588	56.168	-112.73	59.703	67.777	-138.09	26.358
286.73	0.91159	21.816	104.09	1.6672	23.592	NaN	NaN	NaN	130.56	-68.437	68.391	51.697	-113.12	59.713	63.458	-138.24	26.34
286.73	0.91404	21.808	98.692	1.7503	23.182	NaN	NaN	NaN	125.64	-67.859	68.231	47.259	-113.52	59.653	59.227	-138.51	26.292
286.73	0.92163	21.806	93.306	1.885	22.839	NaN	NaN	NaN	120.77	-67.256	67.937	42.86	-113.93	59.617	54.999	-138.73	26.165
286.73	0.92069	21.804	87.958	2.0388	22.308	NaN	NaN	NaN	115.9	-66.726	67.735	38.446	-114.34	59.551	50.736	-138.92	26.011
286.73	0.92528	21.811	82.608	2.0981	21.918	NaN	NaN	NaN	111.1	-66.198	67.388	34.112	-114.7	59.375	46.557	-139.19	25.828
286.73	0.92331	21.807	77.181	2.2499	21.351	NaN	NaN	NaN	106.35	-65.723	67.136	29.798	-115.09	59.222	42.384	-139.44	25.521
286.72	0.93311	21.799	71.687	2.3969	20.954	NaN	NaN	NaN	101.62	-65.308	66.766	25.532	-115.48	58.987	38.298	-139.62	25.238
286.73	0.93442	21.814	66.276	2.5527	20.544	92.298	5.5628	9.6347	96.942	-64.878	66.325	21.332	-115.82	58.732	34.283	-139.84	24.939
286.73	0.936	21.817	60.902	2.6724	20.077	86.773	5.9003	9.1842	92.367	-64.484	65.843	17.191	-116.17	58.464	30.267	-140.1	24.56
286.72	0.93299	21.811	55.634	2.7864	19.569	81.065	6.5241	10.786	87.85	-64.049	65.345	13.123	-116.54	58.146	26.358	-140.32	24.217
286.73	0.93411	21.8	50.44	2.8434	19.126	75.746	6.7044	10.012	83.491	-63.659	64.89	9.1501	-116.85	57.814	22.531	-140.5	23.866
286.73	0.94015	21.808	45.395	2.945	18.538	70.595	6.927	9.4494	79.141	-63.313	64.362	5.2664	-117.18	57.456	18.74	-140.74	23.452
286.74	0.94011	21.811	40.06	2.6866	17.499	65.541	7.1628	8.8864	74.933	-62.926	63.861	1.4779	-117.5	57.046	15.121	-140.92	22.985
286.74	0.93086	21.805	35.264	2.7577	16.911	60.609	7.3165	8.2301	70.778	-62.569	63.289	-2.2355	-117.8	56.629	11.633	-141.1	22.541
286.73	0.92515	21.812	30.595	2.7782	16.413	55.86	7.4975	7.5582	66.71	-62.216	62.75	-5.8255	-118.06	56.232	8.0494	-141.32	22.034
286.73	0.92558	21.813	26.452	3.1205	16.166	51.621	7.3475	4.7633	62.772	-61.872	62.286	-9.3459	-118.32	55.765	4.7382	-141.53	21.54
286.73	0.92538	21.813	22.096	3.1164	15.643	47.172	7.4475	4.1326	58.937	-61.525	61.709	-12.804	-118.56	55.317	1.4957	-141.67	21.134
286.73	0.92407	21.812	17.857	3.1546	15.066	42.66	7.8039	5.7257	55.214	-61.201	61.255	-16.129	-118.79	54.831	-1.6253	-141.88	20.701
286.74	0.91347	21.806	13.754	3.1453	14.28	38.475	7.8342	4.9363	51.63	-60.882	60.725	-19.332	-118.99	54.374	-4.7645	-142.11	20.1
286.73	0.91321	21.806	9.8366	3.0791	13.776	34.567	7.8839	4.3335	48.111	-60.631	60.219	-22.48	-119.21	53.824	-7.6495	-142.24	19.659
286.74	0.91561	21.807	6.1348	3.1355	13.011	30.758	7.8543	3.6031	44.78	-60.356	59.697	-25.494	-119.41	53.282	-10.525	-142.41	19.131
286.74	0.91586	21.81	2.5201	3.1376	12.187	27.193	7.8493	2.8503	41.537	-60.125	59.112	-28.353	-119.6	52.763	-13.194	-142.6	18.636
286.74	0.91545	21.809	-0.90892	3.0763	11.457	23.754	7.8089	2.141	38.448	-59.899	58.566	-31.147	-119.77	52.178	-15.831	-142.76	18
286.73	0.91112	21.801	-4.1396	3.04	10.802	20.461	7.7488	1.3484	35.515	-59.703	57.968	-33.813	-119.95	51.577	-18.33	-142.91	17.455
286.73	0.9113	21.802	-7.1749	3.0556	10.089	17.384	7.712	0.59219	32.674	-59.518	57.373	-36.369	-120.12	50.944	-20.731	-143.06	16.891
286.72	0.9188	21.804	-10.094	3.0372	9.339	14.503	7.7058	-0.13511	30.023	-59.383	56.77	-38.799	-120.26	50.277	-23.022	-143.26	16.227
286.73	0.92146	21.807	-12.832	3.0006	8.5856	11.762	7.6316	-0.8893	27.461	-59.222	56.147	-41.119	-120.39	49.68	-25.213	-143.37	15.513
286.73	0.9232	21.808	-15.428	2.9411	7.8525	9.2176	7.5732	-1.6532	25.027	-59.054	55.515	-43.312	-120.48	48.965	-27.174	-143.47	14.969
286.72	0.93105	21.812	-17.656	3.1717	7.2398	6.8049	7.5292	-2.4443	22.735	-58.892	54.945	-45.81	-120.89	47.349	-29.15	-143.57	14.302
286.72	0.93317	21.799	-20.037	3.0015	6.1491	4.5423	7.4486	-3.27	20.556	-58.725	54.306	-47.556	-120.47	47.923	-30.957	-143.69	13.561
286.72	0.93244	21.813	-22.139	2.997	5.3276	2.4399	7.3882	-4.0347	18.531	-58.554	53.776	-49.41	-120.51	47.296	-32.6	-143.77	13.054
286.72	0.93057	21.807	-24.089	2.914	4.6403	0.57494	7.3983	-4.7583	16.554	-58.36	53.182	-51.177	-120.52	46.604	-34.203	-143.89	12.415
286.72	0.93254	21.812	-25.933	2.9664	3.6429	-1.2147	7.3409	-5.5265	14.741	-58.151	52.667	-52.81	-120.54	45.918	-35.632	-143.93	11.808
286.73	0.93732	21.819	-27.527	2.9749	2.9241	-2.87	7.2752	-6.3235	12.994	-57.984	52.124	-54.341	-120.53	45.272	-36.952	-143.95	11.22
286.73	0.93637	21.804	-29.084	2.9727	2.0432	-4.3637	7.2295	-7.0418	11.356	-57.756	51.651	-55.777	-120.5	44.622	-38.216	-144.01	10.587
286.73	0.92831	21.815	-30.437	3.0099	1.1174	-5.6634	7.2196	-7.7923	9.825	-57.611	51.154	-57.119	-120.47	43.922	-39.333	-144.03	10.02
286.74	0.93074	21.806	-31.694	2.941	0.39171	-6.9076	7.16	-8.5993	8.3502	-57.408	50.649	-58.378	-120.39	43.273	-40.373	-144.01	9.5197
286.73	0.92605	21.812	-32.786	2.9733	-0.56605	-7.9723	7.1522	-9.3333	7.0102	-57.195	50.188	-59.593	-120.31	42.551	-41.422	-143.98	8.918
286.73	0.9276	21.816	-33.817	3.0124	-1.4579	-8.8893	7.0994	-10.072	5.7625	-56.995	49.729	-60.686	-120.24	41.875	-42.199	-144.06	8.4039
286.74	0.92086	21.815	-34.703	2.953	-2.2667	-9.8271	7.0627	-10.864	4.567	-56.849	49.183	-61.734	-120.11	41.156	-43.063	-144.06	7.8398
286.74	0.91729	21.812	-35.578	2.9733	-3.2185	-10.588	7.028	-11.555	3.5325	-56.66	48.72	-62.661	-120.03	40.398	-43.755	-144.08	7.3477
286.74	0.91846	21.814	-36.378	2.9622	-4.1274	-11.318	7.0667	-12.251	2.5343	-56.538	48.147	-63.502	-119.93	39.695	-44.583	-143.89	6.6067
286.74	0.91645	21.811	-37.048	2.9586	-4.9718	-11.968	7.0521	-13.025	1.6619	-56.4	47.581	-64.107	-119.98	38.731	-45.045	-144.03	6.0215
286.74	0.9163	21.808	-37.713	2.9585	-5.8779	-12.514	7.018	-13.694	0.8887	-56.269	47.053	-64.78	-119.91	37.983	-45.623	-144.05	5.4539
286.74	0.91853	21.811	-38.282	2.9474	-6.881	-13.059	7.0247	-14.476	0.15979	-56.093	46.572	-65.37	-119.8	37.339	-46.043	-143.99	4.8462
286.73	0.91427	21.808	-38.74	2.8597	-7.5736	-13.41	6.9532	-15.135	-0.53736	-55.923	46.12	-65.934	-119.73	36.666	-46.394	-143.99	4.302
286.73	0.92196	21.808	-39.025	2.8936	-8.4455	-13.719	6.8734	-15.772	-1.1828	-55.798	45.711	-66.432	-119.6	36.043	-46.696	-144	3.8431
286.72	0.91881	21.817	-39.306	2.7603	-9.321	-13.823	6.8197	-16.382	-1.7885	-55.629	45.403	-66.914	-119.5	35.48	-46.954	-144.02	3.3408
286.72	0.92543	21.813	-39.756	2.44	-10.52	-13.88	6.7066	-16.866	-2.3182	-55.517	45.123	-67.319	-119.39	34.921	-47.209	-143.9	2.9888
286.71	0.92145	21.809	-39.766	2.4114	-11.336	-13.898	6.6017	-17.433	-2.7906	-55.37	44.919	-67.726	-119.27	34.413	-47.329	-143.94	2.7404
286.72	0.9281	21.804	-39.797	2.3411	-12.154	-13.818	6.459	-17.88	-3.2167	-55.298	44.738	-68.043	-119.13	33.935	-47.593	-143.79	2.428
286.72	0.92803	21.804	-39.694	2.2621	-12.556	-13.675	6.3838	-18.166	-3.6074	-55.154	44.582	-68.346	-119.02	33.547	-47.534	-143.94	2.1886
286.72	0.92494	21.799	-39.622	2.3001	-12.815	-13.623	6.3063	-18.365	-3.9185	-55.097	44.497	-68.619	-118.89	33.148	-47.53	-143.93	2.0752
286.72	0.92903	21.805	-39.675	2.3966	-13.055	-13.634	6.3902	-18.424	-4.1054	-55.04	44.455	-68.846	-118.76	32.805	-47.578	-143.9	1.9474
286.72	0.92903	21.805	-39.644	2.4292	-13.095	-13.567	6.3598	-18.455	-4.2942	-55.049	44.447	-69.014	-118.68	32.543	-47.583	-143.89	1.8719
286.72	0.92898	21.792	-39.547	2.4537	-13.077	-13.427	6.3347	-18.428	-4.4181	-55.03	44.528	-69.101	-118.61	32.347	-47.581	-143.87	1.7762
286.72	0.92536	21.801	-39.477	2.4657	-13.107	-13.305	6.2824	-18.401	-4.5273	-55.009	44.634	-69.143	-118.58	32.209	-47.569	-143.84	1.7091
286.72	0.93134	21.81	-39.418	2.4892	-13.139	-13.214	6.2611	-18.389	-4.6367	-54.956	44.674	-69.18	-118.53	32.087	-47.53	-143.8	1.6968
286.73	0.92509	21.811	-39.402	2.5758	-13.284	-13.164	6.2412	-18.399	-4.7131	-54.872	44.706	-69.224	-118.44	31.987	-47.499	-143.77	1.6846
286.73	0.92572	21.798	-39.419	2.6062	-13.354	-13.155	6.2587	-18.386	-4.7741	-54.811	44.724	-69.273	-118.34	31.841	-47.485	-143.74	1.6875
286.74	0.92078	21.801	-39.412	2.6729	-13.36	-13.147	6.2671	-18.392	-4.8261	-54.72	44.726	-69.283	-118.26	31.758	-47.455	-143.71	1.6444
286.74	0.92404	21.807	-39.429	2.699	-13.389	-13.138	6.3004	-18.397	-4.8689	-54.648	44.712	-69.301	-118.23	31.641	-47.389	-143.68	1.5364
286.75	0.91404	21.802	-39.423	2.7396	-13.396	-13.135	6.3456	-18.386	-4.9082	-54.564	44.705	-69.285	-118.17	31.528	-47.332	-143.65	1.4355
286.74	0.92404	21.807	-39.43	2.7789	-13.41	-13.146	6.3837	-18.386	-4.9715	-54.515	44.639	-69.262	-118.13	31.422	-47.282	-143.65	1.3402
286.74	0.92331	21.806	-39.427	2.7772	-13.3	-13.165	6.4263	-18.373	-5.0052	-54.472	44.586	-69.254	-118.09	31.27	-47.244	-143.64	1.2169
286.75	0.9265	21.798	-39.449	2.8069	-13.301	-13.188	6.468	-18.346	-5.0432	-54.434	44.515	-69.235	-118.05	31.096	-47.204	-143.65	1.1382
286.74	0.92888	21.804	-39.489	2.8252	-13.316	-13.223	6.5137	-18.338	-5.0707	-54.4	44.417	-69.206	-118.05	30.931	-47.139	-143.66	1.0253
286.73	0.92733	21.8	-39.521	2.8212	-13.324	-13.268	6.5514	-18.327	-5.1002	-54.395	44.307	-69.144	-118.05	30.771	-47.027	-143.72	0.90626
286.74	0.92898	21.803	-39.564	2.8239	-13.347	-13.304	6.5829	-18.298	-5.1253	-54.401	44.206	-69.068	-118.1	30.608	-46.903	-143.74	0.71747
286.73	0.94105	21.809	-39.61	2.7961	-13.374	-13.342	6.5979	-18.279	-5.1438	-54.43	44.096	-68.987	-118.16	30.441	-46.809	-143.78	0.50635
286.73	0.93762	21.805	-39.634	2.7653	-13.388	-13.384	6.6054	-18.227	-5.129	-54.491	43.973	-68.915	-118.24	30.296	-46.755	-143.86	0.33128
286.72	0.94323	21.801	-39.656	2.7346	-13.414	-13.377	6.5597	-18.148	-5.095	-54.556	43.897	-68.832	-118.3	30.121	-46.737	-143.94	0.15321
286.72	0.94228	21.8	-39.665	2.6818	-13.419	-13.388	6.5352	-18.135	-5.0383	-54.67	43.82	-68.769	-118.39	30.018	-46.703	-144	0.033211
286.72	0.94266	21.803	-39.653	2.6295	-13.41	-13.375	6.5082	-18.108	-4.9908	-54.797	43.647	-68.711	-118.49	29.941	-46.675	-144.08	-0.083567
286.72	0.95348	21.807	-39.663	2.5884	-13.419	-13.369	6.4635	-18.07	-4.9032	-54.875	43.568	-68.657	-118.56	29.874	-46.664	-144.14	-0.17227
286.71	0.94928	21.801	-39.656	2.5464	-13.422	-13.365	6.427	-18.041	-4.8147	-54.95	43.491	-68.601	-118.64	29.832	-46.658	-144.17	-0.33813
286.72	0.92964	21.793	-39.668	2.4911	-13.428	-13.379	6.3855	-18.026	-4.7236	-55.039	43.38	-68.533	-118.72	29.796	-46.702	-144.17	-0.41348
286.72	0.92626	21.801	-39.69	2.4331	-13.456	-13.384	6.3348	-17.996	-4.661	-55.139	43.288	-68.484	-118.79	29.783	-46.714	-144.23	-0.47617
286.72	0.92743	21.802	-39.734	2.3743	-13.464	-13.397	6.2918	-17.968	-4.5902	-55.206	43.221	-68.429	-118.83	29.777	-46.667	-144.38	-0.53063
286.72	0.91756	21.801	-39.75	2.3308	-13.468	-13.408	6.2494	-17.953	-4.5257	-55.253	43.174	-68.394	-118.87	29.76	-46.688	-144.41	-0.58653
286.72	0.91759	21.801	-39.776	2.2741	-13.487	-13.421	6.2205	-17.929	-4.4802	-55.285	43.122	-68.362	-118.9	29.76	-46.708	-144.45	-0.66056
286.73	0.90856	21.798	-39.787	2.2518	-13.488	-13.435	6.179	-17.914	-4.4588	-55.311	43.092	-68.367	-118.91	29.739	-46.719	-144.45	-0.66863
286.73	0.90073	21.797	-39.81	2.224	-13.505	-13.438	6.1523	-17.883	-4.4481	-55.326	43.048	-68.358	-118.92	29.723	-46.746	-144.44	-0.74983
286.73	0.89645	21.805	-39.832	2.2235	-13.516	-13.445	6.1292	-17.856	-4.4365	-55.33	43.024	-68.361	-118.92	29.706	-46.849	-144.34	-0.75536
286.73	0.8989	21.796	-39.847	2.2143	-13.529	-13.458	6.1046	-17.842	-4.4308	-55.339	43.02	-68.376	-118.91	29.674	-46.862	-144.35	-0.77201
286.73	0.89783	21.809	-39.845	2.2305	-13.523	-13.454	6.0782	-17.824	-4.4416	-55.341	42.975	-68.38	-118.9	29.651	-46.879	-144.36	-0.79988
286.74	0.90361	21.802	-39.886	2.2231	-13.563	-13.464	6.0539	-17.812	-4.4576	-55.336	42.967	-68.393	-118.89	29.633	-46.881	-144.36	-0.8173
286.73	0.90653	21.809	-39.902	2.2289	-13.569	-13.467	6.0479	-17.787	-4.4689	-55.329	42.949	-68.408	-118.86	29.606	-46.89	-144.36	-0.83391
286.73	0.90708	21.798	-39.917	2.248	-13.581	-13.471	6.0307	-17.784	-4.4806	-55.32	42.946	-68.417	-118.85	29.58	-46.9	-144.34	-0.84367
286.73	0.91107	21.801	-39.934	2.2536	-13.59	-13.474	6.012	-17.768	-4.4897	-55.311	42.931	-68.427	-118.84	29.561	-46.909	-144.34	-0.86264
286.72	0.9173	21.801	-39.942	2.2784	-13.593	-13.506	6.0046	-17.786	-4.4948	-55.296	42.909	-68.438	-118.81	29.528	-46.927	-144.32	-0.87904
286.72	0.92555	21.801	-39.945	2.2923	-13.604	-13.51	5.9874	-17.783	-4.486	-55.289	42.914	-68.43	-118.8	29.506	-46.934	-144.3	-0.9058
286.71	0.93352	21.802	-39.947	2.3192	-13.605	-13.511	5.9873	-17.782	-4.4787	-55.279	42.882	-68.424	-118.78	29.489	-46.932	-144.29	-0.92549
286.71	0.93649	21.807	-39.946	2.335	-13.608	-13.505	5.9913	-17.776	-4.4747	-55.273	42.859	-68.414	-118.77	29.469	-46.943	-144.27	-0.94158
286.71	0.94785	21.799	-39.951	2.3461	-13.607	-13.502	5.9904	-17.776	-4.4523	-55.255	42.811	-68.393	-118.75	29.436	-46.941	-144.25	-0.96231
286.71	0.9567	21.802	-39.949	2.3612	-13.597	-13.497	5.9959	-17.784	-4.4358	-55.253	42.792	-68.373	-118.73	29.41	-46.943	-144.24	-0.98375
