135.96	-2.1739	20.275	-36.814	-1.3833	-13.348	-10.146	-1.2471	-18.172	-12.016	-63.716	41.689	-87.158	-116.9	27.329	-69.682	-144.78	-2.7882
135.96	-2.1765	20.285	-36.821	-1.3876	-13.353	-10.153	-1.2628	-18.187	-12.007	-63.711	41.697	-87.158	-116.92	27.335	-69.679	-144.78	-2.8112
135.96	-2.1789	20.283	-36.819	-1.3867	-13.352	-10.155	-1.2614	-18.2	-12.017	-63.716	41.689	-87.162	-116.91	27.326	-69.679	-144.78	-2.7958
135.95	-2.1734	20.282	-36.813	-1.3842	-13.346	-10.141	-1.2557	-18.175	-12.007	-63.712	41.696	-87.158	-116.92	27.335	-69.683	-144.78	-2.7882
135.96	-2.1766	20.285	-36.82	-1.3853	-13.366	-10.144	-1.2586	-18.177	-12.019	-63.719	41.685	-87.172	-116.92	27.364	-69.687	-144.79	-2.7914
135.96	-2.1777	20.284	-36.837	-1.3975	-13.368	-10.153	-1.2628	-18.187	-12.008	-63.712	41.696	-87.166	-116.91	27.336	-69.681	-144.78	-2.7971
135.95	-2.1825	20.277	-36.823	-1.4024	-13.363	-10.156	-1.2657	-18.189	-12.006	-63.711	41.697	-87.171	-116.92	27.376	-69.664	-144.79	-2.7959
135.96	-2.1775	20.283	-36.83	-1.3932	-13.362	-10.153	-1.2628	-18.187	-12.024	-63.723	41.682	-87.16	-116.92	27.335	-69.684	-144.78	-2.7902
135.96	-2.1754	20.287	-36.821	-1.3888	-13.353	-10.155	-1.2629	-18.186	-12.007	-63.712	41.696	-87.169	-116.91	27.332	-69.688	-144.79	-2.8063
135.95	-2.1788	20.282	-36.822	-1.3897	-13.355	-10.156	-1.2657	-18.189	-12.01	-63.715	41.695	-87.173	-116.91	27.33	-69.697	-144.78	-2.7925
135.95	-2.1807	20.278	-36.836	-1.3848	-13.36	-10.156	-1.2657	-18.189	-12.015	-63.717	41.703	-87.183	-116.91	27.377	-69.689	-144.77	-2.7861
135.95	-2.1731	20.281	-36.831	-1.3933	-13.362	-10.151	-1.2616	-18.183	-12.035	-63.718	41.692	-87.187	-116.91	27.338	-69.69	-144.77	-2.787
135.95	-2.1674	20.289	-36.831	-1.3933	-13.362	-10.156	-1.2529	-18.181	-12.033	-63.704	41.701	-87.184	-116.9	27.331	-69.706	-144.77	-2.8071
135.95	-2.1684	20.274	-36.856	-1.3548	-13.508	-10.161	-1.257	-18.187	-12.042	-63.71	41.706	-87.205	-116.9	27.32	-69.698	-144.76	-2.7965
135.96	-2.1739	20.275	-36.843	-1.3874	-13.366	-10.161	-1.2546	-18.171	-12.044	-63.707	41.694	-87.2	-116.9	27.324	-69.705	-144.75	-2.785
135.95	-2.1783	20.281	-36.846	-1.3896	-13.369	-10.165	-1.2587	-18.178	-12.054	-63.704	41.704	-87.21	-116.9	27.333	-69.706	-144.76	-2.7868
135.96	-2.1639	20.28	-36.875	-1.3513	-13.518	-10.169	-1.2616	-18.18	-12.057	-63.704	41.702	-87.219	-116.9	27.313	-69.704	-144.76	-2.7697
135.95	-2.1688	20.287	-36.843	-1.3874	-13.366	-10.153	-1.2516	-18.166	-12.061	-63.708	41.696	-87.222	-116.89	27.365	-69.708	-144.76	-2.7857
135.95	-2.1707	20.282	-36.866	-1.3492	-13.497	-10.162	-1.2458	-18.165	-12.058	-63.705	41.716	-87.224	-116.89	27.328	-69.721	-144.76	-2.7795
135.96	-2.164	20.28	-36.873	-1.3395	-13.509	-10.169	-1.2488	-18.171	-12.067	-63.714	41.706	-87.227	-116.89	27.325	-69.723	-144.75	-2.7808
135.95	-2.166	20.277	-36.85	-1.3917	-13.371	-10.165	-1.2575	-18.173	-12.067	-63.713	41.707	-87.233	-116.89	27.309	-69.708	-144.77	-2.7794
135.95	-2.1715	20.282	-36.848	-1.4054	-13.364	-10.169	-1.2631	-18.166	-12.065	-63.712	41.707	-87.221	-116.9	27.324	-69.709	-144.77	-2.78
135.95	-2.1697	20.285	-36.85	-1.3951	-13.359	-10.172	-1.2644	-18.182	-12.06	-63.72	41.693	-87.226	-116.91	27.321	-69.71	-144.77	-2.7935
135.96	-2.174	20.275	-36.853	-1.4074	-13.382	-10.169	-1.2631	-18.166	-12.057	-63.72	41.694	-87.222	-116.9	27.323	-69.712	-144.77	-2.7961
135.96	-2.1774	20.284	-36.859	-1.4001	-13.38	-10.173	-1.266	-18.168	-12.059	-63.719	41.693	-87.212	-116.91	27.313	-69.699	-144.77	-2.7863
135.96	-2.1762	20.274	-36.86	-1.4124	-13.374	-10.169	-1.2631	-18.166	-12.057	-63.72	41.693	-87.203	-116.92	27.327	-69.706	-144.78	-2.8121
135.96	-2.1739	20.275	-36.854	-1.4108	-13.37	-10.178	-1.27	-18.175	-12.056	-63.733	41.688	-87.211	-116.91	27.324	-69.695	-144.78	-2.7907
135.95	-2.1789	20.282	-36.863	-1.4153	-13.378	-10.172	-1.2659	-18.169	-12.052	-63.729	41.692	-87.21	-116.92	27.32	-69.69	-144.79	-2.7882
135.95	-2.1768	20.272	-36.855	-1.4118	-13.371	-10.178	-1.27	-18.175	-12.056	-63.732	41.688	-87.212	-116.92	27.308	-69.705	-144.79	-2.7879
135.96	-2.1775	20.284	-36.865	-1.4163	-13.379	-10.165	-1.2629	-18.162	-12.056	-63.721	41.707	-87.207	-116.92	27.312	-69.698	-144.78	-2.7803
135.95	-2.1796	20.281	-36.859	-1.4247	-13.381	-10.172	-1.2659	-18.169	-12.06	-63.724	41.705	-87.219	-116.92	27.308	-69.688	-144.8	-2.7985
135.95	-2.1821	20.28	-36.864	-1.4154	-13.378	-10.173	-1.266	-18.168	-12.055	-63.733	41.702	-87.219	-116.92	27.319	-69.691	-144.79	-2.7939
135.95	-2.183	20.277	-36.873	-1.4209	-13.386	-10.172	-1.262	-18.166	-12.067	-63.727	41.699	-87.216	-116.92	27.322	-69.695	-144.78	-2.7775
135.95	-2.1734	20.282	-36.881	-1.4109	-13.387	-10.18	-1.2689	-18.174	-12.071	-63.718	41.702	-87.22	-116.91	27.294	-69.69	-144.79	-2.7934
135.96	-2.1763	20.285	-36.88	-1.4222	-13.392	-10.18	-1.2689	-18.174	-12.079	-63.723	41.708	-87.222	-116.91	27.306	-69.688	-144.78	-2.789
135.95	-2.1709	20.283	-36.885	-1.4129	-13.389	-10.173	-1.266	-18.168	-12.074	-63.718	41.712	-87.223	-116.92	27.352	-69.69	-144.79	-2.7909
135.95	-2.1675	20.288	-36.887	-1.416	-13.392	-10.18	-1.2705	-18.161	-12.083	-63.711	41.699	-87.221	-116.92	27.353	-69.688	-144.79	-2.7913
135.95	-2.1698	20.285	-36.885	-1.4129	-13.389	-10.185	-1.2603	-18.172	-12.076	-63.706	41.704	-87.218	-116.91	27.308	-69.687	-144.77	-2.7957
135.95	-2.1698	20.288	-36.892	-1.4163	-13.396	-10.184	-1.2602	-18.173	-12.075	-63.718	41.701	-87.212	-116.91	27.313	-69.682	-144.78	-2.7853
135.95	-2.169	20.271	-36.883	-1.412	-13.387	-10.178	-1.2588	-18.153	-12.074	-63.717	41.7	-87.205	-116.9	27.306	-69.68	-144.79	-2.7904
135.95	-2.1707	20.282	-36.876	-1.4202	-13.39	-10.175	-1.2544	-18.164	-12.068	-63.712	41.704	-87.208	-116.91	27.351	-69.684	-144.79	-2.803
135.95	-2.1696	20.285	-36.882	-1.4119	-13.388	-10.173	-1.266	-18.168	-12.066	-63.712	41.708	-87.207	-116.91	27.352	-69.661	-144.8	-2.7859
135.95	-2.1731	20.28	-36.882	-1.4119	-13.388	-10.18	-1.2561	-18.166	-12.062	-63.71	41.71	-87.208	-116.91	27.351	-69.68	-144.78	-2.7843
135.96	-2.164	20.28	-36.882	-1.4119	-13.388	-10.17	-1.2631	-18.166	-12.052	-63.718	41.711	-87.2	-116.91	27.302	-69.675	-144.79	-2.7895
135.95	-2.1709	20.283	-36.87	-1.4178	-13.384	-10.164	-1.259	-18.16	-12.054	-63.704	41.704	-87.203	-116.91	27.341	-69.674	-144.79	-2.7915
135.95	-2.169	20.271	-36.888	-1.4152	-13.392	-10.167	-1.2618	-18.163	-12.053	-63.705	41.717	-87.199	-116.9	27.297	-69.671	-144.79	-2.7996
135.95	-2.1675	20.288	-36.872	-1.4091	-13.379	-10.17	-1.2631	-18.166	-12.04	-63.707	41.71	-87.191	-116.91	27.31	-69.657	-144.8	-2.7838
135.96	-2.1775	20.283	-36.874	-1.4084	-13.381	-10.172	-1.2659	-18.169	-12.052	-63.716	41.699	-87.188	-116.9	27.301	-69.659	-144.8	-2.7861
135.96	-2.1774	20.284	-36.889	-1.4162	-13.393	-10.173	-1.2659	-18.168	-12.055	-63.705	41.703	-87.192	-116.9	27.314	-69.656	-144.8	-2.7944
135.95	-2.172	20.282	-36.883	-1.4106	-13.401	-10.165	-1.2629	-18.162	-12.046	-63.711	41.717	-87.19	-116.91	27.311	-69.669	-144.79	-2.7966
135.95	-2.1693	20.272	-36.881	-1.4118	-13.388	-10.177	-1.2661	-18.172	-12.049	-63.701	41.721	-87.195	-116.89	27.3	-69.667	-144.79	-2.7839
135.96	-2.1777	20.284	-36.868	-1.4059	-13.375	-10.167	-1.2618	-18.163	-12.056	-63.706	41.715	-87.195	-116.9	27.311	-69.662	-144.8	-2.7906
135.95	-2.1697	20.285	-36.901	-1.3691	-13.529	-10.172	-1.2659	-18.169	-12.064	-63.711	41.708	-87.199	-116.9	27.296	-69.66	-144.8	-2.7969
135.96	-2.1766	20.284	-36.893	-1.4164	-13.396	-10.173	-1.2675	-18.155	-12.057	-63.705	41.714	-87.2	-116.9	27.309	-69.668	-144.79	-2.7817
135.95	-2.1674	20.29	-36.892	-1.4164	-13.396	-10.185	-1.2618	-18.159	-12.061	-63.695	41.719	-87.202	-116.9	27.305	-69.668	-144.79	-2.7977
135.95	-2.1797	20.281	-36.882	-1.4136	-13.388	-10.185	-1.2618	-18.159	-12.073	-63.703	41.708	-87.205	-116.9	27.292	-69.662	-144.8	-2.7856
135.95	-2.1697	20.284	-36.883	-1.412	-13.387	-10.185	-1.2618	-18.159	-12.074	-63.69	41.714	-87.206	-116.9	27.303	-69.679	-144.78	-2.7864
135.94	-2.173	20.279	-36.897	-1.407	-13.393	-10.18	-1.2561	-18.166	-12.081	-63.707	41.717	-87.212	-116.89	27.305	-69.668	-144.79	-2.7816
135.95	-2.1698	20.285	-36.899	-1.4092	-13.396	-10.173	-1.2675	-18.155	-12.085	-63.698	41.719	-87.217	-116.89	27.288	-69.674	-144.78	-2.7847
135.95	-2.1731	20.28	-36.896	-1.4209	-13.387	-10.179	-1.2704	-18.162	-12.078	-63.707	41.716	-87.223	-116.91	27.332	-69.662	-144.8	-2.7987
135.95	-2.1697	20.284	-36.904	-1.4133	-13.4	-10.193	-1.2648	-18.165	-12.097	-63.706	41.707	-87.216	-116.89	27.303	-69.674	-144.79	-2.7855
135.95	-2.1705	20.283	-36.922	-1.3667	-13.539	-10.185	-1.2618	-18.159	-12.093	-63.702	41.713	-87.218	-116.9	27.301	-69.679	-144.78	-2.7865
135.95	-2.1714	20.281	-36.923	-1.3697	-13.539	-10.185	-1.2618	-18.159	-12.088	-63.702	41.716	-87.218	-116.9	27.301	-69.668	-144.79	-2.785
135.95	-2.172	20.284	-36.903	-1.4124	-13.399	-10.181	-1.2577	-18.153	-12.076	-63.704	41.735	-87.221	-116.9	27.299	-69.68	-144.78	-2.7842
135.95	-2.172	20.282	-36.902	-1.4112	-13.399	-10.185	-1.2618	-18.159	-12.091	-63.702	41.714	-87.219	-116.9	27.299	-69.67	-144.79	-2.7852
135.95	-2.1697	20.284	-36.9	-1.4101	-13.395	-10.185	-1.2618	-18.159	-12.084	-63.711	41.713	-87.224	-116.9	27.296	-69.673	-144.79	-2.7852
135.95	-2.1686	20.287	-36.898	-1.4217	-13.402	-10.185	-1.2618	-18.159	-12.08	-63.71	41.715	-87.215	-116.9	27.304	-69.683	-144.78	-2.7878
135.95	-2.1716	20.28	-36.898	-1.4231	-13.388	-10.185	-1.2633	-18.146	-12.082	-63.724	41.707	-87.213	-116.91	27.299	-69.684	-144.79	-2.7908
135.94	-2.1751	20.278	-36.898	-1.4217	-13.402	-10.185	-1.2618	-18.159	-12.07	-63.732	41.709	-87.208	-116.91	27.328	-69.693	-144.79	-2.7941
135.95	-2.1743	20.281	-36.903	-1.4259	-13.406	-10.185	-1.2618	-18.159	-12.057	-63.753	41.719	-87.203	-116.92	27.326	-69.672	-144.79	-2.7878
135.95	-2.1682	20.273	-36.892	-1.4366	-13.376	-10.18	-1.2577	-18.153	-12.048	-63.795	41.704	-87.184	-116.94	27.353	-69.678	-144.8	-2.7914
135.94	-2.1728	20.278	-36.882	-1.4465	-13.373	-10.192	-1.2648	-18.165	-12.048	-63.853	41.689	-87.158	-116.97	27.381	-69.669	-144.82	-2.7972
135.95	-2.1717	20.271	-36.872	-1.4717	-13.352	-10.194	-1.2532	-18.161	-12.03	-63.931	41.714	-87.139	-117.03	27.395	-69.639	-144.86	-2.8015
135.95	-2.1743	20.281	-36.877	-1.5229	-13.336	-10.191	-1.2345	-18.178	-12.014	-64.02	41.705	-87.095	-117.09	27.442	-69.613	-144.87	-2.7881
135.95	-2.1721	20.284	-36.859	-1.5692	-13.274	-10.197	-1.1617	-18.201	-11.999	-64.169	41.723	-87.012	-117.18	27.515	-69.607	-144.86	-2.8108
135.96	-2.1775	20.283	-36.843	-1.6351	-13.191	-10.234	-1.075	-18.252	-11.973	-64.334	41.769	-86.91	-117.32	27.576	-69.513	-144.88	-2.7866
135.94	-2.1736	20.267	-36.795	-1.7372	-12.92	-10.258	-0.92589	-18.26	-11.915	-64.534	41.912	-86.802	-117.48	27.71	-69.543	-144.77	-2.7846
135.94	-2.1751	20.276	-36.772	-1.8047	-12.648	-10.297	-0.70075	-18.041	-11.814	-64.78	42.095	-86.648	-117.61	27.695	-69.405	-144.92	-2.7607
135.95	-2.1708	20.283	-36.745	-1.9368	-11.952	-10.301	-0.44257	-17.623	-11.635	-65.144	42.308	-86.448	-117.79	27.781	-69.061	-145.3	-2.7443
135.95	-2.1721	20.284	-36.646	-2.0066	-10.985	-10.31	-0.13008	-16.901	-11.394	-65.632	42.53	-86.182	-118.04	27.907	-68.946	-145.38	-2.8106
135.95	-2.1675	20.289	-36.45	-2.0712	-9.7971	-10.192	0.087955	-15.973	-11.028	-66.292	42.889	-85.867	-118.34	28.005	-68.804	-145.46	-2.8844
135.95	-2.1676	20.288	-36.092	-2.2158	-8.3031	-9.8459	0.20251	-14.668	-10.545	-67.163	43.327	-85.459	-118.78	28.184	-68.461	-145.78	-3.0962
135.96	-2.1757	20.29	-35.582	-2.41	-6.7669	-9.389	0.14313	-13.182	-9.9602	-68.166	43.8	-84.961	-119.27	28.411	-68.367	-145.73	-3.2607
135.96	-2.1748	20.289	-34.761	-2.6842	-4.8531	-8.5504	0.005045	-11.451	-9.2472	-69.368	44.35	-84.427	-119.79	28.635	-67.879	-146.22	-3.3413
135.97	-2.1703	20.297	-33.41	-2.7678	-2.4992	-7.5023	-0.29946	-9.6411	-8.4763	-70.726	44.934	-83.81	-120.32	28.872	-67.749	-146.22	-3.5172
135.97	-2.1725	20.293	-32.093	-3.2483	-0.65718	-6.1408	-0.74464	-7.7777	-7.572	-72.208	45.611	-83.16	-120.87	29.117	-67.184	-146.85	-3.5243
135.97	-2.1799	20.292	-30.512	-3.9418	1.2772	-4.4747	-1.3731	-5.8911	-6.5882	-73.782	46.257	-82.581	-121.33	29.745	-66.957	-146.93	-3.5993
135.97	-2.1795	20.293	-28.883	-4.7251	2.8943	-2.5897	-2.1484	-4.0573	-5.4513	-75.468	46.892	-81.783	-121.96	30.065	-66.488	-147.29	-3.6481
135.98	-2.1774	20.298	-27.151	-5.5686	4.4472	-0.39204	-2.9651	-2.2595	-4.1952	-77.161	47.46	-80.85	-122.64	30.429	-65.856	-147.89	-3.7374
135.97	-2.1798	20.295	-25.346	-6.4342	5.9787	2.036	-3.8939	-0.63744	-2.8307	-78.871	47.996	-79.823	-123.36	30.842	-65.195	-148.21	-3.8289
135.97	-2.1798	20.296	-23.63	-7.3191	7.3845	4.9213	-4.8817	0.88494	-1.3095	-80.536	48.43	-78.678	-124.1	31.241	-64.514	-148.56	-3.7584
135.98	-2.1865	20.297	-21.898	-8.17	8.7186	8.5365	-5.9586	2.2836	0.27698	-82.108	48.972	-77.461	-124.76	31.686	-63.473	-149.27	-3.3709
135.97	-2.1934	20.3	-20.107	-8.9723	9.6881	13.095	-7.1036	3.6283	1.8742	-83.58	49.483	-76.214	-125.35	32.211	-62.272	-149.81	-3.03
135.97	-2.1957	20.299	-18.269	-9.8914	10.568	17.949	-8.394	5.0198	3.5956	-85.005	50.079	-74.779	-125.97	32.721	-61.079	-150.43	-2.4322
135.96	-2.1909	20.294	-16.334	-10.836	11.254	23.201	-9.5816	6.744	5.7425	-86.106	51.079	-73.173	-126.75	33.289	-59.707	-151.24	-2.0892
135.96	-2.1919	20.292	-14.267	-11.86	12.051	27.952	-11.361	7.8424	7.656	-87.528	51.652	-71.449	-127.5	33.826	-58.226	-152.07	-1.6908
135.96	-2.193	20.291	-12.025	-12.931	12.741	32.744	-13.177	9.0908	9.6821	-88.997	52.231	-69.59	-128.2	34.417	-56.631	-152.84	-1.2251
135.95	-2.1949	20.286	-9.6374	-14.037	13.472	37.586	-15.094	10.334	11.83	-90.501	52.775	-67.704	-128.86	34.981	-54.913	-153.59	-0.73462
135.95	-2.1989	20.296	-7.0591	-15.135	14.291	42.387	-17.113	11.666	14.134	-92.089	53.36	-65.695	-129.57	35.588	-53.125	-154.28	-0.26163
135.95	-2.1989	20.296	-4.3191	-16.233	15.221	47.139	-19.204	12.985	16.464	-93.71	53.911	-63.553	-130.34	36.229	-51.277	-154.98	0.20582
135.95	-2.1848	20.292	-1.4876	-17.265	16.02	51.422	-21.563	13.92	18.916	-95.353	54.504	-61.289	-131.12	36.902	-49.322	-155.65	0.60456
135.95	-2.1885	20.287	1.4723	-18.457	17.148	56.545	-23.658	15.498	21.427	-97.017	55.001	-58.936	-131.86	37.56	-47.04	-156.63	1.1662
135.96	-2.1786	20.3	4.4925	-19.464	18.036	61.25	-25.86	16.76	24.091	-98.593	55.429	-56.517	-132.48	38.273	-44.935	-157.18	1.8957
135.96	-2.1852	20.3	7.6028	-20.578	18.991	65.385	-28.224	17.415	26.839	-100.13	55.871	-54.111	-133	39.059	-42.902	-157.49	2.6282
135.97	-2.1834	20.304	10.734	-21.578	19.754	70.342	-30.155	18.827	29.644	-101.57	56.303	-51.64	-133.54	39.781	-40.701	-157.93	3.4667
135.97	-2.1823	20.29	13.972	-22.617	20.523	74.74	-32.155	19.624	32.525	-102.89	56.679	-49.016	-134.08	40.593	-38.444	-158.46	4.2316
135.96	-2.1744	20.29	17.222	-23.548	21.071	79.029	-34.027	20.293	35.504	-104.12	57.002	-46.296	-134.57	41.327	-35.981	-158.93	5.0216
135.96	-2.1772	20.29	20.512	-24.481	21.615	83.269	-35.841	20.793	38.568	-105.24	57.287	-43.316	-135.03	41.632	-33.534	-159.3	5.6251
135.96	-2.1868	20.284	23.84	-25.248	22.041	87.437	-37.473	21.183	41.674	-106.23	57.526	-40.453	-135.37	42.423	-30.955	-159.58	6.5509
135.97	-2.1845	20.287	27.138	-25.989	22.436	91.565	-38.978	21.408	44.837	-107.12	57.707	-37.552	-135.63	43.102	-28.324	-159.82	7.1711
135.97	-2.1809	20.293	30.398	-26.531	22.651	95.657	-40.391	21.55	48.027	-107.87	57.867	-34.619	-135.84	43.725	-25.793	-160.16	7.7745
135.96	-2.1895	20.294	33.625	-27.049	22.92	99.794	-41.677	21.584	51.253	-108.48	57.882	-31.574	-135.98	44.352	-23.012	-160.31	8.5912
135.96	-2.1893	20.292	36.756	-27.417	23.015	103.56	-42.953	21.222	54.482	-108.99	57.948	-28.459	-136.09	44.935	-20.062	-160.4	9.2016
135.96	-2.1897	20.294	39.845	-27.715	23.149	108.12	-43.886	21.477	57.767	-109.32	57.881	-25.314	-136.16	45.489	-17.279	-160.51	9.7035
135.95	-2.1925	20.288	42.889	-27.878	23.062	112.36	-44.874	21.332	61.061	-109.53	57.75	-22.114	-136.15	45.963	-14.405	-160.62	10.273
135.95	-2.196	20.285	45.816	-27.884	22.796	116.59	-45.695	21.13	64.349	-109.61	57.586	-18.89	-136.07	46.398	-11.398	-160.61	10.813
135.94	-2.1895	20.299	48.762	-27.933	22.496	120.78	-46.401	20.848	67.659	-109.57	57.389	-15.65	-135.94	46.793	-8.4565	-160.36	11.473
135.94	-2.1931	20.294	51.568	-27.813	22.025	124.85	-47.08	20.394	70.977	-109.37	57.076	-12.43	-135.76	47.166	-5.2152	-160.57	11.859
135.94	-2.1936	20.291	54.339	-27.639	21.622	128.77	-47.686	19.765	74.231	-109.07	56.756	-9.2183	-135.54	47.448	-2.3053	-160.26	12.181
135.94	-2.1936	20.291	56.987	-27.32	20.967	132.72	-48.018	19.215	77.458	-108.64	56.345	-6.0263	-135.22	47.739	0.60448	-160.06	12.531
135.94	-2.1891	20.287	59.567	-26.973	20.446	136.41	-48.201	18.56	80.653	-108.1	55.972	-2.9111	-134.83	47.932	3.5625	-159.76	12.944
135.94	-2.1864	20.287	62.067	-26.484	19.754	139.97	-48.317	17.815	83.706	-107.44	55.558	0.17875	-134.37	48.092	6.5844	-159.7	13.217
135.95	-2.1845	20.29	64.464	-25.907	18.996	143.38	-48.109	17.239	86.713	-106.66	55.163	3.1622	-133.87	48.156	9.3468	-159.1	13.419
135.95	-2.1797	20.283	66.705	-25.304	18.29	146.6	-47.648	16.686	89.582	-105.76	54.795	6.0971	-133.29	48.199	12.192	-158.73	13.501
135.95	-2.1922	20.289	68.867	-24.576	17.418	149.54	-47.032	16.118	92.311	-104.74	54.459	8.9448	-132.64	48.181	15.01	-158.3	13.615
135.96	-2.1757	20.29	70.912	-23.865	16.516	152.32	-46.251	15.632	94.95	-103.61	54.154	11.688	-131.92	48.116	17.762	-158	13.725
135.96	-2.1846	20.288	72.918	-23.04	15.476	154.8	-45.255	15.04	97.471	-102.33	53.85	14.786	-130.85	48.312	20.839	-157.49	14.073
135.97	-2.1845	20.287	74.819	-22.21	14.334	157.14	-44.072	14.553	99.858	-100.98	53.544	17.318	-129.99	48.148	23.122	-156.55	13.981
135.96	-2.1868	20.284	76.654	-21.299	13.202	159.3	-42.717	14.057	102.17	-99.558	53.294	19.723	-129.08	47.962	25.661	-155.92	13.901
135.97	-2.1804	20.292	78.406	-20.368	12.13	161.3	-41.27	13.461	104.39	-98.122	53	22.062	-128.12	47.769	28.22	-155.36	14.123
135.98	-2.1775	20.297	80.077	-19.408	11.02	163.07	-39.752	12.765	106.55	-96.613	52.707	23.865	-127.43	47.248	29.981	-154.78	13.718
135.98	-2.1787	20.297	81.713	-18.517	10.091	164.78	-38.128	12.066	108.59	-95.085	52.338	26.02	-126.44	46.998	32.366	-154.16	13.796
135.97	-2.1808	20.295	83.304	-17.499	8.9971	166.28	-36.435	11.256	110.6	-93.601	52.062	28.123	-125.41	46.758	34.466	-153.17	13.715
135.97	-2.1818	20.292	84.86	-16.502	8.1264	167.67	-34.821	10.397	112.58	-92.1	51.659	30.141	-124.39	46.506	36.568	-152.39	13.635
135.97	-2.1927	20.289	86.395	-15.51	7.2704	168.87	-33.101	9.4171	114.5	-90.684	51.363	32.061	-123.36	46.263	38.61	-151.54	13.532
135.96	-2.1886	20.296	87.946	-14.5	6.4	169.98	-31.411	8.4597	116.39	-89.277	50.992	33.973	-122.32	46.02	40.631	-150.73	13.48
135.96	-2.1907	20.295	89.489	-13.512	5.6937	171.02	-29.752	7.4755	118.18	-87.939	50.613	35.813	-121.31	45.798	42.633	-150.05	13.432
135.96	-2.1897	20.294	90.984	-12.558	5.1311	171.87	-28.156	6.367	119.97	-86.641	50.271	37.617	-120.3	45.545	44.247	-148.81	13.188
135.95	-2.1816	20.294	92.472	-11.599	4.5814	172.64	-26.542	5.3694	121.79	-85.385	49.9	39.361	-119.32	45.336	46	-147.89	12.88
135.95	-2.1924	20.288	93.952	-10.602	4.0052	173.33	-24.919	4.3333	123.46	-84.209	49.529	41.058	-118.38	45.186	47.68	-146.92	12.909
135.95	-2.1845	20.29	95.409	-9.6612	3.7608	173.94	-23.266	3.4207	125.16	-82.997	49.197	42.709	-117.45	44.973	49.336	-146.13	12.724
135.94	-2.1887	20.285	96.787	-8.66	3.4235	174.41	-21.611	2.5453	126.76	-81.874	48.879	44.335	-116.54	44.809	50.952	-145.26	12.541
135.94	-2.1887	20.285	98.135	-7.6811	3.0876	174.71	-19.836	1.7088	128.36	-80.733	48.614	45.887	-115.66	44.681	52.442	-144.39	12.379
135.94	-2.1909	20.282	99.524	-6.6722	2.8632	174.71	-18.077	0.7883	129.85	-79.594	48.355	47.41	-114.78	44.482	53.95	-143.3	12.076
135.95	-2.1868	20.289	100.84	-5.7656	2.5411	174.5	-16.252	-0.11219	131.28	-78.42	48.163	48.839	-113.92	44.37	55.361	-142.47	11.983
135.95	-2.1868	20.289	102.14	-4.8652	2.2592	135.94	-2.1877	20.283	132.68	-77.232	48.03	50.242	-113.05	44.205	56.806	-141.58	11.758
173.41	-12.457	-1.8103	103.43	-4.0292	1.9998	135.95	-2.1845	20.29	133.97	-76.008	47.974	51.571	-112.21	44.092	58.21	-140.75	11.724
173.41	-12.457	-1.8103	104.65	-3.2542	1.6084	135.95	-2.1826	20.293	135.16	-74.78	47.89	52.852	-111.35	43.932	59.578	-140.1	11.742
173.41	-12.457	-1.8103	105.84	-2.4257	1.1389	135.96	-2.1776	20.286	136.31	-73.523	47.874	54.065	-110.49	43.77	60.877	-139.17	11.458
173.41	-12.457	-1.8103	107.06	-1.6466	0.84406	135.95	-2.1793	20.297	137.38	-72.257	47.869	55.224	-109.66	43.642	62.139	-138.4	11.458
173.41	-12.457	-1.8103	108.26	-0.90757	0.33098	135.96	-2.1778	20.286	138.41	-71.032	47.896	56.324	-108.82	43.46	63.4	-137.74	11.629
173.41	-12.457	-1.8103	109.49	-0.23109	-0.10328	135.97	-2.1825	20.29	139.38	-69.788	47.908	57.361	-108	43.287	64.685	-137.13	11.498
173.41	-12.457	-1.8103	110.68	0.41138	-0.58368	135.97	-2.1836	20.286	140.33	-68.629	47.953	58.352	-107.17	43.139	65.822	-136.44	11.401
173.41	-12.457	-1.8103	111.94	1.0113	-1.1019	135.96	-2.1871	20.297	141.23	-67.517	47.935	59.298	-106.39	42.978	66.989	-135.81	11.423
173.41	-12.457	-1.8103	113.14	1.5522	-1.7578	135.96	-2.187	20.284	142.15	-66.435	47.877	60.249	-105.63	42.78	67.997	-135.06	11.139
173.41	-12.457	-1.8103	114.5	2.067	-2.1615	135.96	-2.1868	20.284	143.12	-65.456	47.897	61.223	-104.9	42.632	69.16	-134.57	11.303
173.41	-12.457	-1.8103	115.95	2.574	-2.686	135.89	-2.1981	20.326	144.07	-64.585	47.849	62.191	-104.27	42.47	70.17	-133.88	11.242
173.41	-12.457	-1.8103	117.31	3.0401	-3.2321	135.89	-2.1996	20.323	145.07	-63.777	47.778	63.182	-103.67	42.35	71.297	-133.32	11.003
173.41	-12.457	-1.8103	118.41	3.3911	-3.5922	136.04	-2.0967	20.322	145.81	-63.3	47.276	64.21	-103.14	42.247	72.519	-132.93	11.156
173.41	-12.457	-1.8103	119.34	3.9484	-3.7143	136.94	-1.5742	20.312	146.83	-62.636	47.253	65.262	-102.66	42.181	73.496	-132.32	10.87
173.41	-12.457	-1.8103	120.21	4.618	-3.5728	138.07	-0.97119	20.408	147.84	-62.066	47.234	66.339	-102.27	42.143	74.541	-131.98	10.929
173.41	-12.457	-1.8103	121.22	5.1763	-3.5589	138.96	-0.38799	20.355	148.88	-61.536	47.224	67.5	-101.97	42.205	75.787	-131.68	10.956
173.41	-12.457	-1.8103	122.28	5.5662	-3.6019	139.93	0.10533	20.419	150	-61.01	47.305	68.651	-101.7	42.288	76.99	-131.39	11.077
173.41	-12.457	-1.8103	123.49	5.9202	-3.6441	140.96	0.38658	20.406	151.12	-60.539	47.467	69.811	-101.41	42.335	78.134	-130.92	11.028
173.41	-12.457	-1.8103	124.72	6.2819	-3.5702	142.13	0.64823	20.367	152.29	-60.115	47.722	70.99	-101.07	42.445	79.304	-130.61	11.074
173.41	-12.457	-1.8103	125.97	6.6265	-3.5781	143.47	0.96893	20.369	153.45	-59.687	48.014	72.213	-100.72	42.545	80.658	-130.31	11.263
167.14	7.1946	-10.654	127.35	6.8281	-3.2054	144.97	1.3172	20.606	154.72	-59.362	48.281	73.501	-100.47	42.68	81.974	-130.21	11.481
168.43	7.296	-10.623	128.78	7.0871	-3.028	146.41	1.5705	20.835	156.08	-59.035	48.673	74.896	-100.27	42.878	83.488	-129.99	11.714
169.99	7.5693	-10.073	130.37	7.3599	-2.6909	148.01	1.8717	21.28	157.49	-58.783	49.124	76.349	-100.06	43.023	84.921	-129.81	11.798
170.95	7.4091	-10.312	132.09	7.5892	-2.3154	149.57	2.0235	21.696	159	-58.607	49.541	77.834	-99.853	43.19	86.385	-129.46	11.953
172.84	7.6052	-9.6159	133.96	7.7663	-2.1002	151.37	2.1936	22.264	160.6	-58.509	50.086	79.423	-99.648	43.438	88.058	-129.39	12.358
175.5	8.0363	-8.2446	135.38	7.3668	-2.2538	152.69	1.8012	22.105	162.33	-58.514	50.626	81.077	-99.515	43.713	89.706	-129.34	12.566
177.58	8.0778	-7.4745	138.11	7.9813	-0.84905	155.26	2.23	23.509	164.12	-58.573	51.19	82.837	-99.397	44.046	91.491	-129.08	12.87
179.81	8.0946	-6.7014	140.42	8.0782	-0.21378	157.5	2.2185	24.286	166.06	-58.655	51.837	84.719	-99.294	44.349	93.315	-129	13.191
181.57	7.7542	-6.4853	142.73	8.0442	0.57644	159.86	2.1693	25.075	168.1	-58.814	52.482	86.664	-99.197	44.707	95.262	-128.85	13.458
184.68	8.0316	-4.9368	145.28	8.0806	1.6366	162.25	2.0108	25.852	170.25	-59.076	53.126	88.695	-99.091	45.133	97.033	-128.58	13.861
187.3	7.9849	-3.9862	147.92	8.1173	2.4022	164.84	1.8809	26.793	172.49	-59.296	53.775	90.81	-99.029	45.56	99.163	-128.59	14.211
190.01	7.8178	-3.0846	150.67	8.143	3.2176	167.51	1.6749	27.68	174.9	-59.631	54.578	92.997	-98.949	46.047	101.27	-128.34	14.498
192.22	7.2581	-2.7803	153.49	7.9503	4.4101	170.34	1.4591	28.64	177.34	-59.934	55.28	95.276	-98.866	46.571	103.5	-128.41	15.061
195.84	7.4152	-1.0385	156.47	7.8837	5.2132	173.27	1.1972	29.577	179.84	-60.299	56.021	97.615	-98.787	47.089	105.67	-128.32	15.525
198.9	7.1456	-0.022808	159.54	7.8649	6.1728	176.25	0.87832	30.501	182.44	-60.694	56.849	100.03	-98.672	47.605	108.02	-128.14	16.096
201.33	6.4345	0.16244	162.66	7.6535	7.2635	179.33	0.61634	31.51	185.12	-61.061	57.682	102.49	-98.55	48.155	110.4	-127.99	16.624
204.58	6.143	1.2051	165.76	7.4641	8.0155	182.43	0.32258	32.493	187.81	-61.397	58.535	104.99	-98.416	48.694	112.82	-127.88	17.112
208.51	6.2031	2.9526	168.99	7.2628	8.9163	185.57	0.075888	33.446	190.5	-61.759	59.373	107.54	-98.234	49.224	115.31	-127.75	17.709
211.83	5.8589	3.9224	172.28	7.0535	9.824	188.75	-0.16306	34.379	193.27	-62.047	60.237	110.14	-98.049	49.746	117.82	-127.66	18.262
215.21	5.5966	5.001	175.52	6.8148	10.551	191.92	-0.42885	35.162	196.06	-62.312	61.1	112.78	-97.846	50.261	120.34	-127.48	18.74
217.98	4.8621	5.1076	178.81	6.4715	11.156	195.15	-0.6614	35.984	198.82	-62.557	61.895	115.45	-97.624	50.779	122.94	-127.28	19.224
221.38	4.5249	5.9187	181.75	5.8667	11.055	198.41	-0.88105	36.745	201.65	-62.762	62.712	118.13	-97.374	51.294	125.56	-127.11	19.805
224.76	4.1007	6.5918	185.13	5.6847	11.496	201.64	-1.1288	37.334	204.5	-62.935	63.498	120.83	-97.102	51.759	128.18	-127	20.391
228.89	4.1833	8.0955	188.5	5.4997	12.149	204.9	-1.3196	37.989	207.34	-63.123	64.161	123.55	-96.849	52.24	130.81	-126.68	21.087
231.69	3.4489	7.9872	191.9	5.2326	12.742	208.12	-1.6076	38.498	210.23	-63.308	64.809	126.29	-96.571	52.695	133.54	-126.58	21.536
234.95	3.0821	8.5119	195.26	5.0712	13.139	211.38	-1.7947	39.13	213.14	-63.507	65.433	129.03	-96.315	53.138	136.18	-126.4	21.927
238.58	2.9354	9.4257	198.59	4.9174	13.614	214.59	-2.0589	39.652	216.02	-63.787	65.921	131.8	-96.096	53.577	138.73	-126.14	22.318
242.44	2.9193	10.663	201.91	4.7038	14.37	217.88	-2.2599	40.325	218.95	-64.056	66.436	134.54	-95.847	53.955	141.28	-125.82	22.63
245.75	2.6852	11.329	205.17	4.5523	15.033	221.06	-2.5724	40.863	221.86	-64.338	66.87	137.27	-95.618	54.344	143.85	-125.66	22.968
248.47	2.1093	11.251	208.4	4.4406	15.496	224.29	-2.7428	41.452	224.68	-64.648	67.231	139.97	-95.386	54.638	146.33	-125.41	23.388
251.67	1.8272	11.78	211.57	4.3554	15.923	227.45	-3.0039	41.962	227.5	-64.897	67.595	142.62	-95.163	54.932	148.76	-125.02	23.478
255.32	1.905	12.79	214.71	4.2868	16.343	230.6	-3.1701	42.47	230.23	-65.152	67.852	145.24	-94.885	55.143	151.21	-124.87	23.754
258.45	1.705	13.184	217.81	4.1546	16.736	233.61	-3.3578	42.764	232.94	-65.307	68.123	147.8	-94.6	55.305	153.65	-124.6	23.734
260.95	1.2071	12.867	220.76	4.1127	16.986	236.54	-3.5067	42.984	235.55	-65.458	68.335	150.29	-94.252	55.422	155.99	-124.2	23.833
264.39	1.2785	13.566	223.7	4.0464	16.951	239.41	-3.5802	43.137	238.04	-65.485	68.452	152.72	-93.88	55.472	158.28	-123.98	23.919
266.73	0.83327	13.014	226.5	3.97	17.029	242.17	-3.6253	43.142	240.5	-65.458	68.54	155.08	-93.47	55.447	160.48	-123.69	24.043
270.04	0.97027	13.55	229.25	3.9239	16.744	244.85	-3.6353	43.019	242.82	-65.407	68.498	157.37	-93.047	55.356	162.68	-123.33	24.074
272.19	0.58181	12.756	231.9	3.8171	16.586	247.4	-3.6639	42.724	245.13	-65.264	68.416	159.58	-92.585	55.254	164.91	-122.96	24.024
274.72	0.43793	12.403	234.43	3.8796	16.064	249.86	-3.6395	42.363	247.35	-65.111	68.261	161.72	-92.11	55.067	166.83	-122.66	23.98
277.72	0.63782	12.592	236.89	3.8665	15.587	252.26	-3.5543	41.921	249.52	-64.912	68.025	163.8	-91.635	54.858	168.83	-122.4	23.742
280.09	0.63561	12.098	239.19	3.9396	15.009	254.6	-3.4484	41.449	251.61	-64.712	67.685	165.83	-91.183	54.619	170.71	-122.07	23.615
282.29	0.58505	11.504	241.43	3.8882	14.553	256.8	-3.3774	40.878	253.65	-64.512	67.264	167.79	-90.725	54.264	172.55	-121.69	23.398
283.92	0.32688	10.346	243.53	4.0085	13.962	258.91	-3.2696	40.207	255.63	-64.318	66.802	169.69	-90.294	53.941	174.4	-121.32	23.123
286	0.35947	9.6613	245.54	4.1579	13.219	260.99	-3.1445	39.651	257.55	-64.127	66.268	171.53	-89.864	53.526	176.1	-120.96	22.899
287.92	0.39658	8.9719	247.47	4.1916	12.771	262.92	-3.0809	38.942	259.4	-63.976	65.698	173.27	-89.454	53.081	177.64	-120.66	22.386
289.78	0.42405	8.2849	249.33	4.2712	12.004	264.85	-2.9258	38.312	261.16	-63.79	65.094	174.95	-89.062	52.644	179.56	-120.77	22.048
292.1	0.7255	8.2176	251.1	4.3623	11.326	266.66	-2.8393	37.617	262.85	-63.633	64.498	176.54	-88.649	52.143	180.65	-119.97	21.411
293.8	0.72905	7.4793	252.81	4.4403	10.523	268.38	-2.7583	36.934	264.38	-63.489	63.805	178.03	-88.265	51.594	182.08	-119.54	21.029
294.84	0.45713	6.0735	254.41	4.5713	9.8499	270	-2.6285	36.21	265.88	-63.318	63.174	179.43	-87.835	51.03	183.37	-119.17	20.418
296.41	0.53005	5.3053	255.91	4.621	9.0224	271.48	-2.5393	35.446	267.22	-63.122	62.51	180.73	-87.424	50.454	184.56	-118.88	19.965
298.33	0.87374	5.1358	257.3	4.728	8.3288	272.88	-2.3858	34.663	268.49	-62.866	61.825	181.93	-87.018	49.85	185.68	-118.58	19.39
299.65	0.9145	4.3226	258.58	4.941	7.3076	274.14	-2.207	33.78	269.64	-62.599	61.122	183.05	-86.563	49.241	186.71	-118.24	18.811
300.89	1.0552	3.5041	259.79	5.02	6.391	275.27	-2.0018	32.865	270.71	-62.274	60.422	184.09	-86.144	48.568	187.71	-117.85	18.232
301.97	1.1824	2.5724	260.9	5.1752	5.46	276.35	-1.7357	31.97	271.7	-61.929	59.683	185.06	-85.713	47.939	188.69	-117.54	17.736
302.48	1.137	1.0503	261.9	5.2591	4.4902	277.3	-1.4834	31.002	272.62	-61.584	58.904	185.97	-85.29	47.253	189.42	-117.22	17.052
303.38	1.4025	0.1162	262.78	5.4982	3.5272	278.18	-1.1988	30.054	273.52	-61.141	58.14	186.82	-84.855	46.532	190.31	-116.94	16.491
304.24	1.6654	-0.86146	263.57	5.7303	2.6083	279.04	-0.86525	29.104	274.36	-60.734	57.309	187.64	-84.458	45.869	191.07	-116.58	15.909
305.5	2.2487	-1.2441	264.31	5.9906	1.6144	279.8	-0.51562	28.128	275.16	-60.304	56.457	188.42	-84.073	45.116	191.79	-116.3	15.217
306.19	2.5679	-2.2714	264.97	6.3248	0.55383	280.54	-0.14235	27.137	275.88	-59.861	55.587	189.14	-83.689	44.375	192.45	-116.03	14.545
306.31	2.6062	-3.9651	265.59	6.539	-0.33372	281.19	0.18408	26.097	276.59	-59.403	54.706	189.85	-83.28	43.635	193.13	-115.67	13.93
306.96	2.9826	-4.996	266.2	6.759	-1.5344	281.81	0.55431	25.034	277.25	-58.954	53.802	190.51	-82.909	42.836	193.74	-115.39	13.163
307.96	3.5493	-5.5675	266.69	7.094	-2.5868	282.4	0.91895	23.96	277.84	-58.512	52.849	191.1	-82.511	42.085	194.37	-115.09	12.574
308.49	3.8345	-6.6539	267.16	7.3745	-3.6823	282.92	1.2693	22.838	278.39	-58.052	51.889	191.65	-82.1	41.274	194.88	-114.82	11.91
308.97	4.1497	-7.7828	267.53	7.5381	-4.6848	283.59	1.3418	22.097	278.88	-57.573	50.969	192.12	-81.721	40.49	195.31	-114.6	11.172
309.07	4.1357	-9.3277	268.01	7.8717	-5.046	285.29	1.4386	21.785	279.36	-57.234	50.052	192.58	-81.303	39.692	195.71	-114.26	10.423
310.26	4.5701	-9.6359	268.47	8.1965	-5.2979	286.7	1.9924	21.87	279.87	-57.039	49.226	192.94	-80.951	38.908	196.12	-114	9.7695
310.63	4.8811	-10.162	268.79	8.5408	-5.6903	286.84	2.3091	21.808	280.32	-56.995	48.483	193.31	-80.69	38.239	196.51	-113.75	9.1294
310.3	4.7496	-11.529	269.01	8.8406	-5.9856	287.13	2.5947	21.808	280.69	-57	47.797	193.65	-80.584	37.616	196.8	-113.53	8.4641
310.68	4.8574	-11.915	269.3	9.1095	-6.1542	287.42	2.8311	21.757	281.03	-57.007	47.232	194.04	-80.484	37.107	197.06	-113.37	7.8106
311.1	4.8666	-12.224	269.53	9.2723	-6.2015	287.71	3.052	21.763	281.28	-56.968	46.801	194.36	-80.343	36.644	197.28	-113.19	7.3106
311.99	5.1237	-11.825	269.78	9.4044	-6.5224	287.88	3.1847	21.772	281.45	-56.911	46.583	194.54	-80.192	36.324	197.46	-113.04	7.0176
311.53	4.711	-12.774	269.96	9.4788	-6.5323	288.06	3.2697	21.765	281.54	-56.831	46.548	194.6	-79.97	36.097	197.54	-112.88	6.778
311.75	4.7361	-12.704	270.17	9.548	-6.6433	288.2	3.326	21.746	281.59	-56.727	46.61	194.6	-79.735	35.986	197.58	-112.72	6.7264
312.61	5.1498	-11.723	270.29	9.6486	-6.7606	288.33	3.3943	21.71	281.6	-56.634	46.705	194.6	-79.559	35.932	197.63	-112.63	6.7858
312.74	5.1843	-11.618	270.39	9.6719	-6.7611	288.43	3.4163	21.712	281.6	-56.524	46.824	194.62	-79.448	35.943	197.65	-112.53	6.8132
312.81	5.2126	-11.548	270.45	9.6508	-6.6539	288.49	3.436	21.727	281.59	-56.424	46.894	194.65	-79.356	35.969	197.64	-112.45	6.8936
312.84	5.3304	-11.4	270.46	9.7762	-6.7129	288.51	3.4564	21.728	281.57	-56.324	47.001	194.63	-79.243	35.995	197.62	-112.36	6.9712
312.86	5.3429	-11.364	270.45	9.8097	-6.6974	288.54	3.4889	21.753	281.51	-56.259	47.089	194.54	-79.126	36.038	197.58	-112.27	7.0414
313.83	6.1877	-9.9948	270.44	9.8373	-6.6747	288.54	3.4903	21.755	281.41	-56.208	47.15	194.43	-78.999	36.096	197.49	-112.2	7.1591
313.88	6.1424	-9.9487	270.4	9.8423	-6.6861	288.53	3.4829	21.744	281.3	-56.167	47.254	194.31	-78.873	36.138	197.3	-112.09	7.2292
313.94	6.0731	-9.9197	270.35	9.8256	-6.6884	288.52	3.4767	21.734	281.17	-56.172	47.287	194.18	-78.771	36.161	197.07	-112.04	7.2982
314.05	5.9753	-9.8755	270.26	9.8007	-6.7386	288.52	3.4772	21.748	281.02	-56.199	47.322	194.03	-78.684	36.188	197.26	-112.58	7.6056
313.22	4.9166	-11.188	270.11	9.689	-6.7569	288.51	3.476	21.735	280.85	-56.223	47.373	193.86	-78.601	36.206	196.78	-111.99	7.5032
313.43	4.7062	-11.109	269.89	9.6667	-6.8395	288.49	3.4767	21.727	280.62	-56.287	47.336	193.65	-78.521	36.221	196.54	-111.95	7.5224
314.72	5.308	-9.6383	269.59	9.6067	-6.8511	288.49	3.4799	21.732	280.33	-56.352	47.338	193.4	-78.462	36.218	196.16	-111.96	7.5384
314.19	4.0568	-10.837	269.26	9.4914	-7.0123	288.49	3.4785	21.744	280.06	-56.37	47.413	193.12	-78.416	36.216	195.91	-111.96	7.697
315.62	4.2618	-9.5556	268.72	9.3239	-7.5423	288.71	3.4176	21.784	279.67	-56.405	47.454	192.76	-78.4	36.271	195.69	-112.03	7.821
316	2.9009	-10.296	268.08	9.2025	-8.2563	289	3.236	21.825	279.23	-56.355	47.461	192.42	-78.397	36.303	195.32	-112.2	7.9462
317.5	2.0297	-10.023	267.3	9.1535	-8.3851	289.22	2.9942	21.779	278.78	-56.245	47.332	192.03	-78.391	36.31	194.9	-112.29	8.0823
318.89	1.0108	-9.9393	266.56	9.4939	-8.096	289.46	2.8536	21.815	278.45	-56.094	47.185	191.58	-78.367	36.345	194.54	-112.38	8.3733
320.04	0.22895	-9.6314	265.5	9.5452	-8.2494	289.54	2.6671	21.82	278.06	-56.089	46.925	191.1	-78.399	36.463	194.06	-112.53	8.5279
321.15	-0.51766	-9.0244	264.49	9.6333	-8.1852	289.61	2.509	21.812	277.64	-56.144	46.825	190.58	-78.5	36.574	193.59	-112.68	8.7079
322.31	-1.4574	-8.2404	263.53	9.741	-8.1486	289.69	2.413	21.827	277.14	-56.297	46.67	190.09	-78.68	36.718	192.93	-112.88	8.8215
323.43	-2.4737	-7.4448	262.51	9.8083	-7.9164	289.74	2.3276	21.826	276.64	-56.454	46.693	189.57	-78.923	36.895	192.45	-113.05	9.0488
324.43	-3.667	-6.4521	261.44	9.8758	-7.6248	289.76	2.2883	21.825	276.02	-56.706	46.697	188.99	-79.172	37.102	191.75	-113.31	9.1842
325.33	-4.8284	-5.3113	260.3	9.8436	-7.1941	289.76	2.2788	21.824	275.3	-56.973	46.876	188.3	-79.389	37.354	191.12	-113.51	9.5189
326.13	-5.9875	-4.0168	259.13	9.8307	-6.9156	289.75	2.2822	21.821	274.56	-57.263	47.135	187.5	-79.641	37.651	190.37	-113.79	9.7925
326.79	-7.2228	-2.5979	257.84	9.8421	-6.3838	289.75	2.2752	21.825	273.72	-57.61	47.48	186.63	-79.927	38.026	189.47	-114.08	10.102
327.21	-8.4664	-1.2399	256.57	9.7609	-5.6953	289.77	2.2813	21.815	272.78	-58.048	47.835	185.73	-80.243	38.441	188.66	-114.36	10.509
327.53	-9.6361	0.18067	255.29	9.7112	-5.0247	289.76	2.2786	21.824	271.83	-58.487	48.212	184.78	-80.64	38.855	187.75	-114.73	10.973
327.62	-10.824	1.6165	253.93	9.5016	-3.9382	289.77	2.2788	21.826	270.81	-58.989	48.725	183.79	-81.083	39.386	186.79	-115.05	11.395
327.54	-12.017	2.9621	252.47	9.443	-3.0846	289.77	2.272	21.823	269.76	-59.504	49.215	182.74	-81.526	39.918	185.76	-115.43	11.863
327.28	-13.183	4.3192	250.95	9.302	-2.0062	289.77	2.2747	21.815	268.6	-60.049	49.757	181.57	-82.022	40.49	184.56	-115.82	12.297
326.8	-14.313	5.6073	249.45	9.0542	-0.90162	289.77	2.2814	21.815	267.32	-60.621	50.349	180.32	-82.528	41.167	183.33	-116.25	12.708
326.09	-15.385	6.8983	247.82	8.9323	-0.005595	289.76	2.2792	21.81	265.94	-61.207	51.082	178.95	-83.051	41.836	181.98	-116.68	13.279
325.18	-16.347	8.1813	246.15	8.6076	1.2594	289.76	2.2802	21.812	264.46	-61.794	51.847	177.47	-83.581	42.521	180.61	-117.09	13.938
324.05	-17.193	9.5738	244.7	8.69	2.9561	289.75	2.2827	21.819	262.99	-62.161	53.105	175.87	-84.101	43.284	179.17	-117.44	14.682
322.71	-17.966	10.902	242.86	8.569	4.2038	289.75	2.2825	21.819	261.21	-62.774	54.015	174.14	-84.669	44.106	177.5	-117.94	15.27
321.13	-18.627	12.36	240.89	8.3524	5.6198	289.75	2.2839	21.821	259.31	-63.365	55.014	172.27	-85.247	44.901	175.7	-118.39	15.929
319.3	-19.237	13.742	238.71	8.0341	7.2587	289.75	2.29	21.82	257.25	-63.958	56.123	170.3	-85.834	45.807	173.9	-118.8	16.682
317.28	-19.626	15.268	236.46	7.8718	8.6869	289.75	2.2901	21.82	255.08	-64.494	57.306	168.17	-86.431	46.707	171.99	-119.15	17.392
315	-19.94	16.756	234.02	7.7039	10.273	289.74	2.2878	21.816	252.69	-65.035	58.388	165.89	-87.042	47.596	169.85	-119.56	18.186
312.52	-20.115	18.193	231.55	7.4633	11.785	289.74	2.2903	21.819	250.19	-65.524	59.66	163.48	-87.6	48.529	167.55	-119.98	18.802
309.75	-20.172	19.628	228.92	7.2304	13.356	289.75	2.2911	21.82	247.56	-65.939	60.888	160.91	-88.181	49.458	165.23	-120.36	19.668
306.8	-20.096	21.055	226.16	7.1328	14.83	289.75	2.2841	21.82	244.72	-66.386	62.103	158.17	-88.743	50.366	162.73	-120.79	20.376
303.64	-19.921	22.431	223.3	7.029	16.454	289.75	2.2843	21.82	241.7	-66.791	63.375	155.32	-89.279	51.276	160.17	-121.05	21.116
300.22	-19.635	23.746	220.18	7.0013	17.925	289.75	2.2908	21.821	238.58	-67.118	64.59	152.32	-89.816	52.189	157.37	-121.42	21.971
296.63	-19.205	25.017	217.01	6.8991	19.412	289.75	2.2825	21.819	235.35	-67.365	65.79	149.16	-90.385	53.054	154.54	-121.8	22.615
292.82	-18.683	26.28	213.62	6.9026	20.849	289.75	2.2828	21.819	231.96	-67.589	66.893	145.88	-90.923	53.931	151.52	-122.11	23.41
288.84	-18.077	27.359	210.04	6.9677	22.258	289.48	1.9588	21.297	228.44	-67.752	67.979	142.49	-91.462	54.821	148.5	-122.4	24.123
284.62	-17.389	28.363	206.26	7.0607	23.691	289.48	1.9586	21.296	224.78	-67.883	69.031	138.95	-92.046	55.654	145.16	-122.78	24.857
284.62	-17.389	28.363	202.39	7.1603	25.301	289.76	2.2766	21.835	221.05	-67.972	70.065	135.31	-92.603	56.46	141.93	-123.09	25.595
275.66	-15.755	30.096	198.33	7.2871	26.678	289.76	2.2765	21.821	217.18	-68.014	71.034	131.59	-93.195	57.28	138.47	-123.46	26.18
270.89	-14.769	30.907	194.08	7.5124	27.797	289.76	2.2842	21.825	213.24	-68.028	71.917	127.76	-93.796	58.108	134.93	-123.77	26.783
265.88	-13.684	31.624	189.72	7.5916	29.068	289.76	2.2777	21.822	209.19	-68.044	72.739	123.85	-94.412	58.857	131.3	-124.12	27.407
260.67	-12.576	32.235	185.2	7.7418	30.168	289.77	2.2796	21.825	205.04	-68.03	73.575	119.83	-95.036	59.577	127.64	-124.59	28.005
255.19	-11.45	32.675	180.67	7.8288	31.201	289.76	2.2726	21.829	200.76	-68.018	74.344	115.74	-95.678	60.292	123.61	-124.7	28.428
249.64	-10.235	33.196	176.06	7.9045	32.153	289.75	2.2803	21.818	196.35	-68.015	75.057	111.56	-96.312	60.951	119.64	-124.99	28.931
243.88	-9.0237	33.609	171.34	7.9842	33.073	289.75	2.2827	21.819	191.93	-67.96	75.732	107.28	-96.946	61.539	115.8	-125.54	29.484
237.88	-7.8826	33.817	166.65	8.1353	33.783	289.75	2.2829	21.82	187.38	-67.919	76.307	102.94	-97.563	62.09	111.53	-125.65	29.802
231.78	-6.5794	34.044	161.82	8.1303	34.547	289.75	2.2805	21.818	182.76	-67.902	76.86	98.514	-98.167	62.568	107.34	-125.99	30.093
225.43	-5.3575	34.061	157.05	8.249	35	220.85	-1.238	34.973	178.08	-67.845	77.381	94.02	-98.783	63.035	103.1	-126.24	30.424
218.94	-4.0906	34.06	152.18	8.2848	35.432	214.23	-0.076074	35.1	173.34	-67.727	77.714	89.485	-99.342	63.344	98.811	-126.58	30.644
212.33	-2.8001	33.907	147.2	8.2662	35.8	207.46	1.0787	35.196	168.6	-67.55	78.144	84.91	-99.926	63.763	94.462	-126.95	30.841
205.5	-1.4928	33.645	142.14	8.3923	35.901	200.48	2.0065	35.523	163.78	-67.352	78.389	80.337	-100.46	63.915	90.2	-127.39	31.09
198.64	-0.19064	33.413	137.07	8.4075	36.081	193.5	3.2445	35.301	158.91	-67.092	78.603	75.733	-101.06	64.202	85.722	-127.55	31.197
191.6	1.1043	33.068	131.9	8.439	36.101	186.38	4.3831	34.989	154.02	-66.808	78.779	71.144	-101.62	64.391	81.423	-128.11	31.276
289.75	2.2832	21.818	126.68	8.4738	35.975	NaN	NaN	NaN	149.15	-66.471	78.912	66.549	-102.2	64.496	76.931	-128.32	31.374
289.75	2.2809	21.815	121.43	8.4448	35.892	NaN	NaN	NaN	144.26	-66.119	78.98	61.948	-102.79	64.647	72.669	-128.8	31.424
289.75	2.2807	21.815	116.24	8.4392	35.766	NaN	NaN	NaN	139.35	-65.787	79.001	57.369	-103.4	64.765	68.179	-129.06	31.424
289.75	2.2811	21.819	111.02	8.487	35.348	NaN	NaN	NaN	134.45	-65.449	78.977	52.743	-103.97	64.786	63.811	-129.56	31.394
289.75	2.28	21.828	105.9	8.3935	35.225	NaN	NaN	NaN	129.57	-65.117	78.92	48.18	-104.56	64.753	59.312	-129.83	31.219
289.76	2.2851	21.822	100.75	8.4512	34.761	NaN	NaN	NaN	124.68	-64.821	78.741	43.651	-105.16	64.69	54.966	-130.27	31.131
289.76	2.2743	21.816	95.652	8.3899	34.511	NaN	NaN	NaN	119.87	-64.532	78.571	39.119	-105.78	64.585	50.648	-130.73	30.911
289.76	2.2857	21.825	90.569	8.3245	34.139	NaN	NaN	NaN	114.79	-64.552	77.951	34.626	-106.39	64.443	46.22	-131.05	30.705
289.76	2.2789	21.824	85.536	8.3324	33.757	NaN	NaN	NaN	109.99	-64.294	77.616	30.166	-107	64.296	41.919	-131.46	30.417
289.76	2.2789	21.824	80.486	8.238	33.316	NaN	NaN	NaN	105.27	-64.101	77.243	25.736	-107.61	64.039	37.646	-131.9	30.147
289.76	2.2723	21.829	75.404	8.113	32.802	NaN	NaN	NaN	100.55	-63.87	76.803	21.356	-108.25	63.811	33.391	-132.41	29.805
289.77	2.2796	21.825	70.468	8.0065	32.396	NaN	NaN	NaN	95.887	-63.686	76.282	17.029	-108.86	63.501	29.201	-132.88	29.437
289.76	2.2797	21.826	66.423	8.3148	32.698	NaN	NaN	NaN	91.322	-63.475	75.836	13.701	-108.95	63.914	26.053	-132.78	29.777
289.75	2.2806	21.818	60.388	7.799	31.233	NaN	NaN	NaN	86.795	-63.239	75.338	8.5697	-110.09	62.837	21.067	-133.81	28.622
289.75	2.2803	21.818	55.295	7.6271	30.6	NaN	NaN	NaN	82.312	-62.999	74.804	4.4504	-110.67	62.448	17.016	-134.26	28.157
289.75	2.2827	21.819	50.065	7.4997	29.966	NaN	NaN	NaN	77.881	-62.778	74.239	0.39638	-111.23	62.014	13.254	-134.83	27.785
289.76	2.2853	21.822	44.616	7.7297	29.748	68.816	22.157	51.178	73.517	-62.561	73.636	-3.5657	-111.8	61.575	9.3636	-135.35	27.292
289.75	2.2829	21.822	39.271	7.8804	30.185	64.017	21.963	50.35	69.253	-62.336	72.998	-7.4266	-112.35	61.08	5.682	-135.85	26.812
289.74	2.2881	21.816	34.52	7.6868	29.253	59.323	21.761	49.505	65.133	-62.15	72.334	-11.22	-112.89	60.544	2.0115	-136.38	26.331
289.74	2.2896	21.819	29.936	7.479	28.282	54.82	21.569	48.451	61.055	-62.001	71.613	-14.904	-113.4	59.92	-1.5499	-136.91	25.768
289.75	2.2808	21.815	25.583	7.2275	27.31	50.462	21.327	47.452	57.18	-61.928	70.897	-18.502	-113.89	59.344	-4.9455	-137.38	25.156
289.74	2.2878	21.816	21.416	7.0016	26.396	46.321	21.108	46.439	53.466	-61.894	70.149	-21.979	-114.36	58.591	-8.3369	-137.77	24.423
289.74	2.2877	21.816	17.387	6.7661	25.408	42.358	20.772	45.464	49.872	-61.905	69.32	-25.3	-114.85	57.913	-11.517	-138.24	23.801
289.75	2.2916	21.823	13.562	6.5065	24.43	38.572	20.465	44.526	46.416	-61.924	68.416	-28.491	-115.35	57.167	-14.494	-138.71	23.096
289.75	2.2827	21.819	9.8786	6.2323	23.31	34.961	20.226	43.311	43.101	-61.987	67.441	-31.538	-115.82	56.425	-17.572	-139.29	22.211
289.75	2.2827	21.819	6.4113	5.9615	22.248	31.51	19.891	42.261	39.975	-62.064	66.515	-34.626	-116.08	55.84	-20.299	-139.69	21.502
289.76	2.2852	21.822	3.0523	5.6843	21.129	28.258	19.587	41.112	36.974	-62.106	65.529	-37.467	-116.49	55.04	-23.104	-140.14	20.662
289.76	2.2746	21.819	-0.087412	5.3755	19.907	25.149	19.254	39.938	34.108	-62.157	64.545	-40.144	-116.91	54.219	-25.662	-140.66	19.769
289.76	2.2743	21.819	-3.0733	5.0292	18.562	22.169	19.002	38.515	31.345	-62.207	63.519	-42.691	-117.31	53.368	-28.16	-141.04	19.007
289.76	2.2767	21.82	-5.895	4.7871	17.421	19.407	18.658	37.223	28.757	-62.211	62.523	-45.099	-117.68	52.492	-30.388	-141.48	18.255
289.76	2.2786	21.824	-8.5687	4.4521	16.031	16.795	18.359	35.903	26.281	-62.231	61.497	-47.414	-118.03	51.637	-32.707	-142	17.268
289.77	2.2799	21.815	-11.023	4.1613	14.763	14.341	18.031	34.479	23.977	-62.242	60.471	-49.596	-118.33	50.761	-34.694	-142.41	16.557
289.76	2.2765	21.823	-13.328	3.8827	13.478	12.137	17.695	33.258	21.818	-62.277	59.462	-51.586	-118.65	49.881	-36.706	-142.79	15.673
289.76	2.2787	21.824	-15.494	3.5926	12.232	10.036	17.367	31.868	19.776	-62.305	58.457	-53.504	-118.94	48.983	-38.409	-143.21	14.849
289.76	2.279	21.825	-17.413	3.3128	11.005	8.2041	17.043	30.592	17.907	-62.391	57.49	-55.265	-119.19	48.098	-40.207	-143.65	14.026
289.75	2.2829	21.819	-19.192	3.0452	9.7622	6.4842	16.684	29.287	16.153	-62.482	56.488	-56.924	-119.45	47.169	-41.729	-143.97	13.216
289.75	2.2805	21.818	-20.774	2.7408	8.5659	5.014	16.386	27.946	14.541	-62.582	55.516	-58.474	-119.66	46.272	-43.21	-144.25	12.423
289.76	2.2852	21.823	-22.199	2.4319	7.3437	3.6737	15.994	26.769	13.05	-62.751	54.525	-59.924	-119.85	45.314	-44.453	-144.63	11.617
289.75	2.2826	21.832	-23.473	2.2083	6.2383	2.429	15.651	25.403	11.712	-62.924	53.574	-61.279	-120.03	44.384	-45.762	-144.93	10.724
289.75	2.2827	21.819	-24.543	1.9162	5.1655	1.4297	15.338	24.248	10.461	-63.093	52.641	-62.511	-120.2	43.457	-46.98	-145.16	9.8993
289.75	2.2807	21.815	-25.564	1.7202	4.2706	0.44333	15.012	22.872	9.3392	-63.33	51.697	-63.668	-120.38	42.534	-48.015	-145.54	9.0541
289.75	2.2923	21.825	-26.412	1.4659	3.1851	-0.36837	14.657	21.898	8.2947	-63.564	50.751	-64.733	-120.53	41.618	-49.144	-145.64	8.0974
289.75	2.2784	21.814	-27.181	1.1878	2.0686	-1.107	14.402	20.682	7.3902	-63.819	49.803	-65.668	-120.7	40.716	-50.074	-146.04	7.2882
289.74	2.2888	21.818	-27.869	0.86728	0.87444	-1.7582	14.067	19.766	6.5949	-64.008	48.904	-66.504	-120.86	39.829	-50.879	-146.39	6.3964
289.75	2.2927	21.823	-28.463	0.6208	-0.10306	-2.3704	13.846	18.603	5.876	-64.231	47.986	-67.268	-121	38.949	-51.758	-146.41	5.5396
289.75	2.2807	21.815	-29.018	0.40369	-1.0692	-2.9458	13.504	17.674	5.2587	-64.437	47.094	-67.947	-121.13	38.096	-52.322	-146.68	4.805
289.75	2.283	21.817	-29.483	0.28351	-1.8728	-3.3781	13.266	16.604	4.6913	-64.603	46.235	-68.55	-121.27	37.254	-53.002	-146.78	3.9348
289.75	2.2828	21.819	-29.84	0.049548	-2.8209	-3.7514	13.024	15.501	4.1305	-64.742	45.505	-69.074	-121.38	36.489	-53.361	-147.12	3.24
289.75	2.2826	21.819	-29.837	-2.0328	-8.5732	-3.9867	12.78	14.667	3.6075	-64.827	44.924	-69.426	-121.6	35.495	-53.796	-147.31	2.5406
289.75	2.2796	21.816	-30.036	-2.2106	-9.3078	-4.1413	12.641	13.83	3.0866	-64.926	44.425	-69.892	-121.65	34.825	-54.115	-147.5	1.895
289.76	2.2735	21.817	-30.123	-2.4346	-10.211	-4.2641	12.416	13.233	2.5888	-65.034	44.032	-70.316	-121.63	34.145	-54.379	-147.57	1.3668
289.75	2.2709	21.814	-30.237	-2.6288	-10.83	-4.2864	12.254	12.683	2.1095	-65.065	43.778	-70.718	-121.65	33.578	-54.598	-147.7	0.93779
289.76	2.2734	21.817	-30.203	-2.7706	-11.44	-4.2539	12.078	11.97	1.6798	-65.083	43.626	-71.082	-121.59	33.05	-54.765	-147.76	0.6087
289.75	2.2706	21.826	-30.155	-2.9602	-12.05	-4.1371	11.975	11.553	1.2819	-65.121	43.524	-71.423	-121.52	32.616	-55.061	-147.59	0.25851
289.75	2.2779	21.814	-30.065	-3.0309	-12.355	-4.0323	11.909	11.12	0.89574	-65.101	43.485	-71.766	-121.41	32.235	-55.224	-147.59	0.080981
289.75	2.2711	21.814	-29.986	-3.0342	-12.513	-3.9222	11.799	11.099	0.53348	-65.049	43.465	-72.097	-121.22	31.829	-55.437	-147.52	-0.032671
289.75	2.2706	21.826	-29.898	-3.0501	-12.855	-3.8636	11.854	10.91	0.22589	-65.014	43.504	-72.407	-121.06	31.5	-55.566	-147.45	-0.10542
289.75	2.2781	21.815	-29.84	-2.952	-12.961	-3.7778	11.921	10.877	-0.031183	-64.959	43.57	-72.678	-120.85	31.233	-55.573	-147.53	-0.22255
289.75	2.2685	21.823	-29.822	-2.8565	-13.051	-3.741	12.017	10.712	-0.27566	-64.825	43.665	-72.911	-120.66	31.037	-55.742	-147.32	-0.41392
289.75	2.2751	21.823	-29.788	-2.7287	-13.128	-3.7135	12.171	10.55	-0.54382	-64.718	43.663	-73.118	-120.47	30.854	-55.713	-147.39	-0.38449
289.75	2.2804	21.818	-29.793	-2.5887	-13.238	-3.7069	12.281	10.487	-0.75624	-64.531	43.748	-73.312	-120.21	30.654	-55.837	-147.22	-0.41372
289.75	2.2781	21.815	-29.84	-2.4238	-13.341	-3.7086	12.422	10.351	-0.98405	-64.281	43.775	-73.494	-119.95	30.452	-56.063	-146.8	-0.54062
289.75	2.2807	21.815	-29.891	-2.2331	-13.454	-3.7147	12.539	10.375	-1.1944	-64.086	43.801	-73.692	-119.71	30.349	-56.123	-146.69	-0.56508
289.75	2.2829	21.819	-29.908	-2.036	-13.52	-3.7187	12.762	10.357	-1.4379	-63.821	43.789	-73.872	-119.41	30.073	-56.032	-146.75	-0.6083
289.75	2.2944	21.814	-29.929	-1.8182	-13.589	-3.7373	13.058	10.163	-1.6173	-63.613	43.821	-74.021	-119.17	29.892	-56.075	-146.63	-0.67704
289.75	2.2921	21.808	-29.921	-1.6336	-13.646	-3.7238	13.148	10.285	-1.8205	-63.384	43.805	-74.184	-118.91	29.669	-56.285	-146.23	-0.71157
289.76	2.3023	21.823	-29.939	-1.4322	-13.679	-3.7172	13.274	10.268	-1.989	-63.151	43.834	-74.318	-118.67	29.511	-56.352	-146.06	-0.72686
289.75	2.3071	21.819	-29.937	-1.2415	-13.689	-3.7132	13.419	10.266	-2.0904	-62.957	43.897	-74.418	-118.47	29.404	-56.274	-146.07	-0.66777
289.75	2.3074	21.818	-29.962	-1.1113	-13.726	-3.7339	13.612	10.137	-2.2119	-62.757	43.878	-74.484	-118.29	29.28	-56.331	-145.79	-0.87041
289.75	2.3102	21.822	-29.973	-0.97843	-13.777	-3.7377	13.777	10.156	-2.3034	-62.576	43.863	-74.551	-118.13	29.204	-56.23	-145.91	-0.77602
289.75	2.3098	21.807	-30	-0.85746	-13.787	-3.7652	13.923	10.065	-2.3583	-62.422	43.841	-74.574	-118	29.114	-56.211	-145.88	-0.76458
289.76	2.3134	21.828	-30.028	-0.78748	-13.837	-3.7788	14.005	10.056	-2.3823	-62.315	43.812	-74.561	-117.9	29.05	-56.189	-145.83	-0.77113
289.76	2.3054	21.811	-30.043	-0.71919	-13.86	-3.7922	14.057	10.059	-2.3566	-62.227	43.742	-74.523	-117.83	29.018	-56.176	-145.8	-0.7665
289.75	2.3094	21.82	-30.068	-0.68264	-13.892	-3.8056	14.098	10.028	-2.2889	-62.156	43.685	-74.46	-117.81	28.998	-56.153	-145.78	-0.79281
289.76	2.3028	21.821	-30.077	-0.67359	-13.888	-3.8397	14.1	10.003	-2.1971	-62.137	43.598	-74.375	-117.8	28.997	-56.119	-145.79	-0.82714
289.75	2.3092	21.823	-30.07	-0.67324	-13.866	-3.8378	14.091	10.009	-2.0822	-62.157	43.483	-74.279	-117.84	29.018	-56.087	-145.82	-0.87246
289.75	2.302	21.812	-30.052	-0.70412	-13.862	-3.8234	14.073	10.021	-1.921	-62.201	43.416	-74.16	-117.92	29.062	-56.057	-145.83	-0.9091
289.75	2.3043	21.817	-30.015	-0.74651	-13.835	-3.8125	14.039	10.021	-1.7571	-62.298	43.323	-74.047	-117.98	29.066	-56.172	-145.7	-1.0435
289.76	2.2999	21.82	-29.988	-0.81558	-13.805	-3.7672	14.007	10.06	-1.5797	-62.435	43.159	-73.938	-118.04	29.015	-56.175	-145.73	-1.1904
289.75	2.2947	21.824	-29.954	-0.86719	-13.771	-3.7434	13.966	10.078	-1.428	-62.528	43.018	-73.84	-118.12	28.995	-56.14	-145.8	-1.2513
289.75	2.2958	21.814	-29.939	-0.9414	-13.76	-3.7282	13.871	10.071	-1.2683	-62.628	42.859	-73.747	-118.22	29.004	-56.138	-145.87	-1.3208
289.76	2.2856	21.81	-29.921	-1.0141	-13.731	-3.6953	13.773	10.201	-1.1013	-62.792	42.743	-73.634	-118.32	28.996	-56.09	-145.98	-1.3637
289.75	2.2898	21.82	-29.905	-1.0766	-13.695	-3.6824	13.69	10.186	-0.97151	-62.904	42.692	-73.531	-118.41	28.999	-56.045	-146.07	-1.4587
289.75	2.284	21.821	-29.899	-1.1527	-13.706	-3.6649	13.592	10.336	-0.86336	-62.974	42.576	-73.456	-118.51	28.986	-55.875	-146.35	-1.5106
289.75	2.2812	21.819	-29.903	-1.2265	-13.724	-3.6782	13.577	10.236	-0.78466	-63.044	42.522	-73.396	-118.59	28.978	-55.86	-146.38	-1.5542
289.75	2.2783	21.813	-29.92	-1.2835	-13.711	-3.676	13.489	10.327	-0.73161	-63.112	42.457	-73.36	-118.64	28.96	-55.866	-146.42	-1.5926
289.75	2.2785	21.813	-29.934	-1.3321	-13.705	-3.6864	13.452	10.33	-0.70997	-63.177	42.389	-73.349	-118.68	28.947	-55.876	-146.46	-1.6054
289.75	2.2783	21.813	-29.947	-1.3739	-13.706	-3.7023	13.414	10.328	-0.71002	-63.206	42.359	-73.353	-118.69	28.925	-55.899	-146.49	-1.6037
289.75	2.2809	21.816	-29.974	-1.3934	-13.719	-3.7221	13.399	10.323	-0.73478	-63.223	42.335	-73.379	-118.71	28.905	-55.933	-146.5	-1.6252
289.75	2.2831	21.82	-29.99	-1.4077	-13.731	-3.7434	13.396	10.326	-0.76556	-63.217	42.321	-73.414	-118.7	28.887	-55.954	-146.51	-1.6379
289.74	2.2741	21.807	-30.013	-1.4055	-13.746	-3.764	13.382	10.308	-0.81937	-63.211	42.311	-73.452	-118.7	28.884	-55.979	-146.52	-1.6385
289.74	2.2879	21.816	-30.035	-1.4022	-13.761	-3.8022	13.373	10.281	-0.8744	-63.192	42.308	-73.494	-118.68	28.869	-56.013	-146.5	-1.646
289.74	2.2877	21.816	-30.047	-1.3956	-13.756	-3.8103	13.391	10.289	-0.92627	-63.171	42.307	-73.551	-118.65	28.86	-56.04	-146.47	-1.6316
289.74	2.2888	21.818	-30.068	-1.3858	-13.777	-3.8282	13.393	10.267	-0.98059	-63.137	42.31	-73.611	-118.61	28.846	-56.259	-146.26	-1.6505
289.75	2.2798	21.813	-30.087	-1.3734	-13.8	-3.8348	13.4	10.27	-1.0264	-63.113	42.314	-73.68	-118.56	28.839	-56.352	-146.19	-1.6097
289.74	2.2963	21.817	-30.095	-1.3576	-13.802	-3.8492	13.418	10.258	-1.0659	-63.086	42.324	-73.746	-118.52	28.81	-56.391	-146.16	-1.6005
289.74	2.2942	21.816	-30.099	-1.3317	-13.813	-3.8621	13.425	10.241	-1.1016	-63.067	42.328	-73.813	-118.46	28.79	-56.448	-146.08	-1.6177
