138.41	-1.4216	20.274	-37.054	-0.67235	-14.266	-9.4096	-1.4469	-17.644	-14.338	-61.937	42.967	-88.636	-114.93	26.131	-69.614	-143.9	-2.1837
138.41	-1.4204	20.276	-37.056	-0.67906	-14.278	-9.4147	-1.4524	-17.636	-14.33	-61.921	42.981	-88.643	-114.93	26.125	-69.619	-143.91	-2.1911
138.41	-1.4307	20.285	-37.054	-0.66554	-14.273	-9.4104	-1.4523	-17.632	-14.329	-61.933	42.974	-88.64	-114.93	26.13	-69.61	-143.92	-2.1866
138.4	-1.4287	20.279	-37.055	-0.67309	-14.266	-9.4104	-1.4523	-17.632	-14.341	-61.927	42.971	-88.64	-114.93	26.13	-69.619	-143.91	-2.1876
138.41	-1.4206	20.275	-37.051	-0.66908	-14.267	-9.4207	-1.4581	-17.641	-14.343	-61.929	42.97	-88.646	-114.93	26.127	-69.633	-143.92	-2.1979
138.41	-1.4316	20.27	-37.058	-0.68147	-14.277	-9.4142	-1.4567	-17.621	-14.349	-61.92	42.985	-88.649	-114.93	26.123	-69.617	-143.92	-2.1915
138.41	-1.4292	20.272	-37.067	-0.6775	-14.286	-9.4203	-1.4596	-17.628	-14.358	-61.924	42.978	-88.655	-114.93	26.124	-69.623	-143.93	-2.1856
138.41	-1.4315	20.269	-37.068	-0.67909	-14.285	-9.4172	-1.4595	-17.623	-14.35	-61.921	42.998	-88.659	-114.94	26.114	-69.64	-143.91	-2.1965
138.41	-1.4353	20.278	-37.07	-0.6748	-14.272	-9.4139	-1.4582	-17.607	-14.357	-61.926	42.992	-88.659	-114.94	26.127	-69.626	-143.91	-2.1943
138.42	-1.4281	20.29	-37.065	-0.65887	-14.267	-9.4295	-1.4681	-17.622	-14.362	-61.914	42.981	-88.665	-114.94	26.112	-69.63	-143.92	-2.1835
138.41	-1.4305	20.272	-37.068	-0.67909	-14.285	-9.4241	-1.464	-17.616	-14.362	-61.914	42.981	-88.666	-114.93	26.127	-69.639	-143.93	-2.1412
138.41	-1.4285	20.274	-37.065	-0.66399	-14.28	-9.4158	-1.4609	-17.61	-14.376	-61.924	42.982	-88.666	-114.93	26.116	-69.635	-143.94	-2.1409
138.41	-1.4281	20.274	-37.069	-0.66212	-14.266	-9.4241	-1.464	-17.616	-14.373	-61.922	42.983	-88.673	-114.93	26.111	-69.633	-143.92	-2.198
138.41	-1.4316	20.27	-37.077	-0.66915	-14.3	-9.4295	-1.4681	-17.622	-14.384	-61.928	42.976	-88.677	-114.92	26.111	-69.632	-143.92	-2.183
138.41	-1.4216	20.274	-37.079	-0.66568	-14.286	-9.4238	-1.4655	-17.603	-14.387	-61.904	42.988	-88.682	-114.92	26.11	-69.62	-143.92	-2.1838
138.41	-1.4274	20.275	-37.077	-0.65814	-14.274	-9.4249	-1.4694	-17.604	-14.387	-61.901	42.988	-88.678	-114.92	26.113	-69.632	-143.93	-2.1337
138.41	-1.4273	20.276	-37.076	-0.65647	-14.294	-9.4332	-1.4725	-17.61	-14.401	-61.898	42.981	-88.685	-114.91	26.111	-69.617	-143.91	-2.1852
138.41	-1.4216	20.274	-37.083	-0.65091	-14.303	-9.435	-1.4715	-17.611	-14.413	-61.892	42.994	-88.689	-114.91	26.098	-69.633	-143.93	-2.1356
138.41	-1.4215	20.274	-37.086	-0.6482	-14.289	-9.4278	-1.4684	-17.605	-14.418	-61.883	43.008	-88.7	-114.91	26.097	-69.625	-143.93	-2.1318
138.41	-1.4285	20.274	-37.086	-0.6482	-14.289	-9.4271	-1.4572	-17.583	-14.424	-61.874	43.011	-88.698	-114.9	26.085	-69.634	-143.93	-2.1201
138.41	-1.4329	20.267	-37.097	-0.64664	-14.297	-9.4452	-1.4683	-17.601	-14.43	-61.861	43.001	-88.708	-114.91	26.077	-69.638	-143.94	-2.1212
138.42	-1.4273	20.275	-37.094	-0.63826	-14.304	-9.4408	-1.4643	-17.595	-14.44	-61.868	43.005	-88.706	-114.91	26.079	-69.631	-143.93	-2.1188
138.4	-1.4243	20.283	-37.096	-0.63991	-14.303	-9.4424	-1.4686	-17.585	-14.441	-61.857	43.024	-88.712	-114.91	26.074	-69.634	-143.94	-2.1237
138.41	-1.4296	20.273	-37.107	-0.63753	-14.311	-9.4424	-1.4686	-17.585	-14.459	-61.857	43.028	-88.721	-114.9	26.074	-69.644	-143.94	-2.1257
138.41	-1.4331	20.279	-37.109	-0.64592	-14.304	-9.4489	-1.4727	-17.59	-14.47	-61.863	43.007	-88.732	-114.91	26.066	-69.642	-143.94	-2.1244
138.4	-1.4254	20.283	-37.11	-0.64076	-14.31	-9.4382	-1.4684	-17.58	-14.476	-61.854	43.01	-88.744	-114.9	26.06	-69.654	-143.93	-2.1254
138.4	-1.4348	20.263	-37.112	-0.64833	-14.303	-9.4424	-1.4686	-17.585	-14.476	-61.841	43.016	-88.742	-114.9	26.064	-69.667	-143.97	-2.1349
138.41	-1.4343	20.281	-37.11	-0.64076	-14.31	-9.4371	-1.4788	-17.574	-14.478	-61.842	43.027	-88.742	-114.9	26.053	-69.66	-143.94	-2.1045
138.41	-1.4316	20.27	-37.103	-0.62926	-14.299	-9.4433	-1.474	-17.573	-14.486	-61.849	43.02	-88.742	-114.9	26.065	-69.637	-143.93	-2.107
138.4	-1.4364	20.276	-37.108	-0.63323	-14.298	-9.4433	-1.474	-17.573	-14.482	-61.845	43.025	-88.753	-114.89	26.063	-69.66	-143.94	-2.1188
138.4	-1.4242	20.284	-37.108	-0.63913	-14.311	-9.4462	-1.473	-17.573	-14.49	-61.849	43.019	-88.752	-114.89	26.063	-69.686	-143.94	-2.1322
138.41	-1.4296	20.274	-37.107	-0.64436	-14.304	-9.4505	-1.477	-17.579	-14.492	-61.838	43.024	-88.759	-114.88	26.062	-69.689	-143.94	-2.13
138.41	-1.433	20.267	-37.108	-0.63324	-14.298	-9.4379	-1.4699	-17.567	-14.51	-61.839	43.026	-88.768	-114.89	26.06	-69.674	-143.92	-2.1217
138.41	-1.4296	20.272	-37.117	-0.63526	-14.319	-9.4516	-1.4771	-17.579	-14.515	-61.839	43.025	-88.776	-114.88	26.057	-69.703	-143.93	-2.1211
138.41	-1.434	20.268	-37.105	-0.63082	-14.299	-9.4475	-1.4716	-17.586	-14.521	-61.83	43.026	-88.783	-114.88	26.054	-69.697	-143.93	-2.1168
138.41	-1.4323	20.283	-37.119	-0.63681	-14.318	-9.4379	-1.4699	-17.567	-14.545	-61.832	43.024	-88.787	-114.87	26.043	-69.705	-143.93	-2.11
138.41	-1.4294	20.273	-37.117	-0.63526	-14.319	-9.4516	-1.4771	-17.579	-14.548	-61.834	43.023	-88.794	-114.87	26.053	-69.702	-143.93	-2.1178
138.42	-1.4273	20.277	-37.114	-0.62686	-14.326	-9.4389	-1.47	-17.566	-14.552	-61.826	43.039	-88.804	-114.87	26.051	-69.712	-143.92	-2.1062
138.41	-1.4293	20.272	-37.114	-0.62088	-14.314	-9.4516	-1.4771	-17.579	-14.567	-61.832	43.027	-88.815	-114.86	26.037	-69.71	-143.92	-2.1056
138.41	-1.4295	20.273	-37.115	-0.62171	-14.313	-9.4515	-1.4628	-17.584	-14.565	-61.828	43.029	-88.815	-114.86	26.048	-69.715	-143.93	-2.1099
138.41	-1.4195	20.277	-37.124	-0.61849	-14.322	-9.4519	-1.4756	-17.592	-14.57	-61.809	43.039	-88.814	-114.86	26.036	-69.708	-143.92	-2.1019
138.41	-1.4274	20.275	-37.128	-0.62174	-14.32	-9.4505	-1.477	-17.579	-14.578	-61.828	43.037	-88.832	-114.85	26.042	-69.722	-143.91	-2.1066
138.41	-1.4219	20.274	-37.123	-0.61777	-14.322	-9.4512	-1.4643	-17.571	-14.583	-61.819	43.039	-88.826	-114.85	26.048	-69.718	-143.91	-2.1024
138.41	-1.4216	20.274	-37.127	-0.62687	-14.333	-9.4443	-1.4741	-17.572	-14.578	-61.815	43.044	-88.823	-114.85	26.049	-69.717	-143.91	-2.1045
138.41	-1.4216	20.274	-37.124	-0.6185	-14.322	-9.4512	-1.4643	-17.571	-14.585	-61.819	43.04	-88.824	-114.85	26.049	-69.707	-143.93	-2.0947
138.41	-1.4195	20.277	-37.126	-0.62017	-14.321	-9.4465	-1.4715	-17.586	-14.577	-61.814	43.045	-88.824	-114.85	26.048	-69.711	-143.94	-2.0846
138.41	-1.4214	20.273	-37.124	-0.61262	-14.309	-9.4389	-1.47	-17.566	-14.586	-61.819	43.038	-88.837	-114.84	26.032	-69.71	-143.94	-2.0845
138.4	-1.4262	20.28	-37.129	-0.61745	-14.307	-9.4516	-1.4771	-17.579	-14.578	-61.815	43.058	-88.836	-114.84	26.034	-69.709	-143.94	-2.0824
138.41	-1.4293	20.272	-37.128	-0.62174	-14.32	-9.4465	-1.4715	-17.586	-14.584	-61.82	43.053	-88.844	-114.85	26.039	-69.712	-143.94	-2.086
138.41	-1.4296	20.273	-37.126	-0.62017	-14.321	-9.4454	-1.4714	-17.587	-14.585	-61.818	43.039	-88.842	-114.84	26.027	-69.618	-144.1	-2.0332
138.41	-1.4333	20.28	-37.115	-0.61659	-14.3	-9.4447	-1.4726	-17.586	-14.589	-61.808	43.042	-88.847	-114.85	26.027	-69.727	-143.93	-2.09
138.41	-1.4284	20.274	-37.116	-0.61742	-14.3	-9.4433	-1.474	-17.573	-14.593	-61.813	43.05	-88.852	-114.85	26.024	-69.704	-143.93	-2.0775
138.41	-1.4294	20.273	-37.12	-0.62652	-14.312	-9.4393	-1.4685	-17.58	-14.594	-61.826	43.045	-88.864	-114.84	26.019	-69.724	-143.93	-2.0873
138.41	-1.4293	20.272	-37.128	-0.62174	-14.32	-9.4462	-1.473	-17.573	-14.604	-61.818	43.043	-88.871	-114.85	26.013	-69.609	-144.12	-2.0207
138.41	-1.4273	20.276	-37.127	-0.61587	-14.308	-9.4473	-1.4769	-17.575	-14.607	-61.821	43.041	-88.877	-114.84	26.014	-69.737	-143.93	-2.0789
138.41	-1.4323	20.283	-37.131	-0.62497	-14.319	-9.4389	-1.47	-17.566	-14.617	-61.815	43.052	-88.882	-114.84	26.013	-69.733	-143.92	-2.0876
138.41	-1.4272	20.276	-37.129	-0.62257	-14.32	-9.4502	-1.4642	-17.571	-14.628	-61.813	43.063	-88.896	-114.84	26.02	-69.638	-144.12	-2.0378
138.41	-1.4195	20.277	-37.139	-0.62019	-14.328	-9.4523	-1.4644	-17.57	-14.633	-61.814	43.059	-88.899	-114.84	26.006	-69.759	-143.94	-2.0931
138.4	-1.4335	20.266	-37.14	-0.62102	-14.328	-9.4509	-1.4658	-17.557	-14.661	-61.829	43.036	-88.905	-114.84	26.003	-69.637	-144.11	-2.0054
138.4	-1.4239	20.271	-37.141	-0.62185	-14.327	-9.4668	-1.4742	-17.585	-14.677	-61.827	43.047	-88.909	-114.83	26.004	-69.651	-144.12	-2.0268
138.41	-1.4282	20.274	-37.141	-0.62185	-14.327	-9.4512	-1.4643	-17.571	-14.669	-61.82	43.054	-88.917	-114.83	26.012	-69.761	-143.94	-2.0929
138.4	-1.4234	20.27	-37.142	-0.62429	-14.307	-9.4595	-1.4674	-17.577	-14.666	-61.809	43.059	-88.921	-114.84	26.008	-69.772	-143.93	-2.0974
138.41	-1.431	20.284	-37.142	-0.62429	-14.307	-9.4638	-1.4714	-17.583	-14.687	-61.82	43.045	-88.924	-114.83	26.011	-69.671	-144.12	-2.0228
138.4	-1.4238	20.271	-37.144	-0.631	-14.32	-9.4592	-1.4689	-17.563	-14.679	-61.831	43.055	-88.936	-114.83	26.004	-69.668	-144.13	-2.0131
138.4	-1.4284	20.279	-37.146	-0.63852	-14.332	-9.4622	-1.4717	-17.566	-14.678	-61.842	43.035	-88.929	-114.83	26.035	-69.67	-144.12	-2.0227
138.4	-1.4262	20.28	-37.147	-0.64535	-14.325	-9.4611	-1.4717	-17.566	-14.668	-61.851	43.049	-88.924	-114.84	26.022	-69.774	-143.95	-2.0891
138.41	-1.4204	20.276	-37.138	-0.66034	-14.323	-9.4694	-1.4748	-17.572	-14.65	-61.883	43.045	-88.933	-114.85	26.051	-69.681	-144.11	-2.0098
138.4	-1.4265	20.281	-37.146	-0.68036	-14.307	-9.4691	-1.4763	-17.559	-14.622	-61.924	43.052	-88.932	-114.87	26.072	-69.78	-143.94	-2.0753
138.41	-1.4195	20.277	-37.151	-0.69715	-14.292	-9.4799	-1.4844	-17.571	-14.596	-62.006	43.04	-88.921	-114.91	26.093	-69.777	-143.97	-2.0718
138.4	-1.4285	20.277	-37.156	-0.74968	-14.278	-9.494	-1.4777	-17.575	-14.568	-62.105	43.032	-88.885	-114.97	26.155	-69.775	-143.99	-2.0638
138.4	-1.4265	20.281	-37.157	-0.81627	-14.228	-9.499	-1.4689	-17.573	-14.469	-62.241	43.031	-88.817	-115.08	26.253	-69.659	-144.2	-1.9526
138.4	-1.4257	20.282	-37.137	-0.89953	-14.15	-9.4995	-1.4504	-17.594	-14.375	-62.422	43.026	-88.709	-115.19	26.381	-69.612	-144.26	-1.9808
138.41	-1.4343	20.28	-37.119	-1.0211	-14.053	-9.5012	-1.4292	-17.617	-14.267	-62.634	43.016	-88.565	-115.34	26.484	-69.441	-144.41	-1.9734
138.4	-1.4386	20.274	-37.121	-1.1662	-13.96	-9.5288	-1.4455	-17.799	-14.158	-62.864	43.031	-88.376	-115.54	26.601	-69.325	-144.52	-1.9729
138.4	-1.4365	20.279	-37.147	-1.3414	-13.83	-9.5862	-1.384	-17.88	-13.998	-63.171	43.119	-88.201	-115.7	26.742	-69.201	-144.6	-1.9628
138.4	-1.4416	20.285	-37.183	-1.5722	-13.575	-9.7394	-1.2782	-17.876	-13.843	-63.493	43.278	-87.985	-115.9	26.884	-69.153	-144.51	-1.9705
138.4	-1.4412	20.284	-37.214	-1.7433	-13.173	-9.7943	-1.1586	-17.644	-13.619	-63.922	43.487	-87.716	-116.19	27.025	-68.824	-144.89	-1.9029
138.4	-1.4366	20.278	-37.269	-1.8665	-12.337	-9.9074	-0.82334	-17.002	-13.326	-64.429	43.704	-87.376	-116.52	27.171	-68.555	-145.12	-2.0243
138.4	-1.4415	20.285	-37.126	-2.0158	-11.367	-9.9152	-0.59502	-16.149	-12.975	-65.094	44.112	-86.98	-116.96	27.369	-68.482	-145.1	-2.2138
138.41	-1.4326	20.286	-36.887	-2.1673	-9.9585	-9.7059	-0.44321	-15.049	-12.534	-65.937	44.49	-86.524	-117.45	27.574	-67.956	-145.66	-2.2552
138.42	-1.4427	20.283	-36.4	-2.3933	-8.472	-9.2971	-0.4965	-13.77	-12.026	-66.911	45	-86.005	-117.98	27.8	-67.818	-145.67	-2.3525
138.43	-1.4463	20.287	-35.585	-2.7614	-6.9774	-8.5748	-0.75445	-12.261	-11.39	-68.08	45.626	-85.485	-118.55	28.053	-67.317	-146.19	-2.4549
138.43	-1.4463	20.287	-34.662	-3.1943	-5.3793	-7.6252	-1.1433	-10.676	-10.679	-69.356	46.287	-84.894	-119.13	28.345	-66.867	-146.67	-2.6136
138.43	-1.4463	20.287	-33.438	-3.7396	-3.8014	-6.4161	-1.6915	-9.0573	-9.7691	-70.733	46.972	-84.235	-119.73	28.649	-66.582	-146.84	-2.6071
138.44	-1.4397	20.295	-32.046	-4.3592	-2.1881	-5.0421	-2.3729	-7.4987	-8.7704	-72.22	47.647	-83.475	-120.38	29.005	-65.981	-147.4	-2.6735
138.44	-1.4511	20.292	-30.744	-3.2418	4.1567	-3.4246	-3.1772	-5.9669	-7.5985	-73.757	48.307	-82.712	-120.97	29.795	-65.403	-147.92	-2.7425
138.45	-1.4568	20.294	-29.109	-4.1737	5.3501	-1.5997	-4.0457	-4.4403	-6.3066	-75.389	48.888	-81.703	-121.79	30.264	-64.758	-148.45	-2.8452
138.45	-1.4401	20.309	-27.215	-5.1827	6.5051	0.38014	-5.047	-3.0153	-4.7977	-77.029	49.511	-80.597	-122.57	30.733	-64.074	-148.97	-2.4841
138.45	-1.4568	20.294	-25.132	-6.2396	7.5612	2.6808	-6.0645	-1.6464	-3.2397	-78.633	49.993	-79.496	-123.22	31.225	-63.063	-149.81	-1.9178
138.45	-1.4592	20.291	-22.986	-7.321	8.5623	5.4392	-7.1859	-0.2727	-1.5271	-80.181	50.709	-78.286	-123.76	31.726	-62.127	-150.11	-1.4788
138.44	-1.451	20.292	-20.744	-8.4066	9.5273	8.5781	-8.4069	0.95758	0.24909	-81.772	51.271	-76.879	-124.48	32.256	-60.682	-151.05	-1.1135
138.44	-1.456	20.301	-18.498	-9.5812	10.325	12.248	-9.7265	2.239	2.1746	-83.395	51.946	-75.221	-125.42	32.814	-59.329	-151.92	-0.881
138.43	-1.4571	20.299	-16.256	-10.722	11.174	16.679	-11.188	3.5272	4.2038	-85.088	52.57	-73.37	-126.4	33.362	-57.923	-152.76	-0.55393
138.42	-1.4535	20.293	-13.912	-11.897	11.932	21.641	-12.761	4.9723	6.3646	-86.872	53.221	-71.433	-127.29	33.974	-56.253	-153.66	-0.16507
138.42	-1.4543	20.292	-11.4	-13.148	12.731	26.523	-14.468	6.3601	8.7027	-88.615	53.815	-69.45	-128.11	34.606	-54.508	-154.49	0.271
138.41	-1.4476	20.29	-8.354	-14.706	12.453	31.415	-16.246	7.7376	11.16	-90.401	54.396	-67.392	-129.02	35.3	-52.838	-155.11	0.64979
138.41	-1.4481	20.303	-5.6416	-15.926	13.451	36.55	-17.81	9.433	14.086	-91.881	55.378	-65.175	-129.95	35.988	-50.958	-155.9	1.1283
138.41	-1.4474	20.289	-2.813	-17.129	14.407	41.341	-19.64	10.721	16.778	-93.652	55.874	-62.816	-130.9	36.706	-48.966	-156.75	1.7567
138.41	-1.4462	20.29	0.084166	-18.315	15.451	45.959	-21.561	11.832	19.557	-95.372	56.363	-60.353	-131.72	37.445	-46.856	-157.77	2.3224
138.41	-1.4454	20.294	3.0517	-19.483	16.428	50.582	-23.448	12.942	22.4	-97.069	56.813	-57.862	-132.49	38.16	-44.871	-158.28	3.0362
138.42	-1.4405	20.297	6.0952	-20.641	17.291	55.245	-25.432	13.861	25.31	-98.667	57.296	-55.331	-133.22	38.946	-42.528	-158.98	3.8737
138.41	-1.4334	20.3	9.2144	-21.758	18.062	59.908	-27.388	14.736	28.242	-100.17	57.744	-52.743	-133.96	39.725	-40.058	-159.8	4.578
138.42	-1.4385	20.301	12.376	-22.831	18.712	64.584	-29.306	15.627	31.207	-101.57	58.14	-50.034	-134.65	40.448	-37.911	-160.32	5.1577
138.42	-1.4412	20.299	15.614	-23.842	19.243	69.249	-31.18	16.43	34.155	-102.87	58.556	-47.307	-135.23	41.171	-35.315	-160.89	5.841
138.43	-1.4467	20.3	18.865	-24.804	19.689	73.903	-33.034	17.114	37.133	-104.07	58.917	-44.513	-135.71	41.859	-32.791	-161.36	6.7289
138.42	-1.4362	20.291	22.161	-25.707	19.966	78.543	-34.801	17.781	40.138	-105.15	59.226	-41.7	-136.1	42.524	-30.273	-161.85	7.3501
138.43	-1.4448	20.305	25.453	-26.517	20.183	83.087	-36.491	18.31	43.171	-106.12	59.46	-38.742	-136.55	42.761	-27.82	-162.34	8.0469
138.43	-1.4435	20.306	28.736	-27.27	20.177	87.601	-38.047	18.671	46.232	-106.92	59.68	-35.861	-136.8	43.339	-25.128	-162.54	8.7777
138.43	-1.4432	20.293	31.993	-27.916	20.137	91.943	-39.465	18.884	49.317	-107.59	59.845	-32.946	-136.99	43.88	-22.482	-163.05	9.3921
138.44	-1.4536	20.302	35.175	-28.442	19.989	96.251	-40.652	18.952	52.424	-108.07	59.883	-29.981	-137.11	44.406	-19.599	-163.29	9.9561
138.42	-1.4513	20.296	38.26	-28.856	19.688	100.39	-41.845	18.843	55.54	-108.42	59.89	-26.969	-137.16	44.859	-16.76	-163.46	10.569
138.43	-1.4564	20.285	41.187	-29.127	19.39	104.53	-42.697	18.68	58.691	-108.62	59.759	-23.902	-137.19	45.329	-13.971	-163.79	11.12
138.42	-1.4513	20.296	44.029	-29.27	19.034	108.64	-43.446	18.465	61.872	-108.71	59.581	-20.824	-137.17	45.76	-11.321	-163.66	11.489
138.42	-1.4513	20.296	46.816	-29.299	18.638	112.66	-43.971	18.084	65.091	-108.63	59.334	-17.662	-137.08	46.07	-8.2928	-163.83	11.905
138.42	-1.4532	20.292	49.472	-29.256	18.13	116.65	-44.403	17.641	68.331	-108.42	58.966	-14.53	-137	46.474	-5.3969	-163.83	12.306
138.42	-1.4553	20.289	52.116	-29.131	17.614	120.63	-44.625	17.056	71.592	-108.16	58.556	-11.339	-136.81	46.787	-2.4755	-163.75	12.724
138.41	-1.46	20.295	54.71	-28.881	17.078	124.5	-44.9	16.332	74.865	-107.76	58.001	-8.1711	-136.62	47.044	0.59644	-163.89	13.047
138.41	-1.4486	20.289	57.281	-28.586	16.467	128.26	-44.893	15.448	78.212	-107.3	57.465	-4.9726	-136.32	47.271	3.3764	-163.39	13.303
138.41	-1.4448	20.291	59.824	-28.266	15.721	131.91	-44.899	14.487	81.488	-106.72	56.853	-1.809	-136.03	47.491	6.3645	-163.24	13.578
137.76	-1.9411	19.547	62.369	-27.861	15.04	135.41	-44.767	13.463	84.7	-106.09	56.202	1.3556	-135.61	47.656	9.1981	-162.8	13.752
137.78	-1.9457	19.551	64.886	-27.362	14.325	138.83	-44.593	12.515	87.92	-105.36	55.607	4.4572	-135.16	47.788	12.108	-162.38	13.868
137.77	-1.951	19.528	67.313	-26.864	13.464	142.03	-44.243	11.467	90.981	-104.58	54.976	7.4882	-134.6	47.868	15.051	-162.09	14.066
137.78	-1.9285	19.554	69.721	-26.25	12.664	145.23	-43.781	10.661	93.982	-103.67	54.398	10.421	-133.96	47.892	17.796	-161.55	14.259
137.79	-1.9391	19.548	72.049	-25.564	11.818	148.18	-43.193	9.8212	96.809	-102.75	53.87	13.247	-133.27	47.854	20.494	-160.9	14.346
137.79	-1.9391	19.548	74.316	-24.802	10.953	151.02	-42.491	9.0732	99.536	-101.62	53.388	15.963	-132.45	47.774	23.143	-160.14	14.176
137.79	-1.945	19.547	76.454	-24.018	10.011	153.56	-41.607	8.3154	102.05	-100.46	52.945	18.565	-131.57	47.622	25.816	-159.57	14.387
137.8	-1.9437	19.553	78.51	-23.183	8.9674	156.09	-40.531	7.7456	104.48	-99.171	52.584	21.038	-130.61	47.42	28.286	-158.9	14.415
137.8	-1.9543	19.547	80.495	-22.289	7.9445	158.3	-39.402	7.0391	106.72	-97.763	52.272	23.395	-129.56	47.174	30.67	-157.99	14.413
137.81	-1.9484	19.557	82.429	-21.315	6.9792	160.46	-38.132	6.5142	108.85	-96.313	51.923	25.633	-128.45	46.932	33.009	-156.98	14.284
137.81	-1.9484	19.557	84.215	-20.308	5.9419	157.56	-32.921	6.7606	110.89	-94.757	51.646	27.79	-127.3	46.622	35.278	-156.14	14.148
137.8	-1.9543	19.547	85.947	-19.274	4.9159	159.4	-31.301	6.1373	112.84	-93.139	51.35	29.838	-126.11	46.319	37.586	-155.31	14.169
137.8	-1.9648	19.542	87.594	-18.151	4.0753	160.96	-29.728	5.6073	114.66	-91.529	51.012	31.823	-124.89	45.974	39.717	-154.26	13.952
138.45	-1.4567	20.295	89.682	-17.446	2.4541	162.36	-28.131	4.8524	116.47	-89.854	50.677	33.715	-123.64	45.617	41.667	-153.22	13.953
138.44	-1.4518	20.291	91.208	-16.337	1.3504	163.73	-26.457	4.1906	118.17	-88.188	50.334	35.538	-122.37	45.288	43.771	-152.32	13.886
138.44	-1.4528	20.287	92.702	-15.182	0.52948	164.91	-24.814	3.0022	119.88	-86.531	49.996	37.311	-121.11	44.967	45.57	-151.06	13.874
138.43	-1.4475	20.287	94.105	-13.99	-0.26782	165.94	-23.199	2.5856	121.5	-84.934	49.603	39.017	-119.85	44.663	47.417	-149.93	13.512
138.43	-1.4489	20.297	95.427	-12.814	-0.86744	167.02	-21.392	2.2402	123.11	-83.338	49.178	40.716	-118.61	44.405	49.178	-148.83	13.429
138.43	-1.4489	20.297	96.668	-11.612	-1.4908	138.42	-1.4532	20.292	124.69	-81.742	48.85	42.34	-117.41	44.14	51.014	-147.84	13.356
138.43	-1.4489	20.297	97.857	-10.322	-2.1233	138.41	-1.4482	20.288	126.2	-80.164	48.487	43.968	-116.22	43.923	52.671	-146.68	13.129
138.43	-1.4489	20.297	99.044	-9.0582	-2.5243	138.4	-1.4392	20.289	127.68	-78.667	48.087	45.545	-115.07	43.716	54.352	-145.57	12.989
138.43	-1.4489	20.297	100.17	-7.8171	-2.8198	138.4	-1.4316	20.292	129.17	-77.103	47.77	47.099	-113.94	43.51	55.934	-144.41	12.839
138.43	-1.4489	20.297	101.28	-6.5285	-3.3196	138.39	-1.4358	20.285	130.59	-75.611	47.549	48.619	-112.77	43.281	57.53	-143.3	12.715
138.43	-1.4489	20.297	102.45	-5.3617	-3.5398	138.4	-1.4292	20.293	131.95	-74.121	47.344	50.085	-111.64	43.09	59.027	-142.15	12.489
138.43	-1.4489	20.297	103.68	-4.1655	-3.7818	138.41	-1.4282	20.307	133.3	-72.71	47.178	51.494	-110.53	42.929	60.503	-141.04	12.385
138.43	-1.4489	20.297	105	-3.0723	-4.1225	138.41	-1.437	20.292	134.61	-71.342	47.108	52.876	-109.41	42.759	61.902	-139.8	12.222
138.43	-1.4489	20.297	106.5	-2.0515	-4.4046	138.41	-1.4347	20.295	135.89	-70.084	47.142	54.172	-108.34	42.585	63.402	-138.98	12.157
138.43	-1.4489	20.297	108.14	-1.1642	-4.6521	138.42	-1.4303	20.289	137.24	-68.872	47.228	55.471	-107.27	42.434	64.774	-137.95	12.109
138.43	-1.4489	20.297	109.59	-0.77212	-5.5741	138.42	-1.4383	20.287	138.27	-68.022	46.948	56.723	-106.27	42.291	66.207	-137.08	11.968
173.65	-5.094	-8.0457	111.58	-0.096707	-5.8414	138.43	-1.4339	20.295	139.56	-67.012	47.031	57.977	-105.31	42.142	67.526	-136.14	11.857
172.23	-3.5338	-8.962	113.55	0.409	-6.2982	138.43	-1.4428	20.292	140.94	-66.029	47.201	59.213	-104.43	42.008	68.84	-135.25	11.824
172.23	-3.5338	-8.962	115.49	0.58275	-6.9657	138.44	-1.4506	20.29	142.22	-65.142	47.337	60.464	-103.58	41.86	70.107	-134.41	11.735
172.23	-3.5338	-8.962	117.57	0.89136	-7.6202	138.43	-1.4443	20.291	143.52	-64.271	47.464	61.712	-102.8	41.76	71.537	-133.68	11.656
172.23	-3.5338	-8.962	119.98	1.4083	-7.667	138.36	-1.4686	20.312	144.87	-63.477	47.642	62.956	-102.04	41.673	72.647	-132.81	11.499
172.23	-3.5338	-8.962	121.35	1.8313	-7.9366	138.85	-1.3418	20.507	146.15	-62.776	47.686	64.194	-101.35	41.554	74.056	-132.18	11.497
172.23	-3.5338	-8.962	123.19	2.3788	-7.6889	139.82	-0.89307	20.613	147.41	-62.06	47.794	65.498	-100.72	41.567	75.434	-131.65	11.505
172.23	-3.5338	-8.962	124.34	2.9596	-7.7454	141.43	-0.31819	20.509	148.79	-61.412	47.96	66.804	-100.2	41.58	76.613	-130.86	11.31
172.23	-3.5338	-8.962	125.59	3.5708	-7.6143	143.38	0.35335	20.443	150.05	-60.793	48.1	68.142	-99.714	41.667	77.908	-130.38	11.531
172.23	-3.5338	-8.962	126.82	4.1587	-7.4718	145.1	1.0358	20.373	151.5	-60.19	48.127	69.506	-99.313	41.799	79.371	-130.03	11.458
172.23	-3.5338	-8.962	128.07	4.692	-7.3121	146.55	1.5392	20.416	152.93	-59.675	48.24	70.892	-98.909	41.944	80.692	-129.37	11.505
172.23	-3.5338	-8.962	129.39	5.1625	-7.1102	147.81	1.8585	20.524	154.42	-59.199	48.431	72.301	-98.459	42.127	82.242	-129.28	11.836
172.23	-3.5338	-8.962	130.73	5.5919	-6.7089	148.92	2.1556	20.688	155.95	-58.783	48.695	73.774	-98.092	42.308	83.565	-128.55	12.071
172.23	-3.5338	-8.962	132.13	6.0743	-6.4523	150.09	2.5911	21.098	157.54	-58.444	49.036	75.361	-97.822	42.564	85.049	-128.24	12.137
174.2	5.6667	-10.82	133.66	6.4771	-5.8622	151.47	3.0094	21.639	159.2	-58.156	49.41	77.05	-97.614	42.797	86.79	-128.02	12.363
175.79	5.8152	-10.488	135.35	6.8687	-5.3507	153.11	3.3666	22.166	160.9	-57.936	49.894	78.795	-97.395	43.093	88.446	-127.72	12.463
177.62	6.0493	-9.7622	137.27	7.2248	-4.7165	155.05	3.6346	22.794	162.71	-57.817	50.415	80.544	-97.19	43.423	90.131	-127.41	12.803
179.66	6.1327	-9.0117	139.34	7.383	-3.7743	157.11	3.7145	23.502	164.56	-57.737	51.041	82.348	-96.991	43.793	91.898	-127.18	13.064
181.83	6.2238	-8.0995	141.56	7.6717	-3.1135	159.3	3.7712	24.422	166.5	-57.804	51.733	84.198	-96.837	44.232	93.758	-126.98	13.475
184.1	6.2873	-6.9072	143.9	7.8269	-2.1046	161.52	3.7812	25.382	168.5	-57.952	52.513	86.149	-96.712	44.661	95.605	-126.72	13.771
186.53	6.3066	-5.7555	146.36	8.0036	-1.1329	163.79	3.7119	26.458	170.62	-58.157	53.335	88.172	-96.636	45.112	97.603	-126.58	14.251
188.97	6.2543	-4.4411	148.94	8.0744	0.063971	166.21	3.608	27.654	172.83	-58.48	54.242	90.317	-96.625	45.609	99.558	-126.39	14.478
191.58	6.2103	-3.1999	151.65	8.1794	1.1429	168.77	3.4431	28.881	175.07	-58.834	55.141	92.531	-96.637	46.179	101.77	-126.27	14.942
194.41	6.0469	-1.7578	154.49	8.138	2.5603	171.51	3.1913	30.138	177.43	-59.267	56.049	94.793	-96.679	46.73	104	-126.41	15.378
197.32	5.7749	-0.60012	157.46	8.1883	3.6581	174.43	2.9238	31.366	179.89	-59.709	56.966	97.136	-96.691	47.325	106.07	-126.14	15.889
200.39	5.4755	0.77588	160.59	8.045	4.9313	177.44	2.5768	32.578	182.45	-60.168	57.966	99.519	-96.683	47.905	108.3	-125.88	16.405
203.56	5.1195	2.0063	163.81	7.8906	6.0604	180.56	2.194	33.731	185.07	-60.695	58.817	101.97	-96.673	48.506	110.77	-125.94	16.987
206.88	4.6754	3.1009	167.18	7.7838	7.0981	183.82	1.7696	34.849	187.8	-61.228	59.778	104.5	-96.651	49.117	113.18	-125.88	17.553
210.24	4.2241	4.3109	170.64	7.495	8.2874	187.2	1.3541	35.97	190.58	-61.762	60.647	107.08	-96.625	49.679	115.79	-126.06	18.072
213.16	3.3437	4.73	174.17	7.2411	9.0428	190.51	0.7969	36.869	193.4	-62.258	61.55	109.72	-96.562	50.222	118.16	-125.73	18.533
216.71	2.7727	5.72	177.78	6.9867	10.162	194	0.34711	37.836	196.21	-62.797	62.357	112.41	-96.469	50.763	120.75	-125.65	19.063
220.97	2.5625	7.3777	181.48	6.5869	10.826	197.5	-0.11753	38.723	199.13	-63.281	63.198	115.13	-96.357	51.274	123.38	-125.69	19.585
224.61	1.9748	8.1957	185.16	6.1638	11.728	200.98	-0.63436	39.441	202.02	-63.715	63.988	117.88	-96.212	51.745	126.08	-125.67	20.046
228.28	1.4027	9.0157	188.91	5.8439	12.118	204.55	-1.0503	40.178	204.94	-64.088	64.799	120.66	-96.037	52.19	128.82	-125.49	20.674
232.04	0.85398	9.7236	192.68	5.4835	12.634	208.04	-1.5407	40.717	207.9	-64.441	65.553	123.47	-95.852	52.568	131.52	-125.49	21.149
235.76	0.32478	10.408	196.42	5.1631	12.913	211.58	-1.9617	41.25	210.82	-64.787	66.148	126.3	-95.618	52.932	134.26	-125.4	21.508
239.08	-0.42969	10.496	200.16	4.7408	13.252	215.16	-2.3609	41.716	213.77	-65.102	66.697	129.15	-95.41	53.25	137.06	-125.38	21.928
242.79	-0.93066	11.014	203.89	4.3436	13.553	218.61	-2.8105	42.022	216.78	-65.402	67.201	132.01	-95.172	53.549	139.87	-125.22	22.309
246.94	-1.1667	11.989	207.57	3.9192	13.834	222.13	-3.2237	42.335	219.8	-65.709	67.653	134.89	-94.951	53.779	142.42	-124.98	22.605
250.58	-1.6376	12.325	211.2	3.5208	14.044	225.64	-3.6548	42.582	222.86	-66.059	67.903	137.78	-94.753	54.023	145.26	-124.98	22.913
254.1	-2.114	12.553	214.79	3.1367	14.366	229.08	-4.0736	42.741	225.89	-66.403	68.117	140.66	-94.573	54.239	148	-124.81	23.037
257.55	-2.5724	12.703	218.28	2.9487	14.252	232.56	-4.4765	42.976	228.93	-66.783	68.224	143.56	-94.39	54.419	150.7	-124.64	23.414
260.95	-2.9985	12.779	221.71	2.544	14.541	235.97	-4.9043	43.095	231.96	-67.157	68.268	146.39	-94.208	54.539	153.31	-124.42	23.451
263.81	-3.6246	12.273	225	2.3679	14.606	239.29	-5.3208	43.161	234.93	-67.545	68.196	149.19	-94.023	54.63	155.81	-124.37	23.349
267.41	-3.7549	12.72	228.24	2.0744	14.686	242.54	-5.7104	43.134	237.84	-67.87	68.071	151.91	-93.832	54.701	158.24	-124.12	23.338
270.53	-4.0895	12.615	231.35	1.8714	14.554	245.72	-6.0144	43.077	240.62	-68.171	67.887	154.56	-93.638	54.731	160.73	-123.87	23.351
272.99	-4.613	11.811	234.3	1.6816	14.498	248.76	-6.3033	42.929	243.32	-68.392	67.649	157.1	-93.405	54.658	163.08	-123.62	23.251
276.28	-4.6025	12.081	237.14	1.5792	14.276	251.66	-6.5248	42.714	245.9	-68.537	67.434	159.56	-93.15	54.561	165.28	-123.43	23.166
278.97	-4.8432	11.737	239.85	1.4357	14.055	254.42	-6.6492	42.454	248.38	-68.573	67.203	161.93	-92.861	54.404	167.44	-123.14	23.138
281.17	-5.223	10.888	242.44	1.4136	13.621	257.03	-6.7082	42.095	250.73	-68.529	66.996	164.19	-92.525	54.19	169.56	-122.9	22.898
284.1	-5.1439	10.92	244.94	1.2256	13.175	259.41	-6.7977	41.589	252.88	-68.448	66.666	166.31	-92.169	53.924	171.59	-122.7	22.655
286.47	-5.2532	10.507	247.28	1.2932	12.698	261.74	-6.7515	41.123	254.98	-68.267	66.414	168.37	-91.774	53.608	173.48	-122.45	22.533
288.79	-5.413	10.025	249.61	1.1147	12.043	264	-6.6784	40.59	256.95	-68.057	66.109	170.32	-91.356	53.24	175.39	-122.19	22.195
290.59	-5.7079	8.937	251.82	1.0127	11.276	266.09	-6.6758	39.928	258.82	-67.818	65.702	172.16	-90.902	52.823	177.21	-121.96	22.008
293.19	-5.5244	8.888	253.89	1.0402	10.54	268.13	-6.556	39.257	260.58	-67.575	65.264	173.92	-90.447	52.348	178.94	-121.66	21.709
295.19	-5.6308	8.1619	255.92	0.97179	9.6565	270.07	-6.4891	38.476	262.31	-67.289	64.793	175.57	-89.978	51.843	180.57	-121.38	21.369
297.08	-5.6723	7.4427	257.8	0.9381	8.871	271.92	-6.353	37.742	263.98	-66.99	64.305	177.17	-89.504	51.327	182.05	-121.1	20.951
298.85	-5.6487	6.6108	259.55	1.0366	8.0137	273.65	-6.2543	36.863	265.51	-66.746	63.654	178.71	-89.066	50.772	183.57	-120.77	20.581
300.48	-5.6539	5.7548	261.17	1.0736	7.0835	275.29	-6.068	36.03	267.05	-66.447	63.019	180.17	-88.646	50.211	184.93	-120.5	20.173
301.95	-5.5947	4.7615	262.66	1.1479	6.1275	276.78	-5.9444	35.091	268.49	-66.155	62.288	181.57	-88.246	49.659	186.18	-120.26	19.645
303.37	-5.4565	3.852	263.98	1.2964	5.1382	278.17	-5.7445	34.043	269.83	-65.866	61.455	182.85	-87.863	49.076	187.39	-119.99	19.126
304.56	-5.3573	2.6814	265.21	1.3877	4.1754	279.51	-5.47	33.104	271.11	-65.517	60.644	184.06	-87.479	48.478	188.79	-120.22	18.687
305.68	-5.1595	1.5697	266.3	1.5278	3.1102	280.67	-5.2516	32.012	272.31	-65.158	59.768	185.18	-87.121	47.829	189.49	-119.45	18.164
306.13	-5.2144	-0.23637	267.24	1.7047	1.9931	281.69	-4.9989	30.866	273.4	-64.733	58.875	186.23	-86.768	47.241	190.48	-119.16	17.638
307.51	-4.6985	-0.81954	268.04	1.9919	0.93244	282.62	-4.6615	29.66	274.42	-64.302	57.936	187.15	-86.41	46.575	191.39	-118.88	17.086
308.27	-4.392	-2.0224	268.77	2.1525	-0.35294	283.47	-4.2974	28.511	275.31	-63.847	56.947	188.02	-86.087	45.874	192.1	-118.74	16.517
308.42	-4.4056	-3.9783	269.38	2.4055	-1.6256	284.16	-3.9274	27.278	276.16	-63.363	55.996	188.82	-85.719	45.227	192.89	-118.44	15.905
309.02	-4.0364	-5.2263	269.92	2.5994	-3.008	284.78	-3.5697	26.019	276.91	-62.872	54.953	189.53	-85.404	44.421	193.47	-118.25	15.29
309.49	-3.7645	-6.6446	270.41	2.7436	-4.2128	285.33	-3.2422	24.714	277.59	-62.388	53.906	190.2	-85.073	43.725	194.1	-117.94	14.619
310.43	-3.1859	-7.3633	270.81	2.9673	-5.5318	285.8	-2.8865	23.353	278.2	-61.895	52.826	190.79	-84.721	42.917	194.62	-117.79	13.992
310.74	-2.985	-8.9043	271.13	3.1695	-6.928	286.23	-2.5434	21.978	278.77	-61.411	51.724	191.29	-84.413	42.123	195.04	-117.65	13.28
311.35	-2.6859	-10.088	271.32	3.4199	-7.6761	287.82	-2.0054	21.735	279.29	-60.982	50.601	191.74	-84.079	41.281	195.53	-117.36	12.646
312.03	-2.4867	-10.993	271.77	3.8419	-7.9814	288.62	-1.6926	21.719	279.79	-60.811	49.568	192.14	-83.755	40.406	195.89	-117.15	11.927
312.38	-2.0883	-11.518	271.93	4.2579	-8.2291	288.73	-1.2318	21.642	280.25	-60.83	48.706	192.43	-83.522	39.582	196.19	-116.94	11.11
312.68	-1.7694	-11.932	272.07	4.7159	-8.5707	289	-0.93664	21.679	280.5	-60.942	47.971	192.69	-83.402	38.893	196.43	-116.79	10.302
313.96	-0.76897	-11.058	272.25	4.9542	-8.8627	289.23	-0.66537	21.654	280.79	-61.034	47.285	192.94	-83.412	38.264	196.62	-116.62	9.5579
314.22	-0.817	-11.638	272.38	5.1382	-9.2226	289.45	-0.4402	21.622	280.99	-61.03	46.769	193.22	-83.389	37.732	196.71	-116.57	8.8528
313.62	-1.7095	-13.233	272.43	5.2905	-9.2467	289.62	-0.31656	21.662	281.03	-60.967	46.442	193.36	-83.291	37.213	196.82	-116.51	8.4697
313.79	-1.7527	-13.372	272.49	5.3593	-9.5468	289.75	-0.23097	21.709	280.92	-60.844	46.371	193.33	-83.109	36.85	196.82	-116.39	8.0744
313.86	-1.7487	-13.403	272.45	5.4301	-9.7804	289.84	-0.18862	21.695	280.72	-60.699	46.347	193.17	-82.873	36.593	196.79	-116.36	7.9018
313.89	-1.7289	-13.348	272.4	5.4743	-10.011	289.87	-0.17492	21.682	280.56	-60.512	46.467	192.99	-82.66	36.404	196.78	-116.35	7.9131
313.89	-1.6797	-13.303	272.3	5.5708	-10.315	289.88	-0.16884	21.69	280.39	-60.328	46.609	192.85	-82.573	36.318	196.73	-116.33	7.9471
313.89	-1.6654	-13.248	272.21	5.5796	-10.47	289.88	-0.16884	21.69	280.22	-60.169	46.757	192.76	-82.572	36.264	196.68	-116.35	8.0272
313.89	-1.6617	-13.185	272.1	5.5439	-10.759	289.88	-0.17192	21.688	280.05	-60.044	46.857	192.71	-82.6	36.233	196.64	-116.39	8.1188
313.87	-1.6553	-13.136	271.94	5.4038	-10.926	289.85	-0.16239	21.69	279.86	-59.964	46.925	192.62	-82.593	36.223	196.57	-116.41	8.2061
313.77	-1.6113	-13.116	271.72	5.292	-11.582	289.72	-0.1218	21.703	279.71	-59.893	46.98	192.47	-82.559	36.218	196.5	-116.43	8.2822
313.64	-1.5259	-13.202	271.19	4.9071	-12.62	289.6	0.015514	21.705	279.55	-59.776	46.974	192.31	-82.552	36.247	196.4	-116.49	8.3724
313.51	-1.5127	-13.417	270.87	4.8086	-12.966	289.41	0.088769	21.715	279.4	-59.627	46.899	192.19	-82.532	36.225	196.25	-116.55	8.3989
313.48	-1.5926	-13.572	270.6	4.7293	-12.936	289.29	0.15526	21.71	279.17	-59.616	46.706	192.07	-82.475	36.065	196.08	-116.64	8.4192
314.43	-0.77408	-12.256	270.37	4.786	-13.106	289.16	0.18893	21.695	278.99	-59.694	46.592	191.91	-82.433	35.937	195.86	-116.74	8.3366
314.33	-0.96117	-12.36	270.12	4.7555	-13.096	288.97	0.2074	21.694	278.78	-59.802	46.503	191.65	-82.501	35.887	195.67	-116.83	8.2705
313.33	-2.1455	-13.802	269.86	4.645	-13.179	288.8	0.19612	21.675	278.52	-59.911	46.45	191.38	-82.622	35.868	195.47	-116.93	8.2635
313.35	-2.4234	-13.855	269.58	4.449	-13.187	288.69	0.1794	21.71	278.23	-60.017	46.423	191.13	-82.71	35.826	195.19	-117.02	8.2813
313.47	-2.7895	-13.873	269.2	4.3084	-13.029	288.66	0.16187	21.714	277.95	-60.078	46.411	190.87	-82.753	35.822	194.81	-117.15	8.3287
313.72	-3.3159	-14.032	268.64	4.3674	-13.12	288.66	0.13723	21.714	277.6	-60.089	46.399	190.56	-82.82	35.864	194.53	-117.33	8.5184
313.99	-3.9313	-14.485	268.07	4.1867	-13.014	288.68	0.06187	21.706	277.28	-60.005	46.247	190.21	-82.94	36.014	194.28	-117.55	8.7761
314.19	-4.4332	-14.778	267.36	4.2194	-13.122	288.69	0.065921	21.713	277.1	-59.929	46.147	189.84	-83.078	36.121	193.92	-117.74	8.9419
314.48	-4.7571	-14.623	266.6	4.1577	-12.8	288.69	0.0733	21.695	276.82	-60.003	46.042	189.48	-83.211	36.26	193.5	-117.97	9.2227
314.91	-5.1694	-14.321	265.87	4.0695	-12.785	288.69	0.07263	21.709	276.51	-60.178	45.98	189.15	-83.349	36.413	193.18	-118.13	9.4238
315.45	-5.7018	-13.968	265.05	4.0373	-12.72	288.69	0.08102	21.709	276.2	-60.39	46.066	188.8	-83.614	36.622	192.85	-118.4	9.6395
316.13	-6.3789	-13.568	264.28	3.8954	-12.601	288.69	0.096489	21.709	275.87	-60.634	46.098	188.46	-83.972	36.868	192.33	-118.72	9.7951
316.92	-7.1721	-13.033	263.48	3.6957	-12.362	288.69	0.09656	21.709	275.48	-60.941	46.18	188.1	-84.281	37.118	191.97	-119.01	10.053
317.78	-8.009	-12.384	262.66	3.549	-12.282	288.7	0.10052	21.702	275.11	-61.229	46.306	187.7	-84.554	37.411	191.58	-119.32	10.403
318.62	-8.9141	-11.631	261.86	3.2425	-12.168	288.7	0.10414	21.703	274.71	-61.553	46.426	187.25	-84.848	37.745	191.03	-119.68	10.732
319.48	-9.802	-10.721	260.9	2.9704	-12.042	288.71	0.10946	21.715	274.23	-61.949	46.556	186.76	-85.217	38.078	190.56	-120	11.15
320.23	-10.764	-9.8447	259.97	2.5732	-12.034	288.71	0.11036	21.701	273.78	-62.312	46.776	186.28	-85.64	38.448	190.03	-120.41	11.479
320.91	-11.765	-8.8387	258.99	2.1491	-11.873	288.71	0.10134	21.711	273.23	-62.77	46.883	185.76	-86.137	38.802	189.48	-120.89	11.799
321.49	-12.754	-7.8706	258.07	1.7348	-11.693	288.71	0.1042	21.702	272.7	-63.186	47.102	185.24	-86.63	39.162	188.92	-121.34	12.141
321.89	-13.7	-6.8804	257.19	1.2903	-11.355	288.71	0.11183	21.704	272.1	-63.684	47.308	184.61	-87.165	39.523	188.2	-121.87	12.412
322.17	-14.744	-5.8752	256.23	0.89341	-11.01	288.72	0.10653	21.707	271.45	-64.257	47.522	183.92	-87.711	39.901	187.54	-122.35	12.78
322.28	-15.728	-4.8874	255.28	0.41378	-10.393	288.71	0.10145	21.698	270.71	-64.903	47.749	183.16	-88.344	40.34	186.69	-122.94	13.105
322.2	-16.728	-3.9057	254.27	-0.040669	-9.8176	288.71	0.10085	21.711	270	-65.54	48.051	182.37	-89.02	40.749	186.14	-123.96	13.698
322.07	-17.731	-2.8512	253.26	-0.5694	-9.1023	288.72	0.097462	21.703	269.16	-66.304	48.352	181.52	-89.753	41.211	185.04	-124.13	13.846
321.75	-18.856	-1.8927	252.19	-1.0904	-8.5234	288.72	0.095038	21.701	268.27	-67.065	48.717	180.62	-90.48	41.674	184.05	-124.76	14.208
321.42	-19.918	-0.74314	251.06	-1.6814	-7.6312	288.72	0.091768	21.709	267.31	-67.852	49.185	179.61	-91.23	42.18	182.97	-125.4	14.579
320.96	-21.071	0.45439	249.91	-2.2765	-6.766	288.71	0.086415	21.715	266.22	-68.701	49.683	178.49	-92.011	42.758	181.82	-126.04	15.063
320.38	-22.268	1.6419	248.65	-2.8781	-5.7673	288.71	0.086492	21.715	265.05	-69.601	50.182	177.28	-92.781	43.345	180.63	-126.67	15.477
319.66	-23.459	2.877	247.33	-3.4141	-4.7776	288.71	0.084542	21.711	263.77	-70.547	50.816	175.95	-93.583	43.944	179.58	-127.82	16.161
318.77	-24.668	4.201	245.92	-3.9567	-3.7345	288.71	0.085768	21.713	262.38	-71.526	51.551	174.53	-94.409	44.595	177.85	-128.09	16.489
317.7	-25.813	5.56	244.48	-4.5876	-2.3113	288.71	0.084545	21.711	260.89	-72.546	52.288	173	-95.297	45.333	176.3	-128.83	16.982
316.47	-26.954	6.9468	242.88	-5.1532	-0.82101	288.71	0.084545	21.711	259.26	-73.617	53.087	171.39	-96.206	46.079	174.75	-129.53	17.624
315.11	-28.011	8.4266	241.2	-5.7324	1.0681	288.71	0.082123	21.709	257.52	-74.713	53.976	169.64	-97.158	46.873	172.96	-130.3	18.205
313.53	-28.962	9.9392	239.42	-6.169	2.5986	288.7	0.089759	21.708	255.68	-75.791	54.978	167.78	-98.109	47.687	171.09	-131.02	18.788
311.7	-29.97	11.355	237.52	-6.717	4.6947	288.7	0.094516	21.703	253.65	-76.901	56.052	165.79	-99.073	48.562	169.19	-131.72	19.418
309.71	-30.828	12.895	235.52	-7.2409	6.6262	288.7	0.093006	21.714	251.52	-77.972	57.091	163.64	-100.04	49.457	167.14	-132.39	20.124
308.19	-32.36	10.834	234.56	-8.0071	5.5703	288.7	0.093007	21.714	250.41	-78.979	55.92	162.85	-100.67	48.82	166.35	-133	19.491
305.04	-32.248	15.868	231.38	-7.7321	11.315	288.7	0.10027	21.715	246.93	-79.768	59.762	158.89	-101.96	51.31	162.53	-133.74	21.479
302.37	-32.787	17.326	228.92	-8.1736	13.229	288.7	0.10348	21.717	244.34	-80.68	60.95	156.32	-102.85	52.258	160.17	-134.32	22.271
302.37	-32.787	17.326	226.29	-8.616	15.08	288.7	0.10614	21.711	241.56	-81.544	62.135	153.6	-103.71	53.208	157.53	-134.96	22.893
296.37	-33.451	20.099	223.41	-9.0105	16.87	288.71	0.099145	21.707	238.65	-82.326	63.344	150.74	-104.55	54.148	154.89	-135.56	23.699
293.06	-33.597	21.387	220.47	-9.4443	18.825	288.71	0.10244	21.711	235.6	-83.013	64.596	147.77	-105.34	55.11	152.04	-136.12	24.439
289.53	-33.663	22.604	217.31	-9.7774	20.521	288.71	0.10144	21.71	232.38	-83.652	65.798	144.65	-106.1	56.05	149.12	-136.71	25.214
285.79	-33.523	23.817	214.01	-10.181	22.398	288.71	0.099996	21.712	229.04	-84.202	67.016	141.39	-106.85	56.992	146.05	-137.21	25.858
281.8	-33.249	24.996	210.56	-10.46	24.092	288.71	0.099056	21.71	225.57	-84.668	68.203	138	-107.57	57.894	142.87	-137.67	26.677
277.6	-32.82	26.004	206.85	-10.656	25.768	288.72	0.093532	21.71	221.97	-85.042	69.363	134.5	-108.26	58.808	139.7	-138.07	27.374
273.14	-32.236	27.026	203.05	-10.857	27.451	288.71	0.098394	21.72	218.22	-85.365	70.431	130.89	-108.94	59.724	136.24	-138.54	28.011
268.42	-31.416	27.965	199.09	-10.925	28.926	288.71	0.098599	21.71	214.36	-85.62	71.531	127.18	-109.59	60.579	132.76	-138.97	28.689
263.39	-30.553	28.707	195.01	-11.034	30.577	288.72	0.091401	21.709	210.4	-85.813	72.572	123.36	-110.23	61.432	129.3	-139.31	29.544
258.15	-29.495	29.384	190.81	-10.994	32.015	288.71	0.084333	21.711	206.32	-85.896	73.561	119.44	-110.86	62.29	125.59	-139.72	30.223
252.65	-28.261	30.018	186.44	-11.038	33.458	288.71	0.084335	21.711	202.18	-85.913	74.541	115.45	-111.42	63.136	121.79	-140	30.874
246.84	-26.921	30.5	181.91	-11.054	34.849	288.7	0.094713	21.717	197.92	-85.842	75.441	111.34	-112.01	63.942	117.97	-140.3	31.432
240.74	-25.578	30.88	177.23	-10.9	36.053	288.71	0.087117	21.701	193.58	-85.731	76.306	107.17	-112.56	64.774	114.08	-140.68	32.095
234.6	-24.033	31.43	172.4	-10.769	37.186	288.7	0.090504	21.709	189.13	-85.539	77.136	102.93	-113.13	65.554	110.11	-140.94	32.911
228.1	-22.465	31.729	167.48	-10.701	38.353	223.53	-18.348	32.499	184.64	-85.285	77.993	99.114	-113.38	66.662	106.53	-140.99	33.885
221.47	-20.853	32.116	162.4	-10.451	39.238	216.76	-16.84	33.195	180.03	-84.996	78.786	94.742	-113.92	67.392	102.65	-141.51	34.531
214.72	-19.186	32.579	157.22	-10.281	40.169	209.81	-15.436	33.8	175.33	-84.64	79.465	90.324	-114.48	68.077	98.222	-141.54	35.005
207.69	-17.68	32.854	151.94	-9.9056	40.721	202.75	-14.035	34.4	170.56	-84.24	80.174	85.831	-115.03	68.739	94.127	-142.03	35.629
200.74	-16.062	33.227	146.6	-9.6913	41.483	195.55	-12.767	35.016	165.7	-83.733	80.846	81.259	-115.51	69.292	89.688	-142.1	35.998
288.71	0.099328	21.708	141.16	-9.3599	41.983	NaN	NaN	NaN	160.77	-83.248	81.462	76.657	-115.99	69.852	85.487	-142.52	36.527
288.7	0.095456	21.717	135.69	-8.9937	42.364	186.5	-13.258	33.749	155.79	-82.716	82.004	71.999	-116.43	70.349	81.114	-142.76	36.982
288.71	0.099165	21.707	130.15	-8.6493	42.714	NaN	NaN	NaN	150.73	-82.12	82.536	67.299	-116.84	70.739	76.624	-142.89	37.358
288.71	0.10081	21.71	124.61	-8.3104	42.925	NaN	NaN	NaN	145.66	-81.538	82.985	62.069	-117.53	70.776	71.593	-143.26	37.253
288.71	0.098907	21.72	119.03	-7.9923	43.108	NaN	NaN	NaN	140.51	-80.919	83.392	57.805	-117.6	71.465	67.765	-143.34	37.974
288.71	0.10104	21.712	113.43	-7.5866	43.107	NaN	NaN	NaN	135.36	-80.319	83.709	52.578	-118.23	71.354	62.702	-143.73	37.78
288.71	0.098962	21.708	107.84	-7.1907	43.081	NaN	NaN	NaN	130.19	-79.628	83.966	47.832	-118.54	71.569	58.225	-143.9	37.993
288.71	0.098938	21.707	102.26	-6.8553	42.969	143.38	-6.1202	34.962	125.04	-79.025	84.185	43.075	-118.85	71.727	53.758	-144.05	38.076
288.71	0.098847	21.709	96.599	-6.481	42.807	NaN	NaN	NaN	119.62	-78.592	83.925	38.316	-119.15	71.806	49.258	-144.21	38.173
288.71	0.10107	21.714	90.935	-6.0621	42.508	NaN	NaN	NaN	114.45	-77.999	83.934	33.616	-119.41	71.882	44.735	-144.33	38.188
288.71	0.098416	21.72	85.282	-5.7161	42.242	NaN	NaN	NaN	109.32	-77.304	83.926	28.901	-119.68	71.9	40.253	-144.39	38.098
288.71	0.098851	21.71	79.607	-5.4033	41.876	NaN	NaN	NaN	104.22	-76.63	83.839	24.203	-119.94	71.842	35.873	-144.58	38.065
288.71	0.088952	21.718	73.956	-5.0615	41.428	NaN	NaN	NaN	99.158	-75.954	83.65	19.558	-120.17	71.753	31.395	-144.66	37.999
288.71	0.094175	21.702	68.351	-4.6476	40.788	NaN	NaN	NaN	94.097	-75.253	83.425	14.964	-120.43	71.607	27.1	-144.84	37.859
288.71	0.094983	21.716	62.762	-4.3507	40.185	95.316	-1.5164	29.986	89.08	-74.545	83.125	10.445	-120.67	71.43	22.719	-145	37.646
288.7	0.092942	21.713	57.193	-4.0762	39.582	88.622	-0.8656	29.38	84.149	-73.83	82.75	5.9925	-120.92	71.159	18.498	-145.13	37.391
288.7	0.093178	21.713	51.75	-3.7372	38.781	81.701	0.15058	30.37	79.272	-73.149	82.288	1.4328	-121	71.093	14.216	-145.21	37.028
288.7	0.090671	21.71	46.386	-3.489	38.128	75.213	0.53259	29.419	74.484	-72.465	81.832	-2.8829	-121.21	70.782	10.145	-145.39	36.751
288.7	0.092859	21.713	41.196	-3.2703	37.307	68.808	1.0301	28.791	69.79	-71.79	81.33	-7.1364	-121.45	70.374	6.0813	-145.57	36.359
288.7	0.091402	21.712	36.013	-3.0503	36.359	62.674	1.3855	27.939	65.203	-71.172	80.779	-11.295	-121.68	69.939	2.1828	-145.67	35.967
288.7	0.093094	21.712	30.87	-2.812	35.473	56.923	1.7203	27.04	60.679	-70.53	80.126	-15.361	-121.9	69.528	-1.6007	-145.76	35.616
288.7	0.099316	21.7	25.756	-2.5869	34.584	51.622	2.0539	25.996	56.251	-69.969	79.479	-19.303	-122.09	69.014	-5.5519	-145.99	34.983
288.71	0.098403	21.708	20.819	-2.3698	33.683	46.572	2.3671	25.076	51.918	-69.431	78.759	-23.188	-122.3	68.475	-9.2188	-146.14	34.392
288.71	0.097786	21.707	15.203	-2.861	31.816	41.949	2.4388	22.187	47.767	-68.869	78.093	-26.885	-122.51	67.869	-12.778	-146.24	33.795
288.71	0.098017	21.707	10.568	-1.4505	33.756	36.947	2.8759	23.138	43.685	-68.366	77.286	-30.552	-122.67	67.2	-16.2	-146.43	33.234
288.71	0.095968	21.705	6.6337	-1.7308	31.346	32.384	3.0812	22.075	39.764	-67.888	76.494	-34.034	-122.83	66.55	-19.432	-146.5	32.702
288.71	0.099125	21.71	2.9082	-1.5779	30.306	28.071	3.3295	21.003	35.992	-67.397	75.682	-37.478	-122.93	65.821	-22.669	-146.66	31.946
288.71	0.096754	21.706	-1.2292	-1.3728	28.991	23.924	3.4524	19.818	32.36	-67.009	74.803	-40.746	-123.02	65.053	-25.787	-146.83	31.163
288.71	0.094178	21.702	-5.0776	-1.2965	27.844	20.035	3.5628	18.64	28.921	-66.604	73.926	-43.868	-123.1	64.273	-28.698	-146.93	30.436
288.71	0.096039	21.704	-8.6897	-1.3763	26.768	16.381	3.6755	17.482	25.608	-66.256	72.983	-46.874	-123.17	63.429	-31.624	-146.98	29.582
288.71	0.098573	21.721	-12.036	-1.2998	25.609	12.966	3.7361	16.29	22.481	-65.949	72.027	-49.705	-123.24	62.569	-34.336	-147.13	28.818
288.71	0.10069	21.699	-15.364	-1.6829	23.519	9.7216	3.7667	15.085	19.511	-65.666	71.053	-52.493	-123.28	61.659	-36.906	-147.26	27.861
288.71	0.098648	21.71	-18.339	-1.6289	22.19	6.7241	3.8253	13.89	16.702	-65.451	70.021	-55.056	-123.31	60.754	-39.378	-147.37	26.99
288.71	0.10223	21.714	-21.142	-1.6504	20.986	3.9168	3.7967	12.663	14.09	-65.207	69.041	-57.509	-123.33	59.802	-41.726	-147.43	26.073
288.71	0.099022	21.707	-23.686	-1.6846	19.766	1.3258	3.7866	11.407	11.622	-65.033	68.014	-59.829	-123.34	58.821	-43.888	-147.48	25.124
288.72	0.10382	21.702	-26.053	-1.6738	18.478	-1.0226	3.7847	10.159	9.2872	-64.862	66.979	-62.014	-123.34	57.839	-45.928	-147.55	24.231
288.71	0.098696	21.708	-28.188	-1.7022	17.223	-3.1985	3.7272	8.959	7.1122	-64.71	65.975	-64.087	-123.32	56.807	-47.817	-147.67	23.218
288.71	0.094173	21.702	-30.205	-1.7906	15.899	-5.0701	3.689	7.7799	5.0923	-64.613	64.976	-66.021	-123.28	55.794	-49.765	-147.53	22.202
288.71	0.095762	21.719	-32.001	-1.7985	14.543	-6.8781	3.6111	6.5032	3.1866	-64.464	64.024	-67.831	-123.23	54.74	-51.304	-147.66	21.284
288.71	0.097931	21.708	-33.597	-1.8531	13.171	-8.4126	3.5283	5.3243	1.3935	-64.382	63.062	-69.52	-123.16	53.673	-52.824	-147.75	20.358
288.71	0.09631	21.716	-35.029	-1.8548	11.704	-9.7568	3.4074	4.1487	-0.27604	-64.221	62.141	-71.103	-123.08	52.602	-54.214	-147.84	19.41
288.7	0.094039	21.715	-36.246	-1.9522	10.388	-11.027	3.2742	2.8369	-1.8418	-64.145	61.204	-72.574	-122.96	51.529	-55.385	-147.93	18.481
288.7	0.095685	21.717	-37.383	-2.0501	9.0371	-12.057	3.1209	1.6987	-3.2581	-64.044	60.308	-73.937	-122.85	50.409	-56.522	-148	17.52
288.7	0.091456	21.711	-38.389	-2.1673	7.5412	-13.001	2.9979	0.49265	-4.5837	-63.987	59.436	-75.178	-122.76	49.343	-57.621	-147.96	16.633
288.71	0.098201	21.706	-39.549	-2.4878	5.7207	-13.757	2.8077	-0.65374	-5.7879	-63.916	58.548	-76.314	-122.66	48.248	-58.496	-148.09	15.652
288.7	0.094309	21.703	-40.281	-2.6734	4.5858	-14.431	2.6886	-1.7639	-6.8578	-63.847	57.665	-77.339	-122.54	47.165	-59.416	-148.12	14.771
288.71	0.087493	21.702	-40.93	-2.6969	3.176	-15.056	2.5383	-2.9173	-7.8089	-63.84	56.774	-78.227	-122.46	46.077	-60.09	-148.22	13.798
288.7	0.094531	21.703	-41.374	-2.7956	2.1573	-15.546	2.3714	-3.9354	-8.6072	-63.843	55.832	-78.997	-122.4	45.035	-60.865	-148.19	12.928
288.7	0.094307	21.703	-41.859	-2.8959	0.93263	-15.996	2.2185	-5.0253	-9.2792	-63.895	54.927	-79.675	-122.34	43.948	-61.374	-148.34	11.94
288.71	0.096245	21.718	-42.278	-2.9933	-0.27389	-16.322	2.1155	-6.088	-9.8485	-63.933	53.933	-80.215	-122.33	42.91	-61.884	-148.42	10.957
288.72	0.10354	21.715	-42.518	-3.0511	-1.3665	-16.596	1.949	-7.1713	-10.315	-64.009	52.902	-80.693	-122.27	41.852	-62.343	-148.51	10.006
288.71	0.1	21.712	-42.752	-3.1342	-2.5073	-16.793	1.8352	-8.2471	-10.65	-64.086	51.887	-81.053	-122.29	40.822	-62.711	-148.53	9.0538
288.71	0.097683	21.719	-42.945	-3.257	-3.6767	-17.028	1.666	-9.4541	-10.898	-64.163	50.833	-81.375	-122.26	39.768	-63.092	-148.55	8.0511
288.71	0.089362	21.706	-43.021	-3.3763	-4.8097	-17.073	1.5025	-10.606	-11.11	-64.25	49.694	-81.601	-122.26	38.775	-63.314	-148.57	7.091
288.71	0.10226	21.713	-43.121	-3.5414	-6.0176	-17.124	1.3423	-11.796	-11.221	-64.324	48.538	-81.809	-122.23	37.74	-63.693	-148.53	6.0716
288.7	0.094151	21.702	-43.183	-3.6375	-7.3795	-17.238	1.1066	-13.176	-11.291	-64.394	47.415	-81.962	-122.21	36.759	-63.88	-148.57	5.0427
288.71	0.095933	21.705	-43.216	-3.8096	-8.7563	-17.18	0.82719	-14.467	-11.377	-64.446	46.268	-82.087	-122.2	35.723	-64.041	-148.64	4.0475
288.71	0.10104	21.712	-43.078	-3.9797	-10.048	-17.077	0.58026	-15.739	-11.502	-64.463	45.201	-82.25	-122.15	34.699	-64.061	-148.99	3.0863
288.71	0.088829	21.705	-42.954	-4.1722	-11.447	-16.867	0.27345	-17.029	-11.697	-64.451	44.254	-82.405	-122.09	33.619	-64.114	-149.04	2.1807
288.71	0.10153	21.7	-42.759	-4.2193	-12.701	-16.605	0.044466	-18.089	-11.967	-64.457	43.39	-82.626	-121.96	32.557	-64.291	-149.04	1.2861
288.71	0.090393	21.706	-42.677	-4.1543	-12.961	-16.55	0.14152	-18.278	-12.214	-64.534	42.73	-82.917	-121.84	31.488	-64.254	-149.19	0.40303
288.7	0.094147	21.702	-42.562	-4.0765	-12.967	-16.388	0.039274	-18.332	-12.412	-64.87	42.342	-83.182	-121.74	30.49	-64.304	-149.22	-0.40985
288.71	0.10323	21.701	-42.406	-3.9666	-13.171	-16.17	-0.099259	-18.346	-12.73	-65.226	42.278	-83.418	-121.67	29.678	-64.396	-149.33	-1.1263
288.71	0.10137	21.699	-42.248	-4.0309	-13.174	-15.948	-0.29518	-18.261	-13.076	-65.445	42.381	-83.549	-121.77	29.142	-64.41	-149.35	-1.7662
288.71	0.09694	21.704	-42.136	-4.2036	-13.012	-15.832	-0.48107	-18.263	-13.433	-65.412	42.592	-83.682	-121.9	28.984	-64.378	-149.49	-2.0107
288.71	0.092379	21.694	-42.165	-4.28	-13.042	-15.787	-0.64203	-18.25	-13.828	-65.307	42.863	-83.873	-121.98	28.936	-64.555	-149.39	-1.7832
288.71	0.10132	21.711	-42.286	-4.2663	-13.21	-15.814	-0.71931	-18.186	-14.164	-65.146	43.139	-84.153	-121.9	28.895	-64.584	-149.6	-1.4231
288.71	0.10109	21.711	-42.416	-4.2741	-13.286	-15.902	-0.70675	-18.021	-14.58	-64.979	43.403	-84.417	-121.72	28.875	-64.624	-149.56	-1.1002
288.71	0.10086	21.711	-42.585	-4.3281	-13.261	-16.021	-0.64394	-17.935	-14.933	-64.776	43.583	-84.707	-121.59	28.814	-64.696	-149.57	-0.99448
288.72	0.10402	21.702	-42.687	-4.3231	-13.209	-16.122	-0.55695	-17.897	-15.3	-64.58	43.696	-84.918	-121.57	28.752	-64.809	-149.58	-0.98468
288.72	0.093891	21.71	-42.776	-4.268	-13.262	-16.233	-0.44815	-17.871	-15.581	-64.401	43.797	-85.088	-121.52	28.649	-64.939	-149.57	-0.97741
288.72	0.096461	21.703	-42.886	-4.1655	-13.414	-16.309	-0.3706	-17.857	-15.872	-64.247	43.828	-85.321	-121.35	28.498	-65.211	-149.39	-0.97695
288.71	0.087477	21.702	-43.017	-4.0262	-13.624	-16.376	-0.31122	-17.864	-16.097	-64.146	43.817	-85.575	-121.16	28.362	-65.356	-149.34	-0.94884
288.71	0.10158	21.699	-43.114	-3.9342	-13.705	-16.443	-0.25503	-17.856	-16.284	-64.018	43.838	-85.856	-121	28.255	-65.456	-149.27	-0.90643
288.72	0.094278	21.711	-43.195	-3.878	-13.752	-16.534	-0.22386	-17.882	-16.486	-63.893	43.839	-86.118	-120.9	28.14	-65.597	-149.2	-1.0078
288.7	0.094137	21.702	-43.244	-3.8296	-13.782	-16.587	-0.19099	-17.88	-16.666	-63.816	43.825	-86.29	-120.83	28.065	-65.776	-149.14	-1.0097
288.71	0.09684	21.693	-43.288	-3.7835	-13.799	-16.641	-0.16979	-17.887	-16.824	-63.761	43.856	-86.418	-120.75	28.003	-66.011	-148.97	-1.0283
288.7	0.09356	21.701	-43.333	-3.7543	-13.81	-16.675	-0.14126	-17.873	-16.97	-63.685	43.871	-86.565	-120.67	27.942	-66.106	-148.99	-1.0327
288.7	0.10405	21.705	-43.363	-3.7323	-13.801	-16.714	-0.14542	-17.867	-17.127	-63.64	43.839	-86.73	-120.59	27.857	-66.17	-148.99	-0.9882
288.69	0.11017	21.703	-43.388	-3.7317	-13.803	-16.737	-0.15014	-17.839	-17.251	-63.588	43.834	-86.895	-120.55	27.78	-66.247	-148.97	-0.93587
288.69	0.11032	21.704	-43.395	-3.7847	-13.698	-16.747	-0.16181	-17.818	-17.366	-63.558	43.817	-87.026	-120.54	27.747	-66.361	-148.98	-0.95258
288.69	0.10857	21.687	-43.42	-3.7854	-13.713	-16.748	-0.18045	-17.797	-17.428	-63.539	43.828	-86.95	-120.67	27.363	-66.427	-148.98	-0.97005
288.69	0.10806	21.699	-43.43	-3.7926	-13.708	-16.763	-0.2089	-17.791	-17.48	-63.528	43.824	-87.019	-120.66	27.308	-66.5	-149.01	-0.98819
288.7	0.10464	21.691	-43.456	-3.807	-13.731	-16.752	-0.23063	-17.779	-17.516	-63.538	43.802	-87.069	-120.66	27.279	-66.568	-149.02	-1.0289
288.69	0.11217	21.692	-43.451	-3.8205	-13.72	-16.744	-0.2574	-17.774	-17.538	-63.567	43.771	-87.118	-120.68	27.231	-66.619	-149.04	-1.0789
288.7	0.11412	21.696	-43.456	-3.8244	-13.726	-16.731	-0.2891	-17.769	-17.541	-63.584	43.729	-87.157	-120.69	27.204	-66.665	-149.07	-1.1136
288.69	0.11119	21.691	-43.449	-3.8373	-13.712	-16.723	-0.31474	-17.764	-17.528	-63.615	43.687	-87.172	-120.71	27.159	-66.707	-149.1	-1.1498
288.7	0.10312	21.702	-43.453	-3.8539	-13.724	-16.711	-0.34873	-17.774	-17.496	-63.645	43.659	-87.181	-120.73	27.133	-66.729	-149.11	-1.1933
288.7	0.10296	21.702	-43.447	-3.8644	-13.725	-16.698	-0.36993	-17.776	-17.447	-63.664	43.631	-87.166	-120.74	27.104	-66.752	-149.12	-1.2264
288.71	0.09845	21.693	-43.434	-3.8704	-13.721	-16.69	-0.3967	-17.771	-17.395	-63.694	43.6	-87.139	-120.77	27.126	-66.757	-149.14	-1.2524
288.71	0.098971	21.707	-43.426	-3.8703	-13.715	-16.677	-0.41516	-17.775	-17.317	-63.707	43.593	-87.108	-120.8	27.139	-66.766	-149.14	-1.3005
288.71	0.096828	21.693	-43.432	-3.8205	-13.83	-16.656	-0.44075	-17.791	-17.244	-63.744	43.544	-87.078	-120.81	27.133	-66.775	-149.16	-1.3473
288.7	0.091753	21.698	-43.411	-3.8216	-13.834	-16.636	-0.4419	-17.794	-17.179	-63.761	43.499	-87.038	-120.82	27.117	-66.781	-149.15	-1.4333
288.7	0.091978	21.698	-43.398	-3.8148	-13.835	-16.62	-0.45602	-17.809	-17.086	-63.773	43.445	-86.984	-120.84	27.118	-66.784	-149.17	-1.449
288.71	0.084708	21.697	-43.374	-3.8128	-13.821	-16.604	-0.46115	-17.819	-17.002	-63.779	43.413	-86.945	-120.86	27.102	-66.786	-149.17	-1.4846
288.71	0.084554	21.697	-43.364	-3.8056	-13.826	-16.595	-0.46928	-17.835	-16.947	-63.779	43.356	-86.907	-120.87	27.097	-66.777	-149.18	-1.5112
288.7	0.091851	21.701	-43.336	-3.7882	-13.8	-16.574	-0.46615	-17.849	-16.863	-63.785	43.324	-86.861	-120.89	27.096	-66.766	-149.18	-1.5418
288.7	0.091901	21.699	-43.322	-3.7793	-13.801	-16.558	-0.46703	-17.874	-16.81	-63.797	43.262	-86.807	-120.89	27.079	-66.757	-149.19	-1.5586
288.71	0.098964	21.707	-43.299	-3.764	-13.781	-16.523	-0.45565	-17.877	-16.752	-63.799	43.244	-86.762	-120.91	27.077	-66.718	-149.19	-1.5672
288.71	0.098291	21.694	-43.289	-3.7673	-13.793	-16.498	-0.4469	-17.904	-16.689	-63.793	43.21	-86.71	-120.92	27.065	-66.689	-149.18	-1.5932
288.7	0.10391	21.703	-43.269	-3.7443	-13.769	-16.477	-0.44265	-17.919	-16.641	-63.775	43.212	-86.651	-120.93	27.062	-66.67	-149.18	-1.6015
288.71	0.11159	21.701	-43.256	-3.7341	-13.771	-16.465	-0.43363	-17.938	-16.586	-63.776	43.195	-86.606	-120.94	27.087	-66.657	-149.19	-1.6294
288.7	0.11529	21.697	-43.24	-3.7102	-13.75	-16.414	-0.41376	-17.932	-16.546	-63.771	43.173	-86.554	-120.95	27.078	-66.613	-149.14	-1.7225
288.7	0.12012	21.69	-43.235	-3.7034	-13.757	-16.397	-0.41349	-17.953	-16.491	-63.757	43.168	-86.506	-120.96	27.069	-66.597	-149.14	-1.7468
