138.23	-1.1575	20.188	-36.835	-0.5093	-14.207	-11.322	5.6202	-18.57	-7.2128	-56.67	42.872	-68.906	-122	26.703	-45.511	-147.75	-1.8951
138.23	-1.1572	20.186	-36.837	-0.51144	-14.208	-11.327	5.6215	-18.588	-7.2103	-56.678	42.855	-68.898	-122.01	26.705	-45.507	-147.75	-1.8915
138.24	-1.1628	20.191	-36.84	-0.51393	-14.212	-11.323	5.625	-18.582	-7.2143	-56.682	42.851	-68.907	-122.02	26.695	-45.509	-147.75	-1.8952
138.24	-1.1552	20.192	-36.841	-0.52514	-14.22	-11.327	5.62	-18.574	-7.208	-56.679	42.842	-68.893	-122.02	26.699	-45.501	-147.76	-1.8954
138.24	-1.1548	20.19	-36.834	-0.52249	-14.214	-11.32	5.6251	-18.583	-7.2043	-56.689	42.839	-68.886	-122.02	26.704	-45.498	-147.76	-1.893
138.23	-1.1572	20.188	-36.833	-0.52124	-14.212	-11.321	5.6251	-18.583	-7.1931	-56.682	42.849	-68.881	-122.02	26.708	-45.5	-147.75	-1.8901
138.24	-1.1663	20.186	-36.834	-0.5225	-14.214	-11.318	5.6248	-18.582	-7.1985	-56.683	42.844	-68.882	-122.02	26.707	-45.494	-147.76	-1.8907
138.24	-1.1661	20.185	-36.836	-0.5238	-14.216	-11.314	5.6283	-18.576	-7.1898	-56.691	42.831	-68.882	-122.02	26.708	-45.492	-147.76	-1.9034
138.23	-1.1553	20.192	-36.837	-0.52386	-14.216	-11.326	5.6182	-18.589	-7.189	-56.69	42.831	-68.872	-122.02	26.698	-45.489	-147.75	-1.8994
138.24	-1.1544	20.194	-36.836	-0.5238	-14.216	-11.322	5.6344	-18.576	-7.1869	-56.688	42.834	-68.878	-122.03	26.704	-45.492	-147.76	-1.9034
138.24	-1.1565	20.191	-36.84	-0.51393	-14.212	-11.322	5.6217	-18.583	-7.1923	-56.692	42.829	-68.875	-122.02	26.695	-45.501	-147.75	-1.891
138.23	-1.1557	20.188	-36.834	-0.5225	-14.214	-11.322	5.6344	-18.576	-7.1972	-56.681	42.833	-68.881	-122.02	26.708	-45.491	-147.75	-1.9005
138.24	-1.1546	20.19	-36.836	-0.51142	-14.208	-11.326	5.6215	-18.588	-7.2004	-56.673	42.848	-68.884	-122.02	26.706	-45.501	-147.75	-1.9046
138.24	-1.1537	20.192	-36.84	-0.51394	-14.212	-11.317	5.6374	-18.574	-7.2133	-56.681	42.837	-68.887	-122.02	26.705	-45.5	-147.75	-1.8903
138.23	-1.156	20.19	-36.842	-0.51194	-14.213	-11.325	5.6342	-18.581	-7.2127	-56.668	42.858	-68.894	-122.01	26.692	-45.495	-147.75	-1.8972
138.23	-1.1557	20.188	-36.848	-0.50299	-14.224	-11.322	5.6372	-18.578	-7.2272	-56.663	42.841	-68.896	-122.01	26.69	-45.498	-147.75	-1.8867
138.24	-1.1516	20.196	-36.838	-0.50938	-14.209	-11.327	5.6461	-18.575	-7.2312	-56.654	42.857	-68.899	-122.01	26.687	-45.505	-147.75	-1.8929
138.24	-1.153	20.193	-36.842	-0.51075	-14.227	-11.335	5.6395	-18.583	-7.2334	-56.656	42.867	-68.901	-122.01	26.687	-45.504	-147.75	-1.9027
138.24	-1.1536	20.192	-36.84	-0.51082	-14.211	-11.323	5.6371	-18.578	-7.2432	-56.649	42.853	-68.901	-122.01	26.687	-45.495	-147.74	-1.8966
138.24	-1.1551	20.19	-36.832	-0.50571	-14.217	-11.327	5.6461	-18.575	-7.2394	-56.647	42.87	-68.913	-122	26.684	-45.491	-147.75	-1.8994
138.24	-1.1505	20.183	-36.848	-0.50225	-14.224	-11.323	5.6496	-18.569	-7.2482	-56.651	42.863	-68.91	-122	26.685	-45.502	-147.75	-1.8891
138.24	-1.1548	20.189	-36.844	-0.50084	-14.207	-11.33	5.6339	-18.585	-7.2435	-56.65	42.866	-68.906	-122.01	26.67	-45.492	-147.74	-1.8957
138.24	-1.1562	20.189	-36.847	-0.50343	-14.211	-11.328	5.6461	-18.575	-7.2466	-56.663	42.857	-68.898	-122.01	26.676	-45.487	-147.75	-1.8989
138.23	-1.1571	20.187	-36.844	-0.51333	-14.215	-11.33	5.6432	-18.578	-7.2427	-56.65	42.866	-68.902	-122.01	26.684	-45.49	-147.75	-1.9005
138.24	-1.1528	20.194	-36.847	-0.50343	-14.211	-11.332	5.643	-18.577	-7.2414	-56.661	42.847	-68.904	-122.02	26.684	-45.488	-147.76	-1.8867
138.23	-1.1581	20.187	-36.845	-0.50207	-14.209	-11.333	5.644	-18.593	-7.2332	-56.655	42.856	-68.887	-122.02	26.679	-45.48	-147.77	-1.8872
138.24	-1.1659	20.185	-36.848	-0.50425	-14.21	-11.319	5.6373	-18.573	-7.2312	-56.654	42.857	-68.879	-122.02	26.678	-45.474	-147.76	-1.8955
138.23	-1.1684	20.182	-36.848	-0.51666	-14.217	-11.326	5.6341	-18.58	-7.226	-56.663	42.853	-68.879	-122.02	26.678	-45.472	-147.77	-1.8986
138.24	-1.1649	20.185	-36.844	-0.51406	-14.214	-11.323	5.6385	-18.591	-7.2264	-56.663	42.84	-68.881	-122.03	26.687	-45.46	-147.78	-1.899
138.23	-1.1573	20.188	-36.848	-0.51667	-14.217	-11.323	5.6386	-18.591	-7.2177	-56.67	42.843	-68.871	-122.03	26.679	-45.467	-147.77	-1.896
138.23	-1.1595	20.185	-36.846	-0.51534	-14.216	-11.332	5.6352	-18.598	-7.2241	-56.661	42.843	-68.874	-122.02	26.681	-45.463	-147.78	-1.8988
138.24	-1.1516	20.196	-36.848	-0.51547	-14.231	-11.323	5.6386	-18.591	-7.2165	-56.669	42.844	-68.865	-122.03	26.67	-45.446	-147.76	-1.893
138.24	-1.1542	20.194	-36.85	-0.51799	-14.219	-11.322	5.6339	-18.579	-7.213	-56.666	42.846	-68.871	-122.02	26.672	-45.461	-147.78	-1.899
138.24	-1.1561	20.19	-36.837	-0.51155	-14.208	-11.327	5.6461	-18.575	-7.2234	-56.66	42.842	-68.871	-122.02	26.672	-45.461	-147.76	-1.9057
138.23	-1.1573	20.188	-36.851	-0.50685	-14.213	-11.328	5.6475	-18.588	-7.2277	-56.663	42.84	-68.879	-122.03	26.677	-45.469	-147.77	-1.911
138.24	-1.1544	20.194	-36.844	-0.50084	-14.207	-11.335	5.6443	-18.595	-7.2337	-56.656	42.855	-68.879	-122.02	26.678	-45.466	-147.77	-1.8951
138.24	-1.1522	20.18	-36.849	-0.50477	-14.212	-11.335	5.6443	-18.595	-7.237	-56.656	42.851	-68.878	-122.02	26.666	-45.461	-147.76	-1.9047
138.24	-1.1528	20.193	-36.842	-0.49952	-14.205	-11.336	5.6428	-18.582	-7.2378	-56.645	42.858	-68.887	-122.01	26.665	-45.465	-147.77	-1.909
138.24	-1.151	20.182	-36.849	-0.50234	-14.211	-11.336	5.6569	-18.587	-7.2487	-56.65	42.85	-68.881	-122.02	26.664	-45.473	-147.77	-1.9151
138.24	-1.1536	20.179	-36.851	-0.50356	-14.213	-11.334	5.6429	-18.582	-7.2527	-56.642	42.866	-68.887	-122.01	26.665	-45.446	-147.76	-1.8941
138.24	-1.1524	20.181	-36.852	-0.50379	-14.213	-11.323	5.6497	-18.57	-7.2484	-56.638	42.868	-68.888	-122.01	26.665	-45.47	-147.77	-1.9006
138.24	-1.1514	20.181	-36.854	-0.49114	-14.221	-11.335	5.6554	-18.574	-7.2514	-56.641	42.867	-68.891	-122.02	26.662	-45.473	-147.76	-1.8952
138.24	-1.1528	20.193	-36.855	-0.50628	-14.216	-11.328	5.6461	-18.575	-7.2486	-56.639	42.87	-68.887	-122.01	26.665	-45.442	-147.76	-1.88
138.23	-1.1557	20.188	-36.85	-0.50116	-14.225	-11.336	5.6428	-18.582	-7.2438	-56.634	42.874	-68.887	-122.01	26.665	-45.44	-147.75	-1.8871
138.24	-1.1661	20.185	-36.852	-0.50238	-14.227	-11.332	5.6463	-18.576	-7.2497	-56.638	42.855	-68.882	-122.02	26.663	-45.431	-147.77	-1.8911
138.23	-1.1581	20.186	-36.851	-0.49115	-14.205	-11.336	5.6428	-18.581	-7.2489	-56.638	42.855	-68.88	-122.02	26.676	-45.438	-147.77	-1.8936
138.25	-1.1606	20.192	-36.86	-0.5107	-14.221	-11.336	5.6428	-18.581	-7.2489	-56.638	42.855	-68.869	-122.02	26.684	-45.424	-147.77	-1.8896
138.23	-1.1684	20.182	-36.857	-0.50743	-14.218	-11.336	5.6428	-18.582	-7.2353	-56.641	42.846	-68.865	-122.03	26.669	-45.432	-147.77	-1.8929
138.24	-1.1494	20.186	-36.856	-0.50816	-14.217	-11.331	5.6431	-18.577	-7.2329	-56.651	42.843	-68.866	-122.03	26.656	-45.428	-147.78	-1.896
138.23	-1.1586	20.188	-36.853	-0.50485	-14.215	-11.331	5.6431	-18.577	-7.2322	-56.651	42.843	-68.865	-122.04	26.663	-45.427	-147.78	-1.8934
138.23	-1.1684	20.182	-36.858	-0.5095	-14.219	-11.336	5.6428	-18.581	-7.2329	-56.651	42.843	-68.875	-122.03	26.661	-45.423	-147.79	-1.899
138.24	-1.1662	20.187	-36.858	-0.52192	-14.227	-11.335	5.6429	-18.582	-7.223	-56.646	42.837	-68.862	-122.03	26.67	-45.432	-147.78	-1.8989
138.24	-1.1653	20.188	-36.856	-0.52068	-14.225	-11.331	5.6431	-18.577	-7.2194	-56.655	42.834	-68.861	-122.04	26.665	-45.422	-147.79	-1.8975
138.24	-1.1576	20.189	-36.846	-0.51547	-14.216	-11.339	5.6398	-18.584	-7.2239	-56.659	42.829	-68.865	-122.04	26.663	-45.421	-147.78	-1.8934
138.24	-1.1565	20.19	-36.855	-0.51939	-14.223	-11.327	5.6461	-18.575	-7.2282	-56.663	42.827	-68.86	-122.04	26.667	-45.431	-147.78	-1.8966
138.24	-1.1554	20.192	-36.86	-0.52459	-14.215	-11.331	5.6431	-18.577	-7.2263	-56.648	42.835	-68.86	-122.02	26.66	-45.431	-147.78	-1.9099
138.23	-1.1684	20.182	-36.86	-0.51078	-14.221	-11.324	5.6496	-18.569	-7.2198	-56.656	42.833	-68.861	-122.04	26.655	-45.431	-147.78	-1.8988
138.24	-1.153	20.194	-36.86	-0.50993	-14.222	-11.331	5.6464	-18.576	-7.2206	-56.656	42.833	-68.869	-122.03	26.653	-45.431	-147.77	-1.8927
138.24	-1.1511	20.197	-36.859	-0.50987	-14.222	-11.34	5.6392	-18.587	-7.2263	-56.648	42.835	-68.869	-122.03	26.653	-45.438	-147.77	-1.8969
138.24	-1.1516	20.182	-36.86	-0.50869	-14.236	-11.336	5.6428	-18.581	-7.223	-56.646	42.837	-68.872	-122.03	26.652	-45.432	-147.76	-1.8896
138.24	-1.153	20.193	-36.855	-0.50609	-14.216	-11.327	5.6461	-18.575	-7.2251	-56.647	42.836	-68.873	-122.02	26.656	-45.445	-147.76	-1.8966
138.24	-1.153	20.193	-36.852	-0.50394	-14.215	-11.329	5.646	-18.574	-7.2251	-56.647	42.836	-68.867	-122.01	26.661	-45.439	-147.77	-1.894
138.25	-1.1587	20.196	-36.855	-0.5049	-14.23	-11.331	5.6464	-18.576	-7.2254	-56.648	42.849	-68.867	-122.01	26.661	-45.441	-147.75	-1.8904
138.24	-1.1614	20.19	-36.862	-0.49872	-14.216	-11.332	5.6459	-18.579	-7.2252	-56.66	42.828	-68.862	-122.01	26.665	-45.44	-147.75	-1.9165
138.24	-1.1505	20.198	-36.854	-0.50598	-14.216	-11.33	5.6464	-18.577	-7.2129	-56.666	42.832	-68.851	-122.02	26.665	-45.436	-147.75	-1.9011
138.24	-1.1504	20.183	-36.853	-0.50475	-14.214	-11.327	5.6509	-18.587	-7.2131	-56.696	42.832	-68.844	-122.01	26.672	-45.44	-147.75	-1.9068
138.24	-1.1509	20.198	-36.856	-0.5081	-14.218	-11.333	5.6599	-18.584	-7.19	-56.736	42.837	-68.821	-122.01	26.681	-45.437	-147.77	-1.9098
138.24	-1.1565	20.19	-36.861	-0.5264	-14.216	-11.333	5.6599	-18.584	-7.1805	-56.771	42.824	-68.809	-122	26.69	-45.464	-147.78	-1.9159
138.24	-1.1542	20.194	-36.866	-0.51983	-14.199	-11.342	5.6701	-18.599	-7.1763	-56.837	42.805	-68.801	-121.99	26.701	-45.472	-147.77	-1.9164
138.24	-1.1529	20.193	-36.876	-0.53038	-14.195	-11.355	5.6786	-18.606	-7.1708	-56.879	42.811	-68.803	-121.99	26.727	-45.47	-147.8	-1.9106
138.23	-1.1667	20.182	-36.897	-0.54498	-14.184	-11.368	5.7166	-18.606	-7.1773	-56.93	42.826	-68.806	-121.98	26.756	-45.473	-147.81	-1.9052
138.23	-1.1585	20.187	-36.958	-0.57822	-14.184	-11.426	5.8544	-18.533	-7.207	-56.986	42.853	-68.777	-121.99	26.779	-45.454	-147.84	-1.9084
138.23	-1.1585	20.187	-37.021	-0.57299	-14.074	-11.576	6.0717	-18.432	-7.2325	-57.069	42.922	-68.741	-122.04	26.846	-45.41	-147.86	-1.8969
138.23	-1.1595	20.185	-37.16	-0.52688	-13.395	-11.785	6.3924	-18.164	-7.2637	-57.18	43.033	-68.673	-122.11	26.875	-45.384	-147.9	-1.8777
138.23	-1.1583	20.186	-37.402	-0.5278	-12.446	-11.984	6.8379	-17.512	-7.2392	-57.344	43.166	-68.58	-122.22	26.945	-45.304	-147.93	-1.8674
138.23	-1.156	20.19	-37.665	-0.32924	-11.617	-12.051	7.2945	-16.668	-7.1464	-57.599	43.432	-68.447	-122.38	27.024	-45.218	-147.97	-1.848
138.23	-1.1583	20.187	-37.939	-0.31999	-10.227	-11.814	7.766	-15.4	-7.0306	-58.081	43.789	-68.295	-122.55	27.105	-45.141	-148.03	-1.8672
138.24	-1.1528	20.193	-38.36	-0.1799	-8.9952	-11.262	8.2283	-13.808	-6.884	-58.613	44.352	-68.06	-122.79	27.253	-45.039	-148.09	-1.9205
138.24	-1.1527	20.194	-38.558	0.10104	-6.8568	-10.11	8.73	-11.831	-6.6957	-59.367	45.015	-67.826	-123.08	27.401	-44.903	-148.17	-1.9672
138.24	-1.1486	20.201	-39.08	0.15771	-4.755	-8.3379	9.3237	-9.5071	-6.4296	-60.268	45.77	-67.551	-123.4	27.582	-44.807	-148.27	-2.0497
138.25	-1.148	20.187	-39.452	0.1805	-2.6686	-6.19	9.7673	-6.8394	-6.1617	-61.334	46.611	-67.243	-123.78	27.82	-44.694	-148.4	-2.1415
138.25	-1.1485	20.2	-39.636	0.043558	-0.50445	-4.1329	10.043	-4.1177	-5.7286	-62.483	47.517	-66.887	-124.22	28.027	-44.49	-148.6	-2.204
138.25	-1.1466	20.204	-39.487	-0.14763	1.5784	-2.1964	10.132	-1.3548	-5.1922	-63.687	48.33	-66.49	-124.66	28.27	-44.277	-148.79	-2.251
138.26	-1.1542	20.203	-38.891	-0.40045	3.6801	-0.3471	10.036	1.3477	-4.6178	-64.944	49.185	-66.017	-125.13	28.565	-43.996	-148.99	-2.3059
138.26	-1.1504	20.209	-38.318	-0.68841	5.6013	1.5725	9.7973	3.8776	-3.955	-66.245	49.973	-65.435	-125.62	28.84	-43.591	-149.25	-2.4165
138.26	-1.1537	20.205	-37.664	-1.1056	7.6812	3.6906	9.4088	6.221	-3.1213	-67.561	50.699	-64.74	-126.17	29.152	-43.234	-149.52	-2.5031
138.26	-1.165	20.212	-36.768	-1.5206	9.7224	5.9165	8.817	8.3204	-2.1239	-68.832	51.466	-63.931	-126.73	29.443	-42.624	-149.88	-2.464
138.26	-1.1684	20.208	-35.723	-1.9102	11.499	8.3098	8.0886	10.283	-1.0577	-70.155	52.189	-63.091	-127.25	29.723	-41.953	-150.22	-2.3132
138.25	-1.1728	20.203	-34.437	-2.4559	13.27	10.917	7.1687	12.105	0.14496	-71.481	52.954	-62.182	-127.72	30.023	-41.134	-150.58	-2.0634
138.25	-1.1749	20.203	-32.829	-3.0691	14.916	13.736	6.1688	13.947	1.5042	-72.825	53.703	-61.135	-128.15	30.338	-40.157	-150.96	-1.8598
138.25	-1.1873	20.207	-30.982	-3.7678	16.368	16.8	5.0961	15.826	3.0324	-74.241	54.462	-59.924	-128.63	30.667	-39.079	-151.45	-1.667
138.24	-1.1943	20.199	-28.909	-4.5001	17.7	20.525	4.1603	18.234	5.0842	-75.421	55.666	-58.524	-129.22	31.093	-37.93	-152.01	-1.4203
138.25	-1.2019	20.197	-26.695	-5.2481	18.99	23.982	2.8254	20.091	6.9521	-76.967	56.402	-56.975	-129.8	31.512	-36.608	-152.64	-1.195
138.24	-1.1978	20.195	-24.246	-6.1542	20.372	27.546	1.3345	21.844	8.9798	-78.561	57.115	-55.333	-130.36	31.942	-35.397	-152.95	-0.94505
138.25	-1.2023	20.197	-21.605	-7.1143	21.924	31.302	-0.21721	23.623	11.144	-80.21	57.764	-53.607	-130.93	32.391	-33.719	-153.73	-0.684
138.24	-1.198	20.206	-18.839	-7.902	23.128	35.249	-1.8919	25.288	13.472	-81.899	58.47	-51.75	-131.52	32.896	-32.162	-154.32	-0.36852
138.24	-1.1922	20.202	-15.888	-8.9222	24.666	39.336	-3.6008	26.963	15.961	-83.561	59.101	-49.781	-132.16	33.465	-30.5	-154.93	0.0010047
138.24	-1.1924	20.202	-12.852	-9.8319	26.132	43.232	-5.5239	28.28	18.553	-85.233	59.725	-47.715	-132.82	34.103	-28.887	-155.45	0.34949
138.24	-1.1922	20.202	-9.7148	-10.778	27.446	47.745	-7.2723	29.972	21.221	-86.898	60.267	-45.522	-133.41	34.765	-27.037	-155.97	0.80615
138.25	-1.1838	20.198	-6.4747	-11.73	28.764	52.115	-9.1387	31.418	24.001	-88.515	60.851	-43.282	-134.01	35.467	-25.313	-156.38	1.3139
138.25	-1.1691	20.207	-3.168	-12.635	30.031	56.228	-11.166	32.485	26.858	-90.092	61.435	-40.963	-134.58	36.171	-23.139	-157.2	1.9045
138.25	-1.1695	20.208	0.21107	-13.548	31.104	60.97	-12.947	33.958	29.787	-91.628	61.969	-38.562	-135.08	36.816	-21.083	-157.73	2.5452
138.26	-1.1649	20.2	3.6266	-14.482	32.162	65.233	-14.948	34.887	32.745	-93.049	62.481	-36.103	-135.62	37.553	-18.991	-158.27	3.0713
138.26	-1.1611	20.204	7.0843	-15.303	33.002	70.055	-16.707	36.121	35.752	-94.397	62.936	-33.567	-136.1	38.269	-16.848	-158.81	3.6805
138.27	-1.1602	20.206	10.553	-16.089	33.754	74.611	-18.562	37.044	38.782	-95.669	63.35	-30.938	-136.54	38.911	-14.722	-159.11	4.341
138.26	-1.1625	20.205	14.144	-16.902	34.434	78.84	-20.522	37.506	41.86	-96.838	63.719	-28.295	-136.98	39.555	-12.166	-159.84	4.8557
138.26	-1.1624	20.203	17.686	-17.607	34.82	83.636	-22.128	38.367	44.985	-97.933	63.993	-25.568	-137.35	40.161	-9.7566	-160.12	5.4941
138.26	-1.1659	20.212	21.199	-18.256	35.105	88.126	-23.767	38.855	48.156	-98.939	64.249	-22.842	-137.63	40.75	-7.4274	-160.32	6.0246
138.25	-1.1693	20.207	24.789	-18.818	35.203	92.569	-25.39	39.142	51.301	-99.793	64.429	-20.052	-137.86	41.335	-4.5967	-160.9	6.7252
138.25	-1.1716	20.205	28.303	-19.411	35.238	96.989	-26.861	39.281	54.443	-100.56	64.509	-17.249	-137.98	41.843	-2.1923	-161.22	7.2417
138.24	-1.1809	20.207	31.783	-19.917	35.067	101.44	-28.278	39.195	57.666	-101.2	64.491	-14.403	-138.05	42.369	0.31627	-161.35	7.7967
138.25	-1.1889	20.206	35.252	-20.37	34.794	105.87	-29.613	39.037	60.93	-101.7	64.402	-11.57	-138.09	42.837	2.9559	-161.8	8.3653
138.23	-1.1867	20.201	38.619	-20.684	34.371	109.87	-30.982	38.309	64.151	-102.11	64.21	-8.7205	-138.09	43.277	5.5302	-161.97	8.9108
138.23	-1.1991	20.205	42.004	-21.022	33.789	114.59	-31.987	38.106	67.434	-102.5	63.904	-5.8522	-138.03	43.68	8.0074	-162	9.4024
138.23	-1.2015	20.203	45.343	-21.22	33.102	118.46	-33.28	36.992	70.737	-102.77	63.58	-2.9836	-137.94	43.994	10.435	-161.89	9.775
138.24	-1.1972	20.21	48.569	-21.395	32.427	123.11	-34.101	36.489	73.977	-102.99	63.067	-0.10384	-137.83	44.301	12.995	-161.92	10.127
138.25	-1.1912	20.205	51.738	-21.522	31.681	127.27	-35.035	35.446	77.259	-103.07	62.507	2.7451	-137.66	44.493	15.484	-161.98	10.348
138.24	-1.1953	20.198	54.759	-21.515	30.795	131.32	-35.889	34.232	80.452	-103.11	61.889	5.5834	-137.48	44.61	17.96	-161.99	10.514
138.25	-1.1981	20.205	57.61	-21.446	29.819	134.88	-36.734	32.554	83.541	-102.95	61.156	8.4293	-137.26	44.706	20.61	-162.08	10.659
138.25	-1.1851	20.197	60.275	-21.304	28.729	139.01	-37.182	31.436	86.621	-102.74	60.393	11.161	-136.99	44.696	23.005	-161.84	10.661
138.26	-1.1831	20.202	62.792	-21.078	27.594	142.59	-37.577	29.903	89.555	-102.33	59.569	13.839	-136.67	44.68	25.49	-161.88	10.745
138.26	-1.1758	20.195	65.12	-20.897	26.55	145.65	-37.928	28.053	92.398	-101.83	58.754	16.441	-136.27	44.624	27.77	-161.59	10.763
138.26	-1.1751	20.197	67.161	-20.391	25.081	149.09	-37.887	26.752	95.105	-101.21	57.954	18.924	-135.79	44.531	30.308	-161.57	10.862
138.26	-1.1627	20.205	69.077	-19.986	23.86	152.01	-37.771	25.2	97.651	-100.47	57.16	21.295	-135.3	44.402	32.472	-161.26	10.893
138.27	-1.161	20.205	70.855	-19.501	22.612	154.29	-37.536	23.353	100.08	-99.576	56.374	23.552	-134.73	44.304	34.735	-161.03	10.925
138.27	-1.1591	20.208	72.473	-18.855	21.243	157.04	-36.833	22.212	102.36	-98.559	55.652	25.744	-134.11	44.154	36.769	-160.53	10.947
138.26	-1.1635	20.203	73.944	-18.157	19.902	158.78	-36.191	20.448	104.5	-97.459	54.97	27.842	-133.43	43.962	38.913	-160.25	10.98
138.25	-1.1604	20.211	75.326	-17.53	18.638	161.03	-35.006	19.373	106.54	-96.194	54.276	29.852	-132.68	43.832	40.953	-159.72	11.061
138.25	-1.1617	20.208	76.691	-16.697	17.259	162.67	-33.852	18.047	108.5	-94.911	53.688	31.763	-131.92	43.652	42.888	-159.11	11.056
138.24	-1.1658	20.202	77.896	-15.863	15.839	164.18	-32.523	16.729	110.3	-93.503	53.094	33.635	-131.07	43.473	44.783	-158.5	11.13
138.23	-1.1722	20.208	79.124	-14.957	14.552	165.55	-31.039	15.461	112.08	-92.033	52.58	35.376	-130.15	43.226	46.592	-157.85	11.08
138.23	-1.1782	20.199	80.305	-14.054	13.187	166.72	-29.479	14.24	113.71	-90.506	52.034	37.073	-129.21	43.066	48.295	-156.95	11.138
138.22	-1.1795	20.197	81.429	-13.087	11.863	167.76	-27.825	12.968	115.31	-88.95	51.571	38.687	-128.2	42.845	50.077	-156.17	11.213
138.22	-1.182	20.208	82.631	-12.035	10.575	168.7	-26.183	11.732	116.85	-87.345	51.114	40.241	-127.11	42.604	51.714	-155.28	11.12
138.22	-1.1861	20.201	83.828	-10.947	9.2952	169.51	-24.486	10.54	118.34	-85.797	50.739	41.749	-126.02	42.344	53.377	-154.35	11.184
138.22	-1.1964	20.198	85.004	-9.9963	8.1991	170.24	-22.787	9.3524	119.77	-84.248	50.351	43.198	-124.89	42.155	54.871	-153.3	11.028
138.22	-1.1867	20.203	86.304	-8.8915	7.0963	170.88	-21.106	8.2211	121.13	-82.689	49.923	44.594	-123.74	41.863	56.458	-152.43	10.958
138.22	-1.192	20.204	87.615	-7.7809	5.9365	171.49	-19.436	7.1385	122.51	-81.258	49.602	45.976	-122.54	41.594	57.941	-151.34	10.841
138.23	-1.1898	20.195	88.971	-6.704	5.0229	171.87	-17.78	5.9328	123.86	-79.796	49.229	47.317	-121.37	41.345	59.365	-150.31	10.757
138.23	-1.1873	20.198	90.332	-5.7303	4.1733	172.1	-16.135	4.642	125.2	-78.38	48.949	48.607	-120.25	41.121	60.719	-149.16	10.565
138.23	-1.1864	20.199	91.724	-4.6631	3.3883	172.09	-14.486	3.24	126.58	-77.016	48.629	49.916	-119.08	40.841	62.005	-148.06	10.385
138.24	-1.1809	20.207	93.18	-3.5999	2.5267	171.8	-12.852	1.6955	127.92	-75.668	48.281	51.143	-117.98	40.579	63.277	-147.07	10.162
138.25	-1.1817	20.202	94.638	-2.5615	1.8285	171.22	-11.166	0.030343	129.27	-74.349	47.966	52.402	-116.9	40.405	64.572	-145.96	9.9813
138.26	-1.1759	20.195	96.119	-1.6355	1.1227	170.36	-9.3867	-1.6502	130.6	-73.055	47.596	53.61	-115.86	40.141	65.795	-144.96	9.7869
138.26	-1.1764	20.192	97.646	-0.60294	0.28742	169.3	-7.6406	-3.3178	131.96	-71.734	47.24	54.86	-114.87	39.99	67.027	-143.98	9.6098
138.27	-1.1728	20.2	99.172	0.27363	-0.34079	168.02	-5.8862	-4.939	133.26	-70.43	46.904	56.076	-113.9	39.777	68.237	-143.01	9.4594
138.26	-1.1625	20.205	100.77	1.1305	-1.2216	166.6	-4.1462	-6.47	134.55	-69.131	46.581	57.288	-112.98	39.629	69.45	-142.16	9.2547
138.26	-1.1621	20.203	102.42	1.8991	-1.9434	165.19	-2.4777	-7.8711	135.82	-67.848	46.297	58.487	-112.11	39.489	70.689	-141.26	9.0693
138.25	-1.1702	20.192	104.15	2.6321	-2.7477	163.8	-0.96829	-9.068	137.1	-66.605	46.133	59.691	-111.25	39.345	71.85	-140.43	8.9479
138.26	-1.1668	20.209	106.08	3.2483	-3.4209	162.43	0.3787	-10.199	138.36	-65.414	45.966	60.869	-110.46	39.191	73.021	-139.5	8.7779
138.25	-1.1633	20.204	108.06	3.7976	-4.0433	161.18	1.6031	-11.154	139.57	-64.316	45.869	62.071	-109.68	39.141	74.205	-138.68	8.679
138.18	-1.0602	20.215	110.12	4.3238	-4.6888	160.1	2.6648	-11.932	140.78	-63.299	45.872	63.249	-108.93	38.985	75.492	-138.09	8.5863
137.73	-0.65569	20.205	112.09	4.5963	-5.2409	159.6	3.5695	-12.168	141.7	-62.744	45.645	64.459	-108.22	38.952	76.721	-137.32	8.5638
136.87	-0.17482	20.143	114.27	4.9335	-5.7069	159.37	4.3112	-12.221	142.91	-62.083	45.848	65.67	-107.57	38.909	77.978	-136.65	8.5239
136.18	0.38151	20.213	116.52	5.2269	-5.7153	159.25	4.9732	-12.25	144.32	-61.514	46.129	66.946	-106.97	38.904	79.352	-136.08	8.5053
135.53	0.91676	20.294	118.64	5.5099	-5.6669	159.22	5.5497	-12.247	145.78	-60.972	46.456	68.314	-106.44	38.956	80.793	-135.65	8.4866
135.51	1.2913	20.517	119.79	5.9357	-5.6505	158.85	5.7728	-12.787	147.23	-60.519	46.755	69.758	-105.99	39.074	82.292	-135.16	8.5699
136.63	1.5184	20.684	121.27	6.442	-5.2791	160.9	6.7514	-11.536	148.73	-60.065	47.131	71.359	-105.61	39.294	83.77	-134.68	8.6972
138.68	1.84	20.929	123.15	6.7812	-4.9835	162.62	7.1165	-11.187	150.33	-59.638	47.508	73.032	-105.3	39.512	85.385	-134.26	8.8951
141.23	2.0298	21.256	125.28	7.0692	-4.7516	164.54	7.3464	-10.817	152.11	-59.32	47.861	74.767	-104.98	39.766	87.013	-133.88	9.105
144.16	2.1708	21.633	127.5	7.1629	-4.2144	166.68	7.4276	-10.398	154.02	-59.13	48.289	76.486	-104.64	40.034	88.782	-133.59	9.4382
147.2	2.261	22.12	129.87	7.3281	-3.6142	168.2	7.0709	-10.621	156.04	-59.1	48.781	78.23	-104.3	40.344	90.457	-133.3	9.661
150.17	2.2117	22.671	132.33	7.5329	-2.8287	171.09	7.4238	-9.3262	158.17	-59.156	49.297	80.095	-104.02	40.704	92.257	-132.92	9.9592
153.01	2.209	23.447	134.91	7.7648	-1.8982	172.83	7.0915	-9.2925	160.44	-59.272	49.823	82.127	-103.83	41.065	94.198	-132.83	10.185
155.67	2.1129	24.235	137.48	7.8704	-1.0908	175.98	7.4467	-7.7931	162.75	-59.448	50.343	84.312	-103.69	41.452	96.197	-132.45	10.508
158.26	2.0303	25.04	140.18	7.9675	-0.37672	178.65	7.3707	-6.9888	165.19	-59.682	50.965	86.59	-103.59	41.875	98.322	-132.41	10.765
160.93	1.8858	25.839	142.95	7.9856	0.40286	181.39	7.2829	-6.1464	167.59	-59.877	51.547	88.889	-103.45	42.341	100.54	-132.3	11.218
163.76	1.7766	26.636	145.88	7.9479	1.2152	183.56	6.6645	-6.1325	170.1	-60.126	52.222	91.185	-103.33	42.806	102.65	-132.1	11.594
166.72	1.5853	27.388	148.86	7.8947	1.9036	187.19	6.8893	-4.6119	172.68	-60.29	52.967	93.534	-103.19	43.307	104.89	-131.9	12.059
169.75	1.3355	28.129	151.85	7.7412	2.6978	190.2	6.6868	-3.7027	175.26	-60.495	53.64	95.963	-103.03	43.828	107.22	-131.82	12.53
172.87	1.1448	28.909	154.91	7.6038	3.3014	193.28	6.4338	-2.9652	177.91	-60.754	54.415	98.417	-102.9	44.284	109.57	-131.72	13.043
176.03	0.95612	29.74	158.08	7.4988	4.081	196.44	6.1726	-2.1544	180.59	-60.944	55.188	100.96	-102.74	44.794	112.08	-131.68	13.629
179.14	0.70323	30.465	161.28	7.2856	4.8294	199.68	5.8883	-1.3233	183.3	-61.169	55.986	103.51	-102.57	45.307	114.54	-131.56	14.206
182.3	0.47114	31.273	164.5	6.9997	5.3385	203.01	5.5829	-0.47381	186.05	-61.393	56.771	106.08	-102.39	45.784	117.07	-131.53	14.788
185.59	0.24781	32.08	167.84	6.7558	5.99	206.46	5.2915	0.40336	188.91	-61.631	57.564	108.7	-102.18	46.277	119.7	-131.6	15.334
188.88	-0.051379	32.69	170.85	6.1995	5.8391	209.91	4.9014	1.099	191.75	-61.881	58.287	111.37	-101.96	46.793	122.12	-131.28	15.86
192.27	-0.30419	33.373	174.32	5.918	6.446	213.4	4.5143	1.8485	194.67	-62.113	59.004	114.07	-101.72	47.3	124.73	-131.18	16.4
195.69	-0.5928	33.94	177.86	5.6483	7.0124	216.92	4.1866	2.5905	197.63	-62.346	59.695	116.81	-101.49	47.763	127.37	-131.01	16.987
199.12	-0.8749	34.552	181.36	5.5349	7.3967	220.48	3.7575	3.0842	200.66	-62.617	60.297	119.57	-101.23	48.25	130.01	-130.89	17.528
202.52	-1.1902	35.077	184.91	5.2287	8.0352	224.02	3.4092	3.8076	203.71	-62.903	60.867	122.36	-100.97	48.72	132.65	-130.69	17.973
205.99	-1.4384	35.651	188.43	5.0913	8.5003	227.52	3.0609	4.342	206.77	-63.183	61.386	125.16	-100.71	49.152	135.27	-130.41	18.452
209.42	-1.7533	36.208	191.94	4.8345	9.0771	230.34	2.3582	4.1472	209.79	-63.461	61.788	127.98	-100.46	49.626	137.87	-130.22	18.872
212.93	-1.9881	36.767	195.4	4.7398	9.6131	233.87	2.0554	4.5932	212.87	-63.749	62.227	130.82	-100.19	50.009	140.4	-129.96	19.225
216.35	-2.266	37.167	198.83	4.6318	10.034	237.92	2.2102	5.8875	215.93	-64.011	62.558	133.62	-99.944	50.387	143.03	-129.75	19.619
219.81	-2.4843	37.631	202.24	4.458	10.667	240.73	1.5765	5.5328	218.98	-64.223	62.975	136.44	-99.664	50.764	145.59	-129.51	19.898
223.16	-2.6962	38.018	205.62	4.2927	10.997	244.08	1.355	5.9459	221.97	-64.417	63.24	139.21	-99.366	51.083	148.22	-129.27	20.293
226.44	-2.8951	38.291	208.93	4.2504	11.217	247.42	1.1049	6.204	224.91	-64.585	63.51	141.95	-99.075	51.36	150.77	-129.03	20.478
229.72	-3.0366	38.581	212.21	4.1656	11.464	250.71	0.94284	6.5615	227.84	-64.711	63.801	144.68	-98.727	51.592	153.42	-128.93	20.825
232.92	-3.2011	38.787	215.45	3.9681	11.812	254.63	1.0991	7.4766	230.64	-64.824	63.935	147.34	-98.38	51.761	155.68	-128.41	20.867
236.08	-3.3713	38.897	218.72	3.8577	11.714	257.9	0.86622	7.7107	233.42	-64.865	64.132	149.97	-97.98	51.903	158.07	-128.19	21.07
239.2	-3.514	38.94	221.94	3.6908	11.738	260.42	0.13454	6.9304	236.15	-64.911	64.289	152.51	-97.57	51.978	160.42	-127.74	21.213
242.28	-3.6738	38.945	225.12	3.5833	11.574	263.61	-0.18228	6.9492	238.78	-64.944	64.4	154.98	-97.099	51.998	163.09	-127.68	21.466
245.33	-3.7955	38.784	228.24	3.4793	11.308	267.45	-0.071757	7.7226	241.33	-64.928	64.463	157.4	-96.605	51.977	165.07	-127.09	21.396
248.28	-3.9135	38.637	231.31	3.3066	11.182	270.51	-0.36869	7.598	243.85	-64.902	64.524	159.75	-96.082	51.899	167.42	-126.71	21.42
251.15	-4.0547	38.428	234.31	3.0595	10.858	273.06	-0.98227	6.8844	246.25	-64.854	64.459	162.04	-95.557	51.777	169.52	-126.5	21.522
253.93	-4.1609	38.039	237.19	2.9737	10.44	276.49	-0.98736	7.265	248.6	-64.861	64.393	164.27	-95.067	51.63	171.6	-126.08	21.453
256.61	-4.294	37.723	239.98	2.829	10.149	279.27	-1.2549	7.0108	250.94	-64.783	64.255	166.45	-94.565	51.448	173.71	-125.78	21.38
259.16	-4.4036	37.353	242.64	2.6382	9.6468	281.96	-1.463	6.648	253.21	-64.744	64.03	168.57	-94.116	51.254	175.67	-125.4	21.421
261.69	-4.4694	36.963	245.17	2.4954	9.2835	283.92	-1.9884	5.7108	255.4	-64.725	63.777	170.62	-93.677	51.014	177.64	-125.11	21.142
264.11	-4.527	36.603	247.58	2.5178	8.8785	286.9	-1.8465	6.0264	257.49	-64.734	63.402	172.63	-93.272	50.797	179.66	-125.1	21.062
266.34	-4.6383	36.105	249.87	2.4458	8.4014	289.16	-1.9772	5.5697	259.58	-64.696	63.084	174.55	-92.891	50.523	181.11	-124.41	20.69
268.56	-4.6465	35.738	252.02	2.4029	7.9639	291.32	-2.0699	5.094	261.55	-64.685	62.651	176.39	-92.522	50.253	182.74	-124.12	20.381
270.66	-4.6585	35.285	254.07	2.4898	7.4725	292.87	-2.4234	3.9769	263.44	-64.633	62.203	178.16	-92.165	49.932	184.38	-123.8	20.051
272.57	-4.6946	34.713	255.98	2.552	6.9805	295.3	-2.1531	4.0318	265.23	-64.571	61.694	179.84	-91.813	49.58	185.82	-123.39	19.719
274.46	-4.6364	34.195	257.81	2.5146	6.4428	297.13	-2.1304	3.4673	266.93	-64.497	61.168	181.44	-91.46	49.221	187.54	-123.5	19.54
276.19	-4.5817	33.563	259.54	2.5797	5.8783	298.86	-2.1083	2.8252	268.56	-64.352	60.635	182.96	-91.085	48.837	188.57	-122.77	18.941
277.83	-4.4786	32.898	261.15	2.7472	5.275	300.49	-2.095	2.1776	270.05	-64.21	60.063	184.36	-90.702	48.391	189.86	-122.42	18.607
279.41	-4.3536	32.248	262.69	2.7224	4.666	302.03	-2.0549	1.4664	271.49	-63.994	59.507	185.7	-90.285	47.944	191.13	-122.07	18.24
280.83	-4.2478	31.491	264.11	2.842	3.9111	303.5	-1.9925	0.77612	272.81	-63.791	58.898	186.93	-89.895	47.471	192.2	-121.7	17.806
282.17	-4.0631	30.736	265.48	2.9344	3.0967	304.88	-1.9071	0.12199	274.03	-63.517	58.279	188.08	-89.44	46.981	193.31	-121.45	17.348
283.37	-3.8999	29.908	266.7	3.1044	2.195	306.13	-1.8407	-0.6844	275.15	-63.238	57.641	189.17	-88.998	46.46	194.27	-121.09	16.898
284.49	-3.6817	29.103	267.85	3.146	1.3528	306.76	-2.0489	-2.1788	276.21	-62.921	57.023	190.15	-88.561	45.939	195.08	-120.83	16.418
285.49	-3.4355	28.221	268.83	3.2742	0.51586	308.27	-1.6256	-2.4248	277.19	-62.544	56.335	191.06	-88.129	45.343	195.98	-120.47	16.018
286.35	-3.1945	27.223	269.74	3.4128	-0.51782	309.25	-1.4235	-3.3498	278.01	-62.169	55.587	191.9	-87.69	44.779	196.84	-120.14	15.582
287.15	-2.8303	26.259	270.52	3.5002	-1.6576	310.09	-1.1833	-4.3029	278.86	-61.675	54.886	192.66	-87.26	44.14	197.42	-119.88	14.977
287.79	-2.4648	25.125	271.15	3.7104	-2.8247	310.24	-1.224	-6.102	279.56	-61.192	54.065	193.38	-86.819	43.58	198.48	-120.05	14.685
288.29	-2.0664	23.906	271.62	3.94	-3.9683	310.81	-0.92022	-7.198	280.24	-60.624	53.223	194	-86.41	42.899	198.72	-119.34	14.064
288.71	-1.5947	22.673	271.99	4.0998	-5.2063	311.48	-0.52226	-8.1913	280.82	-60.032	52.332	194.56	-86	42.26	199.3	-119	13.549
289.2	-1.2562	21.719	272.15	4.3934	-6.5289	311.99	0.039756	-9.1834	281.36	-59.371	51.396	195.05	-85.602	41.567	199.79	-118.75	13.046
290.13	-1.2049	21.585	272.33	4.8334	-6.9939	312.22	0.35148	-10.504	281.82	-58.809	50.408	195.49	-85.174	40.835	200.17	-118.54	12.437
290.27	-0.55245	21.539	272.44	5.3049	-7.2068	312.63	0.79625	-11.326	282.26	-58.536	49.524	195.83	-84.803	40.114	200.48	-118.26	11.869
290.48	0.067773	21.607	272.49	5.8914	-7.622	312.92	1.2678	-11.907	282.62	-58.402	48.712	196.09	-84.48	39.452	200.74	-118.01	11.222
290.65	0.53694	21.594	272.55	6.2019	-7.7269	313.23	1.6453	-12.361	282.93	-58.293	48.009	196.34	-84.339	38.882	200.96	-117.82	10.529
290.82	0.78995	21.593	272.59	6.6173	-8.1027	NaN	NaN	NaN	283.18	-58.206	47.338	196.59	-84.285	38.335	201.14	-117.64	9.9259
290.99	0.77744	21.638	272.65	6.8409	-8.5456	313.89	2.2038	-13.028	283.38	-58.124	46.797	196.82	-84.123	37.854	201.21	-117.44	9.4078
291.24	0.79347	21.634	272.72	6.9743	-8.7017	314.14	2.1903	-13.424	283.48	-58.104	46.365	196.9	-83.943	37.405	201.22	-117.23	9.1283
291.51	0.86821	21.64	272.8	7.0655	-8.8473	315.27	2.948	-12.361	283.48	-58.112	46.117	196.84	-83.727	37.025	201.16	-117.11	8.7294
291.49	0.87195	21.65	272.82	7.1033	-8.9151	315.4	2.861	-12.469	283.39	-58.151	45.961	196.71	-83.558	36.777	201.1	-117.06	8.4756
291.36	0.87808	21.644	272.76	7.095	-9.0312	315.46	2.8124	-12.477	283.23	-58.161	45.935	196.55	-83.439	36.573	200.96	-116.99	8.2736
291.38	0.8938	21.64	272.7	7.0403	-8.9846	315.52	2.7178	-12.463	283.05	-58.16	45.957	196.4	-83.345	36.425	200.84	-116.95	8.196
291.31	0.87935	21.642	272.64	6.9822	-9.0575	314.62	1.7255	-13.814	282.91	-58.142	46.028	196.26	-83.264	36.331	200.7	-116.9	8.2132
291.26	0.86544	21.652	272.54	6.8897	-9.1445	314.65	1.5176	-13.849	282.74	-58.174	46.091	196.09	-83.2	36.288	200.53	-116.87	8.3213
291.26	0.86157	21.659	272.46	6.8044	-9.2327	314.71	1.32	-13.853	282.55	-58.223	46.169	195.88	-83.162	36.28	200.27	-116.96	8.3426
291.25	0.8526	21.66	272.34	6.6732	-9.3836	314.77	1.0929	-13.861	282.33	-58.286	46.189	195.68	-83.114	36.252	200.06	-117	8.4177
291.27	0.85461	21.662	272.34	6.5278	-9.8986	315.98	1.84	-12.306	282.08	-58.357	46.164	195.46	-83.075	36.225	199.89	-117	8.4603
291.27	0.84786	21.663	272.19	5.9065	-10.662	316.05	1.5105	-12.428	281.82	-58.326	46.271	195.2	-83.032	36.166	199.66	-116.98	8.5491
291.37	0.92114	21.724	271.74	5.4142	-11.655	315.24	0.026523	-14.177	281.44	-58.252	46.178	194.92	-82.945	36.075	199.26	-117.06	8.5555
291.34	0.91084	21.727	271.39	5.2102	-11.943	315.7	-0.71089	-14.958	281.08	-58.024	45.966	194.61	-82.802	35.935	199.29	-117.62	8.8247
291.29	0.90267	21.727	270.69	5.2925	-12.468	316.17	-1.2698	-15.435	280.75	-57.785	45.542	194.21	-82.633	35.704	198.75	-117.21	8.763
291.26	0.90504	21.722	269.86	5.3592	-12.9	316.53	-1.219	-15.059	280.42	-57.753	45.305	193.79	-82.515	35.478	198.29	-117.29	8.6618
291.28	0.89679	21.72	269.2	5.3623	-12.916	317.56	-1.7806	-14.79	279.87	-57.901	45.075	193.31	-82.533	35.234	198.2	-117.8	8.778
291.3	0.89623	21.727	268.48	5.3306	-12.755	318.7	-2.6631	-14.573	279.39	-58.004	44.926	192.89	-82.66	35.058	197.45	-117.57	8.3413
291.29	0.89011	21.733	267.64	5.4091	-12.918	319.81	-3.6728	-14.251	278.91	-58.106	44.799	192.44	-82.875	34.904	197.1	-117.78	8.2231
291.26	0.8932	21.728	266.7	5.3648	-12.665	320.82	-4.7485	-13.859	278.32	-58.201	44.663	191.93	-83.069	34.897	196.58	-118.05	8.179
291.27	0.89532	21.72	265.71	5.3465	-12.5	321.66	-5.6479	-13.261	277.72	-58.315	44.747	191.29	-83.183	34.868	196.05	-118.19	8.3208
291.29	0.89988	21.722	264.61	5.3236	-12.366	322.33	-6.4338	-12.465	277.03	-58.497	44.824	190.59	-83.308	34.941	195.39	-118.48	8.5305
291.29	0.89958	21.722	263.48	5.4003	-12.198	323.11	-7.2094	-11.264	276.28	-58.768	44.951	189.87	-83.529	35.055	194.86	-118.73	8.7835
291.28	0.90562	21.734	262.22	5.3397	-11.661	323.72	-8.1875	-10.163	275.48	-59.066	45.211	189.12	-83.922	35.254	194.07	-119.16	8.9029
291.28	0.90903	21.739	260.93	5.2904	-11.101	324.43	-9.1884	-8.8377	274.69	-59.421	45.503	188.39	-84.4	35.546	193.3	-119.55	9.0871
291.3	0.90959	21.725	259.63	5.2526	-10.661	324.95	-10.331	-7.5006	273.76	-59.881	45.779	187.58	-84.89	35.805	192.63	-119.96	9.4083
291.31	0.90853	21.717	258.32	5.1023	-9.8939	325.42	-11.48	-5.9894	272.81	-60.447	46.106	186.67	-85.357	36.131	191.73	-120.43	9.6641
291.3	0.91351	21.729	256.96	4.842	-8.8485	325.72	-12.717	-4.4774	271.79	-61.075	46.488	185.65	-85.848	36.502	190.97	-121.28	10.081
291.31	0.91674	21.733	255.57	4.6168	-7.9623	325.91	-14.013	-2.9463	270.7	-61.786	46.98	184.53	-86.404	36.928	189.66	-121.31	10.208
291.31	0.91233	21.734	254.14	4.3505	-7.0848	325.96	-15.328	-1.2377	269.5	-62.569	47.471	183.37	-87.016	37.39	188.51	-121.81	10.576
291.31	0.90616	21.727	252.71	3.9926	-5.9327	325.77	-16.67	0.40525	268.22	-63.34	48.086	182.13	-87.659	37.806	187.33	-122.26	10.884
291.31	0.91163	21.722	251.2	3.6999	-4.9599	325.48	-17.919	2.1349	266.84	-64.184	48.709	180.82	-88.305	38.301	186.03	-122.84	11.261
291.31	0.90868	21.732	249.65	3.38	-3.9855	324.87	-19.158	3.723	265.33	-65.008	49.477	179.34	-88.996	38.818	184.59	-123.41	11.545
291.31	0.90618	21.727	248.01	2.9247	-2.7839	324.03	-20.305	5.2863	263.71	-65.878	50.184	177.78	-89.679	39.376	183.19	-123.99	11.986
291.31	0.89924	21.728	246.31	2.5716	-1.577	322.9	-21.378	6.7212	262	-66.734	50.988	176.1	-90.39	39.994	181.55	-124.59	12.422
291.32	0.89883	21.729	244.55	2.0188	-0.15347	321.57	-22.281	8.2571	260.16	-67.617	51.774	174.33	-91.123	40.57	180.15	-125.48	13.01
291.3	0.89943	21.72	242.75	1.611	1.0242	320.01	-23.211	9.484	258.25	-68.469	52.656	172.44	-91.858	41.148	178.09	-125.69	13.26
291.3	0.89595	21.726	240.8	1.132	2.3537	318.18	-23.99	10.679	256.21	-69.336	53.499	170.46	-92.656	41.786	176.2	-126.32	13.676
291.3	0.89477	21.738	238.82	0.68048	3.4712	316.18	-24.602	11.861	254.06	-70.197	54.341	168.37	-93.442	42.38	174.22	-126.88	14.097
291.3	0.89564	21.726	236.73	0.12882	4.8011	314.03	-25.261	12.83	251.82	-71.038	55.16	166.18	-94.226	43.031	172.17	-127.45	14.6
291.29	0.89285	21.722	234.62	-0.39412	5.8889	311.69	-25.783	13.798	249.47	-71.878	55.964	163.86	-95.003	43.641	170.06	-128.08	15.033
291.29	0.89741	21.721	232.65	-0.61824	7.6141	309.17	-26.302	14.621	247.19	-72.465	57.031	161.43	-95.762	44.25	167.73	-128.6	15.569
291.29	0.89988	21.722	230.34	-1.1405	8.751	306.52	-26.754	15.315	244.66	-73.261	57.761	158.93	-96.506	44.826	165.41	-129.23	15.88
291.29	0.9021	21.726	227.85	-1.6461	9.7168	303.69	-27.074	15.976	242.02	-73.999	58.394	156.32	-97.281	45.392	163.02	-129.8	16.36
291.29	0.9018	21.725	225.28	-2.1052	10.619	300.7	-27.362	16.508	239.29	-74.697	58.995	153.6	-98.068	45.902	160.36	-130.41	16.761
291.29	0.90211	21.726	222.55	-2.501	11.493	297.56	-27.498	17.006	236.46	-75.37	59.549	150.8	-98.846	46.418	157.72	-130.94	16.946
291.3	0.90678	21.732	219.71	-2.944	12.306	294.17	-27.556	17.335	233.52	-75.998	60.042	147.91	-99.637	46.909	155.04	-131.56	17.376
291.3	0.90721	21.732	216.71	-3.3186	13.119	290.59	-27.453	17.561	230.48	-76.595	60.47	144.94	-100.43	47.38	152.27	-132.05	17.645
291.3	0.91474	21.73	213.62	-3.6317	13.576	286.83	-27.178	17.72	227.37	-77.1	60.881	141.87	-101.24	47.804	149.33	-132.61	17.801
291.31	0.90959	21.731	210.4	-3.9716	14.189	282.75	-26.769	17.707	224.13	-77.578	61.205	138.71	-102.07	48.187	146.54	-133.52	18.124
291.31	0.90664	21.728	207.05	-4.2695	14.739	278.44	-26.146	17.598	220.84	-77.949	61.535	135.52	-102.87	48.587	143.41	-133.77	18.215
291.31	0.90617	21.727	203.62	-4.4994	15.142	273.79	-25.421	17.248	217.44	-78.249	61.837	132.2	-103.7	48.918	140.22	-134.32	18.511
291.31	0.90648	21.727	200.1	-4.7173	15.48	268.89	-24.522	16.859	213.94	-78.489	62.009	128.81	-104.5	49.24	137	-134.81	18.479
291.3	0.90323	21.736	196.46	-4.9018	15.649	263.74	-23.475	16.335	210.38	-78.689	62.083	125.33	-105.29	49.535	133.71	-135.44	18.793
291.3	0.9019	21.721	192.82	-5.0835	16.091	258.3	-22.376	15.743	206.78	-78.818	62.256	121.78	-106.08	49.827	130.4	-135.88	18.822
291.31	0.90413	21.728	189.02	-5.2284	16.313	252.66	-21.225	15.162	203.02	-78.925	62.375	118.17	-106.88	50.076	126.9	-136.45	18.997
291.31	0.89447	21.736	185.09	-5.3878	16.619	246.8	-19.96	14.589	199.24	-78.99	62.364	114.5	-107.67	50.321	123.54	-137.15	19.056
291.31	0.89198	21.731	180.99	-5.5322	16.584	240.66	-18.748	13.892	195.36	-79.025	62.401	110.73	-108.46	50.506	119.81	-137.41	18.993
291.3	0.89815	21.731	176.9	-5.5793	16.843	234.29	-17.426	13.221	191.43	-79.003	62.469	106.96	-109.22	50.702	116.21	-137.89	19.072
291.3	0.89726	21.729	172.72	-5.5763	17.151	227.75	-16.084	12.637	187.4	-78.952	62.397	103.09	-110	50.847	112.55	-138.44	19.076
291.31	0.90269	21.739	168.36	-5.5888	17.276	220.96	-14.786	11.994	183.31	-78.853	62.413	99.211	-110.75	50.995	108.87	-139.04	19.141
291.3	0.89845	21.731	163.91	-5.6374	17.53	214.02	-13.478	11.319	179.11	-78.661	62.358	95.261	-111.5	51.085	105.03	-139.49	19.052
291.3	0.89726	21.729	159.31	-5.5735	17.586	NaN	NaN	NaN	174.9	-78.419	62.227	91.283	-112.23	51.173	101.19	-139.79	19.039
291.3	0.89507	21.725	154.63	-5.5078	17.554	NaN	NaN	NaN	170.61	-78.132	62.173	87.265	-112.91	51.272	97.384	-140.33	18.953
291.29	0.90242	21.726	149.82	-5.4264	17.523	NaN	NaN	NaN	166.25	-77.78	61.972	83.186	-113.61	51.298	93.423	-140.62	18.865
291.29	0.90211	21.726	144.93	-5.363	17.316	NaN	NaN	NaN	161.62	-77.651	61.482	79.113	-114.22	51.391	89.502	-141.07	18.74
291.3	0.89728	21.728	139.92	-5.2483	17.037	NaN	NaN	NaN	157.15	-77.194	61.222	74.981	-114.85	51.416	85.589	-141.48	18.725
291.29	0.90459	21.727	134.84	-5.1772	16.743	NaN	NaN	NaN	152.65	-76.703	61.032	70.857	-115.44	51.413	81.52	-141.76	18.567
291.3	0.90957	21.721	129.61	-5.0788	16.415	NaN	NaN	NaN	148.05	-76.191	60.707	66.675	-116.04	51.371	77.546	-142.14	18.492
291.3	0.90899	21.735	124.4	-4.859	16.015	NaN	NaN	NaN	143.48	-75.698	60.398	62.482	-116.59	51.321	73.525	-142.55	18.327
291.3	0.90957	21.721	119.07	-4.754	15.622	NaN	NaN	NaN	138.82	-75.161	60.127	58.275	-117.14	51.311	69.515	-142.92	18.169
291.3	0.91223	21.726	113.65	-4.608	15.293	NaN	NaN	NaN	134.13	-74.588	59.811	54.049	-117.67	51.161	65.462	-143.26	18.07
291.3	0.90138	21.735	108.26	-4.4435	14.916	NaN	NaN	NaN	129.4	-74.005	59.488	49.824	-118.17	51.11	61.502	-143.59	17.859
291.3	0.91338	21.729	102.48	-4.2859	14.522	NaN	NaN	NaN	124.66	-73.399	59.216	45.6	-118.66	50.98	57.46	-143.96	17.652
291.31	0.90852	21.732	96.64	-3.9692	14.001	NaN	NaN	NaN	119.9	-72.802	58.936	41.39	-119.16	50.809	53.43	-144.26	17.527
291.3	0.89856	21.731	90.86	-3.7148	13.646	NaN	NaN	NaN	115.13	-72.132	58.603	37.251	-119.63	50.736	49.523	-144.63	17.316
291.31	0.8937	21.735	85.075	-3.4621	13.165	NaN	NaN	NaN	110.39	-71.442	58.291	33.09	-120.11	50.518	45.63	-144.98	17.091
291.3	0.90078	21.722	79.381	-3.2142	12.72	NaN	NaN	NaN	105.67	-70.791	58.003	28.976	-120.52	50.348	41.781	-145.26	17.006
291.31	0.89314	21.732	73.695	-3.027	12.184	NaN	NaN	NaN	100.99	-70.146	57.668	24.894	-120.88	50.174	37.921	-145.56	16.879
291.31	0.90151	21.737	68.165	-2.8137	11.718	NaN	NaN	NaN	96.339	-69.537	57.282	20.837	-121.27	49.934	34.078	-145.88	16.656
291.3	0.90092	21.721	62.638	-2.693	11.17	NaN	NaN	NaN	91.743	-68.974	56.908	16.863	-121.64	49.716	30.327	-146.16	16.391
291.3	0.89903	21.732	57.254	-2.5333	10.647	82.127	-0.020575	-2.1871	87.212	-68.406	56.486	12.951	-121.99	49.431	26.664	-146.36	16.162
291.3	0.89593	21.728	52.005	-2.4298	10.245	76.518	0.64951	-0.56972	82.82	-67.858	56.132	9.0893	-122.33	49.105	23.03	-146.61	15.831
291.3	0.89726	21.729	46.806	-2.3133	9.6316	71.364	0.98503	-1.1072	78.447	-67.352	55.705	5.3169	-122.62	48.808	19.516	-146.91	15.496
291.3	0.89817	21.73	41.837	-2.1949	9.077	66.299	1.1929	-1.7463	74.204	-66.841	55.306	1.6242	-122.92	48.495	16.042	-147.16	15.193
291.29	0.90211	21.726	36.928	-2.1553	8.5185	61.358	1.3918	-2.4148	70.005	-66.381	54.838	-2.0147	-123.26	48.132	12.684	-147.42	14.968
291.29	0.90181	21.725	32.135	-2.1345	7.8039	56.596	1.5896	-3.0724	65.917	-65.873	54.332	-5.5239	-123.52	47.769	9.406	-147.67	14.592
291.29	0.90372	21.729	27.551	-2.133	7.2309	51.962	1.7673	-3.7778	61.938	-65.4	53.889	-8.9231	-123.8	47.441	6.2668	-147.91	14.286
291.29	0.90463	21.729	23.089	-2.0869	6.4135	47.46	1.9184	-4.5432	58.077	-64.929	53.48	-12.251	-124.05	47.001	3.1991	-148.19	13.938
291.31	0.90519	21.728	18.749	-2.186	5.7587	43.142	2.0198	-5.2583	54.287	-64.43	53.024	-15.462	-124.29	46.625	0.29835	-148.43	13.668
291.3	0.91192	21.726	14.628	-2.2421	5.0231	39.02	2.1243	-5.9866	50.639	-63.971	52.612	-18.582	-124.53	46.184	-2.5302	-148.67	13.261
291.3	0.91145	21.725	10.66	-2.2561	4.0962	35.035	2.2011	-6.8016	47.051	-63.533	52.169	-21.577	-124.75	45.745	-5.2277	-148.92	12.942
291.3	0.90885	21.733	6.9194	-2.3712	3.411	31.338	2.2684	-7.48	43.664	-63.098	51.778	-24.45	-124.95	45.321	-7.8056	-149.16	12.639
291.3	0.91265	21.727	3.3967	-2.4085	2.5486	27.775	2.3313	-8.1855	40.348	-62.713	51.417	-27.218	-125.13	44.871	-10.299	-149.4	12.287
291.31	0.90561	21.727	0.055854	-2.522	1.7835	24.468	2.3373	-8.8061	37.182	-62.366	51.052	-29.881	-125.35	44.375	-12.593	-149.57	11.965
291.31	0.90592	21.726	-3.0955	-2.6185	1.0476	21.344	2.4036	-9.3986	34.196	-62.05	50.738	-32.391	-125.51	43.903	-14.805	-149.8	11.573
291.31	0.90397	21.724	-6.0281	-2.7016	0.34612	18.435	2.4286	-9.9604	31.351	-61.787	50.423	-34.789	-125.67	43.377	-16.958	-149.92	11.136
291.31	0.90666	21.731	-8.7868	-2.8084	-0.29837	15.734	2.3897	-10.385	28.645	-61.614	50.128	-37.077	-125.82	42.855	-18.879	-150.08	10.726
291.31	0.90281	21.724	-11.289	-2.9196	-0.74466	13.214	2.4339	-10.818	26.121	-61.464	49.831	-39.193	-125.96	42.413	-20.83	-150.28	10.354
291.31	0.89254	21.718	-13.662	-3.017	-1.2785	10.881	2.4554	-11.213	23.79	-61.341	49.568	-41.226	-126.08	41.814	-22.577	-150.37	9.888
291.31	0.90398	21.727	-15.8	-3.0626	-1.8244	8.7962	2.4618	-11.496	21.58	-61.271	49.258	-43.099	-126.23	41.321	-24.262	-150.52	9.415
291.31	0.89007	21.728	-17.83	-3.1362	-2.2745	6.7941	2.4915	-11.846	19.539	-61.209	48.979	-44.838	-126.32	40.743	-25.75	-150.62	8.9569
291.3	0.90149	21.722	-19.648	-3.193	-2.759	5.0177	2.5316	-12.203	17.621	-61.135	48.686	-46.494	-126.42	40.247	-27.209	-150.74	8.5559
291.3	0.90004	21.735	-21.327	-3.2365	-3.2262	3.3708	2.5135	-12.579	15.841	-61.102	48.357	-48.032	-126.49	39.674	-28.534	-150.82	8.0326
291.3	0.89845	21.731	-22.92	-3.3302	-3.914	1.8446	2.5316	-12.969	14.178	-61.045	48.039	-49.46	-126.53	39.089	-29.741	-150.91	7.5206
291.3	0.8958	21.726	-24.281	-3.358	-4.4487	0.46656	2.4635	-13.445	12.64	-60.937	47.772	-50.815	-126.59	38.46	-30.846	-151.01	7.0205
291.31	0.90299	21.725	-25.561	-3.4188	-5.1398	-0.67381	2.4356	-13.904	11.128	-60.902	47.419	-52.018	-126.59	37.872	-31.841	-151.07	6.5265
291.29	0.903	21.727	-26.721	-3.5427	-5.8793	-1.7183	2.338	-14.354	9.7259	-60.796	47.115	-53.182	-126.59	37.249	-32.748	-151.12	6.0626
291.3	0.90682	21.733	-27.684	-3.6312	-6.6457	-2.622	2.2505	-14.843	8.3806	-60.687	46.853	-54.269	-126.58	36.581	-33.544	-151.2	5.5252
291.29	0.9055	21.73	-28.527	-3.7549	-7.3953	-3.3476	2.189	-15.366	7.1093	-60.557	46.605	-55.3	-126.52	35.866	-34.282	-151.23	5.082
291.29	0.90399	21.728	-29.238	-3.8525	-8.3026	-3.9259	2.0414	-15.903	5.8571	-60.48	46.303	-56.245	-126.45	35.142	-34.901	-151.28	4.5945
291.29	0.90695	21.72	-30.084	-4.2126	-9.6083	-4.398	1.9468	-16.505	4.789	-60.342	46.077	-57.133	-126.37	34.413	-35.486	-151.36	4.1522
291.29	0.9159	21.734	-30.533	-4.3332	-10.468	-4.7102	1.8007	-17.032	3.6974	-60.27	45.715	-57.927	-126.27	33.571	-35.947	-151.38	3.7029
291.3	0.91161	21.726	-30.866	-4.4026	-11.467	-4.9204	1.6409	-17.591	2.7492	-60.167	45.451	-58.678	-126.19	32.733	-36.304	-151.44	3.1323
291.3	0.91164	21.725	-31.033	-4.4994	-12.329	-4.9797	1.5249	-18.074	1.8439	-60.093	45.136	-59.327	-126.1	31.828	-36.588	-151.47	2.6535
291.3	0.90901	21.734	-31.276	-4.5145	-12.857	-5.2864	1.8109	-17.834	1.029	-60.053	44.832	-59.9	-125.97	30.903	-36.82	-151.55	2.1362
291.29	0.9071	21.731	-31.362	-4.3946	-13.194	-5.1891	1.7875	-17.889	0.37835	-60.191	44.616	-60.438	-125.85	29.985	-37.015	-151.54	1.5178
291.29	0.90721	21.718	-31.329	-4.3151	-13.24	-5.0417	1.6818	-17.94	-0.16013	-60.392	44.47	-60.872	-125.73	29.107	-37.063	-151.6	0.9959
291.3	0.91004	21.722	-31.26	-4.2486	-13.382	-4.9442	1.6426	-17.903	-0.57816	-60.556	44.452	-61.217	-125.68	28.373	-37.032	-151.64	0.42955
291.29	0.90721	21.718	-31.154	-4.247	-13.571	-4.8175	1.6251	-17.833	-0.91507	-60.579	44.522	-61.422	-125.7	27.962	-37.015	-151.72	0.18549
291.3	0.91306	21.714	-31	-4.3526	-13.466	-4.6747	1.5848	-17.769	-1.1671	-60.567	44.649	-61.526	-125.74	27.803	-37.027	-151.78	0.14956
291.3	0.9066	21.717	-30.812	-4.4497	-13.366	-4.4745	1.4969	-17.696	-1.3035	-60.525	44.799	-61.569	-125.76	27.774	-37.019	-151.76	0.31463
291.3	0.90358	21.722	-30.658	-4.4034	-13.673	-4.2424	1.3622	-17.642	-1.3892	-60.5	45.009	-61.57	-125.67	27.791	-37.049	-151.75	0.42395
291.31	0.90393	21.725	-30.418	-4.436	-13.686	-3.9376	1.2776	-17.53	-1.3885	-60.454	45.266	-61.552	-125.58	27.813	-37.059	-151.73	0.50236
291.31	0.90648	21.727	-30.224	-4.4564	-13.77	-3.6989	1.2339	-17.476	-1.347	-60.436	45.368	-61.527	-125.5	27.84	-37.07	-151.69	0.52354
291.31	0.90907	21.719	-29.967	-4.4112	-13.953	-3.4366	1.2135	-17.44	-1.2054	-60.436	45.351	-61.495	-125.44	27.814	-37.086	-151.67	0.50873
291.31	0.90706	21.729	-29.725	-4.4074	-13.81	-3.1453	1.2466	-17.433	-1.0332	-60.412	45.211	-61.462	-125.32	27.756	-37.111	-151.62	0.49904
291.31	0.90938	21.719	-29.489	-4.2977	-13.684	-2.9954	1.3161	-17.563	-0.74001	-60.346	45.12	-61.423	-125.17	27.698	-37.163	-151.55	0.47378
291.31	0.90911	21.718	-29.32	-4.2293	-13.691	-2.8337	1.3625	-17.658	-0.44158	-60.305	44.938	-61.374	-125.01	27.597	-37.211	-151.5	0.40966
291.31	0.92098	21.723	-29.184	-4.092	-13.806	-2.6683	1.3936	-17.706	-0.11804	-60.299	44.7	-61.301	-124.87	27.575	-37.217	-151.41	0.31192
291.32	0.9142	21.724	-29.029	-4.026	-13.794	-2.542	1.4367	-17.761	0.22624	-60.315	44.572	-61.176	-124.8	27.551	-37.21	-151.33	0.21303
291.31	0.92114	21.724	-28.9	-3.9583	-13.746	-2.4178	1.5202	-17.844	0.51993	-60.293	44.365	-61.035	-124.75	27.515	-37.213	-151.27	0.069415
291.31	0.9292	21.725	-28.771	-3.904	-13.704	-2.2965	1.5511	-17.856	0.81369	-60.273	44.222	-60.884	-124.7	27.522	-37.198	-151.22	-0.03255
291.31	0.93332	21.717	-28.682	-3.8616	-13.676	-2.153	1.5848	-17.909	1.0844	-60.292	44.155	-60.742	-124.65	27.514	-37.189	-151.17	-0.12801
291.3	0.93876	21.715	-28.626	-3.8362	-13.664	-2.0898	1.5928	-17.928	1.3125	-60.308	44.066	-60.654	-124.6	27.519	-37.169	-151.16	-0.19946
291.31	0.93389	21.716	-28.565	-3.7619	-13.746	-2.0492	1.6112	-17.94	1.4792	-60.297	43.947	-60.557	-124.57	27.509	-37.174	-151.18	-0.24721
291.3	0.94415	21.721	-28.543	-3.7426	-13.757	-2.0192	1.6238	-17.976	1.6081	-60.284	43.854	-60.481	-124.56	27.48	-37.174	-151.18	-0.30946
291.29	0.94813	21.715	-28.529	-3.732	-13.759	-2.0156	1.6281	-17.988	1.7547	-60.253	43.782	-60.42	-124.55	27.44	-37.169	-151.2	-0.36564
291.3	0.94068	21.727	-28.533	-3.7186	-13.77	-2.0027	1.6276	-17.995	1.8666	-60.25	43.731	-60.373	-124.55	27.418	-37.193	-151.23	-0.44194
291.3	0.9445	21.72	-28.53	-3.7292	-13.776	-2.0073	1.6238	-18.001	1.9401	-60.263	43.703	-60.323	-124.57	27.377	-37.214	-151.26	-0.49767
291.3	0.9386	21.713	-28.546	-3.7378	-13.777	-2.0199	1.6154	-18	1.9902	-60.274	43.654	-60.306	-124.58	27.346	-37.248	-151.3	-0.55402
291.3	0.94111	21.718	-28.578	-3.7475	-13.799	-2.0179	1.6146	-17.984	2.0099	-60.3	43.623	-60.304	-124.61	27.306	-37.275	-151.34	-0.60296
291.3	0.93876	21.715	-28.572	-3.7564	-13.799	-2.0271	1.6064	-17.978	2.0201	-60.318	43.592	-60.308	-124.64	27.275	-37.307	-151.37	-0.65135
291.3	0.92729	21.72	-28.595	-3.7728	-13.807	-2.036	1.5995	-17.97	2.0087	-60.35	43.569	-60.33	-124.65	27.241	-37.359	-151.4	-0.67727
291.3	0.92818	21.723	-28.61	-3.7951	-13.827	-2.0447	1.5863	-17.952	1.9786	-60.373	43.556	-60.377	-124.67	27.195	-37.432	-151.44	-0.72263
291.3	0.92599	21.72	-28.635	-3.826	-13.844	-2.0599	1.5832	-17.93	1.9494	-60.395	43.531	-60.43	-124.69	27.159	-37.512	-151.48	-0.76987
291.31	0.92114	21.724	-28.654	-3.8394	-13.847	-2.0591	1.5775	-17.901	1.909	-60.421	43.523	-60.489	-124.7	27.125	-37.516	-151.47	-0.74692
291.31	0.91863	21.719	-28.684	-3.8584	-13.873	-2.086	1.5585	-17.897	1.8462	-60.441	43.523	-60.56	-124.7	27.086	-37.569	-151.49	-0.75506
291.31	0.90823	21.717	-28.71	-3.8753	-13.884	-2.0979	1.5618	-17.871	1.769	-60.464	43.499	-60.633	-124.72	27.052	-37.648	-151.5	-0.76872
291.31	0.91645	21.719	-28.714	-3.9398	-13.794	-2.11	1.5602	-17.832	1.6844	-60.466	43.483	-60.714	-124.72	27	-37.704	-151.52	-0.77206
291.31	0.90837	21.716	-28.754	-3.9508	-13.823	-2.1303	1.5518	-17.802	1.6076	-60.457	43.492	-60.788	-124.72	26.962	-37.78	-151.53	-0.77236
291.3	0.91365	21.714	-28.777	-3.9608	-13.844	-2.1586	1.557	-17.786	1.5214	-60.45	43.505	-60.861	-124.73	26.94	-37.83	-151.54	-0.77314
291.3	0.9088	21.72	-28.815	-3.9562	-13.861	-2.2276	1.5257	-17.794	1.4517	-60.433	43.508	-60.936	-124.72	26.905	-37.879	-151.53	-0.77923
291.3	0.91215	21.71	-28.836	-3.9645	-13.877	-2.2455	1.526	-17.775	1.3784	-60.419	43.546	-60.997	-124.71	26.876	-37.92	-151.53	-0.78328
291.3	0.91308	21.713	-28.891	-3.98	-13.918	-2.2663	1.5219	-17.76	1.3221	-60.403	43.554	-61.048	-124.69	26.836	-37.939	-151.54	-0.79544
291.3	0.92171	21.714	-28.918	-3.9669	-13.927	-2.2621	1.476	-17.656	1.2597	-60.38	43.574	-61.091	-124.67	26.807	-37.957	-151.53	-0.78401
291.3	0.92362	21.718	-28.938	-3.9639	-13.95	-2.2758	1.4792	-17.636	1.202	-60.351	43.586	-61.129	-124.66	26.794	-37.971	-151.52	-0.7884
291.29	0.93334	21.722	-28.958	-3.9321	-13.945	-2.2928	1.4804	-17.628	1.1625	-60.32	43.584	-61.15	-124.64	26.778	-37.976	-151.52	-0.79122
291.29	0.93313	21.719	-28.981	-3.9275	-13.972	-2.3023	1.4778	-17.636	1.1217	-60.292	43.589	-61.165	-124.62	26.753	-37.977	-151.5	-0.79858
291.29	0.93347	21.719	-29.007	-3.8613	-14.104	-2.3129	1.4813	-17.626	1.0998	-60.25	43.586	-61.169	-124.61	26.742	-37.974	-151.5	-0.80725
291.29	0.93144	21.715	-29.033	-3.8121	-14.218	-2.3125	1.485	-17.624	1.1041	-60.22	43.59	-61.148	-124.58	26.732	-37.955	-151.48	-0.80917
291.3	0.9373	21.724	-29.037	-3.7967	-14.227	-2.3057	1.488	-17.617	1.1181	-60.192	43.582	-61.124	-124.58	26.73	-37.933	-151.47	-0.805
291.29	0.9454	21.727	-29.037	-3.7664	-14.226	-2.2996	1.5059	-17.633	1.1559	-60.161	43.573	-61.093	-124.57	26.722	-37.911	-151.46	-0.82173
291.3	0.9405	21.718	-29.044	-3.7562	-14.239	-2.3006	1.5213	-17.627	1.1987	-60.13	43.555	-61.043	-124.56	26.721	-37.887	-151.45	-0.83188
291.3	0.93864	21.727	-29.048	-3.7424	-14.249	-2.3211	1.5659	-17.629	1.2466	-60.119	43.512	-60.991	-124.57	26.73	-37.855	-151.44	-0.84279
291.3	0.94156	21.715	-29.055	-3.7173	-14.255	-2.3485	1.6379	-17.687	1.3007	-60.092	43.508	-60.924	-124.56	26.721	-37.822	-151.43	-0.86677
291.3	0.93948	21.716	-29.053	-3.7031	-14.247	-2.3421	1.6558	-17.703	1.3578	-60.076	43.488	-60.865	-124.57	26.719	-37.771	-151.42	-0.86655
291.31	0.9339	21.716	-29.045	-3.6959	-14.238	-2.3314	1.6684	-17.719	1.4208	-60.082	43.475	-60.811	-124.57	26.728	-37.731	-151.43	-0.8957
291.3	0.93048	21.712	-29.02	-3.668	-14.224	-2.3191	1.6659	-17.742	1.4943	-60.064	43.438	-60.766	-124.57	26.733	-37.695	-151.43	-0.91952
291.3	0.93038	21.712	-29.019	-3.6794	-14.23	-2.2818	1.6741	-17.728	1.5731	-60.072	43.407	-60.71	-124.56	26.736	-37.66	-151.42	-0.92678
291.31	0.9342	21.732	-29.002	-3.6694	-14.216	-2.2696	1.6959	-17.739	1.6351	-60.065	43.374	-60.645	-124.57	26.746	-37.628	-151.43	-0.96121
291.32	0.92805	21.733	-28.992	-3.6646	-14.208	-2.2536	1.6947	-17.746	1.6948	-60.06	43.336	-60.602	-124.57	26.751	-37.598	-151.43	-0.97869
291.31	0.92374	21.712	-28.98	-3.6693	-14.217	-2.2342	1.6963	-17.751	1.7559	-60.056	43.315	-60.548	-124.59	26.743	-37.56	-151.44	-1.0089
291.3	0.93079	21.713	-28.964	-3.6588	-14.205	-2.2386	1.7081	-17.776	1.8175	-60.051	43.28	-60.497	-124.6	26.749	-37.525	-151.45	-1.0112
291.31	0.93054	21.725	-28.969	-3.6502	-14.202	-2.2339	1.7046	-17.789	1.9065	-60.029	43.283	-60.449	-124.62	26.746	-37.505	-151.46	-1.0346
291.32	0.92711	21.718	-28.959	-3.6571	-14.2	-2.2166	1.7161	-17.789	1.9718	-60.02	43.254	-60.407	-124.64	26.747	-37.494	-151.48	-1.0944
