137.32	0.46651	20.162	-44.285	-4.5601	-13.806	-18.044	2.4366	-18.102	-9.9006	-58.702	41.856	-67.788	-127.66	26.437	-44.17	-152.87	-2.5941
137.33	0.46138	20.167	-44.282	-4.5592	-13.805	-18.04	2.4489	-18.093	-9.909	-58.706	41.85	-67.791	-127.65	26.441	-44.193	-152.87	-2.5952
137.33	0.46713	20.165	-44.293	-4.5671	-13.814	-18.046	2.4458	-18.1	-9.9009	-58.688	41.851	-67.789	-127.65	26.453	-44.175	-152.89	-2.593
137.33	0.46942	20.168	-44.286	-4.5624	-13.808	-18.043	2.4493	-18.094	-9.9095	-58.705	41.837	-67.785	-127.65	26.44	-44.161	-152.88	-2.5804
137.33	0.4697	20.155	-44.287	-4.5623	-13.809	-18.048	2.4456	-18.099	-9.9098	-58.706	41.85	-67.785	-127.65	26.44	-44.164	-152.88	-2.6473
137.33	0.46253	20.169	-44.283	-4.5602	-13.805	-18.039	2.4402	-18.096	-9.8977	-58.698	41.846	-67.785	-127.66	26.438	-44.157	-152.87	-2.6295
137.33	0.4681	20.152	-44.281	-4.5584	-13.804	-18.055	2.4425	-18.107	-9.8962	-58.71	41.842	-67.777	-127.66	26.438	-44.159	-152.89	-2.5857
137.33	0.46823	20.167	-44.288	-4.5643	-13.796	-18.055	2.4425	-18.107	-9.8937	-58.708	41.842	-67.779	-127.65	26.441	-44.157	-152.89	-2.6361
137.33	0.45987	20.163	-44.289	-4.5641	-13.81	-18.038	2.4403	-18.097	-9.8919	-58.707	41.844	-67.774	-127.66	26.44	-44.162	-152.89	-2.603
137.32	0.46656	20.162	-44.282	-4.5612	-13.792	-18.046	2.4458	-18.1	-9.8877	-58.706	41.846	-67.775	-127.66	26.441	-44.162	-152.89	-2.6021
137.33	0.46713	20.165	-44.288	-4.578	-13.804	-18.043	2.4366	-18.102	-9.8815	-58.7	41.853	-67.775	-127.66	26.441	-44.167	-152.89	-2.6004
137.33	0.46733	20.165	-44.288	-4.5653	-13.796	-18.047	2.4458	-18.1	-9.8869	-58.704	41.848	-67.775	-127.66	26.441	-44.165	-152.87	-2.6291
137.33	0.45748	20.16	-44.28	-4.5597	-13.801	-18.047	2.4458	-18.1	-9.8942	-58.722	41.847	-67.775	-127.66	26.441	-44.166	-152.89	-2.59
137.32	0.46514	20.161	-44.286	-4.5764	-13.801	-18.056	2.4424	-18.106	-9.8994	-58.712	41.838	-67.775	-127.66	26.441	-44.169	-152.9	-2.5955
137.33	0.45977	20.163	-44.286	-4.5638	-13.793	-18.05	2.4461	-18.101	-9.9005	-58.701	41.842	-67.783	-127.67	26.435	-44.169	-152.89	-2.5895
137.33	0.4592	20.161	-44.285	-4.5619	-13.807	-18.056	2.4424	-18.106	-9.9046	-58.715	41.847	-67.785	-127.67	26.446	-44.165	-152.88	-2.6366
137.32	0.46504	20.162	-44.287	-4.5646	-13.794	-18.055	2.4425	-18.107	-9.9131	-58.71	41.846	-67.783	-127.67	26.447	-44.17	-152.89	-2.591
137.33	0.45842	20.162	-44.286	-4.5644	-13.795	-18.048	2.449	-18.099	-9.9231	-58.702	41.846	-67.788	-127.66	26.437	-44.16	-152.89	-2.638
137.33	0.45978	20.164	-44.287	-4.5633	-13.809	-18.055	2.4425	-18.107	-9.9217	-58.713	41.825	-67.79	-127.66	26.433	-44.166	-152.88	-2.6492
137.33	0.46162	20.167	-44.287	-4.5633	-13.809	-18.05	2.4461	-18.101	-9.9251	-58.704	41.842	-67.796	-127.66	26.431	-44.158	-152.89	-2.6001
137.33	0.46776	20.165	-44.288	-4.5644	-13.796	-18.05	2.4462	-18.101	-9.9226	-58.702	41.844	-67.795	-127.66	26.43	-44.169	-152.89	-2.592
137.34	0.46422	20.157	-44.287	-4.5645	-13.795	-18.043	2.4493	-18.094	-9.9205	-58.7	41.848	-67.797	-127.66	26.418	-44.163	-152.87	-2.6461
137.34	0.46303	20.155	-44.285	-4.5637	-13.794	-18.052	2.4454	-18.104	-9.9237	-58.702	41.845	-67.788	-127.66	26.437	-44.157	-152.87	-2.6316
137.33	0.47417	20.161	-44.284	-4.56	-13.806	-18.046	2.4492	-18.099	-9.9235	-58.701	41.831	-67.789	-127.66	26.422	-44.157	-152.88	-2.6482
137.34	0.46392	20.156	-44.288	-4.564	-13.81	-18.047	2.4491	-18.099	-9.9189	-58.697	41.836	-67.784	-127.67	26.432	-44.15	-152.88	-2.6439
137.33	0.47	20.154	-44.278	-4.5556	-13.8	-18.048	2.449	-18.099	-9.906	-58.702	41.84	-67.779	-127.66	26.424	-44.146	-152.9	-2.6073
137.34	0.46442	20.157	-44.288	-4.5653	-13.796	-18.047	2.4491	-18.099	-9.9102	-58.705	41.835	-67.774	-127.66	26.439	-44.14	-152.89	-2.6527
137.34	0.46615	20.16	-44.287	-4.5645	-13.795	-18.047	2.4506	-18.112	-9.9053	-58.702	41.839	-67.758	-127.66	26.434	-44.146	-152.9	-2.5982
137.33	0.45871	20.161	-44.292	-4.5664	-13.813	-18.034	2.4561	-18.087	-9.8964	-58.697	41.847	-67.761	-127.67	26.442	-44.128	-152.9	-2.644
137.32	0.4674	20.164	-44.284	-4.5627	-13.805	-18.046	2.4492	-18.099	-9.8969	-58.698	41.845	-67.763	-127.67	26.441	-44.117	-152.89	-2.6322
137.34	0.46596	20.159	-44.28	-4.5723	-13.809	-18.048	2.449	-18.098	-9.889	-58.704	41.845	-67.749	-127.67	26.434	-44.118	-152.89	-2.6466
137.33	0.46162	20.167	-44.278	-4.5714	-13.808	-18.045	2.4613	-18.089	-9.8943	-58.707	41.829	-67.745	-127.68	26.444	-44.132	-152.9	-2.6571
137.34	0.46419	20.157	-44.274	-4.5684	-13.804	-18.039	2.4523	-18.092	-9.8947	-58.694	41.835	-67.743	-127.68	26.432	-44.111	-152.9	-2.6479
137.33	0.46188	20.167	-44.274	-4.5705	-13.791	-18.034	2.456	-18.087	-9.8908	-58.704	41.831	-67.736	-127.68	26.436	-44.112	-152.9	-2.6485
137.34	0.46386	20.171	-44.279	-4.5616	-13.789	-18.048	2.449	-18.099	-9.8814	-58.7	41.851	-67.737	-127.68	26.45	-44.112	-152.89	-2.645
137.33	0.4621	20.153	-44.283	-4.5741	-13.798	-18.058	2.455	-18.103	-9.8961	-58.696	41.833	-67.74	-127.68	26.434	-44.106	-152.9	-2.6456
137.33	0.46161	20.167	-44.279	-4.5569	-13.802	-18.048	2.449	-18.099	-9.8934	-58.695	41.848	-67.738	-127.68	26.435	-44.111	-152.9	-2.648
137.33	0.47221	20.158	-44.284	-4.575	-13.799	-18.047	2.4617	-18.091	-9.8945	-58.682	41.855	-67.741	-127.68	26.432	-44.107	-152.9	-2.6448
137.33	0.47052	20.17	-44.283	-4.5729	-13.812	-18.053	2.458	-18.095	-9.9097	-58.693	41.842	-67.744	-127.68	26.43	-44.111	-152.89	-2.6551
137.33	0.46026	20.151	-44.3	-4.5712	-13.806	-18.046	2.4618	-18.091	-9.9062	-58.689	41.844	-67.743	-127.68	26.432	-44.106	-152.9	-2.6449
137.33	0.46235	20.154	-44.283	-4.5593	-13.805	-18.048	2.4616	-18.09	-9.9008	-58.685	41.85	-67.745	-127.68	26.417	-44.105	-152.9	-2.6428
137.33	0.46964	20.168	-44.278	-4.5609	-13.787	-18.047	2.4618	-18.091	-9.9016	-58.685	41.85	-67.735	-127.68	26.437	-44.1	-152.89	-2.6514
137.33	0.46185	20.167	-44.283	-4.5603	-13.804	-18.054	2.4585	-18.098	-9.9011	-58.673	41.857	-67.737	-127.68	26.435	-44.105	-152.9	-2.6443
137.33	0.47198	20.158	-44.282	-4.5592	-13.805	-18.044	2.4647	-18.088	-9.8995	-58.684	41.85	-67.739	-127.68	26.422	-44.099	-152.9	-2.6588
137.34	0.46641	20.16	-44.282	-4.5587	-13.804	-18.051	2.463	-18.109	-9.9089	-58.679	41.849	-67.73	-127.69	26.436	-44.096	-152.89	-2.6511
137.33	0.46996	20.154	-44.287	-4.5625	-13.807	-18.047	2.4632	-18.104	-9.9013	-58.684	41.837	-67.727	-127.69	26.438	-44.095	-152.9	-2.6676
137.33	0.46941	20.168	-44.285	-4.5611	-13.805	-18.044	2.4662	-18.102	-9.8903	-58.677	41.845	-67.73	-127.69	26.436	-44.092	-152.9	-2.654
137.33	0.46941	20.168	-44.283	-4.5613	-13.792	-18.044	2.4662	-18.102	-9.8895	-58.677	41.845	-67.724	-127.68	26.439	-44.096	-152.9	-2.6586
137.33	0.46967	20.169	-44.28	-4.559	-13.789	-18.046	2.4618	-18.091	-9.8903	-58.677	41.845	-67.724	-127.68	26.427	-44.092	-152.9	-2.6554
137.33	0.46134	20.166	-44.277	-4.5569	-13.786	-18.044	2.4661	-18.102	-9.8978	-58.681	41.839	-67.722	-127.68	26.43	-44.095	-152.9	-2.6705
137.33	0.45932	20.164	-44.285	-4.5506	-13.785	-18.051	2.4615	-18.095	-9.8983	-58.68	41.826	-67.723	-127.68	26.441	-44.087	-152.9	-2.6505
137.33	0.47104	20.157	-44.282	-4.5586	-13.804	-18.047	2.4666	-18.103	-9.9057	-58.674	41.84	-67.727	-127.68	26.425	-44.09	-152.9	-2.6646
137.32	0.46507	20.16	-44.279	-4.5565	-13.801	-18.056	2.4705	-18.092	-9.9057	-58.674	41.84	-67.725	-127.69	26.438	-44.089	-152.9	-2.6513
137.33	0.46843	20.166	-44.283	-4.5487	-13.784	-18.056	2.4705	-18.092	-9.9057	-58.672	41.84	-67.72	-127.68	26.431	-44.085	-152.89	-2.6463
137.33	0.45955	20.162	-44.282	-4.5473	-13.782	-18.051	2.4742	-18.087	-9.9031	-58.673	41.854	-67.73	-127.69	26.435	-44.093	-152.9	-2.644
137.33	0.47246	20.158	-44.28	-4.5594	-13.787	-18.054	2.4712	-18.09	-9.913	-58.665	41.839	-67.725	-127.69	26.439	-44.087	-152.89	-2.6627
137.33	0.46781	20.167	-44.282	-4.5599	-13.79	-18.065	2.4652	-18.113	-9.9146	-58.68	41.832	-67.727	-127.69	26.434	-44.095	-152.9	-2.6447
137.33	0.45874	20.161	-44.283	-4.5588	-13.803	-18.052	2.4756	-18.1	-9.9099	-58.675	41.835	-67.728	-127.69	26.423	-44.093	-152.9	-2.6563
137.33	0.45663	20.157	-44.285	-4.5631	-13.793	-18.061	2.4668	-18.097	-9.908	-58.663	41.844	-67.725	-127.69	26.438	-44.086	-152.91	-2.6572
137.34	0.46418	20.157	-44.282	-4.5599	-13.79	-18.052	2.474	-18.087	-9.9093	-58.663	41.831	-67.717	-127.69	26.437	-44.084	-152.9	-2.6356
137.34	0.46442	20.157	-44.286	-4.564	-13.794	-18.053	2.474	-18.086	-9.9049	-58.673	41.84	-67.711	-127.69	26.431	-44.072	-152.9	-2.6467
137.33	0.45929	20.163	-44.281	-4.5588	-13.803	-18.06	2.4675	-18.094	-9.8993	-58.668	41.831	-67.707	-127.7	26.416	-44.072	-152.9	-2.6465
137.33	0.46096	20.165	-44.278	-4.5557	-13.799	-18.061	2.4674	-18.094	-9.8985	-58.667	41.831	-67.708	-127.7	26.427	-44.068	-152.91	-2.6604
137.33	0.46217	20.152	-44.28	-4.5594	-13.787	-18.052	2.474	-18.086	-9.9036	-58.671	41.829	-67.704	-127.7	26.428	-44.063	-152.91	-2.6595
137.33	0.46241	20.152	-44.283	-4.5616	-13.79	-18.059	2.4675	-18.095	-9.8987	-58.668	41.833	-67.707	-127.7	26.425	-44.059	-152.91	-2.6552
137.33	0.47341	20.16	-44.288	-4.563	-13.795	-18.069	2.4635	-18.104	-9.902	-58.671	41.828	-67.702	-127.7	26.418	-44.06	-152.91	-2.6561
137.33	0.46189	20.152	-44.29	-4.5636	-13.797	-18.064	2.4687	-18.112	-9.8965	-58.665	41.835	-67.696	-127.69	26.421	-44.067	-152.9	-2.6555
137.33	0.47051	20.17	-44.278	-4.5557	-13.8	-18.064	2.4693	-18.109	-9.8965	-58.665	41.835	-67.699	-127.69	26.418	-44.062	-152.91	-2.6592
137.33	0.47201	20.158	-44.285	-4.5482	-13.799	-18.064	2.4672	-18.099	-9.8939	-58.663	41.836	-67.7	-127.69	26.432	-44.067	-152.9	-2.6556
137.33	0.46398	20.157	-44.281	-4.5579	-13.803	-18.059	2.471	-18.094	-9.8984	-58.654	41.839	-67.709	-127.69	26.43	-44.068	-152.9	-2.656
137.33	0.47198	20.158	-44.286	-4.549	-13.8	-18.056	2.4705	-18.092	-9.8918	-58.662	41.837	-67.707	-127.68	26.419	-44.066	-152.9	-2.6549
137.34	0.46394	20.156	-44.295	-4.5527	-13.807	-18.056	2.472	-18.106	-9.8955	-58.652	41.843	-67.697	-127.68	26.427	-44.067	-152.9	-2.6572
137.33	0.46137	20.167	-44.286	-4.5586	-13.805	-18.06	2.4708	-18.093	-9.8924	-58.662	41.839	-67.694	-127.69	26.426	-44.068	-152.9	-2.6562
137.33	0.46161	20.167	-44.282	-4.5461	-13.796	-18.06	2.4723	-18.107	-9.8947	-58.651	41.842	-67.7	-127.69	26.419	-44.069	-152.9	-2.6561
137.33	0.4621	20.152	-44.289	-4.5488	-13.802	-18.059	2.4724	-18.107	-9.8933	-58.649	41.844	-67.699	-127.68	26.425	-44.067	-152.9	-2.6564
137.33	0.46917	20.168	-44.281	-4.5446	-13.783	-18.057	2.4719	-18.106	-9.8976	-58.654	41.839	-67.702	-127.68	26.422	-44.071	-152.89	-2.6659
137.33	0.47308	20.159	-44.281	-4.5453	-13.795	-18.066	2.4685	-18.112	-9.8908	-58.647	41.846	-67.694	-127.68	26.43	-44.061	-152.89	-2.6631
137.33	0.45998	20.165	-44.285	-4.5482	-13.799	-18.061	2.4722	-18.107	-9.886	-58.657	41.841	-67.695	-127.68	26.428	-44.06	-152.89	-2.6613
137.33	0.47221	20.158	-44.276	-4.5412	-13.791	-18.061	2.4722	-18.107	-9.8776	-58.652	41.836	-67.687	-127.68	26.418	-44.06	-152.89	-2.6647
137.33	0.46004	20.15	-44.273	-4.5389	-13.788	-18.052	2.4755	-18.1	-9.8763	-58.649	41.838	-67.683	-127.68	26.432	-44.059	-152.89	-2.6762
137.33	0.47174	20.158	-44.278	-4.5302	-13.786	-18.052	2.4741	-18.087	-9.881	-58.654	41.834	-67.675	-127.69	26.43	-44.054	-152.89	-2.6711
137.33	0.4598	20.164	-44.274	-4.5398	-13.789	-18.057	2.4719	-18.106	-9.8817	-58.654	41.833	-67.677	-127.68	26.423	-44.052	-152.9	-2.6746
137.33	0.46205	20.153	-44.275	-4.5407	-13.79	-18.051	2.4756	-18.101	-9.8864	-58.656	41.817	-67.684	-127.68	26.417	-44.062	-152.89	-2.6659
137.34	0.46418	20.157	-44.274	-4.5395	-13.791	-18.057	2.4719	-18.106	-9.876	-58.648	41.824	-67.681	-127.68	26.421	-44.055	-152.9	-2.68
137.34	0.46609	20.173	-44.274	-4.5388	-13.789	-18.049	2.4785	-18.098	-9.8793	-58.652	41.82	-67.682	-127.68	26.419	-44.05	-152.9	-2.6744
137.34	0.46445	20.157	-44.276	-4.5282	-13.785	-18.048	2.4786	-18.098	-9.8707	-58.635	41.834	-67.679	-127.68	26.421	-44.049	-152.89	-2.6742
137.33	0.47109	20.157	-44.275	-4.5237	-13.809	-18.053	2.4764	-18.117	-9.8763	-58.649	41.838	-67.67	-127.67	26.428	-44.056	-152.89	-2.661
137.33	0.47445	20.161	-44.263	-4.5191	-13.773	-18.055	2.4769	-18.119	-9.879	-58.637	41.829	-67.678	-127.66	26.427	-44.048	-152.88	-2.667
137.33	0.4694	20.168	-44.271	-4.5214	-13.807	-18.054	2.4797	-18.116	-9.8728	-58.636	41.834	-67.668	-127.67	26.419	-44.053	-152.88	-2.671
137.34	0.46509	20.172	-44.264	-4.5278	-13.807	-18.053	2.4798	-18.116	-9.8652	-58.629	41.84	-67.666	-127.66	26.407	-44.059	-152.89	-2.6757
137.33	0.47132	20.157	-44.271	-4.5078	-13.799	-18.045	2.483	-18.109	-9.864	-58.628	41.841	-67.673	-127.66	26.431	-44.048	-152.88	-2.6698
137.33	0.47223	20.159	-44.267	-4.5173	-13.803	-18.054	2.4812	-18.129	-9.864	-58.628	41.841	-67.669	-127.65	26.412	-44.048	-152.88	-2.6654
137.34	0.47667	20.162	-44.267	-4.5161	-13.816	-18.044	2.4846	-18.123	-9.8615	-58.625	41.829	-67.666	-127.65	26.427	-44.054	-152.88	-2.6715
137.33	0.4696	20.168	-44.258	-4.511	-13.796	-18.049	2.4843	-18.128	-9.8602	-58.624	41.83	-67.666	-127.64	26.419	-44.05	-152.88	-2.6676
137.33	0.47019	20.154	-44.262	-4.512	-13.813	-18.05	2.4842	-18.127	-9.8569	-58.62	41.835	-67.671	-127.64	26.415	-44.052	-152.87	-2.6768
137.33	0.46913	20.17	-44.264	-4.5023	-13.793	-18.032	2.4822	-18.118	-9.8531	-58.619	41.824	-67.663	-127.64	26.433	-44.06	-152.86	-2.6743
137.33	0.47197	20.158	-44.266	-4.5036	-13.795	-18.042	2.4889	-18.134	-9.8438	-58.614	41.831	-67.662	-127.64	26.433	-44.057	-152.86	-2.6597
137.33	0.4616	20.167	-44.266	-4.5024	-13.809	-18.042	2.4763	-18.142	-9.841	-58.623	41.828	-67.665	-127.62	26.426	-44.065	-152.86	-2.6667
137.33	0.47197	20.158	-44.267	-4.5032	-13.81	-18.037	2.48	-18.137	-9.8402	-58.623	41.828	-67.668	-127.61	26.428	-44.054	-152.87	-2.6611
137.33	0.47037	20.154	-44.257	-4.4953	-13.801	-18.037	2.48	-18.137	-9.8381	-58.622	41.829	-67.666	-127.61	26.431	-44.069	-152.86	-2.6556
137.33	0.47416	20.161	-44.255	-4.4939	-13.799	-18.033	2.483	-18.135	-9.8495	-58.628	41.805	-67.674	-127.6	26.42	-44.075	-152.85	-2.6531
137.33	0.47239	20.158	-44.261	-4.4971	-13.803	-18.032	2.4831	-18.135	-9.8394	-58.621	41.816	-67.673	-127.6	26.42	-44.08	-152.85	-2.668
137.33	0.46901	20.167	-44.257	-4.4827	-13.793	-18.03	2.4826	-18.134	-9.8498	-58.629	41.818	-67.674	-127.58	26.425	-44.078	-152.85	-2.6554
137.33	0.46992	20.155	-44.263	-4.4865	-13.798	-18.02	2.4914	-18.137	-9.849	-58.627	41.806	-67.684	-127.58	26.423	-44.087	-152.85	-2.6429
137.34	0.47447	20.163	-44.248	-4.4892	-13.793	-18.025	2.4878	-18.142	-9.8394	-58.621	41.816	-67.683	-127.57	26.411	-44.085	-152.85	-2.6412
137.33	0.47174	20.158	-44.241	-4.4854	-13.787	-18.021	2.4913	-18.136	-9.8375	-58.634	41.808	-67.682	-127.56	26.42	-44.098	-152.84	-2.6543
137.33	0.46875	20.167	-44.245	-4.4884	-13.791	-18.023	2.4873	-18.14	-9.8383	-58.634	41.808	-67.683	-127.56	26.431	-44.097	-152.84	-2.6429
137.33	0.4722	20.158	-44.247	-4.4773	-13.786	-18.022	2.4907	-18.139	-9.8375	-58.634	41.808	-67.692	-127.54	26.434	-44.108	-152.82	-2.6341
137.33	0.47285	20.159	-44.25	-4.4924	-13.795	-18.031	2.4841	-18.147	-9.8307	-58.642	41.795	-67.702	-127.53	26.432	-44.125	-152.83	-2.6475
137.33	0.47308	20.16	-44.243	-4.4885	-13.79	-18.017	2.4784	-18.143	-9.8304	-58.655	41.788	-67.706	-127.53	26.445	-44.14	-152.82	-2.6251
137.33	0.45983	20.162	-44.23	-4.4936	-13.785	-18.017	2.4799	-18.157	-9.8175	-58.674	41.798	-67.713	-127.51	26.465	-44.147	-152.81	-2.6216
137.33	0.47174	20.158	-44.235	-4.4967	-13.789	-18.012	2.4709	-18.16	-9.8172	-58.703	41.783	-67.719	-127.52	26.474	-44.181	-152.81	-2.5932
137.33	0.46963	20.168	-44.238	-4.499	-13.792	-18.014	2.4828	-18.154	-9.803	-58.721	41.782	-67.73	-127.51	26.488	-44.197	-152.82	-2.511
137.33	0.45902	20.165	-44.236	-4.5009	-13.764	-18.006	2.4783	-18.169	-9.8015	-58.763	41.777	-67.722	-127.5	26.528	-44.199	-152.82	-2.4719
137.33	0.46711	20.165	-44.24	-4.5021	-13.779	-17.992	2.5031	-18.176	-9.7757	-58.793	41.814	-67.712	-127.49	26.576	-44.196	-152.83	-2.4201
137.34	0.46207	20.167	-44.231	-4.5034	-13.729	-17.985	2.5154	-18.198	-9.7677	-58.833	41.829	-67.684	-127.5	26.671	-44.138	-152.83	-2.3187
137.32	0.46715	20.164	-44.235	-4.5108	-13.704	-18.011	2.6097	-18.32	-9.7547	-58.899	41.859	-67.646	-127.53	26.749	-44.074	-152.86	-2.2358
137.33	0.4608	20.163	-44.246	-4.5082	-13.614	-18.046	2.7394	-18.351	-9.7384	-58.954	41.924	-67.588	-127.55	26.843	-43.979	-152.83	-2.1254
137.32	0.46136	20.171	-44.271	-4.5987	-13.18	-18.217	3.1027	-18.303	-9.732	-58.998	42.012	-67.483	-127.59	26.964	-43.866	-152.83	-1.9907
137.33	0.46615	20.165	-44.313	-4.3145	-12.013	-18.729	3.6289	-18.106	-9.7246	-59.085	42.173	-67.327	-127.64	27.097	-43.72	-152.82	-1.8845
137.33	0.45635	20.159	-44.701	-4.168	-11.037	-19.357	4.4381	-17.539	-9.6605	-59.228	42.392	-67.121	-127.7	27.262	-43.587	-152.86	-1.8232
137.32	0.46278	20.171	-45.034	-4.0504	-9.7286	-19.778	5.1197	-16.698	-9.4409	-59.467	42.674	-66.8	-127.84	27.495	-43.383	-152.93	-1.7941
137.33	0.45985	20.163	-45.285	-3.8896	-8.1777	-19.747	5.7804	-15.396	-9.0944	-59.834	43.095	-66.361	-128.08	27.747	-43.147	-152.99	-1.813
137.33	0.46136	20.167	-45.713	-3.8949	-6.7221	-19.29	6.4118	-13.743	-8.6285	-60.345	43.614	-65.83	-128.38	28.056	-42.927	-153.06	-1.8827
137.33	0.46064	20.166	-46.15	-3.9572	-4.8436	-18.271	7.0637	-11.843	-8.1378	-61.003	44.266	-65.266	-128.71	28.339	-42.576	-153.1	-1.9684
137.35	0.4565	20.174	-46.608	-4.0549	-2.8624	-16.517	7.7541	-9.6999	-7.569	-61.737	45.036	-64.683	-129.05	28.656	-42.203	-153.21	-1.9281
137.35	0.45738	20.176	-46.839	-4.0797	-0.88062	-14.275	8.3607	-7.5063	-6.9321	-62.515	45.847	-64.064	-129.41	29.055	-41.816	-153.35	-1.9029
137.35	0.45852	20.179	-46.743	-4.2677	1.2291	-11.839	8.8725	-5.2797	-6.169	-63.379	46.624	-63.434	-129.76	29.514	-41.309	-153.52	-1.7414
137.36	0.45959	20.18	-46.291	-4.3442	3.1181	-9.3649	9.1827	-2.9874	-5.2647	-64.214	47.432	-62.698	-130.12	29.994	-40.783	-153.67	-1.5658
137.36	0.452	20.179	-45.569	-4.4945	4.964	-6.7794	9.4021	-0.68336	-4.1959	-65.123	48.244	-61.86	-130.48	30.487	-40.107	-153.87	-1.278
137.36	0.43724	20.168	-44.662	-4.7548	6.8638	-4.0672	9.4923	1.4457	-3.0971	-65.919	49.118	-60.97	-130.78	31.033	-39.314	-154.05	-0.89323
137.36	0.43377	20.178	-43.541	-4.9378	8.5525	-1.1455	9.4935	3.5831	-1.9202	-66.655	50.088	-59.901	-131.01	31.602	-38.241	-154.17	-0.37959
137.35	0.4311	20.171	-42.169	-5.168	10.012	1.9922	9.3984	5.6726	-0.6066	-67.449	51.1	-58.725	-131.26	32.196	-37.108	-154.36	0.14024
137.34	0.42244	20.176	-40.548	-5.4742	11.509	5.2976	9.1703	7.6971	0.80871	-68.239	52.098	-57.432	-131.51	32.839	-35.957	-154.58	0.68186
137.34	0.42244	20.176	-38.708	-5.7792	12.897	8.8157	8.7946	9.789	2.4351	-69.071	53.174	-56.061	-131.78	33.495	-34.707	-154.86	1.4161
137.33	0.41742	20.169	-36.55	-6.0957	14.251	12.478	8.2506	11.873	4.2314	-69.964	54.32	-54.635	-131.99	34.203	-33.434	-155.14	2.0908
137.33	0.41681	20.168	-34.073	-6.4218	15.628	16.314	7.5334	13.963	6.2123	-71.007	55.54	-53.132	-132.2	34.932	-31.856	-155.44	2.8401
137.33	0.41449	20.164	-31.309	-6.7781	17.114	20.283	6.6185	16.045	8.3339	-72.103	56.715	-51.512	-132.37	35.759	-30.376	-155.65	3.5654
137.32	0.42279	20.166	-28.176	-7.1935	18.692	24.822	5.864	18.685	11.055	-73.018	58.449	-49.812	-132.56	36.558	-28.702	-155.89	4.3772
137.32	0.42252	20.166	-24.814	-7.6664	20.309	29.073	4.6823	20.836	13.575	-74.369	59.73	-47.95	-132.78	37.413	-26.922	-156.06	5.2532
137.32	0.42471	20.181	-21.171	-8.1353	22.056	33.33	3.3542	22.934	16.263	-75.758	61.004	-45.97	-133.01	38.3	-25.138	-156.41	6.0452
137.33	0.42802	20.172	-17.4	-8.7091	23.788	37.697	1.9144	25.014	19.123	-77.215	62.307	-43.844	-133.22	39.201	-23.332	-156.57	6.8676
137.32	0.43582	20.174	-13.479	-9.1497	25.443	41.919	0.32181	26.869	22.057	-78.726	63.585	-41.612	-133.47	40.17	-21.282	-156.8	7.7724
137.33	0.43806	20.178	-9.362	-9.8379	27.438	46.715	-1.0959	29.112	25.111	-80.248	64.777	-39.29	-133.71	41.134	-19.233	-157.05	8.6111
137.33	0.43853	20.177	-5.1747	-10.4	29.071	51.367	-2.7016	31.069	28.265	-81.746	66	-36.913	-133.93	42.135	-17.094	-157.27	9.4144
137.33	0.44558	20.172	-0.87764	-11.015	30.72	56.09	-4.3482	32.868	31.5	-83.232	67.191	-34.44	-134.08	43.085	-14.897	-157.41	10.26
137.33	0.44494	20.186	3.4944	-11.704	32.235	60.877	-6.0103	34.556	34.776	-84.658	68.263	-31.913	-134.21	44.115	-12.842	-157.3	11.268
137.33	0.44463	20.17	7.9262	-12.335	33.552	65.398	-7.8437	35.806	38.151	-86.043	69.305	-29.346	-134.33	45.192	-10.455	-157.6	12.236
137.33	0.44668	20.173	12.331	-13.036	34.653	70.206	-9.5028	37.155	41.525	-87.35	70.281	-26.695	-134.4	46.245	-8.1201	-157.78	13.196
137.33	0.44528	20.172	16.766	-13.681	35.611	75.34	-11.039	38.577	44.946	-88.527	71.069	-23.996	-134.45	47.188	-5.7503	-157.9	14.13
137.33	0.44463	20.17	21.103	-14.354	36.526	80.19	-12.633	39.657	48.405	-89.673	71.946	-21.225	-134.47	48.195	-3.4078	-157.85	14.986
137.34	0.43473	20.17	25.365	-14.875	37.211	84.979	-14.193	40.538	51.881	-90.681	72.55	-18.424	-134.48	49.09	-0.78317	-158.1	15.943
137.34	0.43504	20.171	29.524	-15.464	37.95	89.743	-15.676	41.262	55.34	-91.632	73.137	-15.55	-134.47	49.963	1.8255	-158.33	16.707
137.34	0.43319	20.182	33.585	-15.923	38.404	94.147	-17.273	41.499	58.775	-92.494	73.592	-12.684	-134.43	50.706	4.4346	-158.37	17.482
137.33	0.42624	20.169	37.569	-16.421	38.818	99.175	-18.476	42.204	62.249	-93.252	73.93	-9.7471	-134.38	51.411	6.9358	-158.5	18.042
137.34	0.41902	20.17	41.471	-16.748	38.878	103.43	-19.937	42.053	65.636	-93.938	74.176	-6.8077	-134.3	52.067	9.5909	-158.47	18.738
137.34	0.4287	20.178	45.242	-17.121	38.787	108.39	-20.94	42.326	69.08	-94.457	74.219	-3.881	-134.2	52.608	12.014	-158.29	19.148
137.33	0.41488	20.166	48.933	-17.355	38.403	112.88	-22.051	42.066	72.484	-94.87	74.143	-0.95341	-134.05	53.084	14.631	-158.32	19.642
137.34	0.41932	20.17	52.558	-17.676	37.958	116.89	-23.266	41.157	75.826	-95.186	73.929	1.9736	-133.89	53.561	17.31	-158.47	20.087
137.33	0.41758	20.17	55.994	-17.831	37.169	121.6	-24.022	40.779	79.135	-95.386	73.587	4.8562	-133.67	53.844	19.968	-158.51	20.447
137.33	0.42683	20.173	59.26	-17.931	36.257	125.78	-24.851	39.772	82.446	-95.442	73.102	7.7352	-133.41	54.144	22.515	-158.56	20.628
137.34	0.43489	20.184	62.264	-17.96	35.233	129.91	-25.607	38.617	85.662	-95.377	72.564	10.551	-133.14	54.344	25.08	-158.49	20.936
137	0.13688	19.685	65.043	-17.9	34.096	133.05	-26.622	36.439	88.821	-95.186	71.839	13.306	-132.84	54.475	27.589	-158.39	21.196
137	0.13839	19.688	67.583	-17.714	32.829	137.36	-26.787	35.458	91.874	-94.827	71.071	16.028	-132.48	54.554	30.048	-158.32	21.434
137	0.14676	19.69	69.916	-17.482	31.492	140.88	-27.153	33.868	94.843	-94.351	70.252	18.672	-132.11	54.559	32.435	-158.13	21.643
137.32	0.45806	20.199	72.1	-17.226	30.126	144.08	-27.252	32.121	97.658	-93.753	69.402	21.265	-131.69	54.531	34.82	-157.92	21.697
137.33	0.45586	20.194	74.131	-16.833	28.491	147.09	-27.265	30.399	100.34	-92.997	68.518	23.719	-131.25	54.456	37.132	-157.72	21.896
137.34	0.45908	20.199	76.034	-16.384	26.879	149.92	-27.096	28.722	102.88	-92.165	67.621	26.091	-130.74	54.305	39.428	-157.63	21.969
137.34	0.46362	20.19	77.843	-15.954	25.248	152.79	-26.598	27.331	105.31	-91.225	66.773	28.399	-130.16	54.122	41.589	-157.22	21.916
137.33	0.45966	20.198	79.598	-15.499	23.618	155.08	-26.079	25.62	107.62	-90.231	65.892	30.573	-129.58	53.87	43.773	-157.01	21.971
137.32	0.46613	20.182	81.286	-14.965	21.882	157.22	-25.422	24.001	109.82	-89.16	65.077	32.685	-128.94	53.582	45.84	-156.53	21.971
137.31	0.45067	20.175	82.895	-14.379	20.14	159.2	-24.654	22.449	111.89	-88.063	64.18	34.741	-128.25	53.262	47.946	-156.13	21.839
137.32	0.44654	20.175	84.414	-13.88	18.43	160.98	-23.841	20.793	113.86	-86.894	63.36	36.728	-127.54	52.876	49.914	-155.78	21.724
137.32	0.44591	20.178	85.893	-13.35	16.74	162.67	-22.98	19.212	115.75	-85.741	62.458	38.644	-126.77	52.495	51.836	-155.24	21.549
137.31	0.44533	20.163	87.289	-12.794	15.032	164.23	-22.076	17.583	117.6	-84.491	61.63	40.464	-126.02	52.079	53.67	-154.72	21.418
137.33	0.4397	20.166	88.618	-12.23	13.42	165.71	-21.148	15.939	119.34	-83.304	60.686	42.208	-125.24	51.639	55.451	-154.11	21.163
137.33	0.42726	20.171	89.89	-11.534	11.751	167	-20.188	14.211	121.07	-82.057	59.744	43.895	-124.41	51.236	57.107	-153.49	20.882
137.33	0.43081	20.176	91.046	-10.958	10.357	168.16	-19.193	12.511	122.67	-80.848	58.821	45.496	-123.59	50.803	58.635	-152.77	20.674
137.33	0.42997	20.175	92.092	-10.281	8.8989	169.15	-18.151	10.793	124.25	-79.644	57.903	47.016	-122.79	50.428	60.245	-152.11	20.329
137.32	0.42491	20.167	93.128	-9.5061	7.4546	169.97	-17.082	9.1159	125.76	-78.458	57.007	48.494	-122.03	50.077	61.63	-151.46	20.139
137.32	0.42319	20.167	94.058	-8.8197	6.3339	170.65	-15.945	7.4542	127.22	-77.329	56.14	49.922	-121.23	49.692	62.993	-150.74	19.713
137.34	0.42145	20.173	95.015	-8.0256	5.171	171.21	-14.783	5.9029	128.64	-76.183	55.259	51.291	-120.45	49.325	64.329	-150.04	19.534
137.34	0.4218	20.162	95.871	-7.3652	4.2518	171.6	-13.648	4.366	129.98	-75.107	54.498	52.636	-119.69	49.064	65.608	-149.31	19.115
137.34	0.42495	20.166	96.768	-6.6325	3.3307	171.85	-12.451	2.9083	131.3	-74.076	53.739	53.901	-118.95	48.711	66.708	-148.54	18.846
137.33	0.42727	20.171	97.694	-5.8421	2.547	171.99	-11.237	1.4866	132.6	-73.023	53.052	55.16	-118.23	48.465	67.864	-147.75	18.538
137.33	0.42727	20.171	98.611	-5.0415	1.7999	171.95	-10.011	0.073845	133.83	-72.019	52.437	56.355	-117.51	48.206	68.978	-147.01	18.261
137.32	0.43607	20.174	99.552	-4.2435	1.1235	171.78	-8.8006	-1.2136	135.03	-71.03	51.854	57.511	-116.78	47.946	70.081	-146.34	17.951
137.32	0.44265	20.173	100.56	-3.4621	0.48029	171.42	-7.5728	-2.5296	136.22	-70.045	51.331	58.653	-116.08	47.753	71.157	-145.57	17.623
137.31	0.44425	20.173	101.63	-2.6763	-0.16212	170.96	-6.3313	-3.7364	137.38	-69.053	50.88	59.775	-115.39	47.52	72.168	-144.79	17.356
137.32	0.44655	20.175	102.76	-2.0217	-0.58669	170.4	-5.0885	-4.7982	138.47	-68.067	50.5	60.865	-114.67	47.284	73.191	-144.04	17.171
137.32	0.44655	20.175	103.97	-1.2614	-1.3611	169.71	-3.8725	-5.8732	139.57	-67.044	50.197	61.913	-113.99	47.069	74.195	-143.33	16.942
137.31	0.45691	20.167	105.27	-0.68873	-1.9377	168.95	-2.6267	-6.7708	140.61	-66.077	49.918	62.957	-113.31	46.936	75.298	-142.71	16.677
137.31	0.45465	20.164	106.65	-0.031214	-2.7519	168.14	-1.4653	-7.6153	141.62	-65.11	49.755	63.976	-112.61	46.754	76.34	-142.03	16.493
137.31	0.45673	20.168	108.12	0.51399	-3.4191	167.3	-0.35929	-8.3884	142.61	-64.163	49.584	64.963	-111.92	46.521	77.345	-141.3	16.37
137.31	0.45434	20.177	109.63	0.94032	-4.2314	166.49	0.69823	-9.0582	143.6	-63.243	49.505	65.953	-111.25	46.365	78.359	-140.6	16.264
137.32	0.44682	20.176	110.91	1.0505	-5.4524	165.72	1.6947	-9.6976	144.59	-62.372	49.524	66.94	-110.59	46.243	79.44	-140.03	16.164
137.32	0.44873	20.168	112.51	1.3871	-6.3517	165.04	2.6146	-10.15	145.6	-61.499	49.584	67.936	-109.97	46.079	80.525	-139.46	16.04
137.31	0.4423	20.171	114.06	1.5557	-7.0374	164.26	3.4508	-10.597	146.61	-60.703	49.62	68.956	-109.34	45.977	81.539	-138.74	15.912
137.33	0.43971	20.166	115.76	1.8126	-7.7149	163.36	4.0868	-11.161	147.38	-60.203	49.308	70.019	-108.75	45.924	82.708	-138.29	15.867
137	0.13692	19.685	117.6	2.1556	-8.1258	162.61	4.7868	-11.516	148.5	-59.507	49.378	71.097	-108.22	45.882	83.834	-137.68	15.816
136.7	-0.098446	19.397	119.31	2.6214	-7.9966	161.9	5.4158	-11.824	149.72	-58.841	49.57	72.249	-107.72	45.862	85.074	-137.23	15.846
137.33	0.40707	19.581	120.5	3.2001	-8.2167	161.22	5.9605	-12.001	150.92	-58.218	49.723	73.492	-107.28	45.942	86.253	-136.68	15.806
138.28	1.0085	19.679	121.93	3.646	-8.0388	161.2	6.6388	-11.869	152.21	-57.625	49.915	74.818	-106.91	46.045	87.62	-136.31	15.886
139.69	1.4432	19.647	123.04	4.1262	-7.8312	162.26	7.2548	-11.635	153.49	-57.064	50.178	76.247	-106.58	46.192	89.039	-136.01	16.003
141.24	1.8347	19.854	124.35	4.5344	-7.4359	163.5	7.7756	-11.376	154.88	-56.527	50.442	77.71	-106.33	46.392	90.479	-135.7	16.159
142.83	2.2218	20.173	125.78	5.0273	-7.0335	164.88	8.1453	-11.133	156.36	-56.056	50.696	79.238	-106.06	46.633	91.974	-135.37	16.359
144.48	2.5866	20.621	127.32	5.46	-6.7536	166.38	8.4972	-10.759	157.92	-55.674	51.089	80.782	-105.76	46.868	93.459	-135.07	16.536
146.17	2.8957	21.097	129	5.8438	-6.2484	167.95	8.8574	-10.222	159.59	-55.4	51.553	82.356	-105.46	47.14	95.041	-134.77	16.779
147.95	3.1367	21.735	130.85	6.2005	-5.4545	169.73	9.1775	-9.5254	161.32	-55.237	52.052	84.028	-105.22	47.452	96.645	-134.47	17.057
149.81	3.3449	22.477	132.86	6.4447	-4.9217	171.71	9.4429	-8.6709	163.2	-55.179	52.67	85.793	-105	47.783	98.299	-134.12	17.361
151.95	3.4971	23.323	135.07	6.6915	-4.0522	173.98	9.6215	-7.7996	165.18	-55.217	53.241	87.625	-104.82	48.122	100.08	-134.01	17.66
154.2	3.5172	24.104	137.46	6.901	-3.2913	176.31	9.6608	-7.0146	167.29	-55.325	53.931	89.554	-104.61	48.487	101.96	-133.76	18.005
156.76	3.535	24.968	140.03	7.0755	-2.4408	178.82	9.6587	-6.1217	169.46	-55.469	54.624	91.531	-104.46	48.852	103.78	-133.59	18.278
159.5	3.4458	25.831	142.76	7.1977	-1.3706	181.48	9.5718	-5.2227	171.75	-55.681	55.287	93.61	-104.27	49.228	105.73	-133.29	18.576
162.41	3.3469	26.725	145.61	7.2791	-0.59332	184.32	9.4368	-4.3009	174.13	-55.965	56.009	95.756	-104.15	49.592	107.85	-133.32	18.926
165.4	3.1687	27.628	148.58	7.357	0.14858	187.23	9.2759	-3.3924	176.55	-56.27	56.728	97.988	-104.04	49.976	109.91	-133.03	19.288
168.5	2.9748	28.569	151.63	7.3429	1.1028	190.18	9.0287	-2.5141	179.11	-56.587	57.434	100.28	-103.97	50.371	112.09	-132.98	19.575
171.62	2.7424	29.438	154.75	7.3241	2.0441	193.28	8.7708	-1.6591	181.68	-56.949	58.14	102.66	-103.85	50.818	114.33	-132.82	19.982
174.77	2.4887	30.285	157.96	7.2473	2.9381	196.47	8.4872	-0.75177	184.36	-57.326	58.863	105.06	-103.77	51.199	116.58	-132.77	20.323
178.06	2.2416	31.127	161.25	7.1781	3.5831	199.75	8.1444	0.034095	187.05	-57.713	59.533	107.53	-103.63	51.62	118.98	-132.67	20.77
181.34	1.8935	31.849	164.65	6.9776	4.2232	203.13	7.7949	0.86346	189.84	-58.08	60.226	110.03	-103.52	51.994	121.39	-132.73	21.163
185.24	2.0661	33.259	168.09	6.7955	4.804	206.57	7.3387	1.4852	192.63	-58.459	60.834	112.59	-103.37	52.349	123.86	-132.62	21.663
188.68	1.6808	33.822	171.63	6.6075	5.3925	209.42	6.5161	1.4248	195.48	-58.802	61.474	115.18	-103.21	52.729	126.43	-132.74	22.018
192.2	1.3528	34.346	175.24	6.2793	5.8001	213.68	6.4058	2.7659	198.38	-59.136	62.119	117.81	-103.01	53.078	128.86	-132.48	22.404
195.7	0.94711	34.738	178.9	5.9114	6.2234	217.32	5.8873	3.2033	201.33	-59.46	62.667	120.48	-102.8	53.385	131.42	-132.46	22.842
199.27	0.51649	35.037	182.59	5.652	6.3176	221.03	5.3534	3.6399	204.26	-59.8	63.157	123.16	-102.58	53.685	134.09	-132.46	23.323
202.89	0.16327	35.373	186.35	5.2011	6.7189	224.82	4.8479	4.0611	207.28	-60.1	63.649	125.9	-102.33	53.94	136.68	-132.32	23.658
206.54	-0.24073	35.687	190.11	4.8335	6.8284	228.58	4.2972	4.3824	210.28	-60.363	64.067	128.68	-102.09	54.191	139.41	-132.22	24.058
210.17	-0.64435	35.916	193.89	4.4196	7.0532	232.34	3.7639	4.7796	213.35	-60.681	64.457	131.47	-101.84	54.429	142.21	-132.38	24.443
213.82	-1.0696	36.085	197.66	3.971	7.0738	236.11	3.194	5.0046	216.43	-60.986	64.78	134.26	-101.59	54.608	144.72	-132.02	24.666
217.45	-1.5019	36.202	201.38	3.5409	7.2174	239.85	2.6123	5.1922	219.45	-61.328	65.037	137.08	-101.33	54.8	147.34	-132.01	24.951
221.06	-1.9486	36.32	205.07	3.1231	7.2573	243.52	2.0541	5.3779	222.54	-61.706	65.227	139.88	-101.09	54.951	150.12	-132.09	25.185
224.62	-2.3896	36.466	208.71	2.7975	7.1718	247.18	1.5515	5.5302	225.62	-62.039	65.407	142.69	-100.88	55.094	152.55	-131.72	25.198
228.14	-2.8266	36.594	212.23	2.5057	7.3593	250.76	1.0689	5.6965	228.71	-62.466	65.548	145.49	-100.66	55.235	155.07	-131.54	25.282
231.61	-3.2568	36.753	215.71	2.1231	7.6795	254.23	0.61867	5.8682	231.73	-62.866	65.619	148.26	-100.47	55.311	157.7	-131.47	25.513
235.02	-3.7079	36.864	219.12	1.883	7.6267	257.6	0.16017	5.9724	234.72	-63.308	65.59	151.01	-100.29	55.384	160.23	-131.28	25.531
238.38	-4.1026	36.995	222.45	1.5601	8.0637	260.94	-0.22221	6.1415	237.68	-63.671	65.629	153.71	-100.09	55.427	162.65	-131.08	25.486
241.66	-4.4674	37.083	225.72	1.4341	7.8913	264.22	-0.58588	6.2425	240.51	-64.05	65.567	156.36	-99.913	55.414	165	-130.97	25.362
244.88	-4.782	37.152	228.9	1.1335	8.0984	267.4	-0.96442	6.2859	243.31	-64.392	65.522	158.95	-99.702	55.417	167.36	-130.71	25.331
247.98	-5.1039	37.107	232.02	0.88062	8.1331	269.9	-1.6827	5.4701	246	-64.663	65.464	161.46	-99.461	55.335	169.83	-130.81	25.312
250.99	-5.3693	37.087	235.03	0.65041	8.0855	273.57	-1.6483	6.198	248.56	-64.892	65.382	163.87	-99.163	55.241	171.86	-130.31	25.169
253.86	-5.6371	36.916	237.93	0.4748	7.901	276.5	-1.9468	6.1353	251.03	-65.055	65.257	166.17	-98.832	55.081	173.89	-130.03	25.101
256.6	-5.8789	36.728	240.75	0.29823	7.7773	279.3	-2.2601	6.0115	253.38	-65.175	65.096	168.41	-98.478	54.908	176.02	-129.75	24.864
259.22	-6.0267	36.493	243.4	0.06095	7.5913	282.01	-2.4859	5.8036	255.66	-65.18	64.952	170.53	-98.107	54.723	178.05	-129.5	24.862
261.66	-6.1658	36.186	245.95	0.035394	6.8544	284.54	-2.6931	5.5421	257.79	-65.189	64.735	172.58	-97.722	54.514	179.95	-129.23	24.673
264.05	-6.1796	35.855	248.32	-0.1332	6.7237	286.94	-2.8566	5.2118	259.88	-65.107	64.549	174.55	-97.332	54.304	181.87	-129.06	24.494
266.27	-6.1663	35.43	250.55	-0.22214	6.3118	289.19	-2.9605	4.8106	261.86	-65	64.274	176.43	-96.925	54.065	183.56	-128.66	24.385
268.32	-6.1685	34.95	252.62	-0.1781	5.7567	290.67	-3.4387	3.5244	263.75	-64.886	63.922	178.21	-96.537	53.767	185.2	-128.46	24.248
270.27	-6.1125	34.484	254.6	-0.22056	5.4133	293.32	-2.9987	3.8789	265.57	-64.739	63.559	179.92	-96.147	53.507	186.75	-128.07	23.857
272.15	-5.9995	34.059	256.42	-0.13546	4.9066	294.51	-3.3858	2.5299	267.29	-64.563	63.14	181.57	-95.764	53.226	188.29	-127.75	23.75
273.87	-5.8705	33.536	258.13	0.024917	4.2192	296.83	-2.917	2.8278	268.92	-64.394	62.678	183.12	-95.373	52.924	189.88	-127.86	23.476
275.49	-5.7373	33.007	259.68	0.1131	4.0769	298.45	-2.7684	2.3087	270.5	-64.182	62.244	184.58	-94.998	52.621	190.89	-127.1	23.062
277.02	-5.5484	32.514	261.13	0.30618	3.4095	299.89	-2.6248	1.7437	271.94	-64.001	61.668	185.95	-94.618	52.285	192.21	-126.69	22.873
278.4	-5.3368	32.048	262.44	0.55481	2.9858	301.22	-2.3601	1.1989	273.3	-63.738	61.145	187.2	-94.225	51.957	193.35	-126.31	22.468
279.67	-5.0653	31.458	263.62	0.74721	2.4655	302.41	-2.1219	0.52559	274.56	-63.441	60.608	188.4	-93.858	51.571	194.41	-125.98	22.117
280.81	-4.7805	30.787	264.68	1.0009	1.9971	303.51	-1.826	-0.17902	275.72	-63.114	60.035	189.51	-93.485	51.199	195.39	-125.63	21.825
281.86	-4.4157	30.129	265.65	1.3677	1.0818	304.53	-1.4739	-0.8432	276.78	-62.727	59.455	190.51	-93.103	50.772	196.32	-125.28	21.365
282.76	-4.0689	29.405	266.49	1.5823	0.63382	304.76	-1.5954	-2.3736	277.7	-62.313	58.787	191.46	-92.696	50.327	197.42	-125.44	20.977
283.56	-3.6478	28.635	267.28	1.8614	-0.45321	306.23	-0.82698	-2.3666	278.61	-61.809	58.176	192.31	-92.264	49.866	197.94	-124.63	20.534
284.28	-3.2262	27.743	267.97	2.0593	-1.1602	306.32	-0.96468	-4.1802	279.4	-61.316	57.523	193.09	-91.809	49.368	198.88	-124.77	20.228
284.92	-2.7961	26.736	268.59	2.3592	-2.3539	307.65	-0.27864	-4.3253	280.12	-60.782	56.833	193.75	-91.341	48.802	199.26	-123.94	19.777
285.52	-2.3696	25.677	269.18	2.4509	-3.3445	308.25	-0.097171	-5.3111	280.72	-60.249	56.056	194.36	-90.829	48.25	200.06	-124.1	19.366
286.04	-1.9699	24.56	269.72	2.6292	-4.4067	308.12	-0.36101	-7.33	281.26	-59.728	55.292	194.87	-90.341	47.619	200.43	-123.23	18.948
285.97	-2.1535	22.487	270.18	2.8585	-5.8062	309.28	0.23281	-7.6933	281.78	-59.18	54.497	195.31	-89.849	46.96	200.85	-122.96	18.406
286.34	-1.822	21.171	270.57	2.9317	-7.0844	309.7	0.33153	-8.9731	282.24	-58.632	53.612	195.71	-89.345	46.328	201.21	-122.66	17.889
287.61	-1.3196	20.779	270.81	3.1186	-8.0301	310.21	0.45121	-10.227	282.65	-58.122	52.705	196.07	-88.859	45.676	201.51	-122.37	17.349
288.88	-0.62795	21.616	271.24	3.5483	-8.2982	310.14	0.20498	-11.962	283.08	-57.87	51.826	196.35	-88.406	44.943	201.82	-122.06	16.885
289.05	-0.080256	21.565	271.44	4.0094	-8.6673	311.25	0.86461	-11.58	283.51	-57.851	51.052	196.56	-88.036	44.267	202.03	-121.81	16.289
289.22	0.42634	21.644	271.62	4.2913	-8.7873	311.63	1.0686	-12.046	283.85	-57.946	50.403	196.76	-87.809	43.681	202.19	-121.61	15.591
289.49	0.4672	21.566	271.87	4.5711	-9.0438	312.02	1.267	-12.39	284.16	-58.041	49.789	196.96	-87.808	43.15	202.37	-121.46	14.927
289.7	0.66942	21.557	272.03	4.7944	-9.0936	NaN	NaN	NaN	284.42	-58.131	49.182	197.25	-87.786	42.709	202.51	-121.36	14.366
289.92	0.68596	21.622	272.17	4.9402	-9.1969	312.82	1.502	-12.874	284.62	-58.213	48.658	197.5	-87.691	42.242	202.59	-121.21	13.972
290.14	0.67695	21.602	272.36	5.0664	-9.5284	313.11	1.4631	-13.211	284.78	-58.282	48.298	197.61	-87.581	41.838	202.67	-121.07	13.563
290.39	0.6959	21.58	272.55	5.0974	-9.5831	NaN	NaN	NaN	284.88	-58.386	48.047	197.62	-87.475	41.509	202.71	-121.02	13.313
290.58	0.70477	21.57	272.72	5.1473	-9.868	313.69	1.3512	-13.366	284.92	-58.473	47.859	197.61	-87.42	41.25	202.74	-120.97	12.976
290.74	0.71222	21.563	272.85	5.1306	-9.9403	313.85	1.2358	-13.516	284.93	-58.57	47.736	197.63	-87.398	40.972	202.74	-120.95	12.731
290.86	0.7324	21.587	272.93	5.0718	-9.9939	313.98	1.1182	-13.583	284.93	-58.658	47.68	197.63	-87.383	40.771	202.68	-121.01	12.527
290.97	0.74504	21.62	273.01	4.9864	-10.044	NaN	NaN	NaN	284.89	-58.733	47.668	197.64	-87.389	40.624	202.63	-121.06	12.44
291.04	0.72449	21.622	273.02	4.9317	-9.912	NaN	NaN	NaN	284.87	-58.81	47.688	197.6	-87.375	40.527	202.61	-121.11	12.388
291.1	0.7078	21.609	273.03	4.783	-9.9209	NaN	NaN	NaN	284.84	-58.876	47.723	197.57	-87.361	40.457	202.55	-121.18	12.323
291.14	0.69044	21.599	273.04	4.7026	-9.9437	314.42	0.6091	-13.548	284.81	-58.94	47.743	197.52	-87.344	40.383	202.48	-121.21	12.298
291.31	0.75553	21.673	272.87	4.5439	-10.135	314.49	0.44915	-13.563	284.77	-59.003	47.763	197.48	-87.331	40.34	202.44	-121.24	12.311
291.32	0.73276	21.671	272.83	4.4308	-10.188	NaN	NaN	NaN	284.71	-59.076	47.759	197.45	-87.334	40.3	202.37	-121.29	12.338
291.35	0.70221	21.67	272.81	4.3128	-10.236	NaN	NaN	NaN	284.62	-59.172	47.769	197.38	-87.321	40.254	202.29	-121.32	12.366
291.37	0.66708	21.662	272.79	4.2055	-10.233	314.84	-0.1373	-13.612	284.5	-59.244	47.797	197.28	-87.319	40.192	202.17	-121.32	12.402
291.4	0.6036	21.661	272.79	4.0329	-10.297	315.14	-0.45473	-13.597	284.35	-59.284	47.81	197.14	-87.293	40.14	202.05	-121.33	12.454
291.47	0.5035	21.654	272.7	3.843	-10.334	315.52	-1.0185	-14.131	284.1	-59.237	47.659	196.99	-87.267	40.103	201.84	-121.39	12.502
291.53	0.43581	21.675	272.55	3.5915	-11.093	316.04	-1.5299	-14.489	283.92	-59.049	47.464	196.8	-87.207	40.064	201.7	-121.51	12.537
291.55	0.39707	21.678	271.99	3.262	-12.075	316.66	-1.9268	-14.662	283.66	-58.868	47.265	196.55	-87.12	39.979	201.39	-121.55	12.593
291.55	0.40153	21.685	271.28	3.1603	-12.68	317.57	-2.3742	-14.8	283.3	-58.684	46.958	196.23	-86.974	39.824	201.13	-121.55	12.749
291.54	0.4063	21.679	270.76	3.1604	-12.656	318.57	-2.807	-14.792	282.91	-58.604	46.527	195.88	-86.773	39.639	200.84	-121.56	12.84
291.53	0.40067	21.671	270.03	3.2938	-12.581	319.56	-3.2413	-14.533	282.58	-58.673	46.289	195.44	-86.653	39.447	200.35	-121.72	12.732
291.55	0.39917	21.679	269.23	3.3717	-12.57	NaN	NaN	NaN	282.12	-58.884	46.056	194.95	-86.75	39.327	200	-121.82	12.632
291.54	0.4107	21.685	268.33	3.4224	-12.55	NaN	NaN	NaN	281.71	-59.082	45.86	194.5	-87.024	39.349	199.47	-122.01	12.504
291.55	0.41222	21.674	267.38	3.4005	-12.406	322.54	-5.5303	-13.413	281.2	-59.311	45.694	194.06	-87.345	39.414	199.06	-122.09	12.517
291.55	0.41488	21.676	266.3	3.3465	-12.283	323.39	-6.332	-12.709	280.64	-59.481	45.709	193.58	-87.529	39.456	198.42	-122.35	12.64
291.54	0.42035	21.675	265.07	3.3121	-12.159	324.29	-7.1403	-11.685	279.91	-59.722	45.799	192.93	-87.647	39.579	197.79	-122.53	12.8
291.54	0.42284	21.68	263.73	3.2073	-11.878	325.04	-7.9788	-10.517	279.04	-59.986	46.005	192.13	-87.85	39.781	197.12	-122.82	13.054
291.55	0.42954	21.675	262.36	3.1148	-11.447	325.78	-8.7267	-9.0541	278.11	-60.267	46.323	191.25	-88.15	40.035	196.36	-123.16	13.196
291.54	0.43241	21.682	261	3.0278	-10.924	326.28	-9.5705	-7.5728	277.1	-60.618	46.695	190.36	-88.524	40.312	195.48	-123.45	13.463
291.55	0.42797	21.672	259.65	2.8275	-10.077	326.65	-10.368	-5.8761	276.03	-61.054	47.18	189.41	-88.943	40.665	194.68	-123.82	13.82
291.55	0.42947	21.674	258.26	2.6985	-9.3588	326.8	-11.196	-4.1124	274.88	-61.577	47.722	188.38	-89.388	41.095	193.91	-124.59	14.396
291.55	0.42768	21.672	256.84	2.5181	-8.2736	326.8	-12.061	-2.3322	273.66	-62.198	48.324	187.23	-89.881	41.568	192.63	-124.55	14.525
291.55	0.42768	21.672	255.4	2.2887	-7.29	326.62	-12.965	-0.52931	272.35	-62.848	49.06	185.98	-90.393	42.075	191.41	-125.03	14.926
291.55	0.42888	21.674	253.91	2.1486	-6.2453	326.32	-13.876	1.3724	270.97	-63.513	49.808	184.66	-90.95	42.657	190.16	-125.53	15.346
291.55	0.41579	21.677	252.4	1.8517	-4.9413	325.86	-14.832	3.3106	269.48	-64.226	50.699	183.24	-91.512	43.279	188.75	-125.89	15.858
291.54	0.41859	21.674	250.84	1.5227	-3.596	325.22	-15.771	5.2488	267.89	-64.911	51.643	181.74	-92.076	43.954	187.4	-126.32	16.459
291.55	0.41522	21.68	249.25	1.1853	-2.3739	324.41	-16.722	7.1914	266.18	-65.674	52.547	180.12	-92.659	44.709	185.82	-126.84	17.004
291.55	0.41363	21.676	247.56	0.77357	-0.80284	323.39	-17.643	9.0403	264.43	-66.423	53.583	178.38	-93.254	45.474	184.5	-127.65	17.812
291.55	0.4108	21.674	245.89	0.29306	0.52234	322.19	-18.573	10.804	262.55	-67.236	54.58	176.57	-93.874	46.267	182.73	-128.15	18.472
291.55	0.39842	21.678	244.16	-0.14816	1.9642	320.78	-19.433	12.56	260.63	-68.039	55.719	174.67	-94.541	47.095	181.04	-128.59	19.183
291.55	0.39923	21.679	242.33	-0.67915	3.683	319.17	-20.321	14.143	258.62	-68.9	56.793	172.71	-95.26	47.96	178.97	-128.74	19.646
291.54	0.40448	21.678	240.46	-1.2133	5.3725	317.37	-21.189	15.648	256.51	-69.775	57.791	170.64	-96.004	48.844	176.93	-129.26	20.345
291.55	0.41366	21.69	238.44	-1.6297	6.8664	315.41	-22.007	17.125	254.28	-70.719	58.819	168.45	-96.754	49.723	174.85	-129.76	20.987
291.55	0.40357	21.673	236.44	-2.189	8.5488	313.27	-22.752	18.536	251.97	-71.628	59.902	166.16	-97.512	50.627	172.64	-130.25	21.641
291.54	0.41063	21.671	234.23	-2.6714	10.152	310.89	-23.496	19.739	249.56	-72.562	60.942	163.73	-98.299	51.486	170.33	-130.87	22.29
291.55	0.41438	21.677	231.92	-3.1355	11.762	308.33	-24.173	20.936	247.02	-73.462	61.926	161.2	-99.079	52.351	167.92	-131.29	22.826
291.54	0.41108	21.672	229.55	-3.6743	13.344	305.6	-24.76	22.054	244.32	-74.345	62.966	158.57	-99.851	53.206	165.5	-132.16	23.617
291.55	0.41397	21.677	227.31	-3.8094	15.459	302.65	-25.19	23.043	241.72	-74.912	64.151	155.82	-100.62	53.986	162.74	-132.25	24.046
291.54	0.42196	21.677	224.65	-4.1436	16.948	299.51	-25.538	23.919	238.81	-75.658	65.101	152.97	-101.37	54.745	160.07	-132.76	24.66
291.55	0.42582	21.669	221.8	-4.4512	18.359	296.11	-25.749	24.693	235.8	-76.313	65.871	150.02	-102.1	55.475	157.28	-133.23	25.137
291.54	0.41792	21.672	218.79	-4.6943	19.487	292.59	-25.806	25.343	232.65	-76.907	66.668	146.96	-102.81	56.152	154.55	-133.98	25.719
291.54	0.43041	21.68	215.61	-4.9689	20.782	288.75	-25.695	25.838	229.45	-77.37	67.305	143.82	-103.52	56.756	151.46	-134.15	26.14
291.54	0.42301	21.677	212.19	-5.164	21.854	284.74	-25.343	26.288	226.06	-77.785	67.926	140.59	-104.22	57.306	148.34	-134.61	26.383
291.55	0.42779	21.685	208.64	-5.1928	22.791	280.48	-24.834	26.62	222.59	-78.099	68.509	137.28	-104.92	57.835	145.23	-135.04	26.767
291.54	0.42219	21.675	204.93	-5.2494	23.591	275.94	-24.251	26.793	219.01	-78.296	68.951	133.86	-105.6	58.297	142	-135.41	27.038
291.54	0.41946	21.675	201.04	-5.2139	24.307	271.17	-23.448	26.798	215.34	-78.431	69.29	130.36	-106.27	58.72	138.7	-135.74	27.269
291.54	0.41867	21.674	197.05	-5.1464	24.819	266.09	-22.526	26.708	211.55	-78.465	69.655	126.72	-106.91	59.072	135.24	-136.21	27.508
291.55	0.41234	21.673	192.93	-5.039	25.519	260.74	-21.426	26.478	207.66	-78.413	69.957	123	-107.54	59.351	131.78	-136.57	27.68
291.55	0.41284	21.675	188.64	-4.814	25.831	255.14	-20.215	26.179	203.67	-78.298	70.19	119.2	-108.14	59.611	128.31	-137.03	27.86
291.55	0.41284	21.675	184.19	-4.6651	26.289	291.54	0.40965	21.683	199.57	-78.111	70.339	115.31	-108.73	59.828	124.66	-137.42	27.984
243.3	-17.498	25.296	179.58	-4.4716	26.516	291.55	0.40979	21.672	195.4	-77.841	70.434	111.32	-109.35	59.987	120.94	-137.73	28.061
243.3	-17.498	25.296	174.84	-4.2756	26.669	291.55	0.40984	21.672	191.17	-77.5	70.454	107.31	-109.92	60.165	117.04	-137.95	28.142
243.3	-17.498	25.296	169.94	-4.0081	26.769	291.55	0.39774	21.676	186.77	-77.139	70.459	103.21	-110.53	60.282	113.16	-138.28	28.081
243.3	-17.498	25.296	164.94	-3.7449	26.667	291.55	0.41448	21.681	182.4	-76.7	70.38	99.091	-111.13	60.397	109.28	-138.76	28.152
291.55	0.40719	21.676	159.84	-3.5144	26.458	NaN	NaN	NaN	177.94	-76.218	70.279	94.899	-111.74	60.444	105.29	-139.08	28.114
291.54	0.40701	21.668	154.67	-3.2794	26.196	NaN	NaN	NaN	173.41	-75.71	70.116	90.703	-112.32	60.505	101.22	-139.42	27.97
291.54	0.40697	21.681	149.47	-3.1476	26.04	NaN	NaN	NaN	168.82	-75.177	69.918	86.434	-112.92	60.475	97.145	-139.73	27.924
291.55	0.40652	21.676	144.24	-2.9335	25.719	NaN	NaN	NaN	164.2	-74.631	69.645	82.137	-113.48	60.407	93.025	-140	27.671
291.55	0.41529	21.678	138.91	-2.7665	25.313	187.7	-6.2262	18.131	159.52	-74.042	69.356	77.821	-114.04	60.267	88.903	-140.38	27.505
291.55	0.41335	21.676	133.6	-2.5038	24.793	179.32	-4.8196	17.376	154.79	-73.408	68.971	73.461	-114.58	60.077	84.738	-140.65	27.292
291.54	0.42042	21.677	128.2	-2.2989	24.223	NaN	NaN	NaN	149.78	-73.036	68.197	69.098	-115.12	59.908	80.574	-141	26.904
291.54	0.40985	21.67	122.76	-2.1006	23.636	NaN	NaN	NaN	144.97	-72.384	67.779	64.758	-115.58	59.648	76.387	-141.3	26.64
291.54	0.42286	21.68	117.25	-1.9125	23.027	NaN	NaN	NaN	140.13	-71.698	67.271	60.38	-116.09	59.392	72.221	-141.57	26.34
291.54	0.42292	21.678	111.67	-1.7531	22.288	NaN	NaN	NaN	135.23	-70.99	66.701	56.032	-116.57	59.018	68.063	-141.88	25.914
291.54	0.41866	21.673	106.07	-1.5914	21.489	NaN	NaN	NaN	130.36	-70.214	66.178	51.673	-117.05	58.713	63.937	-142.21	25.457
291.54	0.42066	21.675	100.47	-1.4677	20.802	NaN	NaN	NaN	125.52	-69.493	65.598	47.36	-117.49	58.275	59.819	-142.5	24.991
291.54	0.4194	21.673	94.967	-1.3021	19.883	NaN	NaN	NaN	120.63	-68.79	64.917	43.069	-117.91	57.834	55.717	-142.75	24.561
291.54	0.42993	21.681	89.412	-1.2499	19.003	NaN	NaN	NaN	115.76	-68.093	64.266	38.818	-118.34	57.393	51.666	-143.05	24.115
291.54	0.42	21.674	83.83	-1.1583	18.04	NaN	NaN	NaN	110.93	-67.397	63.627	34.552	-118.75	56.892	47.606	-143.4	23.595
291.54	0.41646	21.669	78.349	-1.0258	17.133	NaN	NaN	NaN	106.11	-66.762	62.905	30.351	-119.13	56.36	43.608	-143.69	23.074
291.54	0.41918	21.675	72.795	-0.93158	16.304	NaN	NaN	NaN	101.33	-66.18	62.164	26.168	-119.51	55.812	39.634	-143.96	22.494
291.54	0.41019	21.67	67.202	-0.77762	15.364	NaN	NaN	NaN	96.571	-65.648	61.406	22.005	-119.83	55.239	35.76	-144.21	21.927
291.54	0.40739	21.668	61.759	-0.68208	14.506	NaN	NaN	NaN	91.911	-65.179	60.701	17.894	-120.15	54.625	31.87	-144.51	21.252
291.54	0.41697	21.673	56.568	-0.58767	13.63	NaN	NaN	NaN	87.35	-64.722	59.99	13.85	-120.46	53.977	28.11	-144.7	20.689
291.54	0.40788	21.683	51.532	-0.54319	12.783	NaN	NaN	NaN	82.9	-64.297	59.276	9.9117	-120.74	53.337	24.358	-144.92	19.978
291.55	0.41221	21.675	46.571	-0.53426	11.996	NaN	NaN	NaN	78.499	-63.959	58.508	6.0254	-121.02	52.669	20.75	-145.14	19.406
291.54	0.40806	21.683	41.776	-0.5091	11.145	NaN	NaN	NaN	74.23	-63.628	57.828	2.2092	-121.24	51.965	17.194	-145.33	18.629
291.54	0.41043	21.685	37.143	-0.39761	10.256	NaN	NaN	NaN	70.032	-63.318	57.071	-1.4969	-121.51	51.308	13.718	-145.48	17.964
291.55	0.41081	21.674	32.657	-0.4418	9.5534	57.376	4.7291	-3.2864	65.991	-63.009	56.401	-5.0565	-121.75	50.61	10.356	-145.75	17.326
291.55	0.4124	21.674	28.277	-0.40919	8.6543	52.7	5.0915	-1.6978	62.047	-62.695	55.668	-8.5196	-121.98	49.952	7.0777	-145.93	16.549
291.54	0.41031	21.684	24.117	-0.39359	7.8939	48.429	5.2661	-2.4486	58.239	-62.424	55.038	-11.883	-122.2	49.259	3.9869	-146.07	15.905
291.53	0.414	21.681	20.038	-0.46204	7.1427	44.327	5.3501	-3.1928	54.555	-62.2	54.336	-15.112	-122.4	48.628	0.96354	-146.24	15.246
291.53	0.41427	21.681	16.121	-0.48314	6.4291	40.418	5.4683	-3.9042	51.014	-61.922	53.751	-18.24	-122.62	48.002	-1.8853	-146.4	14.656
291.54	0.41947	21.675	12.401	-0.48369	5.6897	36.629	5.5747	-4.5415	47.595	-61.69	53.176	-21.214	-122.84	47.407	-4.689	-146.59	14.04
291.54	0.41655	21.684	8.7987	-0.51067	5.0442	33.01	5.6702	-5.169	44.318	-61.444	52.645	-24.094	-123.05	46.834	-7.3476	-146.76	13.461
291.54	0.41742	21.671	5.3897	-0.61197	4.5398	29.591	5.795	-5.7279	41.189	-61.206	52.19	-26.778	-123.22	46.299	-9.8328	-146.91	12.954
291.54	0.41582	21.681	2.1698	-0.60549	3.9099	26.389	5.8849	-6.1858	38.175	-61.002	51.823	-29.374	-123.4	45.784	-12.194	-147.04	12.48
291.53	0.41521	21.68	-0.85335	-0.64636	3.3971	23.333	5.9588	-6.601	35.303	-60.781	51.524	-31.851	-123.58	45.29	-14.421	-147.24	11.981
291.54	0.41595	21.668	-3.709	-0.72783	3.0202	20.457	5.9842	-6.9567	32.551	-60.618	51.258	-34.204	-123.74	44.834	-16.486	-147.34	11.557
291.54	0.42081	21.676	-6.3583	-0.74644	2.5805	17.795	6.0414	-7.2664	29.925	-60.452	51.067	-36.426	-123.87	44.368	-18.521	-147.52	11.188
291.54	0.41947	21.675	-8.8145	-0.76186	2.2042	15.396	6.1294	-7.4914	27.476	-60.297	50.981	-38.569	-124.02	43.928	-20.35	-147.56	10.912
291.54	0.42065	21.675	-11.078	-0.80828	1.8686	13.209	6.0753	-7.6207	25.148	-60.187	50.934	-40.548	-124.1	43.575	-22.1	-147.72	10.523
291.54	0.41755	21.671	-13.122	-0.82782	1.6046	11.204	6.1499	-7.7266	22.952	-60.085	50.919	-42.447	-124.2	43.121	-23.669	-147.79	10.255
291.54	0.41726	21.67	-15.037	-0.89892	1.3374	9.2974	6.1131	-7.8531	20.93	-59.974	50.945	-44.196	-124.25	42.791	-25.125	-147.9	10.069
291.54	0.40845	21.681	-16.72	-0.91755	1.1512	7.6479	6.1048	-7.9422	19.011	-59.901	50.992	-45.854	-124.3	42.385	-26.481	-147.97	9.7263
291.54	0.4113	21.672	-18.257	-0.9525	0.81215	6.1714	6.1057	-7.975	17.21	-59.783	51.058	-47.377	-124.32	42.05	-27.739	-148.05	9.6015
291.54	0.40731	21.682	-19.731	-1.0073	0.46075	4.7882	6.0664	-8.1548	15.529	-59.728	51.128	-48.794	-124.33	41.639	-28.799	-148.08	9.3959
291.54	0.41109	21.672	-21.061	-1.0912	0.054895	3.6207	6.0319	-8.2133	13.986	-59.611	51.191	-50.082	-124.33	41.304	-29.847	-148.18	9.1394
291.54	0.40881	21.682	-22.2	-1.1465	-0.23894	2.5551	5.9534	-8.3648	12.516	-59.511	51.2	-51.303	-124.32	40.92	-30.766	-148.22	8.988
291.54	0.40747	21.68	-23.269	-1.1738	-0.69736	1.5263	5.9313	-8.5788	11.186	-59.419	51.211	-52.393	-124.3	40.516	-31.549	-148.24	8.7842
291.54	0.40859	21.67	-24.207	-1.1752	-1.1242	0.63916	5.8503	-8.6982	9.9489	-59.366	51.19	-53.381	-124.28	40.072	-32.322	-148.29	8.4855
291.54	0.40739	21.678	-25.099	-1.2922	-1.4922	-0.16914	5.7994	-8.9635	8.8029	-59.269	51.086	-54.32	-124.27	39.603	-32.984	-148.32	8.2097
291.55	0.41453	21.677	-25.88	-1.3371	-1.9644	-0.9178	5.8088	-9.1698	7.786	-59.186	51	-55.138	-124.25	39.161	-33.569	-148.37	7.9011
291.54	0.40904	21.668	-26.654	-1.4316	-2.4956	-1.5533	5.6992	-9.4097	6.825	-59.086	50.831	-55.882	-124.25	38.669	-34.174	-148.32	7.6182
291.53	0.41266	21.676	-27.589	-1.6303	-3.4775	-2.1664	5.6927	-9.6968	5.9621	-59.046	50.604	-56.57	-124.23	38.151	-34.68	-148.46	7.2075
291.54	0.41776	21.672	-27.925	-1.4908	-3.5966	-2.7524	5.6627	-10.093	5.1807	-59.043	50.291	-57.166	-124.22	37.639	-35.122	-148.49	6.8519
291.54	0.41749	21.686	-28.719	-1.7153	-4.3899	-3.2634	5.6267	-10.481	4.4712	-58.973	49.95	-57.704	-124.23	37.074	-35.563	-148.56	6.4142
291.54	0.41962	21.676	-29.231	-1.7691	-4.9192	-3.731	5.6148	-10.912	3.8625	-58.979	49.494	-58.203	-124.22	36.455	-35.989	-148.54	5.875
291.54	0.41475	21.669	-29.671	-1.7833	-5.5695	-4.2269	5.6089	-11.551	3.2779	-58.924	48.959	-58.648	-124.21	35.808	-36.359	-148.62	5.2645
291.54	0.41939	21.673	-30.077	-1.7886	-6.2725	-4.5837	5.5626	-12.149	2.8252	-58.929	48.411	-59.01	-124.21	35.139	-36.697	-148.63	4.7544
291.54	0.41741	21.671	-30.475	-1.8659	-7.0486	-4.9471	5.5307	-12.911	2.4291	-58.889	47.723	-59.381	-124.18	34.439	-36.994	-148.67	3.9968
291.53	0.4122	21.665	-30.803	-1.869	-7.9711	-5.2659	5.4563	-13.682	2.0095	-58.837	46.968	-59.689	-124.14	33.683	-37.294	-148.69	3.3541
291.54	0.41866	21.674	-31.125	-1.893	-8.985	-5.5561	5.4003	-14.617	1.6756	-58.758	46.174	-59.99	-124.13	32.928	-37.504	-148.72	2.6379
291.54	0.42028	21.677	-31.364	-1.9683	-9.9536	-5.7914	5.3524	-15.626	1.3752	-58.678	45.354	-60.211	-124.04	32.174	-37.765	-148.72	1.8566
291.54	0.40797	21.666	-31.565	-2.0111	-11.048	-6.0023	5.2452	-16.699	1.0434	-58.57	44.517	-60.468	-123.99	31.347	-37.876	-148.7	1.242
291.53	0.415	21.667	-31.716	-2.1103	-12.189	-6.0814	5.156	-17.748	0.71955	-58.413	43.76	-60.701	-123.89	30.547	-38.04	-148.69	0.52329
291.54	0.40672	21.666	-31.851	-2.1283	-13.096	-6.1963	5.3291	-18.184	0.36905	-58.265	43.02	-60.953	-123.77	29.87	-38.18	-148.71	-0.0093413
291.54	0.40774	21.666	-31.969	-2.0393	-13.257	-6.4607	5.7068	-18.094	0.18478	-58.176	42.581	-61.234	-123.64	29.232	-38.236	-148.71	-0.58864
291.54	0.41484	21.666	-31.899	-1.9406	-13.306	-6.3467	5.7452	-18.322	-0.021968	-58.228	42.371	-61.506	-123.53	28.899	-38.258	-148.74	-0.78551
