139.87	-1.7952	20.262	-33.057	-2.3441	-13.434	-6.9469	-1.1725	-18.07	-5.9243	-64.79	41.455	-79.893	-118.97	28.386	-63.625	-146.34	-2.7363
139.86	-1.7965	20.247	-33.054	-2.3443	-13.432	-6.9459	-1.161	-18.061	-5.9204	-64.799	41.453	-79.895	-118.97	28.386	-63.735	-146.13	-2.8491
139.86	-1.7944	20.249	-33.061	-2.3363	-13.417	-6.9476	-1.1598	-18.061	-5.9315	-64.794	41.449	-79.9	-118.96	28.387	-63.635	-146.33	-2.749
139.86	-1.7874	20.246	-33.062	-2.3359	-13.432	-6.9534	-1.1624	-18.08	-5.9357	-64.797	41.447	-79.895	-118.97	28.386	-63.745	-146.14	-2.8434
139.86	-1.7969	20.246	-33.065	-2.3389	-13.42	-6.9521	-1.1584	-18.079	-5.9336	-64.795	41.448	-79.908	-118.97	28.38	-63.638	-146.31	-2.7443
139.87	-1.7925	20.25	-33.071	-2.342	-13.441	-6.9436	-1.1569	-18.06	-5.9397	-64.798	41.443	-79.908	-118.97	28.38	-63.736	-146.13	-2.8495
139.86	-1.7842	20.252	-33.064	-2.3262	-13.413	-6.9465	-1.1597	-18.062	-5.9382	-64.785	41.452	-79.919	-118.96	28.376	-63.743	-146.14	-2.8432
139.86	-1.7901	20.244	-33.066	-2.3281	-13.416	-6.9518	-1.1599	-18.066	-5.9385	-64.797	41.444	-79.914	-118.97	28.364	-63.649	-146.32	-2.7394
139.86	-1.7868	20.25	-33.076	-2.3203	-13.417	-6.9518	-1.1599	-18.066	-5.9445	-64.789	41.446	-79.916	-118.96	28.368	-63.646	-146.33	-2.7441
139.86	-1.7871	20.261	-33.073	-2.3535	-13.338	-6.9613	-1.1554	-18.07	-5.9514	-64.792	41.441	-79.915	-118.97	28.364	-63.64	-146.33	-2.7387
139.86	-1.7836	20.253	-33.079	-2.3349	-13.428	-6.9641	-1.1543	-18.07	-5.9526	-64.792	41.44	-79.916	-118.97	28.36	-63.744	-146.14	-2.8438
139.86	-1.7845	20.251	-33.076	-2.333	-13.425	-6.9547	-1.1627	-18.068	-5.9554	-64.796	41.45	-79.924	-118.97	28.373	-63.653	-146.33	-2.7295
139.86	-1.7859	20.251	-33.071	-2.3656	-13.342	-6.9569	-1.1513	-18.063	-5.9557	-64.797	41.449	-79.917	-118.97	28.361	-63.745	-146.14	-2.8444
139.85	-1.7933	20.239	-33.074	-2.3314	-13.423	-6.9624	-1.1555	-18.069	-5.9513	-64.793	41.452	-79.92	-118.98	28.358	-63.744	-146.14	-2.8272
139.86	-1.7894	20.26	-33.069	-2.3298	-13.418	-6.9569	-1.1513	-18.063	-5.9591	-64.787	41.454	-79.912	-118.97	28.363	-63.742	-146.14	-2.8416
139.87	-1.7935	20.249	-33.079	-2.335	-13.427	-6.9547	-1.1627	-18.068	-5.9545	-64.796	41.45	-79.917	-118.97	28.361	-63.743	-146.14	-2.8427
139.86	-1.7964	20.245	-33.072	-2.3422	-13.428	-6.9421	-1.1556	-18.055	-5.9543	-64.796	41.451	-79.917	-118.96	28.366	-63.649	-146.33	-2.7438
139.86	-1.7848	20.255	-33.073	-2.3432	-13.429	-6.9476	-1.1598	-18.061	-5.9482	-64.793	41.457	-79.917	-118.97	28.361	-63.753	-146.15	-2.8394
139.86	-1.7958	20.247	-33.066	-2.3377	-13.421	-6.9465	-1.1597	-18.062	-5.9575	-64.8	41.459	-79.918	-118.97	28.372	-63.741	-146.14	-2.8406
139.87	-1.7926	20.252	-33.073	-2.3432	-13.429	-6.9547	-1.1627	-18.068	-5.9554	-64.796	41.45	-79.919	-118.97	28.373	-63.75	-146.14	-2.8468
139.86	-1.7963	20.26	-33.074	-2.3441	-13.431	-6.9589	-1.1684	-18.061	-5.9589	-64.8	41.446	-79.926	-118.97	28.359	-63.654	-146.33	-2.7304
139.86	-1.8005	20.254	-33.07	-2.3434	-13.427	-6.9476	-1.1598	-18.061	-5.9684	-64.805	41.439	-79.93	-118.97	28.357	-63.658	-146.33	-2.7303
139.87	-1.7921	20.25	-33.061	-2.3698	-13.354	-6.9531	-1.1639	-18.067	-5.9695	-64.794	41.445	-79.93	-118.97	28.357	-63.751	-146.14	-2.835
139.87	-1.7925	20.252	-33.079	-2.3349	-13.428	-6.9465	-1.1597	-18.062	-5.9678	-64.805	41.453	-79.938	-118.96	28.356	-63.762	-146.14	-2.8496
139.87	-1.7949	20.249	-33.072	-2.3422	-13.428	-6.952	-1.1639	-18.068	-5.9705	-64.795	41.456	-79.94	-118.96	28.353	-63.657	-146.35	-2.7275
139.87	-1.7915	20.255	-33.078	-2.334	-13.426	-6.9531	-1.1639	-18.067	-5.9798	-64.799	41.449	-79.948	-118.95	28.355	-63.755	-146.14	-2.8469
139.86	-1.7947	20.249	-33.069	-2.3528	-13.334	-6.9531	-1.1639	-18.067	-5.984	-64.803	41.447	-79.95	-118.95	28.355	-63.647	-146.35	-2.7229
139.86	-1.7857	20.251	-33.074	-2.3291	-13.435	-6.9545	-1.1643	-18.054	-5.9923	-64.797	41.446	-79.964	-118.95	28.348	-63.661	-146.36	-2.7323
139.86	-1.7873	20.25	-33.08	-2.335	-13.427	-6.9531	-1.1639	-18.067	-5.9977	-64.799	41.456	-79.967	-118.95	28.349	-63.678	-146.34	-2.7439
139.87	-1.7923	20.252	-33.072	-2.3295	-13.42	-6.9547	-1.1627	-18.068	-6.0025	-64.801	41.451	-79.976	-118.94	28.335	-63.655	-146.37	-2.7065
139.86	-1.7862	20.252	-33.092	-2.3291	-13.431	-6.9574	-1.1671	-18.057	-6.0058	-64.803	41.45	-79.981	-118.94	28.345	-63.677	-146.35	-2.7359
139.86	-1.7868	20.25	-33.099	-2.3301	-13.45	-6.9545	-1.1643	-18.054	-6.0083	-64.792	41.454	-79.985	-118.93	28.345	-63.678	-146.35	-2.7232
139.86	-1.7844	20.251	-33.107	-2.3231	-13.437	-6.96	-1.1684	-18.06	-6.0151	-64.797	41.461	-79.992	-118.92	28.336	-63.691	-146.33	-2.7343
139.86	-1.7844	20.251	-33.093	-2.3501	-13.347	-6.9619	-1.1657	-18.074	-6.0199	-64.788	41.463	-79.995	-118.92	28.334	-63.691	-146.33	-2.7456
139.86	-1.7946	20.247	-33.121	-2.3309	-13.451	-6.9616	-1.1672	-18.061	-6.0315	-64.795	41.454	-79.995	-118.92	28.32	-63.691	-146.34	-2.7264
139.87	-1.7823	20.257	-33.115	-2.3264	-13.444	-6.9625	-1.1584	-18.054	-6.0292	-64.792	41.457	-79.998	-118.91	28.325	-63.688	-146.34	-2.7364
139.86	-1.7868	20.25	-33.105	-2.3442	-13.351	-6.9627	-1.1673	-18.06	-6.0336	-64.784	41.472	-80.004	-118.91	28.333	-63.681	-146.33	-2.7308
139.86	-1.7845	20.252	-33.12	-2.3168	-13.442	-6.9636	-1.1585	-18.054	-6.0345	-64.784	41.473	-80.004	-118.92	28.33	-63.683	-146.33	-2.7317
139.86	-1.7882	20.248	-33.118	-2.3279	-13.448	-6.9545	-1.1643	-18.054	-6.0396	-64.787	41.467	-80.009	-118.92	28.328	-63.685	-146.34	-2.7354
139.86	-1.7859	20.251	-33.119	-2.3158	-13.441	-6.9624	-1.1688	-18.047	-6.0359	-64.783	41.472	-80.005	-118.91	28.318	-63.686	-146.34	-2.7346
139.86	-1.7868	20.25	-33.104	-2.3423	-13.349	-6.9582	-1.1687	-18.043	-6.035	-64.783	41.472	-79.994	-118.92	28.32	-63.698	-146.33	-2.7521
139.86	-1.7987	20.257	-33.11	-2.3477	-13.356	-6.9656	-1.1701	-18.062	-6.0396	-64.787	41.467	-79.997	-118.92	28.317	-63.677	-146.35	-2.7221
139.86	-1.7968	20.246	-33.108	-2.3454	-13.351	-6.9585	-1.1671	-18.056	-6.0338	-64.782	41.472	-80	-118.93	28.313	-63.682	-146.34	-2.7341
139.87	-1.7922	20.25	-33.121	-2.3309	-13.451	-6.9574	-1.1671	-18.057	-6.0408	-64.788	41.466	-79.997	-118.94	28.298	-63.676	-146.33	-2.7334
139.86	-1.8018	20.252	-33.113	-2.3497	-13.358	-6.9637	-1.1728	-18.049	-6.0324	-64.784	41.473	-79.997	-118.94	28.298	-63.676	-146.35	-2.7356
139.86	-1.7945	20.249	-33.119	-2.3155	-13.437	-6.9654	-1.1716	-18.049	-6.0383	-64.786	41.469	-79.993	-118.93	28.301	-63.675	-146.35	-2.737
139.86	-1.7954	20.247	-33.113	-2.3497	-13.358	-6.9708	-1.1758	-18.055	-6.0436	-64.792	41.477	-79.988	-118.93	28.302	-63.682	-146.34	-2.748
139.87	-1.7945	20.248	-33.115	-2.3513	-13.361	-6.9719	-1.1758	-18.055	-6.0519	-64.794	41.459	-79.995	-118.94	28.296	-63.678	-146.33	-2.7608
139.86	-1.7969	20.246	-33.111	-2.3501	-13.344	-6.9725	-1.1746	-18.056	-6.0508	-64.782	41.479	-79.989	-118.94	28.284	-63.668	-146.36	-2.7512
139.86	-1.7945	20.249	-33.123	-2.357	-13.356	-6.9725	-1.1746	-18.056	-6.0568	-64.785	41.462	-79.988	-118.95	28.295	-63.668	-146.33	-2.7655
139.87	-1.7882	20.259	-33.132	-2.3368	-13.461	-6.9725	-1.1746	-18.056	-6.0566	-64.787	41.473	-79.987	-118.96	28.279	-63.759	-146.14	-2.8692
139.87	-1.7936	20.25	-33.13	-2.334	-13.454	-6.978	-1.1787	-18.062	-6.052	-64.783	41.478	-79.981	-118.95	28.282	-63.747	-146.15	-2.8771
139.87	-1.7923	20.251	-33.127	-2.3329	-13.439	-6.9736	-1.1746	-18.055	-6.0535	-64.771	41.483	-79.981	-118.95	28.281	-63.663	-146.32	-2.7731
139.87	-1.7902	20.253	-33.123	-2.3443	-13.348	-6.9787	-1.166	-18.053	-6.0487	-64.78	41.48	-79.976	-118.95	28.273	-63.652	-146.35	-2.7675
139.87	-1.7902	20.253	-33.13	-2.3467	-13.353	-6.9635	-1.1689	-18.047	-6.0448	-64.776	41.471	-79.962	-118.95	28.276	-63.741	-146.15	-2.877
139.88	-1.786	20.26	-33.133	-2.3242	-13.452	-6.9747	-1.1631	-18.051	-6.0447	-64.775	41.47	-79.963	-118.95	28.277	-63.737	-146.15	-2.8735
139.87	-1.7827	20.257	-33.135	-2.3257	-13.455	-6.965	-1.1588	-18.041	-6.0462	-64.775	41.458	-79.958	-118.95	28.269	-63.753	-146.14	-2.8677
139.87	-1.7827	20.256	-33.132	-2.3109	-13.446	-6.9623	-1.1545	-18.052	-6.0428	-64.761	41.478	-79.96	-118.95	28.277	-63.648	-146.33	-2.7774
139.87	-1.78	20.247	-33.132	-2.3109	-13.446	-6.9695	-1.1574	-18.059	-6.0348	-64.768	41.466	-79.961	-118.95	28.277	-63.744	-146.15	-2.8792
139.86	-1.7834	20.253	-33.133	-2.311	-13.446	-6.9678	-1.1586	-18.058	-6.0324	-64.766	41.468	-79.963	-118.95	28.277	-63.634	-146.35	-2.7627
139.87	-1.7788	20.246	-33.125	-2.3307	-13.356	-6.976	-1.1617	-18.064	-6.0346	-64.767	41.48	-79.96	-118.95	28.277	-63.635	-146.35	-2.7612
139.87	-1.7764	20.25	-33.132	-2.3227	-13.341	-6.9623	-1.1545	-18.052	-6.0398	-64.757	41.469	-79.967	-118.94	28.278	-63.657	-146.33	-2.7773
139.87	-1.7801	20.26	-33.141	-2.3011	-13.46	-6.9678	-1.1586	-18.058	-6.0465	-64.762	41.464	-79.972	-118.93	28.27	-63.65	-146.32	-2.7696
139.86	-1.7823	20.255	-33.129	-2.3183	-13.352	-6.9678	-1.1586	-18.058	-6.0542	-64.766	41.471	-79.977	-118.93	28.277	-63.651	-146.33	-2.7617
139.86	-1.7825	20.257	-33.127	-2.3154	-13.362	-6.9689	-1.1587	-18.058	-6.0484	-64.762	41.477	-79.98	-118.93	28.265	-63.66	-146.33	-2.7769
139.86	-1.7894	20.247	-33.134	-2.3195	-13.369	-6.9678	-1.1586	-18.058	-6.0579	-64.757	41.474	-79.983	-118.92	28.269	-63.66	-146.33	-2.7631
139.86	-1.7895	20.26	-33.145	-2.3026	-13.464	-6.9794	-1.1657	-18.071	-6.0586	-64.758	41.486	-79.991	-118.93	28.274	-63.659	-146.34	-2.7546
139.87	-1.7934	20.25	-33.137	-2.3239	-13.358	-6.9707	-1.1614	-18.06	-6.0577	-64.745	41.494	-79.986	-118.92	28.267	-63.657	-146.34	-2.7529
139.86	-1.7865	20.247	-33.143	-2.3035	-13.448	-6.9692	-1.159	-18.045	-6.066	-64.749	41.487	-79.994	-118.93	28.272	-63.656	-146.33	-2.7659
139.86	-1.7966	20.245	-33.129	-2.3195	-13.351	-6.9707	-1.1614	-18.06	-6.0654	-64.761	41.483	-79.99	-118.93	28.273	-63.676	-146.33	-2.7746
139.86	-1.7869	20.251	-33.129	-2.3197	-13.339	-6.9715	-1.163	-18.047	-6.0612	-64.758	41.485	-79.994	-118.93	28.271	-63.664	-146.34	-2.7736
139.86	-1.7883	20.248	-33.137	-2.3248	-13.36	-6.9736	-1.1746	-18.055	-6.0691	-64.765	41.478	-79.997	-118.93	28.269	-63.676	-146.32	-2.78
139.87	-1.7937	20.25	-33.139	-2.3244	-13.374	-6.9599	-1.1675	-18.043	-6.0561	-64.757	41.49	-79.983	-118.94	28.272	-63.655	-146.35	-2.7612
139.87	-1.7944	20.248	-33.135	-2.3252	-13.345	-6.9654	-1.1716	-18.049	-6.064	-64.762	41.484	-79.987	-118.94	28.254	-63.652	-146.35	-2.7576
139.86	-1.7867	20.25	-33.132	-2.3368	-13.336	-6.9654	-1.1716	-18.049	-6.0543	-64.766	41.471	-79.979	-118.95	28.257	-63.65	-146.33	-2.7768
139.87	-1.7805	20.261	-33.138	-2.3027	-13.445	-6.9725	-1.1746	-18.056	-6.054	-64.756	41.478	-79.979	-118.95	28.256	-63.662	-146.33	-2.7807
139.87	-1.7924	20.25	-33.133	-2.334	-13.363	-6.9715	-1.163	-18.047	-6.0531	-64.766	41.472	-79.966	-118.95	28.261	-63.741	-146.15	-2.8778
139.86	-1.7849	20.253	-33.141	-2.3275	-13.363	-6.9787	-1.166	-18.053	-6.0522	-64.766	41.471	-79.97	-118.95	28.258	-63.652	-146.33	-2.7924
139.87	-1.7775	20.249	-33.131	-2.3344	-13.348	-6.9721	-1.1618	-18.048	-6.0589	-64.768	41.468	-79.979	-118.95	28.256	-63.75	-146.15	-2.8864
139.86	-1.7862	20.25	-33.138	-2.3272	-13.347	-6.9715	-1.163	-18.047	-6.0659	-64.762	41.48	-79.979	-118.95	28.256	-63.749	-146.15	-2.8961
139.86	-1.7892	20.247	-33.137	-2.3262	-13.346	-6.9776	-1.1659	-18.054	-6.0575	-64.758	41.487	-79.979	-118.95	28.257	-63.653	-146.35	-2.7733
139.86	-1.7819	20.241	-33.152	-2.3352	-13.359	-6.9747	-1.1631	-18.051	-6.061	-64.757	41.486	-79.981	-118.94	28.261	-63.66	-146.34	-2.7706
139.87	-1.7834	20.254	-33.147	-2.3206	-13.348	-6.965	-1.1588	-18.041	-6.0663	-64.761	41.467	-79.985	-118.93	28.266	-63.655	-146.34	-2.7655
139.86	-1.7825	20.255	-33.15	-2.3191	-13.363	-6.9776	-1.1659	-18.054	-6.0653	-64.748	41.475	-79.985	-118.92	28.267	-63.658	-146.32	-2.7637
139.87	-1.7798	20.245	-33.143	-2.318	-13.344	-6.9703	-1.159	-18.045	-6.0675	-64.762	41.467	-79.988	-118.93	28.277	-63.66	-146.32	-2.7633
139.86	-1.7832	20.241	-33.154	-2.308	-13.472	-6.9692	-1.159	-18.045	-6.0704	-64.752	41.484	-79.994	-118.92	28.28	-63.667	-146.33	-2.752
139.86	-1.7875	20.249	-33.135	-2.323	-13.357	-6.9732	-1.1618	-18.047	-6.0596	-64.756	41.472	-79.99	-118.91	28.296	-63.683	-146.33	-2.7565
139.86	-1.7893	20.247	-33.135	-2.3252	-13.345	-6.9653	-1.1573	-18.054	-6.0582	-64.757	41.473	-79.993	-118.92	28.294	-63.675	-146.35	-2.7637
139.86	-1.7868	20.249	-33.134	-2.3206	-13.352	-6.9667	-1.1701	-18.062	-6.0522	-64.766	41.471	-79.982	-118.93	28.309	-63.675	-146.35	-2.7371
139.86	-1.7969	20.246	-33.136	-2.3371	-13.365	-6.9705	-1.163	-18.047	-6.043	-64.772	41.461	-79.986	-118.93	28.321	-63.663	-146.34	-2.728
139.86	-1.7868	20.25	-33.128	-2.3455	-13.365	-6.9768	-1.1643	-18.067	-6.0475	-64.777	41.455	-79.98	-118.93	28.338	-63.673	-146.35	-2.7203
139.86	-1.7959	20.246	-33.123	-2.3561	-13.354	-6.9636	-1.1585	-18.054	-6.0434	-64.789	41.452	-79.975	-118.93	28.355	-63.683	-146.35	-2.7263
139.87	-1.7917	20.254	-33.122	-2.3692	-13.361	-6.9656	-1.1701	-18.062	-6.0375	-64.829	41.447	-79.977	-118.93	28.367	-63.679	-146.37	-2.6912
139.86	-1.797	20.246	-33.105	-2.3736	-13.348	-6.967	-1.157	-18.072	-6.0297	-64.87	41.444	-79.967	-118.94	28.395	-63.662	-146.4	-2.6416
139.85	-1.7941	20.253	-33.098	-2.3622	-13.42	-6.9565	-1.1624	-18.085	-6.0218	-64.913	41.441	-79.957	-118.95	28.415	-63.67	-146.39	-2.5666
139.86	-1.7978	20.244	-33.049	-2.404	-13.288	-6.9466	-1.1408	-18.095	-5.994	-64.963	41.431	-79.948	-118.95	28.451	-63.675	-146.41	-2.5357
139.86	-1.7957	20.247	-33.029	-2.4118	-13.361	-6.9291	-1.1208	-18.12	-5.966	-65.03	41.425	-79.939	-118.96	28.478	-63.656	-146.42	-2.4977
139.86	-1.7869	20.249	-32.983	-2.4584	-13.33	-6.9252	-1.082	-18.159	-5.9392	-65.115	41.426	-79.913	-118.96	28.534	-63.627	-146.42	-2.4502
139.86	-1.7893	20.247	-32.887	-2.5022	-13.268	-6.9012	-1.0009	-18.225	-5.8928	-65.212	41.441	-79.884	-118.97	28.588	-63.605	-146.38	-2.4115
139.86	-1.797	20.246	-32.82	-2.5562	-13.211	-6.856	-0.80199	-18.279	-5.8124	-65.325	41.466	-79.843	-118.99	28.658	-63.659	-146.23	-2.3772
139.86	-1.7972	20.259	-32.774	-2.6198	-13.17	-6.9014	-0.56181	-18.375	-5.7262	-65.422	41.449	-79.766	-119.04	28.735	-63.621	-146.26	-2.3242
139.86	-1.7972	20.259	-32.74	-2.6883	-13.095	-6.9841	-0.25723	-18.463	-5.6181	-65.505	41.436	-79.625	-119.1	28.838	-63.544	-146.29	-2.2725
139.86	-1.7995	20.256	-32.647	-2.8202	-12.72	-6.9364	-0.037163	-18.456	-5.4494	-65.65	41.434	-79.446	-119.19	28.942	-63.435	-146.36	-2.2518
139.87	-1.7882	20.259	-32.503	-2.9194	-12.283	-6.8288	0.14077	-18.281	-5.1523	-65.879	41.464	-79.22	-119.31	29.04	-63.127	-146.73	-2.1354
139.87	-1.7907	20.267	-32.357	-2.9914	-11.587	-6.6563	0.35844	-17.765	-4.8122	-66.167	41.523	-78.918	-119.5	29.182	-62.966	-146.86	-2.1951
139.88	-1.7892	20.258	-32.14	-2.98	-10.626	-6.4213	0.65145	-16.865	-4.3606	-66.609	41.624	-78.59	-119.74	29.354	-62.965	-146.74	-2.28
139.88	-1.7874	20.262	-31.784	-3.081	-9.5404	-6.0165	0.68449	-15.994	-3.8269	-67.246	41.767	-78.156	-120.06	29.577	-62.683	-146.92	-2.2688
139.88	-1.796	20.258	-31.324	-3.1873	-8.3283	-5.4722	0.68512	-14.952	-3.1118	-67.973	42.112	-77.693	-120.41	29.81	-62.244	-147.3	-2.2554
139.88	-1.7975	20.257	-30.358	-3.0498	-6.437	-4.7164	0.62144	-13.758	-2.3248	-68.767	42.466	-77.071	-120.87	30.082	-62.067	-147.29	-2.2659
139.89	-1.7931	20.265	-29.542	-3.2797	-4.8791	-3.7145	0.45405	-12.546	-1.4263	-69.665	42.813	-76.361	-121.37	30.414	-61.492	-147.74	-2.1897
139.88	-1.7955	20.261	-28.685	-3.6074	-3.3955	-2.4292	0.22828	-11.272	-0.39863	-70.586	43.279	-75.562	-121.9	30.895	-61.042	-147.96	-2.1558
139.88	-1.7981	20.272	-27.636	-3.8076	-2.0936	-0.80057	-0.070576	-9.9643	0.76487	-71.576	43.721	-74.641	-122.45	31.363	-60.458	-148.24	-1.9714
139.88	-1.8013	20.266	-26.626	-4.2128	-0.78002	1.2092	-0.42542	-8.6869	2.063	-72.61	44.202	-73.627	-123.02	31.883	-59.835	-148.55	-1.7519
139.89	-1.793	20.265	-25.588	-4.6819	0.66602	3.6579	-0.87691	-7.4821	3.5105	-73.7	44.685	-72.526	-123.6	32.486	-59.024	-148.95	-1.483
139.89	-1.7974	20.275	-24.718	-5.0829	2.1368	6.8157	-1.368	-6.3006	5.0574	-74.775	45.167	-71.268	-124.22	33.115	-58.08	-149.41	-1.0761
139.88	-1.8005	20.27	-23.711	-5.4129	3.5757	10.529	-1.9502	-5.1861	6.7265	-75.79	45.673	-69.947	-124.74	33.725	-56.789	-150.11	-0.52486
139.89	-1.8046	20.273	-22.455	-5.7647	4.9593	14.413	-2.6449	-4.2474	8.5242	-76.728	46.211	-68.662	-125.12	34.717	-55.749	-150.33	0.0651
139.87	-1.8065	20.259	-21.01	-6.2894	6.3731	18.373	-3.4442	-3.4351	10.367	-77.644	46.696	-67.106	-125.66	35.432	-54.253	-150.85	0.78445
139.87	-1.8076	20.257	-19.444	-6.8038	7.4847	22.589	-4.276	-2.4838	12.307	-78.559	47.265	-65.389	-126.27	36.145	-52.804	-151.43	1.4006
139.87	-1.808	20.257	-17.745	-7.3893	8.345	26.86	-5.334	-1.6208	14.341	-79.493	47.913	-63.549	-126.85	36.9	-51.111	-152.03	2.0137
139.87	-1.8115	20.278	-15.785	-8.0361	9.2114	31.357	-6.4722	-0.60667	16.5	-80.51	48.688	-61.631	-127.33	37.63	-49.317	-152.6	2.7274
139.86	-1.8136	20.261	-13.572	-8.7818	10.062	36.009	-7.8233	0.52252	18.715	-81.612	49.476	-59.665	-127.74	38.384	-47.537	-153.22	3.4331
139.86	-1.8045	20.264	-11.018	-9.5904	10.932	41.086	-9.1499	2.0693	21.426	-82.474	50.804	-57.661	-128.13	39.19	-45.439	-153.71	4.3825
139.85	-1.8058	20.262	-8.2977	-10.414	11.905	45.865	-10.718	3.3883	23.818	-83.697	51.646	-55.556	-128.52	40.044	-43.415	-154.18	5.3696
139.85	-1.8048	20.264	-5.4419	-11.242	12.915	50.636	-12.365	4.8586	26.35	-84.933	52.66	-53.367	-128.91	40.884	-41.354	-154.67	6.2701
139.85	-1.7961	20.279	-2.4608	-12.059	14.058	55.43	-13.953	6.4708	28.949	-86.207	53.706	-51.084	-129.28	41.802	-39.145	-155.32	7.3696
139.86	-1.8026	20.266	0.64002	-12.791	15.084	60.122	-15.605	8.0757	31.634	-87.437	54.688	-48.686	-129.65	42.711	-36.916	-155.76	8.364
139.85	-1.7971	20.266	3.8522	-13.619	16.2	64.32	-17.412	9.2594	34.412	-88.685	55.751	-46.219	-130.05	43.608	-34.572	-155.93	9.452
139.86	-1.8002	20.269	7.2575	-14.363	17.303	69.265	-18.825	11.218	37.225	-89.895	56.799	-43.625	-130.43	44.609	-32.123	-156.39	10.435
139.85	-1.7939	20.27	10.707	-15.129	18.492	73.683	-20.422	12.69	40.101	-91.049	57.864	-41.038	-130.73	45.584	-29.664	-156.71	11.274
139.87	-1.7949	20.278	14.274	-15.866	19.543	78.029	-21.976	14.174	43.012	-92.163	58.91	-38.228	-131.12	46.232	-27.165	-157	12.282
139.87	-1.7941	20.282	17.938	-16.56	20.7	81.946	-23.584	15.139	45.964	-93.209	59.929	-35.542	-131.33	47.215	-24.782	-157.3	13.196
139.87	-1.792	20.268	21.613	-17.161	21.703	86.585	-24.887	16.844	48.95	-94.154	60.885	-32.827	-131.46	48.084	-22.262	-157.5	14.169
139.87	-1.7933	20.267	25.327	-17.78	22.537	90.837	-26.227	18.024	51.931	-94.983	61.828	-30.073	-131.55	48.949	-19.6	-157.61	15.234
139.87	-1.7935	20.268	29.084	-18.315	23.316	95.002	-27.575	19.129	54.922	-95.721	62.707	-27.305	-131.53	49.777	-16.782	-158.08	15.927
139.87	-1.8059	20.274	32.789	-18.806	23.779	98.759	-28.94	19.713	57.899	-96.341	63.59	-24.52	-131.43	50.554	-14.116	-157.76	16.815
139.87	-1.8082	20.27	36.432	-19.252	24.212	103.24	-29.892	20.916	60.877	-96.788	64.378	-21.703	-131.25	51.271	-11.494	-157.91	17.673
139.87	-1.8061	20.274	40.053	-19.571	24.412	106.97	-31.05	21.36	63.791	-97.096	65.029	-18.905	-130.98	51.91	-8.8045	-157.72	18.389
139.88	-1.8145	20.257	43.581	-19.818	24.468	111.31	-31.761	22.27	66.698	-97.261	65.68	-16.068	-130.65	52.53	-6.0233	-157.62	19.105
139.87	-1.8066	20.259	46.973	-19.979	24.431	115.25	-32.492	22.747	69.638	-97.298	66.198	-13.241	-130.26	52.98	-3.152	-157.6	19.921
139.87	-1.8057	20.26	50.24	-20.021	24.261	119.13	-33.06	23.161	72.562	-97.181	66.7	-10.378	-129.82	53.467	-0.38113	-157.51	20.533
139.87	-1.8093	20.269	53.438	-20.039	24.091	122.95	-33.485	23.522	75.509	-96.96	66.938	-7.494	-129.37	53.844	2.4489	-157.27	21.125
139.87	-1.8078	20.257	56.528	-19.977	23.876	126.7	-33.84	23.724	78.477	-96.721	67.164	-4.5712	-128.92	54.24	5.2568	-156.9	21.647
139.87	-1.8103	20.267	59.517	-19.789	23.613	130.46	-34.069	23.902	81.433	-96.384	67.198	-1.6566	-128.41	54.557	7.9626	-156.45	21.98
139.86	-1.8042	20.252	62.459	-19.634	23.5	134.07	-34.219	23.89	84.465	-96.026	67.176	1.2559	-127.92	54.863	10.788	-156.18	22.39
139.86	-1.8045	20.264	65.326	-19.279	23.182	137.68	-34.3	23.821	87.482	-95.7	67.059	4.1727	-127.42	55.178	13.461	-155.59	22.672
139.85	-1.8055	20.262	68.098	-18.978	23.007	141.2	-34.382	23.648	90.529	-95.314	66.885	7.0642	-126.91	55.456	16.2	-155.32	23.159
139.87	-1.7958	20.277	70.803	-18.6	22.879	144.58	-34.365	23.317	93.559	-94.91	66.526	9.9546	-126.42	55.696	18.842	-154.75	23.298
139.87	-1.7955	20.266	73.459	-18.118	22.741	147.77	-34.258	22.881	96.585	-94.559	66.212	12.819	-125.91	55.92	21.424	-154.21	23.425
139.87	-1.7944	20.264	76.082	-17.622	22.648	150.89	-34.024	22.452	99.514	-94.15	65.786	15.653	-125.4	56.099	23.969	-153.57	23.614
139.87	-1.7943	20.264	78.641	-17.162	22.578	153.85	-33.757	21.976	102.4	-93.715	65.388	18.424	-124.89	56.226	26.538	-153.1	23.569
139.87	-1.7952	20.263	81.113	-16.591	22.306	156.53	-33.464	21.278	105.21	-93.178	64.916	21.137	-124.37	56.335	28.916	-152.34	23.607
139.88	-1.7909	20.27	83.593	-15.995	21.993	159.25	-32.97	20.782	107.93	-92.609	64.49	23.771	-123.78	56.342	31.338	-151.76	23.681
139.88	-1.7959	20.259	85.935	-15.365	21.622	161.86	-32.384	20.297	110.53	-91.982	64.011	26.345	-123.14	56.325	33.631	-150.85	23.451
139.88	-1.7982	20.255	88.245	-14.753	21.177	164.22	-31.717	19.629	113.02	-91.22	63.623	28.813	-122.43	56.249	35.933	-150.33	23.418
139.88	-1.7951	20.26	90.468	-14.105	20.596	166.61	-30.968	19.168	115.44	-90.385	63.139	31.184	-121.68	56.122	38.268	-149.71	23.404
139.89	-1.8077	20.267	92.611	-13.408	19.89	168.74	-30.152	18.543	117.72	-89.5	62.794	33.456	-120.88	55.949	40.359	-148.92	23.329
139.88	-1.8003	20.267	94.648	-12.666	19.117	170.75	-29.228	17.849	119.9	-88.52	62.349	35.634	-120.02	55.763	42.484	-148.23	23.172
139.88	-1.8008	20.266	96.658	-11.994	18.357	172.51	-28.262	17.005	121.92	-87.467	61.931	37.703	-119.13	55.512	44.556	-147.49	22.983
139.88	-1.8014	20.267	98.579	-11.19	17.377	174.24	-27.223	16.334	123.89	-86.41	61.548	39.688	-118.2	55.249	46.504	-146.72	22.867
139.87	-1.8058	20.274	100.39	-10.47	16.404	175.77	-26.119	15.45	125.8	-85.215	61.11	41.544	-117.22	54.945	48.261	-145.71	22.58
139.87	-1.8068	20.259	102.15	-9.6725	15.368	177.17	-24.986	14.489	127.58	-84.065	60.675	43.333	-116.22	54.612	50.202	-145.01	22.519
139.87	-1.8053	20.258	103.88	-8.9056	14.387	178.48	-23.81	13.582	129.32	-82.838	60.226	45.047	-115.21	54.289	51.933	-144.28	22.478
139.86	-1.8126	20.263	105.53	-8.0915	13.317	179.66	-22.655	12.592	131.02	-81.638	59.765	46.726	-114.22	53.929	53.649	-143.44	22.211
139.85	-1.8088	20.258	107.13	-7.354	12.495	180.68	-21.478	11.517	132.64	-80.507	59.304	48.341	-113.24	53.587	55.318	-142.62	21.956
139.85	-1.8088	20.258	108.72	-6.6062	11.515	139.86	-1.804	20.265	134.25	-79.369	58.85	49.937	-112.3	53.199	56.854	-141.64	21.713
182.47	-19.006	9.548	110.29	-5.829	10.773	139.86	-1.8045	20.279	135.8	-78.282	58.335	51.474	-111.37	52.826	58.456	-140.95	21.415
182.47	-19.006	9.548	111.78	-5.111	10.097	139.86	-1.8004	20.271	137.33	-77.288	57.868	52.96	-110.49	52.504	60.054	-140.23	21.201
182.47	-19.006	9.548	113.29	-4.335	9.2767	139.86	-1.8002	20.27	138.85	-76.304	57.499	54.422	-109.68	52.213	61.408	-139.36	20.899
182.47	-19.006	9.548	114.71	-3.681	8.7193	139.85	-1.8056	20.263	140.28	-75.378	57.036	55.831	-108.88	51.903	62.862	-138.66	20.612
182.47	-19.006	9.548	116.22	-3.0083	8.2376	139.86	-1.7963	20.263	141.7	-74.465	56.711	57.207	-108.13	51.664	64.173	-137.88	20.407
182.47	-19.006	9.548	117.73	-2.3054	7.8923	139.85	-1.7921	20.257	143.12	-73.539	56.467	58.531	-107.39	51.419	65.496	-137.15	20.125
182.47	-19.006	9.548	117.73	-2.3054	7.8923	139.85	-1.7921	20.257	143.12	-73.539	56.467	58.531	-107.39	51.419	65.496	-137.15	20.125
182.47	-19.006	9.548	120.32	-0.79135	7.936	139.87	-1.7924	20.269	145.78	-71.71	55.97	61.104	-106.03	51.072	68.053	-135.79	19.749
182.47	-19.006	9.548	121.48	-0.0040844	7.3933	140.02	-1.6944	20.325	147.1	-70.75	55.93	62.351	-105.4	50.936	69.255	-135.06	19.619
179.25	-6.3437	0.13145	122.46	0.54822	7.3336	141.28	-0.77206	20.465	148.33	-69.77	55.794	63.606	-104.78	50.838	70.565	-134.56	19.494
177.91	-4.8421	-0.82059	124.02	1.1686	7.3259	143.06	0.20718	20.532	149.52	-68.812	55.837	64.84	-104.22	50.823	71.776	-133.9	19.469
177.91	-4.8421	-0.82059	125.66	1.7202	7.0373	144.78	0.99958	20.622	150.74	-67.809	55.815	66.102	-103.71	50.782	73.131	-133.24	19.339
177.91	-4.8421	-0.82059	126.75	1.959	5.7416	146.06	1.3546	20.088	151.91	-66.881	55.906	67.327	-103.21	50.829	74.292	-132.81	19.462
177.91	-4.8421	-0.82059	128.27	2.4173	4.706	147.97	2.2743	20.683	152.76	-66.247	55.652	68.518	-102.7	50.826	75.61	-132.39	19.487
177.91	-4.8421	-0.82059	129.88	2.8303	3.7164	149.44	2.8146	20.624	153.95	-65.34	55.872	69.69	-102.11	50.868	76.918	-131.9	19.573
177.91	-4.8421	-0.82059	131.42	3.3144	3.2158	150.64	3.2145	20.589	155.12	-64.541	55.991	70.861	-101.49	50.893	78.129	-131.42	19.712
177.91	-4.8421	-0.82059	132.45	3.8016	2.4693	151.13	3.8951	20.551	156.31	-63.829	56.133	72.03	-100.98	50.914	79.354	-130.96	19.817
177.91	-4.8421	-0.82059	133.42	4.4641	1.9961	152.08	4.7605	20.631	157.48	-63.189	56.299	73.26	-100.55	51.003	80.695	-130.55	19.99
177.91	-4.8421	-0.82059	134.53	5.0044	2.1443	153.3	5.1467	20.624	158.76	-62.584	56.508	74.551	-100.14	51.127	81.903	-130.01	20.043
177.91	-4.8421	-0.82059	135.92	5.4419	2.2385	154.9	5.6198	20.812	160.04	-62.022	56.635	75.885	-99.741	51.239	83.321	-129.72	20.19
177.91	-4.8421	-0.82059	137.45	5.7794	2.3573	156.61	6.0682	20.774	161.5	-61.523	56.841	77.306	-99.359	51.396	84.711	-129.32	20.342
177.91	-4.8421	-0.82059	139.06	6.1021	2.6308	158.46	6.4347	20.924	163.01	-61.119	57.126	78.768	-99.035	51.556	86.186	-128.97	20.51
177.91	-4.8421	-0.82059	140.72	6.412	2.9673	160.27	6.7502	21.036	164.56	-60.75	57.437	80.301	-98.702	51.751	87.762	-128.62	20.746
177.91	-4.8421	-0.82059	142.44	6.711	3.3027	162.05	7.0859	21.37	166.2	-60.465	57.813	81.89	-98.375	51.936	89.249	-128.19	20.739
177.91	-4.8421	-0.82059	144.27	6.9983	3.6975	163.86	7.3728	21.861	167.93	-60.24	58.207	83.584	-98.059	52.169	90.939	-127.95	21.052
177.91	-4.8421	-0.82059	146.19	7.2663	4.2251	165.78	7.6313	22.496	169.66	-60.041	58.609	85.333	-97.808	52.408	92.678	-127.75	21.276
177.91	-4.8421	-0.82059	148.22	7.4993	4.8693	167.82	7.8048	23.178	171.51	-59.916	59.151	87.164	-97.597	52.667	94.505	-127.45	21.519
177.91	-4.8421	-0.82059	150.39	7.6842	5.5223	169.94	7.9794	23.876	173.41	-59.812	59.724	89.05	-97.406	52.967	96.352	-127.22	21.784
177.91	-4.8421	-0.82059	152.68	7.854	6.259	172.19	8.1005	24.595	175.39	-59.804	60.288	91.002	-97.226	53.289	98.236	-127.02	22.026
177.91	-4.8421	-0.82059	154.2	7.8143	6.0901	174.58	8.1715	25.389	177.47	-59.839	60.873	93.021	-97.052	53.629	100.19	-126.79	22.299
177.91	-4.8421	-0.82059	157.57	8.0869	7.8893	177.11	8.2254	26.257	179.61	-59.913	61.547	95.083	-96.866	53.952	102.19	-126.56	22.632
177.91	-4.8421	-0.82059	160.16	8.1599	8.6865	179.72	8.2326	27.161	181.76	-60.082	62.195	97.193	-96.671	54.331	104.23	-126.3	22.917
201.31	4.6935	1.7804	162.89	8.2699	9.546	182.43	8.2131	28.077	184.02	-60.275	62.86	99.355	-96.472	54.673	106.33	-126.15	23.275
204.79	4.9602	4.1206	165.7	8.3082	10.437	185.24	8.1726	29.029	186.29	-60.435	63.532	101.55	-96.29	55.006	108.45	-125.9	23.612
207.64	4.846	5.0812	168.54	8.3831	11.291	188.12	8.1238	29.949	188.61	-60.668	64.209	103.81	-96.115	55.344	110.64	-125.65	23.917
210.41	4.7371	5.9356	171.44	8.4548	12.17	190.97	8.0315	30.83	191.02	-60.845	64.885	106.11	-95.954	55.677	112.84	-125.53	24.204
212.42	4.2112	5.8933	174.4	8.5042	12.986	193.84	7.9344	31.688	193.4	-61.044	65.565	108.45	-95.791	56.039	115.15	-125.37	24.589
215.38	4.1711	6.8441	177.27	8.5903	13.88	196.75	7.8745	32.561	195.77	-61.235	66.166	110.79	-95.646	56.367	117.36	-125.19	24.867
219.09	4.5233	8.5505	180.25	8.5688	14.567	199.72	7.816	33.468	198.17	-61.435	66.827	113.16	-95.468	56.688	119.55	-124.87	25.121
221.24	3.9129	8.454	183.3	8.5478	15.221	202.71	7.7325	34.293	200.58	-61.603	67.399	115.53	-95.278	56.955	121.97	-124.8	25.469
224.28	3.7366	9.2408	186.35	8.5494	15.997	205.73	7.5533	34.942	203.02	-61.773	67.985	117.93	-95.076	57.251	124.3	-124.62	25.864
228.17	3.9546	10.847	189.45	8.4877	16.651	208.8	7.3942	35.572	205.49	-61.928	68.544	120.33	-94.847	57.491	126.65	-124.45	26.2
231.32	3.6678	11.478	192.65	8.3474	17.062	211.95	7.184	36.162	208.05	-62.114	69.133	122.76	-94.561	57.693	128.98	-124.28	26.266
233.69	2.8649	11.158	195.95	8.1966	17.498	215.13	6.9236	36.702	210.55	-62.301	69.59	125.21	-94.272	57.871	131.38	-124.09	26.557
237.81	2.972	12.67	199.26	8.0219	17.777	218.35	6.6787	37.165	213.06	-62.535	70.027	127.67	-93.965	57.999	133.72	-123.75	26.689
241.06	2.5995	13.161	202.51	7.8412	18.332	221.58	6.4103	37.62	215.64	-62.813	70.408	130.16	-93.66	58.107	136.18	-123.62	26.917
243.57	1.7244	12.741	205.89	7.6279	18.597	224.79	6.0528	38.004	218.29	-63.043	70.75	132.65	-93.386	58.221	138.48	-123.36	26.961
246.86	1.3521	13.264	209.12	7.3265	18.703	228.01	5.7464	38.345	220.9	-63.364	71.017	135.16	-93.106	58.319	140.9	-123.26	27.083
250.81	1.4168	14.469	212.38	7.0971	19.132	231.2	5.4268	38.638	223.52	-63.666	71.241	137.69	-92.865	58.369	143.36	-123.02	27.176
253.24	0.53213	13.936	215.46	6.6326	18.993	234.33	5.0911	38.943	226.14	-63.994	71.381	140.21	-92.634	58.373	145.76	-122.84	27.219
257.14	0.67956	15.166	218.75	6.5318	19.453	237.42	4.7412	39.218	228.78	-64.296	71.554	142.73	-92.428	58.417	147.98	-122.63	27.095
259.73	0.032614	14.91	221.9	6.323	19.767	240.5	4.4037	39.443	231.38	-64.623	71.599	145.24	-92.24	58.372	150.3	-122.35	27.046
262.86	-0.29038	15.182	224.82	5.8158	19.648	243.53	4.0509	39.635	233.9	-64.978	71.689	147.73	-92.053	58.327	152.68	-122.28	26.972
266.48	-0.38088	16.073	227.92	5.4642	19.608	246.48	3.656	39.708	236.41	-65.302	71.646	150.16	-91.868	58.211	154.89	-122.03	26.873
269.44	-0.82613	16.206	231.09	5.4149	20.069	249.32	3.2622	39.836	238.84	-65.63	71.652	152.53	-91.68	58.102	157.04	-121.89	26.716
271.76	-1.5364	15.652	233.94	5.1421	20.199	252.15	2.8856	39.852	241.24	-65.92	71.575	154.84	-91.471	57.923	159.23	-121.58	26.623
275.17	-1.6972	16.343	236.85	4.784	19.979	254.95	2.5527	39.851	243.53	-66.227	71.479	157.1	-91.245	57.734	161.26	-121.39	26.327
277.42	-2.4698	15.637	239.63	4.4187	19.782	257.64	2.2017	39.773	245.73	-66.513	71.339	159.25	-90.999	57.477	163.28	-121.22	26.082
280.69	-2.6408	16.257	242.31	4.1093	19.576	260.23	1.8661	39.613	247.9	-66.739	71.251	161.36	-90.733	57.202	165.24	-121.09	25.884
283.33	-3.1131	16.177	244.93	3.7505	19.279	262.76	1.514	39.393	249.97	-66.993	71.042	163.39	-90.46	56.907	167.1	-120.84	25.574
285.82	-3.5872	15.986	247.47	3.3575	18.861	265.18	1.1563	39.082	251.98	-67.213	70.868	165.33	-90.18	56.614	168.95	-120.73	25.373
285.82	-3.5872	15.986	249.89	3.0526	18.411	267.52	0.82462	38.746	253.93	-67.407	70.632	167.22	-89.892	56.264	170.68	-120.39	25.07
285.82	-3.5872	15.986	252.19	2.7156	17.919	269.75	0.52382	38.366	255.83	-67.563	70.318	169.04	-89.618	55.878	172.36	-120.31	24.719
285.82	-3.5872	15.986	254.39	2.4673	17.567	271.88	0.24165	37.896	257.62	-67.725	69.955	170.8	-89.343	55.452	174.07	-120.15	24.39
294.75	-5.0434	14.717	256.45	2.1887	16.888	273.91	0.0076725	37.408	259.37	-67.824	69.523	172.5	-89.063	55.015	175.6	-119.86	24.038
296.71	-5.3322	14.168	258.41	1.986	16.287	275.84	-0.19371	36.849	261.03	-67.92	68.97	174.12	-88.788	54.594	177.03	-119.66	23.573
296.71	-5.3322	14.168	260.22	1.8005	15.607	277.6	-0.37362	36.14	262.65	-67.921	68.469	175.66	-88.561	54.144	178.52	-119.45	23.164
300.16	-5.7234	12.776	261.9	1.6868	14.874	279.29	-0.44019	35.443	264.17	-67.876	67.871	177.14	-88.257	53.592	179.75	-119.29	22.703
301.69	-5.8245	11.977	263.41	1.6187	14.162	280.83	-0.49927	34.619	265.64	-67.787	67.21	178.54	-87.974	53.054	181.07	-119.12	22.168
303.16	-5.9194	11.088	264.87	1.5359	13.186	282.28	-0.51222	33.76	266.98	-67.672	66.524	179.87	-87.697	52.531	182.23	-118.91	21.695
303.16	-5.9194	11.088	266.14	1.6226	12.499	283.64	-0.47626	32.861	268.3	-67.464	65.802	181.08	-87.388	51.971	183.36	-118.73	21.218
305.69	-5.9365	9.1635	267.38	1.561	11.39	284.84	-0.3977	31.877	269.51	-67.218	65.026	182.23	-87.059	51.346	184.39	-118.48	20.752
305.69	-5.9365	9.1635	268.44	1.6399	10.417	285.95	-0.2928	30.828	270.63	-66.956	64.233	183.31	-86.775	50.831	185.43	-118.39	20.289
307.73	-5.8639	7.0568	269.43	1.7144	9.3814	286.97	-0.14304	29.786	271.65	-66.645	63.458	184.29	-86.42	50.204	186.33	-118.13	19.807
309.62	-4.8536	7.4037	270.29	1.8438	8.4824	287.9	0.028991	28.756	272.62	-66.31	62.726	185.19	-86.131	49.623	187.21	-117.93	19.318
309.44	-5.649	5.0644	271.1	1.9197	7.2827	288.74	0.22164	27.764	273.49	-65.979	61.961	186.02	-85.816	48.989	187.88	-117.77	18.754
310.19	-5.5041	4.0276	271.84	1.9672	6.1896	289.45	0.40049	26.677	274.26	-65.626	61.156	186.78	-85.515	48.435	188.59	-117.47	18.197
311.95	-4.2822	4.5269	272.4	2.2716	5.4337	290.07	0.63889	25.641	274.98	-65.258	60.392	187.44	-85.213	47.803	189.31	-117.27	17.774
311.38	-5.1882	2.0644	272.74	2.0472	3.8429	290.72	0.91973	24.686	275.62	-64.864	59.695	188.06	-84.882	47.176	189.89	-117.17	17.282
311.85	-4.9873	0.99696	273.19	2.208	2.7532	291.15	1.1575	23.638	276.15	-64.479	58.879	188.58	-84.584	46.566	190.26	-116.91	16.678
312.24	-4.8009	0.054722	273.5	2.453	1.8887	291.53	1.4437	22.58	276.61	-64.08	58.141	189.05	-84.285	45.936	190.83	-116.73	16.21
313.81	-3.2542	0.91937	273.81	2.6569	1.1686	291.47	1.3804	22.115	277.02	-63.664	57.345	189.44	-83.997	45.286	191.17	-116.59	15.614
314.05	-2.8734	0.33697	274.42	2.8955	0.88292	291.33	0.87708	21.8	277.39	-63.421	56.615	189.81	-83.682	44.63	191.53	-116.42	15.195
313.31	-3.69	-1.6995	274.79	3.0095	0.58086	291.77	1.1509	21.825	277.7	-63.276	56.019	190.09	-83.44	44.022	191.84	-116.24	14.596
314.71	-2.4963	-0.47123	275.2	3.1627	0.5291	292.25	1.2367	21.881	278.02	-63.323	55.47	190.33	-83.322	43.5	192.08	-116.12	13.937
313.71	-3.2658	-2.198	275.32	3.4516	0.56052	292.51	1.406	22.002	278.22	-63.411	55.004	190.56	-83.282	43.066	192.28	-115.98	13.344
313.79	-3.0507	-2.5348	275.45	3.6142	0.42507	292.69	1.6343	21.989	278.44	-63.452	54.579	190.76	-83.276	42.669	192.35	-115.83	12.91
313.79	-3.0507	-2.5348	275.48	3.7743	0.59919	292.35	1.2317	21.1	278.6	-63.446	54.141	190.9	-83.279	42.382	192.4	-115.7	12.439
313.79	-3.0507	-2.5348	275.48	3.8901	0.57384	292.42	1.3269	21.13	278.66	-63.437	53.882	191	-83.228	42.095	192.42	-115.6	12.214
313.79	-3.0507	-2.5348	275.49	3.9023	0.43549	292.41	1.3836	21.142	278.65	-63.401	53.728	190.99	-83.17	41.897	192.43	-115.53	11.961
314.5	-1.9064	-2.0642	275.44	3.9355	0.40879	292.86	1.9473	22.009	278.56	-63.364	53.56	190.92	-83.143	41.736	192.39	-115.48	11.781
314.59	-1.75	-1.8956	275.37	3.9243	0.35722	292.76	1.9126	22.002	278.49	-63.316	53.52	190.83	-83.127	41.608	192.27	-115.47	11.585
314.55	-1.7053	-1.8521	275.28	3.8824	0.29679	292.57	1.8582	21.984	278.39	-63.272	53.511	190.75	-83.124	41.502	192.18	-115.51	11.478
314.48	-1.6544	-1.8226	275.12	3.9175	0.41134	292.32	1.7724	21.953	278.27	-63.238	53.539	190.66	-83.131	41.43	192.11	-115.55	11.431
313.42	-2.4686	-3.0096	275	3.7757	0.12658	291.99	1.5858	21.914	278.14	-63.209	53.611	190.55	-83.152	41.381	192.03	-115.61	11.425
313.24	-2.3485	-3.0049	274.71	3.8202	0.13937	291.51	1.5734	21.794	277.98	-63.181	53.593	190.42	-83.198	41.334	191.91	-115.69	11.455
313.86	-1.7186	-2.0618	274.58	3.7691	0.14987	291.42	1.6495	21.811	277.83	-63.154	53.536	190.29	-83.265	41.273	191.79	-115.8	11.481
313.67	-1.8259	-2.1823	274.44	3.6844	0.14001	291.21	1.6241	21.826	277.67	-63.188	53.494	190.17	-83.326	41.196	191.68	-115.92	11.478
313.6	-1.8326	-2.0905	274.27	3.5577	0.03629	290.97	1.5561	21.812	277.49	-63.228	53.56	190.05	-83.385	41.134	191.51	-116	11.437
313.68	-1.7056	-1.8065	274.08	3.4851	0.2331	290.77	1.5468	21.821	277.31	-63.302	53.589	189.9	-83.429	41.062	191.32	-116.15	11.359
312.68	-2.583	-3.0151	273.9	3.3344	0.17644	290.62	1.5035	21.795	277.11	-63.372	53.594	189.72	-83.483	40.993	191.18	-116.29	11.404
312.55	-2.6808	-2.9377	273.75	3.1087	0.0022865	290.43	1.441	21.758	276.85	-63.448	53.596	189.55	-83.533	40.942	191.08	-116.42	11.411
313.22	-2.0351	-1.8053	273.46	3.0309	0.24152	290.2	1.3787	21.753	276.59	-63.517	53.571	189.35	-83.604	40.893	190.86	-116.48	11.468
312.26	-2.8764	-2.9386	273.24	2.8641	0.20709	289.99	1.2737	21.78	276.35	-63.564	53.667	189.12	-83.668	40.887	190.67	-116.6	11.501
312.07	-3.0128	-2.9123	273.02	2.6382	0.085895	289.75	1.1461	21.784	276.04	-63.634	53.725	188.87	-83.738	40.871	190.46	-116.77	11.594
312.8	-2.3487	-1.484	272.72	2.5091	0.2819	289.53	1.0396	21.763	275.71	-63.734	53.729	188.6	-83.809	40.853	190.23	-117.03	11.643
311.71	-3.3309	-2.7264	272.21	1.9275	-0.27632	289.36	0.92625	21.787	275.38	-63.842	53.872	188.28	-83.896	40.838	189.88	-117.15	11.757
312.39	-2.7207	-1.2833	271.81	1.7728	-0.1259	289.06	0.78133	21.826	275.02	-63.928	53.94	187.97	-83.988	40.94	189.63	-117.31	11.921
312.21	-2.93	-1.1837	271.6	1.6277	-0.059241	288.79	0.64141	21.763	274.61	-64.047	54.101	187.62	-84.067	40.997	189.19	-117.56	12.043
311.22	-3.9927	-2.1466	271.2	1.3642	0.0029503	288.52	0.46461	21.814	274.22	-64.128	54.287	187.23	-84.173	41.051	188.87	-117.75	12.251
311.86	-3.6521	-0.98901	270.81	1.1468	0.15881	288.2	0.094419	21.825	273.72	-64.278	54.481	186.82	-84.286	41.217	188.54	-117.93	12.484
311.86	-3.6521	-0.98901	270.28	0.81804	0.075597	287.8	-0.22145	21.877	273.23	-64.43	54.726	186.37	-84.422	41.309	188.15	-118.11	12.75
311.77	-5.2875	-1.0974	269.52	0.53699	0.12822	287.64	-0.41378	21.913	272.7	-64.608	54.932	185.89	-84.571	41.503	187.72	-118.5	12.942
312.43	-6.0098	-0.69476	268.73	0.27785	0.24795	287.68	-0.53869	21.935	272.18	-64.757	55.141	185.4	-84.757	41.719	187.25	-118.71	13.323
312.43	-6.0098	-0.69476	268	0.044872	0.37545	287.78	-0.59704	21.926	271.64	-64.886	55.388	184.9	-84.963	41.948	186.72	-118.96	13.615
312.43	-6.0098	-0.69476	267.07	-0.20029	0.62573	287.93	-0.55056	21.919	271.09	-65.04	55.608	184.34	-85.158	42.207	186.24	-119.37	14.044
312.43	-6.0098	-0.69476	266.15	-0.43157	0.65557	288.08	-0.38389	21.825	270.48	-65.316	55.766	183.74	-85.384	42.54	185.71	-119.63	14.518
315.63	-9.1025	2.0036	265.08	-0.69569	1.0111	288.2	-0.127	21.784	269.91	-65.558	56.009	183.1	-85.638	42.867	184.99	-119.94	14.771
316.55	-10.022	2.9575	264.09	-1.1377	1.3061	288.31	0.17198	21.867	269.24	-65.884	56.226	182.44	-85.932	43.241	184.41	-120.26	15.269
317.36	-11.11	3.8872	262.91	-1.269	1.4027	288.33	0.31138	21.91	268.6	-66.2	56.506	181.75	-86.291	43.606	183.73	-120.75	15.637
318.17	-12.181	4.9956	261.66	-1.5188	1.8076	288.28	0.33857	21.892	267.87	-66.582	56.737	181.02	-86.661	44.023	182.92	-121.09	16.041
318.79	-13.293	6.0484	260.38	-1.6965	2.0804	288.21	0.29025	21.863	267.06	-66.94	57.034	180.19	-87.06	44.499	182.22	-121.51	16.517
319.26	-14.342	7.2729	259.06	-1.9224	2.597	288.23	0.25646	21.862	266.26	-67.3	57.435	179.32	-87.462	44.93	181.34	-121.99	17.007
319.33	-15.347	8.3225	257.66	-2.1199	2.9461	288.33	0.21667	21.881	265.34	-67.687	57.782	178.39	-87.919	45.394	180.41	-122.44	17.421
319.25	-16.24	9.4519	256.28	-2.3233	3.0885	288.39	0.1577	21.88	264.34	-68.105	58.269	177.38	-88.389	45.918	179.55	-122.84	18.024
318.87	-17.138	10.461	254.88	-2.6212	3.6063	288.38	0.14587	21.864	263.24	-68.516	58.744	176.3	-88.85	46.422	178.51	-123.27	18.457
318.28	-17.919	11.473	253.44	-2.9616	4.2164	288.38	0.14614	21.863	262.03	-68.939	59.261	175.13	-89.311	46.944	177.42	-123.77	19.044
317.43	-18.726	12.409	251.9	-3.2935	4.889	288.38	0.14732	21.866	260.75	-69.344	59.903	173.84	-89.771	47.508	176.3	-124.21	19.548
316.45	-19.415	13.317	250.28	-3.5308	5.3535	288.37	0.14209	21.872	259.29	-69.824	60.479	172.43	-90.254	48.06	174.86	-124.68	20.034
315.31	-20.137	14.228	248.64	-3.8335	5.8796	288.38	0.13923	21.864	257.78	-70.252	61.162	170.92	-90.736	48.598	173.49	-125.14	20.608
313.96	-20.753	15.125	246.83	-4.107	6.6106	288.39	0.14093	21.867	256.13	-70.681	61.872	169.32	-91.211	49.18	172.07	-125.55	21.229
312.45	-21.317	15.998	244.94	-4.3787	7.1449	288.39	0.14241	21.867	254.39	-71.088	62.562	167.6	-91.693	49.745	170.43	-126.01	21.682
310.84	-21.912	16.821	242.93	-4.5794	7.7641	288.39	0.14836	21.876	252.52	-71.49	63.224	165.79	-92.134	50.339	168.81	-126.39	22.308
309.13	-22.457	17.626	240.84	-4.7996	8.4864	288.39	0.15536	21.876	250.54	-71.856	63.971	163.84	-92.561	50.909	167.04	-126.86	22.836
307.19	-22.981	18.321	238.59	-5.0361	9.3288	288.4	0.152	21.868	248.46	-72.202	64.593	161.77	-92.958	51.475	165.09	-127.27	23.457
305.16	-23.426	19.072	236.29	-5.2164	9.9741	288.39	0.16044	21.871	246.26	-72.486	65.34	159.58	-93.375	52.102	163.09	-127.55	23.97
302.96	-23.822	19.761	233.87	-5.4358	10.674	288.39	0.16443	21.876	243.95	-72.779	65.938	157.27	-93.777	52.636	161.07	-128.05	24.598
300.66	-24.142	20.434	231.35	-5.6252	11.272	288.4	0.16375	21.877	241.56	-73.003	66.616	154.87	-94.149	53.248	158.88	-128.31	25.17
298.14	-24.519	20.928	228.73	-5.794	12.073	288.4	0.16375	21.877	239	-73.253	67.294	152.36	-94.493	53.826	156.53	-128.77	25.618
295.5	-24.711	21.517	225.99	-5.8992	12.6	288.39	0.17511	21.881	236.38	-73.428	67.861	149.72	-94.84	54.394	154.18	-129	26.181
292.65	-24.868	22.025	223.1	-6.0632	13.401	288.39	0.1689	21.872	233.65	-73.614	68.462	147	-95.191	54.946	151.63	-129.34	26.77
289.6	-24.881	22.492	220.08	-6.1173	13.945	288.38	0.16472	21.881	230.78	-73.774	69.084	144.14	-95.579	55.533	149.14	-129.64	27.282
286.34	-24.726	22.984	216.91	-6.1965	14.739	288.38	0.15582	21.876	227.78	-73.917	69.684	141.19	-95.994	56.059	146.4	-130	27.708
282.96	-24.607	23.386	213.56	-6.1935	15.402	288.38	0.15488	21.875	224.71	-74.036	70.275	138.13	-96.424	56.594	143.57	-130.27	28.174
279.4	-24.327	23.808	210.1	-6.1303	15.84	288.38	0.16367	21.88	221.48	-74.157	70.744	134.98	-96.841	57.135	140.62	-130.52	28.576
275.62	-23.962	24.139	206.47	-6.1434	16.679	288.38	0.15974	21.874	218.17	-74.255	71.256	131.68	-97.274	57.694	137.65	-130.84	29.072
271.69	-23.532	24.485	202.67	-6.0203	17.231	288.37	0.14614	21.877	214.77	-74.309	71.721	128.3	-97.736	58.224	134.47	-131.12	29.36
267.59	-22.992	24.763	198.7	-5.9405	18.002	288.38	0.14749	21.866	211.23	-74.318	72.171	124.82	-98.213	58.738	131.28	-131.44	29.814
263.3	-22.422	24.965	194.56	-5.7101	18.531	288.38	0.14685	21.879	207.57	-74.373	72.519	121.24	-98.736	59.256	127.95	-131.82	30.179
258.83	-21.768	25.184	190.28	-5.4983	19.211	288.38	0.14778	21.881	203.82	-74.388	72.886	117.58	-99.293	59.791	124.5	-132.08	30.443
254.19	-21.108	25.247	185.84	-5.2744	19.996	288.38	0.1497	21.87	200.03	-74.363	73.239	113.82	-99.881	60.303	120.93	-132.38	30.832
249.46	-20.307	25.411	181.32	-5.0652	20.877	288.37	0.14478	21.875	196.1	-74.384	73.472	109.97	-100.47	60.828	117.3	-132.71	31.157
244.51	-19.501	25.442	176.61	-4.7083	21.565	288.38	0.14719	21.865	192.13	-74.339	73.744	106.04	-101.04	61.293	113.62	-133.03	31.406
239.43	-18.618	25.468	171.78	-4.4055	22.345	288.38	0.15197	21.872	188.04	-74.277	73.994	102.03	-101.66	61.709	109.82	-133.34	31.641
234.1	-17.685	25.445	166.78	-4.04	23.097	288.39	0.15345	21.887	183.84	-74.177	74.213	97.946	-102.25	62.11	105.91	-133.7	31.827
228.71	-16.564	25.656	161.71	-3.7201	23.916	288.39	0.1576	21.88	179.51	-74.053	74.389	93.79	-102.87	62.437	101.98	-134.01	32.043
218.09	-11.604	26.623	156.46	-3.3024	24.432	223.05	-15.495	25.598	175.08	-73.869	74.516	89.584	-103.5	62.693	98.003	-134.26	31.942
212.14	-10.588	27.008	151.36	-2.7486	25.524	217.24	-14.247	25.649	170.78	-73.389	75.004	85.33	-104.11	62.917	93.999	-134.6	32.074
206.12	-9.3784	27.043	146.04	-2.3088	26.308	211.15	-12.984	25.473	166.15	-73.126	75.064	80.97	-104.72	63.099	89.838	-134.91	32.177
199.8	-8.2151	26.576	140.54	-1.8263	26.779	204.97	-11.715	25.228	161.51	-72.768	75.126	76.555	-105.29	63.24	85.661	-135.2	32.014
288.38	0.16363	21.879	134.91	-1.5919	27.344	NaN	NaN	NaN	156.74	-72.403	75.088	72.064	-105.87	63.375	81.416	-135.6	32.047
288.39	0.16961	21.886	129.18	-1.1603	27.443	192.11	-9.0962	24.623	151.93	-72.02	75.032	67.558	-106.44	63.46	77.089	-135.78	31.886
288.39	0.16747	21.872	123.41	-0.89141	27.677	NaN	NaN	NaN	147.09	-71.604	74.917	62.966	-107.05	63.498	72.836	-136.29	31.84
288.38	0.16488	21.881	117.62	-0.57006	27.917	NaN	NaN	NaN	142.21	-71.178	74.677	58.407	-107.6	63.508	68.372	-136.4	31.672
288.38	0.15918	21.885	111.73	-0.36301	27.994	NaN	NaN	NaN	137.31	-70.792	74.407	53.787	-108.23	63.465	64.025	-136.87	31.524
288.39	0.1568	21.879	105.85	-0.079674	28.045	NaN	NaN	NaN	132.39	-70.347	74.099	49.186	-108.82	63.437	59.523	-137.15	31.29
288.37	0.15691	21.868	99.948	0.094922	28.012	NaN	NaN	NaN	127.45	-69.944	73.688	44.557	-109.42	63.322	55.067	-137.51	31.037
288.37	0.15691	21.868	94.109	0.26315	27.745	NaN	NaN	NaN	122.5	-69.531	73.276	39.924	-110.04	63.155	50.528	-137.79	30.725
288.38	0.14901	21.868	88.338	0.43566	27.601	NaN	NaN	NaN	117.56	-69.103	72.839	35.306	-110.63	62.893	46.078	-138.16	30.392
288.37	0.14448	21.875	82.562	0.54144	27.253	NaN	NaN	NaN	112.58	-68.691	72.297	30.678	-111.17	62.64	41.542	-138.43	29.98
288.37	0.15069	21.874	76.948	0.69811	26.812	NaN	NaN	NaN	107.57	-68.275	71.757	26.071	-111.69	62.292	37.132	-138.82	29.576
288.37	0.13986	21.869	71.313	0.7726	26.23	NaN	NaN	NaN	102.63	-67.862	71.225	21.461	-112.19	61.928	32.608	-139.02	29.085
288.37	0.14242	21.871	65.823	0.83503	25.595	NaN	NaN	NaN	97.65	-67.424	70.586	16.875	-112.64	61.482	28.279	-139.45	28.648
288.37	0.14464	21.875	60.42	0.97899	24.649	109.05	2.4226	13.864	92.769	-66.987	69.939	12.33	-113.06	60.982	23.935	-139.75	28.091
288.38	0.1475	21.866	55.099	1.043	23.823	103	3.3423	14.139	87.933	-66.552	69.297	7.8373	-113.46	60.479	19.602	-139.97	27.514
288.38	0.14991	21.868	49.858	1.0659	22.899	NaN	NaN	NaN	83.086	-66.108	68.616	3.3914	-113.83	59.895	15.355	-140.26	26.927
288.39	0.15444	21.875	44.761	1.1153	21.825	NaN	NaN	NaN	78.042	-65.965	67.452	-0.9717	-114.17	59.256	11.282	-140.63	26.378
288.38	0.1518	21.871	39.756	1.1372	20.736	NaN	NaN	NaN	73.372	-65.525	66.685	-5.2743	-114.53	58.629	7.1803	-140.88	25.761
288.38	0.1616	21.875	34.872	1.1968	19.521	NaN	NaN	NaN	68.82	-65.131	65.894	-9.4517	-114.88	57.957	3.193	-141.17	25.076
288.38	0.16629	21.882	30.185	1.1897	18.289	NaN	NaN	NaN	64.384	-64.712	65.145	-13.536	-115.23	57.291	-0.71976	-141.45	24.428
288.38	0.16541	21.868	25.586	1.1503	17.152	NaN	NaN	NaN	60.011	-64.353	64.28	-17.47	-115.59	56.583	-4.4473	-141.8	23.745
288.38	0.16161	21.876	21.155	1.0917	15.891	NaN	NaN	NaN	55.834	-64.009	63.441	-21.326	-115.95	55.861	-8.1532	-142.1	23.002
288.39	0.16904	21.875	16.872	1.0478	14.784	NaN	NaN	NaN	51.714	-63.695	62.513	-25.051	-116.29	55.121	-11.75	-142.35	22.219
288.38	0.16507	21.881	12.751	1.0435	13.513	NaN	NaN	NaN	47.782	-63.41	61.645	-28.615	-116.63	54.349	-15.145	-142.63	21.503
288.38	0.16431	21.866	8.7597	0.97157	12.219	NaN	NaN	NaN	43.986	-63.16	60.746	-32.094	-116.97	53.569	-18.433	-143.01	20.706
288.37	0.16889	21.876	4.9919	0.83049	11.223	NaN	NaN	NaN	40.343	-62.951	59.847	-35.433	-117.3	52.776	-21.707	-143.27	19.943
288.38	0.16683	21.87	1.45	0.77032	9.9496	NaN	NaN	NaN	36.878	-62.765	58.96	-38.638	-117.59	51.965	-24.89	-143.39	19.078
288.38	0.16031	21.873	-2.4121	0.98086	9.7659	NaN	NaN	NaN	33.563	-62.614	58.055	-41.838	-117.73	51.322	-27.609	-143.75	18.408
288.38	0.16065	21.874	-5.5922	0.87798	8.6469	NaN	NaN	NaN	30.413	-62.54	57.139	-44.801	-118.01	50.501	-30.462	-144.05	17.504
288.37	0.15451	21.867	-9.0839	1.4621	9.6058	NaN	NaN	NaN	27.428	-62.5	56.276	-47.61	-118.27	49.631	-33.253	-144.37	16.559
288.37	0.15688	21.871	-11.387	0.5874	6.4861	20.353	4.849	-5.0128	25.041	-62.215	55.904	-50.27	-118.52	48.774	-35.724	-144.54	15.794
288.37	0.15698	21.87	-13.739	0.50328	5.5015	16.85	4.7674	-5.2427	22.009	-62.603	54.524	-52.781	-118.75	47.905	-38.183	-144.7	14.915
288.37	0.15165	21.876	-16.05	0.35522	4.4134	13.7	4.4821	-6.2415	19.515	-62.697	53.684	-55.16	-118.95	47.019	-40.451	-144.99	13.997
288.37	0.15341	21.865	-18.152	0.2225	3.446	10.809	4.2227	-7.1264	17.2	-62.797	52.8	-57.389	-119.14	46.135	-42.81	-144.96	13.037
288.37	0.15339	21.865	-20.04	0.084142	2.4441	8.0143	3.898	-8.1061	15.074	-62.969	51.977	-59.47	-119.31	45.261	-44.835	-145.35	12.099
288.38	0.14734	21.866	-22.378	0.88955	3.9882	5.5403	3.6336	-8.9738	13.086	-63.075	51.139	-61.444	-119.48	44.378	-46.605	-145.55	11.276
288.38	0.15011	21.869	-24.12	0.75485	3.104	3.3656	3.4118	-9.8783	11.234	-63.195	50.349	-63.253	-119.63	43.52	-48.358	-145.72	10.428
288.38	0.15962	21.859	-25.78	0.66191	2.1694	1.5431	3.1861	-10.701	9.5012	-63.331	49.557	-64.926	-119.8	42.706	-50.237	-145.77	9.4917
288.38	0.14733	21.865	-27.259	0.59926	1.4006	-0.067526	3.0215	-11.508	7.8902	-63.46	48.792	-66.492	-119.94	41.878	-51.537	-146.08	8.7364
288.37	0.15675	21.868	-28.642	0.46973	0.46293	-1.6198	2.7809	-12.385	6.398	-63.54	48.1	-67.95	-120.02	41.097	-52.959	-146.22	7.9479
288.38	0.15236	21.87	-29.824	0.34243	-0.42325	-2.851	2.4816	-13.233	4.9448	-63.568	47.517	-69.327	-120.12	40.291	-54.247	-146.24	7.2139
288.38	0.15938	21.872	-30.455	-1.6644	-6.1149	-3.8977	2.1797	-13.962	3.5421	-63.592	47.076	-70.621	-120.15	39.517	-55.428	-146.26	6.4978
288.38	0.16459	21.866	-31.287	-1.8398	-7.0584	-4.7218	1.8952	-14.615	2.1599	-63.584	46.777	-71.854	-120.14	38.768	-56.308	-146.61	5.9305
288.38	0.15938	21.872	-31.931	-2.0158	-7.9014	-5.3272	1.6242	-15.128	0.85367	-63.529	46.667	-73.065	-120.05	38.054	-57.268	-146.57	5.3809
288.37	0.15596	21.867	-32.478	-2.2309	-8.7268	-5.7383	1.366	-15.456	-0.39363	-63.539	46.582	-74.177	-119.99	37.344	-57.923	-146.85	5.0086
288.37	0.15833	21.871	-32.865	-2.4069	-9.3055	-6.0156	1.122	-15.609	-1.5105	-63.595	46.614	-75.175	-119.91	36.664	-58.499	-147.09	4.5927
288.36	0.15973	21.874	-33.139	-2.545	-9.8796	-6.2989	0.92655	-15.767	-2.5059	-63.649	46.626	-76.017	-119.85	36.057	-59.267	-146.96	4.2305
288.37	0.14991	21.873	-33.371	-2.6861	-10.264	-6.5629	0.76114	-15.871	-3.3512	-63.723	46.601	-76.747	-119.83	35.477	-59.678	-147.17	3.9099
288.36	0.14641	21.866	-33.597	-2.8062	-10.629	-6.7472	0.63818	-15.892	-4.0484	-63.881	46.575	-77.329	-119.82	35.007	-60.099	-147.32	3.5676
288.37	0.15331	21.877	-33.832	-2.7855	-10.575	-6.9144	0.52223	-15.807	-4.5321	-64.055	46.548	-77.774	-119.86	34.528	-60.392	-147.42	3.1607
288.36	0.14767	21.869	-33.976	-2.8061	-10.649	-7.09	0.45224	-15.784	-4.8807	-64.253	46.375	-78.136	-119.88	34.12	-60.617	-147.45	2.8256
288.36	0.14614	21.867	-34.086	-2.8257	-10.725	-7.2169	0.37447	-15.78	-5.1037	-64.485	46.184	-78.388	-119.91	33.753	-60.937	-147.48	2.4401
288.36	0.14514	21.867	-34.172	-2.8342	-10.781	-7.341	0.27997	-15.831	-5.2025	-64.679	46.003	-78.529	-119.98	33.412	-61.297	-147.18	2.1092
288.36	0.14753	21.868	-34.228	-2.8377	-10.843	-7.426	0.19261	-15.912	-5.2205	-64.846	45.779	-78.59	-120.03	33.104	-61.305	-147.33	1.7689
288.36	0.14384	21.864	-34.238	-2.8331	-10.946	-7.4749	0.099578	-16.026	-5.1548	-65	45.536	-78.581	-120.06	32.777	-61.501	-147.16	1.2474
288.37	0.14035	21.867	-34.187	-2.8499	-11.214	-7.4576	0.00067347	-16.194	-5.0545	-65.2	45.167	-78.539	-120.1	32.485	-61.552	-147.16	1.0144
288.37	0.14383	21.873	-34.133	-2.8519	-11.405	-7.3889	-0.1307	-16.424	-4.9239	-65.304	44.9	-78.316	-120.23	31.892	-61.455	-147.28	0.68873
288.38	0.14496	21.862	-34.035	-2.8636	-11.618	-7.2819	-0.22324	-16.644	-4.7739	-65.382	44.619	-78.231	-120.21	31.617	-61.603	-147.11	0.18995
288.38	0.14749	21.866	-33.882	-2.8445	-11.797	-7.0759	-0.29231	-16.864	-4.6024	-65.481	44.332	-78.153	-120.2	31.495	-61.614	-147.07	0.0084411
288.38	0.14749	21.866	-33.696	-2.8177	-11.984	-6.9076	-0.37387	-17.043	-4.4355	-65.587	44.088	-78.105	-120.12	31.137	-61.497	-147.17	-0.21467
288.37	0.1546	21.866	-33.432	-2.8421	-12.334	-6.6846	-0.49218	-17.252	-4.303	-65.639	43.886	-78.061	-120.04	30.956	-61.542	-146.9	-0.56649
288.38	0.15918	21.873	-33.241	-2.8336	-12.501	-6.4981	-0.58408	-17.482	-4.1853	-65.623	43.731	-78.015	-119.94	30.772	-61.539	-146.85	-0.6843
288.38	0.15937	21.871	-33.054	-2.7722	-12.631	-6.2908	-0.57227	-17.586	-4.1013	-65.586	43.567	-77.985	-119.81	30.599	-61.419	-146.93	-0.74969
288.37	0.15685	21.868	-32.954	-2.7036	-12.778	-6.1933	-0.56647	-17.724	-4.0605	-65.507	43.456	-77.976	-119.65	30.407	-61.435	-146.89	-0.83745
288.38	0.16158	21.875	-32.849	-2.6402	-13.082	-6.1183	-0.54042	-17.904	-4.0479	-65.409	43.393	-77.983	-119.52	30.298	-61.451	-146.65	-1.053
288.38	0.16064	21.874	-32.849	-2.5188	-13.189	-6.1134	-0.43235	-17.963	-4.049	-65.25	43.299	-77.985	-119.37	30.206	-61.421	-146.59	-1.1031
288.38	0.1713	21.867	-32.839	-2.4079	-13.242	-6.114	-0.29292	-17.994	-4.0657	-65.113	43.258	-78.005	-119.23	30.125	-61.294	-146.71	-1.0789
288.38	0.16084	21.86	-32.834	-2.2955	-13.282	-6.1395	-0.16779	-17.989	-4.1159	-64.95	43.248	-78.034	-119.1	30.03	-61.3	-146.64	-1.1078
288.38	0.16192	21.862	-32.837	-2.1911	-13.336	-6.1417	-0.038221	-17.992	-4.178	-64.804	43.25	-78.108	-118.94	29.916	-61.32	-146.59	-1.099
288.38	0.16158	21.875	-32.847	-2.093	-13.387	-6.1511	0.11233	-17.972	-4.2481	-64.661	43.287	-78.199	-118.79	29.841	-61.384	-146.48	-1.0706
288.38	0.16618	21.869	-32.854	-1.9857	-13.446	-6.1534	0.21494	-17.991	-4.3306	-64.538	43.251	-78.266	-118.64	29.785	-61.616	-146.38	-1.1404
288.38	0.16621	21.87	-32.826	-1.9048	-13.533	-6.1552	0.3133	-17.994	-4.4235	-64.416	43.234	-78.353	-118.48	29.75	-61.665	-146.05	-1.1213
288.38	0.16449	21.864	-32.824	-1.8148	-13.551	-6.1691	0.40396	-18.029	-4.5321	-64.293	43.212	-78.431	-118.34	29.664	-61.707	-145.97	-1.1461
288.38	0.16685	21.868	-32.827	-1.735	-13.561	-6.178	0.48897	-18.031	-4.6153	-64.208	43.196	-78.534	-118.23	29.592	-61.752	-145.92	-1.1745
