140.43	0.11804	20.304	-31.414	4.2362	-13.411	-4.0467	2.7641	-18.605	-2.0648	-57.523	42.218	-73.588	-113.3	27.543	-54.25	-140.39	-2.7672
140.43	0.1102	20.303	-31.407	4.2389	-13.405	-4.0467	2.7641	-18.605	-2.067	-57.539	42.209	-73.595	-113.3	27.537	-54.231	-140.38	-2.7532
140.42	0.09942	20.284	-31.39	4.2139	-13.312	-4.0342	2.7711	-18.593	-2.0726	-57.53	42.212	-73.596	-113.3	27.537	-54.235	-140.38	-2.7535
140.43	0.10362	20.291	-31.397	4.2441	-13.382	-4.0342	2.7711	-18.593	-2.0681	-57.526	42.215	-73.597	-113.3	27.524	-54.235	-140.38	-2.7547
140.42	0.10255	20.29	-31.402	4.2429	-13.399	-4.0467	2.7641	-18.605	-2.0732	-57.53	42.213	-73.603	-113.29	27.537	-54.242	-140.37	-2.7426
140.42	0.10172	20.287	-31.412	4.2394	-13.422	-4.0414	2.7681	-18.599	-2.0862	-57.522	42.208	-73.616	-113.29	27.535	-54.249	-140.38	-2.7623
140.43	0.1102	20.303	-31.399	4.2118	-13.332	-4.0465	2.7625	-18.592	-2.1085	-57.523	42.197	-73.62	-113.29	27.533	-54.259	-140.38	-2.764
140.43	0.10821	20.299	-31.399	4.2258	-13.338	-4.0474	2.7768	-18.597	-2.1134	-57.528	42.206	-73.638	-113.29	27.538	-54.271	-140.37	-2.7544
140.43	0.11049	20.301	-31.412	4.2526	-13.415	-4.0411	2.7666	-18.586	-2.1252	-57.511	42.222	-73.652	-113.27	27.539	-54.28	-140.36	-2.7395
140.42	0.11489	20.298	-31.416	4.2499	-13.419	-4.0472	2.7752	-18.583	-2.1293	-57.513	42.221	-73.676	-113.27	27.536	-54.28	-140.36	-2.7395
140.43	0.11047	20.302	-31.426	4.2591	-13.433	-4.0461	2.7753	-18.584	-2.1417	-57.508	42.231	-73.691	-113.26	27.499	-54.295	-140.36	-2.7422
140.43	0.1161	20.3	-31.423	4.2616	-13.43	-4.0525	2.7712	-18.589	-2.1604	-57.495	42.229	-73.708	-113.25	27.509	-54.281	-140.36	-2.7355
140.43	0.1161	20.3	-31.435	4.2556	-13.44	-4.0608	2.7681	-18.595	-2.1589	-57.495	42.243	-73.708	-113.24	27.499	-54.305	-140.35	-2.7399
140.42	0.11048	20.29	-31.41	4.2354	-13.353	-4.0605	2.7666	-18.582	-2.1884	-57.501	42.237	-73.727	-113.25	27.538	-54.318	-140.36	-2.7261
140.42	0.11576	20.299	-31.417	4.232	-13.361	-4.0624	2.7676	-18.583	-2.1981	-57.493	42.238	-73.737	-113.24	27.538	-54.31	-140.38	-2.7302
140.42	0.10834	20.287	-31.434	4.2682	-13.432	-4.0624	2.7676	-18.583	-2.2053	-57.487	42.25	-73.752	-113.23	27.498	-54.3	-140.38	-2.7239
140.42	0.12257	20.3	-31.415	4.2469	-13.351	-4.0605	2.7666	-18.582	-2.2105	-57.488	42.247	-73.759	-113.23	27.504	-54.302	-140.38	-2.725
140.42	0.11488	20.298	-31.43	4.2384	-13.366	-4.0582	2.7678	-18.578	-2.2222	-57.482	42.245	-73.761	-113.24	27.515	-54.329	-140.34	-2.7067
140.42	0.10913	20.288	-31.43	4.2384	-13.366	-4.0708	2.7607	-18.591	-2.2218	-57.483	42.257	-73.768	-113.23	27.527	-54.313	-140.37	-2.7274
140.41	0.10815	20.287	-31.431	4.2371	-13.366	-4.0635	2.7637	-18.584	-2.2253	-57.487	42.253	-73.771	-113.23	27.504	-54.332	-140.34	-2.7202
140.42	0.11094	20.307	-31.428	4.2402	-13.363	-4.0635	2.7637	-18.584	-2.2221	-57.484	42.256	-73.78	-113.24	27.52	-54.327	-140.37	-2.7084
140.42	0.11589	20.3	-31.426	4.2387	-13.361	-4.0665	2.7609	-18.587	-2.2251	-57.486	42.255	-73.787	-113.22	27.496	-54.317	-140.38	-2.7164
140.42	0.10048	20.286	-31.428	4.2402	-13.363	-4.0532	2.7591	-18.581	-2.2211	-57.483	42.271	-73.786	-113.23	27.52	-54.333	-140.38	-2.7111
140.42	0.10946	20.289	-31.428	4.2402	-13.363	-4.0612	2.7507	-18.576	-2.2288	-57.486	42.252	-73.79	-113.23	27.529	-54.329	-140.38	-2.7075
140.42	0.11047	20.29	-31.423	4.2432	-13.372	-4.0625	2.7638	-18.585	-2.2373	-57.481	42.266	-73.792	-113.22	27.494	-54.327	-140.37	-2.7162
140.42	0.098249	20.283	-31.422	4.2418	-13.358	-4.0582	2.7678	-18.578	-2.2373	-57.481	42.266	-73.804	-113.22	27.514	-54.334	-140.38	-2.7109
140.43	0.10753	20.313	-31.435	4.2477	-13.362	-4.0654	2.7647	-18.585	-2.2446	-57.485	42.26	-73.803	-113.22	27.491	-54.329	-140.38	-2.7083
140.42	0.10038	20.286	-31.43	4.251	-13.358	-4.0735	2.7563	-18.58	-2.2449	-57.472	42.267	-73.804	-113.22	27.489	-54.327	-140.37	-2.7176
140.41	0.10674	20.287	-31.432	4.2496	-13.36	-4.063	2.7633	-18.566	-2.2542	-57.478	42.272	-73.814	-113.22	27.51	-54.331	-140.36	-2.7015
140.41	0.10604	20.285	-31.428	4.2416	-13.377	-4.063	2.7633	-18.566	-2.263	-57.471	42.259	-73.808	-113.21	27.48	-54.32	-140.36	-2.7075
140.42	0.11487	20.298	-31.426	4.2536	-13.354	-4.0692	2.7603	-18.574	-2.2573	-57.468	42.276	-73.81	-113.23	27.508	-54.33	-140.37	-2.7077
140.42	0.116	20.3	-31.435	4.2477	-13.362	-4.0735	2.7563	-18.58	-2.2566	-57.468	42.29	-73.805	-113.22	27.512	-54.327	-140.37	-2.7047
140.43	0.10824	20.299	-31.436	4.249	-13.362	-4.072	2.7702	-18.555	-2.2651	-57.472	42.283	-73.809	-113.23	27.508	-54.324	-140.38	-2.7076
140.42	0.11033	20.289	-31.433	4.2484	-13.361	-4.0662	2.7631	-18.571	-2.2637	-57.459	42.279	-73.805	-113.22	27.476	-54.315	-140.37	-2.7108
140.42	0.11033	20.289	-31.435	4.2461	-13.363	-4.0662	2.7631	-18.571	-2.256	-57.466	42.278	-73.792	-113.22	27.48	-54.335	-140.34	-2.7104
140.41	0.10692	20.286	-31.436	4.247	-13.363	-4.0715	2.7734	-18.582	-2.2596	-57.469	42.273	-73.794	-113.23	27.502	-54.337	-140.34	-2.7239
140.42	0.1092	20.288	-31.429	4.252	-13.356	-4.0662	2.7631	-18.571	-2.261	-57.457	42.28	-73.785	-113.22	27.506	-54.324	-140.34	-2.734
140.42	0.10832	20.287	-31.438	4.2476	-13.365	-4.059	2.7662	-18.565	-2.2549	-57.465	42.279	-73.783	-113.22	27.484	-54.329	-140.34	-2.7077
140.41	0.10811	20.287	-31.432	4.2495	-13.36	-4.0715	2.7734	-18.582	-2.2512	-57.461	42.269	-73.776	-113.23	27.487	-54.309	-140.35	-2.7289
140.42	0.10948	20.289	-31.434	4.2501	-13.361	-4.0725	2.7733	-18.582	-2.2405	-57.454	42.278	-73.77	-113.22	27.488	-54.312	-140.35	-2.7198
140.43	0.10818	20.299	-31.439	4.2468	-13.366	-4.0629	2.7749	-18.563	-2.2405	-57.454	42.278	-73.771	-113.23	27.499	-54.304	-140.35	-2.7151
140.43	0.1204	20.306	-31.444	4.2449	-13.384	-4.0582	2.7678	-18.578	-2.2405	-57.454	42.278	-73.767	-113.22	27.477	-54.301	-140.35	-2.7128
140.43	0.11819	20.302	-31.432	4.2647	-13.365	-4.0662	2.7736	-18.578	-2.2443	-57.455	42.274	-73.768	-113.22	27.476	-54.289	-140.35	-2.7186
140.42	0.10935	20.289	-31.429	4.2531	-13.37	-4.0549	2.7717	-18.572	-2.2373	-57.451	42.282	-73.764	-113.22	27.48	-54.297	-140.34	-2.7064
140.42	0.10136	20.29	-31.447	4.2536	-13.366	-4.0582	2.7678	-18.578	-2.2326	-57.448	42.285	-73.766	-113.22	27.466	-54.305	-140.34	-2.7093
140.43	0.10914	20.3	-31.443	4.2582	-13.375	-4.06	2.7661	-18.564	-2.2466	-57.444	42.281	-73.773	-113.21	27.504	-54.312	-140.34	-2.7136
140.42	0.10046	20.286	-31.437	4.2513	-13.377	-4.0651	2.7632	-18.572	-2.2511	-57.447	42.276	-73.764	-113.22	27.48	-54.283	-140.37	-2.7005
140.42	0.10033	20.285	-31.447	4.2536	-13.366	-4.0683	2.763	-18.57	-2.249	-57.445	42.279	-73.777	-113.21	27.476	-54.297	-140.35	-2.7093
140.43	0.10831	20.298	-31.433	4.253	-13.373	-4.0692	2.7603	-18.573	-2.2582	-57.439	42.29	-73.786	-113.22	27.469	-54.306	-140.35	-2.7143
140.41	0.10813	20.287	-31.442	4.2569	-13.361	-4.0638	2.7617	-18.553	-2.2673	-57.456	42.276	-73.791	-113.22	27.49	-54.308	-140.35	-2.7291
140.42	0.11598	20.3	-31.443	4.2582	-13.375	-4.067	2.772	-18.565	-2.2765	-57.451	42.276	-73.804	-113.22	27.485	-54.305	-140.35	-2.7107
140.42	0.10168	20.287	-31.441	4.2576	-13.361	-4.0785	2.7572	-18.579	-2.2685	-57.445	42.283	-73.805	-113.22	27.485	-54.325	-140.35	-2.7099
140.42	0.11493	20.298	-31.452	4.2527	-13.369	-4.0832	2.7643	-18.563	-2.2738	-57.451	42.29	-73.806	-113.22	27.461	-54.314	-140.35	-2.7064
140.42	0.11477	20.298	-31.452	4.2527	-13.369	-4.0841	2.759	-18.552	-2.2838	-57.442	42.278	-73.808	-113.22	27.473	-54.327	-140.35	-2.7204
140.42	0.11482	20.298	-31.452	4.2527	-13.369	-4.0809	2.7629	-18.551	-2.2874	-57.447	42.299	-73.816	-113.23	27.467	-54.295	-140.39	-2.7117
140.41	0.10812	20.287	-31.45	4.2529	-13.368	-4.083	2.7628	-18.55	-2.2935	-57.45	42.293	-73.824	-113.22	27.465	-54.314	-140.38	-2.7048
140.41	0.10894	20.302	-31.46	4.2493	-13.377	-4.0849	2.76	-18.553	-2.3037	-57.444	42.306	-73.836	-113.22	27.469	-54.311	-140.39	-2.7071
140.41	0.10821	20.287	-31.467	4.2534	-13.364	-4.0939	2.7696	-18.55	-2.3225	-57.444	42.296	-73.844	-113.22	27.458	-54.315	-140.38	-2.7042
140.42	0.1134	20.31	-31.464	4.246	-13.381	-4.099	2.764	-18.543	-2.3176	-57.441	42.313	-73.848	-113.22	27.467	-54.307	-140.37	-2.7082
140.41	0.10644	20.298	-31.468	4.2548	-13.377	-4.0875	2.771	-18.53	-2.3313	-57.436	42.309	-73.862	-113.22	27.474	-54.326	-140.37	-2.7039
140.41	0.10627	20.283	-31.458	4.25	-13.376	-4.099	2.764	-18.543	-2.3359	-57.439	42.319	-73.869	-113.22	27.457	-54.335	-140.38	-2.6983
140.42	0.11597	20.3	-31.464	4.2446	-13.368	-4.0971	2.763	-18.542	-2.3495	-57.438	42.314	-73.872	-113.21	27.462	-54.332	-140.38	-2.6933
140.42	0.11484	20.298	-31.475	4.2521	-13.383	-4.0987	2.7625	-18.53	-2.3564	-57.442	42.32	-73.885	-113.2	27.458	-54.345	-140.37	-2.7096
140.42	0.11257	20.296	-31.475	4.2507	-13.369	-4.1028	2.7596	-18.532	-2.3564	-57.442	42.32	-73.887	-113.2	27.469	-54.344	-140.37	-2.6953
140.43	0.11594	20.299	-31.472	4.2406	-13.374	-4.1465	2.7311	-18.569	-2.3624	-57.459	42.311	-73.893	-113.22	27.461	-54.347	-140.36	-2.6901
140.41	0.10379	20.281	-31.47	4.239	-13.374	-4.1081	2.7556	-18.537	-2.3517	-57.48	42.304	-73.886	-113.22	27.501	-54.359	-140.37	-2.6869
140.42	0.10354	20.292	-31.471	4.2259	-13.381	-4.1047	2.7568	-18.534	-2.357	-57.529	42.289	-73.879	-113.21	27.471	-54.361	-140.37	-2.6874
140.42	0.11149	20.295	-31.475	4.2058	-13.364	-4.102	2.7612	-18.545	-2.3393	-57.589	42.283	-73.855	-113.23	27.523	-54.361	-140.38	-2.6824
140.42	0.09779	20.295	-31.476	4.1749	-13.354	-4.1112	2.7697	-18.547	-2.3153	-57.685	42.26	-73.831	-113.25	27.542	-54.371	-140.37	-2.6949
140.41	0.10626	20.283	-31.441	4.0941	-13.181	-4.1077	2.7757	-18.572	-2.2738	-57.788	42.258	-73.806	-113.27	27.6	-54.361	-140.41	-2.6815
140.43	0.10741	20.313	-31.423	4.0354	-13.125	-4.0934	2.8061	-18.609	-2.2155	-57.945	42.253	-73.775	-113.3	27.62	-54.359	-140.44	-2.6791
140.41	0.106	20.285	-31.375	3.9755	-13.023	-4.0967	2.8627	-18.66	-2.1526	-58.106	42.275	-73.713	-113.35	27.672	-54.44	-140.35	-2.6564
140.41	0.1016	20.278	-31.317	3.8921	-12.799	-4.0984	2.957	-18.668	-2.0682	-58.287	42.294	-73.634	-113.4	27.727	-54.378	-140.42	-2.6386
140.41	0.10319	20.295	-31.278	3.834	-12.693	-4.1487	3.1229	-18.686	-1.9356	-58.553	42.294	-73.521	-113.49	27.789	-54.208	-140.56	-2.5829
140.42	0.11065	20.308	-31.284	3.747	-12.493	-4.2591	3.4846	-18.689	-1.7677	-58.798	42.318	-73.374	-113.62	27.877	-53.982	-140.82	-2.5213
140.4	0.11234	20.295	-31.333	3.6545	-12.025	-4.4055	3.8528	-18.773	-1.5602	-59.109	42.37	-73.159	-113.79	27.948	-53.883	-140.9	-2.5084
140.41	0.10646	20.299	-31.292	3.5414	-11.224	-4.4986	4.2787	-18.426	-1.218	-59.49	42.412	-72.869	-114.01	28.056	-53.838	-140.98	-2.5632
140.41	0.10126	20.291	-31.194	3.4521	-10.236	-4.5201	4.6742	-17.8	-0.76108	-60.032	42.536	-72.502	-114.28	28.196	-53.723	-141.06	-2.7199
140.41	0.10459	20.294	-30.576	3.5099	-8.4275	-4.261	4.8749	-16.744	-0.22329	-60.788	42.745	-72.077	-114.66	28.37	-53.382	-141.35	-2.8393
140.41	0.1036	20.293	-29.936	3.4503	-6.8396	-3.7521	4.9932	-15.382	0.44981	-61.763	43.083	-71.548	-115.13	28.604	-53.321	-141.29	-3.0564
140.42	0.10852	20.303	-29.147	3.1589	-4.9991	-3.0442	4.9325	-13.805	1.2304	-62.893	43.504	-71.009	-115.64	28.809	-52.877	-141.74	-3.117
140.42	0.11322	20.31	-28.023	2.9133	-3.205	-1.9866	4.6876	-12.049	2.1134	-64.217	43.982	-70.393	-116.17	29.007	-52.699	-141.95	-3.3311
140.43	0.12058	20.322	-26.679	2.4987	-1.404	-0.72571	4.2942	-10.275	3.0661	-65.69	44.529	-69.713	-116.73	29.222	-52.306	-142.3	-3.5594
140.43	0.10755	20.312	-25.189	1.9712	0.39247	0.81149	3.7627	-8.4291	4.1647	-67.255	45.064	-68.92	-117.36	29.531	-52.092	-142.36	-3.6083
140.44	0.11103	20.304	-23.42	1.2366	2.4473	2.5862	3.1576	-6.5233	5.3938	-68.924	45.597	-68.038	-118.08	29.879	-51.616	-142.77	-3.8493
140.45	0.10764	20.311	-21.464	0.59051	4.3504	4.549	2.4283	-4.7967	6.7698	-70.635	46.042	-67.012	-118.85	30.256	-51.029	-143.23	-3.9111
140.46	0.10186	20.313	-19.464	-0.16695	6.1379	6.7702	1.6137	-3.1536	8.3142	-72.348	46.398	-65.874	-119.68	30.631	-50.358	-143.7	-4.0205
140.45	0.098157	20.31	-17.472	-0.9896	7.8213	9.3305	0.73755	-1.5916	9.9826	-74.078	46.719	-64.626	-120.5	31.072	-49.652	-144.19	-3.9209
140.45	0.098074	20.31	-15.515	-1.7945	9.3905	12.389	-0.23557	-0.27055	11.733	-75.747	47.049	-63.371	-121.19	31.587	-48.884	-144.51	-3.5154
140.45	0.094653	20.318	-13.616	-2.6373	10.736	16.228	-1.225	0.99524	13.605	-77.315	47.444	-62.056	-121.77	32.033	-47.731	-145.11	-2.9333
140.45	0.095471	20.32	-11.691	-3.3677	11.802	21.25	-2.2421	2.1835	15.516	-78.847	47.792	-60.559	-122.4	32.524	-46.357	-145.81	-2.7952
140.44	0.088085	20.31	-9.7587	-4.1693	12.623	26.613	-3.3897	3.2409	17.521	-80.31	48.159	-58.755	-123.21	33.028	-44.848	-146.57	-2.6306
140.44	0.088223	20.308	-7.7091	-4.9816	13.385	32.023	-4.7244	4.2769	19.652	-81.677	48.568	-56.806	-124.03	33.457	-43.251	-147.31	-2.2526
140.43	0.082806	20.301	-5.3982	-5.8343	14.116	37.363	-6.2093	5.2516	21.908	-83.052	48.966	-54.765	-124.69	33.943	-41.507	-148.04	-1.7378
140.43	0.087915	20.312	-2.8931	-6.6954	14.728	42.672	-7.7941	6.2503	24.286	-84.424	49.416	-52.737	-125.19	34.437	-39.676	-148.92	-1.3054
140.42	0.084711	20.304	-0.17903	-7.6392	15.456	47.697	-9.5334	7.172	27.067	-85.536	50.198	-50.595	-125.68	35.039	-37.765	-149.21	-0.85329
140.42	0.085501	20.307	2.66	-8.5506	16.201	52.943	-11.31	8.1878	29.669	-86.947	50.546	-48.341	-126.23	35.564	-35.761	-149.78	-0.3409
140.41	0.089133	20.302	5.628	-9.3987	16.911	58.182	-13.158	9.2271	32.312	-88.312	50.944	-45.892	-126.82	36.103	-33.752	-150.29	0.18342
140.41	0.090543	20.303	8.7273	-10.248	17.703	63.982	-14.831	10.727	35.031	-89.666	51.389	-43.385	-127.34	36.659	-31.49	-150.71	0.76777
140.41	0.081346	20.3	11.855	-11.068	18.414	69.225	-16.805	11.763	37.773	-90.919	51.732	-40.763	-127.76	37.231	-28.978	-151.49	1.1766
140.42	0.10264	20.321	15.04	-11.81	18.978	73.808	-18.956	12.288	40.549	-92.112	52.168	-38.166	-128.16	37.819	-26.767	-151.96	1.5945
140.43	0.10342	20.324	18.247	-12.556	19.506	79.34	-20.57	13.631	43.401	-93.18	52.422	-35.508	-128.54	38.406	-24.515	-152.1	2.1752
140.43	0.10824	20.316	21.431	-13.211	19.861	84.165	-22.308	14.388	46.275	-94.143	52.71	-32.813	-128.86	38.933	-22.041	-152.37	2.6857
140.44	0.10916	20.319	24.624	-13.887	20.291	88.81	-23.926	15.032	49.205	-94.988	52.994	-30.052	-129.07	39.537	-19.468	-152.69	3.3548
140.44	0.11244	20.307	27.864	-14.415	20.388	93.274	-25.397	15.491	52.135	-95.699	53.233	-27.287	-129.17	40.094	-16.651	-153.11	4.0437
140.43	0.10947	20.318	31.012	-14.889	20.481	97.622	-26.756	15.807	55.085	-96.286	53.437	-24.522	-129.22	40.628	-14.197	-153.05	4.637
140.44	0.11373	20.323	34.173	-15.368	20.549	101.33	-28.175	15.494	58.029	-96.734	53.632	-21.762	-129.22	41.112	-11.647	-153.36	5.3174
140.45	0.10618	20.322	37.242	-15.669	20.393	106.01	-29.016	16.092	60.985	-97.04	53.757	-18.948	-129.16	41.534	-9.0698	-153.26	5.826
140.44	0.11293	20.322	40.254	-15.876	20.177	109.65	-30.104	15.77	63.942	-97.216	53.918	-16.135	-129.04	41.887	-6.1912	-153.49	6.4025
140.44	0.1067	20.329	43.22	-16.023	19.88	113.67	-30.82	15.769	66.851	-97.215	53.941	-13.263	-128.85	42.181	-3.3374	-153.65	6.8343
140.44	0.10143	20.318	46.073	-16.126	19.425	117.62	-31.39	15.668	69.789	-97.105	53.939	-10.381	-128.61	42.467	-0.77475	-153.37	7.2694
140.44	0.099547	20.313	48.916	-16.057	18.735	121.92	-31.706	15.833	72.752	-96.845	53.868	-7.4886	-128.31	42.704	2.1549	-153.44	7.7771
140.43	0.09238	20.32	51.649	-16.043	18.183	125.31	-32.206	15.112	75.731	-96.496	53.718	-4.5889	-127.97	42.94	4.8575	-153.29	8.1175
140.43	0.090139	20.316	54.311	-15.882	17.467	129.4	-32.339	15.02	78.722	-96.13	53.48	-1.7136	-127.6	43.167	7.5339	-152.97	8.4466
140.42	0.087105	20.31	56.874	-15.62	16.927	132.96	-32.493	14.426	81.743	-95.629	53.163	1.1757	-127.21	43.407	10.223	-152.73	8.7941
140.42	0.085864	20.309	59.329	-15.331	16.5	136.39	-32.592	13.811	84.705	-95.146	52.81	4.0381	-126.8	43.63	13.006	-152.62	9.1262
140.43	0.089012	20.314	61.73	-14.904	16.046	139.63	-32.598	13.093	87.617	-94.609	52.362	6.8666	-126.38	43.827	15.74	-152.32	9.3658
140.42	0.082377	20.303	64.021	-14.487	15.846	142.74	-32.437	12.422	90.468	-94.056	51.999	9.6602	-125.96	43.991	18.086	-151.65	9.4722
140.43	0.10015	20.321	66.242	-13.9	15.358	145.81	-32.165	11.889	93.259	-93.424	51.576	12.393	-125.46	44.165	20.678	-151.18	9.6809
140.43	0.10237	20.321	68.398	-13.335	15.017	148.55	-31.743	11.22	95.906	-92.675	51.171	15.03	-124.93	44.244	23.341	-150.95	9.7934
140.43	0.10237	20.321	70.502	-12.761	14.618	140.43	0.097389	20.311	98.47	-91.895	50.839	18.056	-124.03	44.622	25.999	-149.92	10.256
153.42	-30.438	9.8874	72.541	-12.109	14.092	140.44	0.10202	20.315	100.9	-90.961	50.561	20.492	-123.37	44.663	28.331	-149.31	10.391
155.56	-29.565	9.2119	74.448	-11.331	13.426	140.44	0.10417	20.308	103.21	-89.932	50.217	22.838	-122.63	44.609	30.86	-149.06	10.556
157.41	-28.671	8.4249	76.295	-10.617	12.743	140.44	0.10376	20.319	105.4	-88.845	49.993	24.601	-122.1	44.186	32.431	-148.29	10.08
159.21	-27.442	7.821	78.081	-9.8744	12.023	140.45	0.10762	20.311	107.41	-87.638	49.775	26.704	-121.21	44.014	34.635	-147.84	10.251
160.76	-26.219	7.0626	79.775	-8.9972	10.963	140.45	0.10853	20.313	109.41	-86.365	49.523	28.686	-120.25	43.828	36.646	-146.86	10.145
162.19	-24.912	6.3437	81.413	-8.1342	9.9824	140.45	0.10985	20.313	111.23	-85.033	49.331	30.551	-119.24	43.59	38.75	-146.3	10.257
163.5	-23.575	5.5944	83.076	-7.3178	9.041	140.45	0.11765	20.315	112.96	-83.699	49.125	32.346	-118.2	43.328	40.764	-145.64	10.183
164.71	-22.109	4.8692	84.672	-6.4558	7.8148	140.45	0.10423	20.307	114.68	-82.31	48.907	34.057	-117.14	43.029	42.716	-144.8	10.15
165.76	-20.748	3.9928	86.219	-5.6627	6.9111	140.43	0.10727	20.315	116.3	-80.948	48.632	35.739	-116.06	42.715	44.339	-143.73	9.9786
166.85	-19.329	3.2086	87.815	-4.7888	5.8534	140.43	0.10735	20.315	117.92	-79.645	48.317	37.373	-115.05	42.373	46.237	-143.06	9.8626
167.9	-17.992	2.3788	89.383	-3.8683	4.8185	140.43	0.10542	20.311	119.52	-78.441	47.903	38.982	-114.01	42.028	47.8	-142	9.7012
168.84	-16.728	1.4564	90.92	-3.1004	4.0887	140.42	0.096454	20.296	121.15	-77.298	47.53	40.564	-113.03	41.715	49.577	-141.31	9.5017
169.84	-15.492	0.59461	92.431	-2.2948	3.4222	140.42	0.093382	20.309	122.76	-76.208	47.142	42.137	-112.1	41.443	51.149	-140.41	9.2557
170.69	-14.39	-0.3402	93.984	-1.465	2.7083	140.41	0.10306	20.31	124.35	-75.173	46.733	43.673	-111.16	41.194	52.675	-139.48	9.0615
171.49	-13.241	-1.2443	95.57	-0.65138	2.1619	140.41	0.10153	20.307	125.92	-74.24	46.356	45.186	-110.28	40.931	54.06	-138.46	8.7269
172.16	-12.194	-2.1839	97.137	0.020277	1.786	140.4	0.086311	20.296	127.46	-73.313	46.05	46.663	-109.41	40.776	55.61	-137.84	8.5625
172.64	-11.076	-2.9883	98.77	0.79079	1.3322	140.41	0.10189	20.295	128.91	-72.432	45.777	48.037	-108.54	40.564	56.872	-136.84	8.3754
172.88	-9.9067	-3.7393	100.48	1.4856	0.91063	140.42	0.11078	20.309	130.34	-71.614	45.724	49.356	-107.72	40.483	58.198	-136.03	8.2258
172.92	-8.6211	-4.3455	102.19	2.1068	0.6124	140.43	0.10521	20.31	131.67	-70.806	45.619	50.607	-106.93	40.364	59.47	-135.24	8.1052
172.66	-7.2718	-4.8522	103.98	2.6754	0.25666	140.42	0.095447	20.294	132.93	-70.017	45.648	51.796	-106.14	40.267	60.753	-134.59	7.9836
172.22	-5.8386	-5.3066	105.81	3.2353	-0.018769	140.43	0.10261	20.322	134.18	-69.224	45.761	52.952	-105.4	40.193	61.873	-133.71	7.9357
171.6	-4.3596	-5.7039	107.66	3.7754	-0.33553	140.43	0.10964	20.316	135.39	-68.404	45.881	54.098	-104.68	40.187	63.036	-132.99	7.8707
170.75	-2.9046	-6.2072	109.45	4.1819	-0.5382	140.44	0.11229	20.306	136.53	-67.609	45.989	55.223	-104.01	40.194	64.139	-132.27	7.8613
170.75	-2.9046	-6.2072	111.25	4.6596	-0.87492	140.44	0.11278	20.322	137.63	-66.786	46.067	56.286	-103.36	40.142	65.359	-131.74	7.8024
170.75	-2.9046	-6.2072	113	5.0563	-1.2929	140.44	0.11547	20.312	138.73	-65.952	46.117	57.369	-102.69	40.144	66.454	-131.01	7.8341
170.75	-2.9046	-6.2072	114.71	5.397	-1.8539	140.44	0.099308	20.315	139.82	-65.092	46.209	58.389	-102.07	40.118	67.414	-130.25	7.8338
170.75	-2.9046	-6.2072	116.34	5.6737	-2.4499	140.45	0.10665	20.31	140.9	-64.248	46.258	59.427	-101.46	40.128	68.686	-129.89	7.8857
170.75	-2.9046	-6.2072	118.06	6.0767	-2.8849	140.41	0.14841	20.316	141.95	-63.419	46.217	60.442	-100.89	40.094	69.624	-129.22	7.8195
170.75	-2.9046	-6.2072	119.5	6.2031	-3.7966	139.99	0.37774	20.366	143.01	-62.624	46.205	61.447	-100.35	40.042	70.585	-128.54	7.8044
170.75	-2.9046	-6.2072	120.32	5.8567	-5.1398	139.06	0.93131	20.344	143.77	-62.26	45.809	62.475	-99.84	40.054	71.787	-128.33	7.8557
170.75	-2.9046	-6.2072	121.16	6.2707	-5.3424	138.2	1.4289	20.38	144.85	-61.674	45.809	63.501	-99.386	40.023	72.658	-127.6	7.7464
170.75	-2.9046	-6.2072	121.54	6.9066	-5.377	138.58	2.1712	20.41	145.89	-61.084	45.786	64.532	-98.974	40.038	73.947	-127.41	7.8347
170.75	-2.9046	-6.2072	122.88	8.0991	-4.364	139.82	2.9026	20.353	146.81	-60.479	45.824	65.612	-98.638	40.14	74.913	-126.92	7.8249
170.75	-2.9046	-6.2072	123.84	8.6808	-4.0943	141.14	3.5323	20.497	147.89	-59.892	45.882	66.706	-98.361	40.233	75.914	-126.43	7.7714
170.75	-2.9046	-6.2072	124.8	9.065	-3.9497	142.48	3.8988	20.504	149	-59.419	45.994	67.807	-98.05	40.252	77.095	-126.21	8.0273
170.75	-2.9046	-6.2072	125.99	9.4003	-3.8806	143.77	4.1172	20.493	150.11	-59.015	46.217	68.94	-97.692	40.403	78.167	-125.79	8.0719
170.75	-2.9046	-6.2072	127.25	9.7395	-3.6933	144.94	4.2658	20.479	151.3	-58.631	46.482	70.048	-97.349	40.555	79.478	-125.72	8.2086
170.75	-2.9046	-6.2072	128.47	9.9471	-3.6936	146.16	4.5235	20.561	152.55	-58.31	46.697	71.278	-97.047	40.722	80.771	-125.47	8.4647
170.75	-2.9046	-6.2072	129.85	10.118	-3.537	147.47	4.7825	20.737	153.91	-58.021	47.057	72.633	-96.789	40.883	82.045	-125.11	8.6405
170.75	-2.9046	-6.2072	131.4	10.399	-3.2232	148.9	5.0023	21.02	155.28	-57.805	47.334	74.047	-96.574	41.083	83.486	-124.9	8.874
171.52	9.3024	-9.9447	133.05	10.649	-2.8704	150.52	5.1759	21.439	156.79	-57.641	47.714	75.534	-96.357	41.335	85.017	-124.79	9.0694
173.63	9.8178	-8.8119	133.47	12.579	1.8149	152.24	5.2652	21.868	158.42	-57.59	48.115	77.072	-96.198	41.608	86.514	-124.62	9.3432
175.27	9.7186	-8.5977	136.67	11.066	-1.6381	154.11	5.3329	22.398	160.14	-57.581	48.56	78.727	-96.112	41.916	88.044	-124.34	9.6203
177.18	9.7243	-7.9694	138.72	11.284	-0.99399	156.08	5.3554	23.007	162.01	-57.66	49.033	80.483	-96.079	42.291	89.646	-124.09	9.8464
179.19	9.7225	-7.4022	140.82	11.352	-0.20962	158.16	5.2482	23.66	163.92	-57.834	49.475	82.336	-96.05	42.707	91.537	-124.26	10.306
181.41	9.6992	-6.6671	143	11.38	0.41751	160.47	5.163	24.401	165.96	-58.006	50.045	84.273	-96.008	43.093	93.234	-124.05	10.622
182.89	9.0805	-6.8797	145.41	11.386	1.3868	162.82	4.9341	25.092	168.08	-58.243	50.623	86.246	-96.017	43.552	95.237	-124.17	11.094
186.27	9.3667	-5.0965	148	11.355	2.1332	165.38	4.692	25.96	170.33	-58.6	51.31	88.306	-96.028	44.048	97.105	-123.99	11.499
188.92	9.017	-4.2591	150.71	11.142	3.1729	168.05	4.3748	26.814	172.61	-58.971	51.982	90.448	-96.047	44.566	99.137	-123.95	11.883
191.78	8.6371	-3.3102	153.59	10.938	3.791	170.85	3.9945	27.637	175.02	-59.447	52.72	92.669	-96.042	45.044	101.25	-123.98	12.407
194.81	8.1936	-2.3937	156.65	10.685	4.6974	173.75	3.5788	28.512	177.46	-59.94	53.479	94.962	-96.059	45.548	103.51	-124.01	12.926
197.17	7.2931	-2.2999	159.78	10.298	5.6216	176.8	3.1284	29.447	180.04	-60.442	54.372	97.316	-96.061	46.066	105.77	-124.06	13.401
201.23	7.1441	-0.41802	162.94	9.8114	6.4157	179.88	2.5848	30.319	182.64	-60.987	55.202	99.751	-96.049	46.61	108.12	-124.09	13.954
203.78	6.1006	-0.31268	166.33	9.3606	7.0993	183.07	2.0414	31.27	185.34	-61.544	56.116	102.23	-96.066	47.12	110.58	-124.22	14.554
207.2	5.4453	0.71274	169.7	8.8631	7.9433	186.32	1.4675	32.226	188.11	-62.103	56.998	104.81	-96.065	47.66	113.09	-124.24	15.068
210.76	4.8129	1.758	173.15	8.2873	8.5385	189.66	0.84876	33.111	190.86	-62.704	57.893	107.44	-96.064	48.171	115.62	-124.31	15.611
215.12	4.5855	3.6043	176.21	7.2934	8.5451	193.05	0.28087	33.961	193.73	-63.319	58.737	110.13	-96.065	48.69	118.29	-124.36	16.234
218.73	3.8788	4.5433	179.78	6.7554	9.3892	196.47	-0.32895	34.772	196.61	-63.882	59.542	112.86	-96.081	49.173	120.86	-124.45	16.701
222.32	3.1644	5.4486	183.39	6.208	10.206	199.94	-0.93691	35.598	199.56	-64.471	60.355	115.63	-96.084	49.673	123.6	-124.64	17.226
225.96	2.4713	6.2295	186.97	5.7705	10.686	203.42	-1.5361	36.329	202.56	-65.012	61.099	118.45	-96.087	50.133	126.26	-124.48	17.632
229.56	1.7914	6.9675	190.6	5.1884	11.381	206.89	-2.1241	37.027	205.58	-65.581	61.796	121.3	-96.085	50.564	129.07	-124.82	18.326
233.19	1.1381	7.6534	194.19	4.6848	11.898	210.38	-2.7149	37.589	208.6	-66.107	62.371	124.18	-96.107	51.007	131.72	-124.83	18.655
236.03	0.076695	7.3739	197.75	4.095	12.506	213.81	-3.3505	38.122	211.66	-66.653	62.917	127.07	-96.128	51.356	134.55	-125	19.139
239.56	-0.58648	7.8694	201.29	3.6019	12.906	217.28	-3.9098	38.582	214.7	-67.157	63.388	129.96	-96.137	51.729	137.24	-125.04	19.441
243.29	-1.1057	8.5385	204.8	3.1439	13.357	220.76	-4.4139	39.019	217.74	-67.698	63.784	132.85	-96.163	52.029	139.96	-125.1	19.751
246.73	-1.7608	8.8704	208.28	2.6508	13.607	224.15	-5.0034	39.402	220.72	-68.218	64.105	135.72	-96.184	52.302	142.68	-125.25	20.138
250.83	-2.0164	9.9001	211.72	2.1667	13.841	227.52	-5.5689	39.697	223.75	-68.733	64.364	138.58	-96.171	52.567	145.35	-125.14	20.331
254.2	-2.6332	10.138	215.09	1.6844	14.039	230.85	-6.0984	39.938	226.74	-69.203	64.63	141.39	-96.192	52.78	147.99	-125.23	20.655
256.89	-3.5194	9.689	218.38	1.3088	14.478	234.12	-6.6133	40.157	229.67	-69.684	64.779	144.18	-96.154	52.956	150.54	-125.23	20.754
260.73	-3.7698	10.556	221.6	0.85397	14.417	237.34	-7.1053	40.328	232.5	-70.146	64.876	146.91	-96.136	53.12	153.04	-125.18	20.867
263.27	-4.5952	9.9777	224.71	0.50755	14.579	240.39	-7.5848	40.439	235.34	-70.575	64.994	149.58	-96.101	53.21	155.5	-125.2	20.91
266.21	-5.0943	9.9731	227.74	0.090638	14.833	243.39	-8.0249	40.553	238.06	-70.939	64.999	152.17	-96.043	53.282	157.85	-125.21	20.939
269.19	-5.404	10.08	230.61	-0.23013	14.825	246.29	-8.3343	40.599	240.66	-71.258	64.98	154.68	-95.96	53.309	160.23	-125.13	21.012
271.98	-5.741	10.017	233.39	-0.4729	14.75	249.03	-8.6164	40.52	243.18	-71.477	64.94	157.12	-95.855	53.287	162.58	-125.07	20.989
274.63	-5.9997	9.8607	236.03	-0.68494	14.574	251.63	-8.8378	40.352	245.59	-71.604	64.829	159.48	-95.706	53.212	164.7	-125	20.924
277.21	-6.1806	9.6972	238.48	-0.79864	14.25	254.14	-8.9391	40.161	247.88	-71.686	64.639	161.74	-95.548	53.114	166.85	-124.86	20.921
279.63	-6.3549	9.3742	240.91	-1.0489	13.941	256.45	-9.0923	39.781	250.15	-71.625	64.504	163.93	-95.347	52.978	168.9	-124.8	20.821
281.96	-6.4121	9.0322	243.21	-1.1597	13.382	258.7	-9.0856	39.345	252.24	-71.558	64.244	166.01	-95.114	52.75	170.82	-124.68	20.739
284.16	-6.5363	8.5524	245.36	-1.1967	12.821	260.88	-9.0374	38.902	254.31	-71.399	64.025	168.04	-94.839	52.514	172.78	-124.57	20.475
286.31	-6.5729	8.0399	247.4	-1.2014	12.371	262.95	-9.006	38.348	256.27	-71.235	63.692	169.96	-94.545	52.263	174.54	-124.37	20.367
288.33	-6.6124	7.4821	249.38	-1.2557	11.775	264.92	-8.9578	37.758	258.13	-71.02	63.341	171.79	-94.248	51.988	176.38	-124.26	20.163
290.24	-6.6281	6.8892	251.28	-1.351	11.059	266.81	-8.8639	37.204	259.94	-70.849	62.877	173.52	-93.914	51.668	178.01	-123.98	20.001
292.03	-6.6039	6.255	253.08	-1.3299	10.472	268.56	-8.846	36.548	261.63	-70.686	62.397	175.17	-93.607	51.326	179.51	-123.79	19.754
293.75	-6.5432	5.6773	254.74	-1.3294	9.9817	270.27	-8.6869	35.967	263.3	-70.48	61.939	176.76	-93.308	51.006	181.34	-124	19.502
295.34	-6.4647	5.0552	256.3	-1.2	9.2116	271.86	-8.5884	35.398	264.84	-70.302	61.406	178.27	-92.985	50.589	182.38	-123.31	19.062
297.36	-6.0118	5.1406	257.73	-0.99044	8.5735	273.35	-8.4573	34.749	266.32	-70.105	60.884	179.66	-92.71	50.191	183.73	-123.08	18.705
298.66	-5.8674	4.4327	259.04	-0.95514	8.2199	274.73	-8.2884	34.143	267.66	-69.948	60.266	180.99	-92.419	49.791	184.96	-122.8	18.338
299.89	-5.646	3.7525	260.23	-0.7476	7.622	275.98	-8.0874	33.505	268.92	-69.698	59.679	182.21	-92.15	49.358	186.01	-122.57	18.009
299.89	-5.646	3.7525	261.33	-0.54223	6.8138	277.13	-7.8227	32.878	270.09	-69.416	59.093	183.35	-91.857	48.926	187.1	-122.34	17.498
299.89	-5.646	3.7525	262.32	-0.34568	6.2843	278.18	-7.5374	32.286	271.15	-69.065	58.525	184.4	-91.58	48.423	188.09	-122.12	17.013
299.89	-5.646	3.7525	263.18	-0.13718	5.6943	279.06	-7.2709	31.481	272.12	-68.692	57.937	185.35	-91.272	47.922	189.02	-121.85	16.664
299.89	-5.646	3.7525	263.97	0.24042	4.7686	279.89	-6.8828	30.743	272.99	-68.261	57.385	186.23	-90.928	47.4	189.83	-121.62	16.223
304.58	-4.054	0.495	264.67	0.4568	3.919	280.58	-6.5002	29.956	273.74	-67.822	56.734	187.02	-90.577	46.841	190.57	-121.44	15.753
304.58	-4.054	0.495	265.32	0.64472	2.8637	281.19	-6.1246	29.094	274.44	-67.305	56.103	187.74	-90.212	46.27	191.41	-121.2	15.281
305.8	-3.4758	-1.2977	265.84	0.93529	1.9652	281.7	-5.7057	28.108	275.06	-66.773	55.474	188.35	-89.816	45.631	191.95	-121.01	14.769
306.29	-3.1882	-2.2388	266.33	1.0531	1.0528	282.15	-5.2774	27.173	275.57	-66.272	54.733	188.89	-89.431	44.986	192.65	-120.7	14.339
306.72	-2.8736	-3.3154	266.73	1.3135	-0.017618	282.49	-4.9237	26.147	276.02	-65.745	54.007	189.39	-89.033	44.344	193.1	-120.48	13.752
307.09	-2.5721	-4.2717	267.06	1.553	-1.2271	282.83	-4.4575	25.075	276.43	-65.234	53.208	189.81	-88.659	43.589	193.49	-120.33	13.152
307.86	-1.7885	-4.7177	267.28	1.7686	-2.272	283.07	-4.0358	23.939	276.8	-64.693	52.379	190.18	-88.301	42.872	193.98	-120	12.689
307.57	-1.9221	-6.6086	267.46	2.0035	-3.6012	283.22	-3.6738	22.749	277.15	-64.152	51.488	190.53	-87.947	42.181	194.34	-119.82	12.059
308.35	-1.0703	-6.9132	267.5	2.1952	-4.6937	283.58	-3.4175	21.858	277.47	-63.642	50.513	190.81	-87.642	41.376	194.61	-119.68	11.427
308.63	-0.76629	-8.134	267.63	2.6098	-5.4909	284.71	-3.1093	21.737	277.77	-63.201	49.571	191.08	-87.319	40.577	194.88	-119.47	10.817
308.89	-0.63292	-9.0681	267.75	2.897	-5.7607	285	-2.5746	21.679	278.09	-63.088	48.586	191.23	-87.062	39.742	195.07	-119.32	10.097
308.72	-0.67663	-10.22	267.8	3.2445	-6.0738	285.15	-2.3162	21.707	278.36	-63.114	47.712	191.41	-86.842	39.033	195.24	-119.14	9.3499
309.16	-0.33516	-10.589	267.84	3.6512	-6.3936	285.27	-2.1515	21.69	278.6	-63.192	46.894	191.54	-86.837	38.294	195.26	-119.11	8.4695
309.21	-0.43529	-11.487	267.89	3.7095	-6.7609	285.41	-1.9286	21.66	278.85	-63.261	46.111	191.75	-86.89	37.721	195.33	-119.03	7.8059
309.21	-0.43529	-11.487	267.91	3.8956	-7.0096	285.53	-1.775	21.63	279	-63.301	45.473	191.95	-86.889	37.174	195.31	-118.9	7.2029
309.21	-0.43529	-11.487	267.9	3.9451	-7.1972	285.63	-1.6978	21.651	279.01	-63.329	45.103	192.01	-86.805	36.665	195.41	-118.8	6.6992
309.21	-0.43529	-11.487	267.92	3.9755	-7.4856	285.7	-1.6695	21.651	278.88	-63.324	44.938	191.94	-86.674	36.291	195.35	-118.76	6.4376
309.82	-0.7788	-12.659	267.91	4.0204	-7.6859	285.76	-1.6433	21.673	278.75	-63.252	44.964	191.76	-86.493	36.019	195.32	-118.72	6.245
309.86	-0.83336	-12.665	267.89	3.9977	-7.777	285.81	-1.6345	21.678	278.59	-63.149	45.075	191.58	-86.358	35.874	195.26	-118.73	6.1287
309.9	-0.88237	-12.654	267.85	3.9828	-7.8618	285.82	-1.6261	21.679	278.46	-63.043	45.181	191.42	-86.249	35.781	195.09	-118.75	6.0802
309.93	-0.91393	-12.614	267.82	3.9886	-7.9114	285.82	-1.6243	21.682	278.32	-62.94	45.252	191.32	-86.157	35.761	194.96	-118.65	6.1958
309.96	-0.9239	-12.6	267.79	3.9995	-7.9614	285.82	-1.623	21.681	278.21	-62.843	45.332	191.21	-86.053	35.763	194.85	-118.54	6.2706
310	-0.94609	-12.567	267.76	4.0285	-8.1344	285.82	-1.6212	21.684	278.06	-62.756	45.406	191.07	-85.908	35.793	194.75	-118.39	6.3873
310.04	-0.96844	-12.565	267.71	4.0438	-8.2034	285.82	-1.6261	21.679	277.93	-62.694	45.433	190.92	-85.739	35.817	194.63	-118.31	6.5584
310.08	-1.0166	-12.566	267.63	4.0382	-8.3126	285.81	-1.6288	21.674	277.81	-62.648	45.464	190.76	-85.591	35.832	194.49	-118.25	6.6616
310.08	-1.0166	-12.566	267.57	3.8692	-8.6245	285.78	-1.6155	21.689	277.66	-62.603	45.494	190.6	-85.458	35.817	194.21	-118.22	6.5493
310.78	-0.72658	-12.05	267.31	3.6717	-9.5198	285.69	-1.5136	21.681	277.47	-62.465	45.456	190.46	-85.31	35.785	194.02	-118.15	6.6621
311.18	-0.92726	-12.37	267.04	3.5653	-10.223	285.65	-1.4863	21.694	277.22	-62.148	45.241	190.31	-85.165	35.702	193.86	-118.06	6.74
311.65	-1.1981	-13.214	266.58	3.6896	-11.009	285.61	-1.5299	21.698	277.01	-61.609	44.897	190.14	-84.933	35.585	194.01	-118.48	6.9737
311.01	-2.3265	-15.297	265.76	3.6635	-12.053	285.59	-1.4922	21.713	276.84	-61.124	44.425	189.9	-84.638	35.411	193.53	-117.93	6.8611
311.39	-2.4343	-15.824	264.99	3.816	-12.67	285.49	-1.4222	21.699	276.61	-60.672	43.966	189.59	-84.378	35.179	193.19	-117.86	6.8121
311.39	-2.4343	-15.824	264.5	3.9172	-12.58	285.4	-1.2844	21.707	276.33	-60.386	43.62	189.27	-84.138	35.011	192.95	-117.79	6.8956
312.14	-2.2641	-15.451	263.94	4.1009	-12.661	285.28	-1.115	21.716	275.91	-60.304	43.533	188.94	-83.969	34.836	192.66	-117.7	6.7699
312.71	-2.6409	-14.945	263.33	4.2828	-12.777	285.19	-0.95119	21.727	275.4	-60.221	43.652	188.57	-83.866	34.78	192.29	-117.69	6.7107
313.68	-3.3716	-14.638	262.63	4.4131	-12.806	285.16	-0.87052	21.74	274.84	-60.024	43.774	188.18	-83.903	34.909	192.03	-117.72	6.8156
314.7	-4.154	-14.268	261.8	4.3934	-12.626	285.19	-0.87063	21.748	274.4	-59.72	43.923	187.71	-83.853	35.043	191.55	-117.81	7.0285
315.65	-4.781	-13.649	260.86	4.6157	-12.474	285.32	-0.92007	21.777	273.92	-59.511	44.012	187.21	-83.735	35.303	191.16	-117.78	7.5101
316.63	-5.3243	-12.708	259.94	4.906	-12.164	285.5	-0.93847	21.797	273.44	-59.408	44.209	186.65	-83.595	35.58	190.71	-117.8	8.0892
317.61	-5.96	-11.67	258.92	5.1486	-11.49	285.54	-0.94399	21.78	272.88	-59.47	44.332	186.11	-83.661	35.959	190.15	-117.94	8.4135
318.61	-6.7543	-10.539	257.93	5.3148	-10.816	285.55	-0.93257	21.796	272.4	-59.584	44.573	185.57	-83.915	36.364	189.92	-118.5	9.0375
319.58	-7.7126	-9.3271	256.92	5.4229	-10.024	285.54	-0.89166	21.796	271.79	-59.872	44.715	185.04	-84.268	36.768	189	-118.32	9.11
320.44	-8.8107	-7.9973	255.91	5.4461	-9.1293	285.55	-0.86806	21.781	271.22	-60.199	45.027	184.48	-84.606	37.223	188.41	-118.52	9.5307
321.12	-9.9441	-6.7129	254.84	5.4178	-8.3453	285.55	-0.89526	21.79	270.5	-60.66	45.319	183.79	-84.928	37.687	187.59	-118.77	9.8621
321.66	-11.022	-5.2862	253.76	5.3377	-7.7574	285.56	-0.90024	21.793	269.76	-61.176	45.671	182.96	-85.281	38.227	186.7	-119.04	10.224
322.04	-12.177	-3.9376	252.67	5.165	-6.8139	285.55	-0.89031	21.794	268.92	-61.757	46.005	182.08	-85.691	38.708	185.8	-119.35	10.543
322.25	-13.33	-2.5432	251.51	4.9772	-5.9034	285.56	-0.88337	21.779	267.97	-62.379	46.348	181.14	-86.201	39.226	184.82	-119.67	10.88
322.23	-14.492	-1.331	250.27	4.7277	-5.0176	285.56	-0.89539	21.772	266.93	-63.007	46.736	180.14	-86.726	39.698	183.78	-120.09	11.232
322.03	-15.64	-0.1113	248.97	4.4743	-4.1275	285.56	-0.88578	21.775	265.82	-63.632	47.155	179.04	-87.286	40.252	182.61	-120.5	11.613
321.61	-16.746	1.1075	247.55	4.1316	-3.0193	285.56	-0.89333	21.777	264.57	-64.281	47.604	177.8	-87.843	40.792	181.32	-120.86	11.974
320.92	-17.825	2.1724	246.05	3.8759	-2.3167	285.56	-0.88279	21.781	263.23	-64.899	48.095	176.43	-88.404	41.347	180.03	-121.24	12.445
320	-18.881	3.2525	244.44	3.4536	-1.092	285.56	-0.89283	21.774	261.74	-65.545	48.622	174.93	-88.976	41.932	178.49	-121.77	12.842
318.92	-19.827	4.3094	242.74	3.1143	-0.19912	285.55	-0.89286	21.792	260.14	-66.185	49.154	173.32	-89.553	42.567	176.99	-122.12	13.35
317.66	-20.748	5.3594	240.92	2.7604	0.83523	285.56	-0.8871	21.775	258.37	-66.858	49.76	171.59	-90.134	43.219	175.22	-122.57	13.785
316.1	-21.597	6.3779	238.96	2.467	1.77	285.55	-0.88314	21.784	256.52	-67.521	50.437	169.72	-90.761	43.9	173.39	-122.98	14.331
314.42	-22.441	7.3896	237.26	2.3874	3.7712	285.55	-0.88317	21.795	254.69	-67.993	51.479	167.7	-91.419	44.655	171.47	-123.43	14.935
312.57	-23.229	8.4299	235.08	2.0343	4.9584	285.54	-0.89143	21.797	252.56	-68.704	52.17	165.55	-92.053	45.433	169.31	-123.87	15.443
310.49	-23.983	9.4062	232.76	1.6623	6.3115	285.54	-0.89101	21.784	250.26	-69.441	52.831	163.24	-92.687	46.204	167.04	-124.22	16.069
308.23	-24.7	10.24	230.35	1.4149	7.3124	285.54	-0.88397	21.792	247.83	-70.158	53.538	160.8	-93.305	47.03	164.72	-124.64	16.7
305.74	-25.219	11.074	227.73	0.97338	8.8535	285.54	-0.88811	21.775	245.3	-70.844	54.31	158.19	-93.948	47.891	162.12	-125.02	17.274
302.9	-25.624	11.806	225.04	0.61568	10.032	285.54	-0.88606	21.791	242.56	-71.512	55.046	155.46	-94.589	48.7	159.43	-125.46	17.866
299.87	-25.9	12.466	222.14	0.26974	11.354	285.54	-0.8828	21.782	239.69	-72.091	55.703	152.58	-95.244	49.484	156.63	-125.83	18.418
296.56	-25.979	13.105	219.09	0.03228	12.433	285.54	-0.88797	21.802	236.69	-72.62	56.47	149.56	-95.895	50.266	153.8	-126.23	18.985
293.06	-25.863	13.759	215.86	-0.23789	13.649	285.54	-0.88755	21.79	233.5	-73.047	57.211	146.43	-96.523	51.067	150.74	-126.64	19.687
289.29	-25.559	14.419	212.41	-0.47048	14.788	285.54	-0.88691	21.777	230.17	-73.396	57.918	143.14	-97.139	51.817	147.67	-126.98	20.189
285.21	-25.193	14.965	208.8	-0.62827	15.881	285.54	-0.8839	21.792	226.68	-73.678	58.639	139.73	-97.777	52.556	144.4	-127.4	20.692
281.02	-24.529	15.713	204.95	-0.71783	16.994	285.55	-0.88245	21.782	223.05	-73.889	59.4	136.2	-98.43	53.277	141.13	-127.8	21.292
276.55	-23.728	16.33	200.9	-0.79706	18.162	285.55	-0.88851	21.785	219.25	-74.027	60.096	132.54	-99.081	53.958	137.66	-128.22	21.789
271.81	-22.846	16.915	196.72	-0.75368	19.085	285.55	-0.89471	21.79	215.35	-74.094	60.819	128.76	-99.717	54.64	134.07	-128.6	22.281
266.83	-21.776	17.482	192.34	-0.65045	20.143	285.55	-0.88881	21.798	211.29	-74.126	61.536	124.86	-100.35	55.315	130.36	-128.97	22.746
261.61	-20.61	17.915	187.8	-0.54166	20.997	285.56	-0.8874	21.774	207.14	-74.073	62.203	120.85	-100.98	55.911	126.71	-129.52	23.346
256.09	-19.339	18.329	183.04	-0.42017	22.057	285.55	-0.8909	21.782	202.87	-74.019	62.829	116.74	-101.62	56.548	122.68	-129.72	23.739
250.38	-17.908	18.729	178.21	-0.20833	22.907	285.56	-0.8874	21.775	198.45	-73.9	63.469	112.56	-102.26	57.103	118.68	-130.06	24.139
244.47	-16.463	19.127	173.17	-0.050376	23.754	285.56	-0.8877	21.788	193.99	-73.751	64.053	108.77	-102.6	58.024	115.12	-130.12	24.928
238.33	-14.935	19.385	168	0.11446	24.738	285.55	-0.89047	21.796	189.36	-73.52	64.607	104.41	-103.23	58.552	111.12	-130.67	25.409
231.99	-13.387	19.577	162.76	0.39114	25.26	285.55	-0.89255	21.793	184.69	-73.247	65.115	99.962	-103.86	59.045	106.8	-130.85	25.635
225.43	-11.806	19.7	157.41	0.65054	26.017	285.55	-0.89047	21.796	179.95	-72.925	65.584	95.447	-104.46	59.479	102.66	-131.43	26.131
218.66	-10.162	19.73	151.96	0.82537	26.661	285.54	-0.88811	21.801	175.11	-72.636	66.065	90.85	-105.08	59.915	98.197	-131.57	26.394
211.66	-8.5995	19.67	146.42	1.0552	27.299	285.54	-0.89065	21.798	170.25	-72.256	66.464	86.233	-105.72	60.371	94.003	-132.09	26.79
204.41	-6.9354	19.638	140.86	1.3069	27.733	199.67	-3.1164	20.907	165.29	-71.905	66.904	81.571	-106.3	60.76	89.407	-132.39	26.956
197.04	-5.3327	19.537	135.28	1.4997	28.195	192.13	-1.6481	20.989	160.33	-71.493	67.296	76.88	-106.96	61.137	85.042	-132.91	27.24
189.38	-3.7646	19.386	129.68	1.7684	28.463	184.34	-0.3201	20.969	155.27	-71.045	67.723	72.137	-107.55	61.444	80.524	-133.18	27.432
285.54	-0.88668	21.801	124.02	1.9105	28.837	NaN	NaN	NaN	150.22	-70.597	68.08	67.438	-108.16	61.772	76.176	-133.69	27.824
285.53	-0.89239	21.795	118.45	2.0982	29.124	NaN	NaN	NaN	145.11	-70.15	68.511	62.664	-108.74	62.029	71.552	-134.03	27.942
285.54	-0.88706	21.79	112.87	2.3008	29.201	NaN	NaN	NaN	140	-69.654	68.839	57.935	-109.34	62.299	67.171	-134.56	28.183
285.54	-0.88871	21.8	107.28	2.4016	29.282	NaN	NaN	NaN	134.87	-69.202	69.229	52.714	-110.18	62.121	62.182	-135.11	27.983
285.54	-0.88884	21.788	101.81	2.5339	29.068	NaN	NaN	NaN	129.78	-68.736	69.53	48.012	-110.73	62.261	57.754	-135.62	28.107
285.54	-0.88901	21.798	96.365	2.6222	28.975	NaN	NaN	NaN	124.69	-68.313	69.799	43.31	-111.26	62.409	53.304	-136.02	28.246
285.55	-0.8902	21.794	91.017	2.6455	28.655	NaN	NaN	NaN	119.36	-68.187	69.649	38.648	-111.81	62.515	48.931	-136.4	28.307
285.55	-0.89285	21.806	85.758	2.6211	28.391	NaN	NaN	NaN	114.36	-67.815	69.845	34.03	-112.31	62.585	44.607	-136.92	28.31
285.55	-0.89029	21.794	80.53	2.5195	28.155	NaN	NaN	NaN	109.42	-67.488	69.947	29.452	-112.86	62.598	40.291	-137.31	28.342
285.55	-0.89285	21.793	75.43	2.5237	27.719	NaN	NaN	NaN	104.54	-67.224	70.028	24.946	-113.39	62.609	35.993	-137.71	28.401
285.56	-0.88709	21.775	70.33	2.4828	27.421	NaN	NaN	NaN	99.744	-67.047	70.001	20.488	-113.91	62.582	31.791	-138.12	28.295
285.55	-0.88789	21.798	65.279	2.3991	27.13	NaN	NaN	NaN	95.029	-66.845	69.952	16.117	-114.46	62.564	27.552	-138.58	28.237
285.55	-0.88997	21.784	60.299	2.2927	26.833	NaN	NaN	NaN	90.433	-66.69	69.865	11.811	-115.01	62.44	23.488	-139.04	28.064
285.55	-0.89542	21.802	55.455	2.1856	26.609	86.43	4.7664	13.906	85.889	-66.578	69.782	7.5979	-115.53	62.285	19.471	-139.5	27.954
285.55	-0.89036	21.796	50.667	2.0049	26.382	80.261	4.6479	13.682	81.446	-66.496	69.643	3.4957	-116.07	62.151	15.556	-139.98	27.732
285.55	-0.89316	21.804	46.094	1.9095	26.225	73.944	4.9865	15.218	77.113	-66.419	69.522	-0.53463	-116.57	61.906	11.709	-140.38	27.486
285.55	-0.89029	21.795	41.522	1.7781	25.731	68.202	4.7608	14.698	72.866	-66.327	69.267	-4.4922	-117.05	61.65	7.903	-140.78	27.204
285.54	-0.88871	21.799	37.054	1.6304	25.49	62.937	4.5781	14.28	68.719	-66.291	69.064	-8.3496	-117.5	61.336	4.2469	-141.24	26.857
285.54	-0.88869	21.801	32.507	1.5108	24.891	58.335	4.4038	13.784	64.632	-66.232	68.764	-12.062	-117.97	61.024	0.73561	-141.56	26.581
285.53	-0.88196	21.8	27.832	1.1042	23.808	53.941	4.3032	13.3	60.684	-66.19	68.441	-15.74	-118.4	60.616	-2.7694	-142.04	26.139
285.54	-0.89034	21.798	24.061	1.2058	23.624	50.025	3.7744	10.65	56.876	-66.099	68.021	-19.283	-118.81	60.167	-6.1349	-142.44	25.719
285.54	-0.88661	21.801	20.037	1.0263	22.954	45.666	3.8751	11.992	53.134	-66.084	67.549	-22.725	-119.18	59.676	-9.4308	-142.74	25.214
285.54	-0.88297	21.794	16.187	0.80457	22.174	41.763	3.6443	11.226	49.554	-66.058	67.026	-26.257	-119.31	59.379	-12.555	-143.13	24.814
285.54	-0.89126	21.797	12.483	0.61814	21.191	37.971	3.3788	10.326	46.089	-66.049	66.415	-29.52	-119.64	58.82	-15.79	-143.58	24.13
285.53	-0.8944	21.791	8.9326	0.36613	20.33	34.359	3.176	9.4438	42.773	-66.018	65.771	-32.66	-119.94	58.193	-18.683	-143.9	23.577
285.54	-0.88854	21.788	5.5027	0.22138	19.218	30.891	2.9306	8.4504	39.574	-65.98	65.055	-35.711	-120.22	57.524	-21.604	-144.21	22.869
285.54	-0.88522	21.791	2.2259	0.070877	18.225	27.537	2.7024	7.398	36.503	-65.916	64.285	-38.568	-120.5	56.827	-24.423	-144.4	22.253
285.54	-0.88618	21.804	-0.93255	-0.12701	17.166	24.401	2.5634	6.4086	33.568	-65.859	63.501	-41.322	-120.77	56.086	-26.771	-144.88	21.664
285.54	-0.88824	21.8	-3.9483	-0.2692	15.988	21.312	2.3706	5.2915	30.753	-65.783	62.69	-43.936	-121.02	55.318	-29.303	-145.19	21
285.54	-0.88822	21.803	-6.8031	-0.45604	14.938	18.437	2.2101	4.2061	28.081	-65.658	61.829	-46.425	-121.24	54.567	-31.622	-145.53	20.223
285.55	-0.89236	21.79	-9.5523	-0.57154	13.698	15.668	2.0399	3.0962	25.537	-65.574	60.955	-48.784	-121.44	53.746	-34.069	-145.78	19.357
285.56	-0.8847	21.778	-12.117	-0.68802	12.613	13.107	1.9121	2.0005	23.134	-65.503	60.064	-51.022	-121.61	52.907	-36.06	-146.05	18.648
285.55	-0.90217	21.787	-14.355	-0.62086	11.801	10.712	1.7927	0.9523	20.898	-65.414	59.173	-53.372	-122.27	50.785	-38.034	-146.24	17.833
285.55	-0.89069	21.806	-16.534	-0.73822	10.761	8.485	1.7079	-0.12654	18.783	-65.365	58.288	-55.326	-122.4	49.905	-39.958	-146.35	16.99
285.55	-0.90339	21.8	-18.565	-0.75458	9.5666	6.4375	1.6163	-1.2233	16.793	-65.266	57.389	-57.204	-122.5	48.994	-41.758	-146.56	16.108
285.55	-0.88922	21.798	-20.539	-1.0077	8.1217	4.6402	1.5287	-2.2693	14.932	-65.221	56.5	-58.695	-122.06	49.343	-43.363	-146.7	15.226
285.55	-0.89317	21.804	-22.221	-1.0937	6.9617	2.9466	1.3889	-3.4195	13.175	-65.104	55.609	-60.36	-122.08	48.38	-44.883	-146.82	14.364
285.55	-0.89268	21.802	-23.75	-1.2366	5.7286	1.487	1.2507	-4.559	11.538	-65.06	54.696	-61.908	-122.06	47.393	-46.284	-146.94	13.458
285.55	-0.89014	21.794	-25.152	-1.3212	4.3703	0.1725	1.0598	-5.7141	9.9701	-64.931	53.777	-63.379	-122.01	46.395	-47.605	-147.02	12.579
285.55	-0.88258	21.782	-26.402	-1.4589	2.9493	-1.0919	0.83619	-7.0601	8.4899	-64.789	52.835	-64.762	-121.91	45.37	-48.762	-147.2	11.674
285.54	-0.89029	21.798	-27.57	-1.5211	1.3172	-2.1771	0.63059	-8.3228	7.1482	-64.62	51.91	-66.047	-121.78	44.34	-49.852	-147.23	10.8
285.54	-0.88614	21.79	-28.585	-1.6114	-0.1232	-3.1524	0.43831	-9.7301	5.8719	-64.467	50.931	-67.196	-121.67	43.295	-50.867	-147.21	9.9594
285.54	-0.89127	21.797	-29.588	-1.7711	-1.7621	-3.9974	0.27698	-11.018	4.7127	-64.265	49.914	-68.279	-121.51	42.252	-51.731	-147.36	9.0439
285.54	-0.87579	21.795	-30.485	-1.894	-3.3623	-4.8219	0.099237	-12.425	3.6698	-64.072	48.876	-69.228	-121.39	41.189	-52.628	-147.3	8.1766
285.54	-0.88508	21.791	-31.659	-2.2716	-5.4135	-5.6525	-0.03296	-13.835	2.7278	-63.891	47.77	-70.097	-121.29	40.117	-53.314	-147.44	7.1684
285.54	-0.87365	21.772	-32.394	-2.3741	-6.898	-6.3682	-0.18937	-15.278	1.9776	-63.725	46.625	-70.836	-121.16	39.049	-54.087	-147.39	6.2349
285.54	-0.87834	21.792	-32.993	-2.4768	-8.3612	-6.887	-0.36084	-16.657	1.2252	-63.518	45.556	-71.486	-121.09	37.991	-54.666	-147.42	5.2326
285.54	-0.89036	21.798	-33.487	-2.5863	-9.7709	-7.3901	-0.58808	-18.021	0.51523	-63.332	44.52	-72.083	-120.96	36.946	-55.113	-147.5	4.2318
285.54	-0.88696	21.803	-33.871	-2.6791	-11.12	-7.7389	-0.65673	-18.385	-0.13444	-63.194	43.64	-72.627	-120.83	35.937	-55.613	-147.48	3.376
285.54	-0.88749	21.79	-34.423	-2.6082	-12.203	-8.0399	-0.19887	-18.362	-0.74832	-63.076	42.974	-73.178	-120.66	34.922	-56.016	-147.32	2.5555
285.54	-0.88947	21.786	-34.49	-2.5437	-12.486	-8.0447	-0.19167	-18.347	-1.2834	-63.266	42.661	-73.551	-120.63	33.77	-56.25	-147.34	1.7598
285.54	-0.89623	21.797	-34.446	-2.4314	-12.662	-7.9864	-0.25852	-18.368	-1.8314	-63.597	42.59	-74.025	-120.49	32.898	-56.506	-147.35	1.0617
285.54	-0.89665	21.799	-34.292	-2.4828	-12.558	-7.7619	-0.50285	-18.387	-2.3868	-63.897	42.642	-74.462	-120.49	32.232	-56.635	-147.33	0.3837
285.54	-0.89128	21.797	-34.125	-2.4649	-12.718	-7.5125	-0.68781	-18.35	-2.9152	-64.047	42.812	-74.79	-120.52	31.651	-56.769	-147.35	-0.046761
285.53	-0.8949	21.792	-34.033	-2.5468	-12.865	-7.3447	-0.81709	-18.304	-3.3811	-64.085	42.895	-75.098	-120.5	31.225	-56.892	-147.36	-0.36488
285.55	-0.89376	21.791	-33.995	-2.5733	-12.981	-7.254	-0.8953	-18.284	-3.774	-64.08	43.003	-75.429	-120.34	30.895	-56.999	-147.32	-0.40485
285.55	-0.89484	21.788	-34.005	-2.5776	-13.054	-7.2372	-0.88804	-18.267	-4.1341	-63.974	43.082	-75.757	-120.11	30.589	-57.358	-147.05	-0.46252
285.54	-0.89735	21.798	-34.043	-2.5368	-13.088	-7.2511	-0.87319	-18.224	-4.4064	-63.905	43.121	-76.065	-119.95	30.35	-57.443	-147.03	-0.45805
285.54	-0.88741	21.777	-34.12	-2.4525	-13.272	-7.2856	-0.84793	-18.183	-4.6284	-63.841	43.18	-76.252	-119.91	30.195	-57.509	-146.98	-0.46879
285.55	-0.88708	21.772	-34.186	-2.3459	-13.464	-7.3018	-0.81565	-18.102	-4.8203	-63.741	43.244	-76.346	-119.87	30.093	-57.506	-147.1	-0.54242
285.55	-0.89244	21.79	-34.203	-2.2788	-13.499	-7.332	-0.79335	-18.092	-5.0143	-63.622	43.274	-76.435	-119.79	29.984	-57.569	-147.08	-0.56554
285.56	-0.88453	21.775	-34.222	-2.2083	-13.547	-7.3434	-0.74932	-18.06	-5.1661	-63.532	43.295	-76.578	-119.63	29.869	-57.632	-147.02	-0.61207
285.56	-0.87509	21.768	-34.236	-2.1274	-13.557	-7.3509	-0.6828	-18.041	-5.2981	-63.434	43.305	-76.734	-119.49	29.769	-57.704	-146.98	-0.63171
285.55	-0.87765	21.776	-34.26	-2.0637	-13.583	-7.379	-0.58805	-18.076	-5.4254	-63.332	43.291	-76.881	-119.37	29.584	-57.776	-146.9	-0.65623
285.56	-0.87302	21.782	-34.257	-2.0108	-13.6	-7.383	-0.54686	-18.07	-5.5459	-63.204	43.312	-76.999	-119.28	29.452	-57.976	-146.63	-0.7557
285.55	-0.87011	21.765	-34.262	-1.9607	-13.624	-7.3955	-0.50339	-18.087	-5.6575	-63.101	43.32	-77.079	-119.2	29.306	-58.044	-146.55	-0.80316
285.55	-0.86499	21.771	-34.261	-1.9123	-13.63	-7.3871	-0.46789	-18.077	-5.7623	-63.044	43.293	-77.169	-119.12	29.192	-58.044	-146.51	-0.83461
285.55	-0.86516	21.77	-34.266	-1.8802	-13.648	-7.388	-0.4382	-18.076	-5.8441	-62.995	43.26	-77.246	-119.04	29.035	-57.998	-146.63	-0.88957
285.54	-0.8705	21.776	-34.261	-1.8428	-13.656	-7.3799	-0.42979	-18.081	-5.9047	-62.937	43.257	-77.313	-118.99	28.937	-58.004	-146.61	-0.93091
285.54	-0.85817	21.77	-34.249	-1.8193	-13.652	-7.3843	-0.43377	-18.087	-5.9647	-62.908	43.24	-77.382	-118.95	28.845	-58.004	-146.63	-0.97035
285.54	-0.86182	21.777	-34.256	-1.8079	-13.666	-7.3733	-0.43801	-18.096	-6.0197	-62.888	43.221	-77.424	-118.93	28.765	-58.013	-146.64	-1.0061
285.54	-0.86032	21.78	-34.254	-1.8174	-13.671	-7.376	-0.44237	-18.085	-6.0512	-62.879	43.196	-77.448	-118.92	28.686	-58.035	-146.65	-1.0266
285.54	-0.86909	21.775	-34.253	-1.8174	-13.669	-7.3748	-0.45551	-18.075	-6.0722	-62.866	43.19	-77.475	-118.91	28.604	-58.047	-146.68	-1.0764
285.54	-0.87149	21.775	-34.257	-1.8354	-13.667	-7.385	-0.46137	-18.084	-6.0914	-62.879	43.173	-77.5	-118.92	28.545	-58.065	-146.71	-1.1006
285.54	-0.87125	21.776	-34.252	-1.8476	-13.671	-7.3931	-0.48405	-18.074	-6.0934	-62.904	43.144	-77.512	-118.94	28.498	-58.083	-146.72	-1.1433
285.54	-0.87505	21.796	-34.261	-1.8693	-13.672	-7.4042	-0.4953	-18.071	-6.1045	-62.936	43.095	-77.521	-118.96	28.478	-58.101	-146.75	-1.1791
285.54	-0.8874	21.788	-34.264	-1.89	-13.668	-7.403	-0.51223	-18.064	-6.1047	-62.949	43.072	-77.539	-118.99	28.416	-58.093	-146.78	-1.2226
285.54	-0.88556	21.791	-34.279	-1.9116	-13.689	-7.4137	-0.5212	-18.046	-6.1094	-62.978	43.041	-77.541	-119.01	28.371	-58.135	-146.82	-1.294
285.54	-0.88541	21.791	-34.29	-1.9351	-13.691	-7.4174	-0.55424	-18.036	-6.1122	-63.004	43.011	-77.554	-119.05	28.343	-58.113	-146.92	-1.3449
285.55	-0.88684	21.772	-34.29	-1.9512	-13.685	-7.4011	-0.56556	-17.998	-6.1343	-63.018	42.98	-77.561	-119.08	28.27	-58.146	-146.94	-1.4085
285.55	-0.8821	21.769	-34.323	-1.9734	-13.714	-7.4006	-0.57447	-17.955	-6.14	-63.046	42.962	-77.577	-119.1	28.219	-58.141	-146.98	-1.4509
285.55	-0.89322	21.788	-34.334	-1.9832	-13.697	-7.4147	-0.59904	-17.947	-6.1562	-63.057	42.947	-77.593	-119.13	28.171	-58.15	-146.99	-1.4807
285.55	-0.89029	21.782	-34.362	-2.0145	-13.717	-7.4275	-0.61193	-17.93	-6.1855	-63.065	42.928	-77.612	-119.15	28.146	-58.169	-147.01	-1.5139
285.55	-0.89481	21.789	-34.384	-2.0299	-13.723	-7.434	-0.62072	-17.907	-6.2294	-63.065	42.904	-77.64	-119.16	28.11	-58.279	-147.07	-1.6129
285.54	-0.88539	21.779	-34.405	-2.0411	-13.741	-7.4747	-0.64186	-17.915	-6.278	-63.072	42.905	-77.674	-119.18	28.07	-58.299	-147.08	-1.6304
285.55	-0.88246	21.771	-34.429	-2.0419	-13.755	-7.5028	-0.65191	-17.904	-6.3276	-63.066	42.909	-77.711	-119.17	28.029	-58.227	-147.05	-1.588
285.55	-0.88154	21.784	-34.461	-2.0445	-13.774	-7.5175	-0.66378	-17.887	-6.3934	-63.046	42.911	-77.752	-119.17	27.994	-58.23	-147.04	-1.6005
285.55	-0.8799	21.773	-34.476	-2.0541	-13.774	-7.5164	-0.67106	-17.845	-6.4557	-63.02	42.907	-77.805	-119.16	27.968	-58.273	-147.04	-1.5922
285.53	-0.88035	21.788	-34.486	-2.0472	-13.777	-7.5278	-0.66733	-17.818	-6.5317	-62.992	42.91	-77.854	-119.15	27.933	-58.36	-146.93	-1.6288
285.54	-0.87306	21.773	-34.502	-2.0444	-13.785	-7.5589	-0.67901	-17.799	-6.5993	-62.972	42.913	-77.905	-119.14	27.898	-58.378	-146.91	-1.6422
285.54	-0.87674	21.794	-34.523	-2.0409	-13.796	-7.558	-0.68097	-17.768	-6.6531	-62.939	42.93	-77.95	-119.12	27.858	-58.389	-146.94	-1.632
285.53	-0.88126	21.785	-34.527	-2.0305	-13.791	-7.5758	-0.68136	-17.747	-6.709	-62.912	42.943	-77.998	-119.11	27.825	-58.494	-146.77	-1.7028
285.54	-0.87766	21.792	-34.537	-2.0208	-13.794	-7.6371	-0.72162	-17.785	-6.7693	-62.874	42.958	-78.027	-119.09	27.803	-58.524	-146.77	-1.7216
285.53	-0.87906	21.79	-34.544	-1.9972	-13.797	-7.6551	-0.72307	-17.768	-6.8103	-62.849	42.988	-78.069	-119.07	27.752	-58.54	-146.75	-1.7327
285.53	-0.86637	21.772	-34.569	-1.9953	-13.813	-7.6578	-0.72743	-17.757	-6.8597	-62.824	42.992	-78.102	-119.05	27.744	-58.572	-146.73	-1.7252
285.54	-0.86431	21.776	-34.577	-1.9827	-13.84	-7.6695	-0.72219	-17.743	-6.9084	-62.799	42.993	-78.141	-119.04	27.713	-58.594	-146.73	-1.7374
285.54	-0.86339	21.778	-34.583	-1.9714	-13.838	-7.6722	-0.72655	-17.732	-6.9286	-62.76	43.018	-78.168	-119.03	27.68	-58.615	-146.71	-1.7423
285.53	-0.86656	21.773	-34.593	-1.961	-13.853	-7.6716	-0.72958	-17.706	-6.9493	-62.731	43.039	-78.192	-119.01	27.649	-58.625	-146.7	-1.7542
285.54	-0.87277	21.774	-34.597	-1.9466	-13.862	-7.6757	-0.73249	-17.707	-7.0013	-62.706	43.039	-78.213	-118.99	27.631	-58.546	-146.86	-1.7243
285.54	-0.87497	21.77	-34.617	-1.9308	-13.879	-7.6814	-0.72535	-17.691	-7.0159	-62.676	43.048	-78.238	-118.98	27.634	-58.654	-146.69	-1.7671
285.54	-0.87307	21.773	-34.611	-1.9366	-13.882	-7.6807	-0.73805	-17.7	-7.0514	-62.646	43.059	-78.244	-118.97	27.621	-58.562	-146.84	-1.7236
285.54	-0.87405	21.772	-34.625	-1.9189	-13.88	-7.6781	-0.73836	-17.683	-7.0555	-62.62	43.071	-78.25	-118.96	27.61	-58.555	-146.85	-1.7361
285.54	-0.87414	21.771	-34.633	-1.895	-13.886	-7.6811	-0.72687	-17.678	-7.0722	-62.604	43.07	-78.243	-118.96	27.572	-58.557	-146.84	-1.7641
285.55	-0.88074	21.771	-34.615	-1.8955	-13.891	-7.6887	-0.74265	-17.693	-7.067	-62.587	43.08	-78.257	-118.96	27.59	-58.545	-146.85	-1.7603
285.54	-0.88635	21.789	-34.612	-1.892	-13.889	-7.6937	-0.73394	-17.691	-7.0597	-62.58	43.074	-78.255	-118.96	27.564	-58.548	-146.85	-1.7638
285.55	-0.88183	21.77	-34.622	-1.8852	-13.89	-7.6848	-0.74095	-17.702	-7.0529	-62.559	43.073	-78.241	-118.96	27.57	-58.553	-146.84	-1.7897
