137.64	-0.32596	20.285	-42.197	-0.87763	-13.969	-16.103	2.2633	-17.43	-13.068	-58.543	41.755	-77.589	-121.62	26.857	-57.042	-147.57	-2.7918
137.64	-0.31611	20.29	-42.191	-0.87707	-13.965	-16.097	2.2673	-17.425	-13.062	-58.552	41.752	-77.582	-121.62	26.863	-57.044	-147.57	-2.7954
137.64	-0.32847	20.282	-42.19	-0.87833	-13.951	-16.1	2.2609	-17.416	-13.085	-58.555	41.738	-77.576	-121.62	26.862	-57.041	-147.57	-2.7939
137.65	-0.32642	20.287	-42.199	-0.87976	-13.97	-16.103	2.2633	-17.43	-13.074	-58.557	41.73	-77.578	-121.63	26.858	-57.044	-147.59	-2.7876
137.64	-0.32058	20.285	-42.199	-0.88207	-13.958	-16.097	2.2658	-17.411	-13.073	-58.559	41.743	-77.572	-121.62	26.863	-57.042	-147.59	-2.7867
137.64	-0.31633	20.29	-42.208	-0.88699	-13.979	-16.111	2.255	-17.425	-13.076	-58.559	41.729	-77.579	-121.63	26.859	-57.04	-147.59	-2.802
137.63	-0.32291	20.282	-42.199	-0.87976	-13.97	-16.106	2.2589	-17.419	-13.076	-58.558	41.73	-77.582	-121.63	26.856	-57.041	-147.59	-2.7983
137.64	-0.32061	20.284	-42.199	-0.88207	-13.958	-16.105	2.2589	-17.419	-13.074	-58.558	41.728	-77.582	-121.63	26.856	-57.038	-147.58	-2.8096
137.64	-0.32077	20.285	-42.196	-0.87857	-13.969	-16.112	2.2549	-17.425	-13.084	-58.55	41.729	-77.589	-121.62	26.856	-57.043	-147.59	-2.7984
137.64	-0.32812	20.283	-42.21	-0.88785	-13.967	-16.106	2.2574	-17.406	-13.081	-58.549	41.744	-77.594	-121.62	26.853	-57.036	-147.58	-2.8074
137.64	-0.31564	20.276	-42.219	-0.88927	-13.988	-16.111	2.2661	-17.403	-13.092	-58.545	41.743	-77.594	-121.62	26.853	-57.04	-147.58	-2.7986
137.64	-0.31774	20.275	-42.213	-0.88747	-13.983	-16.112	2.2661	-17.403	-13.096	-58.545	41.739	-77.599	-121.62	26.837	-57.032	-147.58	-2.792
137.64	-0.31823	20.286	-42.217	-0.87784	-13.98	-16.111	2.2661	-17.403	-13.095	-58.545	41.739	-77.594	-121.62	26.841	-57.047	-147.58	-2.7958
137.65	-0.31397	20.293	-42.22	-0.89001	-13.989	-16.118	2.2631	-17.41	-13.096	-58.545	41.739	-77.594	-121.62	26.841	-57.04	-147.57	-2.806
137.65	-0.31371	20.28	-42.221	-0.87825	-13.982	-16.114	2.267	-17.403	-13.093	-58.531	41.736	-77.594	-121.62	26.841	-57.043	-147.57	-2.794
137.64	-0.31368	20.28	-42.211	-0.8738	-13.974	-16.118	2.2631	-17.41	-13.088	-58.527	41.738	-77.591	-121.62	26.842	-57.041	-147.57	-2.7943
137.64	-0.31583	20.276	-42.223	-0.87971	-13.984	-16.118	2.2631	-17.41	-13.085	-58.537	41.734	-77.591	-121.62	26.842	-57.04	-147.57	-2.7936
137.64	-0.31713	20.288	-42.22	-0.87714	-13.983	-16.106	2.2716	-17.411	-13.086	-58.525	41.74	-77.589	-121.62	26.843	-57.039	-147.57	-2.804
137.65	-0.31139	20.283	-42.221	-0.87722	-13.982	-16.112	2.2676	-17.416	-13.091	-58.529	41.736	-77.585	-121.61	26.846	-57.042	-147.57	-2.8068
137.65	-0.31139	20.283	-42.214	-0.87308	-13.977	-16.111	2.2661	-17.403	-13.097	-58.532	41.731	-77.591	-121.62	26.842	-57.04	-147.57	-2.7926
137.64	-0.31369	20.28	-42.219	-0.87611	-13.981	-16.113	2.2671	-17.404	-13.098	-58.531	41.718	-77.585	-121.61	26.834	-57.039	-147.57	-2.804
137.65	-0.31401	20.293	-42.218	-0.87603	-13.981	-16.118	2.2631	-17.41	-13.096	-58.53	41.719	-77.591	-121.62	26.842	-57.042	-147.56	-2.7997
137.64	-0.31455	20.277	-42.223	-0.87699	-13.998	-16.114	2.2633	-17.405	-13.094	-58.528	41.736	-77.594	-121.61	26.844	-57.052	-147.56	-2.8085
137.65	-0.31136	20.283	-42.226	-0.87899	-13.987	-16.119	2.2615	-17.396	-13.096	-58.531	41.732	-77.597	-121.61	26.844	-57.047	-147.56	-2.8028
137.64	-0.31649	20.29	-42.222	-0.87825	-13.984	-16.114	2.276	-17.397	-13.103	-58.525	41.746	-77.597	-121.61	26.845	-57.046	-147.56	-2.7914
137.64	-0.32081	20.284	-42.229	-0.87187	-13.983	-16.114	2.2618	-17.392	-13.111	-58.528	41.74	-77.607	-121.61	26.836	-57.046	-147.56	-2.7902
137.64	-0.31616	20.289	-42.226	-0.87899	-13.987	-16.12	2.2705	-17.389	-13.111	-58.528	41.74	-77.598	-121.61	26.842	-57.049	-147.56	-2.7934
137.65	-0.32401	20.289	-42.227	-0.88005	-13.987	-16.118	2.2616	-17.396	-13.109	-58.526	41.728	-77.598	-121.61	26.843	-57.048	-147.56	-2.7936
137.65	-0.32335	20.275	-42.23	-0.88191	-13.992	-16.127	2.2674	-17.396	-13.108	-58.514	41.748	-77.597	-121.62	26.838	-57.039	-147.57	-2.8022
137.64	-0.31634	20.29	-42.225	-0.87793	-13.986	-16.116	2.2611	-17.379	-13.098	-58.519	41.738	-77.597	-121.61	26.842	-57.042	-147.57	-2.817
137.64	-0.31778	20.275	-42.231	-0.87015	-13.985	-16.121	2.2699	-17.377	-13.114	-58.517	41.73	-77.59	-121.62	26.842	-57.036	-147.57	-2.8035
137.65	-0.32405	20.289	-42.232	-0.87117	-13.986	-16.122	2.2587	-17.398	-13.103	-58.519	41.721	-77.588	-121.62	26.831	-57.042	-147.57	-2.8062
137.65	-0.32143	20.279	-42.229	-0.88087	-13.99	-16.117	2.2626	-17.392	-13.102	-58.523	41.734	-77.588	-121.62	26.842	-57.029	-147.58	-2.8061
137.64	-0.31369	20.28	-42.229	-0.86928	-13.984	-16.113	2.2603	-17.379	-13.115	-58.517	41.717	-77.583	-121.61	26.835	-57.028	-147.58	-2.8064
137.64	-0.31801	20.274	-42.239	-0.87427	-14.004	-16.113	2.2603	-17.379	-13.094	-58.514	41.729	-77.569	-121.62	26.839	-57.017	-147.57	-2.809
137.64	-0.31455	20.277	-42.232	-0.87049	-13.985	-16.122	2.2587	-17.398	-13.1	-58.519	41.722	-77.572	-121.62	26.836	-57.008	-147.57	-2.799
137.65	-0.31288	20.295	-42.233	-0.86991	-14	-16.121	2.2587	-17.399	-13.098	-58.517	41.711	-77.562	-121.61	26.844	-57.021	-147.57	-2.8126
137.64	-0.31477	20.277	-42.235	-0.87236	-13.988	-16.109	2.2657	-17.386	-13.093	-58.512	41.716	-77.555	-121.61	26.835	-56.997	-147.57	-2.8103
137.64	-0.31565	20.276	-42.23	-0.86905	-13.983	-16.115	2.2632	-17.405	-13.087	-58.507	41.722	-77.56	-121.61	26.832	-57.011	-147.58	-2.8122
137.65	-0.3114	20.283	-42.23	-0.86936	-13.984	-16.114	2.2618	-17.392	-13.093	-58.511	41.703	-77.559	-121.61	26.833	-57.001	-147.56	-2.8097
137.65	-0.31244	20.282	-42.225	-0.86373	-13.993	-16.106	2.2685	-17.384	-13.092	-58.51	41.704	-77.546	-121.61	26.837	-57	-147.57	-2.8151
137.65	-0.31137	20.283	-42.223	-0.86184	-13.991	-16.109	2.2672	-17.4	-13.077	-58.5	41.717	-77.55	-121.6	26.838	-56.989	-147.57	-2.8171
137.65	-0.3114	20.283	-42.223	-0.86192	-13.991	-16.114	2.2633	-17.405	-13.088	-58.493	41.714	-77.54	-121.61	26.839	-56.98	-147.57	-2.8156
137.65	-0.3103	20.285	-42.221	-0.86079	-13.989	-16.108	2.2657	-17.386	-13.086	-58.492	41.73	-77.547	-121.6	26.841	-56.98	-147.57	-2.8264
137.65	-0.31223	20.28	-42.224	-0.86269	-13.992	-16.111	2.2646	-17.39	-13.089	-58.493	41.714	-77.55	-121.6	26.838	-56.975	-147.57	-2.8117
137.64	-0.31327	20.277	-42.24	-0.85887	-13.999	-16.109	2.2672	-17.4	-13.091	-58.495	41.713	-77.543	-121.6	26.841	-56.994	-147.56	-2.8258
137.65	-0.31329	20.296	-42.228	-0.853	-13.988	-16.109	2.2672	-17.4	-13.083	-58.491	41.719	-77.547	-121.6	26.839	-56.976	-147.57	-2.8247
137.65	-0.3103	20.285	-42.219	-0.85892	-13.987	-16.114	2.2618	-17.392	-13.077	-58.487	41.724	-77.54	-121.6	26.843	-56.976	-147.57	-2.8238
137.65	-0.31049	20.286	-42.221	-0.86079	-13.989	-16.114	2.2633	-17.405	-13.077	-58.486	41.708	-77.535	-121.61	26.842	-56.987	-147.56	-2.8062
137.66	-0.31591	20.287	-42.229	-0.85411	-13.99	-16.109	2.2545	-17.408	-13.082	-58.49	41.707	-77.536	-121.61	26.839	-56.988	-147.58	-2.8137
137.65	-0.32382	20.277	-42.228	-0.86493	-13.994	-16.102	2.2575	-17.401	-13.084	-58.491	41.706	-77.537	-121.61	26.83	-56.992	-147.56	-2.8003
137.66	-0.31804	20.283	-42.227	-0.86485	-13.995	-16.105	2.2584	-17.401	-13.083	-58.49	41.706	-77.531	-121.6	26.834	-56.978	-147.57	-2.8124
137.65	-0.32291	20.279	-42.22	-0.85966	-13.988	-16.109	2.2672	-17.4	-13.076	-58.485	41.712	-77.55	-121.6	26.827	-56.994	-147.57	-2.7967
137.65	-0.32299	20.29	-42.228	-0.85308	-13.988	-16.104	2.2585	-17.402	-13.09	-58.494	41.714	-77.55	-121.6	26.838	-57	-147.57	-2.8026
137.65	-0.32318	20.29	-42.23	-0.86444	-13.996	-16.107	2.2521	-17.394	-13.095	-58.486	41.715	-77.555	-121.61	26.834	-56.997	-147.57	-2.812
137.65	-0.32402	20.277	-42.238	-0.85776	-13.997	-16.109	2.253	-17.394	-13.096	-58.488	41.714	-77.558	-121.61	26.833	-57.006	-147.58	-2.808
137.65	-0.31293	20.295	-42.23	-0.85419	-13.989	-16.114	2.2618	-17.392	-13.102	-58.489	41.71	-77.561	-121.61	26.83	-57.007	-147.58	-2.8211
137.66	-0.31804	20.283	-42.23	-0.86418	-13.996	-16.105	2.2569	-17.388	-13.105	-58.48	41.726	-77.569	-121.6	26.829	-57.017	-147.57	-2.8097
137.65	-0.32292	20.279	-42.239	-0.85784	-13.997	-16.109	2.253	-17.394	-13.108	-58.496	41.717	-77.573	-121.6	26.825	-56.995	-147.57	-2.8088
137.65	-0.32147	20.278	-42.234	-0.86873	-13.987	-16.105	2.2569	-17.388	-13.104	-58.493	41.72	-77.574	-121.61	26.826	-57.013	-147.58	-2.8125
137.65	-0.32166	20.278	-42.242	-0.87365	-14.007	-16.11	2.2529	-17.394	-13.103	-58.492	41.721	-77.578	-121.61	26.822	-57.015	-147.58	-2.8028
137.65	-0.31911	20.282	-42.24	-0.8738	-13.992	-16.11	2.2529	-17.394	-13.104	-58.505	41.713	-77.571	-121.6	26.829	-57.007	-147.58	-2.8063
137.65	-0.32147	20.278	-42.243	-0.87704	-13.995	-16.107	2.2558	-17.392	-13.093	-58.539	41.702	-77.564	-121.61	26.841	-57	-147.59	-2.792
137.66	-0.31804	20.283	-42.226	-0.88359	-13.974	-16.103	2.2745	-17.408	-13.083	-58.591	41.694	-77.55	-121.6	26.838	-56.981	-147.61	-2.7917
137.65	-0.32337	20.275	-42.211	-0.90779	-13.947	-16.092	2.2745	-17.433	-13.055	-58.645	41.681	-77.534	-121.61	26.831	-56.974	-147.63	-2.7883
137.65	-0.31374	20.28	-42.197	-0.92016	-13.916	-16.084	2.3014	-17.46	-13.015	-58.718	41.665	-77.506	-121.62	26.852	-56.896	-147.65	-2.7583
137.65	-0.31244	20.28	-42.172	-0.96996	-13.881	-16.095	2.3769	-17.503	-12.974	-58.82	41.635	-77.456	-121.65	26.866	-56.856	-147.66	-2.7195
137.65	-0.32034	20.281	-42.148	-1.0356	-13.842	-16.122	2.5786	-17.611	-12.896	-58.97	41.614	-77.357	-121.7	26.932	-56.793	-147.72	-2.6832
137.64	-0.31619	20.291	-42.15	-1.1287	-13.667	-16.211	2.8069	-17.722	-12.779	-59.211	41.605	-77.268	-121.81	26.984	-56.697	-147.73	-2.6144
137.65	-0.32278	20.291	-42.17	-1.2358	-13.283	-16.376	3.1715	-17.669	-12.661	-59.442	41.635	-77.147	-121.93	27.073	-56.484	-147.95	-2.5443
137.65	-0.3241	20.288	-42.191	-1.2737	-12.728	-16.566	3.6045	-17.497	-12.45	-59.775	41.764	-77.005	-122.08	27.186	-56.385	-148.1	-2.399
137.65	-0.32665	20.287	-42.159	-1.3129	-11.858	-16.715	4.1382	-17.037	-12.198	-60.232	41.923	-76.838	-122.26	27.352	-56.249	-148.19	-2.3301
137.65	-0.32661	20.288	-42.045	-1.3769	-10.534	-16.546	4.6644	-16.013	-11.79	-60.832	42.23	-76.61	-122.54	27.495	-56.121	-148.3	-2.3514
137.65	-0.32665	20.287	-41.945	-1.4908	-8.9025	-16.29	5.0956	-14.521	-11.3	-61.563	42.534	-76.273	-122.86	27.673	-55.9	-148.54	-2.4384
137.65	-0.32516	20.289	-41.532	-1.3493	-6.6457	-15.615	5.3554	-12.762	-10.638	-62.579	43.021	-75.832	-123.32	27.826	-55.766	-148.78	-2.6158
137.66	-0.33113	20.292	-41.199	-1.3858	-4.7342	-14.517	5.3272	-10.795	-9.8772	-63.685	43.575	-75.315	-123.82	28.045	-55.573	-148.91	-2.7469
137.65	-0.32554	20.29	-40.591	-1.6194	-2.5898	-13.001	5.268	-8.6835	-9.0127	-65.034	44.184	-74.74	-124.37	28.319	-55.265	-149.24	-2.8998
137.66	-0.33136	20.292	-40.039	-1.9301	-0.75588	-10.818	5.1429	-6.4538	-8.0867	-66.552	44.822	-74.092	-124.95	28.556	-55.005	-149.57	-3.0646
137.66	-0.33909	20.29	-39.314	-2.2851	1.2863	-7.8931	4.9331	-4.0012	-7.0824	-68.151	45.492	-73.405	-125.53	28.809	-54.637	-149.79	-3.159
137.67	-0.32814	20.298	-38.364	-2.7718	3.2907	-4.5465	4.5691	-1.5379	-5.9835	-69.877	46.113	-72.675	-126.17	29.102	-54.221	-150.22	-3.3214
137.67	-0.33606	20.296	-37.129	-3.2312	5.1156	-0.82384	3.9764	0.80301	-4.8076	-71.576	46.656	-71.877	-126.81	29.409	-53.76	-150.66	-3.5334
137.68	-0.33419	20.3	-35.679	-3.7907	6.932	3.2814	3.1942	3.119	-3.5389	-73.337	47.151	-70.983	-127.47	29.697	-53.33	-150.93	-3.6121
137.68	-0.34364	20.295	-34.041	-4.4633	8.7473	7.5356	2.0884	5.1758	-2.1314	-75.115	47.617	-69.978	-128.12	29.984	-52.634	-151.44	-3.6485
137.68	-0.34151	20.299	-32.315	-5.1163	10.327	12.066	0.79523	7.0841	-0.57177	-76.918	48.052	-68.856	-128.82	30.298	-51.699	-152.18	-3.759
137.68	-0.34061	20.301	-30.444	-5.8398	11.792	16.693	-0.72037	8.827	1.1455	-78.705	48.411	-67.624	-129.51	30.662	-50.957	-152.57	-3.6807
137.68	-0.3419	20.299	-28.437	-6.5902	13.075	21.414	-2.5318	10.28	3.0176	-80.416	48.788	-66.363	-130.11	31.017	-49.866	-153.21	-3.1332
137.68	-0.33975	20.302	-26.172	-7.4567	14.251	26.658	-4.1864	12.152	5.3795	-81.791	49.675	-64.939	-130.63	31.476	-48.45	-154	-2.7076
137.68	-0.34403	20.298	-23.755	-8.3274	15.134	31.384	-6.3011	13.331	7.6161	-83.491	50.056	-63.263	-131.22	31.925	-47.007	-154.75	-2.4947
137.67	-0.34579	20.293	-21.041	-9.3164	16.015	36.247	-8.4685	14.608	9.995	-85.241	50.44	-61.295	-131.98	32.382	-45.317	-155.5	-2.2246
137.68	-0.34636	20.295	-18.084	-10.424	16.936	41.131	-10.723	15.951	12.56	-87.048	50.796	-59.096	-132.8	32.833	-43.694	-156.11	-2.0089
137.66	-0.34184	20.29	-14.881	-11.517	17.771	46.033	-13.028	17.211	15.285	-88.855	51.123	-56.751	-133.56	33.247	-41.921	-156.81	-1.6421
137.66	-0.34289	20.289	-11.518	-12.64	18.643	50.867	-15.359	18.406	18.147	-90.654	51.361	-54.395	-134.29	33.798	-39.954	-157.48	-1.2664
137.66	-0.3462	20.296	-7.9145	-13.78	19.628	55.71	-17.829	19.465	21.121	-92.523	51.716	-52.003	-134.97	34.369	-37.71	-158.42	-0.97673
137.66	-0.34175	20.303	-4.2258	-14.915	20.514	60.501	-20.281	20.325	24.189	-94.353	51.864	-49.485	-135.69	34.883	-35.599	-159.04	-0.61847
137.66	-0.34194	20.303	-0.43546	-16.008	21.358	65.332	-22.785	21.109	27.37	-96.186	52.138	-46.869	-136.37	35.467	-33.642	-159.48	-0.33411
137.67	-0.33959	20.305	3.4537	-17.13	22.173	70.122	-25.3	21.639	30.572	-97.914	52.212	-44.133	-137	36.03	-31.493	-160.02	0.15885
137.67	-0.33587	20.296	7.4833	-18.307	22.963	74.477	-27.942	21.715	33.909	-99.609	52.38	-41.345	-137.59	36.626	-28.859	-160.8	0.63668
137.67	-0.34574	20.292	11.508	-19.343	23.486	79.629	-30.184	22.382	37.181	-101.18	52.48	-38.5	-138.13	37.163	-26.747	-161.11	1.0523
137.68	-0.33397	20.3	15.595	-20.449	23.959	84.269	-32.491	22.587	40.582	-102.72	52.467	-35.606	-138.66	37.79	-24.05	-161.79	1.4685
137.67	-0.3438	20.295	19.684	-21.427	24.263	88.874	-34.702	22.658	43.956	-104.11	52.47	-32.633	-139.11	38.357	-21.516	-161.95	1.9175
137.68	-0.33154	20.29	23.721	-22.381	24.342	93.459	-36.817	22.636	47.357	-105.35	52.438	-29.603	-139.48	38.882	-18.999	-162.28	2.5144
137.68	-0.33397	20.3	27.741	-23.285	24.324	97.992	-38.798	22.445	50.789	-106.46	52.374	-26.542	-139.77	39.392	-16.126	-162.89	2.9773
137.68	-0.34167	20.299	31.671	-24.155	24.24	102.02	-40.86	21.73	54.23	-107.41	52.247	-23.47	-139.96	39.886	-13.463	-162.85	3.5516
137.67	-0.33233	20.288	35.432	-24.809	23.899	106.58	-42.556	21.381	57.626	-108.22	52.042	-20.389	-140.13	40.341	-10.6	-163.51	4.077
137.67	-0.3359	20.296	39.079	-25.389	23.517	110.99	-44.092	20.86	61.007	-108.83	51.868	-17.285	-140.21	40.754	-7.7252	-163.37	4.6359
137.67	-0.3357	20.296	42.513	-25.774	22.989	115.29	-45.52	20.334	64.358	-109.27	51.697	-14.153	-140.25	41.081	-4.8801	-163.69	5.0178
137.67	-0.33699	20.294	45.838	-26.093	22.381	119.61	-46.665	19.819	67.617	-109.51	51.481	-11.016	-140.23	41.366	-1.9089	-163.95	5.545
137.66	-0.33995	20.291	48.949	-26.279	21.675	124.22	-47.425	19.784	70.845	-109.57	51.249	-7.9028	-140.16	41.625	0.98225	-164.08	5.899
137.67	-0.3509	20.301	51.977	-26.331	20.845	128.24	-48.134	19.331	73.959	-109.47	51.049	-4.8445	-140.05	41.867	3.8839	-164.1	6.344
137.66	-0.34386	20.299	54.843	-26.275	19.946	131.67	-48.801	18.404	77.06	-109.24	50.843	-1.8222	-139.85	42.1	7.0083	-164.46	6.7592
137.66	-0.34426	20.3	57.575	-26.17	19.076	135.75	-48.984	18.261	80.049	-108.84	50.67	1.1116	-139.63	42.337	9.7676	-164.36	7.1782
137.66	-0.34403	20.3	60.206	-25.971	18.204	139.19	-49.044	17.672	82.988	-108.32	50.441	4.0132	-139.31	42.548	12.52	-164.22	7.5456
137.66	-0.34357	20.286	62.676	-25.672	17.328	142.08	-49.061	16.687	85.828	-107.73	50.196	6.8191	-138.96	42.761	15.189	-163.93	7.8218
137.67	-0.34846	20.291	65.029	-25.29	16.522	145.45	-48.506	16.433	88.666	-107.04	50.068	9.5491	-138.54	42.907	17.885	-163.71	8.1771
137.67	-0.34831	20.29	67.263	-24.83	15.824	148.23	-47.896	15.8	91.353	-106.21	49.83	12.735	-137.78	43.444	21.086	-163.35	8.8757
137.67	-0.34573	20.292	69.351	-24.329	15.181	150.76	-47.068	15.166	94.02	-105.34	49.653	14.885	-137.6	43.232	23.271	-163.36	8.7738
137.67	-0.34573	20.292	71.304	-23.74	14.552	137.68	-0.34189	20.299	96.536	-104.38	49.472	17.932	-136.74	43.7	26.085	-162.43	9.3773
137.67	-0.34573	20.292	73.189	-23.105	13.979	137.68	-0.3397	20.303	99.032	-103.31	49.295	19.942	-136.47	43.501	28.098	-162.35	9.2433
156.84	-43.379	12.998	74.965	-22.411	13.276	137.69	-0.33885	20.305	101.43	-102.21	49.091	22.862	-135.53	43.909	30.956	-161.63	9.8581
158.42	-41.831	12.159	76.67	-21.686	12.7	137.68	-0.34059	20.301	103.75	-101.05	48.929	25.187	-134.87	44.057	33.436	-161.09	10.061
159.78	-40.142	11.323	78.292	-20.874	12.09	137.69	-0.33691	20.292	105.99	-99.821	48.783	27.411	-134.13	44.065	35.31	-160.21	10.048
160.91	-38.337	10.363	79.82	-20.089	11.522	137.69	-0.34483	20.291	108.12	-98.501	48.595	29.56	-133.33	44.105	37.596	-159.73	10.351
160.91	-38.337	10.363	81.278	-19.188	10.836	137.68	-0.33153	20.29	110.19	-97.179	48.407	31.615	-132.49	44.162	39.52	-158.71	10.381
160.91	-38.337	10.363	82.712	-18.309	10.144	137.68	-0.33691	20.29	112.15	-95.817	48.198	33.549	-131.6	44.095	41.687	-158.24	10.621
160.91	-38.337	10.363	84.082	-17.399	9.5033	137.67	-0.33608	20.296	114.05	-94.473	48.05	34.961	-130.97	43.763	43.075	-157.76	10.221
160.91	-38.337	10.363	85.438	-16.415	8.7496	137.67	-0.33818	20.294	115.89	-93.099	47.891	36.762	-130.01	43.725	44.839	-156.76	10.346
160.91	-38.337	10.363	86.771	-15.483	8.0498	137.66	-0.34356	20.286	117.68	-91.689	47.608	38.516	-129.05	43.651	46.647	-155.9	10.417
160.91	-38.337	10.363	88.15	-14.506	7.3186	137.65	-0.34057	20.294	119.39	-90.315	47.413	40.215	-128.04	43.624	48.464	-155.14	10.387
160.91	-38.337	10.363	89.508	-13.571	6.666	137.66	-0.34596	20.297	121.07	-88.965	47.233	41.87	-127.03	43.523	50.054	-154.12	10.451
160.91	-38.337	10.363	90.85	-12.607	6.0575	137.64	-0.34144	20.292	122.67	-87.662	47.013	43.455	-126.04	43.46	51.853	-153.26	10.458
160.91	-38.337	10.363	92.164	-11.593	5.38	137.65	-0.34125	20.292	124.24	-86.381	46.835	45.027	-125.04	43.388	53.351	-152.27	10.471
160.91	-38.337	10.363	93.452	-10.61	4.8783	137.65	-0.34214	20.306	125.72	-85.153	46.662	46.551	-124.05	43.362	54.902	-151.31	10.393
160.91	-38.337	10.363	94.745	-9.6254	4.5687	137.65	-0.34147	20.291	127.19	-83.966	46.539	48.022	-123.08	43.255	56.488	-150.45	10.428
160.91	-38.337	10.363	95.99	-8.6306	4.2299	137.65	-0.33894	20.294	128.57	-82.824	46.511	49.434	-122.11	43.266	57.819	-149.35	10.397
160.91	-38.337	10.363	97.183	-7.7069	4.1141	137.65	-0.34034	20.294	129.9	-81.725	46.407	50.797	-121.18	43.17	59.24	-148.42	10.332
160.91	-38.337	10.363	98.427	-6.6862	3.8301	137.66	-0.34615	20.297	131.19	-80.637	46.457	52.118	-120.26	43.142	60.624	-147.55	10.367
160.91	-38.337	10.363	99.603	-5.7384	3.6225	137.67	-0.33691	20.295	132.42	-79.528	46.52	53.394	-119.36	43.165	62.036	-146.72	10.368
160.91	-38.337	10.363	100.75	-4.8008	3.5274	137.67	-0.33714	20.295	133.58	-78.486	46.614	54.603	-118.5	43.081	63.241	-145.78	10.26
160.91	-38.337	10.363	101.84	-3.9128	3.2669	137.67	-0.33588	20.296	134.69	-77.418	46.749	55.786	-117.62	43.053	64.438	-144.73	10.252
160.91	-38.337	10.363	102.88	-2.9875	2.9667	137.68	-0.34012	20.286	135.77	-76.347	46.814	56.921	-116.76	42.98	65.603	-143.88	10.265
160.91	-38.337	10.363	103.91	-2.2056	2.9483	137.68	-0.34077	20.301	136.78	-75.301	46.907	58.014	-115.91	42.92	66.832	-143.19	10.277
160.91	-38.337	10.363	104.91	-1.3008	2.4358	137.68	-0.33815	20.291	137.74	-74.245	47.028	59.07	-115.09	42.862	68.07	-142.5	10.252
160.91	-38.337	10.363	105.88	-0.56501	2.359	137.69	-0.33709	20.292	138.67	-73.22	47.076	60.092	-114.28	42.746	69.143	-141.71	10.157
175.7	-5.6018	-1.0414	106.88	0.26745	1.9299	137.68	-0.3399	20.302	139.6	-72.166	47.137	61.06	-113.5	42.614	70.19	-140.91	9.9709
175.63	-4.2673	-1.1176	107.84	0.99898	1.523	137.68	-0.32936	20.294	140.49	-71.157	47.1	62.001	-112.71	42.458	71.144	-139.98	9.872
174.64	-3.1396	-2.2434	108.8	1.7025	1.1083	137.68	-0.34183	20.298	141.35	-70.152	47.089	62.885	-111.96	42.265	72.131	-139.27	9.7856
173.65	-1.8741	-3.1357	109.8	2.3511	0.52926	137.67	-0.33235	20.288	142.21	-69.103	47.018	63.724	-111.22	42.037	73.232	-138.77	9.7452
172.27	-0.59242	-4.2188	110.87	2.957	0.074117	137.67	-0.33817	20.294	143.02	-68.139	46.873	64.564	-110.54	41.844	74.211	-138.26	9.5695
171.04	0.90417	-4.8633	111.98	3.5798	-0.7311	137.66	-0.34116	20.288	143.89	-67.12	46.743	65.4	-109.9	41.587	75.072	-137.59	9.3546
169.09	2.2043	-6.0556	113.04	4.023	-1.4517	137.66	-0.34404	20.299	144.67	-66.109	46.528	66.218	-109.32	41.321	75.94	-136.98	9.1286
166.24	3.1051	-7.8432	114.19	4.499	-2.2174	137.66	-0.33353	20.302	145.46	-65.15	46.338	67.03	-108.79	41.076	76.761	-136.29	8.8989
164.54	4.6027	-8.2768	115.38	4.9783	-2.6942	137.65	-0.33822	20.298	146.01	-64.459	45.712	67.849	-108.31	40.812	77.772	-136.1	8.6641
162.22	5.6773	-9.2118	116.42	5.2977	-3.6128	137.52	-0.37777	20.284	146.7	-63.527	45.446	68.662	-107.87	40.555	78.606	-135.53	8.4231
159.85	6.5901	-10.146	117.51	5.6176	-4.1008	137.53	-0.38392	20.286	147.46	-62.648	45.264	69.507	-107.5	40.3	79.375	-135.02	8.1702
158.19	7.5078	-10.736	118.56	5.9723	-4.7617	137.3	-0.28745	20.308	148.17	-61.857	45.022	70.362	-107.17	40.079	80.417	-134.93	7.9326
157.31	8.1443	-11.146	118.96	6.3265	-5.1909	136.2	0.052212	20.271	148.89	-61.2	44.903	71.207	-106.85	39.858	81.13	-134.37	7.6468
157.27	8.6135	-11.159	118.75	6.8782	-5.2667	135.76	0.9142	20.379	149.61	-60.661	44.869	72.087	-106.61	39.72	82.215	-134.42	7.5469
156.77	8.6705	-12.145	118.91	7.3794	-5.1852	136.07	1.7976	20.371	150.28	-60.16	44.813	72.974	-106.42	39.592	83.249	-134.23	7.378
157.2	9.0561	-12.214	119.48	7.8709	-5.0853	137.15	2.3787	20.395	151.08	-59.614	44.838	73.933	-106.34	39.518	84.1	-133.91	7.2493
158.55	9.8105	-11.513	120.03	8.1687	-4.8622	138.33	2.6148	20.455	151.99	-59.147	44.84	74.934	-106.28	39.454	85.091	-133.61	7.122
159.28	10.134	-11.385	120.85	8.5314	-4.6512	139.41	2.782	20.47	152.94	-58.825	44.962	75.987	-106.18	39.438	86.314	-133.77	7.2595
159.29	9.9838	-11.96	121.74	8.7916	-4.397	140.42	2.9163	20.458	153.92	-58.584	45.121	77.055	-106.05	39.406	87.44	-133.7	7.1879
161.04	10.747	-10.846	122.75	8.9741	-4.3719	141.49	3.0771	20.548	155.01	-58.28	45.378	78.19	-105.96	39.408	88.688	-133.57	7.1923
162.09	10.964	-10.506	123.86	9.1263	-4.136	142.59	3.154	20.747	156.13	-58.14	45.6	79.43	-105.91	39.446	89.895	-133.5	7.1429
163.3	11.129	-10.186	125.09	9.2954	-3.7641	143.77	3.2349	20.993	157.38	-57.994	45.918	80.753	-105.91	39.504	91.235	-133.45	7.2674
164.69	11.282	-9.6512	126.4	9.3372	-3.4709	145.05	3.3014	21.405	158.71	-57.941	46.2	82.151	-105.9	39.562	92.476	-133.31	7.3256
165.43	10.968	-9.9401	127.9	9.4155	-2.9363	146.47	3.3676	21.866	160.19	-58.004	46.603	83.63	-105.9	39.702	93.959	-133.15	7.3621
167.86	11.441	-8.4051	129.5	9.4725	-2.5139	148.04	3.3109	22.453	161.73	-58.076	47.038	85.173	-105.92	39.856	95.713	-133.45	7.4913
168.89	11.037	-8.4937	131.31	9.4426	-1.692	149.76	3.2092	23.076	163.4	-58.315	47.498	86.804	-106.01	40.041	97.166	-133.27	7.7164
170.84	11.017	-7.6575	133.25	9.4769	-1.059	151.63	3.0541	23.845	165.21	-58.564	48.039	88.55	-106.14	40.254	98.976	-133.55	7.8451
172.85	10.931	-6.8621	135.27	9.384	-0.28276	153.62	2.8515	24.583	167.08	-58.889	48.539	90.4	-106.31	40.544	100.55	-133.29	8.0464
175.03	10.811	-5.9628	137.42	9.2797	0.56058	155.78	2.6365	25.45	169.11	-59.207	49.167	92.343	-106.45	40.863	102.51	-133.63	8.2889
178.05	11.042	-4.2641	139.7	9.1232	1.4119	158.09	2.3821	26.34	171.21	-59.637	49.741	94.346	-106.64	41.182	104.5	-133.82	8.5283
179.86	10.458	-4.0888	142.22	9.0248	2.2739	160.49	2.049	27.164	173.4	-60.059	50.427	96.424	-106.83	41.578	106.55	-133.93	8.8369
183.15	10.533	-2.4603	144.82	8.7941	3.2447	163.06	1.735	28.064	175.71	-60.524	51.062	98.56	-106.98	41.994	108.51	-134.12	9.1782
185.88	10.268	-1.4891	147.49	8.5448	3.9509	165.78	1.3898	28.935	178.08	-60.982	51.778	100.76	-107.13	42.422	110.75	-134.21	9.6754
188.8	9.9094	-0.55878	150.39	8.3161	4.8207	168.56	0.98884	29.746	180.49	-61.451	52.55	103.04	-107.28	42.885	112.93	-134.37	10.082
191.05	9.0622	-0.47016	153.33	8.0075	5.582	171.43	0.58915	30.574	182.98	-61.962	53.259	105.38	-107.41	43.305	115.03	-134.28	10.469
194.88	9.0314	1.2177	156.43	7.6848	6.3718	174.4	0.18858	31.394	185.58	-62.424	54.098	107.76	-107.5	43.751	117.34	-134.4	10.974
197.39	8.1859	1.299	159.64	7.3622	7.1931	177.44	-0.25124	32.172	188.18	-62.922	54.836	110.21	-107.58	44.214	119.65	-134.4	11.47
201.37	8.0869	2.9684	162.91	7.0938	7.7627	180.57	-0.67387	32.975	190.88	-63.391	55.682	112.71	-107.63	44.643	122.42	-134.9	11.948
204.84	7.6282	3.8937	166.24	6.6565	8.5256	183.73	-1.1104	33.695	193.6	-63.85	56.477	115.29	-107.67	45.088	124.74	-134.83	12.445
207.57	6.685	3.8514	169.69	6.3096	9.1438	187	-1.5179	34.505	196.39	-64.348	57.174	117.88	-107.7	45.533	127.37	-134.91	12.972
211.02	6.1404	4.5992	173.14	5.9288	9.8003	190.3	-1.973	35.126	199.28	-64.87	57.924	120.55	-107.73	46.019	129.86	-134.94	13.377
214.62	5.6776	5.4714	176.65	5.6105	10.325	193.69	-2.4037	35.868	202.21	-65.37	58.592	123.26	-107.73	46.443	132.57	-134.93	13.959
218.06	5.1403	6.1302	180.17	5.2188	11.066	197.07	-2.9043	36.471	205.22	-65.883	59.18	126.03	-107.72	46.863	135.33	-135.29	14.39
221.67	4.634	6.8206	183.72	4.8935	11.57	200.56	-3.3516	37.167	208.27	-66.419	59.758	128.82	-107.74	47.314	137.73	-134.89	14.725
225.17	4.1686	7.4474	187.31	4.5478	12.3	204.08	-3.8209	37.747	211.35	-66.935	60.248	131.64	-107.75	47.795	140.41	-135.14	15.236
228.75	3.7059	8.0172	190.75	4.1658	12.945	207.63	-4.3038	38.368	214.42	-67.453	60.694	134.47	-107.73	48.169	143	-135.01	15.534
232.28	3.3066	8.6412	194.33	3.9778	13.56	211.21	-4.7517	38.954	217.49	-67.981	61.079	137.31	-107.74	48.559	145.61	-135.02	15.88
235.63	2.8635	9.0567	197.71	3.6563	14.103	214.72	-5.1499	39.472	220.51	-68.379	61.474	140.12	-107.72	48.958	148.45	-135.27	16.303
239.07	2.5224	9.4978	201.21	3.4091	14.527	218.17	-5.5311	39.902	223.52	-68.765	61.796	142.9	-107.67	49.283	150.88	-134.91	16.587
242.39	2.1781	9.7772	204.51	3.2228	14.871	221.52	-5.825	40.245	226.47	-69.029	62.164	145.63	-107.58	49.603	153.44	-134.86	16.86
245.68	1.881	10.099	207.77	2.9575	15.221	224.77	-6.0733	40.508	229.29	-69.267	62.446	148.32	-107.43	49.877	155.98	-134.82	17.247
248.82	1.6025	10.232	210.96	2.8143	15.241	227.86	-6.2608	40.641	232.04	-69.366	62.759	150.92	-107.24	50.097	158.42	-134.7	17.425
251.92	1.3827	10.335	214.06	2.644	15.299	230.89	-6.3448	40.782	234.71	-69.361	63.003	153.49	-107.01	50.279	160.9	-134.49	17.718
255.69	1.6494	11.246	217.09	2.5616	15.332	233.79	-6.4048	40.816	237.3	-69.349	63.233	155.98	-106.72	50.408	163.36	-134.37	17.951
257.9	1.0565	10.404	220.01	2.4615	15.244	236.61	-6.4034	40.763	239.78	-69.211	63.447	158.4	-106.39	50.497	165.81	-134.21	18.184
260.78	0.95049	10.339	222.9	2.5396	15.068	239.34	-6.3425	40.69	242.22	-69.061	63.597	160.77	-106.02	50.562	168.1	-133.98	18.39
263.53	0.92084	10.167	225.59	2.4675	14.568	241.98	-6.231	40.464	244.56	-68.871	63.646	163.07	-105.61	50.563	170.37	-133.84	18.452
266.95	1.3831	10.886	228.24	2.3843	14.344	244.56	-6.1175	40.235	246.92	-68.63	63.695	165.32	-105.19	50.584	172.71	-133.55	18.659
269.51	1.3837	10.6	230.83	2.5095	13.861	247.01	-5.9855	39.957	249.26	-68.371	63.691	167.55	-104.77	50.573	174.94	-133.64	18.82
271.32	1.0519	9.5002	233.22	2.6335	13.648	249.43	-5.8389	39.668	251.48	-68.142	63.528	169.71	-104.35	50.528	176.78	-132.98	18.712
273.6	1.1229	9.0962	235.6	2.7744	13.28	251.78	-5.6646	39.308	253.74	-67.885	63.355	171.85	-103.93	50.471	178.87	-132.68	18.8
276.62	1.6994	9.5943	237.84	2.9074	13.014	254.1	-5.5073	38.982	255.91	-67.653	63.116	173.91	-103.55	50.415	180.82	-132.31	18.854
278.07	1.3569	8.3424	240.01	3.0597	12.733	256.38	-5.3279	38.7	258.03	-67.426	62.855	175.9	-103.17	50.285	182.7	-132.02	18.775
280.21	1.5191	7.987	242.1	3.2214	12.435	258.56	-5.1711	38.372	260.07	-67.203	62.57	177.84	-102.79	50.132	184.48	-131.62	18.633
282.99	2.1156	8.501	244.13	3.3969	12.173	260.65	-5.0084	38.024	262.04	-66.981	62.277	179.69	-102.43	49.975	186.11	-131.34	18.516
284.35	1.8169	7.3181	246.09	3.4428	11.982	262.67	-4.8501	37.654	263.9	-66.793	61.955	181.48	-102.06	49.732	187.8	-131.04	18.223
286.33	1.9193	6.9379	248.09	3.5823	11.447	264.65	-4.6719	37.295	265.7	-66.62	61.607	183.2	-101.65	49.437	189.43	-130.71	18.046
288.22	1.9405	6.5001	250	3.7663	10.904	266.56	-4.5143	36.924	267.36	-66.437	61.239	184.82	-101.27	49.185	190.92	-130.34	17.746
290.77	2.3833	6.8201	251.78	3.8667	10.429	268.36	-4.3607	36.421	268.99	-66.26	60.919	186.35	-100.85	48.857	192.43	-130.12	17.46
292.61	2.378	6.3128	253.53	3.7328	9.8297	270.09	-4.2639	35.851	270.53	-66.044	60.571	187.81	-100.43	48.466	193.77	-129.75	17.174
293.62	1.9099	4.8639	254.84	3.3829	8.1789	271.78	-4.1448	35.303	271.97	-65.859	60.13	189.16	-100.01	48.11	195.13	-129.41	16.949
295.97	2.3321	5.1449	256.48	3.5157	7.4684	273.35	-3.9999	34.69	273.36	-65.645	59.716	190.48	-99.577	47.706	196.32	-129.11	16.656
296.81	1.8826	3.5735	258	3.5411	6.739	274.8	-3.8529	33.999	274.68	-65.443	59.256	191.7	-99.143	47.289	197.5	-128.89	16.253
298.26	1.9592	2.9287	259.41	3.6033	6.1091	276.17	-3.7029	33.308	275.92	-65.182	58.699	192.84	-98.756	46.845	198.55	-128.58	15.961
299.51	2.0183	2.0918	260.68	3.7131	5.2781	277.36	-3.5518	32.484	277.07	-64.921	58.142	193.94	-98.351	46.399	199.91	-128.71	15.663
300.61	2.0895	1.1637	261.82	3.8677	4.3955	278.53	-3.2861	31.714	278.17	-64.608	57.495	194.96	-98.002	45.924	200.59	-128	15.279
302.3	2.692	1.0996	262.8	4.033	3.5348	279.54	-3.0183	30.765	279.18	-64.264	56.774	195.92	-97.635	45.465	201.75	-128.15	14.893
302.44	2.401	-0.78618	263.68	4.2979	2.2677	280.45	-2.7347	29.795	280.12	-63.918	56.011	196.81	-97.292	44.948	202.5	-127.99	14.42
303.19	2.6286	-1.8967	264.39	4.4128	1.4301	281.26	-2.4063	28.799	281.01	-63.471	55.203	197.64	-96.952	44.432	202.99	-127.32	13.929
303.84	2.8733	-3.0469	265	4.6151	0.26209	281.93	-2.063	27.683	281.8	-63.057	54.348	198.4	-96.643	43.894	203.76	-127	13.522
304.31	3.1496	-4.2949	265.49	4.8764	-0.90817	282.49	-1.721	26.473	282.56	-62.565	53.488	199.08	-96.316	43.302	204.57	-127.27	13.13
304.7	3.4287	-5.6035	265.87	5.0305	-1.9213	282.97	-1.3322	25.277	283.2	-62.099	52.473	199.71	-95.998	42.729	204.8	-126.64	12.578
305	3.7221	-6.9787	266.14	5.2111	-3.1724	283.36	-0.9398	24.038	283.78	-61.609	51.491	200.27	-95.721	42.152	205.36	-126.36	12.078
305.22	4.0696	-8.2822	266.33	5.4653	-4.4669	283.63	-0.54714	22.708	284.28	-61.094	50.465	200.73	-95.433	41.459	205.74	-126.23	11.489
305.32	4.3615	-9.7949	266.39	5.63	-5.8098	284	-0.28636	21.755	284.71	-60.588	49.352	201.13	-95.13	40.784	206.33	-126.5	10.969
305.69	4.6499	-10.992	266.41	6.0092	-6.3132	284.74	0.13146	21.652	285.12	-60.173	48.29	201.46	-94.832	40.07	206.33	-125.86	10.311
306.72	5.5205	-10.766	266.41	6.4059	-6.458	284.81	0.73894	21.703	285.52	-60.056	47.263	201.7	-94.547	39.351	206.51	-125.71	9.7432
305.97	5.2259	-12.604	266.4	6.8334	-6.9858	284.94	1.1188	21.771	285.9	-60.05	46.343	201.88	-94.318	38.706	206.7	-125.56	9.0397
306.14	5.2954	-13.167	266.44	7.0631	-7.0321	285.15	1.0373	21.745	286.18	-60.223	45.636	201.99	-94.257	38.1	206.8	-125.38	8.3771
307.14	5.7363	-12.592	266.45	7.3209	-7.2319	285.05	1.038	21.765	286.33	-60.335	45.159	202.12	-94.335	37.597	206.83	-125.29	7.7654
306.44	5.0526	-14.07	266.49	7.3703	-7.5352	285.09	1.1538	21.728	286.4	-60.409	44.754	202.23	-94.365	37.168	206.87	-125.22	7.2844
306.6	4.896	-14.238	266.52	7.4585	-7.6797	285.27	1.1151	21.698	286.34	-60.435	44.635	202.22	-94.257	36.87	206.64	-125.24	6.9332
306.67	4.715	-14.362	266.55	7.4427	-7.7798	285.37	1.1222	21.691	286.19	-60.431	44.68	202.05	-94.048	36.688	206.54	-125.18	6.9145
306.71	4.6386	-14.339	266.54	7.3343	-7.8295	285.38	1.1224	21.672	286.02	-60.417	44.847	201.77	-93.864	36.59	206.44	-125.16	6.9579
306.73	4.5675	-14.257	266.48	7.2922	-7.8979	285.38	1.132	21.679	285.83	-60.377	44.982	201.54	-93.777	36.624	206.33	-125.15	7.0853
306.75	4.5157	-14.211	266.46	7.2438	-7.9668	285.38	1.1293	21.686	285.67	-60.327	45.091	201.37	-93.752	36.663	206.23	-125.14	7.2042
306.77	4.4344	-14.194	266.41	7.1952	-7.8454	285.37	1.1263	21.681	285.55	-60.292	45.214	201.27	-93.765	36.719	206.14	-125.13	7.2952
306.82	4.3773	-14.147	266.37	7.1604	-7.9152	285.37	1.1231	21.678	285.46	-60.279	45.327	201.18	-93.748	36.76	205.97	-125.11	7.4428
306.84	4.2971	-14.149	266.36	7.122	-8.1378	285.36	1.1178	21.683	285.37	-60.289	45.412	201.04	-93.685	36.798	205.81	-125.11	7.4803
306.85	4.2165	-14.192	266.32	7.1092	-8.0017	285.36	1.1147	21.681	285.28	-60.316	45.446	200.87	-93.589	36.862	205.58	-125.1	7.5215
306.89	4.1362	-14.223	266.28	7.0787	-8.0845	285.36	1.1008	21.682	285.19	-60.313	45.463	200.68	-93.482	36.881	205.43	-125.07	7.6599
306.92	4.0362	-14.302	266.24	7.0858	-8.2668	285.35	1.109	21.685	285.08	-60.309	45.487	200.51	-93.378	36.888	205.29	-125.04	7.7577
306.95	3.9533	-14.367	266.2	7.0714	-8.3831	285.35	1.0951	21.686	284.93	-60.307	45.476	200.33	-93.282	36.878	205.06	-124.98	7.8057
307.87	4.3921	-13.285	266.14	7.0556	-8.5112	285.35	1.0842	21.696	284.76	-60.294	45.454	200.18	-93.189	36.862	204.89	-124.93	7.8466
307.06	3.6911	-14.534	266.09	7.0314	-8.6702	285.35	1.0932	21.686	284.55	-60.284	45.431	200.01	-93.063	36.86	204.67	-124.95	7.8117
307.18	3.521	-14.627	266.04	7.0691	-8.8998	285.35	1.0811	21.693	284.4	-60.221	45.462	199.82	-92.937	36.824	204.53	-124.92	7.9345
308.15	3.7875	-13.89	265.98	7.1488	-9.1653	285.35	1.078	21.688	284.19	-60.066	45.505	199.62	-92.819	36.796	204.41	-124.88	8.0183
307.5	3.0344	-15.455	265.93	7.1066	-9.6196	285.35	1.0824	21.695	284	-59.831	45.372	199.42	-92.714	36.734	204.3	-124.86	8.111
307.6	3.0097	-15.669	265.9	6.8132	-10.337	285.36	1.0728	21.692	283.85	-59.664	45.238	199.26	-92.57	36.663	204.2	-124.79	8.1746
307.76	2.97	-15.857	265.69	6.5033	-11.534	285.36	1.0786	21.698	283.64	-59.44	45.126	199.11	-92.401	36.597	203.94	-124.8	8.2201
308.05	2.7666	-16.224	265.38	6.1328	-12.599	285.54	1.1465	21.726	283.42	-59.204	44.93	198.97	-92.197	36.456	203.78	-124.74	8.2102
309.09	2.9394	-15.915	265.36	6.1472	-12.771	285.62	1.1143	21.739	283.25	-58.909	44.647	198.82	-91.941	36.249	203.68	-124.72	8.2702
309.4	2.7291	-16.38	265.32	6.2019	-12.843	285.66	1.1058	21.744	283.2	-58.761	44.351	198.66	-91.708	36.069	203.82	-125.04	8.3288
309.51	2.8693	-16.218	265.29	6.2194	-12.87	285.62	1.1433	21.732	283.14	-58.804	44.168	198.47	-91.564	35.878	203.47	-124.52	8.0899
310.98	3.7931	-14.437	265.27	6.1761	-12.882	285.54	1.2037	21.739	283.01	-58.96	44.094	198.32	-91.476	35.735	203.28	-124.51	7.9591
310.7	2.7883	-15.468	265.27	6.1197	-12.859	285.53	1.2069	21.732	282.88	-59.09	44.054	198.24	-91.442	35.607	203.11	-124.56	7.725
311.47	2.4574	-15.298	265.22	6.074	-12.832	285.58	1.2081	21.74	282.73	-59.182	44.005	198.21	-91.409	35.523	202.97	-124.5	7.659
312.3	2.0636	-15.188	265.14	6.0267	-12.635	285.6	1.2003	21.747	282.6	-59.233	44.011	198.14	-91.359	35.469	203.1	-124.89	7.7822
313.06	1.7597	-14.869	265	5.9957	-12.616	285.53	1.2086	21.735	282.49	-59.267	44.028	197.99	-91.274	35.478	202.72	-124.43	7.7291
313.99	1.35	-14.612	264.83	5.9638	-12.764	285.4	1.1929	21.772	282.35	-59.302	44.106	197.76	-91.177	35.5	202.56	-124.35	7.8232
313.99	1.35	-14.612	264.62	5.8792	-12.638	285.21	1.1973	21.847	282.22	-59.336	44.158	197.55	-91.12	35.538	202.32	-124.38	7.8379
315.81	0.63637	-13.763	264.25	5.8863	-12.626	285.02	1.1772	21.899	282.06	-59.397	44.197	197.39	-91.121	35.626	202.12	-124.37	7.9184
316.72	0.21652	-13.283	263.8	5.7807	-12.476	284.88	1.1764	21.882	281.85	-59.505	44.275	197.26	-91.154	35.718	202.17	-124.83	8.2224
317.7	-0.24988	-12.742	263.38	5.731	-12.292	284.81	1.1757	21.88	281.59	-59.617	44.31	197.1	-91.216	35.834	201.98	-124.81	8.3187
318.77	-0.81326	-12.065	262.9	5.7273	-12.123	284.86	1.1716	21.881	281.35	-59.758	44.378	196.85	-91.26	35.937	201.42	-124.46	8.2281
319.84	-1.4297	-11.34	262.41	5.6925	-11.68	284.98	1.1705	21.896	281.1	-59.947	44.51	196.53	-91.28	36.031	201.05	-124.51	8.289
320.78	-2.1041	-10.651	261.89	5.6892	-11.245	285.14	1.1768	21.884	280.75	-60.189	44.603	196.17	-91.354	36.2	200.73	-124.49	8.4464
321.79	-2.7811	-9.767	261.29	5.6744	-10.818	285.36	1.189	21.792	280.33	-60.489	44.737	195.74	-91.465	36.325	200.27	-124.69	8.5195
322.78	-3.568	-8.8635	260.68	5.7113	-10.43	285.61	1.1954	21.74	279.89	-60.803	44.923	195.32	-91.595	36.497	199.83	-124.69	8.664
323.7	-4.5109	-7.8994	260.01	5.8409	-9.7636	285.88	1.1192	21.799	279.3	-61.171	45.076	194.82	-91.738	36.647	199.27	-124.83	8.7892
324.74	-5.4773	-6.6616	259.27	5.9212	-9.1353	286.02	1.0496	21.81	278.69	-61.543	45.348	194.22	-91.913	36.831	198.73	-124.97	8.975
325.72	-6.4954	-5.3659	258.43	5.9743	-8.6939	286.05	1.0365	21.809	277.93	-61.955	45.591	193.54	-92.097	37.061	197.97	-125.11	9.122
326.66	-7.6034	-3.9517	257.42	5.8543	-7.767	286	1.0382	21.776	277.07	-62.435	45.839	192.75	-92.306	37.322	197.18	-125.29	9.2853
327.45	-8.8705	-2.4582	256.32	5.8293	-7.1999	285.99	1.0551	21.778	276.12	-62.933	46.225	191.88	-92.557	37.56	196.42	-125.43	9.5474
328.06	-10.152	-1.0155	255.02	5.8694	-6.6945	286.01	1.0473	21.788	275.09	-63.45	46.537	190.93	-92.845	37.859	195.49	-125.67	9.7734
328.56	-11.417	0.55224	253.71	5.6681	-5.7066	286.02	1.0418	21.778	273.96	-64.042	46.905	189.87	-93.14	38.154	194.4	-125.91	9.9671
328.77	-12.676	2.0766	252.32	5.545	-4.9215	286.03	1.0425	21.788	272.7	-64.684	47.364	188.7	-93.507	38.5	193.22	-126.19	10.155
328.8	-13.994	3.5965	251.16	5.7923	-3.5791	286.03	1.0401	21.782	271.57	-65.139	48.13	187.43	-93.883	38.845	192.24	-126.9	10.537
328.65	-15.211	5.1671	249.67	5.6737	-2.514	286.03	1.0429	21.788	270.15	-65.844	48.549	186.08	-94.29	39.238	190.72	-126.73	10.746
328.21	-16.482	6.5858	248.11	5.4395	-1.557	286.04	1.0437	21.789	268.68	-66.554	49.026	184.6	-94.725	39.603	189.19	-127.1	10.874
327.64	-17.743	7.9503	246.52	5.1748	-0.82681	286.04	1.0439	21.791	267.09	-67.338	49.454	183.01	-95.185	40.02	187.68	-127.37	11.16
326.84	-19.054	9.2084	244.89	4.9557	0.12478	286.03	1.0423	21.786	265.36	-68.168	49.971	181.33	-95.616	40.417	186.02	-127.65	11.456
325.85	-20.388	10.411	243.28	4.5272	1.0411	286.03	1.0421	21.786	263.6	-68.987	50.475	179.53	-96.022	40.846	184.22	-127.94	11.687
324.79	-21.639	11.662	241.69	4.2433	1.9857	286.03	1.0406	21.786	261.7	-69.851	50.982	177.6	-96.441	41.235	182.34	-128.19	11.899
323.46	-22.952	12.67	240.11	3.7034	2.8705	286.03	1.0379	21.782	259.72	-70.749	51.418	175.58	-96.819	41.651	180.37	-128.44	12.212
321.98	-24.308	13.6	238.47	3.2394	3.6215	286.03	1.0381	21.783	257.64	-71.669	51.953	173.46	-97.202	42.106	178.32	-128.62	12.516
320.39	-25.581	14.537	236.8	2.6647	4.6123	286.04	1.0309	21.783	255.49	-72.587	52.47	171.25	-97.565	42.55	176.3	-129.23	12.856
318.65	-26.814	15.388	235.04	2.1176	5.4383	286.03	1.0297	21.78	253.26	-73.49	52.807	168.93	-97.951	43.004	173.83	-129.08	13.025
316.62	-28.065	16.018	233.19	1.5546	6.3368	286.03	1.0299	21.78	250.89	-74.418	53.204	166.5	-98.334	43.48	171.4	-129.33	13.235
314.43	-29.153	16.613	231.21	1.0182	7.4201	286.03	1.0299	21.782	248.44	-75.387	53.634	163.99	-98.734	43.956	169	-129.48	13.561
312.06	-30.13	17.081	229.15	0.54443	8.3568	286.03	1.0258	21.787	245.91	-76.263	54.024	161.36	-99.182	44.446	166.39	-129.73	13.77
309.39	-30.979	17.454	226.9	-0.0076021	9.5482	286.03	1.0347	21.78	243.28	-77.167	54.376	158.67	-99.679	44.943	163.7	-130.02	13.992
306.53	-31.675	17.754	224.55	-0.50633	10.74	286.03	1.025	21.774	240.54	-78	54.709	155.88	-100.2	45.425	160.98	-130.31	14.263
303.5	-32.161	18.051	222.03	-0.9516	11.977	286.03	1.0329	21.791	237.68	-78.786	55.012	152.99	-100.77	45.903	158.11	-130.54	14.526
300.23	-32.484	18.285	219.26	-1.2498	13.188	286.02	1.0307	21.787	234.75	-79.496	55.326	150	-101.36	46.359	155.29	-130.82	14.661
296.78	-32.618	18.562	216.42	-1.5622	14.441	286.03	1.0249	21.786	231.66	-80.102	55.543	146.96	-101.97	46.87	152.21	-131.24	14.949
293.12	-32.593	18.701	213.36	-1.9321	15.937	286.03	1.0272	21.79	228.52	-80.697	55.789	143.8	-102.61	47.343	149.1	-131.43	15.096
289.24	-32.398	18.892	210.14	-2.1236	17.312	286.03	1.0397	21.785	225.25	-81.16	56.055	140.56	-103.27	47.796	146.02	-131.67	15.361
285.22	-31.959	19.108	206.69	-2.1885	18.594	286.03	1.0427	21.785	221.86	-81.548	56.302	137.23	-103.93	48.214	142.79	-132.11	15.502
280.98	-31.372	19.334	203.15	-2.271	19.888	286.03	1.0398	21.785	218.35	-81.886	56.539	133.83	-104.62	48.618	139.43	-132.39	15.601
276.52	-30.707	19.517	199.44	-2.2979	21.127	286.03	1.041	21.787	214.75	-82.077	56.796	130.86	-104.97	49.403	136.56	-132.42	16.236
271.84	-29.792	19.705	195.61	-2.2876	22.236	286.04	1.0445	21.79	211.05	-82.25	57.107	127.3	-105.61	49.78	133.18	-132.73	16.454
266.94	-28.806	19.844	191.67	-2.3481	23.441	286.03	1.0418	21.786	207.24	-82.319	57.358	123.62	-106.23	50.103	129.69	-133.08	16.669
266.94	-28.806	19.844	187.67	-2.2562	24.293	286.03	1.0513	21.79	203.38	-82.347	57.667	119.37	-107.11	50.051	125.72	-133.58	16.455
256.53	-26.385	20.042	183.58	-2.2397	25.181	286.04	1.0463	21.793	199.4	-82.297	57.943	116.03	-107.34	50.782	122.41	-133.67	16.948
250.94	-25.042	19.973	179.38	-2.2146	25.912	286.04	1.0464	21.793	195.37	-82.199	58.216	111.62	-108.2	50.682	118.51	-134.05	16.982
245.17	-23.574	19.856	175.17	-2.2003	26.533	286.03	1.0465	21.785	191.28	-82.052	58.469	107.65	-108.73	50.955	114.74	-134.31	17.146
239.13	-22.114	19.624	170.86	-2.1526	27.031	286.03	1.0395	21.784	187.12	-81.866	58.709	103.65	-109.24	51.227	110.9	-134.61	17.331
232.95	-20.535	19.37	166.46	-2.1744	27.409	286.03	1.0411	21.788	182.92	-81.628	58.902	99.593	-109.76	51.463	107.17	-135.09	17.497
226.53	-18.914	19.002	161.97	-2.1332	27.664	286.04	1.0415	21.789	178.72	-81.307	59.026	95.997	-109.97	52.075	103.47	-135.2	17.769
286.04	1.0341	21.788	157.42	-2.113	27.794	NaN	NaN	NaN	174.46	-81.014	59.166	91.901	-110.49	52.299	99.397	-135.4	17.885
286.04	1.0308	21.782	152.76	-2.069	27.817	NaN	NaN	NaN	170.18	-80.641	59.317	87.774	-111.01	52.496	95.455	-135.7	17.999
286.03	1.0279	21.777	148.01	-2.0085	27.667	NaN	NaN	NaN	165.93	-80.174	59.346	83.634	-111.59	52.667	91.467	-136.02	18.028
286.04	1.031	21.784	143.16	-1.9384	27.498	NaN	NaN	NaN	161.65	-79.73	59.469	79.531	-112.14	52.856	87.589	-136.45	18.182
286.04	1.0331	21.785	138.3	-1.8404	27.131	NaN	NaN	NaN	157.33	-79.214	59.474	74.935	-113.03	52.619	83.425	-136.99	18.131
286.03	1.0279	21.776	133.29	-1.7297	26.732	NaN	NaN	NaN	152.8	-78.879	59.104	71.346	-113.29	53.163	79.672	-137.14	18.203
286.03	1.0272	21.79	128.31	-1.5975	26.351	NaN	NaN	NaN	148.47	-78.302	59.115	66.723	-114.14	52.901	75.382	-137.52	18.214
286.03	1.0342	21.79	123.19	-1.4573	25.871	NaN	NaN	NaN	144.07	-77.636	59.029	62.604	-114.68	53.021	71.387	-137.87	18.174
286.03	1.0342	21.79	118.11	-1.3383	25.432	NaN	NaN	NaN	139.7	-76.938	58.993	58.497	-115.2	53.077	67.36	-138.19	18.246
286.03	1.0346	21.776	113	-1.1548	24.908	NaN	NaN	NaN	135.26	-76.225	58.761	54.362	-115.71	53.097	63.419	-138.57	18.253
286.03	1.0389	21.784	107.82	-1.0298	24.526	NaN	NaN	NaN	130.81	-75.477	58.561	50.258	-116.19	53.162	59.43	-138.94	18.214
286.03	1.0397	21.785	102.68	-0.85067	23.961	NaN	NaN	NaN	126.34	-74.734	58.419	46.148	-116.68	53.135	55.519	-139.28	18.211
286.03	1.0373	21.78	97.488	-0.70592	23.432	NaN	NaN	NaN	121.82	-74.006	58.22	42.071	-117.12	53.089	51.575	-139.62	18.14
286.03	1.0373	21.78	92.35	-0.56289	22.794	NaN	NaN	NaN	117.32	-73.282	57.998	37.988	-117.59	53.043	47.56	-140.03	17.928
286.03	1.0418	21.786	87.208	-0.48817	22.185	NaN	NaN	NaN	112.86	-72.601	57.775	33.98	-117.99	52.94	43.638	-140.3	17.817
286.03	1.0421	21.786	82.107	-0.38183	21.487	109.32	1.8915	6.655	108.41	-71.951	57.519	29.969	-118.43	52.851	39.763	-140.64	17.689
286.03	1.0421	21.786	77.064	-0.36906	20.887	102.82	2.2576	5.9508	103.98	-71.309	57.263	26.04	-118.82	52.769	36.02	-141.05	17.539
286.03	1.0428	21.789	72.186	-0.3327	20.1	96.598	2.5564	5.4542	99.635	-70.775	57.009	22.134	-119.21	52.602	32.314	-141.43	17.34
286.03	1.0418	21.786	67.053	-0.30138	19.497	90.785	2.767	4.8427	95.345	-70.236	56.827	18.315	-119.64	52.475	28.626	-141.81	17.176
286.03	1.0419	21.788	61.89	-0.22934	18.927	85.197	3.0803	6.4703	91.101	-69.791	56.584	14.548	-120.05	52.337	24.99	-142.15	17.019
286.03	1.0394	21.785	56.973	-0.14301	18.41	80.225	3.3311	6.0233	86.946	-69.393	56.374	10.878	-120.49	52.196	21.502	-142.58	16.787
286.03	1.0397	21.785	52.156	-0.14906	17.942	75.309	3.4714	5.5409	82.898	-69.009	56.13	7.3214	-120.95	52.089	18.147	-142.93	16.708
286.03	1.0387	21.783	47.522	-0.18281	17.553	70.553	3.522	5.0083	78.968	-68.685	55.86	3.7951	-121.36	51.854	14.724	-143.33	16.486
286.04	1.0333	21.785	43.026	-0.19064	17.121	65.949	3.5705	4.5616	75.137	-68.417	55.58	0.38302	-121.8	51.715	11.435	-143.72	16.309
286.03	1.0377	21.782	38.632	-0.32146	16.777	61.544	3.6283	4.1902	71.418	-68.168	55.388	-2.9389	-122.16	51.484	8.2636	-144.09	16.156
286.03	1.0364	21.794	34.43	-0.39142	16.382	57.248	3.669	3.8198	67.787	-67.978	55.119	-6.2041	-122.58	51.275	5.1566	-144.43	15.864
286.03	1.0378	21.783	30.415	-0.47212	15.967	53.143	3.6475	3.4184	64.311	-67.837	54.958	-9.3223	-122.93	51.054	2.1634	-144.78	15.691
286.04	1.0322	21.783	26.519	-0.60296	15.536	49.281	3.6224	3.0949	60.925	-67.708	54.766	-12.394	-123.34	50.807	-0.73185	-145.09	15.392
286.04	1.0325	21.784	22.809	-0.73552	15.146	45.496	3.5063	2.6151	57.657	-67.601	54.504	-15.335	-123.65	50.57	-3.4862	-145.48	15.219
286.03	1.0299	21.78	19.258	-0.89823	14.599	41.994	3.3859	2.196	54.503	-67.535	54.238	-18.201	-124.02	50.272	-6.2081	-145.81	14.904
286.03	1.0282	21.791	15.831	-1.0936	14.168	38.634	3.272	1.8636	51.469	-67.533	53.983	-20.956	-124.34	49.982	-8.8429	-146.16	14.692
286.04	1.0334	21.785	12.617	-1.2866	13.715	35.381	3.0997	1.417	48.555	-67.509	53.661	-23.588	-124.65	49.719	-11.362	-146.44	14.375
286.03	1.0406	21.786	9.5139	-1.4721	13.154	32.244	2.9398	0.88911	45.799	-67.499	53.334	-26.135	-124.98	49.376	-13.802	-146.83	13.989
286.03	1.0369	21.781	6.5263	-1.6859	12.719	29.269	2.7589	0.45631	43.147	-67.505	53.034	-28.556	-125.3	49.047	-16.119	-147.11	13.639
286.03	1.0474	21.787	3.7208	-1.8512	12.168	26.402	2.5765	-0.093873	40.566	-67.542	52.643	-30.902	-125.6	48.689	-18.376	-147.46	13.288
286.03	1.0397	21.785	0.97252	-2.0412	11.595	23.672	2.3984	-0.65871	38.125	-67.57	52.242	-33.155	-125.9	48.324	-20.453	-147.74	12.985
286.03	1.0391	21.798	-1.6164	-2.231	11.185	21.136	2.2587	-1.1361	35.812	-67.565	51.858	-35.257	-126.16	47.97	-22.488	-148.01	12.636
286.04	1.042	21.787	-4.0161	-2.4119	10.645	18.678	2.0663	-1.6741	33.631	-67.544	51.492	-37.327	-126.44	47.543	-24.466	-148.38	12.253
286.03	1.04	21.782	-6.3325	-2.5633	9.9019	16.438	1.8952	-2.2317	31.51	-67.574	51.082	-39.244	-126.66	47.124	-26.266	-148.62	11.838
286.03	1.0402	21.783	-8.5152	-2.769	9.3447	14.282	1.734	-2.7522	29.471	-67.598	50.708	-41.082	-126.89	46.737	-28.008	-148.77	11.462
286.03	1.0419	21.788	-10.531	-2.9414	8.7778	12.308	1.6161	-3.2595	27.542	-67.56	50.403	-43.064	-126.91	46.558	-29.631	-149.15	11.051
286.03	1.0466	21.786	-12.434	-3.0626	8.0812	10.428	1.4158	-3.8068	25.71	-67.606	50.034	-44.755	-127.07	46.108	-31.161	-149.35	10.556
286.03	1.0406	21.786	-14.219	-3.2605	7.5103	8.7378	1.2609	-4.3351	23.928	-67.594	49.659	-46.38	-127.23	45.636	-32.64	-149.6	10.168
286.03	1.0391	21.784	-15.808	-3.3613	6.8814	7.1548	1.1069	-4.807	22.259	-67.624	49.358	-47.903	-127.34	45.099	-34.02	-149.76	9.7197
286.03	1.0394	21.785	-17.318	-3.5462	6.3599	5.7222	0.96187	-5.3252	20.689	-67.672	49.036	-49.326	-127.48	44.631	-35.268	-149.93	9.203
286.04	1.0346	21.788	-18.76	-3.6575	5.6873	4.355	0.8152	-5.8	19.18	-67.69	48.707	-50.733	-127.56	44.059	-36.549	-150.07	8.78
286.04	1.0327	21.783	-20.032	-3.7537	5.18	3.1604	0.69633	-6.288	17.761	-67.676	48.42	-52.06	-127.6	43.465	-37.586	-150.28	8.3131
286.04	1.0333	21.785	-21.226	-3.8592	4.3548	2.0394	0.5254	-6.8299	16.39	-67.656	48.099	-53.286	-127.64	42.894	-38.714	-150.4	7.7741
286.04	1.0345	21.788	-22.386	-3.9634	3.5586	0.99083	0.42761	-7.4019	15.079	-67.631	47.732	-54.46	-127.67	42.235	-39.668	-150.47	7.2434
286.04	1.033	21.785	-23.414	-4.057	2.8401	0.01284	0.24662	-8.0447	13.863	-67.58	47.405	-55.561	-127.67	41.64	-40.534	-150.65	6.7298
286.04	1.0323	21.784	-24.354	-4.1599	2.0449	-0.8697	0.12144	-8.6729	12.703	-67.53	47.013	-56.623	-127.65	40.936	-41.429	-150.72	6.1143
286.04	1.0323	21.784	-25.273	-4.2486	1.2074	-1.6476	0.027045	-9.3294	11.603	-67.433	46.578	-57.568	-127.64	40.256	-42.122	-150.84	5.6006
286.04	1.0336	21.785	-26.139	-4.2746	0.18523	-2.4292	-0.059808	-10.022	10.57	-67.327	46.101	-58.474	-127.59	39.576	-42.943	-150.74	4.9095
286.04	1.0308	21.782	-26.96	-4.3688	-0.67229	-3.1341	-0.15871	-10.798	9.6012	-67.242	45.592	-59.295	-127.53	38.86	-43.478	-150.91	4.3854
286.04	1.0324	21.784	-27.722	-4.4137	-1.6173	-3.8037	-0.26201	-11.543	8.6889	-67.11	45.112	-60.062	-127.47	38.146	-44.051	-151.01	3.8172
286.03	1.0387	21.783	-28.381	-4.4263	-2.4401	-4.4583	-0.30489	-12.224	7.8648	-66.945	44.667	-60.735	-127.42	37.484	-44.779	-150.85	3.165
286.03	1.0386	21.784	-29.015	-4.4588	-3.1411	-5.0004	-0.33487	-12.879	7.0785	-66.831	44.206	-61.19	-127.53	36.51	-45.092	-151.02	2.5652
286.03	1.0369	21.794	-29.59	-4.4249	-4.039	-5.4765	-0.3859	-13.514	6.3946	-66.737	43.792	-61.77	-127.45	35.867	-45.563	-151.09	2.0206
286.03	1.0396	21.784	-30.02	-4.4525	-4.607	-5.875	-0.43222	-14.017	5.7158	-66.586	43.428	-62.301	-127.37	35.207	-45.911	-151.1	1.4417
286.03	1.0423	21.787	-30.381	-4.3747	-5.3908	-6.175	-0.45332	-14.544	5.1231	-66.488	43.144	-62.806	-127.26	34.68	-46.404	-150.84	0.95186
286.03	1.0389	21.781	-30.616	-4.4004	-5.8387	-6.2503	-0.47803	-14.951	4.5326	-66.388	42.923	-63.291	-127.15	34.079	-46.654	-150.96	0.53594
286.02	1.0456	21.784	-30.778	-4.342	-6.5738	-6.3106	-0.58531	-15.314	3.9753	-66.304	42.788	-63.782	-126.98	33.636	-46.806	-150.93	0.25754
286.02	1.0434	21.779	-30.889	-4.4328	-7.03	-6.2835	-0.6759	-15.624	3.4721	-66.196	42.733	-64.268	-126.79	33.229	-46.989	-150.86	-0.066033
286.02	1.0437	21.781	-30.89	-4.3704	-7.6558	-6.2259	-0.69623	-15.899	2.9502	-66.088	42.766	-64.761	-126.57	32.774	-47.358	-150.64	-0.32687
286.02	1.0399	21.787	-30.883	-4.4195	-8.0012	-6.124	-0.74094	-16.074	2.5132	-65.995	42.867	-65.189	-126.35	32.419	-47.385	-150.69	-0.40777
286.02	1.0441	21.781	-30.854	-4.3457	-8.5437	-5.9754	-0.799	-16.203	2.0658	-65.825	42.967	-65.582	-126.11	32.128	-47.49	-150.62	-0.48372
286.02	1.0438	21.78	-30.775	-4.3278	-8.8011	-5.8029	-0.79987	-16.226	1.6354	-65.714	43.081	-65.926	-125.88	31.845	-47.62	-150.55	-0.57695
286.02	1.0433	21.78	-31.049	-4.5459	-9.637	-5.6363	-0.7863	-16.241	1.2675	-65.495	43.258	-66.238	-125.63	31.559	-47.667	-150.49	-0.59139
286.03	1.0376	21.78	-31.021	-4.4492	-9.9567	-5.4705	-0.72932	-16.296	0.90621	-65.342	43.352	-66.505	-125.41	31.301	-47.683	-150.4	-0.60932
286.03	1.0362	21.78	-30.947	-4.3553	-10.128	-5.3442	-0.68956	-16.412	0.5656	-65.062	43.452	-66.785	-125.17	31.092	-47.732	-150.3	-0.65348
286.03	1.0384	21.783	-30.85	-4.1939	-10.443	-5.2641	-0.58244	-16.589	0.26976	-64.831	43.514	-67.014	-124.94	30.827	-47.785	-150.11	-0.69504
286.03	1.0402	21.786	-30.862	-4.0488	-10.799	-5.199	-0.48583	-16.726	-0.047442	-64.522	43.564	-67.22	-124.68	30.601	-47.89	-149.81	-0.75738
286.04	1.0333	21.785	-30.866	-3.9427	-11.237	-5.165	-0.41563	-17.007	-0.3388	-64.257	43.529	-67.41	-124.4	30.413	-47.808	-149.89	-0.75478
286.04	1.0356	21.788	-30.881	-3.7988	-11.647	-5.1277	-0.26633	-17.321	-0.60671	-63.875	43.501	-67.567	-124.17	30.226	-47.789	-149.77	-0.80948
286.05	1.0431	21.785	-30.896	-3.6746	-12.101	-5.1016	-0.14851	-17.585	-0.85491	-63.532	43.4	-67.708	-123.91	30.011	-47.762	-149.63	-0.88474
286.05	1.0394	21.779	-30.932	-3.5112	-12.648	-5.091	-0.050192	-17.946	-1.0671	-63.167	43.36	-67.84	-123.65	29.822	-47.727	-149.49	-0.89464
286.04	1.0456	21.793	-31.053	-3.3756	-12.878	-5.157	0.17851	-18.058	-1.2724	-62.781	43.278	-67.943	-123.42	29.652	-47.724	-149.38	-0.91747
286.05	1.0508	21.787	-31.161	-3.1935	-12.965	-5.3215	0.49982	-18.038	-1.4185	-62.527	43.199	-68.063	-123.18	29.513	-47.805	-149.15	-0.87601
286.04	1.0514	21.785	-31.254	-2.9408	-13.123	-5.3611	0.68447	-18.029	-1.5064	-62.337	43.178	-68.136	-122.98	29.416	-47.774	-149.13	-0.90319
286.05	1.0539	21.788	-31.3	-2.8052	-13.165	-5.3858	0.8119	-18.013	-1.5815	-62.137	43.231	-68.208	-122.81	29.305	-47.817	-149.01	-0.92198
286.04	1.0615	21.79	-31.328	-2.7164	-13.168	-5.4281	0.91239	-18.01	-1.6548	-61.973	43.235	-68.214	-122.71	29.305	-47.828	-148.94	-0.9203
286.03	1.0648	21.784	-31.38	-2.6534	-13.195	-5.4706	1.0298	-18.015	-1.6797	-61.856	43.238	-68.218	-122.62	29.293	-47.827	-148.92	-0.89352
286.04	1.0711	21.793	-31.428	-2.5995	-13.228	-5.5016	1.1221	-17.998	-1.6945	-61.731	43.209	-68.203	-122.53	29.311	-47.842	-148.84	-0.87649
286.03	1.0663	21.785	-31.478	-2.5525	-13.265	-5.5396	1.2135	-17.973	-1.6764	-61.636	43.154	-68.199	-122.45	29.296	-47.871	-148.78	-0.86039
286.04	1.0715	21.779	-31.502	-2.5028	-13.3	-5.576	1.2769	-17.963	-1.6179	-61.569	43.103	-68.176	-122.39	29.276	-47.857	-148.76	-0.8763
286.03	1.0759	21.789	-31.501	-2.4677	-13.324	-5.5914	1.3253	-17.975	-1.5363	-61.542	43.046	-68.152	-122.36	29.259	-47.859	-148.75	-0.89013
286.03	1.0786	21.78	-31.487	-2.4603	-13.325	-5.5634	1.3199	-17.991	-1.4465	-61.551	42.96	-68.108	-122.34	29.247	-47.913	-148.74	-0.94641
