141.05	-1.7432	20.325	-40.333	3.9654	-12.789	-14.051	8.3273	-17.988	-3.7289	-53.547	41.52	-65.759	-118.55	28.047	-44.386	-143.73	-2.4157
141.05	-1.7417	20.314	-40.325	3.9558	-12.79	-14.052	8.3264	-17.991	-3.7191	-53.54	41.516	-65.755	-118.54	28.048	-44.367	-143.73	-2.4194
141.05	-1.7408	20.315	-40.327	3.9568	-12.79	-14.052	8.3278	-18.005	-3.7108	-53.548	41.503	-65.751	-118.54	28.052	-44.368	-143.73	-2.4354
141.05	-1.7439	20.326	-40.319	3.96	-12.799	-14.059	8.3231	-17.999	-3.7063	-53.546	41.519	-65.738	-118.55	28.056	-44.388	-143.73	-2.4342
141.05	-1.7452	20.322	-40.326	3.9539	-12.79	-14.052	8.3278	-18.005	-3.6969	-53.54	41.514	-65.73	-118.56	28.056	-44.379	-143.74	-2.4497
141.05	-1.744	20.312	-40.325	3.9536	-12.793	-14.053	8.315	-18.014	-3.7001	-53.543	41.525	-65.73	-118.56	28.054	-44.382	-143.74	-2.4518
141.04	-1.7484	20.321	-40.321	3.9451	-12.792	-14.048	8.3192	-18.007	-3.6923	-53.549	41.512	-65.731	-118.56	28.053	-44.382	-143.74	-2.4395
141.04	-1.7365	20.311	-40.311	3.9621	-12.777	-14.048	8.3189	-18.007	-3.6991	-53.554	41.506	-65.732	-118.56	28.054	-44.391	-143.75	-2.4452
141.04	-1.7368	20.325	-40.311	3.9513	-12.8	-14.048	8.3192	-18.007	-3.7087	-53.547	41.504	-65.742	-118.57	28.046	-44.387	-143.74	-2.4403
141.04	-1.7486	20.306	-40.322	3.9601	-12.812	-14.047	8.3175	-17.994	-3.7042	-53.545	41.52	-65.751	-118.56	28.058	-44.396	-143.74	-2.4287
141.04	-1.7416	20.321	-40.322	3.9587	-12.799	-14.052	8.3264	-17.991	-3.7107	-53.549	41.515	-65.756	-118.56	28.055	-44.393	-143.73	-2.4412
141.05	-1.7441	20.311	-40.32	3.9578	-12.787	-14.052	8.3264	-17.991	-3.7265	-53.544	41.51	-65.763	-118.55	28.046	-44.399	-143.74	-2.4431
141.04	-1.7381	20.325	-40.318	3.9606	-12.781	-14.054	8.3279	-18.004	-3.7261	-53.545	41.523	-65.763	-118.55	28.046	-44.398	-143.73	-2.4271
141.04	-1.7342	20.328	-40.324	3.9584	-12.786	-14.054	8.3279	-18.004	-3.7283	-53.534	41.527	-65.771	-118.56	28.05	-44.402	-143.72	-2.4335
141.04	-1.7375	20.324	-40.34	3.9604	-12.809	-14.053	8.3276	-18.005	-3.7351	-53.54	41.521	-65.775	-118.55	28.053	-44.401	-143.74	-2.4445
141.04	-1.7351	20.313	-40.325	3.9552	-12.792	-14.057	8.3277	-18.009	-3.7235	-53.53	41.533	-65.778	-118.55	28.04	-44.411	-143.74	-2.4527
141.04	-1.7329	20.317	-40.316	3.9638	-12.794	-14.049	8.3305	-18.003	-3.7307	-53.536	41.525	-65.78	-118.55	28.05	-44.405	-143.74	-2.4482
141.04	-1.7333	20.317	-40.325	3.9592	-12.799	-14.063	8.3238	-18.014	-3.7304	-53.537	41.525	-65.774	-118.54	28.042	-44.408	-143.74	-2.4501
141.05	-1.7336	20.315	-40.329	3.9673	-12.796	-14.051	8.3307	-18.002	-3.7354	-53.525	41.516	-65.768	-118.55	28.041	-44.411	-143.73	-2.4635
141.04	-1.7386	20.326	-40.335	3.9517	-12.811	-14.051	8.3316	-18.004	-3.744	-53.53	41.509	-65.771	-118.55	28.038	-44.398	-143.73	-2.4411
141.04	-1.7466	20.308	-40.331	3.9563	-12.82	-14.056	8.3275	-18.01	-3.7436	-53.531	41.522	-65.768	-118.55	28.041	-44.4	-143.74	-2.4579
141.05	-1.743	20.314	-40.325	3.9587	-12.815	-14.05	8.3308	-18.002	-3.7346	-53.525	41.516	-65.772	-118.56	28.035	-44.393	-143.73	-2.4521
141.04	-1.7367	20.325	-40.334	3.9512	-12.809	-14.05	8.3322	-18.016	-3.7455	-53.546	41.513	-65.763	-118.56	28.038	-44.404	-143.73	-2.4441
141.04	-1.7381	20.323	-40.33	3.9512	-12.794	-14.057	8.3292	-18.023	-3.7307	-53.536	41.525	-65.766	-118.57	28.034	-44.401	-143.74	-2.4617
141.04	-1.7382	20.323	-40.327	3.9519	-12.791	-14.044	8.3346	-17.997	-3.7311	-53.535	41.512	-65.767	-118.57	28.036	-44.4	-143.74	-2.4594
141.04	-1.7463	20.307	-40.326	3.9549	-12.789	-14.044	8.3346	-17.997	-3.7431	-53.543	41.503	-65.768	-118.57	28.032	-44.396	-143.75	-2.4626
141.04	-1.7369	20.325	-40.325	3.9428	-12.794	-14.049	8.3309	-18.003	-3.7414	-53.543	41.517	-65.776	-118.57	28.027	-44.409	-143.74	-2.466
141.05	-1.7407	20.315	-40.324	3.9451	-12.806	-14.049	8.3307	-18.003	-3.7381	-53.539	41.519	-65.777	-118.58	28.025	-44.399	-143.75	-2.4692
141.04	-1.7406	20.333	-40.336	3.9465	-12.799	-14.057	8.3278	-18.009	-3.7481	-53.535	41.519	-65.776	-118.57	28.027	-44.409	-143.74	-2.4682
141.03	-1.7464	20.327	-40.326	3.9411	-12.796	-14.044	8.3347	-17.997	-3.7479	-53.547	41.512	-65.776	-118.57	28.038	-44.4	-143.75	-2.4655
141.04	-1.7416	20.319	-40.323	3.9437	-12.793	-14.048	8.3307	-18.003	-3.7448	-53.533	41.52	-65.777	-118.57	28.023	-44.408	-143.74	-2.4538
141.04	-1.7496	20.318	-40.326	3.9411	-12.797	-14.052	8.3331	-18.017	-3.7492	-53.547	41.524	-65.778	-118.57	28.024	-44.412	-143.75	-2.4607
141.04	-1.7476	20.321	-40.331	3.9377	-12.802	-14.056	8.328	-18.009	-3.759	-53.542	41.508	-65.778	-118.57	28.024	-44.421	-143.74	-2.4601
141.04	-1.7416	20.317	-40.333	3.9486	-12.795	-14.057	8.3277	-18.009	-3.7496	-53.546	41.511	-65.792	-118.57	28.02	-44.419	-143.75	-2.4604
141.04	-1.7457	20.322	-40.328	3.9389	-12.801	-14.049	8.3307	-18.003	-3.7519	-53.549	41.507	-65.792	-118.57	28.031	-44.421	-143.75	-2.4658
141.05	-1.745	20.322	-40.328	3.9394	-12.782	-14.057	8.3293	-18.022	-3.7681	-53.549	41.513	-65.8	-118.56	28.022	-44.435	-143.73	-2.475
141.04	-1.738	20.325	-40.335	3.9462	-12.796	-14.057	8.3277	-18.009	-3.7632	-53.544	41.517	-65.808	-118.57	28.014	-44.431	-143.74	-2.4788
141.04	-1.736	20.312	-40.334	3.9475	-12.799	-14.05	8.3322	-18.016	-3.7671	-53.545	41.504	-65.819	-118.56	28.023	-44.443	-143.74	-2.4841
141.04	-1.7455	20.322	-40.338	3.9469	-12.798	-14.052	8.3331	-18.017	-3.7806	-53.543	41.511	-65.825	-118.56	28.021	-44.446	-143.74	-2.4693
141.04	-1.741	20.321	-40.341	3.9459	-12.801	-14.049	8.3307	-18.003	-3.7913	-53.549	41.502	-65.836	-118.57	28.013	-44.456	-143.74	-2.4745
141.05	-1.7433	20.312	-40.346	3.9547	-12.799	-14.057	8.3279	-18.008	-3.7935	-53.551	41.499	-65.845	-118.56	28.011	-44.464	-143.75	-2.4813
141.04	-1.7352	20.313	-40.351	3.939	-12.811	-14.058	8.3276	-18.009	-3.7934	-53.55	41.502	-65.85	-118.56	28.009	-44.478	-143.74	-2.4686
141.04	-1.7378	20.323	-40.341	3.946	-12.802	-14.057	8.3278	-18.009	-3.8102	-53.56	41.5	-65.859	-118.57	28.014	-44.468	-143.73	-2.4765
141.04	-1.739	20.323	-40.344	3.9411	-12.808	-14.062	8.3364	-18.007	-3.8068	-53.561	41.502	-65.864	-118.56	28.004	-44.479	-143.74	-2.4703
141.04	-1.7356	20.315	-40.354	3.9479	-12.806	-14.057	8.3366	-18.003	-3.8116	-53.563	41.51	-65.863	-118.57	28.012	-44.477	-143.74	-2.4705
141.03	-1.7438	20.316	-40.349	3.9392	-12.809	-14.057	8.3277	-18.009	-3.82	-53.556	41.498	-65.86	-118.57	28.002	-44.477	-143.74	-2.4701
141.04	-1.7399	20.322	-40.345	3.9433	-12.803	-14.061	8.3247	-18.011	-3.8121	-53.562	41.497	-65.858	-118.57	28.003	-44.474	-143.74	-2.4714
141.03	-1.7406	20.317	-40.349	3.9391	-12.808	-14.057	8.3277	-18.009	-3.8047	-53.558	41.504	-65.87	-118.58	28.016	-44.473	-143.74	-2.4691
141.04	-1.7532	20.312	-40.357	3.9319	-12.801	-14.057	8.3277	-18.009	-3.8047	-53.558	41.504	-65.857	-118.58	27.996	-44.474	-143.75	-2.4759
141.04	-1.7367	20.312	-40.35	3.9348	-12.8	-14.052	8.3318	-18.003	-3.8051	-53.559	41.502	-65.845	-118.58	28.017	-44.465	-143.75	-2.4694
141.04	-1.7491	20.319	-40.362	3.9299	-12.807	-14.057	8.3277	-18.009	-3.8032	-53.57	41.497	-65.854	-118.58	27.987	-44.464	-143.75	-2.4693
141.04	-1.7415	20.318	-40.358	3.9322	-12.803	-14.051	8.3316	-18.004	-3.7915	-53.563	41.508	-65.847	-118.58	28.014	-44.467	-143.75	-2.486
141.05	-1.7456	20.322	-40.354	3.9336	-12.799	-14.051	8.3316	-18.004	-3.7964	-53.568	41.504	-65.851	-118.58	27.987	-44.467	-143.75	-2.4852
141.03	-1.7427	20.319	-40.343	3.9282	-12.797	-14.054	8.3394	-18	-3.8001	-53.567	41.501	-65.844	-118.58	28.003	-44.466	-143.75	-2.4862
141.04	-1.7482	20.32	-40.356	3.9342	-12.801	-14.066	8.3327	-18.013	-3.8105	-53.563	41.5	-65.856	-118.58	27.983	-44.463	-143.75	-2.4835
141.04	-1.7523	20.313	-40.357	3.934	-12.801	-14.057	8.3402	-18.001	-3.8051	-53.559	41.502	-65.855	-118.58	27.997	-44.463	-143.75	-2.4844
141.04	-1.7467	20.308	-40.36	3.9308	-12.805	-14.056	8.3402	-18.002	-3.8144	-53.565	41.493	-65.852	-118.58	27.998	-44.464	-143.75	-2.483
141.04	-1.7423	20.318	-40.366	3.9272	-12.81	-14.055	8.3441	-18	-3.8133	-53.563	41.497	-65.87	-118.58	27.99	-44.461	-143.75	-2.4675
141.05	-1.742	20.313	-40.358	3.9329	-12.802	-14.056	8.3402	-18.002	-3.8133	-53.563	41.497	-65.862	-118.59	27.993	-44.472	-143.74	-2.4838
141.04	-1.7402	20.32	-40.364	3.9289	-12.807	-14.054	8.3449	-18.012	-3.8094	-53.558	41.488	-65.861	-118.58	27.981	-44.468	-143.76	-2.4926
141.04	-1.7367	20.325	-40.37	3.9267	-12.812	-14.059	8.3407	-18.018	-3.8038	-53.57	41.486	-65.862	-118.57	27.986	-44.475	-143.75	-2.4902
141.04	-1.7343	20.315	-40.372	3.925	-12.815	-14.051	8.3493	-18.023	-3.8025	-53.586	41.493	-65.848	-118.58	27.99	-44.466	-143.75	-2.4832
141.04	-1.7383	20.308	-40.361	3.927	-12.807	-14.042	8.359	-18.043	-3.7949	-53.649	41.48	-65.853	-118.57	27.991	-44.475	-143.75	-2.4761
141.04	-1.739	20.322	-40.343	3.9101	-12.792	-13.996	8.3947	-18.031	-3.7945	-53.71	41.48	-65.846	-118.55	27.991	-44.473	-143.75	-2.4733
141.04	-1.7388	20.309	-40.309	3.8952	-12.748	-13.994	8.4221	-18.078	-3.7869	-53.778	41.466	-65.863	-118.54	27.999	-44.484	-143.77	-2.4533
141.04	-1.737	20.324	-40.267	3.8598	-12.71	-14.023	8.5339	-18.157	-3.7927	-53.873	41.47	-65.885	-118.53	28.022	-44.464	-143.77	-2.3851
141.04	-1.7343	20.314	-40.19	3.8141	-12.612	-14.06	8.7434	-18.283	-3.792	-54.013	41.512	-65.924	-118.53	28.046	-44.43	-143.81	-2.3514
141.05	-1.7466	20.32	-40.098	3.7353	-12.459	-14.14	9.0036	-18.459	-3.7841	-54.161	41.568	-65.962	-118.55	28.086	-44.402	-143.85	-2.3044
141.04	-1.7357	20.326	-40.028	3.6149	-12.205	-14.252	9.2201	-18.584	-3.7602	-54.327	41.637	-65.979	-118.62	28.134	-44.353	-143.9	-2.225
141.04	-1.7481	20.319	-39.986	3.4887	-11.908	-14.325	9.61	-18.616	-3.696	-54.514	41.743	-65.959	-118.72	28.189	-44.334	-143.99	-2.1453
141.04	-1.7485	20.321	-39.838	3.4222	-11.472	-14.183	9.9355	-18.146	-3.555	-54.778	41.831	-65.876	-118.87	28.235	-44.332	-144.09	-2.1536
141.03	-1.7453	20.314	-39.567	3.3447	-10.405	-13.781	10.169	-17.186	-3.2872	-55.282	42.074	-65.685	-119.1	28.29	-44.297	-144.16	-2.2092
141.05	-1.7466	20.322	-39.279	3.2666	-9.1514	-13.179	10.3	-16.02	-2.8727	-55.988	42.417	-65.462	-119.39	28.365	-44.134	-144.39	-2.321
141.04	-1.7486	20.32	-38.937	3.0471	-7.4358	-12.125	10.295	-14.419	-2.3589	-56.904	42.921	-65.173	-119.71	28.51	-44.075	-144.52	-2.4745
141.05	-1.7492	20.335	-38.519	2.8258	-5.6559	-10.884	10.328	-12.602	-1.697	-58.054	43.507	-64.863	-120.14	28.712	-43.962	-144.7	-2.5574
141.04	-1.7492	20.335	-38.039	2.6014	-3.8744	-9.2698	10.238	-10.576	-0.91696	-59.38	44.168	-64.477	-120.64	28.869	-43.923	-144.95	-2.7257
141.05	-1.7465	20.326	-37.342	2.309	-1.9511	-7.2526	10.051	-8.518	-0.072924	-60.816	44.826	-64.051	-121.19	29.021	-43.748	-145.25	-2.8393
141.05	-1.7475	20.336	-36.523	1.9892	-0.028392	-4.642	9.8711	-6.3889	0.87026	-62.379	45.493	-63.521	-121.76	29.227	-43.447	-145.55	-2.9015
141.05	-1.7468	20.322	-35.478	1.5255	2.0488	-1.763	9.453	-4.444	1.9101	-63.994	46.091	-62.918	-122.4	29.504	-43.202	-145.95	-3.0775
141.06	-1.7526	20.328	-34.276	0.96394	4.099	1.3767	8.8318	-2.6325	3.0443	-65.598	46.599	-62.241	-123.05	29.735	-42.752	-146.41	-3.1546
141.05	-1.7565	20.334	-32.921	0.47471	5.9686	4.7297	7.9685	-1.0015	4.301	-67.236	47.09	-61.464	-123.75	29.973	-42.235	-146.95	-3.2697
141.05	-1.7599	20.331	-31.359	-0.22108	8.0209	8.257	6.9269	0.52234	5.7372	-68.933	47.576	-60.572	-124.53	30.188	-41.678	-147.55	-3.5024
141.05	-1.7577	20.334	-29.7	-0.89822	9.7232	11.953	5.6914	1.9844	7.294	-70.739	48.016	-59.556	-125.31	30.44	-41.082	-148.03	-3.569
141.05	-1.7571	20.337	-27.783	-1.752	11.423	15.761	4.2322	3.3428	9.0061	-72.649	48.464	-58.501	-126.08	30.692	-40.098	-148.99	-3.4166
141.06	-1.755	20.325	-25.57	-2.7651	12.929	19.978	2.613	4.8388	10.808	-74.596	49.034	-57.455	-126.66	30.836	-39.297	-149.67	-2.8377
141.06	-1.7567	20.337	-23.032	-3.8984	14.246	24.335	0.77762	6.3934	12.685	-76.684	49.551	-56.281	-127.29	31.014	-38.319	-150.35	-2.6521
141.06	-1.7671	20.334	-20.166	-5.0118	15.172	28.882	-1.2711	8.015	14.691	-78.856	50.154	-54.894	-128.1	31.194	-37.128	-151.02	-2.7228
141.06	-1.7671	20.332	-16.963	-6.4027	16.364	33.952	-3.2353	10.193	17.072	-80.907	51.162	-53.244	-129.05	31.38	-35.749	-151.93	-2.7836
141.05	-1.7722	20.325	-13.535	-7.7283	17.327	38.851	-5.6436	11.943	19.276	-83.305	51.77	-51.462	-130	31.655	-34.471	-152.82	-2.715
141.05	-1.7713	20.328	-9.9359	-9.185	18.361	43.645	-8.3118	13.467	21.593	-85.75	52.186	-49.628	-130.9	31.984	-32.975	-153.67	-2.6529
141.06	-1.767	20.333	-6.2311	-10.564	19.261	48.469	-11.055	14.922	24.037	-88.18	52.706	-47.773	-131.74	32.242	-31.434	-154.57	-2.5833
141.06	-1.7665	20.334	-2.4267	-12.061	20.346	53.312	-13.843	16.301	26.626	-90.599	53.035	-45.835	-132.58	32.515	-29.831	-155.48	-2.4667
141.05	-1.7704	20.329	1.3819	-13.51	21.307	57.564	-16.844	17.073	29.278	-92.915	53.297	-43.724	-133.47	32.893	-27.878	-156.57	-2.2177
141.06	-1.7696	20.331	5.1532	-14.944	22.181	62.657	-19.367	18.495	32.023	-95.143	53.534	-41.483	-134.39	33.361	-26.095	-157.41	-1.9613
141.06	-1.7678	20.332	8.8587	-16.278	22.884	67.269	-22.068	19.406	34.811	-97.242	53.728	-39.109	-135.22	33.776	-24.389	-158	-1.7524
141.06	-1.7663	20.335	12.475	-17.655	23.514	71.783	-24.639	20.069	37.637	-99.14	53.792	-36.715	-135.99	34.184	-22.454	-158.78	-1.3909
141.07	-1.7618	20.341	15.986	-18.946	23.995	76.292	-27.14	20.675	40.482	-100.91	53.89	-34.272	-136.73	34.672	-20.19	-159.79	-0.99133
141.07	-1.761	20.342	19.398	-20.125	24.283	80.272	-29.679	20.751	43.358	-102.51	53.884	-31.776	-137.43	35.089	-18.307	-160.31	-0.68178
141.06	-1.7524	20.344	22.751	-21.225	24.424	85.116	-31.684	21.468	46.207	-103.93	53.79	-29.238	-138.08	35.52	-15.998	-161.3	-0.34807
141.06	-1.7487	20.335	25.949	-22.223	24.27	89.446	-33.787	21.617	49.045	-105.15	53.691	-26.672	-138.7	35.915	-13.931	-161.77	-0.019284
141.07	-1.7476	20.334	29.104	-23.147	24.137	93.242	-36.001	21.227	51.89	-106.27	53.55	-24.094	-139.22	36.256	-11.762	-162.31	0.42912
141.06	-1.7488	20.334	32.138	-24.003	23.802	97.554	-37.752	21.129	54.677	-107.15	53.383	-21.501	-139.67	36.653	-9.2791	-163.17	0.69257
141.07	-1.7473	20.334	35.056	-24.744	23.268	101.68	-39.438	20.797	57.515	-107.94	53.062	-18.952	-140.02	36.979	-7.1317	-163.46	1.0519
141.06	-1.7475	20.334	37.863	-25.358	22.725	105.73	-40.881	20.362	60.337	-108.52	52.765	-16.365	-140.33	37.363	-4.8933	-163.82	1.5917
141.06	-1.7469	20.32	40.55	-25.85	22.126	110.15	-41.937	20.159	63.104	-108.95	52.399	-13.797	-140.55	37.678	-2.5863	-164.14	2.0195
141.06	-1.7413	20.347	43.107	-26.275	21.442	113.51	-43.195	18.968	65.932	-109.21	52.025	-11.225	-140.71	38.015	-0.039908	-164.87	2.3332
141.05	-1.7464	20.338	45.579	-26.551	20.8	117.59	-43.858	18.513	68.729	-109.37	51.588	-8.6753	-140.8	38.298	2.2708	-165.09	2.706
141.05	-1.7509	20.334	47.952	-26.668	20.091	120.56	-44.716	17.143	71.476	-109.31	51.16	-6.1185	-140.82	38.556	4.5743	-165.36	3.1349
141.04	-1.7519	20.347	50.185	-26.733	19.341	123.8	-45.061	16.174	74.182	-109.18	50.657	-3.5833	-140.82	38.799	6.835	-165.52	3.513
141.05	-1.7606	20.328	52.358	-26.683	18.671	127.39	-44.988	15.668	76.876	-108.9	50.265	-1.0551	-140.76	39.04	9.2221	-165.56	3.9178
141.05	-1.7625	20.341	54.379	-26.523	17.914	130.32	-44.979	14.721	79.502	-108.47	49.845	1.4457	-140.66	39.282	11.536	-165.6	4.2797
141.05	-1.7629	20.328	56.347	-26.308	17.267	133.02	-44.711	13.765	82.09	-107.96	49.41	3.9142	-140.48	39.498	13.583	-165.3	4.63
141.05	-1.7634	20.328	58.227	-26.032	16.664	135.14	-44.499	12.405	84.646	-107.37	48.983	6.3694	-140.25	39.698	15.835	-165.18	4.7976
141.05	-1.772	20.341	60.062	-25.715	16.086	137.62	-43.983	11.492	87.094	-106.66	48.585	8.7642	-139.96	39.872	18.212	-165.26	5.0927
141.06	-1.7651	20.338	61.855	-25.283	15.545	139.88	-43.29	10.64	89.539	-105.97	48.177	11.116	-139.62	40.055	20.226	-164.7	5.2794
141.06	-1.7657	20.334	63.631	-24.813	15.08	141.99	-42.527	9.7721	91.867	-105.19	47.788	13.395	-139.22	40.147	22.52	-164.64	5.4243
141.07	-1.7746	20.332	65.355	-24.338	14.708	143.95	-41.673	8.985	94.099	-104.37	47.486	15.602	-138.76	40.271	24.535	-163.92	5.4911
141.07	-1.7613	20.328	67.057	-23.659	14.103	146.14	-40.594	8.6744	96.295	-103.5	47.185	17.731	-138.2	40.358	26.496	-163.4	5.6473
141.07	-1.7542	20.324	68.751	-23.086	13.74	147.43	-39.66	7.6621	98.373	-102.62	46.967	19.78	-137.58	40.434	28.394	-162.86	5.8041
141.08	-1.754	20.326	70.443	-22.461	13.363	149.36	-38.477	7.4802	100.35	-101.7	46.807	21.74	-136.91	40.523	30.393	-162.41	5.9774
141.08	-1.7582	20.326	72.132	-21.727	12.955	150.91	-37.345	7.0654	102.26	-100.76	46.799	23.618	-136.18	40.54	32.223	-161.61	5.9654
141.08	-1.7509	20.341	73.84	-20.957	12.547	151.97	-36.375	6.2651	104.07	-99.715	46.743	25.441	-135.39	40.604	34.16	-161.15	6.1825
141.08	-1.7469	20.319	75.514	-20.166	12.126	153.8	-35.058	6.3775	105.85	-98.681	46.79	27.655	-134.22	40.969	36.557	-160.18	6.769
141.08	-1.7486	20.33	77.154	-19.317	11.612	155.17	-33.924	6.0952	107.52	-97.587	46.821	29.362	-133.33	40.971	38.149	-159.22	6.7554
141.07	-1.7402	20.318	78.843	-18.546	11.222	156.58	-32.739	5.9599	109.17	-96.498	46.967	30.501	-132.67	40.655	39.481	-158.71	6.5248
141.07	-1.7402	20.318	80.486	-17.694	10.775	141.06	-1.7375	20.338	110.8	-95.408	47.111	32.122	-131.7	40.638	41.278	-157.97	6.7199
159.18	-30.385	5.7052	82.175	-16.807	10.252	141.06	-1.7395	20.336	112.34	-94.296	47.274	33.695	-130.72	40.662	42.866	-156.96	6.8297
160.44	-29.188	5.58	83.859	-15.934	9.988	141.05	-1.7462	20.324	113.92	-93.136	47.427	35.29	-129.68	40.654	44.633	-156.2	6.8544
161.68	-27.931	5.5181	85.516	-15.012	9.561	141.05	-1.7461	20.338	115.46	-92.026	47.626	36.825	-128.67	40.717	46.224	-155.15	7.0459
161.68	-27.931	5.5181	87.164	-14.085	9.4361	141.03	-1.7471	20.343	117.04	-90.926	47.757	38.39	-127.64	40.788	47.871	-154.18	7.1352
164.15	-25.489	5.428	88.753	-13.119	9.2263	141.03	-1.7464	20.342	118.58	-89.834	47.919	39.91	-126.63	40.822	49.535	-153.26	7.2793
165.4	-24.299	5.4072	90.325	-12.08	9.1993	141.03	-1.7462	20.329	120.13	-88.737	48.088	41.441	-125.63	40.971	50.962	-152.03	7.4289
166.6	-23.071	5.4254	91.815	-11.157	9.3002	141.03	-1.7495	20.337	121.67	-87.643	48.274	42.953	-124.61	41.088	52.544	-151.15	7.61
166.6	-23.071	5.4254	93.302	-10.07	9.4074	141.02	-1.7536	20.332	123.15	-86.592	48.385	44.475	-123.61	41.223	54.138	-150.25	7.6841
168.89	-20.593	5.4439	94.786	-9.0672	9.6568	141.03	-1.7582	20.337	124.69	-85.542	48.524	45.981	-122.63	41.411	55.562	-149.15	7.857
169.95	-19.38	5.487	96.253	-7.9936	9.8939	141.03	-1.7593	20.335	126.13	-84.521	48.699	47.429	-121.64	41.594	56.942	-148.08	8.0392
170.92	-18.11	5.5134	97.689	-6.9691	10.2	141.04	-1.7662	20.333	127.59	-83.476	48.876	48.814	-120.66	41.745	58.301	-147.04	8.1799
170.92	-18.11	5.5134	99.15	-5.9157	10.397	141.04	-1.7561	20.342	128.92	-82.453	49.069	50.168	-119.67	41.877	59.643	-145.96	8.3015
172.43	-15.556	5.413	100.52	-4.8885	10.547	141.05	-1.7616	20.332	130.25	-81.379	49.292	51.453	-118.67	42.018	60.974	-144.94	8.4362
172.86	-14.169	5.255	101.89	-3.8859	10.604	141.05	-1.7612	20.33	131.52	-80.305	49.481	52.696	-117.67	42.138	62.272	-144	8.5861
172.86	-14.169	5.255	103.24	-2.9618	10.765	141.06	-1.7644	20.335	132.76	-79.203	49.701	53.895	-116.69	42.238	63.525	-143.03	8.7472
172.94	-11.177	4.681	104.54	-1.9593	10.554	141.06	-1.765	20.323	133.89	-78.123	49.851	55.031	-115.72	42.309	64.778	-142.2	8.8176
172.94	-11.177	4.681	105.8	-1.0353	10.363	141.07	-1.7609	20.327	134.98	-76.965	50.053	56.12	-114.77	42.341	65.97	-141.27	8.9183
172.94	-11.177	4.681	107.03	-0.20494	9.9876	141.07	-1.758	20.331	136.02	-75.781	50.25	57.179	-113.81	42.342	67.106	-140.36	9.0159
172.94	-11.177	4.681	108.25	0.63487	9.5119	141.07	-1.7558	20.334	137.04	-74.559	50.322	58.169	-112.89	42.319	68.209	-139.53	9.1007
172.94	-11.177	4.681	109.45	1.3616	8.9816	141.07	-1.7436	20.342	138.01	-73.323	50.417	59.139	-112	42.268	69.269	-138.68	9.0972
172.94	-11.177	4.681	110.76	2.0665	8.1393	141.07	-1.7448	20.325	138.95	-72.093	50.476	60.088	-111.13	42.205	70.34	-137.84	9.1458
172.94	-11.177	4.681	112.13	2.6728	7.3641	141.05	-1.7416	20.332	139.9	-70.842	50.393	61.006	-110.33	42.105	71.318	-137.13	9.0861
172.94	-11.177	4.681	113.6	3.1687	6.5407	141.05	-1.7419	20.331	140.57	-69.898	49.963	61.897	-109.56	41.981	72.372	-136.39	9.1024
172.94	-11.177	4.681	115.13	3.6012	5.6462	140.97	-1.6764	20.333	141.53	-68.736	49.857	62.808	-108.83	41.87	73.406	-135.86	8.9845
172.94	-11.177	4.681	116.71	4.0244	4.5784	140.16	-1.0719	20.377	142.44	-67.707	49.727	63.702	-108.16	41.71	74.396	-135.21	8.9611
172.94	-11.177	4.681	118.24	4.5286	3.5774	138.83	-0.22204	20.328	143.33	-66.928	49.64	64.583	-107.53	41.559	75.327	-134.55	8.8528
172.94	-11.177	4.681	119.69	5.1563	2.8519	137.69	0.44023	20.355	144.24	-66.229	49.502	65.493	-106.94	41.423	76.295	-134.05	8.7095
172.94	-11.177	4.681	119.9	5.6283	2.2246	137.7	0.95283	20.359	145.22	-65.494	49.373	66.416	-106.42	41.293	77.335	-133.65	8.5937
172.94	-11.177	4.681	120.24	6.4467	2.4192	138.79	2.1593	20.525	146.13	-64.815	49.305	67.387	-105.97	41.211	78.335	-133.13	8.5229
172.94	-11.177	4.681	121	7.0189	2.4512	139.6	2.7591	20.535	147.11	-64.227	49.206	68.446	-105.64	41.162	79.469	-132.89	8.5604
172.94	-11.177	4.681	122.06	7.4199	2.6574	140.87	3.0663	20.56	148.26	-63.709	49.259	69.582	-105.35	41.182	80.529	-132.44	8.4833
172.94	-11.177	4.681	123.17	7.7157	2.7323	142.24	3.3657	20.635	149.39	-63.257	49.446	70.714	-105.08	41.27	81.631	-131.97	8.5615
172.94	-11.177	4.681	124.46	8.0619	2.7858	143.73	3.6314	20.623	150.6	-62.918	49.742	71.867	-104.76	41.376	82.929	-131.9	8.6633
172.94	-11.177	4.681	125.88	8.2883	3.1041	145.25	3.7839	20.609	151.88	-62.619	50.026	73.096	-104.41	41.557	84.182	-131.69	8.9302
172.94	-11.177	4.681	127.42	8.5003	3.1546	146.64	3.8005	20.553	153.23	-62.353	50.371	74.41	-104.18	41.725	85.601	-131.45	9.208
172.94	-11.177	4.681	129.07	8.597	3.3607	148.2	3.9263	20.546	154.7	-62.093	50.858	75.851	-103.95	41.978	87.035	-131.26	9.3522
172.94	-11.177	4.681	130.9	8.7579	3.3698	150.04	4.065	20.636	156.47	-61.651	51.685	77.367	-103.7	42.223	88.587	-131.02	9.6627
172.94	-11.177	4.681	132.84	8.7758	3.7636	152.03	4.1618	20.889	158.18	-61.508	52.216	78.95	-103.46	42.438	90.151	-130.79	9.9809
172.38	6.2604	-5.3184	134.9	8.8459	4.1568	154.08	4.1333	21.267	159.96	-61.535	52.701	80.664	-103.24	42.702	91.83	-130.61	10.315
175.43	6.5676	-3.1013	137.19	8.9287	4.5839	156.23	4.1234	21.813	161.69	-61.876	52.795	82.483	-103.07	42.954	93.73	-130.61	10.616
176.87	5.9735	-3.4439	139.48	8.8715	5.0984	158.51	4.0406	22.42	163.78	-62.028	53.355	84.44	-102.95	43.289	95.579	-130.4	10.893
180.32	6.3374	-1.7255	141.98	8.829	5.928	160.97	3.9308	23.12	165.93	-62.293	53.861	86.498	-102.9	43.617	97.487	-130.13	11.109
182.87	6.1837	-0.96106	144.59	8.7193	6.6353	163.56	3.7829	23.86	168.25	-62.589	54.44	88.677	-102.82	44.018	99.67	-130.36	11.463
185.61	5.9662	-0.22229	147.29	8.6272	7.1893	166.22	3.528	24.545	170.67	-62.841	55.039	90.901	-102.75	44.397	101.81	-130.3	11.802
188.41	5.751	0.55259	150.1	8.4475	8.1184	169.01	3.356	25.348	173.15	-63.201	55.647	93.211	-102.68	44.825	103.92	-130.16	12.201
191.27	5.496	1.3524	152.98	8.3267	8.8938	171.86	3.1304	26.147	175.71	-63.593	56.287	95.576	-102.65	45.227	106.21	-130.06	12.648
193.34	4.7395	1.2068	155.93	8.1287	9.5454	174.77	2.8339	26.925	178.37	-63.957	56.966	98.058	-102.59	45.699	108.51	-130.08	12.997
197.35	4.9959	3.1407	159.04	7.9345	10.416	177.82	2.571	27.807	181.06	-64.387	57.565	100.6	-102.56	46.111	111	-130.13	13.421
199.6	4.1616	3.0822	162.22	7.7478	11.26	180.95	2.2916	28.71	183.87	-64.799	58.25	103.22	-102.51	46.581	113.46	-130.13	13.834
202.88	3.8155	3.9414	165.5	7.5625	12.039	184.16	1.9535	29.563	186.69	-65.233	58.924	105.88	-102.5	47.033	115.87	-129.89	14.321
207.08	4.0195	5.7419	168.78	7.2935	12.94	187.42	1.6061	30.41	189.53	-65.647	59.557	108.57	-102.43	47.511	118.29	-129.7	14.672
210.5	3.6664	6.6859	172.21	7.0923	13.638	190.73	1.279	31.243	192.42	-66.081	60.25	111.3	-102.33	47.939	121.01	-129.86	15.225
213	2.7718	6.4626	175.66	6.8465	14.35	194.07	0.91962	31.938	195.35	-66.48	60.945	114.03	-102.24	48.334	123.59	-129.83	15.603
216.44	2.3683	7.1926	179.12	6.627	14.884	197.4	0.60685	32.657	198.28	-66.838	61.602	116.79	-102.1	48.774	126.27	-129.7	16.059
219.95	2.0397	7.993	182.57	6.4262	15.556	200.76	0.31972	33.311	201.16	-67.184	62.17	119.54	-101.96	49.137	128.96	-129.68	16.473
223.38	1.7185	8.6029	185.98	6.1536	16.071	204.07	0.054893	33.959	204.08	-67.44	62.765	122.32	-101.79	49.518	131.61	-129.57	16.871
226.75	1.3505	9.1749	189.43	5.9831	16.677	207.38	-0.17768	34.495	207.01	-67.663	63.379	125.11	-101.64	49.885	134.21	-129.46	17.19
230.21	1.1838	9.8595	192.75	5.7942	16.923	210.52	-0.50611	35.007	209.92	-67.885	63.865	127.93	-101.46	50.192	136.9	-129.37	17.548
233.54	0.93793	10.382	196.12	5.6387	17.329	213.87	-0.64069	35.435	212.85	-68.071	64.291	130.73	-101.28	50.512	139.57	-129.26	17.847
236.85	0.7283	10.843	199.39	5.3443	17.464	216.99	-0.87024	35.855	215.78	-68.218	64.72	133.55	-101.09	50.781	142.26	-129.08	18.192
240.19	0.62826	11.296	202.73	5.2458	17.948	220.17	-1.0479	36.203	218.66	-68.41	64.991	136.34	-100.9	51.013	144.85	-128.91	18.489
243.42	0.45752	11.688	205.94	5.1233	18.227	223.48	-1.1558	36.616	221.58	-68.551	65.288	139.13	-100.7	51.249	147.58	-128.82	18.697
246.69	0.37229	12.138	209.14	4.9307	18.434	226.51	-1.3677	36.946	224.46	-68.704	65.536	141.91	-100.51	51.402	150.18	-128.59	18.872
250.68	0.73864	13.377	212.31	4.8095	18.65	229.61	-1.5203	37.192	227.33	-68.827	65.688	144.66	-100.32	51.554	152.7	-128.35	19.042
252.98	0.15152	12.618	215.41	4.6978	18.862	232.66	-1.6948	37.365	230.12	-68.974	65.768	147.38	-100.09	51.682	155.2	-128.23	19.093
256.04	-0.0029213	12.747	218.54	4.5956	19.071	235.69	-1.835	37.501	232.92	-69.061	65.872	150.03	-99.884	51.773	157.59	-128.02	19.195
259.01	-0.18813	12.789	221.63	4.479	18.998	238.71	-1.9433	37.64	235.63	-69.149	65.904	152.65	-99.637	51.774	159.98	-127.73	19.22
262.08	-0.28494	12.901	224.64	4.4012	18.938	241.65	-2.086	37.595	238.3	-69.24	65.9	155.21	-99.386	51.764	162.52	-127.64	19.355
264.98	-0.53208	12.701	227.56	4.2625	18.841	244.57	-2.1924	37.496	240.9	-69.288	65.84	157.7	-99.107	51.699	164.76	-127.47	19.231
268.81	-0.11176	13.73	230.45	4.1443	18.684	247.36	-2.3498	37.327	243.4	-69.314	65.748	160.13	-98.807	51.595	167.13	-127.21	19.15
270.77	-0.8353	12.555	233.28	4.0638	18.393	250.07	-2.4598	37.103	245.89	-69.366	65.644	162.49	-98.484	51.467	169.28	-127.02	19.02
273.48	-0.98918	12.316	236.05	3.9472	18.146	252.71	-2.5763	36.85	248.25	-69.339	65.436	164.77	-98.16	51.31	171.5	-126.77	18.988
276.18	-1.0844	12.095	238.7	3.7797	17.692	255.31	-2.6405	36.501	250.59	-69.357	65.224	167	-97.839	51.129	173.6	-126.63	18.852
279.53	-0.67051	12.778	241.17	3.7215	17.215	257.82	-2.6698	36.228	252.88	-69.297	64.992	169.18	-97.54	50.951	175.58	-126.42	18.783
281.11	-1.3139	11.368	243.57	3.5109	16.807	260.21	-2.7239	35.854	255.05	-69.219	64.674	171.3	-97.256	50.729	177.58	-126.14	18.491
283.5	-1.3168	11.045	245.84	3.4792	16.283	262.5	-2.7366	35.465	257.19	-69.125	64.375	173.35	-96.96	50.478	179.52	-125.99	18.357
285.65	-1.3472	10.527	247.65	3.0472	14.977	264.67	-2.7768	35.004	259.27	-69.019	64.033	175.36	-96.672	50.209	181.34	-125.79	18.158
287.83	-1.326	10.114	249.8	2.9831	14.721	266.85	-2.7043	34.603	261.27	-68.916	63.654	177.27	-96.387	49.922	183.15	-125.61	17.874
289.89	-1.298	9.6311	251.85	2.9517	14.075	268.88	-2.6593	34.08	263.2	-68.785	63.251	179.13	-96.153	49.64	184.83	-125.37	17.614
291.83	-1.2853	9.0764	253.76	2.9662	13.663	270.77	-2.6533	33.498	265.04	-68.634	62.855	180.91	-95.905	49.325	186.8	-125.65	17.431
293.66	-1.2638	8.4997	255.62	3.0229	12.895	272.64	-2.5772	32.976	266.75	-68.475	62.388	182.6	-95.64	48.927	188.49	-125.49	17.147
295.42	-1.2579	7.901	257.4	2.9351	12.148	274.32	-2.5704	32.282	268.41	-68.33	61.905	184.2	-95.411	48.575	189.92	-125.35	16.761
297.13	-1.1955	7.3232	259.01	2.9798	11.593	275.96	-2.4827	31.696	269.99	-68.138	61.426	185.73	-95.175	48.223	191.12	-124.71	16.445
298.6	-1.2003	6.5786	260.56	3.0241	10.889	277.48	-2.4429	30.987	271.45	-67.981	60.879	187.14	-94.923	47.808	192.34	-124.57	16.191
300.13	-1.1013	6.0032	262.02	2.9303	10.305	278.91	-2.3506	30.362	272.89	-67.802	60.369	188.5	-94.708	47.435	193.9	-124.85	15.872
301.44	-1.035	5.3004	263.31	3.0423	9.702	280.23	-2.261	29.699	274.2	-67.609	59.81	189.76	-94.464	47.017	194.82	-124.31	15.374
302.68	-0.91591	4.6171	264.53	3.1161	8.9599	281.45	-2.1757	29.044	275.43	-67.419	59.261	190.94	-94.282	46.596	195.94	-124.11	15.081
303.78	-0.81758	3.8942	265.68	3.1162	8.1159	282.62	-2.0398	28.354	276.58	-67.215	58.648	192.06	-94.093	46.165	196.94	-124.02	14.732
304.8	-0.69724	3.1119	266.65	3.2354	7.5912	283.65	-1.9289	27.558	277.64	-66.962	58.065	193.11	-93.924	45.71	197.88	-123.94	14.25
305.68	-0.55287	2.2406	267.59	3.2256	6.7248	284.6	-1.7681	26.817	278.65	-66.669	57.445	194.07	-93.758	45.229	198.86	-123.82	13.938
306.56	-0.33136	1.4156	268.4	3.2791	5.8771	285.44	-1.609	25.948	279.57	-66.379	56.722	194.97	-93.591	44.784	199.58	-123.77	13.496
307.25	-0.2259	0.41841	269.08	3.4154	5.1007	286.19	-1.4636	24.944	280.42	-66.069	56.042	195.81	-93.417	44.321	200.37	-123.71	13.111
308.74	0.50996	0.48407	269.73	3.4354	3.9292	286.88	-1.2479	23.965	281.23	-65.72	55.325	196.56	-93.244	43.79	201.14	-123.6	12.753
308.47	0.088144	-1.7365	270.49	3.7885	3.1929	287.63	-0.96756	23.002	281.93	-65.343	54.503	197.25	-93.07	43.27	201.69	-123.62	12.341
308.96	0.21123	-2.9655	270.78	3.5217	1.7289	288.12	-0.84292	21.948	282.59	-64.95	53.714	197.85	-92.893	42.691	202.71	-123.99	12.018
309.4	0.28349	-4.1543	271.13	3.7075	1.1864	288.9	-0.56006	21.581	283.21	-64.617	52.875	198.37	-92.67	42.135	202.79	-123.49	11.465
309.77	0.55599	-4.7877	271.49	3.8741	0.78979	289.44	-0.29899	21.669	283.83	-64.488	52.012	198.83	-92.46	41.531	203.25	-123.5	11.008
310.15	0.70125	-5.3379	271.83	4.0695	0.51483	289.7	-0.15169	21.712	284.33	-64.552	51.333	199.2	-92.255	41.019	203.69	-123.33	10.576
310.43	0.77416	-5.8852	272.09	4.0802	0.54148	290	-0.029849	21.677	284.74	-64.621	50.729	199.5	-92.235	40.516	204.22	-123.74	10.192
310.78	0.72487	-6.4201	272.37	4.1049	0.17683	290.34	0.11176	21.701	285.14	-64.673	50.185	199.85	-92.329	40.084	204.22	-123.3	9.5167
311.11	0.67042	-6.902	272.61	4.1806	-0.023205	290.68	0.15108	21.749	285.46	-64.694	49.685	200.18	-92.326	39.632	204.39	-123.35	9.1152
311.41	0.66636	-7.2846	272.83	4.2327	-0.2443	290.94	0.19261	21.754	285.69	-64.737	49.254	200.37	-92.224	39.227	204.53	-123.29	8.714
311.62	0.6505	-7.6124	272.98	4.2884	-0.29398	291.16	0.24094	21.724	285.87	-64.711	48.943	200.47	-92.119	38.893	204.61	-123.24	8.5319
312.84	1.3012	-6.5163	273.14	4.311	-0.64783	291.33	0.27378	21.718	285.97	-64.673	48.731	200.51	-92.062	38.636	204.78	-123.26	8.2506
311.99	0.59035	-8.0621	273.25	4.3232	-0.65927	291.47	0.28376	21.735	286.02	-64.62	48.586	200.58	-92.015	38.413	204.85	-123.29	8.0282
312.12	0.59059	-8.173	273.33	4.2841	-0.71435	291.61	0.29844	21.751	286.07	-64.568	48.498	200.66	-91.966	38.25	205.2	-123.79	8.0377
312.23	0.61095	-8.2245	273.44	4.2529	-0.75232	291.7	0.30568	21.761	286.09	-64.505	48.483	200.71	-91.936	38.13	205.24	-123.81	7.974
312.32	0.63058	-8.2412	273.49	4.2306	-0.78938	291.78	0.29025	21.771	286.08	-64.454	48.495	200.72	-91.889	38.078	205.27	-123.82	7.9323
312.37	0.64598	-8.2506	273.52	4.2424	-0.91142	291.82	0.29816	21.762	286.06	-64.38	48.537	200.72	-91.852	38.04	204.98	-123.37	7.8547
312.39	0.6731	-8.2393	273.54	4.2283	-0.92889	291.83	0.29705	21.758	286	-64.295	48.579	200.68	-91.82	38.024	204.98	-123.41	7.9357
312.4	0.69568	-8.2175	273.51	4.2054	-0.96276	291.83	0.30582	21.774	285.94	-64.216	48.66	200.64	-91.771	38.025	204.97	-123.4	7.993
312.42	0.70083	-8.1992	273.48	4.181	-1.0024	291.82	0.30133	21.767	285.85	-64.142	48.759	200.58	-91.707	38.013	204.94	-123.39	8.0288
312.45	0.69699	-8.1633	273.46	4.0869	-0.97147	291.81	0.30644	21.763	285.74	-64.066	48.841	200.5	-91.646	38	204.91	-123.35	8.1312
313.49	1.3336	-6.7865	273.42	4.0259	-0.86888	291.8	0.30754	21.767	285.56	-64.005	48.943	200.38	-91.554	37.988	204.84	-123.37	8.2563
313.53	1.2681	-6.7425	273.37	3.98	-0.90549	291.79	0.31438	21.768	285.35	-63.931	49.045	200.25	-91.454	37.979	204.77	-123.39	8.3325
313.58	1.1483	-6.7425	273.29	3.9153	-0.95768	291.78	0.30412	21.767	285.13	-63.894	49.126	200.11	-91.366	37.976	204.65	-123.39	8.4492
313.88	1.224	-6.6055	273.19	3.857	-1.0406	291.77	0.30476	21.76	284.9	-63.752	49.234	199.96	-91.285	37.975	204.55	-123.39	8.5696
313.9	1.1368	-6.9429	273.02	3.8446	-1.2575	291.72	0.32215	21.77	284.66	-63.515	49.231	199.79	-91.23	37.957	204.43	-123.45	8.6634
313.97	1.0663	-7.0842	272.85	3.7713	-1.4666	291.72	0.32264	21.784	284.42	-63.35	49.13	199.58	-91.152	37.921	204.29	-123.52	8.8001
313.99	0.93084	-7.3	272.97	3.5181	-2.3259	291.61	0.34911	21.768	284.16	-63.196	49.107	199.37	-91.053	37.877	204.07	-123.54	8.9994
313.99	0.93084	-7.3	272.59	3.1385	-3.589	291.35	0.36524	21.718	283.79	-62.971	49.03	199.14	-90.962	37.835	203.78	-123.62	8.9604
313.99	0.93084	-7.3	271.96	2.6924	-4.5614	291.19	0.42788	21.784	283.44	-62.641	48.771	198.86	-90.865	37.702	203.56	-123.72	9.0857
314.26	0.20293	-9.0462	271.39	2.606	-4.951	290.99	0.41456	21.819	283.06	-62.33	48.381	198.54	-90.722	37.482	203.35	-123.8	9.1839
315.76	0.65464	-8.353	270.71	2.6572	-5.6683	290.8	0.37792	21.831	282.75	-62.135	48.017	198.19	-90.536	37.272	203.07	-123.89	9.1934
315.6	-0.52794	-9.864	269.96	2.5851	-6.1829	290.68	0.34916	21.817	282.41	-62.087	47.566	197.78	-90.532	37.084	202.67	-124.01	9.0657
316.38	-0.93707	-10.064	269.16	2.4949	-6.573	290.6	0.33243	21.808	282.04	-62.111	47.159	197.39	-90.661	36.944	202.3	-124.15	8.9847
317.23	-1.5329	-10.206	268.36	2.467	-6.9467	290.56	0.3111	21.808	281.65	-62.143	46.804	197.01	-90.826	36.777	201.81	-124.39	8.8147
317.23	-1.5329	-10.206	267.45	2.5163	-7.2099	290.56	0.30549	21.801	281.15	-62.283	46.475	196.57	-91.016	36.679	201.41	-124.53	8.8299
318.97	-2.9219	-9.8165	266.52	2.4225	-7.2263	290.57	0.29949	21.802	280.64	-62.433	46.336	196.08	-91.192	36.639	200.83	-124.79	8.7412
319.8	-3.7149	-9.1953	265.59	2.3184	-7.2229	290.56	0.3068	21.8	280.01	-62.613	46.385	195.44	-91.396	36.679	200.29	-124.94	8.8375
320.61	-4.5337	-8.3624	264.63	2.0689	-6.8799	290.55	0.30379	21.795	279.28	-62.921	46.463	194.71	-91.608	36.776	199.63	-125.27	8.9715
321.33	-5.4245	-7.4118	263.6	1.856	-6.6833	290.55	0.30513	21.797	278.53	-63.242	46.753	193.95	-91.883	36.958	198.89	-125.59	9.1583
321.94	-6.3663	-6.2879	262.54	1.6418	-6.4302	290.56	0.30728	21.8	277.74	-63.666	47.021	193.17	-92.244	37.196	198.24	-125.9	9.4375
322.57	-7.2658	-4.9721	261.4	1.4054	-5.9016	290.55	0.31233	21.797	276.89	-64.2	47.34	192.36	-92.69	37.528	197.42	-126.33	9.6207
323.03	-8.3497	-3.697	260.22	1.0563	-5.2142	290.55	0.31217	21.796	276	-64.803	47.757	191.51	-93.189	37.915	196.49	-126.75	9.921
323.55	-9.5032	-2.2466	258.99	0.67224	-4.4374	290.55	0.31714	21.802	275.09	-65.429	48.194	190.59	-93.701	38.315	195.79	-127.58	10.298
323.96	-10.798	-0.8449	257.7	0.35746	-3.6989	290.54	0.33011	21.802	274.08	-66.163	48.627	189.59	-94.255	38.799	194.52	-127.55	10.395
324.26	-12.249	0.5216	256.33	0.0051052	-2.9664	290.54	0.33015	21.8	272.97	-66.977	49.097	188.5	-94.812	39.239	193.43	-128.01	10.766
324.57	-13.694	2.1212	254.97	-0.37082	-2.1886	290.54	0.332	21.804	271.78	-67.849	49.578	187.31	-95.378	39.776	192.22	-128.47	11.198
324.64	-15.18	3.6991	253.61	-0.81241	-1.4384	290.54	0.33242	21.805	270.5	-68.724	50.229	186.03	-95.949	40.318	190.96	-128.9	11.599
324.42	-16.658	5.137	252.27	-1.2986	-0.66369	290.54	0.33214	21.79	269.13	-69.662	50.893	184.62	-96.54	40.868	189.66	-129.28	11.99
324.04	-18.056	6.745	250.89	-1.8939	0.17864	290.54	0.33012	21.802	267.63	-70.608	51.497	183.14	-97.129	41.434	188.08	-129.8	12.366
323.35	-19.407	8.1806	249.43	-2.4832	1.1101	290.54	0.32894	21.799	266.01	-71.552	52.212	181.55	-97.711	42.032	186.59	-130.27	12.927
322.44	-20.686	9.6314	247.89	-3.0791	2.091	290.54	0.32312	21.801	264.34	-72.491	52.991	179.84	-98.308	42.652	184.9	-130.79	13.335
321.32	-21.878	11.009	246.34	-3.6856	2.8104	290.55	0.32701	21.807	262.5	-73.465	53.663	178.02	-98.9	43.263	183.12	-131.16	13.83
319.92	-23.097	12.223	244.65	-4.3873	4.0045	290.55	0.33029	21.799	260.6	-74.401	54.421	176.06	-99.495	43.935	181.29	-131.62	14.356
318.34	-24.245	13.389	242.83	-4.9941	4.9737	290.56	0.32165	21.797	258.56	-75.362	55.192	173.97	-100.08	44.576	179.21	-132.08	14.878
316.52	-25.393	14.422	240.97	-5.6281	6.0213	290.56	0.31897	21.795	256.39	-76.329	55.963	171.74	-100.66	45.242	177.25	-132.91	15.46
314.56	-26.516	15.43	239.03	-6.2656	7.0587	290.56	0.31209	21.808	254.07	-77.311	56.733	169.37	-101.23	45.867	174.75	-132.93	15.807
312.4	-27.581	16.364	236.89	-6.7928	8.1856	290.56	0.31181	21.795	251.66	-78.32	57.424	166.87	-101.82	46.476	172.43	-133.34	16.393
310.06	-28.586	17.295	235	-6.9679	10.034	290.56	0.30861	21.803	249.34	-79.081	58.402	164.28	-102.46	47.064	169.94	-133.86	16.759
307.51	-29.398	18.156	232.69	-7.4251	11.394	290.57	0.31351	21.811	246.71	-80.048	59.034	161.63	-103.12	47.634	167.24	-134.28	17.005
304.7	-30.111	18.899	230.14	-7.8392	12.922	290.56	0.30864	21.803	243.95	-80.991	59.74	158.86	-103.82	48.192	164.65	-134.78	17.517
301.7	-30.64	19.674	227.45	-8.2818	14.309	290.56	0.30928	21.803	241.12	-81.913	60.283	156.04	-104.56	48.707	161.96	-135.27	17.737
298.5	-31.028	20.293	224.65	-8.5239	15.576	290.56	0.3073	21.8	238.18	-82.692	60.782	153.1	-105.29	49.171	159.04	-135.69	17.955
295.04	-31.235	20.765	221.75	-8.7807	17.028	290.56	0.31992	21.807	235.1	-83.421	61.231	150.06	-106.03	49.637	156.16	-136.16	18.234
291.42	-31.385	21.155	218.55	-8.9517	18.312	290.55	0.3169	21.803	231.92	-84.091	61.745	146.93	-106.74	50.076	153.4	-136.92	18.607
287.65	-31.3	21.572	215.19	-9.0984	19.665	290.55	0.32686	21.806	228.62	-84.594	62.108	143.73	-107.43	50.532	150.19	-137.07	18.817
283.55	-31.062	21.83	211.66	-9.2796	21.119	290.55	0.32685	21.796	225.24	-85.025	62.455	140.41	-108.11	50.91	146.96	-137.41	18.921
279.46	-30.728	22.191	208	-9.204	22.246	290.55	0.32649	21.794	221.74	-85.386	62.769	136.98	-108.78	51.272	143.77	-137.8	19.159
275.05	-30.244	22.457	204.17	-9.1794	23.49	290.55	0.33763	21.8	218.12	-85.683	63.095	133.45	-109.42	51.599	140.51	-138.41	19.418
275.05	-30.244	22.457	200.25	-9.2198	24.799	290.54	0.33952	21.806	214.35	-85.875	63.388	129.82	-110.07	51.93	136.96	-138.55	19.387
265.5	-28.878	22.999	196.18	-9.1877	25.873	290.55	0.33896	21.799	210.47	-86.107	63.658	126.09	-110.68	52.19	133.4	-138.84	19.484
260.33	-28.086	23.193	192.02	-9.1322	26.891	290.55	0.33747	21.799	206.5	-86.226	63.888	122.27	-111.27	52.452	129.76	-139.13	19.475
254.95	-27.168	23.346	187.77	-9.0329	27.873	290.55	0.32637	21.806	202.39	-86.285	64.08	118.85	-111.52	53.061	126.76	-139.34	20.232
254.95	-27.168	23.346	183.34	-8.8998	28.675	290.54	0.33604	21.798	198.18	-86.334	64.313	114.84	-112.06	53.256	122.93	-139.57	20.115
254.95	-27.168	23.346	178.81	-8.7782	29.469	290.55	0.32882	21.797	193.89	-86.31	64.548	110.72	-112.59	53.404	118.84	-139.54	20.082
237.76	-23.812	23.754	174.2	-8.6441	30.123	290.55	0.33071	21.801	189.5	-86.201	64.781	106.53	-113.08	53.539	115.14	-140.01	20.152
290.56	0.3305	21.801	169.36	-8.4075	30.586	NaN	NaN	NaN	185.07	-86.082	64.971	102.29	-113.53	53.687	110.86	-140.05	20.019
290.56	0.32516	21.802	164.44	-8.2479	30.923	NaN	NaN	NaN	180.53	-85.784	65.102	97.965	-114.01	53.778	106.78	-140.21	19.999
290.56	0.32139	21.797	159.38	-7.9499	31.085	NaN	NaN	NaN	175.93	-85.45	65.221	93.636	-114.43	53.897	102.72	-140.37	19.984
290.56	0.32404	21.801	154.24	-7.6532	31.178	NaN	NaN	NaN	171.3	-85.007	65.334	89.22	-114.85	53.98	98.582	-140.71	19.959
290.56	0.31385	21.799	149.01	-7.3453	31.169	NaN	NaN	NaN	166.62	-84.473	65.323	84.791	-115.25	54.05	94.3	-140.69	19.861
290.56	0.31244	21.808	143.69	-7.0035	31.086	NaN	NaN	NaN	161.89	-83.874	65.467	80.311	-115.6	54.103	90.199	-140.96	19.931
290.57	0.31501	21.8	138.31	-6.6139	30.947	NaN	NaN	NaN	157.12	-83.211	65.521	75.312	-116.28	53.726	85.218	-141.26	19.367
290.56	0.32124	21.812	132.83	-6.1528	30.751	NaN	NaN	NaN	152.11	-82.689	65.187	70.807	-116.62	53.776	80.956	-141.38	19.289
290.56	0.31914	21.808	127.24	-5.5932	30.492	NaN	NaN	NaN	147.28	-81.816	65.107	66.3	-116.96	53.739	76.735	-141.61	19.223
290.56	0.32167	21.797	121.64	-5.1104	30.216	NaN	NaN	NaN	142.42	-80.876	64.954	62.307	-116.96	54.027	72.703	-141.15	19.412
290.56	0.32022	21.806	115.95	-4.5162	29.826	NaN	NaN	NaN	137.54	-79.833	64.771	57.295	-117.57	53.599	68.15	-141.76	18.873
290.55	0.33097	21.801	110.18	-3.9107	29.343	NaN	NaN	NaN	132.66	-78.741	64.562	52.822	-117.88	53.5	63.799	-141.83	18.807
290.55	0.32741	21.795	104.44	-3.3256	28.824	NaN	NaN	NaN	127.72	-77.607	64.183	48.376	-118.08	53.339	59.504	-141.81	18.563
290.54	0.33613	21.797	98.698	-2.71	28.253	133.63	-2.1883	16.814	122.79	-76.373	63.849	43.944	-118.37	53.225	55.359	-141.91	18.301
290.54	0.33403	21.793	92.882	-2.1393	27.65	125.52	-0.80082	15.965	117.87	-75.137	63.448	39.545	-118.56	52.984	51.047	-141.91	18.087
290.55	0.33816	21.801	87.077	-1.4724	26.8	117.54	0.39161	14.905	112.95	-73.882	63.001	35.203	-118.78	52.83	46.995	-141.98	17.943
290.54	0.34447	21.8	81.278	-0.94726	26.08	109.74	1.4972	14.01	108	-72.623	62.458	30.882	-118.93	52.588	42.662	-141.76	17.633
290.55	0.35013	21.807	75.461	-0.29594	25.097	102.13	2.4683	13.069	103.07	-71.345	61.961	26.615	-119.08	52.351	38.73	-141.99	17.455
290.54	0.3418	21.809	69.758	0.22044	24.286	94.784	3.3519	12.073	98.21	-70.105	61.521	22.362	-119.2	52.098	34.666	-141.92	17.182
290.54	0.34159	21.795	63.68	0.85808	23.332	88.067	4.2086	11.119	93.339	-68.939	61.014	18.173	-119.29	51.781	30.707	-141.95	16.914
290.55	0.33612	21.797	57.556	1.3871	22.529	82.035	5.0381	10.186	88.523	-67.79	60.543	14.081	-119.38	51.485	26.794	-141.97	16.67
290.55	0.32903	21.798	51.752	1.9815	21.572	76.169	5.8449	9.3805	83.744	-66.693	59.969	10.04	-119.47	51.181	23.002	-141.96	16.296
290.55	0.33088	21.8	46.104	2.5099	20.686	70.416	6.5308	8.5152	79.101	-65.637	59.524	6.08	-119.55	50.849	19.278	-141.89	15.988
290.56	0.32249	21.811	40.619	2.9519	19.918	64.801	7.1759	7.6778	74.535	-64.638	58.989	2.1759	-119.57	50.498	15.528	-141.84	15.673
290.56	0.32157	21.809	35.309	3.3401	19.146	59.402	7.7954	6.9207	70.08	-63.72	58.474	-1.6581	-119.58	50.1	11.99	-141.83	15.321
290.56	0.32423	21.8	30.103	3.7533	18.322	54.141	8.3481	6.1879	65.701	-62.869	58.007	-5.3909	-119.59	49.681	8.4896	-141.78	14.903
290.55	0.31765	21.793	25.126	4.128	17.736	49.049	8.8716	5.4897	61.456	-62.03	57.49	-9.0168	-119.57	49.261	5.1446	-141.71	14.518
290.56	0.31801	21.807	20.233	4.4709	16.946	44.159	9.3551	4.7593	57.358	-61.266	57.016	-12.493	-119.57	48.834	1.8322	-141.63	14.106
290.55	0.31366	21.813	15.578	4.789	16.244	39.433	9.8243	4.0346	53.444	-60.51	56.541	-15.875	-119.59	48.333	-1.2802	-141.6	13.646
290.55	0.31726	21.806	11.12	5.0969	15.637	34.905	10.224	3.2686	49.626	-59.81	56.041	-19.123	-119.56	47.918	-4.3221	-141.53	13.163
290.56	0.31925	21.806	6.8095	5.3893	14.809	30.576	10.579	2.5091	45.938	-59.094	55.585	-22.285	-119.53	47.464	-7.2409	-141.48	12.785
290.56	0.32052	21.809	2.7353	5.6445	14.123	26.452	10.971	1.7785	42.387	-58.451	55.067	-25.304	-119.5	47.016	-10.043	-141.39	12.383
290.55	0.32656	21.793	-1.1605	5.8638	13.501	22.511	11.214	0.99382	38.992	-57.815	54.629	-28.203	-119.42	46.566	-12.731	-141.37	11.919
290.56	0.33325	21.805	-4.8917	6.1499	12.528	18.826	11.513	0.29035	35.691	-57.182	54.184	-31.023	-119.38	46.092	-15.19	-141.28	11.583
290.55	0.33839	21.801	-8.3632	6.3394	11.855	15.372	11.755	-0.41583	32.556	-56.595	53.79	-33.66	-119.29	45.644	-17.592	-141.24	11.154
290.54	0.33628	21.797	-11.633	6.482	11.126	12.128	11.963	-1.1586	29.555	-56.031	53.458	-36.218	-119.2	45.136	-19.868	-141.17	10.758
290.55	0.34075	21.803	-14.737	6.7026	10.108	9.0679	12.168	-1.8793	26.672	-55.512	53.111	-38.646	-119.09	44.616	-21.991	-141.16	10.382
290.55	0.34071	21.804	-17.58	6.8446	9.3705	6.3233	12.341	-2.5458	23.962	-55.028	52.812	-40.958	-118.97	44.122	-23.928	-141.08	9.954
290.55	0.3427	21.793	-20.202	6.9614	8.5765	3.7593	12.474	-3.2384	21.386	-54.561	52.504	-43.149	-118.83	43.565	-25.822	-141.01	9.5912
290.55	0.35013	21.807	-22.59	7.0802	7.7486	1.4599	12.647	-3.9357	18.917	-54.12	52.169	-45.264	-118.69	42.992	-27.596	-140.95	9.0905
290.54	0.34588	21.801	-24.786	7.1751	6.8656	-0.63005	12.73	-4.6059	16.609	-53.726	51.886	-47.209	-118.51	42.378	-29.189	-140.86	8.7499
290.55	0.34239	21.806	-26.743	7.3299	5.9627	-2.552	12.815	-5.3918	14.466	-53.334	51.577	-49.072	-118.35	41.76	-30.673	-140.78	8.2741
290.55	0.34188	21.806	-28.564	7.4166	4.9857	-4.2074	12.824	-6.0278	12.427	-53.015	51.203	-50.784	-118.15	41.136	-32.043	-140.7	7.7504
290.55	0.33327	21.803	-30.185	7.491	4.0254	-5.7763	12.888	-6.8289	10.549	-52.667	50.834	-52.394	-117.97	40.456	-33.32	-140.61	7.3098
290.55	0.32834	21.795	-31.666	7.5604	3.0503	-7.1495	12.934	-7.6053	8.818	-52.38	50.388	-53.859	-117.77	39.752	-34.516	-140.55	6.7639
290.56	0.33216	21.802	-33.052	7.6399	1.9441	-8.4322	12.899	-8.5075	7.2454	-52.086	49.901	-55.23	-117.59	38.982	-35.554	-140.44	6.2417
290.56	0.32465	21.801	-34.309	7.6824	0.7857	-9.5695	12.872	-9.43	5.8042	-51.82	49.357	-56.476	-117.41	38.243	-36.538	-140.37	5.5945
290.56	0.32582	21.803	-35.398	7.7487	-0.39426	-10.595	12.846	-10.446	4.4628	-51.554	48.663	-57.565	-117.23	37.482	-37.444	-140.29	5.0116
290.56	0.32607	21.803	-36.438	7.7185	-1.595	-11.526	12.771	-11.462	3.3013	-51.269	47.992	-58.605	-117.07	36.62	-38.253	-140.26	4.3735
290.57	0.32725	21.806	-37.306	7.7856	-2.9123	-12.331	12.645	-12.622	2.2404	-50.99	47.254	-59.487	-116.91	35.856	-38.967	-140.2	3.6257
290.56	0.32335	21.799	-38.077	7.7412	-4.2712	-12.98	12.421	-13.782	1.2222	-50.746	46.45	-60.299	-116.74	34.977	-39.572	-140.11	2.9718
290.56	0.32032	21.797	-38.699	7.7122	-5.6342	-13.524	12.26	-14.957	0.30433	-50.499	45.742	-61.06	-116.62	34.152	-40.147	-140.11	2.2517
290.56	0.32224	21.811	-39.185	7.6524	-7.0034	-13.937	12.064	-16.125	-0.53067	-50.298	45.055	-61.752	-116.44	33.292	-40.567	-140.08	1.5831
290.55	0.31454	21.797	-39.537	7.533	-8.3227	-14.149	11.876	-17.219	-1.308	-50.121	44.44	-62.371	-116.27	32.471	-40.915	-140.06	1.0056
290.54	0.33064	21.803	-39.774	7.3815	-9.5958	-14.234	11.617	-18.16	-2.0651	-49.952	43.862	-62.957	-116.13	31.724	-41.205	-139.99	0.46058
290.53	0.3271	21.796	-39.933	7.2365	-10.763	-14.224	11.555	-18.635	-2.7105	-49.821	43.46	-63.461	-116	30.957	-41.439	-140.05	0.04765
290.53	0.32724	21.795	-40.234	7.2448	-11.49	-14.477	11.815	-18.61	-3.2723	-49.766	43.244	-63.927	-115.88	30.295	-41.567	-140.06	-0.32544
290.52	0.34049	21.782	-40.236	7.2224	-11.65	-14.34	11.757	-18.691	-3.7031	-49.893	43.221	-64.322	-115.75	29.8	-41.689	-140.09	-0.68672
290.53	0.34541	21.79	-40.153	7.181	-11.674	-14.193	11.627	-18.56	-4.0641	-50.03	43.389	-64.668	-115.71	29.492	-41.771	-140.14	-0.8648
290.52	0.34367	21.801	-40.025	7.1061	-11.733	-13.987	11.426	-18.341	-4.3743	-50.139	43.668	-64.903	-115.72	29.363	-41.85	-140.18	-0.81046
290.52	0.34284	21.787	-39.859	7.0252	-11.768	-13.862	11.29	-18.227	-4.6088	-50.183	43.934	-65.054	-115.79	29.36	-41.916	-140.19	-0.55443
290.53	0.34457	21.801	-39.831	6.8755	-11.925	-13.726	11.173	-18.131	-4.7765	-50.165	44.218	-65.147	-115.8	29.41	-41.936	-140.17	-0.32192
290.53	0.33786	21.79	-40.037	6.6765	-12.482	-13.625	11.103	-18.077	-4.9573	-50.144	44.401	-65.225	-115.74	29.43	-41.984	-140.17	-0.24764
290.54	0.34008	21.792	-40.036	6.6477	-12.559	-13.62	11.112	-18.037	-5.0822	-50.061	44.467	-65.318	-115.61	29.404	-41.992	-140.17	-0.18506
290.54	0.34352	21.799	-40.076	6.6389	-12.652	-13.642	11.173	-17.969	-5.1725	-49.956	44.456	-65.391	-115.55	29.342	-41.978	-140.16	-0.14729
290.54	0.3427	21.797	-40.158	6.6474	-12.759	-13.717	11.239	-17.95	-5.241	-49.856	44.398	-65.431	-115.5	29.257	-41.948	-140.15	-0.15488
290.54	0.3337	21.795	-40.212	6.6691	-12.83	-13.785	11.295	-17.959	-5.2621	-49.785	44.323	-65.429	-115.47	29.153	-41.939	-140.13	-0.2028
290.56	0.33324	21.803	-40.255	6.6853	-12.912	-13.816	11.352	-17.961	-5.2888	-49.711	44.179	-65.423	-115.41	29.051	-41.92	-140.11	-0.23289
290.56	0.32739	21.792	-40.279	6.6955	-12.97	-13.825	11.378	-17.967	-5.2871	-49.664	44.059	-65.414	-115.35	28.966	-41.902	-140.1	-0.3262
290.57	0.33182	21.797	-40.295	6.752	-13.148	-13.809	11.385	-17.954	-5.2887	-49.625	43.994	-65.435	-115.29	28.879	-41.882	-140.08	-0.38217
290.57	0.32762	21.792	-40.298	6.7731	-13.186	-13.792	11.37	-17.952	-5.2964	-49.607	43.926	-65.451	-115.25	28.814	-41.89	-140.1	-0.45952
290.56	0.32589	21.803	-40.29	6.7808	-13.196	-13.787	11.353	-17.945	-5.3123	-49.573	43.908	-65.451	-115.22	28.719	-41.883	-140.11	-0.49058
290.57	0.33275	21.799	-40.303	6.7789	-13.222	-13.794	11.333	-17.944	-5.3576	-49.548	43.896	-65.477	-115.21	28.67	-41.868	-140.11	-0.49841
290.57	0.33191	21.797	-40.333	6.7908	-13.261	-13.8	11.324	-17.922	-5.4053	-49.523	43.896	-65.489	-115.18	28.643	-41.861	-140.12	-0.47322
290.56	0.32688	21.791	-40.356	6.7814	-13.297	-13.815	11.307	-17.893	-5.4639	-49.483	43.899	-65.512	-115.16	28.598	-41.865	-140.13	-0.4638
290.56	0.33394	21.789	-40.382	6.7942	-13.306	-13.822	11.309	-17.866	-5.5199	-49.448	43.918	-65.55	-115.14	28.573	-41.884	-140.14	-0.46678
290.55	0.33003	21.798	-40.416	6.7865	-13.315	-13.81	11.241	-17.757	-5.5749	-49.415	43.917	-65.6	-115.13	28.526	-41.899	-140.16	-0.46661
290.55	0.33836	21.801	-40.437	6.79	-13.34	-13.834	11.234	-17.744	-5.6332	-49.39	43.916	-65.661	-115.11	28.489	-41.921	-140.17	-0.46897
290.54	0.34543	21.799	-40.47	6.7834	-13.362	-13.845	11.221	-17.727	-5.6906	-49.361	43.902	-65.713	-115.11	28.449	-41.95	-140.18	-0.47693
290.54	0.34493	21.798	-40.496	6.788	-13.406	-13.853	11.214	-17.714	-5.7234	-49.365	43.88	-65.754	-115.09	28.433	-42.021	-140.2	-0.52051
290.53	0.34512	21.789	-40.507	6.7825	-13.416	-13.856	11.205	-17.691	-5.7517	-49.371	43.863	-65.807	-115.08	28.396	-42.065	-140.21	-0.55206
290.52	0.34297	21.786	-40.534	6.7682	-13.438	-13.872	11.191	-17.689	-5.7834	-49.379	43.826	-65.848	-115.07	28.369	-42.099	-140.21	-0.58167
290.52	0.34328	21.786	-40.545	6.7622	-13.449	-13.866	11.176	-17.663	-5.7834	-49.4	43.803	-65.888	-115.05	28.342	-42.161	-140.22	-0.60174
290.53	0.34619	21.791	-40.551	6.7593	-13.467	-13.878	11.152	-17.667	-5.8003	-49.41	43.76	-65.911	-115.03	28.322	-42.199	-140.23	-0.6449
290.53	0.33838	21.788	-40.552	6.7572	-13.454	-13.871	11.135	-17.661	-5.805	-49.438	43.713	-65.944	-115.04	28.3	-42.242	-140.22	-0.66305
290.53	0.3382	21.789	-40.559	6.7376	-13.444	-13.882	11.113	-17.679	-5.7964	-49.457	43.678	-65.958	-115.03	28.283	-42.281	-140.23	-0.69913
290.54	0.34007	21.792	-40.563	6.7214	-13.456	-13.874	11.09	-17.672	-5.7693	-49.486	43.637	-65.971	-115.03	28.274	-42.34	-140.24	-0.72913
290.54	0.33307	21.791	-40.558	6.7111	-13.472	-13.865	11.073	-17.66	-5.7486	-49.51	43.609	-65.973	-115.03	28.272	-42.372	-140.25	-0.74732
290.54	0.32957	21.786	-40.545	6.7055	-13.466	-13.853	11.051	-17.65	-5.7068	-49.542	43.56	-65.971	-115.04	28.256	-42.402	-140.25	-0.77646
290.55	0.32551	21.792	-40.55	6.6766	-13.485	-13.847	11.036	-17.639	-5.6588	-49.562	43.542	-65.968	-115.04	28.254	-42.425	-140.25	-0.78984
290.55	0.32672	21.794	-40.534	6.6711	-13.479	-13.844	11.013	-17.648	-5.6147	-49.582	43.51	-65.948	-115.05	28.242	-42.455	-140.25	-0.82294
290.54	0.31999	21.785	-40.554	6.7022	-13.555	-13.825	10.992	-17.634	-5.5768	-49.596	43.479	-65.94	-115.06	28.239	-42.467	-140.26	-0.84613
290.55	0.32152	21.801	-40.516	6.6671	-13.473	-13.823	10.975	-17.627	-5.5255	-49.622	43.422	-65.92	-115.08	28.228	-42.472	-140.27	-0.87124
290.55	0.3265	21.794	-40.517	6.6493	-13.468	-13.806	10.957	-17.627	-5.4826	-49.644	43.389	-65.891	-115.08	28.21	-42.483	-140.27	-0.90297
290.54	0.3219	21.785	-40.536	6.6814	-13.555	-13.797	10.947	-17.612	-5.4356	-49.659	43.35	-65.857	-115.09	28.224	-42.479	-140.27	-0.91971
290.55	0.32494	21.791	-40.514	6.6377	-13.474	-13.782	10.929	-17.613	-5.3901	-49.652	43.31	-65.827	-115.09	28.207	-42.487	-140.28	-0.94489
290.55	0.32385	21.791	-40.511	6.6482	-13.451	-13.78	10.916	-17.62	-5.3305	-49.66	43.279	-65.803	-115.09	28.206	-42.486	-140.28	-0.97107
290.55	0.32644	21.794	-40.502	6.6396	-13.451	-13.767	10.909	-17.603	-5.2776	-49.661	43.246	-65.759	-115.1	28.207	-42.489	-140.28	-1.0031
290.55	0.33608	21.797	-40.511	6.6376	-13.471	-13.759	10.901	-17.614	-5.2305	-49.656	43.214	-65.734	-115.1	28.193	-42.471	-140.27	-1.0222
290.54	0.33281	21.791	-40.514	6.6497	-13.465	-13.748	10.893	-17.613	-5.1907	-49.676	43.168	-65.698	-115.08	28.189	-42.469	-140.27	-1.048
290.54	0.33297	21.792	-40.509	6.6669	-13.469	-13.743	10.883	-17.614	-5.1491	-49.656	43.13	-65.663	-115.08	28.193	-42.473	-140.25	-1.0731
290.54	0.34273	21.783	-40.517	6.6636	-13.474	-13.743	10.882	-17.618	-5.118	-49.663	43.083	-65.638	-115.07	28.192	-42.459	-140.24	-1.1032
290.53	0.34832	21.793	-40.522	6.6758	-13.47	-13.726	10.88	-17.608	-5.0729	-49.638	43.083	-65.612	-115.06	28.18	-42.454	-140.23	-1.1253
290.54	0.35513	21.789	-40.514	6.6817	-13.464	-13.718	10.872	-17.623	-5.0459	-49.635	43.067	-65.577	-115.04	28.193	-42.459	-140.21	-1.1312
290.53	0.35231	21.785	-40.502	6.7011	-13.45	-13.717	10.872	-17.625	-5.0127	-49.632	43.032	-65.565	-115.03	28.176	-42.457	-140.21	-1.15
290.52	0.35775	21.782	-40.514	6.697	-13.474	-13.706	10.868	-17.633	-4.9895	-49.616	43.037	-65.531	-115.02	28.183	-42.451	-140.21	-1.1717
