141.18	-0.96431	20.283	-33.936	0.95288	-13.453	-7.3496	5.9843	-17.788	-1.9003	-55.804	42.216	-63.658	-120.55	27.027	-41.002	-146.19	-2.531
141.19	-0.96017	20.288	-33.955	0.99422	-13.579	-7.345	5.9873	-17.787	-1.8977	-55.8	42.207	-63.658	-120.54	27.021	-41.004	-146.2	-2.4685
141.19	-0.95843	20.277	-33.951	0.99739	-13.576	-7.3483	5.9828	-17.775	-1.903	-55.803	42.201	-63.658	-120.52	27.028	-40.995	-146.18	-2.5114
141.19	-0.96891	20.273	-33.946	1.0002	-13.573	-7.3484	5.9717	-17.797	-1.9072	-55.791	42.192	-63.65	-120.52	27.034	-40.991	-146.18	-2.4986
141.18	-0.96273	20.287	-33.932	0.968	-13.443	-7.3479	5.9718	-17.797	-1.903	-55.788	42.196	-63.656	-120.52	27.029	-40.986	-146.18	-2.5086
141.19	-0.96527	20.277	-33.939	0.96391	-13.449	-7.3536	5.9665	-17.789	-1.8991	-55.784	42.2	-63.659	-120.51	27.032	-40.981	-146.18	-2.4963
141.19	-0.97153	20.283	-33.962	0.99401	-13.599	-7.3423	5.9614	-17.787	-1.8996	-55.784	42.198	-63.652	-120.51	27.036	-40.998	-146.2	-2.4584
141.2	-0.96589	20.28	-33.947	1.0035	-13.599	-7.3433	5.9594	-17.801	-1.9005	-55.784	42.184	-63.645	-120.5	27.04	-40.983	-146.2	-2.448
141.19	-0.97047	20.286	-33.948	1.0033	-13.601	-7.3436	5.9629	-17.8	-1.8894	-55.764	42.201	-63.639	-120.51	27.028	-40.988	-146.2	-2.4388
141.19	-0.96832	20.29	-33.94	1.0187	-13.588	-7.3394	5.9616	-17.782	-1.8896	-55.777	42.193	-63.644	-120.5	27.029	-40.963	-146.2	-2.4442
141.19	-0.97069	20.288	-33.925	0.97315	-13.451	-7.3416	5.9496	-17.791	-1.8878	-55.762	42.187	-63.637	-120.49	27.023	-40.977	-146.2	-2.4181
141.19	-0.97047	20.286	-33.932	1.0131	-13.587	-7.3419	5.9511	-17.805	-1.8878	-55.762	42.187	-63.642	-120.48	27.038	-41.022	-146.21	-2.4641
141.2	-0.97818	20.285	-33.913	0.98235	-13.44	-7.3395	5.9505	-17.803	-1.8848	-55.758	42.176	-63.639	-120.48	27.027	-41.02	-146.22	-2.4532
141.2	-0.96571	20.28	-33.942	1.0197	-13.591	-7.3331	5.9528	-17.785	-1.8831	-55.756	42.179	-63.641	-120.47	27.043	-40.987	-146.2	-2.4254
141.19	-0.97051	20.286	-33.943	1.0191	-13.591	-7.3341	5.9527	-17.785	-1.8834	-55.742	42.172	-63.639	-120.47	27.032	-40.976	-146.18	-2.4288
141.19	-0.97025	20.285	-33.93	1.0415	-13.584	-7.3351	5.9527	-17.784	-1.8896	-55.745	42.181	-63.654	-120.46	27.027	-41.037	-146.2	-2.4495
141.19	-0.96888	20.274	-33.935	1.0381	-13.576	-7.3341	5.9527	-17.785	-1.8987	-55.737	42.166	-63.654	-120.45	27.032	-40.993	-146.18	-2.4152
141.19	-0.95902	20.279	-33.942	1.048	-13.587	-7.3514	5.9547	-17.794	-1.9028	-55.727	42.185	-63.662	-120.45	27.027	-41.013	-146.18	-2.4101
141.19	-0.97025	20.285	-33.942	1.0078	-13.458	-7.3464	5.9584	-17.789	-1.9147	-55.72	42.168	-63.673	-120.43	27.018	-41.012	-146.18	-2.4089
141.19	-0.95847	20.276	-33.952	1.0557	-13.578	-7.3464	5.9584	-17.789	-1.9317	-55.706	42.168	-63.682	-120.42	27.017	-41.017	-146.17	-2.4042
141.19	-0.95784	20.291	-33.958	1.0543	-13.595	-7.3423	5.9622	-17.783	-1.9281	-55.69	42.176	-63.691	-120.41	27.016	-41.021	-146.17	-2.3934
141.19	-0.95756	20.278	-33.965	1.0495	-13.588	-7.3478	5.9584	-17.788	-1.9327	-55.691	42.173	-63.699	-120.4	27.028	-41.033	-146.17	-2.3849
141.18	-0.96236	20.287	-33.963	1.0654	-13.593	-7.3552	5.9643	-17.788	-1.9468	-55.687	42.169	-63.706	-120.4	27.012	-41.034	-146.17	-2.3809
141.18	-0.9647	20.283	-33.963	1.064	-13.58	-7.3526	5.9672	-17.785	-1.9674	-55.675	42.164	-63.712	-120.4	27.014	-41.046	-146.17	-2.3735
141.18	-0.96383	20.285	-33.97	1.0632	-13.598	-7.3511	5.9539	-17.777	-1.9603	-55.67	42.171	-63.71	-120.39	27.014	-41.044	-146.16	-2.3715
141.19	-0.9681	20.271	-33.966	1.0659	-13.595	-7.3455	5.9577	-17.772	-1.9665	-55.671	42.154	-63.712	-120.38	27.007	-41.05	-146.17	-2.3759
141.18	-0.9613	20.288	-33.969	1.0776	-13.589	-7.3501	5.954	-17.777	-1.9699	-55.674	42.15	-63.715	-120.38	27.015	-41.048	-146.17	-2.3613
141.18	-0.97522	20.276	-33.967	1.0657	-13.597	-7.3516	5.9539	-17.777	-1.966	-55.66	42.16	-63.716	-120.38	27.016	-41.052	-146.17	-2.3635
141.19	-0.96941	20.286	-33.979	1.0592	-13.606	-7.3552	5.9502	-17.783	-1.9619	-55.656	42.163	-63.719	-120.38	27.001	-41.053	-146.17	-2.3767
141.19	-0.96934	20.287	-33.973	1.0623	-13.601	-7.3509	5.9413	-17.785	-1.9603	-55.668	42.158	-63.717	-120.37	27.006	-41.056	-146.17	-2.3651
141.19	-0.97049	20.287	-33.975	1.0729	-13.596	-7.3504	5.9413	-17.785	-1.961	-55.655	42.166	-63.72	-120.37	27.007	-41.054	-146.17	-2.3642
141.19	-0.97045	20.285	-33.978	1.0623	-13.619	-7.3404	5.9312	-17.771	-1.9603	-55.668	42.158	-63.717	-120.37	27.01	-41.057	-146.17	-2.365
141.2	-0.97516	20.29	-33.974	1.0636	-13.614	-7.3482	5.9296	-17.791	-1.9627	-55.656	42.149	-63.72	-120.37	27.006	-41.067	-146.17	-2.3549
141.2	-0.96553	20.279	-33.969	1.079	-13.603	-7.3409	5.9312	-17.77	-1.9581	-55.654	42.166	-63.721	-120.35	26.999	-41.072	-146.17	-2.36
141.19	-0.97026	20.285	-33.979	1.0723	-13.612	-7.3404	5.9312	-17.771	-1.9648	-55.657	42.149	-63.728	-120.36	27.006	-41.072	-146.16	-2.3528
141.18	-0.97351	20.28	-33.973	1.0763	-13.607	-7.3515	5.9236	-17.781	-1.9606	-55.654	42.151	-63.733	-120.35	26.996	-41.075	-146.16	-2.3551
141.19	-0.96814	20.29	-33.969	1.0776	-13.589	-7.3489	5.9281	-17.777	-1.9671	-55.644	42.152	-63.729	-120.34	27.001	-41.073	-146.16	-2.3498
141.19	-0.9698	20.272	-33.981	1.0729	-13.614	-7.3404	5.9312	-17.771	-1.9667	-55.643	42.154	-63.733	-120.34	26.997	-41.078	-146.14	-2.3471
141.19	-0.97114	20.284	-33.977	1.076	-13.612	-7.3409	5.9312	-17.77	-1.9682	-55.632	42.16	-63.746	-120.34	26.993	-41.081	-146.16	-2.3543
141.19	-0.95888	20.278	-33.983	1.0846	-13.609	-7.3455	5.9274	-17.776	-1.9749	-55.635	42.153	-63.743	-120.32	27	-41.092	-146.15	-2.3452
141.19	-0.96764	20.276	-33.989	1.0819	-13.616	-7.3462	5.94	-17.768	-1.9827	-55.626	42.14	-63.749	-120.32	26.998	-41.084	-146.15	-2.3512
141.19	-0.96019	20.288	-33.99	1.0819	-13.615	-7.3467	5.94	-17.767	-1.9823	-55.626	42.141	-63.749	-120.32	26.998	-41.091	-146.15	-2.3285
141.19	-0.96402	20.278	-33.981	1.089	-13.607	-7.3537	5.9368	-17.774	-1.9897	-55.616	42.143	-63.751	-120.31	27.003	-41.089	-146.15	-2.3528
141.18	-0.96321	20.282	-33.978	1.091	-13.604	-7.3582	5.9331	-17.78	-1.9967	-55.619	42.139	-63.762	-120.31	26.999	-41.096	-146.14	-2.3267
141.18	-0.96208	20.284	-33.99	1.0963	-13.622	-7.3462	5.94	-17.768	-2.0095	-55.615	42.132	-63.763	-120.3	26.988	-41.104	-146.13	-2.3263
141.18	-0.9615	20.288	-33.985	1.0988	-13.602	-7.3592	5.9331	-17.78	-2.0161	-55.607	42.134	-63.772	-120.3	26.987	-41.104	-146.13	-2.3251
141.18	-0.96125	20.287	-33.983	1.0996	-13.602	-7.357	5.9324	-17.763	-2.0032	-55.609	42.152	-63.775	-120.3	26.983	-41.097	-146.13	-2.3192
141.18	-0.96558	20.281	-33.993	1.1094	-13.616	-7.357	5.9324	-17.763	-2.0123	-55.604	42.15	-63.782	-120.29	26.986	-41.105	-146.13	-2.3238
141.19	-0.96082	20.275	-34	1.1028	-13.609	-7.3526	5.9235	-17.766	-2.0169	-55.605	42.134	-63.777	-120.29	26.989	-41.11	-146.14	-2.3152
141.19	-0.96685	20.29	-33.992	1.0961	-13.609	-7.3615	5.9286	-17.769	-2.019	-55.608	42.145	-63.779	-120.28	26.989	-41.112	-146.14	-2.3039
141.18	-0.96467	20.284	-34	1.0927	-13.616	-7.3667	5.9234	-17.761	-2.016	-55.604	42.135	-63.779	-120.28	26.988	-41.121	-146.15	-2.3234
141.19	-0.97174	20.283	-33.995	1.1061	-13.605	-7.3596	5.9295	-17.766	-2.0197	-55.595	42.137	-63.776	-120.28	26.977	-41.119	-146.14	-2.3224
141.19	-0.97238	20.282	-33.99	1.0955	-13.595	-7.361	5.9153	-17.76	-2.0286	-55.602	42.129	-63.776	-120.28	26.975	-41.106	-146.14	-2.3131
141.19	-0.97264	20.281	-33.994	1.0917	-13.598	-7.36	5.9154	-17.76	-2.0139	-55.603	42.135	-63.774	-120.28	26.979	-41.112	-146.14	-2.3162
141.18	-0.97435	20.278	-33.986	1.0855	-13.599	-7.3677	5.9087	-17.768	-2.0098	-55.601	42.14	-63.779	-120.28	26.974	-41.106	-146.14	-2.312
141.18	-0.97544	20.276	-34.007	1.088	-13.622	-7.3646	5.9116	-17.766	-2.009	-55.599	42.128	-63.765	-120.29	26.979	-41.099	-146.15	-2.3122
141.19	-0.97	20.272	-34.002	1.0928	-13.632	-7.3547	5.9156	-17.757	-2.0069	-55.598	42.129	-63.766	-120.28	26.996	-41.105	-146.15	-2.3202
141.19	-0.97115	20.284	-34.008	1.0887	-13.637	-7.3552	5.9156	-17.756	-2.0007	-55.606	42.128	-63.765	-120.28	26.983	-41.101	-146.15	-2.3165
141.18	-0.97403	20.281	-34.005	1.0879	-13.607	-7.3626	5.9124	-17.763	-2.0077	-55.6	42.138	-63.774	-120.28	26.988	-41.103	-146.15	-2.3311
141.18	-0.96471	20.283	-33.998	1.0935	-13.615	-7.3682	5.9087	-17.768	-2.0036	-55.608	42.123	-63.755	-120.28	26.984	-41.098	-146.15	-2.3142
141.19	-0.9709	20.27	-34.007	1.102	-13.628	-7.3636	5.9124	-17.762	-1.9911	-55.601	42.133	-63.759	-120.27	26.988	-41.096	-146.16	-2.3063
141.19	-0.96935	20.287	-34.012	1.0962	-13.619	-7.3509	5.9067	-17.758	-1.9953	-55.604	42.129	-63.757	-120.27	27.003	-41.102	-146.15	-2.3032
141.18	-0.97179	20.279	-33.998	1.0915	-13.616	-7.3605	5.9153	-17.76	-1.9852	-55.625	42.124	-63.749	-120.28	26.99	-41.086	-146.14	-2.2898
141.18	-0.96367	20.284	-34.004	1.087	-13.62	-7.36	5.9154	-17.76	-1.983	-55.653	42.111	-63.748	-120.27	27.011	-41.088	-146.16	-2.2839
141.18	-0.96001	20.287	-33.988	1.0822	-13.613	-7.346	5.9274	-17.776	-1.9671	-55.712	42.102	-63.742	-120.28	27.032	-41.071	-146.18	-2.258
141.18	-0.97347	20.279	-33.973	1.0467	-13.594	-7.3332	5.9417	-17.807	-1.945	-55.795	42.096	-63.724	-120.27	27.049	-41.049	-146.19	-2.2142
141.18	-0.96347	20.285	-33.942	0.96427	-13.452	-7.3163	5.9751	-17.841	-1.9314	-55.914	42.067	-63.702	-120.27	27.103	-41.067	-146.23	-2.2142
141.19	-0.96022	20.29	-33.892	0.91736	-13.415	-7.3359	6.1146	-18.007	-1.8833	-56.012	42.06	-63.671	-120.29	27.173	-41.022	-146.26	-2.1483
141.18	-0.96381	20.285	-33.835	0.84056	-13.36	-7.3399	6.2662	-18.098	-1.8304	-56.135	42.056	-63.64	-120.32	27.25	-40.996	-146.27	-2.0522
141.18	-0.96344	20.285	-33.785	0.75584	-13.268	-7.3562	6.4574	-18.216	-1.7045	-56.274	42.141	-63.564	-120.36	27.384	-40.988	-146.31	-2.0029
141.19	-0.96958	20.287	-33.707	0.65283	-12.936	-7.4081	6.738	-18.389	-1.5484	-56.511	42.213	-63.49	-120.42	27.492	-40.989	-146.34	-1.9523
141.19	-0.97373	20.282	-33.616	0.55567	-12.407	-7.3648	7.0468	-18.12	-1.3291	-56.772	42.28	-63.352	-120.53	27.602	-40.962	-146.41	-1.9306
141.19	-0.98162	20.281	-33.519	0.52614	-11.67	-7.0708	7.3627	-17.455	-0.94715	-57.219	42.422	-63.155	-120.65	27.717	-40.959	-146.48	-1.9502
141.18	-0.97479	20.281	-33.151	0.71124	-10.141	-6.4653	7.5408	-16.408	-0.4436	-57.814	42.67	-62.877	-120.84	27.852	-40.917	-146.59	-1.984
141.19	-0.97567	20.295	-32.979	0.59717	-8.6259	-5.5894	7.603	-15.197	0.14457	-58.588	42.961	-62.572	-121.11	28.045	-40.846	-146.67	-2.0363
141.2	-0.9797	20.285	-32.651	0.61308	-7.0928	-4.4507	7.7	-13.711	0.8865	-59.568	43.417	-62.217	-121.43	28.273	-40.741	-146.83	-2.109
141.2	-0.97969	20.285	-32.271	0.50272	-5.4765	-2.9981	7.6612	-12.063	1.6858	-60.646	43.888	-61.803	-121.81	28.509	-40.641	-146.99	-2.2401
141.2	-0.97862	20.287	-31.847	0.2832	-3.9111	-1.3064	7.4943	-10.337	2.5089	-61.856	44.381	-61.332	-122.24	28.729	-40.525	-147.15	-2.3811
141.19	-0.98222	20.282	-31.2	-0.015128	-2.2578	0.63043	7.254	-8.5788	3.4469	-63.128	44.922	-60.797	-122.7	28.969	-40.286	-147.44	-2.458
141.2	-0.98828	20.282	-30.288	-0.38025	-0.60702	2.6944	6.9191	-6.8091	4.434	-64.471	45.476	-60.197	-123.19	29.218	-40.038	-147.68	-2.556
141.2	-0.98847	20.283	-29.181	-0.77999	0.86515	4.933	6.5145	-5.1549	5.4811	-65.863	45.918	-59.526	-123.69	29.505	-39.702	-148.03	-2.7403
141.2	-0.98613	20.286	-27.867	-1.2545	2.3555	7.4171	5.9882	-3.5305	6.6056	-67.231	46.326	-58.782	-124.23	29.748	-39.401	-148.24	-2.8048
141.2	-0.98038	20.302	-26.413	-1.7336	3.7796	10.12	5.3981	-2.0319	7.8252	-68.64	46.699	-57.96	-124.78	29.994	-38.839	-148.71	-2.8473
141.2	-0.9876	20.286	-24.962	-2.1634	4.9937	13.036	4.7075	-0.6241	9.0988	-70.043	46.976	-57.08	-125.35	30.234	-38.351	-149.08	-2.9222
141.2	-0.98788	20.297	-23.466	-2.8008	6.3536	16.118	3.8945	0.66336	10.472	-71.477	47.212	-56.118	-125.97	30.495	-37.799	-149.6	-2.9776
141.2	-0.99111	20.294	-21.988	-3.3046	7.4171	19.493	3.0251	1.9744	11.892	-72.856	47.457	-55.156	-126.52	30.756	-37.139	-150.06	-2.8595
141.2	-0.99217	20.292	-20.483	-3.9655	8.5514	23.048	2.0252	3.0582	13.309	-74.22	47.708	-54.23	-126.97	30.999	-36.371	-150.52	-2.5438
141.2	-0.99345	20.291	-18.869	-4.6836	9.4942	26.818	0.91699	4.2036	14.75	-75.513	47.978	-53.271	-127.39	31.257	-35.443	-151.01	-2.2758
141.2	-0.99149	20.296	-17.233	-5.4588	10.253	30.725	-0.31347	5.2987	16.239	-76.846	48.188	-52.093	-127.92	31.527	-34.417	-151.54	-2.1209
141.19	-0.9956	20.288	-15.465	-6.2343	10.825	34.696	-1.5969	6.4353	17.847	-78.145	48.459	-50.736	-128.53	31.774	-33.27	-152.26	-2.0425
141.19	-0.99725	20.286	-13.626	-7.0118	11.26	38.633	-3.0315	7.4812	19.473	-79.495	48.641	-49.258	-129.2	32.003	-32.04	-153.04	-1.9253
141.19	-0.99817	20.286	-11.611	-7.8891	11.778	42.922	-4.2429	8.941	21.583	-80.519	49.304	-47.752	-129.8	32.184	-30.995	-153.46	-1.7736
141.19	-0.99723	20.289	-9.4581	-8.7583	12.198	46.826	-5.8121	9.8407	23.468	-81.862	49.536	-46.23	-130.36	32.396	-29.44	-154.33	-1.589
141.19	-0.9958	20.288	-7.1272	-9.7173	12.66	50.597	-7.4593	10.589	25.437	-83.207	49.728	-44.664	-130.92	32.69	-27.927	-154.97	-1.3366
141.2	-0.99342	20.292	-4.7486	-10.542	13.031	54.365	-9.0697	11.345	27.518	-84.555	49.81	-42.967	-131.54	32.984	-26.482	-155.69	-1.1165
141.2	-0.99168	20.296	-2.2546	-11.391	13.34	58.161	-10.726	11.959	29.713	-85.898	49.876	-41.142	-132.16	33.29	-25.085	-156.17	-0.87566
141.2	-0.99299	20.293	0.3214	-12.389	13.933	61.868	-12.412	12.49	32.004	-87.227	49.942	-39.288	-132.74	33.602	-23.685	-156.73	-0.70945
141.2	-0.99255	20.293	3.0377	-13.291	14.349	65.477	-14.115	12.855	34.391	-88.599	49.938	-37.365	-133.29	33.961	-21.987	-157.49	-0.44435
141.2	-0.99387	20.292	5.8375	-14.191	14.822	69.07	-15.775	13.107	36.858	-89.916	49.82	-35.388	-133.86	34.286	-20.382	-158.11	-0.15647
141.2	-0.99153	20.295	8.6542	-15.076	15.26	72.234	-17.557	12.959	39.366	-91.184	49.716	-33.387	-134.44	34.673	-18.685	-158.65	-0.025881
141.21	-1.0003	20.292	11.55	-15.939	15.615	76.105	-19.043	13.352	41.912	-92.428	49.577	-31.311	-134.96	34.991	-17.201	-158.9	0.30551
141.2	-0.99277	20.294	14.469	-16.78	15.908	79.155	-20.734	12.98	44.473	-93.623	49.371	-29.185	-135.48	35.376	-15.49	-159.36	0.47385
141.2	-0.99061	20.297	17.402	-17.6	16.128	82.497	-22.326	12.696	47.043	-94.737	49.15	-27.03	-135.94	35.697	-13.745	-159.84	0.59834
141.2	-0.988	20.287	20.382	-18.316	16.122	85.812	-23.797	12.41	49.598	-95.769	48.931	-24.913	-136.33	36	-11.908	-160.5	0.829
141.21	-0.99318	20.289	23.344	-19.013	16.13	89.627	-25.002	12.46	52.113	-96.724	48.735	-22.783	-136.67	36.259	-10.087	-160.84	1.0838
141.21	-0.9831	20.292	26.255	-19.711	16.013	92.893	-26.307	12.045	54.64	-97.477	48.42	-20.634	-136.96	36.575	-8.3636	-160.84	1.3211
141.2	-0.98787	20.298	29.144	-20.342	15.806	95.691	-27.719	11.189	57.095	-98.154	48.135	-18.51	-137.13	36.865	-6.5437	-161.17	1.5433
141.21	-0.98792	20.3	31.962	-20.838	15.38	99.331	-28.63	11.049	59.55	-98.687	47.949	-16.411	-137.22	37.122	-4.4972	-161.58	1.8243
141.21	-0.98572	20.302	34.72	-21.272	14.883	102.05	-29.814	10.086	61.929	-99.098	47.665	-14.294	-137.23	37.374	-2.5355	-161.78	2.1781
141.2	-0.98681	20.3	37.401	-21.651	14.322	105.2	-30.669	9.5849	64.258	-99.354	47.517	-12.216	-137.2	37.612	-0.7999	-161.64	2.4927
141.19	-0.98443	20.292	40.008	-21.902	13.703	108.28	-31.396	9.0843	66.592	-99.427	47.295	-10.097	-137.06	37.886	1.353	-161.93	2.8723
141.2	-0.9917	20.295	42.522	-22.118	13.036	111.37	-32.048	8.5817	68.847	-99.413	47.233	-8.0244	-136.89	38.104	3.1821	-161.67	3.268
141.2	-0.99344	20.291	44.98	-22.201	12.234	114.93	-32.35	8.6751	71.073	-99.289	47.069	-5.9344	-136.64	38.37	5.3153	-161.87	3.7231
141.2	-0.99367	20.291	47.363	-22.207	11.559	118	-32.816	8.3563	73.227	-99.055	46.975	-3.8812	-136.34	38.58	7.2178	-161.56	4.1264
141.2	-0.99238	20.294	49.731	-22.174	10.976	120.59	-33.373	7.7078	75.423	-98.755	46.878	-1.7962	-135.96	38.781	9.3757	-161.58	4.4019
141.21	-0.99922	20.294	52.044	-22.085	10.441	124.05	-33.474	7.9775	77.597	-98.402	46.861	0.25014	-135.55	38.931	11.287	-161.17	4.7401
141.21	-1.0005	20.292	54.361	-21.911	9.9665	126.99	-33.656	7.8282	79.704	-98.018	46.786	2.3483	-135.1	39.13	13.508	-161.13	4.9879
141.21	-0.99601	20.3	56.659	-21.674	9.5036	129.52	-33.918	7.3813	81.874	-97.546	46.756	4.4024	-134.64	39.261	15.466	-160.72	5.3741
141.22	-0.99146	20.292	58.992	-21.339	9.0708	132.7	-33.835	7.6273	84.025	-97.112	46.785	6.4923	-134.09	39.418	17.542	-160.3	5.5502
141.22	-1.0035	20.285	61.296	-21.056	8.7885	135.38	-33.772	7.4818	86.156	-96.566	46.704	8.5645	-133.54	39.5	19.732	-159.96	5.8173
141.22	-0.9904	20.295	63.6	-20.636	8.4609	137.95	-33.623	7.2795	88.322	-96.025	46.666	10.65	-132.92	39.644	21.679	-159.49	5.9695
141.22	-0.99233	20.291	65.882	-20.177	8.0793	140.49	-33.386	7.1241	90.465	-95.471	46.691	12.704	-132.27	39.719	23.73	-158.94	6.2444
141.22	-0.98693	20.297	68.139	-19.721	7.8834	142.94	-33.09	6.906	92.632	-94.815	46.637	14.768	-131.57	39.847	25.78	-158.32	6.4836
141.23	-0.98501	20.302	70.387	-19.17	7.5152	145.32	-32.745	6.6353	94.795	-94.141	46.582	16.843	-130.87	40.057	27.776	-157.64	6.57
141.22	-0.98693	20.297	72.579	-18.585	7.2989	147.63	-32.248	6.3495	96.948	-93.443	46.523	18.893	-130.12	40.138	29.737	-156.98	6.812
141.22	-0.97919	20.299	74.708	-17.955	7.1027	149.87	-31.749	6.0743	99.135	-92.716	46.505	20.931	-129.35	40.347	31.78	-156.27	7.0951
141.21	-0.98218	20.294	76.849	-17.235	7.0031	151.7	-31.218	5.4466	101.27	-91.976	46.496	22.99	-128.56	40.581	33.76	-155.49	7.1681
141.21	-0.98524	20.288	78.921	-16.459	6.9394	154.19	-30.486	5.4705	103.43	-91.172	46.484	25.049	-127.7	40.754	35.758	-154.68	7.5225
141.2	-0.98826	20.282	80.942	-15.703	6.9714	156.31	-29.768	5.2113	105.55	-90.333	46.462	27.079	-126.86	41.019	37.525	-153.61	7.6923
141.19	-0.97203	20.3	82.932	-14.796	6.8939	158.42	-28.977	4.9873	107.66	-89.382	46.44	29.102	-125.93	41.19	39.638	-152.85	7.9596
141.18	-0.97608	20.293	84.913	-13.884	6.9467	160.41	-28.155	4.7465	109.7	-88.384	46.414	31.106	-125.01	41.42	41.596	-152.05	8.2064
141.18	-0.97928	20.288	86.838	-12.909	6.9147	162.46	-27.247	4.6186	111.76	-87.311	46.523	33.112	-124.03	41.642	43.619	-151.11	8.4568
141.18	-0.97844	20.289	88.692	-11.897	6.9797	164.46	-26.206	4.5573	113.77	-86.231	46.593	35.087	-122.99	41.825	45.562	-149.98	8.7182
141.17	-0.98274	20.284	90.542	-10.777	6.8083	166.46	-25.115	4.5818	115.7	-85.015	46.773	37.04	-121.91	41.943	47.593	-149.1	9.0263
141.17	-0.97762	20.293	92.332	-9.6605	6.7665	168.41	-23.919	4.699	117.63	-83.784	46.909	38.997	-120.85	42.151	49.626	-148.1	9.1511
141.17	-0.98504	20.281	94.038	-8.5652	6.6806	170.32	-22.637	4.8537	119.49	-82.476	47.054	40.931	-119.7	42.222	51.573	-146.94	9.4591
141.17	-0.98595	20.295	95.753	-7.4249	6.4976	172.14	-21.232	5.0445	121.32	-81.087	47.231	42.843	-118.57	42.36	53.637	-145.97	9.6521
141.17	-0.98595	20.295	97.47	-6.2591	6.1879	141.17	-0.98595	20.295	123.11	-79.649	47.416	44.711	-117.41	42.431	55.564	-144.87	9.8894
175.31	-18.135	5.3317	99.129	-5.1471	5.928	141.17	-0.98622	20.28	124.85	-78.231	47.673	46.548	-116.24	42.442	57.548	-143.82	9.9879
175.31	-18.135	5.3317	100.8	-4.0259	5.6121	141.18	-0.9898	20.285	126.55	-76.808	47.801	48.335	-115.09	42.474	59.487	-142.8	10.219
175.31	-18.135	5.3317	102.45	-2.8903	5.166	141.19	-0.99447	20.29	128.25	-75.365	47.979	50.104	-113.94	42.498	61.344	-141.63	10.313
175.31	-18.135	5.3317	104.13	-1.8363	4.5693	141.2	-0.99364	20.292	129.93	-73.917	48.131	51.826	-112.79	42.478	63.172	-140.58	10.488
175.31	-18.135	5.3317	105.84	-0.80743	4.1553	141.21	-0.99851	20.296	131.59	-72.461	48.205	53.523	-111.66	42.535	64.973	-139.56	10.552
175.31	-18.135	5.3317	107.51	0.24175	3.5312	141.2	-0.99058	20.297	133.25	-70.978	48.281	55.169	-110.52	42.58	66.618	-138.37	10.723
175.31	-18.135	5.3317	109.23	1.2021	2.8317	141.21	-0.98759	20.287	134.87	-69.484	48.286	56.768	-109.41	42.638	68.37	-137.43	10.845
175.31	-18.135	5.3317	110.95	2.2319	2.0625	141.2	-0.98797	20.287	136.53	-67.942	48.324	58.335	-108.34	42.705	69.927	-136.38	11.042
177.32	-2.6109	-0.18734	112.63	3.0439	1.266	141.21	-0.9858	20.291	138.12	-66.399	48.295	59.85	-107.32	42.816	71.448	-135.27	11.14
175.97	-0.41843	-1.6734	114.36	3.8472	0.52109	141.2	-0.99058	20.297	139.71	-64.854	48.221	61.342	-106.31	42.902	73.008	-134.3	11.279
175.97	-0.41843	-1.6734	116.01	4.6516	-0.50585	141.2	-0.98734	20.285	141.23	-63.269	48.097	62.806	-105.31	43.028	74.493	-133.38	11.456
175.97	-0.41843	-1.6734	117.07	4.9344	-2.0806	141.19	-0.98069	20.285	142.43	-61.956	47.68	64.221	-104.35	43.167	75.939	-132.39	11.661
175.97	-0.41843	-1.6734	118.65	5.7034	-2.943	141.19	-0.98282	20.282	143.85	-60.331	47.575	65.589	-103.42	43.265	77.223	-131.39	11.764
175.97	-0.41843	-1.6734	119.86	6.1125	-4.3112	141.08	-1.0268	20.286	145.21	-58.811	47.578	66.905	-102.49	43.318	78.619	-130.48	11.934
175.97	-0.41843	-1.6734	121.37	6.7543	-5.018	141.08	-1.0268	20.286	146.45	-57.312	47.597	68.21	-101.56	43.442	80.03	-129.66	12.068
175.97	-0.41843	-1.6734	122.89	7.4679	-5.4415	140.5	-1.5236	19.493	147.91	-55.705	48.046	69.469	-100.68	43.537	81.302	-128.8	12.176
164.46	11.794	-10.233	123.98	8.1996	-5.7959	140.92	-1.2172	19.581	148.81	-54.687	47.809	70.693	-99.828	43.604	82.619	-127.87	12.417
163.96	12.999	-10.434	125.16	9.1112	-5.7872	142.07	-0.49593	19.631	149.94	-53.496	48.011	71.917	-98.984	43.68	84.012	-127.17	12.549
163.96	12.999	-10.434	126.33	9.9705	-5.7867	143.33	0.29221	19.56	151.06	-52.497	48.315	73.156	-98.195	43.726	85.345	-126.44	12.693
163.96	12.999	-10.434	127.61	10.748	-5.5552	144.41	1.1574	19.613	152.22	-51.586	48.645	74.399	-97.457	43.81	86.737	-125.7	12.846
163.96	12.999	-10.434	129.14	11.394	-5.4263	145.48	1.8792	19.807	153.5	-50.726	49.033	75.678	-96.745	43.883	88.177	-125.06	12.975
163.96	12.999	-10.434	130.79	12.001	-5.2882	146.6	2.5077	20.038	154.81	-50.042	49.464	76.983	-96.042	43.96	89.665	-124.43	13.179
163.96	12.999	-10.434	132.57	12.452	-5.2859	147.83	3.0638	20.252	156.22	-49.376	49.954	78.352	-95.316	44.098	91.088	-123.73	13.409
163.96	12.999	-10.434	134.42	12.925	-5.0698	149.23	3.5292	20.576	157.74	-48.855	50.462	79.79	-94.636	44.215	92.675	-123.22	13.632
163.96	12.999	-10.434	136.38	13.324	-4.8875	150.83	3.9258	20.974	159.4	-48.442	50.926	81.342	-94.071	44.401	94.339	-122.74	13.839
163.96	12.999	-10.434	138.46	13.744	-4.3055	152.76	4.3232	21.554	161.18	-48.185	51.416	83.034	-93.604	44.617	96.03	-122.23	14.035
163.96	12.999	-10.434	140.61	14.108	-3.6843	154.77	4.5134	22.048	163.07	-48.019	51.922	84.825	-93.205	44.879	97.788	-121.83	14.293
163.96	12.999	-10.434	142.92	14.375	-2.9763	157.12	4.6919	22.693	165.15	-47.945	52.496	86.734	-92.82	45.183	99.558	-121.35	14.569
179.22	18.33	-10.396	145.34	14.663	-2.3176	159.65	4.7712	23.411	167.34	-47.979	53.041	88.663	-92.477	45.499	101.48	-121.14	14.785
181.56	15.326	-9.42	147.87	14.852	-1.5001	162.33	4.7951	24.229	169.6	-48.092	53.62	90.701	-92.197	45.865	103.43	-120.76	15.074
184.2	15.209	-8.7317	150.56	14.997	-0.58178	164.92	4.6396	24.902	172	-48.333	54.181	92.827	-92.004	46.259	105.33	-120.48	15.457
188.68	16.443	-5.8606	153.31	15.055	0.32949	167.78	4.5562	25.82	174.45	-48.61	54.756	95.034	-91.832	46.684	107.42	-120.26	15.75
194.28	17.752	-2.0004	156.17	15.069	1.2621	170.59	4.3043	26.63	176.97	-48.992	55.37	97.319	-91.652	47.131	109.56	-120.14	16.094
197.24	17.533	-1.1603	159.08	15.023	2.1731	173.55	4.0852	27.51	179.63	-49.364	56.059	99.636	-91.532	47.58	111.62	-119.86	16.53
200.26	17.264	-0.26958	162.1	15.035	2.9468	176.53	3.7906	28.346	182.28	-49.789	56.675	102.04	-91.422	48.063	113.89	-119.84	16.916
203.37	16.947	0.59927	165.18	14.815	4.0843	180.18	3.9799	29.993	185.01	-50.206	57.363	104.48	-91.348	48.554	116.14	-119.67	17.271
206.54	16.61	1.4562	168.31	14.671	5.0599	182.83	3.1821	30.124	187.76	-50.666	57.997	106.98	-91.286	49.028	118.47	-119.59	17.686
209.1	15.915	1.6816	171.5	14.557	5.7905	186.55	3.3491	31.707	190.54	-51.099	58.651	109.54	-91.216	49.519	120.87	-119.63	18.178
212.35	15.464	2.428	174.71	14.293	6.6614	189.79	2.996	32.521	193.4	-51.499	59.336	112.11	-91.173	49.96	123.24	-119.49	18.598
216.35	15.444	3.9431	177.98	14.162	7.5317	193	2.5867	33.277	196.29	-51.94	60.003	114.76	-91.097	50.445	125.78	-119.6	19.077
219.71	15.047	4.7849	181.26	13.781	8.4602	196.26	2.2521	34.003	199.18	-52.379	60.642	117.42	-91.05	50.909	128.31	-119.59	19.51
222.4	14.275	4.712	184.54	13.498	9.0005	199.6	1.9159	34.748	202.07	-52.783	61.23	120.1	-90.991	51.387	130.76	-119.44	19.9
225.71	13.814	5.346	187.86	13.189	9.4599	202.83	1.5472	35.39	205	-53.135	61.807	122.83	-90.951	51.861	133.38	-119.55	20.461
229.68	13.752	6.645	191.1	12.786	10.29	206	1.2123	35.942	207.98	-53.509	62.407	125.57	-90.912	52.293	135.97	-119.65	20.841
232.98	13.384	7.309	194.35	12.46	10.831	209.18	0.88048	36.537	210.99	-53.852	62.925	128.34	-90.866	52.767	138.47	-119.47	21.225
236.28	13.07	7.8747	197.57	12.174	11.147	212.28	0.54591	36.989	213.95	-54.225	63.373	131.12	-90.892	53.218	141.1	-119.69	21.704
238.96	12.439	7.796	200.75	11.742	11.686	215.4	0.24046	37.508	216.97	-54.604	63.76	133.96	-90.891	53.696	143.63	-119.51	22.103
242.16	12.195	8.2774	203.87	11.505	12.123	218.52	-0.062025	37.946	220.03	-54.963	64.117	136.82	-90.923	54.122	146.3	-119.77	22.573
245.85	12.176	9.3091	206.94	11.242	12.794	221.52	-0.43638	38.26	223.1	-55.277	64.409	139.67	-90.974	54.604	148.9	-119.81	22.953
248.94	11.89	9.6415	209.99	10.917	13.219	224.67	-0.67608	38.707	226.2	-55.638	64.679	142.51	-91.054	55.066	151.35	-119.57	23.27
251.38	11.303	9.2101	212.96	10.676	13.513	227.75	-0.97408	39.059	229.24	-55.974	64.899	145.36	-91.11	55.465	154.02	-119.86	23.638
254.42	11.097	9.4942	215.89	10.479	13.979	230.83	-1.2414	39.352	232.26	-56.321	64.999	148.17	-91.176	55.911	156.45	-119.67	23.957
257.33	10.792	9.547	218.78	10.28	14.295	233.85	-1.5194	39.568	235.27	-56.573	65.152	150.95	-91.252	56.31	158.99	-119.82	24.335
260.88	10.871	10.309	221.62	10.014	14.489	236.8	-1.7607	39.705	238.18	-56.809	65.213	153.69	-91.287	56.638	161.56	-120.08	24.698
263.72	10.579	10.252	224.38	9.7757	14.76	239.76	-1.9331	39.852	241.07	-56.988	65.345	156.37	-91.326	56.962	163.86	-119.81	24.903
265.95	9.9928	9.4853	227.17	9.5276	14.794	242.57	-2.1547	39.821	243.84	-57.155	65.388	159.01	-91.297	57.24	166.31	-119.97	25.292
268.8	9.747	9.4384	229.9	9.1552	14.578	245.35	-2.3469	39.762	246.6	-57.269	65.436	161.57	-91.264	57.462	168.69	-120.04	25.463
271.55	9.4234	9.2518	232.59	8.8546	14.384	248.07	-2.5486	39.612	249.24	-57.395	65.406	164.06	-91.199	57.635	170.89	-120.02	25.67
274.81	9.3711	9.5856	235.24	8.5332	14.119	250.7	-2.7615	39.376	251.79	-57.463	65.371	166.47	-91.099	57.731	173.14	-120	25.87
277.46	9.0386	9.2728	237.82	8.1726	13.742	253.25	-2.9414	39.062	254.24	-57.52	65.275	168.79	-90.963	57.817	175.3	-120.02	26.071
279.48	8.3875	8.2102	240.33	7.9349	13.326	255.75	-3.1381	38.734	256.62	-57.602	65.147	171.04	-90.812	57.858	177.63	-120.35	26.322
282.46	8.3054	8.4048	242.74	7.6707	12.987	258.15	-3.3259	38.302	258.96	-57.637	65.087	173.21	-90.641	57.863	179.45	-120.05	26.286
284.79	7.9703	7.9384	245.04	7.3014	12.547	260.5	-3.4865	37.961	261.21	-57.706	64.834	175.31	-90.506	57.872	181.42	-120	26.407
286.45	7.45	6.81	247.22	7.1609	12.105	262.69	-3.6594	37.483	263.42	-57.778	64.552	177.34	-90.358	57.827	183.34	-120.03	26.474
288.53	7.2505	6.3142	249.26	6.9521	11.745	264.8	-3.8098	37.024	265.5	-57.849	64.171	179.31	-90.238	57.796	185.05	-119.94	26.499
291.01	7.3379	6.4064	251.18	6.8009	11.323	266.83	-3.9158	36.642	267.55	-57.885	63.791	181.19	-90.165	57.75	186.76	-119.96	26.375
292.24	6.8933	5.1553	252.96	6.6855	10.869	268.76	-3.9798	36.206	269.51	-57.928	63.357	183.01	-90.071	57.647	188.34	-119.97	26.405
294.5	7.117	5.2341	254.66	6.5631	10.437	270.53	-4.0834	35.653	271.37	-57.952	62.913	184.74	-89.999	57.558	189.87	-119.9	26.231
296.03	7.0152	4.561	256.23	6.388	9.9192	272.24	-4.0734	35.206	273.14	-57.96	62.493	186.39	-89.94	57.459	191.36	-119.82	26.156
296.95	6.6636	3.2309	257.66	6.4251	9.4429	273.78	-4.1146	34.584	274.78	-57.936	62.049	187.95	-89.855	57.3	192.73	-119.84	26.036
298.27	6.6333	2.5271	259.02	6.2435	8.8397	274.73	-4.624	33.218	276.54	-57.594	61.894	189.42	-89.786	57.101	194.27	-120.12	26.01
299.5	6.6303	1.8079	260.24	6.2388	8.1945	276.05	-4.5448	32.665	277.97	-57.5	61.316	190.79	-89.697	56.924	195.41	-120.1	25.778
301.18	6.963	1.7776	261.33	6.2599	7.5871	277.25	-4.4668	31.934	279.32	-57.322	60.772	192.06	-89.592	56.675	196.33	-119.68	25.505
301.56	6.6973	0.1312	262.28	6.2614	6.9109	278.3	-4.3261	31.168	280.54	-57.123	60.244	193.24	-89.477	56.41	197.66	-119.98	25.446
302.34	6.7376	-0.79339	263.13	6.2686	6.2039	279.19	-4.1992	30.366	281.66	-56.865	59.647	194.32	-89.346	56.133	198.63	-119.93	25.22
303.74	7.1958	-0.85893	263.87	6.2453	5.3268	280	-4.0255	29.531	282.69	-56.569	58.917	195.3	-89.198	55.809	199.32	-119.48	24.966
304.36	7.4116	-1.8278	264.48	6.3902	4.4743	280.69	-3.8482	28.57	283.41	-56.502	57.913	196.21	-89.041	55.481	200.3	-119.81	24.778
304.86	7.5379	-2.7828	264.97	6.4023	3.5385	281.28	-3.6413	27.677	284.27	-56.131	57.279	197.05	-88.879	55.14	200.78	-119.34	24.342
305.43	7.9533	-3.4838	265.34	6.5491	2.6171	281.79	-3.3589	26.754	285	-55.783	56.464	197.78	-88.725	54.744	201.51	-119.24	24.066
305.76	8.1455	-4.5434	265.66	6.6068	1.6717	282.21	-3.0881	25.715	285.68	-55.372	55.677	198.44	-88.544	54.345	202.03	-119.23	23.703
305.76	8.1455	-4.5434	265.89	6.7343	0.57154	282.53	-2.8296	24.753	286.28	-54.984	54.936	199.02	-88.384	53.919	202.87	-119.48	23.591
306.13	8.5026	-6.9027	266.07	6.7372	-0.34307	282.77	-2.5929	23.609	286.8	-54.593	53.986	199.56	-88.192	53.467	203.01	-119.04	23.065
306.25	8.6794	-8.0389	266.15	6.889	-1.6605	282.92	-2.3819	22.508	287.24	-54.233	53.167	199.98	-88.046	52.974	203.62	-119.41	22.715
306.25	8.6794	-8.0389	266.21	6.883	-2.6707	283.07	-2.1353	21.328	287.63	-53.867	52.219	200.36	-87.862	52.471	203.69	-118.88	22.229
306.34	8.9365	-10.585	266.1	7.0636	-3.7338	283.28	-1.5208	20.806	287.97	-53.503	51.228	200.69	-87.689	51.917	204.27	-119.18	21.962
306.34	8.9365	-10.585	266.15	7.2583	-4.0527	283.67	-0.73417	20.809	288.33	-53.375	50.346	200.93	-87.529	51.325	204.19	-118.72	21.279
306.93	9.2878	-12.067	266.35	7.4962	-4.2085	283.85	-0.66468	20.788	288.65	-53.43	49.561	201.13	-87.382	50.734	204.35	-118.68	20.692
306.93	9.2878	-12.067	266.42	7.6928	-4.5234	284.01	-0.35169	20.818	288.91	-53.601	48.835	201.26	-87.382	50.146	204.44	-118.68	20.062
307.28	9.6604	-12.734	266.49	7.8565	-4.6456	284.17	-0.12672	20.811	289.15	-53.865	48.141	201.43	-87.503	49.659	204.51	-118.72	19.354
307.28	9.6604	-12.734	266.57	7.9329	-4.7019	284.29	0.019102	20.813	289.36	-54.15	47.621	201.62	-87.701	49.132	204.51	-118.75	18.708
307.28	9.6604	-12.734	266.65	7.9703	-4.7979	284.38	0.11378	20.798	289.56	-54.392	47.083	201.83	-87.864	48.646	204.57	-118.8	18.156
307.82	9.7785	-13.431	266.74	7.9756	-4.9035	284.51	0.16625	20.806	289.69	-54.638	46.664	201.96	-87.957	48.198	204.64	-118.87	17.67
307.97	9.7788	-13.593	266.81	8.0034	-5.212	284.64	0.21357	20.808	289.81	-54.844	46.226	202.03	-88.028	47.859	204.62	-118.88	17.303
308.07	9.7323	-13.762	266.82	7.9512	-5.3135	284.71	0.20925	20.782	289.87	-55.005	45.982	202.02	-88.124	47.501	204.62	-118.99	17.009
308.14	9.6899	-13.857	266.82	7.8804	-5.4306	284.78	0.22514	20.783	289.89	-55.134	45.809	202.04	-88.22	47.203	204.86	-119.44	16.807
308.14	9.6899	-13.857	266.82	7.7901	-5.5398	284.84	0.20928	20.771	289.89	-55.263	45.697	202.06	-88.31	46.995	204.8	-119.58	16.48
308.14	9.6899	-13.857	266.83	7.7175	-5.595	284.88	0.20645	20.788	289.87	-55.39	45.613	202.05	-88.415	46.778	204.47	-119.29	16.104
308.14	9.6899	-13.857	266.8	7.7193	-5.5501	284.94	0.18481	20.782	289.82	-55.489	45.577	201.99	-88.493	46.57	204.41	-119.34	15.931
308.14	9.6899	-13.857	266.79	7.633	-5.6155	284.98	0.15236	20.778	289.78	-55.586	45.546	201.9	-88.543	46.429	204.34	-119.38	15.835
308.14	9.6899	-13.857	266.8	7.5598	-5.6893	285.01	0.11346	20.763	289.71	-55.69	45.511	201.8	-88.555	46.32	204.29	-119.4	15.796
308.14	9.6899	-13.857	266.82	7.5659	-6.0566	285.05	0.079539	20.784	289.67	-55.766	45.503	201.73	-88.539	46.234	204.18	-119.42	15.758
308.14	9.6899	-13.857	266.82	7.463	-6.1328	285.07	0.067832	20.791	289.61	-55.849	45.456	201.63	-88.568	46.112	204.08	-119.41	15.708
308.14	9.6899	-13.857	266.79	7.4282	-6.1965	285.08	0.048288	20.781	289.54	-55.9	45.421	201.55	-88.553	46.014	204.01	-119.42	15.65
308.14	9.6899	-13.857	266.76	7.4348	-6.2274	285.07	0.051619	20.775	289.46	-55.951	45.361	201.47	-88.52	45.927	204.05	-119.89	15.547
308.14	9.6899	-13.857	266.73	7.4216	-6.3061	285.06	0.061391	20.78	289.35	-56.023	45.304	201.39	-88.471	45.825	203.69	-119.45	15.323
305.03	13.007	-9.8937	266.69	7.4908	-6.3437	285.06	0.061391	20.78	289.23	-56.065	45.236	201.28	-88.406	45.7	203.57	-119.4	15.193
303.29	11.653	-12.415	266.68	7.4258	-6.4174	285.55	0.61693	21.636	289.11	-56.108	45.181	201.17	-88.343	45.569	203.49	-119.3	15.11
303.36	11.594	-12.527	266.64	7.4966	-6.4805	285.58	0.60947	21.647	288.98	-56.126	45.114	201.05	-88.263	45.439	203.38	-119.23	15.076
303.81	11.394	-12.814	266.64	7.492	-6.543	285.63	0.58383	21.655	288.85	-56.058	45.013	200.93	-88.166	45.301	203.22	-119.23	15.012
309.07	7.9403	-15.409	266.6	7.4303	-6.5142	285.66	0.56485	21.661	288.75	-55.911	44.739	200.81	-88.088	45.149	203.32	-119.66	14.972
309.07	7.9403	-15.409	266.6	7.4538	-6.7754	285.67	0.54141	21.656	288.61	-55.749	44.532	200.69	-87.96	45.017	202.93	-119.17	14.811
309.89	7.8456	-15.677	266.63	7.082	-8.0959	285.67	0.46307	21.668	288.43	-55.59	44.352	200.54	-87.789	44.832	202.85	-119.11	14.74
310.14	7.7167	-16.126	266.43	6.6833	-9.5511	285.68	0.33947	21.652	288.2	-55.306	44.072	200.41	-87.613	44.656	202.73	-119.01	14.687
310.23	8.0994	-16.045	266.28	6.5022	-10.384	285.73	0.26829	21.634	287.95	-55.042	43.735	200.27	-87.364	44.339	202.53	-118.94	14.587
310.29	8.2565	-15.984	266.19	6.4966	-10.969	285.75	0.2756	21.628	287.69	-54.916	43.59	200.07	-86.983	43.995	202.34	-118.88	14.426
310.32	8.3661	-15.882	266.19	6.5504	-11.247	285.77	0.28981	21.621	287.39	-54.959	43.446	199.81	-86.67	43.617	202.23	-118.78	14.257
310.36	8.3695	-15.876	266.16	6.5729	-11.28	285.78	0.30179	21.625	287.18	-55.045	43.32	199.55	-86.595	43.385	202.12	-118.72	13.95
310.4	8.3566	-15.849	266.12	6.5053	-11.245	285.78	0.30179	21.625	287.02	-55.114	43.276	199.4	-86.718	43.238	202.01	-118.74	13.677
310.49	8.3168	-15.776	266.02	6.4736	-11.078	285.78	0.296	21.632	286.79	-55.171	43.248	199.32	-86.821	43.099	201.72	-118.78	13.459
310.64	8.2244	-15.665	265.91	6.418	-11.092	285.78	0.28736	21.614	286.56	-55.192	43.253	199.23	-86.808	42.968	201.53	-118.81	13.483
310.87	8.1436	-15.467	265.75	6.3968	-11.088	285.77	0.30112	21.629	286.31	-55.181	43.241	199.05	-86.761	42.884	201.39	-118.81	13.491
311.12	8.0703	-15.269	265.52	6.3007	-11.219	285.77	0.30738	21.636	286.08	-55.148	43.267	198.81	-86.752	42.87	201.26	-118.81	13.475
311.53	7.888	-15.01	265.19	6.153	-11.224	285.79	0.29941	21.632	285.78	-55.15	43.311	198.59	-86.796	42.871	200.97	-118.89	13.427
311.93	7.692	-15.043	264.93	6.1699	-11.392	285.78	0.31621	21.637	285.44	-55.198	43.325	198.39	-86.848	42.852	200.76	-118.95	13.397
312.4	7.3852	-14.62	264.41	5.8809	-11.447	285.91	0.38798	21.687	285.2	-55.296	43.32	198.2	-86.889	42.781	200.57	-118.96	13.431
312.4	7.3852	-14.62	264.01	5.8181	-11.14	285.91	0.39276	21.694	284.87	-55.448	43.338	197.93	-86.976	42.75	200.31	-119.01	13.453
314.71	5.9818	-13.967	263.59	5.8892	-11.034	285.9	0.39463	21.701	284.53	-55.677	43.297	197.63	-87.127	42.762	199.9	-119.21	13.34
315.99	5.2473	-13.378	263.07	5.6956	-10.765	285.9	0.39724	21.703	284.24	-55.965	43.252	197.24	-87.346	42.797	199.58	-119.3	13.365
317.26	4.5785	-12.514	262.55	5.6206	-10.486	285.9	0.39685	21.701	283.81	-56.376	43.35	196.88	-87.498	42.826	199.12	-119.46	13.259
318.46	3.9229	-11.384	262.02	5.4817	-10.382	285.9	0.40701	21.693	283.3	-56.88	43.451	196.45	-87.646	42.874	198.6	-119.58	13.34
319.59	3.2278	-10.134	261.57	5.4081	-9.6202	285.9	0.40732	21.694	282.79	-57.416	43.658	195.94	-87.879	42.951	198.05	-119.86	13.307
320.68	2.4726	-8.7627	261.06	5.3437	-9.0492	285.9	0.40898	21.696	282.16	-58.078	43.811	195.36	-88.224	43.072	197.55	-120.04	13.372
321.65	1.5639	-7.3911	260.47	5.2828	-8.1381	285.9	0.4083	21.71	281.53	-58.75	44.071	194.74	-88.619	43.214	196.84	-120.31	13.344
322.54	0.5727	-6.0313	259.78	5.1865	-7.4745	285.9	0.40943	21.697	280.76	-59.495	44.268	194.07	-89.065	43.406	196.45	-121.1	13.58
323.43	-0.48196	-4.4647	258.9	4.9851	-6.6751	285.9	0.40732	21.694	279.99	-60.239	44.59	193.34	-89.563	43.635	195.39	-121	13.561
324.29	-1.5737	-2.8612	257.93	4.7776	-5.9721	285.9	0.40914	21.698	279.14	-61.016	44.907	192.55	-90.089	43.893	194.53	-121.41	13.709
325.04	-2.7233	-1.1271	256.83	4.5058	-5.1385	285.9	0.41068	21.698	278.17	-61.873	45.214	191.68	-90.668	44.183	193.6	-121.86	13.888
325.66	-3.9922	0.61996	255.65	4.1973	-4.3477	285.92	0.40955	21.695	277.16	-62.753	45.562	190.73	-91.313	44.536	192.6	-122.33	14.085
326.15	-5.3448	2.3353	254.32	3.9499	-3.5671	285.92	0.412	21.697	276.07	-63.665	45.923	189.69	-91.963	44.888	191.57	-122.89	14.324
326.46	-6.7425	4.0095	253.27	3.8322	-2.1618	285.92	0.41121	21.696	275.06	-64.395	46.616	188.59	-92.667	45.297	190.39	-123.43	14.644
326.61	-8.1728	5.6418	251.98	3.5395	-1.0635	285.93	0.41594	21.703	273.82	-65.416	46.973	187.42	-93.43	45.678	189.5	-124.49	15.001
326.55	-9.6552	7.1935	250.57	3.0826	-0.27183	285.93	0.41056	21.706	272.53	-66.437	47.345	186.14	-94.252	46.09	187.95	-124.69	15.179
326.26	-11.18	8.632	249.1	2.5119	0.39897	285.92	0.40983	21.695	271.1	-67.526	47.718	184.8	-95.099	46.493	186.57	-125.41	15.374
325.85	-12.615	10.062	247.45	1.8247	1.328	285.93	0.4061	21.699	269.65	-68.6	48.164	183.37	-96.002	46.912	185.17	-126.15	15.688
325.15	-14.128	11.254	245.86	1.1184	2.0039	285.93	0.40572	21.697	268.03	-69.722	48.513	181.86	-96.885	47.314	183.54	-126.87	15.914
324.3	-15.644	12.343	244.14	0.41719	2.6716	285.93	0.40502	21.71	266.39	-70.851	48.906	180.23	-97.827	47.718	182.02	-127.54	16.245
323.17	-17.183	13.223	242.33	-0.33341	3.3679	285.92	0.41197	21.701	264.58	-71.98	49.306	178.5	-98.752	48.132	180.21	-128.29	16.395
321.91	-18.67	14.083	240.43	-1.0657	4.0834	285.92	0.40948	21.706	262.71	-73.12	49.691	176.65	-99.668	48.528	178.4	-129.02	16.689
320.46	-20.109	14.835	238.51	-1.8762	4.7528	285.91	0.4089	21.705	260.75	-74.249	50.068	174.68	-100.58	48.939	176.46	-129.74	16.956
318.74	-21.572	15.392	236.46	-2.6922	5.4581	285.92	0.40919	21.693	258.6	-75.324	50.378	172.58	-101.5	49.356	174.34	-130.48	17.192
316.89	-22.892	15.969	234.34	-3.4455	6.0317	285.91	0.40643	21.702	256.35	-76.458	50.782	170.36	-102.41	49.784	172.2	-131.19	17.49
314.81	-24.188	16.369	232.07	-4.2587	6.8274	285.9	0.41116	21.699	254.02	-77.545	51.074	168.05	-103.31	50.225	169.97	-131.87	17.875
312.51	-25.407	16.665	229.7	-5.0537	7.5225	285.91	0.41442	21.703	251.54	-78.614	51.467	165.59	-104.22	50.652	167.49	-132.65	18.075
309.99	-26.511	16.893	227.19	-5.8098	8.1292	285.91	0.41622	21.706	248.94	-79.604	51.676	163.01	-105.15	51.075	165.07	-133.31	18.377
307.39	-27.522	17.12	224.54	-6.5416	8.7273	285.91	0.41191	21.7	246.18	-80.523	51.906	160.32	-106.07	51.481	162.41	-134.04	18.672
304.49	-28.486	17.173	221.72	-7.2667	9.2773	285.91	0.40688	21.704	243.31	-81.396	52.21	157.52	-106.99	51.92	159.67	-134.77	18.807
301.38	-29.38	17.067	218.77	-7.9417	9.9148	285.91	0.40918	21.705	240.31	-82.227	52.452	154.57	-107.87	52.345	156.81	-135.49	19.147
298.12	-30.084	16.993	215.69	-8.5836	10.279	285.91	0.40592	21.701	237.21	-82.976	52.697	151.52	-108.74	52.731	153.88	-136.13	19.497
294.65	-30.721	16.794	212.45	-9.2186	10.854	285.92	0.41162	21.71	233.94	-83.702	52.959	148.33	-109.6	53.103	150.84	-136.87	19.721
290.98	-31.189	16.564	209.06	-9.7372	11.38	285.91	0.41622	21.706	230.56	-84.252	53.09	145.03	-110.45	53.447	147.61	-137.6	20.026
287.06	-31.54	16.301	205.59	-10.298	11.836	285.91	0.40779	21.703	227.09	-84.801	53.315	141.62	-111.28	53.801	144.4	-138.16	20.26
282.98	-31.728	16.02	201.99	-10.77	12.213	285.91	0.40942	21.704	223.48	-85.311	53.469	138.1	-112.11	54.08	141.03	-138.87	20.432
282.98	-31.728	16.02	198.26	-11.197	12.771	285.93	0.40611	21.712	219.76	-85.719	53.628	134.5	-112.92	54.363	137.61	-139.43	20.692
274.11	-31.686	15.394	194.47	-11.488	13.131	285.93	0.40557	21.697	215.93	-86.096	53.792	130.78	-113.72	54.589	134.13	-140.14	20.88
269.48	-31.371	15.271	190.47	-11.83	13.696	285.93	0.40696	21.699	212.04	-86.475	54.02	126.98	-114.53	54.785	130.54	-140.67	20.932
264.52	-30.954	15.017	186.37	-12.09	14.315	285.92	0.41146	21.709	207.97	-86.726	54.191	123.12	-115.31	54.975	126.77	-141.25	21.008
259.43	-30.449	14.85	182.12	-12.316	14.895	285.92	0.41488	21.702	203.87	-86.989	54.449	119.71	-115.78	55.533	123.5	-141.93	21.424
254.2	-29.68	14.802	177.8	-12.477	15.345	285.93	0.40723	21.7	199.67	-87.171	54.625	115.69	-116.57	55.619	119.57	-142.41	21.327
248.59	-28.891	14.666	173.39	-12.605	15.927	285.92	0.41489	21.702	195.37	-87.292	54.807	111.62	-117.33	55.717	115.87	-143.09	21.456
242.87	-27.949	14.468	168.86	-12.743	16.38	285.93	0.4051	21.697	191.01	-87.373	54.993	107.44	-118.07	55.765	111.94	-143.7	21.435
236.92	-26.877	14.379	164.32	-12.896	16.706	285.92	0.41397	21.7	186.58	-87.426	55.229	103.24	-118.79	55.844	107.94	-144.24	21.5
230.83	-25.707	14.242	159.69	-13.037	17.098	285.92	0.41215	21.696	182.07	-87.477	55.465	98.964	-119.48	55.867	103.88	-144.72	21.373
219.28	-21.222	15.577	154.92	-13.144	17.402	224.44	-24.552	13.904	177.56	-87.468	55.569	94.619	-120.16	55.874	99.682	-145.15	21.305
285.91	0.41836	21.71	150.14	-13.265	17.689	NaN	NaN	NaN	173	-87.403	55.693	90.276	-120.8	55.909	95.623	-145.77	21.354
285.91	0.40966	21.706	145.28	-13.317	17.832	211.11	-22.141	12.969	168.43	-87.36	55.732	85.875	-121.45	55.887	91.312	-146.14	21.141
285.91	0.41623	21.706	140.37	-13.342	17.941	204.16	-20.911	12.419	163.82	-87.261	55.814	81.485	-122.09	55.848	87.294	-146.67	21.093
285.91	0.41639	21.706	135.39	-13.379	18.115	NaN	NaN	NaN	159.26	-87.118	55.851	77.113	-122.71	55.84	83.147	-147.27	21.027
285.91	0.41546	21.705	130.36	-13.328	18.153	189.7	-18.349	11.096	154.62	-86.87	55.848	72.714	-123.33	55.769	78.987	-147.73	20.884
285.91	0.41286	21.703	125.23	-13.274	18.246	NaN	NaN	NaN	150.02	-86.562	55.724	68.369	-123.93	55.666	74.76	-148.11	20.761
285.91	0.41639	21.706	120.01	-13.174	18.138	NaN	NaN	NaN	145.41	-86.182	55.665	64.039	-124.54	55.574	70.561	-148.56	20.539
285.91	0.41427	21.702	114.68	-13.054	18.034	166.94	-14.19	9.542	140.77	-85.695	55.485	59.742	-125.15	55.468	66.517	-149.09	20.503
285.91	0.41835	21.697	109.31	-12.922	17.757	NaN	NaN	NaN	135.94	-85.38	54.985	55.49	-125.73	55.331	62.381	-149.43	20.249
285.91	0.40676	21.701	103.88	-12.793	17.347	NaN	NaN	NaN	131.35	-84.783	54.694	51.282	-126.26	55.179	58.296	-149.91	20.081
285.91	0.40707	21.689	98.529	-12.648	16.955	NaN	NaN	NaN	126.74	-84.146	54.385	47.071	-126.81	55.009	54.347	-150.31	19.895
285.92	0.41132	21.709	93.124	-12.497	16.366	NaN	NaN	NaN	122.12	-83.504	54.107	42.895	-127.3	54.741	50.289	-150.76	19.641
285.92	0.40881	21.706	87.777	-12.384	15.996	NaN	NaN	NaN	117.55	-82.808	53.842	38.786	-127.76	54.566	46.307	-151.1	19.428
285.91	0.40655	21.702	82.518	-12.234	15.315	NaN	NaN	NaN	112.98	-82.116	53.518	34.16	-128.51	53.938	42.208	-151.56	19.038
285.92	0.41254	21.711	77.326	-12.1	14.784	NaN	NaN	NaN	108.46	-81.465	53.177	30.08	-128.9	53.645	38.269	-151.89	18.693
285.93	0.40602	21.698	72.251	-11.961	14.253	NaN	NaN	NaN	103.97	-80.851	52.839	26.031	-129.27	53.319	34.417	-152.17	18.389
285.92	0.41231	21.698	67.318	-11.814	13.573	NaN	NaN	NaN	99.539	-80.171	52.539	22.048	-129.55	53.017	30.648	-152.35	18.068
285.92	0.4155	21.702	62.525	-11.631	13.007	NaN	NaN	NaN	95.154	-79.602	52.248	18.087	-129.8	52.696	26.898	-152.62	17.643
285.92	0.41442	21.701	57.765	-11.475	12.444	NaN	NaN	NaN	90.845	-78.946	51.988	14.179	-130	52.359	23.271	-152.91	17.203
285.92	0.40846	21.693	53.123	-11.312	11.979	NaN	NaN	NaN	86.621	-78.396	51.741	10.377	-130.18	52.033	19.636	-153.11	16.842
285.92	0.41139	21.696	48.575	-11.119	11.483	NaN	NaN	NaN	82.449	-77.814	51.502	6.6589	-130.32	51.694	16.141	-153.24	16.499
285.91	0.40935	21.706	44.048	-10.914	11.055	NaN	NaN	NaN	78.41	-77.225	51.316	3.0524	-130.39	51.27	12.832	-153.44	16.07
285.92	0.41366	21.7	39.502	-10.673	10.536	NaN	NaN	NaN	74.446	-76.682	51.143	-0.49397	-130.52	50.881	9.579	-153.53	15.812
285.91	0.41515	21.705	35.13	-10.434	10.141	NaN	NaN	NaN	70.559	-76.145	50.982	-3.8581	-130.61	50.5	6.4374	-153.7	15.357
285.91	0.41842	21.696	30.623	-10.533	9.1659	52.554	-6.0001	-4.7388	67.189	-75.28	51.248	-7.1164	-130.7	50.128	3.4228	-153.75	15.02
285.91	0.41547	21.705	27.027	-10.034	9.2257	48.55	-5.7892	-5.1937	63.27	-75.051	50.604	-10.278	-130.76	49.704	0.51723	-153.82	14.725
285.91	0.41623	21.706	23.225	-9.8419	8.5993	44.702	-5.5326	-5.6891	59.815	-74.588	50.42	-13.325	-130.76	49.291	-2.2025	-153.89	14.37
285.91	0.41654	21.706	19.62	-9.6269	8.2213	41.152	-5.2667	-5.9875	56.513	-74.133	50.155	-16.276	-130.74	48.863	-4.8713	-153.89	14.01
285.91	0.41608	21.705	16.163	-9.399	7.6432	37.526	-5.1124	-6.503	53.331	-73.693	49.956	-19.129	-130.69	48.431	-7.4463	-153.9	13.607
285.91	0.41593	21.706	12.873	-9.1811	7.286	34.097	-4.9363	-7.1235	50.278	-73.28	49.677	-21.833	-130.65	48.006	-9.8996	-153.88	13.23
285.91	0.41662	21.693	9.772	-8.9619	6.7617	30.984	-4.7384	-7.5529	47.47	-72.816	49.481	-24.427	-130.59	47.545	-12.194	-153.84	12.872
285.91	0.41766	21.695	6.866	-8.7375	6.2238	28.106	-4.5272	-7.9727	44.694	-72.415	49.189	-26.873	-130.48	47.128	-14.376	-153.75	12.386
285.91	0.40693	21.701	4.1446	-8.5406	5.6977	25.347	-4.3181	-8.448	42.111	-71.979	48.945	-29.208	-130.38	46.663	-16.537	-153.65	11.981
285.91	0.40713	21.691	1.564	-8.3226	5.165	22.882	-4.0969	-8.8412	39.637	-71.606	48.684	-31.406	-130.23	46.225	-18.427	-153.6	11.643
285.91	0.40661	21.704	-0.85697	-8.1154	4.6418	20.449	-3.8875	-9.333	37.313	-71.18	48.446	-33.501	-130.1	45.755	-20.298	-153.46	11.14
285.91	0.40921	21.705	-3.1074	-7.8806	4.0992	18.217	-3.6668	-9.8192	35.109	-70.762	48.2	-35.455	-129.93	45.274	-22.044	-153.38	10.776
285.91	0.40921	21.705	-5.1889	-7.6505	3.4876	16.002	-3.4967	-10.436	33.009	-70.366	47.901	-37.289	-129.78	44.782	-23.698	-153.22	10.282
285.92	0.40938	21.706	-7.1433	-7.4228	2.8088	14.255	-3.2365	-10.74	31.069	-69.972	47.641	-39.018	-129.58	44.31	-25.126	-153.06	9.8616
285.92	0.41172	21.697	-8.9102	-7.2095	2.3015	12.497	-3.0878	-11.317	29.217	-69.567	47.435	-40.671	-129.38	43.778	-26.552	-152.96	9.4347
285.92	0.41143	21.695	-10.533	-7.0297	1.6391	10.915	-2.9901	-11.883	27.46	-69.18	47.208	-42.241	-129.15	43.203	-27.867	-152.82	8.9665
285.92	0.41134	21.709	-11.929	-6.7896	0.95898	9.486	-2.9345	-12.435	25.816	-68.817	47.109	-43.728	-128.88	42.671	-28.977	-152.63	8.5785
285.92	0.41173	21.697	-13.16	-6.6107	0.28145	8.4295	-2.7828	-12.797	24.2	-68.5	47.018	-45.174	-128.6	42.102	-30.116	-152.47	8.1446
285.92	0.40921	21.705	-14.187	-6.4121	-0.31591	7.4537	-2.7162	-13.232	22.657	-68.138	46.954	-46.546	-128.27	41.537	-31.128	-152.31	7.744
285.91	0.41611	21.706	-15.151	-6.2442	-1.0573	6.5799	-2.6735	-13.678	21.243	-67.837	46.94	-47.819	-127.96	41	-32.03	-152.08	7.3568
285.91	0.41816	21.708	-15.907	-6.0597	-1.5121	5.8163	-2.6361	-14.065	19.848	-67.533	46.923	-49.094	-127.66	40.405	-32.836	-151.87	7.0123
285.9	0.41366	21.702	-16.658	-5.8982	-2.2531	5.2516	-2.5695	-14.366	18.587	-67.296	46.909	-50.255	-127.35	39.836	-33.738	-151.53	6.5426
285.91	0.41877	21.709	-17.249	-5.7564	-2.7338	4.8455	-2.4705	-14.519	17.427	-67.048	46.915	-51.324	-127.04	39.253	-34.282	-151.58	6.1259
285.91	0.41626	21.706	-17.895	-5.6591	-3.4609	4.2654	-2.4497	-14.868	16.324	-66.808	46.879	-52.298	-126.76	38.64	-34.902	-151.37	5.7204
285.91	0.41893	21.71	-18.415	-5.4729	-3.9637	3.8034	-2.3775	-15.062	15.341	-66.583	46.859	-53.153	-126.48	38.136	-35.5	-151.13	5.4005
285.91	0.41861	21.709	-18.881	-5.3103	-4.326	3.4529	-2.2135	-15.215	14.441	-66.384	46.794	-53.922	-126.26	37.577	-36.045	-151.04	4.9947
285.91	0.41642	21.707	-19.383	-5.1758	-4.6619	3.0292	-2.0896	-15.34	13.655	-66.197	46.7	-54.592	-126.02	37.009	-36.389	-150.92	4.6088
285.91	0.418	21.695	-19.848	-4.9746	-5.0766	2.6509	-1.9026	-15.507	12.939	-66.002	46.602	-55.16	-125.84	36.53	-36.712	-150.69	4.1725
285.91	0.41627	21.706	-20.272	-4.7992	-5.3471	2.2579	-1.7631	-15.654	12.302	-65.787	46.426	-55.628	-125.68	36.012	-37.008	-150.57	3.8547
285.91	0.41627	21.706	-20.68	-4.6419	-5.6684	1.7856	-1.6351	-15.942	11.789	-65.639	46.266	-56.006	-125.51	35.546	-37.351	-150.49	3.3736
285.91	0.41892	21.697	-21.052	-4.4757	-6.0682	1.5229	-1.4728	-16.131	11.316	-65.429	46.092	-56.337	-125.35	35.141	-37.508	-150.28	2.9735
285.91	0.41612	21.706	-21.403	-4.3415	-6.4513	1.2853	-1.3479	-16.343	10.938	-65.282	45.895	-56.619	-125.21	34.647	-37.662	-150.12	2.7229
285.91	0.41892	21.697	-21.634	-4.2298	-6.7581	1.0815	-1.2333	-16.563	10.577	-65.093	45.657	-56.859	-125.06	34.279	-37.799	-150.05	2.3599
285.91	0.41658	21.706	-21.872	-4.1128	-7.2473	0.924	-1.163	-16.845	10.309	-64.953	45.416	-57.066	-124.9	33.905	-37.883	-149.97	1.9554
285.91	0.41674	21.707	-22.075	-4.0805	-7.5832	0.74807	-1.0501	-17.236	10.062	-64.752	45.191	-57.247	-124.75	33.48	-38.058	-149.82	1.7131
285.91	0.41861	21.697	-22.2	-4.0068	-8.0463	0.54943	-1.0127	-17.628	9.814	-64.575	44.922	-57.413	-124.65	33.143	-38.182	-149.54	1.4184
285.91	0.41861	21.697	-22.36	-3.907	-8.5295	0.4553	-0.98749	-17.97	9.6273	-64.434	44.702	-57.547	-124.51	32.749	-38.1	-149.6	1.1041
285.92	0.42105	21.701	-22.723	-4.0846	-9.3925	0.40186	-0.94821	-18.428	9.4133	-64.229	44.423	-57.65	-124.37	32.398	-38.119	-149.57	0.87312
285.91	0.42107	21.698	-22.844	-4.0264	-9.897	0.44298	-0.89464	-18.693	9.2179	-64.042	44.146	-57.779	-124.25	32.042	-38.174	-149.5	0.62405
285.91	0.41923	21.697	-22.932	-4.0076	-10.408	0.30035	-0.91351	-19.217	9.0311	-63.88	43.871	-57.905	-124.12	31.664	-38.155	-149.46	0.3133
285.92	0.42309	21.702	-23.061	-3.9689	-10.975	0.16348	-0.92083	-19.755	8.8064	-63.653	43.622	-58.013	-124.02	31.349	-38.13	-149.43	0.075739
285.91	0.43117	21.705	-23.152	-3.9838	-11.552	0.091063	-0.94342	-20.209	8.6148	-63.43	43.365	-58.101	-123.92	30.995	-38.168	-149.38	-0.11231
285.91	0.42111	21.7	-23.295	-3.9742	-12.147	0.067942	-0.90953	-20.656	8.4084	-63.224	43.089	-58.223	-123.82	30.715	-38.194	-149.37	-0.26192
285.91	0.43169	21.703	-23.453	-3.9774	-12.633	-0.0072185	-0.87419	-21.013	8.1638	-62.974	42.842	-58.359	-123.72	30.467	-38.169	-149.36	-0.43173
285.92	0.4267	21.693	-23.701	-3.929	-12.962	-0.22982	-0.78507	-21.279	7.9842	-62.764	42.638	-58.491	-123.64	30.287	-38.212	-149.36	-0.58525
285.91	0.43108	21.702	-23.887	-3.8925	-13.043	-0.49042	-0.59807	-21.221	7.8393	-62.65	42.504	-58.628	-123.57	30.099	-38.255	-149.33	-0.74135
285.91	0.43235	21.692	-23.937	-3.9052	-12.915	-0.55096	-0.537	-21.172	7.6554	-62.589	42.509	-58.752	-123.49	29.961	-38.331	-149.29	-0.81214
285.91	0.42813	21.699	-24.004	-3.8626	-12.944	-0.56747	-0.50355	-21.069	7.4953	-62.56	42.581	-58.865	-123.47	29.899	-38.395	-149.28	-0.81354
285.91	0.43229	21.706	-24.129	-3.787	-13.051	-0.64179	-0.53498	-21.055	7.3204	-62.525	42.638	-58.968	-123.47	29.879	-38.475	-149.27	-0.84729
285.91	0.42873	21.699	-24.262	-3.7495	-13.078	-0.74496	-0.54351	-21.029	7.1769	-62.464	42.725	-59.082	-123.47	29.894	-38.538	-149.26	-0.81566
285.91	0.43094	21.702	-24.397	-3.7214	-13.138	-0.92147	-0.55606	-21.088	6.9834	-62.411	42.802	-59.224	-123.43	29.899	-38.62	-149.26	-0.70086
285.91	0.42913	21.698	-24.524	-3.7043	-13.175	-1.0511	-0.56905	-21.069	6.7753	-62.302	42.849	-59.35	-123.36	29.855	-38.673	-149.21	-0.60493
285.91	0.42874	21.699	-24.611	-3.7091	-13.101	-1.1547	-0.51183	-21.003	6.5955	-62.211	42.887	-59.469	-123.31	29.807	-38.779	-149.2	-0.57102
285.91	0.42757	21.699	-24.74	-3.6937	-13.15	-1.1964	-0.43407	-20.915	6.4571	-62.142	42.919	-59.579	-123.26	29.746	-38.935	-148.97	-0.60416
285.91	0.42584	21.698	-24.867	-3.6699	-13.169	-1.2502	-0.38175	-20.879	6.3419	-62.075	42.94	-59.675	-123.24	29.684	-38.935	-148.92	-0.56681
285.91	0.42595	21.709	-24.964	-3.6517	-13.187	-1.3927	-0.38191	-20.923	6.22	-62.031	42.924	-59.764	-123.2	29.616	-38.907	-149.09	-0.57723
285.91	0.41926	21.697	-25.056	-3.6032	-13.294	-1.461	-0.35794	-20.919	6.101	-61.976	42.9	-59.856	-123.17	29.543	-38.96	-149.1	-0.59543
285.91	0.41326	21.688	-25.123	-3.5875	-13.324	-1.5086	-0.34792	-20.925	5.9932	-61.93	42.895	-59.961	-123.14	29.487	-38.999	-149.11	-0.60456
285.91	0.41424	21.688	-25.176	-3.5797	-13.352	-1.5715	-0.34417	-20.917	5.8968	-61.914	42.868	-60.053	-123.12	29.423	-39.05	-149.11	-0.63144
285.91	0.41456	21.689	-25.197	-3.5902	-13.369	-1.5974	-0.35016	-20.909	5.8045	-61.895	42.845	-60.132	-123.11	29.376	-39.097	-149.11	-0.63417
285.91	0.41577	21.692	-25.222	-3.6044	-13.391	-1.615	-0.37677	-20.904	5.7359	-61.89	42.853	-60.215	-123.09	29.323	-39.125	-149.12	-0.65042
285.9	0.42295	21.692	-25.234	-3.6104	-13.402	-1.6212	-0.394	-20.884	5.653	-61.893	42.852	-60.284	-123.08	29.267	-39.156	-149.14	-0.67553
285.9	0.42468	21.695	-25.255	-3.6132	-13.401	-1.6376	-0.4076	-20.872	5.5942	-61.882	42.854	-60.331	-123.06	29.235	-39.171	-149.15	-0.65977
285.91	0.42746	21.697	-25.28	-3.6274	-13.423	-1.6416	-0.41792	-20.851	5.5423	-61.876	42.856	-60.366	-123.06	29.217	-39.179	-149.15	-0.6655
285.9	0.42541	21.693	-25.28	-3.6303	-13.41	-1.6279	-0.43436	-20.838	5.506	-61.869	42.84	-60.394	-123.04	29.181	-39.181	-149.16	-0.67147
