138.41	-2.9422	20.314	-28.642	1.8898	-13.287	-0.12685	3.5546	-16.125	0.11287	-58.163	41.987	-72.649	-114.52	27.095	-56.408	-143.21	-1.0548
138.41	-2.9421	20.313	-28.641	1.8902	-13.289	-0.13486	3.5604	-16.125	0.1162	-58.16	41.991	-72.634	-114.52	27.101	-56.384	-143.23	-1.0508
138.42	-2.9399	20.315	-28.644	1.8878	-13.29	-0.13486	3.5604	-16.125	0.11408	-58.162	41.988	-72.643	-114.51	27.099	-56.404	-143.2	-1.0618
138.42	-2.9453	20.318	-28.643	1.8896	-13.276	-0.13905	3.5602	-16.129	0.11765	-58.172	41.985	-72.647	-114.51	27.096	-56.414	-143.2	-1.0536
138.42	-2.9371	20.306	-28.645	1.8896	-13.291	-0.14196	3.5575	-16.131	0.11641	-58.173	41.984	-72.645	-114.51	27.099	-56.39	-143.22	-1.0499
138.42	-2.9398	20.314	-28.65	1.8868	-13.295	-0.13685	3.5489	-16.133	0.1218	-58.168	41.987	-72.647	-114.51	27.086	-56.405	-143.21	-1.0483
138.42	-2.9375	20.318	-28.64	1.8915	-13.287	-0.14455	3.5561	-16.135	0.1149	-58.159	41.979	-72.647	-114.51	27.096	-56.398	-143.21	-1.0628
138.41	-2.9444	20.31	-28.653	1.8967	-13.291	-0.13486	3.5604	-16.125	0.11579	-58.16	41.988	-72.647	-114.51	27.096	-56.404	-143.21	-1.0476
138.42	-2.9499	20.312	-28.64	1.8894	-13.274	-0.13196	3.5632	-16.123	0.11609	-58.16	41.989	-72.638	-114.52	27.096	-56.402	-143.2	-1.0602
138.42	-2.9487	20.314	-28.636	1.8937	-13.284	-0.12976	3.5518	-16.127	0.1205	-58.168	41.974	-72.642	-114.52	27.083	-56.401	-143.21	-1.0461
138.41	-2.9418	20.312	-28.637	1.8936	-13.283	-0.13944	3.5475	-16.137	0.12313	-58.168	41.989	-72.637	-114.52	27.098	-56.393	-143.2	-1.0529
138.42	-2.94	20.317	-28.652	1.8845	-13.297	-0.13598	3.5505	-16.147	0.1164	-58.173	41.984	-72.644	-114.51	27.088	-56.403	-143.2	-1.0597
138.42	-2.9399	20.315	-28.649	1.8866	-13.294	-0.12685	3.5546	-16.125	0.11816	-58.171	41.971	-72.641	-114.52	27.095	-56.4	-143.2	-1.0585
138.42	-2.9449	20.303	-28.643	1.888	-13.276	-0.12685	3.5546	-16.125	0.12924	-58.176	41.976	-72.64	-114.52	27.109	-56.403	-143.22	-1.0523
138.42	-2.9487	20.313	-28.646	1.8858	-13.279	-0.12976	3.5518	-16.127	0.13015	-58.176	41.975	-72.633	-114.52	27.089	-56.4	-143.2	-1.058
138.41	-2.9421	20.313	-28.643	1.888	-13.276	-0.12794	3.5546	-16.124	0.1262	-58.166	41.966	-72.637	-114.52	27.109	-56.404	-143.2	-1.0605
138.42	-2.9522	20.309	-28.649	1.8869	-13.296	-0.12976	3.5518	-16.127	0.12116	-58.172	41.986	-72.638	-114.52	27.099	-56.406	-143.21	-1.0493
138.42	-2.9499	20.312	-28.652	1.8845	-13.297	-0.13234	3.5505	-16.131	0.13338	-58.173	41.977	-72.638	-114.52	27.098	-56.379	-143.24	-1.0521
138.41	-2.944	20.309	-28.634	1.8936	-13.268	-0.12976	3.5518	-16.127	0.12889	-58.163	41.981	-72.634	-114.52	27.102	-56.406	-143.21	-1.0507
138.42	-2.9498	20.311	-28.652	1.8845	-13.297	-0.13395	3.5517	-16.131	0.12657	-58.166	41.978	-72.634	-114.52	27.101	-56.404	-143.21	-1.0626
138.41	-2.9422	20.313	-28.649	1.8866	-13.294	-0.12998	3.5534	-16.14	0.12928	-58.178	41.987	-72.637	-114.52	27.098	-56.403	-143.2	-1.0604
138.42	-2.9399	20.316	-28.643	1.8894	-13.289	-0.12998	3.5534	-16.14	0.1346	-58.172	41.978	-72.64	-114.51	27.089	-56.398	-143.2	-1.0578
138.42	-2.9377	20.317	-28.641	1.8908	-13.287	-0.12685	3.5546	-16.125	0.13099	-58.174	41.963	-72.633	-114.5	27.107	-56.399	-143.2	-1.0585
138.41	-2.9422	20.313	-28.641	1.8908	-13.287	-0.12707	3.5562	-16.138	0.12782	-58.162	41.954	-72.637	-114.52	27.087	-56.41	-143.21	-1.0668
138.41	-2.9441	20.309	-28.64	1.8915	-13.287	-0.12288	3.5563	-16.134	0.12677	-58.179	41.971	-72.633	-114.52	27.089	-56.405	-143.21	-1.0632
138.42	-2.9499	20.311	-28.649	1.8875	-13.294	-0.12598	3.5563	-16.138	0.13352	-58.171	41.951	-72.632	-114.51	27.089	-56.409	-143.2	-1.0469
138.41	-2.9422	20.313	-28.641	1.8908	-13.287	-0.13257	3.552	-16.144	0.14316	-58.166	41.959	-72.625	-114.51	27.095	-56.403	-143.21	-1.0495
138.42	-2.9476	20.315	-28.641	1.8888	-13.275	-0.12707	3.5562	-16.138	0.1455	-58.176	41.955	-72.629	-114.51	27.092	-56.401	-143.2	-1.0602
138.41	-2.9442	20.31	-28.64	1.8894	-13.274	-0.13308	3.5533	-16.145	0.13614	-58.171	41.953	-72.633	-114.52	27.089	-56.405	-143.21	-1.0648
138.42	-2.9399	20.315	-28.638	1.8929	-13.285	-0.12598	3.5563	-16.138	0.13891	-58.182	41.949	-72.63	-114.52	27.103	-56.411	-143.21	-1.0673
138.42	-2.9351	20.308	-28.642	1.8901	-13.288	-0.12707	3.5562	-16.138	0.13932	-58.18	41.937	-72.633	-114.52	27.089	-56.408	-143.21	-1.0659
138.42	-2.9376	20.317	-28.64	1.8915	-13.287	-0.12707	3.5562	-16.138	0.15484	-58.172	41.962	-72.629	-114.51	27.092	-56.403	-143.2	-1.0624
138.42	-2.94	20.317	-28.647	1.8866	-13.293	-0.11998	3.5591	-16.131	0.13272	-58.186	41.931	-72.639	-114.51	27.09	-56.378	-143.24	-1.0502
138.41	-2.9421	20.313	-28.629	1.8849	-13.284	-0.12707	3.5562	-16.138	0.1389	-58.183	41.949	-72.626	-114.51	27.106	-56.412	-143.2	-1.064
138.41	-2.9441	20.309	-28.634	1.8934	-13.281	-0.12707	3.5562	-16.138	0.13859	-58.183	41.948	-72.636	-114.5	27.093	-56.414	-143.2	-1.0502
138.42	-2.9495	20.311	-28.64	1.8915	-13.287	-0.12707	3.5562	-16.138	0.13501	-58.174	41.951	-72.635	-114.52	27.111	-56.419	-143.19	-1.0639
138.42	-2.94	20.316	-28.641	1.8908	-13.287	-0.12707	3.5562	-16.138	0.13273	-58.173	41.951	-72.639	-114.5	27.091	-56.425	-143.19	-1.0682
138.42	-2.9376	20.318	-28.637	1.8935	-13.283	-0.12598	3.5563	-16.138	0.14161	-58.167	41.957	-72.641	-114.51	27.091	-56.415	-143.2	-1.0615
138.42	-2.94	20.317	-28.642	1.8907	-13.287	-0.12288	3.5564	-16.134	0.13075	-58.175	41.95	-72.639	-114.49	27.096	-56.426	-143.19	-1.0655
138.42	-2.9399	20.316	-28.64	1.8915	-13.287	-0.11998	3.5591	-16.131	0.13391	-58.174	41.95	-72.64	-114.51	27.103	-56.411	-143.19	-1.0736
138.42	-2.9389	20.318	-28.638	1.8929	-13.285	-0.11998	3.5591	-16.131	0.12598	-58.177	41.946	-72.651	-114.5	27.088	-56.417	-143.2	-1.0648
138.42	-2.9499	20.312	-28.638	1.8929	-13.285	-0.12598	3.5563	-16.138	0.12577	-58.165	41.953	-72.64	-114.49	27.096	-56.413	-143.19	-1.0601
138.42	-2.94	20.317	-28.636	1.8943	-13.282	-0.12707	3.5562	-16.138	0.12885	-58.177	41.974	-72.647	-114.5	27.103	-56.422	-143.19	-1.0489
138.42	-2.9372	20.304	-28.64	1.8915	-13.287	-0.13218	3.5648	-16.136	0.12829	-58.165	41.966	-72.647	-114.5	27.103	-56.41	-143.19	-1.0599
138.41	-2.9422	20.313	-28.636	1.8943	-13.282	-0.12707	3.5562	-16.138	0.13174	-58.162	41.958	-72.646	-114.5	27.092	-56.419	-143.19	-1.0456
138.42	-2.9377	20.319	-28.638	1.8929	-13.285	-0.12707	3.5562	-16.138	0.12854	-58.164	41.98	-72.638	-114.51	27.113	-56.419	-143.2	-1.0669
138.42	-2.9399	20.314	-28.642	1.89	-13.288	-0.12707	3.5562	-16.138	0.13693	-58.17	41.941	-72.637	-114.5	27.092	-56.412	-143.2	-1.0622
138.42	-2.9398	20.314	-28.64	1.8915	-13.287	-0.13234	3.5505	-16.131	0.13648	-58.168	41.94	-72.638	-114.51	27.102	-56.406	-143.19	-1.0442
138.43	-2.9435	20.321	-28.647	1.8866	-13.293	-0.12707	3.5562	-16.138	0.14029	-58.167	41.945	-72.628	-114.51	27.095	-56.399	-143.2	-1.057
138.42	-2.9453	20.316	-28.641	1.8908	-13.287	-0.11998	3.5591	-16.131	0.13812	-58.169	41.942	-72.629	-114.5	27.096	-56.404	-143.19	-1.0574
138.42	-2.9399	20.315	-28.641	1.8908	-13.287	-0.12707	3.5562	-16.138	0.13638	-58.171	41.954	-72.627	-114.51	27.092	-56.411	-143.2	-1.0511
138.42	-2.9377	20.318	-28.641	1.8907	-13.287	-0.12308	3.5591	-16.136	0.13812	-58.169	41.942	-72.621	-114.51	27.099	-56.399	-143.2	-1.0581
138.42	-2.9452	20.316	-28.643	1.8893	-13.289	-0.12598	3.5563	-16.138	0.14961	-58.162	41.951	-72.628	-114.5	27.11	-56.403	-143.19	-1.055
138.41	-2.9423	20.313	-28.638	1.8938	-13.285	-0.11998	3.5592	-16.131	0.14923	-58.161	41.939	-72.632	-114.5	27.108	-56.406	-143.19	-1.0573
138.42	-2.94	20.314	-28.647	1.8866	-13.293	-0.12707	3.5562	-16.138	0.14595	-58.162	41.949	-72.626	-114.5	27.1	-56.413	-143.18	-1.0552
138.42	-2.9398	20.314	-28.642	1.9027	-13.28	-0.1317	3.5537	-16.157	0.14443	-58.163	41.947	-72.628	-114.5	27.1	-56.405	-143.19	-1.0558
138.42	-2.9377	20.318	-28.642	1.9023	-13.283	-0.12598	3.5563	-16.138	0.1414	-58.168	41.944	-72.633	-114.49	27.101	-56.407	-143.19	-1.0552
138.42	-2.9368	20.303	-28.638	1.9058	-13.278	-0.12308	3.5591	-16.136	0.15404	-58.158	41.954	-72.637	-114.49	27.098	-56.415	-143.18	-1.0701
138.42	-2.9376	20.318	-28.639	1.9057	-13.278	-0.1295	3.5692	-16.147	0.14614	-58.164	41.948	-72.643	-114.49	27.094	-56.315	-143.33	-1.0529
138.41	-2.9318	20.315	-28.635	1.9087	-13.275	-0.12707	3.5562	-16.138	0.14442	-58.163	41.947	-72.634	-114.49	27.101	-56.319	-143.32	-1.0509
138.42	-2.9372	20.306	-28.641	1.9036	-13.281	-0.12417	3.559	-16.136	0.15486	-58.157	41.942	-72.632	-114.49	27.102	-56.416	-143.18	-1.0587
138.42	-2.9399	20.314	-28.644	1.9016	-13.284	-0.12417	3.559	-16.136	0.14526	-58.162	41.935	-72.631	-114.49	27.101	-56.415	-143.18	-1.0574
138.42	-2.9354	20.321	-28.64	1.8924	-13.287	-0.12417	3.559	-16.136	0.14878	-58.162	41.936	-72.634	-114.49	27.101	-56.413	-143.18	-1.0684
138.42	-2.9399	20.315	-28.638	1.9058	-13.278	-0.11339	3.5634	-16.126	0.15964	-58.155	41.947	-72.631	-114.48	27.091	-56.415	-143.18	-1.0586
138.42	-2.935	20.308	-28.639	1.9057	-13.278	-0.11911	3.5608	-16.145	0.14699	-58.175	41.93	-72.627	-114.5	27.101	-56.407	-143.19	-1.0699
138.42	-2.9327	20.311	-28.636	1.8951	-13.283	-0.11998	3.5592	-16.131	0.15385	-58.17	41.934	-72.622	-114.49	27.091	-56.415	-143.18	-1.0596
138.42	-2.9376	20.318	-28.638	1.8938	-13.285	-0.12308	3.5591	-16.136	0.16111	-58.168	41.939	-72.624	-114.49	27.09	-56.412	-143.18	-1.0689
138.42	-2.9473	20.301	-28.636	1.8945	-13.284	-0.11889	3.5592	-16.132	0.15356	-58.171	41.933	-72.623	-114.49	27.089	-56.314	-143.33	-1.0681
138.42	-2.9373	20.305	-28.625	1.9005	-13.273	-0.11888	3.5592	-16.132	0.15597	-58.169	41.935	-72.63	-114.5	27.093	-56.411	-143.18	-1.0698
138.42	-2.935	20.31	-28.638	1.8938	-13.285	-0.11997	3.5592	-16.131	0.15512	-58.183	41.929	-72.623	-114.49	27.089	-56.322	-143.32	-1.0691
138.42	-2.94	20.317	-28.633	1.8972	-13.28	-0.11888	3.5592	-16.132	0.15634	-58.182	41.929	-72.628	-114.5	27.086	-56.322	-143.32	-1.0675
138.42	-2.9396	20.303	-28.626	1.8998	-13.274	-0.12438	3.5551	-16.138	0.15081	-58.186	41.925	-72.625	-114.5	27.11	-56.425	-143.19	-1.0809
138.42	-2.9399	20.316	-28.637	1.8935	-13.283	-0.11888	3.5592	-16.132	0.15781	-58.185	41.929	-72.627	-114.5	27.086	-56.432	-143.18	-1.0704
138.42	-2.9499	20.311	-28.631	1.8964	-13.279	-0.11888	3.5592	-16.132	0.16038	-58.199	41.94	-72.622	-114.49	27.091	-56.333	-143.32	-1.076
138.42	-2.9477	20.315	-28.629	1.8969	-13.277	-0.104	3.5579	-16.139	0.16594	-58.223	41.93	-72.619	-114.49	27.091	-56.437	-143.18	-1.084
138.42	-2.9378	20.319	-28.616	1.8887	-13.259	-0.1111	3.555	-16.145	0.16745	-58.252	41.93	-72.615	-114.5	27.09	-56.442	-143.18	-1.0881
138.41	-2.9422	20.313	-28.595	1.8852	-13.247	-0.10422	3.5595	-16.152	0.16124	-58.3	41.92	-72.608	-114.5	27.118	-56.446	-143.19	-1.0902
138.41	-2.9423	20.313	-28.611	1.8609	-13.268	-0.088246	3.5583	-16.159	0.16803	-58.353	41.897	-72.594	-114.52	27.118	-56.454	-143.21	-1.0891
138.42	-2.9381	20.319	-28.606	1.8296	-13.252	-0.092647	3.5542	-16.165	0.17981	-58.433	41.891	-72.57	-114.56	27.141	-56.46	-143.21	-1.0808
138.42	-2.9476	20.313	-28.603	1.7864	-13.243	-0.071404	3.5587	-16.18	0.23855	-58.545	41.864	-72.535	-114.6	27.181	-56.461	-143.25	-1.098
138.41	-2.9423	20.313	-28.583	1.7457	-13.19	-0.039897	3.5594	-16.22	0.34121	-58.707	41.831	-72.463	-114.67	27.225	-56.459	-143.31	-1.1115
138.41	-2.9446	20.31	-28.551	1.6802	-13.103	0.00074972	3.5373	-16.254	0.41414	-58.878	41.821	-72.369	-114.76	27.3	-56.41	-143.4	-1.1279
138.41	-2.9422	20.311	-28.459	1.6393	-12.932	0.094782	3.4725	-16.34	0.5287	-59.029	41.811	-72.283	-114.86	27.366	-56.389	-143.45	-1.1587
138.42	-2.9523	20.309	-28.419	1.5141	-12.558	0.16795	3.471	-16.274	0.69733	-59.275	41.858	-72.166	-114.97	27.439	-56.241	-143.68	-1.1546
138.42	-2.9501	20.313	-28.352	1.4305	-12.131	0.26525	3.5008	-16.081	0.87919	-59.588	41.936	-72.047	-115.12	27.513	-56.216	-143.75	-1.1995
138.42	-2.95	20.312	-28.263	1.3554	-11.407	0.33034	3.6706	-15.733	1.1173	-60.014	42.102	-71.921	-115.27	27.593	-56.204	-143.74	-1.2357
138.42	-2.9481	20.316	-28.068	1.2684	-10.441	0.39823	3.9037	-15.148	1.3612	-60.529	42.413	-71.721	-115.47	27.69	-56.159	-143.82	-1.3096
138.42	-2.95	20.311	-27.79	1.1695	-9.4992	0.69235	4.141	-14.178	1.652	-61.248	42.854	-71.515	-115.77	27.792	-56.085	-143.97	-1.4003
138.42	-2.9509	20.326	-27.284	0.90571	-8.0197	1.0389	4.231	-13.243	2.0165	-62.067	43.343	-71.304	-116.09	27.873	-55.917	-144.2	-1.4596
138.43	-2.947	20.317	-26.459	0.91058	-6.3444	1.5567	4.3111	-12.085	2.4664	-63.078	43.851	-71.019	-116.48	28.032	-55.877	-144.21	-1.664
138.42	-2.9482	20.316	-25.666	0.65302	-4.7513	2.1525	4.2664	-10.891	2.9959	-64.102	44.451	-70.678	-116.9	28.24	-55.537	-144.68	-1.6481
138.43	-2.9458	20.318	-24.85	0.1895	-3.108	2.8603	4.1344	-9.6367	3.6512	-65.273	45.006	-70.261	-117.38	28.394	-55.316	-144.93	-1.7624
138.43	-2.9451	20.321	-23.773	-0.12759	-1.4448	3.7784	3.8591	-8.3913	4.4047	-66.534	45.529	-69.768	-117.91	28.561	-55.158	-145.03	-2.001
138.43	-2.9547	20.316	-22.62	-0.66203	-0.0034455	4.9364	3.4552	-7.0658	5.2736	-67.866	46.057	-69.208	-118.46	28.778	-54.847	-145.31	-2.1144
138.44	-2.9528	20.32	-21.303	-1.2576	1.3672	6.3004	2.8166	-5.8158	6.2178	-69.265	46.471	-68.629	-119.04	29.032	-54.493	-145.71	-2.2118
138.44	-2.9529	20.32	-19.813	-1.9974	2.7436	7.8581	2.0327	-4.5848	7.2546	-70.732	46.897	-68.003	-119.61	29.286	-54.183	-146.01	-2.2591
138.44	-2.9527	20.32	-18.166	-2.7551	3.95	9.6788	1.1434	-3.3743	8.3471	-72.279	47.347	-67.37	-120.18	29.502	-53.805	-146.48	-2.3235
138.44	-2.9528	20.319	-16.361	-3.6383	5.0402	11.744	0.095321	-2.2383	9.447	-73.845	47.839	-66.694	-120.76	29.751	-53.331	-146.98	-2.3624
138.44	-2.949	20.327	-14.453	-4.6846	6.1199	14.037	-1.0649	-1.1138	10.602	-75.508	48.302	-65.977	-121.37	30.044	-52.827	-147.52	-2.3742
138.44	-2.9594	20.32	-12.366	-5.6854	7.0103	16.626	-2.3323	0.032899	11.794	-77.203	48.774	-65.185	-121.99	30.314	-52.265	-148.1	-2.4001
138.44	-2.9594	20.32	-10.253	-6.7547	7.8298	19.629	-3.7292	1.1809	13.079	-78.922	49.318	-64.309	-122.65	30.592	-51.634	-148.73	-2.419
138.44	-2.964	20.331	-8.1411	-7.918	8.8151	23.108	-5.1874	2.4032	14.384	-80.741	49.837	-63.377	-123.32	30.892	-50.933	-149.37	-2.3883
138.44	-2.967	20.327	-6.3295	-8.9588	9.5809	27.402	-6.7912	3.7616	15.741	-82.582	50.369	-62.373	-124.02	31.202	-50.175	-150.08	-2.2241
138.44	-2.9634	20.318	-4.6524	-9.8932	10.363	32.499	-8.5285	5.0893	17.187	-84.315	50.874	-61.415	-124.58	31.606	-49.497	-150.99	-1.9373
138.44	-2.9648	20.329	-2.948	-10.911	11.13	38.147	-10.335	6.5325	18.969	-85.56	51.772	-60.496	-125.01	32.016	-48.564	-151.56	-0.95764
138.44	-2.9667	20.326	-1.1423	-12.028	11.622	43.395	-12.451	7.6397	20.464	-87.016	52.335	-59.493	-125.39	32.457	-47.762	-152.39	-0.28804
138.43	-2.9679	20.325	0.77801	-13.114	11.86	48.127	-14.763	8.6339	22.015	-88.399	52.869	-58.274	-125.93	32.948	-46.241	-153.25	0.29737
138.43	-2.9679	20.324	2.8195	-14.188	12.03	52.985	-16.937	9.965	23.601	-89.829	53.428	-56.833	-126.65	33.462	-44.903	-154.12	0.78181
138.43	-2.9555	20.33	4.9119	-15.382	12.344	58.009	-19.078	11.543	25.313	-91.242	53.922	-55.214	-127.37	33.998	-43.793	-155	1.3169
138.43	-2.9611	20.324	7.1892	-16.463	12.689	62.551	-21.366	12.751	27.084	-92.667	54.433	-53.565	-128	34.606	-42.253	-155.75	1.9908
138.43	-2.9601	20.326	9.3213	-17.517	13.013	66.96	-23.699	13.827	28.887	-94.095	54.926	-51.911	-128.61	35.279	-40.748	-156.53	2.5034
138.43	-2.9578	20.328	11.39	-18.61	13.398	71.361	-26.02	14.873	30.83	-95.493	55.297	-50.225	-129.32	35.954	-39.344	-157.45	2.9666
138.43	-2.9556	20.331	13.512	-19.601	13.759	75.64	-28.361	15.828	32.866	-96.779	55.609	-48.463	-130.1	36.615	-37.742	-158.29	3.5101
138.43	-2.9578	20.329	15.682	-20.599	14.152	79.734	-30.644	16.659	34.967	-98.031	55.922	-46.547	-130.85	37.316	-36.065	-158.99	4.2816
138.43	-2.9569	20.329	17.939	-21.626	14.666	83.374	-32.952	17.121	37.148	-99.258	56.195	-44.516	-131.57	38.085	-34.379	-159.75	4.9137
138.43	-2.9579	20.327	20.284	-22.654	15.161	87.495	-35.017	18.033	39.37	-100.46	56.522	-42.466	-132.22	38.838	-32.51	-160.37	5.6425
138.43	-2.9555	20.33	22.614	-23.605	15.528	91.173	-37.021	18.61	41.658	-101.57	56.839	-40.447	-132.68	39.644	-30.736	-160.87	6.4683
138.44	-2.9528	20.32	25.014	-24.535	15.915	94.47	-39.081	18.837	43.973	-102.6	57.055	-38.47	-133.03	40.433	-28.839	-161.22	7.632
138.44	-2.9529	20.32	27.351	-25.363	16.133	98.034	-40.958	19.31	46.309	-103.53	57.432	-36.439	-133.34	41.269	-26.947	-161.92	8.7511
138.44	-2.9528	20.32	29.701	-26.15	16.333	101.61	-42.745	19.819	48.683	-104.34	57.706	-34.382	-133.7	42.054	-24.94	-162.4	9.8087
138.44	-2.9506	20.324	32.085	-26.91	16.601	105.43	-44.391	20.543	51.033	-105.05	58.072	-32.21	-134.11	42.874	-23.296	-162.92	10.588
138.43	-2.9555	20.33	34.401	-27.501	16.804	108.92	-46.025	20.988	53.404	-105.7	58.398	-29.97	-134.51	43.682	-21.202	-163.37	11.478
138.44	-2.9506	20.323	36.716	-28.107	17.098	112.32	-47.538	21.517	55.76	-106.27	58.702	-27.707	-134.86	44.462	-19.128	-163.78	12.321
138.43	-2.9534	20.318	39	-28.58	17.297	115.57	-48.883	21.941	58.098	-106.76	59.083	-25.465	-135.16	45.215	-17.187	-164.24	13.028
138.43	-2.9578	20.327	41.292	-29.004	17.548	118.73	-50.069	22.385	60.443	-107.16	59.423	-23.226	-135.41	45.915	-14.951	-164.68	13.805
138.43	-2.9589	20.325	43.579	-29.441	17.852	121.76	-51.076	22.867	62.794	-107.47	59.749	-20.986	-135.6	46.679	-12.761	-164.85	14.623
138.42	-2.9629	20.32	45.862	-29.749	18.105	124.66	-51.882	23.311	65.132	-107.76	60.156	-18.741	-135.72	47.369	-10.831	-165.05	15.316
138.42	-2.962	20.322	48.107	-29.977	18.379	127.45	-52.501	23.792	67.457	-107.94	60.58	-16.528	-135.81	48.052	-8.7193	-165.19	15.965
138.43	-2.9597	20.325	50.323	-30.13	18.691	130.04	-52.995	24.225	69.729	-108.08	60.97	-14.28	-135.86	48.763	-6.6434	-165.09	16.862
138.43	-2.9596	20.324	52.468	-30.22	19.011	132.57	-53.314	24.65	72.043	-108.12	61.369	-12.042	-135.87	49.429	-4.5749	-165.28	17.445
138.43	-2.9584	20.324	54.56	-30.173	19.321	134.94	-53.453	24.991	74.296	-108.14	61.73	-9.8591	-135.86	50.118	-2.4751	-165.18	18.044
138.43	-2.9597	20.323	56.626	-30.132	19.755	137.21	-53.419	25.298	76.579	-108.04	62.112	-7.6745	-135.78	50.73	-0.47934	-165.14	18.765
138.43	-2.9609	20.324	58.653	-30.046	20.235	139.19	-53.435	25.34	78.792	-107.9	62.451	-5.4532	-135.67	51.422	1.5981	-164.93	19.288
138.42	-2.961	20.324	60.61	-29.775	20.528	141.18	-53.072	25.437	81.032	-107.63	62.826	-3.2811	-135.52	52.024	3.7458	-164.98	19.962
138.43	-2.9578	20.327	62.58	-29.549	20.994	143.08	-52.581	25.552	83.251	-107.34	63.137	-1.1008	-135.34	52.586	5.6326	-164.46	20.467
138.44	-2.9529	20.321	64.507	-29.237	21.325	144.89	-51.944	25.563	85.423	-106.92	63.426	1.0405	-135.08	53.118	7.6541	-164.09	20.917
138.43	-2.9565	20.327	66.435	-28.8	21.605	146.66	-51.146	25.642	87.593	-106.46	63.668	3.1755	-134.73	53.611	9.6178	-163.73	21.316
138.43	-2.9552	20.319	68.315	-28.371	21.805	148.33	-50.352	25.535	89.69	-105.89	63.915	5.3037	-134.3	54.076	11.713	-163.53	21.908
138.44	-2.9518	20.322	70.244	-27.81	21.908	149.87	-49.399	25.292	91.798	-105.23	64.127	7.3608	-133.81	54.422	13.576	-162.77	22.311
138.44	-2.9527	20.32	72.045	-27.243	21.933	151.48	-48.365	25.119	93.855	-104.49	64.27	9.3746	-133.25	54.723	15.67	-162.36	22.675
138.43	-2.9542	20.319	73.891	-26.614	21.851	152.95	-47.297	24.803	95.852	-103.7	64.329	11.397	-132.61	55.019	17.565	-161.79	22.973
138.44	-2.9652	20.314	75.636	-25.896	21.651	154.32	-46.154	24.356	97.829	-102.83	64.361	13.38	-131.9	55.218	19.364	-160.96	23.049
138.44	-2.9546	20.331	77.307	-25.186	21.44	155.67	-44.943	23.868	99.782	-101.83	64.335	15.307	-131.18	55.343	21.203	-160.19	23.287
138.44	-2.9529	20.321	78.961	-24.307	21.002	156.98	-43.621	23.288	101.67	-100.81	64.247	17.223	-130.38	55.432	23.157	-159.56	23.452
138.43	-2.9542	20.319	80.518	-23.496	20.706	158.28	-42.242	22.653	103.58	-99.722	64.088	19.124	-129.56	55.506	24.93	-158.74	23.438
138.43	-2.9554	20.33	82.039	-22.584	20.278	159.59	-40.852	22.065	105.41	-98.572	63.875	20.99	-128.71	55.471	26.785	-157.95	23.643
138.43	-2.9571	20.315	83.465	-21.618	19.661	160.88	-39.414	21.338	107.24	-97.387	63.596	22.846	-127.84	55.469	28.703	-157.24	23.682
138.43	-2.9564	20.317	84.855	-20.697	19.278	162.15	-37.955	20.605	109.04	-96.197	63.239	24.681	-126.95	55.399	30.339	-156.32	23.589
138.43	-2.9582	20.313	86.212	-19.692	18.792	163.37	-36.56	19.801	110.77	-94.95	62.904	26.469	-126.05	55.254	32.096	-155.44	23.667
138.42	-2.9608	20.321	87.568	-18.671	18.305	164.44	-35.157	18.78	112.56	-93.685	62.4	28.244	-125.13	55.169	33.823	-154.55	23.459
138.43	-2.9547	20.316	88.835	-17.671	17.699	165.66	-33.693	18.025	114.26	-92.497	61.986	29.981	-124.2	54.972	35.49	-153.59	23.337
138.44	-2.9529	20.321	90.111	-16.622	17.015	166.75	-32.234	17.082	115.96	-91.248	61.513	31.702	-123.25	54.751	37.19	-152.75	23.318
138.43	-2.9577	20.327	91.352	-15.621	16.372	167.76	-30.828	16.107	117.58	-90.007	60.982	33.375	-122.33	54.523	38.749	-151.81	23.029
138.43	-2.9552	20.317	92.597	-14.62	15.667	168.71	-29.336	15.183	119.2	-88.761	60.491	35.011	-121.39	54.27	40.454	-151.08	22.973
138.43	-2.9578	20.327	93.843	-13.62	14.973	169.6	-27.814	14.186	120.77	-87.493	59.909	36.613	-120.43	53.927	42.022	-150.23	22.715
138.43	-2.9578	20.327	95.037	-12.627	14.203	170.33	-26.339	13.133	122.28	-86.271	59.372	38.161	-119.49	53.547	43.545	-149.17	22.209
138.43	-2.9578	20.327	96.264	-11.617	13.371	170.99	-24.856	12.015	123.77	-85.063	58.831	39.667	-118.54	53.171	45.091	-148.44	22.081
138.44	-2.9528	20.32	97.516	-10.689	12.545	171.58	-23.382	10.912	125.21	-83.825	58.217	41.127	-117.59	52.766	46.46	-147.54	21.724
138.44	-2.9519	20.322	98.736	-9.7287	11.653	172.08	-21.949	9.7326	126.58	-82.588	57.651	42.524	-116.63	52.333	47.867	-146.44	21.196
138.44	-2.9519	20.322	99.92	-8.8699	10.779	138.44	-2.9608	20.318	127.9	-81.406	57.064	43.86	-115.66	51.898	49.25	-145.62	20.959
138.44	-2.9519	20.322	101.18	-7.9411	9.7257	138.44	-2.9497	20.325	129.16	-80.226	56.475	45.131	-114.67	51.412	50.446	-144.69	20.484
138.44	-2.9519	20.322	102.35	-7.021	8.627	138.44	-2.9511	20.325	130.4	-79.045	55.851	46.335	-113.71	50.905	51.65	-143.78	20.099
138.44	-2.9519	20.322	103.53	-6.2395	7.6052	138.44	-2.9506	20.324	131.56	-77.917	55.237	47.47	-112.76	50.413	52.902	-143.04	19.726
138.44	-2.9519	20.322	104.72	-5.364	6.672	138.44	-2.9497	20.325	132.69	-76.812	54.634	48.57	-111.83	49.968	53.961	-142.05	19.175
173.29	-14.142	2.0249	105.87	-4.5387	5.6737	138.43	-2.9551	20.317	133.76	-75.727	54.008	49.621	-110.92	49.464	55.097	-141.33	18.872
173.29	-14.142	2.0249	107.01	-3.7675	4.7231	138.43	-2.9543	20.321	134.78	-74.695	53.383	50.599	-110.06	48.963	56.095	-140.41	18.296
173.29	-14.142	2.0249	108.15	-3.0259	3.7893	138.43	-2.9466	20.32	135.76	-73.674	52.837	51.56	-109.24	48.476	57.154	-139.74	18.012
173.29	-14.142	2.0249	109.25	-2.3092	2.6557	138.43	-2.9581	20.311	136.71	-72.689	52.331	52.488	-108.46	48.016	57.984	-138.9	17.407
173.29	-14.142	2.0249	110.33	-1.7521	1.9548	138.43	-2.9601	20.325	137.58	-71.749	51.784	53.387	-107.7	47.535	58.907	-138.22	17.041
173.29	-14.142	2.0249	111.46	-1.0399	0.92289	138.43	-2.9578	20.327	138.43	-70.818	51.313	54.23	-106.99	47.06	59.91	-137.59	16.633
173.29	-14.142	2.0249	112.54	-0.45234	0.28476	138.43	-2.9574	20.327	139.24	-69.925	50.861	55.058	-106.32	46.613	60.668	-136.83	16.163
173.29	-14.142	2.0249	113.58	0.14129	-0.36681	138.43	-2.9574	20.316	140.03	-69.063	50.416	55.855	-105.68	46.18	61.466	-136.24	15.695
173.29	-14.142	2.0249	114.48	0.66773	-1.1436	138.43	-2.9574	20.327	140.78	-68.232	50.067	56.625	-105.07	45.732	62.289	-135.61	15.309
173.29	-14.142	2.0249	115.37	1.144	-1.7392	138.43	-2.9592	20.329	141.51	-67.421	49.722	57.381	-104.51	45.311	63.204	-135.13	14.913
173.29	-14.142	2.0249	116.3	1.6127	-2.3525	138.43	-2.9597	20.313	142.21	-66.609	49.431	58.13	-103.98	44.917	63.924	-134.62	14.45
164.04	-1.2212	-9.7501	116.98	1.78	-3.5577	138.43	-2.9625	20.323	142.61	-66.132	48.74	58.881	-103.48	44.527	64.683	-133.98	14.04
162.84	-0.4237	-10.82	117.9	2.0026	-4.5496	138.36	-2.9549	20.351	143.34	-65.387	48.524	59.641	-102.99	44.165	65.553	-133.56	13.721
161.04	0.55739	-12.693	119.08	2.2916	-4.9807	138.17	-2.8734	20.356	144.02	-64.762	48.285	60.385	-102.53	43.833	66.322	-133.26	13.413
161.29	0.86208	-12.692	120.16	2.5773	-5.3716	137.54	-2.5353	20.34	144.73	-64.226	48.186	61.13	-102.09	43.497	67.168	-132.84	13.075
161.48	1.3441	-12.73	120.44	3.0577	-5.6808	137.66	-1.924	20.359	145.49	-63.766	48.181	61.919	-101.68	43.201	68.005	-132.43	12.79
162.12	1.7146	-12.861	121.18	3.6178	-5.6623	138.8	-1.2884	20.404	146.2	-63.389	48.064	62.769	-101.37	43.04	68.978	-132.19	12.633
162.91	2.1071	-12.874	122.11	4.0632	-5.4808	139.79	-0.96317	20.43	147.1	-62.994	48.009	63.683	-101.18	42.924	69.977	-132	12.569
163.25	2.8071	-11.608	123.09	4.4243	-5.5631	140.71	-0.748	20.361	148.07	-62.664	48.066	64.696	-101.05	42.876	70.862	-131.57	12.306
164.22	2.9797	-11.432	124.19	4.5688	-5.3294	141.71	-0.58931	20.346	149.13	-62.389	48.263	65.775	-100.92	42.929	71.98	-131.42	12.229
165.31	3.1545	-11.252	125.42	4.7305	-5.2335	142.96	-0.48132	20.369	150.25	-62.25	48.477	66.899	-100.77	42.99	73.096	-131.2	12.619
166.6	3.2501	-10.952	126.81	4.815	-5.1392	144.29	-0.54014	20.395	151.45	-62.113	48.793	68.073	-100.63	43.091	74.244	-131.15	12.665
168.01	3.2352	-10.667	128.32	4.885	-4.926	145.87	-0.61535	20.694	152.76	-62.035	49.152	69.355	-100.54	43.225	75.579	-131.09	12.536
169.55	3.2549	-10.219	129.91	4.9243	-4.4662	147.46	-0.69228	21.025	154.14	-62.028	49.571	70.737	-100.52	43.436	76.975	-131.07	12.883
170.52	2.7649	-10.427	131.66	4.8972	-3.8919	149.18	-0.76971	21.605	155.68	-62.183	50.038	72.206	-100.5	43.643	78.459	-130.91	13.013
173.08	3.0984	-8.893	133.56	4.8649	-3.282	151.02	-0.86234	22.229	157.26	-62.372	50.623	73.754	-100.51	43.907	79.998	-130.99	13.307
175.07	2.9309	-8.1201	135.58	4.8186	-2.6674	152.96	-1.0427	23.014	158.98	-62.669	51.16	75.384	-100.58	44.239	81.531	-130.83	13.546
177.14	2.7277	-7.2627	137.76	4.6618	-1.8834	154.99	-1.3611	23.747	160.84	-63.035	51.8	77.125	-100.67	44.576	83.215	-130.88	13.801
179.4	2.4397	-6.3829	140.05	4.525	-1.0139	157.21	-1.677	24.661	162.74	-63.489	52.432	78.964	-100.8	44.99	85.011	-130.96	14.077
181.7	2.1591	-5.4277	142.46	4.3161	-0.088883	159.59	-2.0152	25.644	164.72	-63.944	53.101	80.854	-100.92	45.409	86.704	-130.98	14.426
184.17	1.8768	-4.4282	144.96	4.1158	0.75311	161.99	-2.4592	26.507	166.78	-64.431	53.803	82.831	-101.05	45.875	88.591	-131.13	14.826
186.68	1.5355	-3.4293	147.54	3.9256	1.7225	164.49	-2.8579	27.482	168.95	-64.943	54.53	84.828	-101.16	46.362	90.36	-131.02	15.154
189.32	1.2149	-2.4048	150.19	3.6428	2.7647	167.05	-3.2676	28.486	171.12	-65.434	55.319	86.892	-101.24	46.873	92.425	-131.03	15.657
191.95	0.87041	-1.3799	152.93	3.3494	3.6911	169.63	-3.758	29.379	173.36	-65.912	56.029	89.044	-101.33	47.429	94.386	-131.16	16.005
193.99	0.084428	-1.1558	155.71	3.1053	4.5725	172.33	-4.1755	30.342	175.7	-66.425	56.827	91.221	-101.4	47.967	96.557	-131.16	16.485
196.88	-0.26458	-0.080127	158.58	2.7154	5.5301	175.08	-4.6179	31.353	178.03	-66.877	57.668	93.473	-101.46	48.532	98.679	-131.14	16.967
200.49	-0.24046	1.7265	161.51	2.4088	6.4427	177.83	-5.0673	32.229	180.47	-67.296	58.494	95.761	-101.51	49.114	100.83	-131.22	17.648
202.78	-1.0062	2.0486	164.51	2.0806	7.3208	180.69	-5.5083	33.174	182.92	-67.758	59.334	98.119	-101.53	49.696	103.12	-131.28	18.199
206.49	-1.034	3.8536	167.56	1.7388	8.1902	183.61	-5.9323	34.166	185.44	-68.213	60.099	100.51	-101.54	50.25	105.49	-131.27	18.766
208.95	-1.8169	4.1137	170.64	1.4317	8.8946	186.52	-6.4006	34.993	188.02	-68.639	60.949	102.95	-101.52	50.82	107.85	-131.19	19.22
212.12	-2.2359	5.0404	173.82	1.1052	9.6058	189.57	-6.8031	35.842	190.6	-69.05	61.71	105.46	-101.46	51.357	110.2	-131.14	19.757
215.96	-2.3221	6.619	177.03	0.59912	10.591	192.69	-7.2208	36.68	193.25	-69.402	62.478	107.97	-101.41	51.865	112.66	-131.2	20.438
219.23	-2.7726	7.3628	180.29	0.24958	11.107	195.74	-7.7098	37.306	195.9	-69.761	63.187	110.54	-101.31	52.367	115.05	-131.1	20.943
222	-3.5335	7.494	183.57	-0.066921	11.576	198.9	-8.123	37.959	198.62	-70.087	63.902	113.14	-101.2	52.85	117.64	-131.05	21.397
225.36	-3.9539	8.2346	186.89	-0.54742	12.219	202.05	-8.554	38.492	201.37	-70.438	64.472	115.77	-101.07	53.252	120.15	-131	21.894
229.28	-4.1094	9.4116	190.22	-0.85426	12.616	205.25	-8.9868	39.017	204.18	-70.755	65.004	118.44	-100.93	53.687	122.67	-130.94	22.31
232.1	-4.8357	9.4406	193.55	-1.32	13.191	208.46	-9.4363	39.483	206.98	-71.132	65.395	121.12	-100.8	54.071	125.21	-130.84	22.748
235.44	-5.2379	10.003	196.87	-1.6278	13.56	211.73	-9.8759	39.954	209.84	-71.488	65.815	123.84	-100.64	54.409	127.67	-130.68	23.089
239.27	-5.4526	10.969	200.21	-2.0259	14.165	214.99	-10.338	40.381	212.72	-71.914	66.187	126.53	-100.53	54.705	130.17	-130.44	23.455
242.04	-6.1947	10.808	203.52	-2.2375	14.335	218.24	-10.789	40.785	215.56	-72.35	66.387	129.26	-100.36	54.935	132.64	-130.26	23.775
245.27	-6.6466	11.111	206.79	-2.5569	14.77	221.56	-11.168	41.218	218.4	-72.748	66.617	131.92	-100.2	55.148	135.27	-130.1	23.697
249.05	-6.8214	12.002	210.06	-2.906	15.131	224.73	-11.622	41.413	221.14	-73.094	66.721	134.56	-99.985	55.286	137.5	-129.9	23.997
251.75	-7.4588	11.616	213.25	-3.0811	15.206	227.91	-11.964	41.604	223.91	-73.427	66.867	137.18	-99.751	55.35	139.94	-129.64	23.988
255.36	-7.6494	12.191	216.41	-3.4209	15.343	231	-12.315	41.671	226.62	-73.669	66.865	139.74	-99.473	55.459	142.41	-129.47	24.099
257.88	-8.2716	11.56	219.48	-3.6755	15.327	234.04	-12.595	41.649	229.24	-73.858	66.826	142.25	-99.149	55.454	144.75	-129.19	24.126
261.41	-8.3266	12.039	222.46	-3.8279	15.029	236.94	-12.853	41.482	231.81	-74.001	66.737	144.7	-98.806	55.396	147.03	-128.91	24.089
263.84	-8.818	11.317	225.33	-3.9789	14.866	239.79	-13.041	41.304	234.32	-74.023	66.651	147.11	-98.425	55.287	149.29	-128.69	23.987
267.1	-8.7966	11.57	228.1	-4.0623	14.546	242.53	-13.132	40.951	236.74	-74.019	66.447	149.47	-98.042	55.121	151.49	-128.31	23.926
269.83	-8.8977	11.287	230.79	-4.1699	14.147	245.18	-13.205	40.606	239.08	-73.917	66.189	151.77	-97.609	54.96	153.63	-127.87	23.811
272.41	-9.0048	10.902	233.35	-4.2153	13.88	247.72	-13.209	40.243	241.38	-73.773	65.984	154	-97.148	54.755	155.86	-127.69	23.753
274.9	-9.0432	10.488	235.81	-4.1819	13.346	250.16	-13.153	39.795	243.55	-73.616	65.642	156.17	-96.705	54.511	157.77	-127.21	23.59
276.73	-9.2905	9.3991	238.16	-4.1149	12.688	252.44	-13.11	39.242	245.72	-73.365	65.324	158.27	-96.244	54.241	159.8	-126.96	23.373
279.55	-8.9354	9.5901	240.42	-4.1613	12.424	254.68	-12.971	38.805	247.79	-73.118	64.991	160.28	-95.777	53.936	161.73	-126.59	23.157
281.24	-9.0944	8.5649	242.55	-4.0259	11.778	256.84	-12.774	38.32	249.78	-72.849	64.633	162.25	-95.3	53.641	163.58	-126.17	22.943
283.28	-8.9837	8.0307	244.58	-3.8207	11.356	258.91	-12.573	37.887	251.68	-72.549	64.21	164.15	-94.833	53.303	165.36	-125.76	22.712
285.81	-8.5349	8.1486	246.55	-3.6711	10.828	260.85	-12.422	37.336	253.53	-72.28	63.813	165.97	-94.345	52.939	167.04	-125.31	22.292
287.74	-8.3805	7.6919	248.46	-3.5618	10.44	262.74	-12.233	36.873	255.3	-71.988	63.398	167.71	-93.887	52.623	168.68	-124.95	22.026
289.6	-8.2119	7.2619	250.27	-3.2133	9.9767	264.58	-12.012	36.433	256.97	-71.738	62.958	169.38	-93.402	52.203	170.23	-124.38	21.715
291.41	-7.9466	6.8762	252.1	-3.1491	9.4477	266.34	-11.761	36.014	258.6	-71.422	62.579	170.96	-92.917	51.804	171.72	-124.04	21.261
292.64	-8.0525	5.8188	253.81	-2.8384	8.9495	268.06	-11.497	35.602	260.14	-71.12	62.106	172.5	-92.403	51.369	173.15	-123.61	20.913
294.28	-7.8124	5.3948	255.45	-2.6779	8.5559	269.66	-11.256	35.106	261.6	-70.785	61.702	173.96	-91.895	50.907	174.61	-123.14	20.509
296.41	-7.2935	5.5667	257.03	-2.4186	8.051	271.16	-10.981	34.591	262.97	-70.443	61.241	175.35	-91.4	50.48	175.91	-122.61	20.054
297.38	-7.323	4.4725	258.47	-2.1233	7.5732	272.6	-10.69	34.095	264.31	-70.074	60.805	176.68	-90.858	50.014	177.17	-122.1	19.636
299.25	-6.769	4.5358	259.85	-1.8265	6.9892	273.96	-10.344	33.574	265.58	-69.652	60.325	177.94	-90.314	49.542	178.46	-121.69	19.184
300.08	-6.6794	3.436	261.11	-1.4792	6.3784	275.23	-9.9587	33.041	266.76	-69.194	59.849	179.13	-89.811	49.026	179.55	-121.24	18.812
301.27	-6.3448	2.7956	262.32	-1.1793	5.5725	276.35	-9.6005	32.362	267.87	-68.722	59.357	180.24	-89.297	48.56	180.74	-120.89	18.404
302.38	-5.9739	2.1351	263.41	-0.83953	4.927	277.44	-9.1678	31.674	268.93	-68.188	58.85	181.34	-88.772	48.046	181.69	-120.4	18.069
303.49	-5.6081	1.4654	264.43	-0.50836	4.2073	278.47	-8.7172	30.959	269.9	-67.678	58.242	182.35	-88.256	47.587	182.69	-119.94	17.63
305.01	-5.0271	1.3121	265.45	-0.28921	3.3158	279.41	-8.3106	30.12	270.86	-67.109	57.733	183.3	-87.719	47.037	183.62	-119.67	17.184
305.93	-4.7431	0.45455	266.36	0.0711	2.3187	280.35	-7.8454	29.327	271.76	-66.535	57.176	184.21	-87.184	46.447	184.51	-119.19	16.711
306.38	-4.7166	-0.93035	267.27	0.28735	1.517	281.19	-7.4467	28.427	272.57	-66.025	56.473	185.03	-86.661	45.94	185.37	-118.81	16.31
307.73	-4.1876	-1.1938	268.12	0.52199	0.44696	282.01	-7.0563	27.499	273.4	-65.447	55.911	185.84	-86.123	45.326	186.13	-118.5	15.868
308.49	-3.9703	-2.2241	268.91	0.77539	-0.54129	282.73	-6.7489	26.467	274.12	-64.955	55.204	186.56	-85.637	44.781	186.89	-118.2	15.384
309.33	-3.7127	-3.0772	269.65	0.88036	-1.5268	283.48	-6.3827	25.503	274.87	-64.44	54.519	187.27	-85.132	44.151	187.52	-117.71	15.106
309.97	-3.5427	-4.2013	270.28	1.1213	-2.6563	284.17	-6.0616	24.476	275.52	-63.98	53.75	187.92	-84.688	43.581	188.23	-117.53	14.562
310.11	-3.6566	-5.8443	270.91	1.1598	-3.7295	284.76	-5.8052	23.373	276.17	-63.507	52.972	188.51	-84.262	42.999	188.82	-117.1	14.068
310.63	-3.4876	-6.9625	271.4	1.3815	-4.7568	285.37	-5.4787	22.342	276.8	-63.044	52.189	189.09	-83.84	42.367	189.3	-116.89	13.6
311.65	-3.0537	-7.5283	271.77	1.5899	-5.6388	286.61	-4.7341	22	277.36	-62.609	51.373	189.6	-83.458	41.759	189.75	-116.67	13.083
312.24	-2.8642	-8.4039	272.29	1.9383	-5.9078	288.41	-4.4023	21.75	277.9	-62.391	50.543	190.04	-83.105	41.184	190.19	-116.33	12.844
312.15	-3.0255	-9.8848	272.69	2.3358	-6.2343	289.13	-3.9946	21.712	278.45	-62.251	49.808	190.43	-82.832	40.62	190.6	-116.2	12.145
312.96	-2.3568	-9.4772	272.85	2.611	-6.3401	289.38	-3.7017	21.742	278.96	-62.31	49.191	190.8	-82.71	40.142	190.99	-116.05	11.56
312.62	-2.5	-10.57	273.05	2.8251	-6.3653	289.61	-3.4246	21.712	279.34	-62.41	48.599	191.17	-82.705	39.698	191.22	-115.8	10.923
313.45	-1.9888	-10.212	273.21	2.9796	-6.5715	289.86	-3.1984	21.781	279.68	-62.503	48.057	191.51	-82.716	39.352	191.42	-115.69	10.466
313.01	-2.2038	-11.35	273.33	3.2026	-6.7589	290.01	-3.0408	21.775	279.97	-62.538	47.618	191.8	-82.691	39.004	191.55	-115.62	10.042
313.79	-1.8006	-10.873	273.41	3.3399	-6.8336	290.14	-2.8873	21.759	280.18	-62.492	47.242	191.95	-82.672	38.717	191.68	-115.49	9.7254
313.91	-1.7343	-11.105	273.45	3.4258	-6.8822	290.24	-2.768	21.716	280.31	-62.475	46.956	192.01	-82.582	38.399	191.77	-115.42	9.4246
314.01	-1.6967	-11.323	273.48	3.471	-7.1276	290.31	-2.6638	21.736	280.32	-62.426	46.759	192.01	-82.457	38.2	191.62	-115.24	9.3216
314.14	-1.5113	-11.221	273.49	3.5265	-7.1778	290.35	-2.6126	21.739	280.27	-62.396	46.568	191.98	-82.36	37.97	191.67	-115.24	8.9348
314.14	-1.5113	-11.221	273.47	3.6162	-7.3196	290.37	-2.5694	21.751	280.21	-62.354	46.459	191.92	-82.279	37.745	191.51	-115.21	8.7159
314.14	-1.5113	-11.221	273.43	3.6444	-7.4285	290.38	-2.5603	21.749	280.12	-62.3	46.364	191.82	-82.214	37.556	191.39	-115.09	8.6985
314.81	-0.9252	-10.572	273.39	3.7243	-7.6505	290.39	-2.5433	21.747	279.99	-62.226	46.293	191.69	-82.136	37.404	191.33	-115.06	8.4494
314.89	-0.88546	-10.592	273.33	3.733	-7.7625	290.37	-2.5284	21.75	279.82	-62.157	46.221	191.53	-82.042	37.284	191.24	-115.03	8.3794
314.97	-0.85406	-10.658	273.24	3.7272	-7.9094	290.35	-2.5177	21.755	279.64	-62.086	46.127	191.37	-81.921	37.157	191.12	-114.97	8.3042
314.81	-1.0066	-10.976	273.09	3.7064	-7.8881	290.28	-2.5005	21.745	279.48	-62.015	46.084	191.2	-81.81	37.067	190.97	-115.11	8.2731
314.8	-1.0586	-11.067	272.97	3.6211	-7.9993	290.2	-2.4717	21.724	279.32	-61.942	46.093	191.03	-81.716	36.993	190.77	-115.12	8.2817
314.76	-1.1201	-11.17	272.8	3.5729	-8.1131	290.06	-2.4419	21.702	279.12	-61.893	46.047	190.89	-81.65	36.891	190.61	-115.09	8.3189
314.71	-1.2286	-11.292	272.62	3.488	-8.2289	289.94	-2.4235	21.686	278.94	-61.859	46.03	190.75	-81.599	36.835	190.45	-115.1	8.3595
314.17	-1.8276	-12.003	272.4	3.3473	-8.0707	289.8	-2.4118	21.704	278.74	-61.855	46.067	190.61	-81.545	36.81	190.33	-115.13	8.3914
314.14	-2.0009	-12.018	272.2	3.1892	-8.3984	289.65	-2.4219	21.717	278.57	-61.827	46.095	190.46	-81.497	36.799	190.14	-115.16	8.5703
314.11	-2.2162	-12.077	272.02	2.9279	-9.0571	289.56	-2.3473	21.736	278.33	-61.805	46.137	190.28	-81.448	36.772	190.06	-115.23	8.6514
314.12	-2.4595	-12.222	271.71	2.5668	-9.6548	289.48	-2.2366	21.758	278.01	-61.715	46.139	190.07	-81.385	36.709	189.77	-115.32	8.7517
314.18	-2.7547	-12.431	271.41	2.3051	-10.106	289.3	-2.3719	21.747	277.73	-61.529	46.143	189.85	-81.289	36.613	189.48	-115.42	8.8554
314.39	-3.2559	-12.742	271.1	2.1271	-10.478	289.1	-2.4008	21.687	277.38	-61.374	46.071	189.57	-81.119	36.489	189.33	-115.52	8.957
314.7	-3.8853	-13.396	270.47	1.7859	-11.224	289.08	-2.3839	21.691	276.97	-61.062	45.951	189.25	-80.964	36.378	189.1	-115.57	9.1571
315.04	-4.4076	-14.093	269.7	1.7521	-12.051	288.99	-2.4037	21.709	276.62	-60.668	45.595	188.86	-80.899	36.278	188.77	-115.69	9.4799
315.79	-4.9852	-14.367	268.73	1.8219	-12.502	288.97	-2.4067	21.708	276.34	-60.343	45.301	188.51	-80.809	36.173	188.39	-115.83	9.423
316.88	-5.6999	-14.27	267.92	1.9733	-12.718	288.99	-2.3871	21.694	275.93	-60.178	44.994	188.16	-80.66	36.018	188.14	-115.9	9.5728
318.08	-6.4921	-13.7	267.12	2.0186	-12.587	289.01	-2.3672	21.692	275.51	-60.162	44.926	187.74	-80.551	35.907	187.88	-116.02	9.675
319.25	-7.2778	-12.736	266.31	2.0977	-12.614	289.01	-2.3795	21.686	275.02	-60.264	45.018	187.28	-80.615	35.922	187.4	-116.13	9.6072
320.45	-8.1748	-11.616	265.5	1.9956	-12.219	289.01	-2.3703	21.704	274.51	-60.392	45.211	186.78	-80.803	36.068	186.95	-116.32	9.7778
321.7	-9.3	-10.378	264.66	2.0356	-11.784	289.01	-2.3795	21.698	273.97	-60.57	45.456	186.33	-80.955	36.239	186.5	-116.47	10.057
323.07	-10.493	-8.942	263.72	2.1185	-11.171	289.02	-2.3746	21.694	273.47	-60.773	45.641	185.81	-81.133	36.492	185.95	-116.7	10.337
324.33	-11.854	-7.4899	262.69	2.2051	-10.48	289.02	-2.3761	21.705	272.93	-61.062	45.806	185.22	-81.347	36.829	185.27	-116.97	10.613
325.52	-13.326	-5.969	261.58	2.2707	-9.6582	289.01	-2.367	21.696	272.42	-61.418	46.021	184.57	-81.67	37.197	184.79	-117.26	11.031
326.53	-14.816	-4.2872	260.38	2.4242	-9.0753	289.02	-2.3711	21.7	271.77	-61.949	46.2	183.89	-82.079	37.608	183.98	-117.62	11.297
327.28	-16.353	-2.8013	259.19	2.3867	-8.1256	289.02	-2.3686	21.701	271.09	-62.541	46.572	183.17	-82.549	38.02	183.27	-117.9	11.674
327.81	-17.868	-1.2185	258.01	2.2425	-7.2344	289.03	-2.3667	21.704	270.31	-63.229	46.865	182.39	-83.064	38.451	182.4	-118.35	11.963
328.06	-19.336	0.21731	256.85	2.0281	-6.2906	289.02	-2.3593	21.692	269.48	-63.967	47.282	181.54	-83.614	38.864	181.5	-118.84	12.256
328.06	-20.733	1.6344	255.68	1.781	-5.2964	289.02	-2.3593	21.705	268.56	-64.737	47.733	180.59	-84.19	39.339	180.49	-119.26	12.495
327.74	-22.095	2.8141	254.45	1.4192	-4.2954	289.03	-2.3663	21.704	267.52	-65.523	48.215	179.53	-84.796	39.761	179.41	-119.77	12.792
327.19	-23.377	3.926	253.26	1.02	-3.2861	289.02	-2.358	21.707	266.4	-66.353	48.706	178.4	-85.405	40.236	178.24	-120.25	13.181
326.48	-24.537	4.9861	251.94	0.58197	-2.2953	289.02	-2.3581	21.705	265.2	-67.149	49.312	177.17	-86.022	40.739	177.14	-120.82	13.547
325.63	-25.661	6.1288	250.56	0.20995	-1.3864	289.02	-2.3554	21.697	263.88	-67.95	49.979	175.84	-86.639	41.177	175.84	-121.33	13.92
324.55	-26.866	7.0451	249.1	-0.23471	-0.64357	289.02	-2.3545	21.698	262.46	-68.807	50.629	174.4	-87.272	41.721	174.27	-121.78	14.282
323.39	-27.994	8.0535	247.49	-0.67502	0.43384	289.02	-2.3596	21.69	260.91	-69.649	51.244	172.84	-87.907	42.246	172.91	-122.36	14.696
322.1	-29.044	9.0677	245.76	-1.0316	1.2662	289.02	-2.3596	21.705	259.21	-70.506	51.932	171.15	-88.552	42.826	171.19	-122.84	15.085
320.55	-30.069	9.8718	243.86	-1.3379	2.3572	289.02	-2.3715	21.697	257.45	-71.324	52.494	169.33	-89.178	43.358	169.53	-123.27	15.6
318.82	-30.927	10.664	241.82	-1.6283	3.4681	289.02	-2.3711	21.697	255.58	-72.099	53.19	167.39	-89.816	43.87	167.73	-123.86	16.015
316.79	-31.687	11.253	239.63	-1.8246	4.5924	289.02	-2.3709	21.699	253.51	-72.86	53.784	165.32	-90.479	44.388	165.73	-124.4	16.422
314.59	-32.221	11.93	237.25	-1.939	5.7179	289.02	-2.3712	21.7	251.33	-73.556	54.322	163.11	-91.16	44.919	163.62	-124.74	16.738
312.28	-32.584	12.585	235.17	-1.6229	7.4832	289.02	-2.3736	21.696	249.16	-73.976	55.159	160.81	-91.8	45.392	161.43	-125.42	17.033
309.67	-32.936	13.001	232.44	-1.5873	8.6006	289.02	-2.3765	21.692	246.73	-74.464	55.766	158.37	-92.439	45.9	159.13	-125.81	17.378
307.02	-33.09	13.513	229.55	-1.5109	9.5491	289.02	-2.381	21.708	244.16	-74.881	56.264	155.81	-93.067	46.388	156.89	-126.35	17.776
304.12	-33.127	13.859	226.46	-1.3696	10.85	289.01	-2.3793	21.699	241.45	-75.225	56.712	153.1	-93.689	46.841	154.34	-126.75	17.971
301.02	-32.965	14.208	223.16	-1.3118	11.868	289.02	-2.3736	21.696	238.61	-75.505	57.199	150.27	-94.318	47.367	151.73	-127.39	18.483
297.75	-32.72	14.408	219.63	-1.0941	12.566	289.02	-2.3749	21.707	235.68	-75.652	57.619	147.32	-94.964	47.883	149.06	-127.86	18.807
294.31	-32.274	14.694	215.96	-0.87219	13.309	289.02	-2.3751	21.707	232.61	-75.799	58.009	144.27	-95.632	48.428	146.25	-128.29	19.216
290.58	-31.751	14.845	212.14	-0.59037	13.945	289.02	-2.3708	21.698	229.43	-75.853	58.501	141.11	-96.326	48.981	143.35	-128.81	19.652
286.71	-31.112	15	208.12	-0.54571	14.725	289.02	-2.3731	21.694	226.08	-75.946	58.899	137.84	-97.018	49.557	140.29	-129.17	20.099
282.87	-30.02	15.552	204	-0.18839	15.047	289.02	-2.3685	21.703	222.64	-75.933	59.405	134.46	-97.761	50.207	137.32	-129.79	20.642
278.34	-29.491	15.371	199.71	-0.096328	15.681	289.02	-2.3709	21.699	219.09	-75.917	59.89	130.96	-98.507	50.861	134.03	-130.3	21.047
273.81	-28.552	15.648	195.33	0.030319	16.329	289.03	-2.3662	21.691	215.37	-75.917	60.383	127.36	-99.266	51.534	130.81	-130.82	21.561
269.14	-27.617	15.815	190.84	0.18633	16.931	289.02	-2.3591	21.705	211.57	-75.917	60.879	123.62	-100.03	52.214	127.29	-131.36	22.096
264.28	-26.614	16.092	186.16	0.32267	17.774	289.02	-2.3597	21.69	207.65	-75.931	61.498	119.8	-100.81	52.903	123.7	-131.88	22.537
259.24	-25.511	16.409	181.35	0.4839	18.682	289.02	-2.3587	21.692	203.61	-75.932	62.036	115.88	-101.61	53.606	120.01	-132.33	22.989
253.94	-24.324	16.671	176.42	0.70248	19.569	289.02	-2.3569	21.696	199.46	-75.941	62.595	111.86	-102.45	54.259	116.27	-132.84	23.421
248.53	-23	17.052	171.44	0.69361	20.899	289.03	-2.3611	21.699	195.26	-75.896	63.171	107.8	-103.28	54.906	112.48	-133.43	23.904
242.82	-21.615	17.329	166.27	0.86463	21.653	289.02	-2.369	21.7	190.94	-75.821	63.709	103.64	-104.14	55.518	108.53	-133.91	24.388
236.98	-20.201	17.539	161.11	0.9615	22.756	289.02	-2.3673	21.703	186.52	-75.733	64.246	99.449	-105	56.138	104.52	-134.49	24.754
230.97	-18.738	17.748	155.86	1.146	23.477	289.02	-2.3712	21.697	182.02	-75.572	64.753	95.207	-105.82	56.678	100.58	-134.97	25.172
224.72	-17.272	17.855	150.49	1.1788	24.368	289.03	-2.3662	21.694	177.46	-75.378	65.207	90.886	-106.61	57.197	96.487	-135.54	25.492
218.33	-15.742	17.812	145.09	1.3428	24.943	214.14	-11.21	18.266	172.86	-75.127	65.66	86.523	-107.39	57.689	92.376	-135.98	25.859
211.79	-14.191	17.765	139.56	1.4414	25.638	207.43	-9.8019	18.317	168.17	-74.82	65.998	82.122	-108.12	58.131	88.159	-136.49	26.049
205.06	-12.641	17.536	134.02	1.5833	26.015	200.55	-8.4274	18.187	163.48	-74.442	66.343	77.674	-108.86	58.515	84.003	-137.05	26.407
198.17	-11.078	17.193	128.38	1.6841	26.337	193.63	-6.9377	18.16	158.7	-74.013	66.545	73.221	-109.57	58.891	79.929	-137.63	26.698
191.19	-9.6102	16.805	122.63	1.7977	26.571	186.49	-5.697	17.93	153.9	-73.519	66.723	68.772	-110.26	59.185	75.758	-138.3	26.972
184.17	-8.1496	16.386	116.88	1.8153	26.773	179.33	-4.3394	17.745	149.06	-72.969	66.859	64.317	-111	59.518	71.522	-138.77	27.137
177.1	-6.7252	15.914	111.08	1.8888	26.888	172.16	-3.0775	17.484	144.19	-72.368	66.928	59.892	-111.69	59.734	67.339	-139.3	27.387
170.11	-5.3633	15.494	105.24	1.9123	26.907	164.99	-1.8678	17.212	139.34	-71.79	66.988	55.471	-112.41	59.959	63.175	-139.8	27.535
289.02	-2.3712	21.7	99.395	1.8715	26.807	NaN	NaN	NaN	134.49	-71.238	67.001	51.083	-113.11	60.196	58.979	-140.36	27.709
289.02	-2.3713	21.699	93.607	1.8801	26.71	NaN	NaN	NaN	129.66	-70.684	66.94	46.702	-113.83	60.39	54.796	-140.92	27.882
289.02	-2.3705	21.699	87.876	1.8553	26.597	NaN	NaN	NaN	124.84	-70.189	66.858	42.346	-114.56	60.519	50.713	-141.52	27.985
289.02	-2.3708	21.699	82.263	1.7095	26.483	NaN	NaN	NaN	120.08	-69.822	66.79	38.014	-115.25	60.619	46.58	-142.05	28.055
289.02	-2.3687	21.699	76.794	1.6349	26.295	NaN	NaN	NaN	115.39	-69.5	66.736	33.741	-115.93	60.651	42.44	-142.57	28.018
289.02	-2.3684	21.703	71.486	1.5233	26.03	NaN	NaN	NaN	110.74	-69.192	66.639	29.51	-116.59	60.637	38.416	-143.1	28.05
289.02	-2.3672	21.703	66.353	1.3302	25.877	NaN	NaN	NaN	106.13	-69.041	66.558	25.323	-117.23	60.608	34.42	-143.65	27.944
289.02	-2.3728	21.695	61.335	1.1173	25.58	NaN	NaN	NaN	101.35	-69.18	66.036	21.166	-117.86	60.516	30.465	-144.21	27.853
289.03	-2.3636	21.696	56.501	0.87646	25.366	NaN	NaN	NaN	96.9	-69.085	65.844	17.103	-118.47	60.375	26.615	-144.7	27.655
289.02	-2.3663	21.69	51.753	0.71252	24.899	NaN	NaN	NaN	92.555	-68.989	65.713	13.102	-119.03	60.207	22.749	-145.15	27.434
289.03	-2.3638	21.695	47.135	0.5315	24.467	98.141	2.6622	9.3238	88.255	-68.896	65.451	9.1911	-119.6	60.025	19.1	-145.76	27.214
289.03	-2.3661	21.705	42.668	0.22641	24.049	93.014	2.4719	7.7728	84.091	-68.769	65.193	5.4019	-120.14	59.8	15.473	-146.15	26.944
289.02	-2.3642	21.698	38.246	-0.024996	23.529	90.129	1.8259	9.8418	79.997	-68.606	64.917	1.6965	-120.67	59.553	12.031	-146.72	26.782
289.02	-2.3687	21.703	33.885	-0.23979	22.951	85.396	1.2082	8.0061	76.051	-68.419	64.639	-1.8751	-121.17	59.309	8.5696	-147.13	26.534
289.02	-2.3711	21.699	29.644	-0.47694	22.261	79.695	2.234	8.8198	72.144	-68.216	64.315	-5.3478	-121.68	59.035	5.2968	-147.59	26.238
289.02	-2.3672	21.703	25.324	-0.55966	21.729	74.666	2.5117	8.4885	68.37	-68.017	63.983	-8.6942	-122.17	58.734	2.1274	-148.08	25.967
289.03	-2.3777	21.698	21.364	-0.82204	20.982	69.744	2.6317	7.8902	64.697	-67.782	63.709	-11.952	-122.63	58.414	-0.95501	-148.49	25.687
289.02	-2.3806	21.695	17.135	-0.85118	21.36	64.929	2.5629	7.0256	61.091	-67.594	63.249	-15.096	-123.08	58.1	-3.9669	-148.96	25.311
289.03	-2.3805	21.695	13.847	-1.6283	19.15	60.448	2.6026	6.4553	57.659	-67.402	62.928	-18.153	-123.51	57.748	-6.8406	-149.29	25.014
289.03	-2.378	21.698	10.577	-1.7888	18.437	56.21	2.558	5.7938	54.305	-67.292	62.559	-21.138	-123.91	57.337	-9.666	-149.69	24.636
289.03	-2.3775	21.687	7.2781	-2.0602	17.76	52.268	2.5465	5.3126	51.109	-67.181	62.225	-24.149	-124.11	57.176	-12.407	-150.04	24.249
289.02	-2.3721	21.698	4.1996	-2.2877	16.98	48.506	2.4409	4.7462	48.059	-67.132	61.874	-26.974	-124.41	56.746	-14.972	-150.41	23.817
289.03	-2.3757	21.69	1.2915	-2.4894	16.216	45.03	2.4351	4.3822	45.112	-67.087	61.537	-29.657	-124.71	56.291	-17.521	-150.67	23.407
289.03	-2.3776	21.686	-1.4303	-2.6958	15.495	41.743	2.3115	3.8597	42.308	-67.106	61.166	-32.226	-124.96	55.783	-20.019	-150.85	22.899
289.02	-2.3687	21.691	-3.9947	-2.9538	14.893	38.557	2.2404	3.4471	39.655	-67.119	60.797	-34.717	-125.14	55.323	-22.264	-151.18	22.402
289.03	-2.3713	21.694	-6.3644	-3.0786	14.165	35.447	2.1253	2.9679	37.151	-67.117	60.431	-37.037	-125.32	54.785	-24.313	-151.21	21.997
289.03	-2.3664	21.704	-8.5668	-3.2417	13.525	32.452	2.0192	2.4748	34.781	-67.122	60.028	-39.254	-125.46	54.18	-26.587	-151.51	21.372
289.02	-2.3672	21.703	-10.615	-3.3074	12.681	29.486	1.9153	1.9116	32.559	-67.098	59.582	-41.342	-125.57	53.617	-28.436	-151.47	20.85
289.03	-2.3638	21.695	-12.547	-3.4073	11.915	26.737	1.8901	1.3809	30.458	-67.062	59.107	-43.264	-125.65	53.033	-30.29	-151.63	20.307
289.03	-2.3607	21.698	-14.331	-3.5184	11.331	24.01	1.8159	0.72807	28.517	-67.011	58.573	-45.093	-125.69	52.41	-31.969	-151.72	19.662
289.02	-2.3687	21.7	-16.048	-3.4716	10.454	21.538	1.7768	0.11009	26.688	-66.943	58.029	-46.809	-125.69	51.825	-33.858	-151.57	18.912
289.03	-2.3633	21.695	-17.706	-3.5451	9.7086	19.21	1.7962	-0.49801	25.012	-66.819	57.44	-48.405	-125.69	51.237	-35.346	-151.5	18.333
289.03	-2.366	21.691	-19.301	-3.5285	8.8998	16.958	1.7191	-1.3022	23.425	-66.684	56.828	-49.88	-125.71	50.597	-36.614	-151.62	17.78
289.02	-2.3696	21.701	-20.752	-3.5432	8.259	15.029	1.7678	-1.8653	21.944	-66.561	56.191	-51.215	-125.68	50.028	-37.917	-151.57	17.182
289.02	-2.3681	21.7	-22.161	-3.4928	7.3416	13.076	1.7425	-2.6671	20.544	-66.417	55.568	-52.518	-125.63	49.37	-39.275	-151.39	16.479
289.03	-2.3732	21.704	-23.449	-3.4835	6.5315	11.303	1.7085	-3.444	19.223	-66.26	54.948	-53.723	-125.55	48.741	-40.416	-151.36	15.853
289.02	-2.368	21.687	-24.566	-3.463	5.7366	9.6872	1.6665	-4.1715	17.981	-66.075	54.362	-54.88	-125.45	48.104	-41.334	-151.57	15.33
289.03	-2.3756	21.689	-25.571	-3.3879	4.6958	8.2826	1.626	-4.9253	16.806	-65.921	53.77	-55.971	-125.33	47.398	-42.324	-151.52	14.669
289.03	-2.3781	21.699	-26.432	-3.4415	3.8328	6.975	1.5278	-5.7582	15.696	-65.789	53.199	-56.986	-125.18	46.74	-43.214	-151.42	14.105
289.03	-2.3784	21.698	-27.172	-3.4688	2.9041	5.9313	1.4863	-6.478	14.666	-65.653	52.62	-57.986	-125.01	45.99	-44.169	-151.31	13.422
289.03	-2.3684	21.69	-27.756	-3.4559	1.8996	4.9803	1.4171	-7.2204	13.706	-65.54	52.084	-58.902	-124.84	45.319	-44.901	-151.33	12.776
289.03	-2.3805	21.695	-28.247	-3.4348	0.84255	4.0781	1.3085	-7.9532	12.798	-65.452	51.565	-59.769	-124.67	44.576	-45.646	-151.17	12.126
289.04	-2.3806	21.692	-28.6	-3.4173	-0.17298	3.2937	1.2431	-8.6836	11.943	-65.346	51.049	-60.584	-124.5	43.828	-46.28	-151.15	11.491
289.03	-2.3781	21.699	-28.901	-3.4089	-1.1809	2.5342	1.1555	-9.3679	11.157	-65.222	50.525	-61.311	-124.32	43.091	-47.003	-150.86	10.805
289.03	-2.3738	21.706	-29.164	-3.4365	-2.2345	1.7541	1.0928	-10.02	10.467	-65.153	49.954	-61.95	-124.17	42.318	-47.433	-151.09	10.184
289.03	-2.3763	21.7	-29.363	-3.4325	-3.2323	0.91825	1.0161	-10.742	9.8179	-65.043	49.382	-62.523	-124	41.602	-48.057	-150.7	9.4495
289.03	-2.3737	21.703	-29.506	-3.4898	-4.112	0.11308	0.95285	-11.427	9.2725	-64.989	48.779	-62.997	-123.88	40.851	-48.333	-150.91	8.8666
289.03	-2.3756	21.7	-29.704	-3.5842	-5.0177	-0.71646	0.8848	-12.15	8.7959	-64.879	48.154	-63.445	-123.76	40.136	-48.684	-150.83	8.1377
289.03	-2.3636	21.696	-29.879	-3.6068	-6.0306	-1.5879	0.82273	-12.868	8.4281	-64.829	47.521	-63.786	-123.63	39.4	-49.138	-150.66	7.4172
289.03	-2.3664	21.693	-30.055	-3.583	-6.9136	-2.2725	0.74021	-13.559	8.0511	-64.739	46.813	-64.094	-123.57	38.658	-49.447	-150.57	6.6343
289.02	-2.3674	21.702	-30.25	-3.6007	-7.6882	-2.7528	0.63233	-14.313	7.6782	-64.648	46.202	-64.36	-123.46	37.967	-49.644	-150.59	5.93
289.03	-2.3658	21.691	-30.464	-3.6139	-8.4935	-3.0662	0.53838	-15.015	7.3219	-64.554	45.606	-64.463	-123.51	36.986	-49.854	-150.55	5.1954
289.03	-2.3649	21.705	-30.599	-3.5815	-9.3151	-3.3334	0.46437	-15.67	6.9373	-64.434	45.104	-64.711	-123.41	36.33	-49.944	-150.5	4.627
289.02	-2.359	21.692	-30.716	-3.5992	-10.254	-3.5525	0.3308	-16.334	6.5253	-64.283	44.636	-64.973	-123.29	35.666	-50.155	-150.43	4.0035
289.03	-2.3638	21.695	-31.153	-3.9715	-11.527	-3.7212	0.23825	-16.935	6.1411	-64.172	44.257	-65.224	-123.17	34.991	-50.373	-150.23	3.4412
289.02	-2.3587	21.692	-31.192	-4.0495	-12.296	-3.7737	0.12467	-17.438	5.7301	-64	43.927	-65.462	-123.07	34.441	-50.381	-150.39	2.9756
289.03	-2.3611	21.698	-31.188	-4.0494	-13.008	-3.7577	0.013124	-17.863	5.3261	-63.901	43.67	-65.701	-122.94	33.814	-50.497	-150.22	2.5286
289.02	-2.3566	21.696	-31.259	-3.9748	-13.183	-3.8291	-0.031672	-18.265	4.8881	-63.75	43.372	-65.976	-122.82	33.245	-50.553	-150.27	2.1103
289.03	-2.3624	21.695	-31.297	-3.8439	-13.197	-3.8841	-0.046077	-18.445	4.5819	-63.683	43.189	-66.228	-122.68	32.692	-50.626	-150.5	1.6985
289.02	-2.367	21.691	-31.315	-3.7534	-13.176	-3.8842	-0.060176	-18.403	4.3501	-63.75	43.115	-66.5	-122.61	32.245	-50.661	-150.22	1.4356
289.03	-2.3637	21.695	-31.251	-3.7093	-13.162	-3.8185	-0.19781	-18.401	4.0979	-63.851	43.096	-66.698	-122.53	31.797	-50.722	-150.18	1.1361
289.02	-2.367	21.691	-31.139	-3.662	-13.108	-3.7311	-0.30438	-18.331	3.8666	-63.936	43.086	-66.875	-122.49	31.491	-50.768	-150.34	0.85159
289.03	-2.3645	21.693	-31.078	-3.5763	-13.239	-3.6529	-0.41902	-18.335	3.6481	-63.974	43.109	-67.051	-122.44	31.22	-50.845	-150.36	0.64764
289.03	-2.3618	21.7	-31.038	-3.5301	-13.254	-3.5765	-0.48926	-18.312	3.4265	-63.948	43.151	-67.227	-122.36	30.951	-50.994	-150.17	0.43898
289.03	-2.361	21.686	-31.016	-3.453	-13.383	-3.5455	-0.53437	-18.285	3.2012	-63.929	43.167	-67.395	-122.27	30.686	-51.047	-150.15	0.3723
289.04	-2.3589	21.689	-31.02	-3.3939	-13.387	-3.5399	-0.55275	-18.26	3.0131	-63.899	43.186	-67.552	-122.19	30.484	-51.102	-150.14	0.27778
289.04	-2.3653	21.691	-31.036	-3.3425	-13.398	-3.5505	-0.57867	-18.235	2.852	-63.876	43.253	-67.682	-122.14	30.303	-51.053	-150.24	0.15953
