142.17	-1.592	20.306	-33.042	3.8892	-13.75	-7.526	9.0922	-18.646	0.56374	-51.628	41.058	-59.446	-118.96	27.568	-37.283	-144.5	-2.156
142.16	-1.5939	20.302	-33.042	3.8913	-13.762	-7.5262	9.0797	-18.654	0.55535	-51.621	41.057	-59.452	-118.97	27.564	-37.333	-144.51	-2.2082
142.17	-1.6006	20.302	-33.042	3.8892	-13.75	-7.5336	9.089	-18.653	0.56268	-51.629	41.044	-59.447	-118.96	27.569	-37.275	-144.5	-2.158
142.17	-1.588	20.296	-33.044	3.8904	-13.763	-7.5313	9.0919	-18.65	0.55416	-51.62	41.03	-59.441	-118.96	27.563	-37.28	-144.49	-2.1558
142.16	-1.592	20.305	-33.054	3.8834	-13.76	-7.5289	9.0921	-18.651	0.5592	-51.617	41.049	-59.446	-118.96	27.558	-37.275	-144.49	-2.1531
142.17	-1.586	20.302	-33.038	3.8944	-13.757	-7.533	9.089	-18.653	0.56127	-51.616	41.049	-59.454	-118.96	27.569	-37.333	-144.51	-2.2081
142.16	-1.5916	20.305	-33.053	3.8859	-13.772	-7.5336	9.089	-18.653	0.55189	-51.597	41.055	-59.455	-118.95	27.571	-37.334	-144.52	-2.1972
142.16	-1.5784	20.301	-33.037	3.893	-13.744	-7.5304	9.092	-18.65	0.53925	-51.606	41.043	-59.467	-118.95	27.566	-37.341	-144.51	-2.1949
142.16	-1.5852	20.305	-33.037	3.893	-13.744	-7.5332	9.0885	-18.656	0.53855	-51.603	41.058	-59.468	-118.95	27.566	-37.286	-144.5	-2.1423
142.16	-1.5843	20.307	-33.057	3.8963	-13.767	-7.5423	9.0962	-18.641	0.52782	-51.6	41.056	-59.478	-118.94	27.565	-37.297	-144.49	-2.159
142.17	-1.5894	20.309	-33.051	3.898	-13.749	-7.5392	9.0979	-18.649	0.52246	-51.591	41.059	-59.493	-118.94	27.572	-37.287	-144.48	-2.1477
142.17	-1.5891	20.294	-33.059	3.8842	-13.776	-7.5422	9.0929	-18.642	0.51501	-51.594	41.052	-59.493	-118.94	27.573	-37.295	-144.49	-2.1438
142.17	-1.588	20.297	-33.063	3.8937	-13.773	-7.5466	9.0806	-18.651	0.50424	-51.588	41.05	-59.494	-118.94	27.562	-37.294	-144.49	-2.1415
142.17	-1.5893	20.295	-33.064	3.8914	-13.76	-7.5561	9.0876	-18.667	0.49767	-51.58	41.052	-59.509	-118.93	27.556	-37.309	-144.49	-2.1443
142.17	-1.586	20.3	-33.06	3.8958	-13.77	-7.5455	9.0933	-18.643	0.48609	-51.576	41.061	-59.51	-118.93	27.555	-37.343	-144.5	-2.1773
142.17	-1.5903	20.293	-33.059	3.8967	-13.769	-7.5513	9.0896	-18.648	0.49183	-51.584	41.059	-59.521	-118.93	27.577	-37.301	-144.5	-2.1302
142.16	-1.5929	20.305	-33.063	3.8937	-13.773	-7.5513	9.0896	-18.648	0.47527	-51.584	41.053	-59.522	-118.93	27.564	-37.303	-144.48	-2.1243
142.16	-1.5932	20.305	-33.064	3.8928	-13.774	-7.5498	9.0897	-18.649	0.4702	-51.586	41.048	-59.525	-118.93	27.562	-37.308	-144.48	-2.1399
142.18	-1.597	20.297	-33.062	3.8924	-13.759	-7.5446	9.0808	-18.652	0.47137	-51.587	41.075	-59.527	-118.93	27.559	-37.356	-144.5	-2.1672
142.18	-1.5961	20.296	-33.064	3.8928	-13.774	-7.5459	9.0932	-18.643	0.46315	-51.591	41.055	-59.533	-118.92	27.56	-37.307	-144.49	-2.1291
142.17	-1.5918	20.306	-33.067	3.8882	-13.763	-7.5411	9.092	-18.625	0.45357	-51.585	41.053	-59.533	-118.93	27.556	-37.309	-144.49	-2.12
142.17	-1.5922	20.306	-33.058	3.8829	-13.763	-7.5463	9.0792	-18.638	0.45184	-51.597	41.045	-59.54	-118.93	27.555	-37.313	-144.5	-2.1402
142.17	-1.5972	20.307	-33.059	3.8828	-13.762	-7.5506	9.0882	-18.635	0.45934	-51.592	41.051	-59.536	-118.94	27.565	-37.309	-144.49	-2.1304
142.17	-1.5974	20.308	-33.055	3.895	-13.753	-7.545	9.0884	-18.631	0.45116	-51.585	41.051	-59.531	-118.93	27.558	-37.31	-144.5	-2.1223
142.17	-1.6041	20.299	-33.064	3.8914	-13.76	-7.5408	9.092	-18.625	0.44084	-51.59	41.044	-59.542	-118.93	27.554	-37.317	-144.49	-2.1368
142.17	-1.5855	20.315	-33.058	3.8929	-13.756	-7.5405	9.092	-18.626	0.44533	-51.59	41.047	-59.543	-118.93	27.552	-37.315	-144.51	-2.1415
142.16	-1.5936	20.302	-33.06	3.8958	-13.77	-7.5417	9.0919	-18.625	0.43986	-51.592	41.041	-59.539	-118.94	27.537	-37.309	-144.49	-2.1343
142.17	-1.586	20.301	-33.06	3.882	-13.764	-7.5439	9.0913	-18.628	0.45439	-51.585	41.053	-59.539	-118.92	27.544	-37.304	-144.5	-2.1334
142.17	-1.591	20.308	-33.065	3.8919	-13.776	-7.5498	9.0897	-18.649	0.43745	-51.593	41.04	-59.541	-118.93	27.553	-37.31	-144.5	-2.1507
142.16	-1.5938	20.302	-33.062	3.8823	-13.779	-7.5504	9.0897	-18.649	0.43933	-51.578	41.048	-59.537	-118.92	27.545	-37.31	-144.49	-2.1302
142.17	-1.5916	20.305	-33.058	3.8954	-13.755	-7.5431	9.0929	-18.641	0.43829	-51.579	41.034	-59.542	-118.93	27.541	-37.312	-144.49	-2.1315
142.17	-1.5869	20.298	-33.065	3.8927	-13.774	-7.5507	9.0896	-18.648	0.4438	-51.575	41.028	-59.535	-118.92	27.547	-37.313	-144.49	-2.1315
142.17	-1.5856	20.3	-33.09	3.9444	-13.928	-7.5495	9.0897	-18.649	0.43602	-51.567	41.026	-59.535	-118.92	27.547	-37.301	-144.48	-2.1371
142.17	-1.5871	20.298	-33.06	3.8968	-13.77	-7.5341	9.0995	-18.634	0.44475	-51.572	41.028	-59.532	-118.92	27.55	-37.299	-144.48	-2.1366
142.17	-1.5863	20.3	-33.073	3.9019	-13.775	-7.539	9.0959	-18.64	0.44814	-51.569	41.03	-59.53	-118.92	27.55	-37.356	-144.49	-2.1591
142.17	-1.5856	20.298	-33.061	3.8959	-13.771	-7.5395	9.0959	-18.639	0.45146	-51.555	41.04	-59.537	-118.91	27.551	-37.308	-144.47	-2.1239
142.17	-1.5893	20.295	-33.069	3.9049	-13.771	-7.5341	9.0995	-18.634	0.45018	-51.568	41.03	-59.542	-118.91	27.547	-37.303	-144.47	-2.1307
142.17	-1.5867	20.314	-33.061	3.9108	-13.777	-7.5301	9.0905	-18.637	0.4428	-51.56	41.033	-59.543	-118.91	27.546	-37.36	-144.49	-2.161
142.17	-1.5882	20.296	-33.064	3.9063	-13.766	-7.5298	9.092	-18.65	0.44159	-51.559	41.031	-59.539	-118.91	27.55	-37.309	-144.47	-2.1202
142.18	-1.5937	20.3	-33.054	3.9138	-13.758	-7.5304	9.092	-18.65	0.44619	-51.556	41.023	-59.543	-118.91	27.546	-37.307	-144.47	-2.1329
142.17	-1.5959	20.295	-33.045	3.9082	-13.756	-7.531	9.092	-18.65	0.44159	-51.561	41.032	-59.544	-118.91	27.547	-37.308	-144.47	-2.1167
142.16	-1.5907	20.307	-33.044	3.9066	-13.756	-7.5298	9.092	-18.65	0.444	-51.559	41.034	-59.546	-118.9	27.551	-37.364	-144.49	-2.1639
142.17	-1.5914	20.291	-33.05	3.9042	-13.761	-7.5265	9.0917	-18.649	0.43014	-51.569	41.021	-59.555	-118.91	27.557	-37.323	-144.47	-2.1265
142.17	-1.5994	20.291	-33.043	3.9075	-13.754	-7.5304	9.092	-18.65	0.42742	-51.558	41.027	-59.56	-118.91	27.54	-37.315	-144.47	-2.1226
142.16	-1.5965	20.301	-33.052	3.9031	-13.763	-7.5222	9.0952	-18.643	0.42481	-51.561	41.036	-59.557	-118.91	27.543	-37.324	-144.48	-2.1292
142.17	-1.5888	20.31	-33.054	3.9111	-13.757	-7.5304	9.092	-18.65	0.41505	-51.564	41.029	-59.567	-118.9	27.554	-37.335	-144.47	-2.1309
142.17	-1.5899	20.308	-33.054	3.9007	-13.764	-7.5226	9.0952	-18.643	0.40868	-51.569	41.023	-59.563	-118.91	27.54	-37.33	-144.47	-2.1187
142.17	-1.5974	20.308	-33.053	3.9022	-13.764	-7.5202	9.0954	-18.645	0.40837	-51.557	41.03	-59.572	-118.9	27.536	-37.335	-144.46	-2.1274
142.17	-1.5946	20.296	-33.056	3.9126	-13.76	-7.5384	9.0974	-18.653	0.41136	-51.553	41.019	-59.575	-118.91	27.546	-37.338	-144.47	-2.1216
142.17	-1.5903	20.293	-33.053	3.9147	-13.757	-7.5244	9.0957	-18.645	0.39791	-51.563	41.02	-59.572	-118.9	27.536	-37.338	-144.47	-2.1224
142.17	-1.5882	20.296	-33.046	3.9048	-13.758	-7.5257	9.0951	-18.648	0.40715	-51.556	41.015	-59.562	-118.9	27.544	-37.328	-144.47	-2.1273
142.17	-1.5852	20.301	-33.046	3.9187	-13.764	-7.5278	9.0949	-18.647	0.40835	-51.555	41.016	-59.571	-118.9	27.538	-37.341	-144.46	-2.1316
142.17	-1.5835	20.301	-33.047	3.9061	-13.772	-7.527	9.0965	-18.661	0.41136	-51.553	41.019	-59.557	-118.91	27.543	-37.328	-144.47	-2.128
142.17	-1.5871	20.298	-33.05	3.9168	-13.769	-7.5193	9.0997	-18.654	0.41792	-51.561	41.017	-59.555	-118.9	27.531	-37.322	-144.47	-2.1249
142.17	-1.5906	20.306	-33.028	3.9164	-13.741	-7.5212	9.1002	-18.656	0.42213	-51.556	41.007	-59.561	-118.89	27.533	-37.325	-144.47	-2.128
142.17	-1.5856	20.298	-33.043	3.9219	-13.762	-7.519	9.0997	-18.654	0.42878	-51.552	41	-59.554	-118.9	27.545	-37.324	-144.47	-2.1256
142.17	-1.5869	20.298	-33.044	3.9066	-13.756	-7.548	9.1548	-18.739	0.43082	-51.553	41.001	-59.552	-118.9	27.533	-37.324	-144.46	-2.1239
142.16	-1.5796	20.299	-33.047	3.9161	-13.752	-7.5353	9.1511	-18.745	0.43732	-51.561	41.013	-59.547	-118.9	27.536	-37.328	-144.47	-2.1315
142.17	-1.5858	20.3	-33.037	3.9106	-13.763	-7.5377	9.151	-18.75	0.44822	-51.554	41.01	-59.542	-118.91	27.535	-37.318	-144.48	-2.1293
142.17	-1.5858	20.301	-33.036	3.9103	-13.75	-7.5387	9.1476	-18.751	0.44199	-51.558	41.005	-59.537	-118.91	27.539	-37.328	-144.47	-2.1433
142.17	-1.5871	20.299	-33.031	3.9007	-13.752	-7.5058	9.0989	-18.663	0.46141	-51.558	41.014	-59.537	-118.91	27.549	-37.325	-144.46	-2.1404
142.17	-1.5882	20.296	-33.028	3.9004	-13.75	-7.5305	9.1417	-18.751	0.46708	-51.58	41.004	-59.534	-118.91	27.54	-37.332	-144.47	-2.1353
142.17	-1.5903	20.293	-33.019	3.9073	-13.74	-7.5263	9.1452	-18.746	0.4821	-51.587	41.009	-59.532	-118.92	27.548	-37.334	-144.47	-2.1343
142.17	-1.5983	20.305	-33.026	3.8873	-13.742	-7.5285	9.1476	-18.775	0.4953	-51.633	40.991	-59.533	-118.92	27.549	-37.354	-144.47	-2.1459
142.17	-1.5998	20.303	-33.001	3.8852	-13.726	-7.5236	9.1522	-18.787	0.51551	-51.699	40.967	-59.528	-118.9	27.558	-37.37	-144.48	-2.1401
142.17	-1.5987	20.305	-32.973	3.8577	-13.709	-7.4888	9.1804	-18.802	0.55853	-51.792	40.938	-59.529	-118.89	27.563	-37.388	-144.48	-2.1305
142.18	-1.5929	20.301	-32.911	3.8219	-13.678	-7.4535	9.2249	-18.816	0.60679	-51.899	40.935	-59.523	-118.88	27.569	-37.427	-144.49	-2.1212
142.17	-1.5921	20.306	-32.822	3.8071	-13.714	-7.4303	9.3065	-18.861	0.63844	-52.005	40.914	-59.539	-118.88	27.592	-37.484	-144.5	-2.1075
142.17	-1.5901	20.308	-32.716	3.7774	-13.648	-7.4378	9.4853	-18.93	0.6579	-52.141	40.897	-59.571	-118.91	27.625	-37.532	-144.52	-2.0754
142.17	-1.5887	20.31	-32.582	3.6931	-13.543	-7.4863	9.7138	-18.903	0.71178	-52.293	40.978	-59.627	-118.94	27.682	-37.595	-144.54	-2.0414
142.17	-1.5987	20.305	-32.448	3.5605	-13.303	-7.5488	10.098	-18.875	0.74653	-52.51	41.07	-59.683	-119	27.743	-37.654	-144.6	-2.006
142.17	-1.5867	20.314	-32.275	3.42	-12.909	-7.482	10.421	-18.618	0.80078	-52.766	41.274	-59.723	-119.07	27.804	-37.687	-144.67	-1.9699
142.16	-1.5951	20.299	-32.006	3.3613	-12.314	-7.1926	10.668	-17.865	0.88644	-53.038	41.506	-59.743	-119.16	27.846	-37.737	-144.76	-1.9052
142.17	-1.5906	20.307	-31.77	3.2675	-11.41	-6.7023	10.985	-16.924	1.0154	-53.556	41.914	-59.71	-119.3	27.898	-37.761	-144.85	-1.9365
142.17	-1.5901	20.309	-31.287	3.4505	-10.102	-5.8996	11.161	-15.558	1.1689	-54.177	42.44	-59.677	-119.47	27.935	-37.719	-144.95	-2.0343
142.17	-1.5906	20.306	-30.961	3.3449	-8.6716	-4.9043	11.257	-13.937	1.4234	-55.002	43.123	-59.586	-119.71	27.995	-37.675	-145.05	-2.0796
142.17	-1.5885	20.31	-30.642	3.1364	-7.1616	-3.6754	11.313	-12.152	1.7706	-56.015	43.925	-59.442	-120.01	28.071	-37.584	-145.22	-2.1968
142.17	-1.5876	20.311	-30.161	3.0655	-5.523	-2.0429	11.363	-9.9896	2.1551	-57.159	44.746	-59.232	-120.4	28.201	-37.505	-145.37	-2.2503
142.18	-1.5837	20.304	-29.585	2.8376	-3.6998	-0.090881	11.288	-7.5928	2.6629	-58.547	45.695	-58.986	-120.82	28.408	-37.46	-145.6	-2.3648
142.18	-1.5944	20.313	-28.942	2.4993	-1.9568	2.1484	11.116	-5.1277	3.2483	-60.001	46.605	-58.696	-121.28	28.604	-37.505	-145.74	-2.4796
142.18	-1.5957	20.314	-27.998	2.1019	0.056618	4.6303	10.759	-2.6496	3.9266	-61.566	47.495	-58.351	-121.76	28.818	-37.284	-146.15	-2.4833
142.18	-1.5977	20.31	-26.931	1.7054	1.7817	7.2879	10.187	-0.21499	4.7337	-63.148	48.265	-58.018	-122.25	29.103	-37.097	-146.4	-2.4769
142.18	-1.6056	20.309	-25.583	1.225	3.5641	10.144	9.4601	2.0214	5.6535	-64.791	49.047	-57.556	-122.77	29.369	-36.851	-146.8	-2.487
142.18	-1.6071	20.307	-24.11	0.69278	5.2943	13.196	8.5244	4.2212	6.6879	-66.533	49.792	-57.036	-123.32	29.668	-36.665	-147.2	-2.5298
142.18	-1.6101	20.304	-22.521	-0.082423	7.1482	16.478	7.4138	6.3585	7.8587	-68.347	50.529	-56.43	-123.89	29.99	-36.384	-147.49	-2.3896
142.18	-1.6185	20.317	-20.768	-0.82525	8.8284	19.941	6.0688	8.2818	9.1076	-70.182	51.212	-55.796	-124.45	30.362	-35.907	-148.22	-2.1306
142.17	-1.615	20.311	-18.879	-1.6594	10.397	23.668	4.5445	10.267	10.441	-72.057	51.876	-55.103	-125.02	30.696	-35.306	-148.76	-1.7696
142.18	-1.6129	20.314	-16.9	-2.6285	11.875	27.506	2.7352	12.199	11.937	-73.99	52.583	-54.295	-125.64	31.057	-34.667	-149.36	-1.556
142.18	-1.6208	20.314	-14.754	-3.6539	13.206	31.425	0.78319	14.09	13.531	-76.033	53.251	-53.299	-126.38	31.517	-34.029	-150.05	-1.4158
142.18	-1.623	20.323	-12.464	-4.8236	14.651	35.335	-1.2903	16.003	15.242	-78.181	53.842	-52.118	-127.17	31.814	-33.128	-150.92	-1.211
142.17	-1.6161	20.308	-10.009	-6.0106	16.017	39.156	-3.507	17.816	17.414	-80.035	54.758	-50.816	-128.03	32.283	-32.273	-151.55	-0.96239
142.17	-1.6201	20.318	-7.3972	-7.2194	17.41	43.375	-5.5848	19.98	19.339	-82.22	55.277	-49.448	-128.87	32.657	-31.217	-152.47	-0.89246
142.17	-1.6275	20.316	-4.6677	-8.5452	18.751	47.21	-7.9862	21.608	21.352	-84.443	55.774	-47.993	-129.73	33.067	-30.239	-153.02	-0.66103
142.18	-1.6243	20.322	-1.7801	-9.8502	20.046	50.988	-10.482	23.018	23.489	-86.607	56.15	-46.427	-130.6	33.48	-28.937	-153.95	-0.50252
142.17	-1.6189	20.32	1.183	-11.224	21.253	54.731	-13.03	24.184	25.646	-88.777	56.539	-44.75	-131.47	33.924	-27.614	-154.82	-0.32907
142.17	-1.6273	20.305	4.1761	-12.491	22.179	58.575	-15.585	25.26	27.935	-90.854	56.826	-43.023	-132.33	34.337	-26.352	-155.71	-0.1826
142.18	-1.6211	20.327	7.2722	-13.85	23.114	62.428	-18.169	26.15	30.223	-92.892	57.036	-41.235	-133.16	34.782	-24.942	-156.52	0.1101
142.17	-1.6138	20.312	10.388	-15.188	23.899	66.215	-20.739	26.852	32.611	-94.831	57.258	-39.425	-133.92	35.197	-23.498	-157.33	0.38893
142.18	-1.6101	20.319	13.575	-16.556	24.628	69.951	-23.199	27.449	34.999	-96.727	57.412	-37.574	-134.63	35.543	-22.029	-158.08	0.65549
142.18	-1.6109	20.318	16.709	-17.796	25.098	73.235	-25.84	27.489	37.412	-98.512	57.501	-35.692	-135.33	35.965	-20.574	-158.64	0.99543
142.19	-1.6139	20.322	19.94	-19.071	25.604	77.36	-28.022	28.123	39.859	-100.18	57.536	-33.743	-135.99	36.393	-19.051	-159.2	1.324
142.18	-1.6105	20.316	23.09	-20.272	25.814	80.627	-30.492	27.967	42.3	-101.72	57.563	-31.763	-136.59	36.773	-17.396	-159.89	1.662
142.19	-1.6115	20.312	26.175	-21.373	25.798	84.699	-32.508	28.366	44.677	-103.13	57.47	-29.76	-137.13	37.087	-15.703	-160.68	1.8527
142.19	-1.6129	20.311	29.275	-22.457	25.685	88.277	-34.574	28.319	47.136	-104.43	57.389	-27.739	-137.6	37.44	-14.116	-161.17	2.0642
142.19	-1.6104	20.314	32.311	-23.506	25.479	91.413	-36.797	27.755	49.525	-105.62	57.2	-25.705	-138.04	37.677	-12.354	-161.71	2.5059
142.19	-1.6146	20.324	35.29	-24.344	24.899	94.943	-38.652	27.542	51.91	-106.65	56.984	-23.652	-138.4	37.893	-10.508	-162.22	2.5231
142.19	-1.6116	20.311	38.202	-25.275	24.517	98.28	-40.39	27.146	54.295	-107.56	56.786	-21.556	-138.72	38.169	-8.6733	-162.71	2.7063
142.2	-1.6205	20.309	41.015	-26.026	23.94	102.2	-41.674	27.207	56.643	-108.31	56.444	-19.456	-138.95	38.358	-6.6775	-163.34	3.0491
142.19	-1.6113	20.311	43.749	-26.69	23.329	105.49	-43.072	26.711	59.026	-108.88	56.055	-17.334	-139.12	38.539	-4.7841	-163.68	3.2415
142.19	-1.6163	20.306	46.376	-27.253	22.654	108.75	-44.296	26.145	61.39	-109.33	55.683	-15.186	-139.24	38.715	-3.146	-163.69	3.402
142.19	-1.6111	20.312	48.915	-27.728	21.924	111.51	-45.575	25.067	63.814	-109.63	55.217	-13.01	-139.3	38.881	-1.1134	-163.91	3.6326
142.19	-1.6135	20.308	51.319	-28.066	21.162	114.7	-46.418	24.398	66.247	-109.85	54.694	-10.814	-139.32	39.088	0.88833	-164.12	3.8256
142.18	-1.6086	20.322	53.622	-28.229	20.292	118.24	-46.955	23.949	68.684	-109.86	54.149	-8.5372	-139.25	39.298	3.0282	-164.48	4.1596
142.18	-1.6079	20.319	55.882	-28.394	19.591	120.93	-47.723	22.712	71.147	-109.82	53.631	-6.2887	-139.11	39.457	4.8623	-164.21	4.4749
142.17	-1.6032	20.319	58.021	-28.348	18.775	124.51	-47.924	22.235	73.65	-109.68	53.094	-3.9901	-138.98	39.595	6.9158	-164.27	4.7328
142.17	-1.6039	20.317	60.143	-28.244	18.113	127.05	-48.467	20.793	76.203	-109.42	52.469	-1.6365	-138.79	39.734	9.24	-164.42	4.9457
142.17	-1.6026	20.317	62.17	-28.128	17.411	130.6	-48.377	20.221	78.768	-109.09	51.878	0.75704	-138.57	39.878	11.173	-164.01	5.2103
142.17	-1.6028	20.316	64.2	-27.886	16.774	133.23	-48.625	18.78	81.342	-108.75	51.287	3.1719	-138.3	39.969	13.456	-164.11	5.3752
142.17	-1.6017	20.319	66.221	-27.591	16.153	136.76	-48.302	18.199	83.963	-108.28	50.603	5.6183	-138.02	40.1	15.746	-164.01	5.5309
142.17	-1.5985	20.323	68.188	-27.155	15.464	139.32	-48.344	16.705	86.559	-107.77	50.025	8.0315	-137.73	40.167	17.77	-163.48	5.613
142.17	-1.6019	20.319	70.158	-26.74	14.86	142.32	-48.09	15.634	89.125	-107.2	49.427	10.462	-137.35	40.23	20.157	-163.48	5.7824
142.19	-1.6036	20.313	72.098	-26.24	14.247	145.21	-47.721	14.576	91.647	-106.52	48.798	12.866	-136.95	40.306	22.275	-162.97	5.8929
142.18	-1.6036	20.312	73.918	-25.711	13.665	147.96	-47.31	13.567	94.096	-105.84	48.274	15.218	-136.48	40.322	24.28	-162.41	5.955
142.19	-1.6117	20.311	75.701	-25.124	13.119	150.63	-46.751	12.659	96.452	-105.07	47.713	17.474	-135.97	40.345	26.652	-162.26	5.9424
142.2	-1.6098	20.315	77.408	-24.471	12.55	153.54	-45.94	12.216	98.712	-104.21	47.304	19.66	-135.39	40.384	28.504	-161.44	5.902
142.2	-1.6038	20.323	78.981	-23.735	11.978	155.74	-45.149	11.373	100.85	-103.3	46.953	21.728	-134.75	40.407	30.473	-160.83	6.0186
142.21	-1.6123	20.307	80.483	-22.949	11.514	157.72	-44.224	10.643	102.83	-102.31	46.608	23.686	-134.07	40.408	32.486	-160.45	6.0797
142.21	-1.6121	20.307	81.836	-22.095	11.015	159.08	-43.187	9.5814	104.73	-101.14	46.443	25.545	-133.32	40.463	34.275	-159.59	6.1271
142.21	-1.619	20.307	83.074	-21.162	10.524	160.98	-41.685	9.2985	106.46	-99.932	46.274	27.292	-132.51	40.453	36.216	-159.18	6.2928
142.21	-1.6202	20.307	84.21	-20.221	10.095	162.31	-40.18	8.7813	108.09	-98.609	46.209	28.954	-131.65	40.504	37.755	-158.13	6.4268
142.2	-1.6197	20.313	85.251	-19.218	9.6586	163.35	-38.413	8.255	109.62	-97.154	46.245	30.493	-130.75	40.5	39.566	-157.58	6.6337
142.2	-1.6197	20.313	86.182	-18.083	9.0732	142.21	-1.6143	20.304	111.05	-95.633	46.297	31.981	-129.79	40.563	41.224	-156.84	6.7482
142.2	-1.6197	20.313	87.035	-16.973	8.5436	142.2	-1.609	20.314	112.36	-94.006	46.483	33.359	-128.79	40.615	42.639	-155.7	6.9897
142.2	-1.6197	20.313	87.825	-15.822	8.0504	142.19	-1.6113	20.312	113.59	-92.276	46.684	34.63	-127.71	40.623	44.21	-154.92	7.3496
142.2	-1.6197	20.313	88.592	-14.609	7.4832	142.19	-1.6049	20.324	114.73	-90.486	46.873	35.887	-126.59	40.638	45.804	-154.16	7.5845
142.2	-1.6197	20.313	89.333	-13.358	6.7859	142.17	-1.6007	20.32	115.85	-88.645	47.102	37.061	-125.43	40.702	47.224	-153.19	7.8722
142.2	-1.6197	20.313	90.11	-12.166	6.0939	142.17	-1.6026	20.316	116.89	-86.815	47.38	38.223	-124.24	40.743	48.534	-151.95	8.1429
142.2	-1.6197	20.313	90.958	-10.987	5.3264	142.16	-1.597	20.314	117.95	-84.971	47.592	39.371	-123.02	40.702	49.934	-150.94	8.4247
142.2	-1.6197	20.313	91.875	-9.7917	4.5449	142.15	-1.5926	20.324	119.01	-83.178	47.853	40.489	-121.8	40.731	51.312	-149.9	8.7127
142.2	-1.6197	20.313	92.892	-8.6749	3.7837	142.15	-1.5878	20.316	120.06	-81.44	47.997	41.625	-120.59	40.763	52.701	-148.82	8.9721
142.2	-1.6197	20.313	94.051	-7.5481	2.9363	142.15	-1.5928	20.323	121.16	-79.743	48.1	42.815	-119.37	40.764	54.052	-147.74	9.2186
142.2	-1.6197	20.313	95.332	-6.4877	2.1683	142.15	-1.5878	20.316	122.33	-78.181	48.183	44.004	-118.18	40.82	55.514	-146.82	9.4686
167.46	-13.88	2.4823	96.725	-5.424	1.417	142.15	-1.593	20.325	123.58	-76.712	48.193	45.199	-117.02	40.94	56.807	-145.76	9.5611
168.02	-12.439	1.8784	98.171	-4.5098	1.0793	142.15	-1.5998	20.308	124.85	-75.415	48.132	46.418	-115.88	41.003	58.112	-144.66	9.7866
168.56	-11.194	1.0919	99.694	-3.5659	0.72934	142.15	-1.6005	20.322	126.19	-74.204	48.107	47.635	-114.83	41.059	59.369	-143.61	9.9312
169.15	-10.083	0.25096	101.28	-2.6468	0.30594	142.17	-1.6034	20.316	127.58	-73.128	48.064	48.887	-113.81	41.147	60.648	-142.5	10.044
169.15	-10.083	0.25096	102.91	-1.8428	0.35988	142.17	-1.5994	20.324	129.02	-72.119	48.035	50.161	-112.83	41.271	61.884	-141.52	10.04
169.15	-10.083	0.25096	104.63	-1.0457	0.28179	142.17	-1.602	20.321	130.44	-71.229	47.981	51.454	-111.87	41.369	63.17	-140.65	9.9926
169.15	-10.083	0.25096	106.38	-0.29072	0.13977	142.18	-1.606	20.311	131.92	-70.377	47.972	52.743	-111	41.46	64.398	-139.69	10.068
169.15	-10.083	0.25096	108.16	0.37071	0.14203	142.19	-1.6158	20.307	133.34	-69.562	47.979	54.043	-110.16	41.558	65.618	-138.79	10.11
169.15	-10.083	0.25096	110.01	1.0054	0.20315	142.19	-1.6165	20.319	134.78	-68.699	48.077	55.347	-109.33	41.681	66.796	-137.84	10.08
169.15	-10.083	0.25096	111.85	1.6054	0.1232	142.19	-1.6124	20.309	136.16	-67.83	48.105	56.623	-108.54	41.77	68.026	-136.97	10.114
169.15	-10.083	0.25096	113.65	2.1325	0.020397	142.19	-1.6139	20.31	137.58	-66.931	48.258	57.899	-107.78	41.872	69.332	-136.22	10.136
169.15	-10.083	0.25096	115.41	2.6456	-0.08315	142.19	-1.6152	20.323	138.86	-66.002	48.349	59.171	-107.03	41.994	70.604	-135.5	10.207
169.15	-10.083	0.25096	116.97	3.0173	-0.31343	142.19	-1.6158	20.308	140.2	-64.994	48.45	60.428	-106.34	42.105	71.81	-134.68	10.352
169.15	-10.083	0.25096	118.47	3.4953	-0.82395	142.18	-1.6062	20.324	141.52	-63.971	48.672	61.696	-105.66	42.232	73.2	-134.13	10.466
169.15	-10.083	0.25096	119.82	3.7151	-1.1549	142.15	-1.5503	20.323	142.53	-63.219	48.492	62.96	-105.01	42.357	74.357	-133.25	10.5
169.15	-10.083	0.25096	121.33	4.0839	-1.4742	141.91	-1.3046	20.31	143.76	-62.233	48.651	64.235	-104.4	42.451	75.854	-132.88	10.748
163.45	5.0019	-9.444	122.66	4.2918	-1.8688	141.03	-0.79616	20.273	145.03	-61.332	48.942	65.525	-103.8	42.583	77.099	-132.2	10.894
163.03	5.8918	-9.6904	123.32	4.835	-2.0351	140.92	-0.012088	20.294	146.29	-60.54	49.231	66.815	-103.25	42.682	78.599	-131.78	11.039
163.48	6.6705	-9.7614	124.1	5.554	-1.8815	141.96	0.90582	20.312	147.54	-59.764	49.516	68.149	-102.72	42.875	79.999	-131.31	11.32
164.41	7.2805	-9.77	125.1	6.2093	-1.6928	143.42	1.6302	20.395	148.78	-58.947	49.863	69.522	-102.3	43.042	81.426	-130.81	11.534
165.69	7.7469	-9.6867	126.42	6.6787	-1.5666	145	2.1172	20.388	150.11	-58.202	50.109	70.968	-101.91	43.262	82.918	-130.38	11.789
167.08	8.1312	-9.7007	127.96	7.0613	-1.5237	146.64	2.4257	20.343	151.59	-57.564	50.476	72.425	-101.52	43.442	84.415	-130.01	12.064
168.73	8.3618	-9.5213	129.65	7.2605	-1.3103	148.38	2.8031	20.535	153.13	-57.087	50.878	73.905	-101.06	43.667	85.957	-129.49	12.39
169.57	8.6906	-10.037	131.46	7.4661	-1.3479	150.05	3.0877	20.722	154.74	-56.744	51.312	75.395	-100.63	43.825	87.599	-129.35	12.678
172.04	9.0053	-7.1394	133.37	7.6665	-1.3144	151.75	3.2499	21.021	156.44	-56.513	51.704	77.007	-100.23	44.013	89.317	-129.09	12.982
174.07	9.0988	-6.6504	135.49	7.7546	-0.7065	153.59	3.3689	21.453	158.3	-56.457	52.116	78.747	-99.939	44.194	91.077	-128.96	13.119
176.33	9.1563	-6.0823	137.7	7.8657	-0.2705	155.71	3.403	21.92	160.24	-56.418	52.605	80.629	-99.719	44.404	92.885	-128.64	13.317
178.69	9.0692	-5.5822	140.05	7.9118	0.22492	158.08	3.4191	22.444	162.28	-56.485	53.038	82.592	-99.542	44.599	94.872	-128.59	13.518
180.5	8.5579	-5.7855	142.58	7.9224	0.61379	160.64	3.3886	22.969	164.46	-56.64	53.484	84.61	-99.404	44.789	96.742	-128.35	13.72
183.79	8.7001	-4.5501	145.21	7.8128	1.3151	163.28	3.2151	23.481	166.73	-56.816	53.979	86.719	-99.238	45.036	98.863	-128.29	13.957
186.55	8.4472	-3.9431	147.93	7.69	1.7299	165.99	2.9973	24.053	169.11	-57.122	54.406	88.894	-99.147	45.266	100.93	-128.28	14.203
189.41	8.1543	-3.3436	150.78	7.5277	2.2243	168.75	2.7077	24.622	171.55	-57.446	54.849	91.151	-99.087	45.501	102.98	-128.14	14.411
192.32	7.821	-2.656	153.69	7.2365	2.8086	171.58	2.3841	25.19	174.09	-57.869	55.277	93.509	-99.029	45.765	105.21	-128.03	14.689
195.36	7.4364	-2.0418	156.73	7.0356	3.1038	174.51	2.0112	25.83	176.74	-58.325	55.75	95.911	-99.024	46.058	107.52	-128.16	14.934
197.75	6.5875	-2.1688	159.84	6.6971	3.8921	177.51	1.5423	26.399	179.39	-58.864	56.154	98.38	-99.022	46.371	109.72	-128.08	15.103
201.67	6.4948	-0.73633	163	6.4388	4.4	180.67	1.0956	27.074	182.17	-59.448	56.622	100.89	-99.046	46.667	112.03	-128.05	15.298
204.15	5.6027	-0.83111	166.23	6.0214	5.2708	183.85	0.53247	27.712	184.94	-60.11	56.984	103.43	-99.074	46.924	114.44	-128.17	15.605
208.2	5.4945	0.67284	169.53	5.6458	5.7691	187.1	-0.01458	28.387	187.76	-60.716	57.444	106.02	-99.107	47.231	116.84	-128.25	15.779
210.79	4.4758	0.53819	172.86	5.296	6.4432	190.42	-0.55862	29.088	190.64	-61.388	57.901	108.59	-99.171	47.552	119.12	-128.06	16.003
214.83	4.3206	1.9379	176.2	4.882	7.2502	193.7	-1.1904	29.639	193.45	-62.037	58.276	111.19	-99.187	47.789	121.54	-128.12	16.179
218.25	3.7365	2.5668	179.57	4.4496	7.6387	197.05	-1.7451	30.274	196.3	-62.665	58.692	113.81	-99.19	48.034	123.91	-128.16	16.409
220.9	2.697	2.3348	182.91	3.9531	8.1596	200.35	-2.3317	30.871	199.15	-63.259	59.08	116.41	-99.196	48.299	126.49	-128.43	16.644
224.24	2.0661	2.7661	186.3	3.5686	8.6884	203.61	-2.9117	31.329	201.93	-63.816	59.415	119.03	-99.149	48.471	128.81	-128.25	16.807
228.31	1.9345	4.1634	189.63	3.0772	9.1224	206.88	-3.4314	31.81	204.78	-64.362	59.801	121.66	-99.123	48.715	131.24	-128.28	16.959
230.85	0.94764	3.6717	192.91	2.6872	9.4972	210.13	-3.9133	32.222	207.59	-64.863	60.099	124.28	-99.076	48.87	133.67	-128.3	17.189
234.9	0.88498	4.971	196.16	2.2393	9.7857	213.31	-4.3999	32.631	210.36	-65.301	60.359	126.9	-99.043	49.038	136.3	-128.57	17.414
237.3	-0.088816	4.3793	199.33	1.9042	10.145	216.43	-4.8721	32.892	213.14	-65.739	60.577	129.52	-98.969	49.218	138.66	-128.3	17.5
241.25	-0.036155	5.5604	202.46	1.5924	10.256	219.48	-5.3141	33.099	215.89	-66.148	60.8	132.11	-98.925	49.362	141.01	-128.24	17.643
243.53	-0.94921	4.8494	205.49	1.1897	10.612	222.49	-5.7134	33.332	218.62	-66.556	60.863	134.7	-98.856	49.485	143.35	-128.23	17.782
246.56	-1.3556	5.0461	208.49	0.86278	10.761	225.46	-6.1217	33.51	221.37	-66.903	61.02	137.26	-98.795	49.643	145.69	-128.23	17.881
250.26	-1.2084	6.113	211.41	0.50742	10.908	228.37	-6.4618	33.628	224.03	-67.237	61.056	139.78	-98.716	49.75	148.05	-128.16	18.099
253.11	-1.5456	6.1795	214.27	0.24624	11.065	231.24	-6.8156	33.745	226.63	-67.565	61.068	142.24	-98.647	49.797	150.27	-128.19	18.051
255.93	-1.8874	6.2462	217.07	-0.018118	10.981	234.03	-7.1488	33.825	229.17	-67.845	61.092	144.65	-98.557	49.841	152.48	-128.06	18.163
258.73	-2.1934	6.2738	219.81	-0.26168	10.978	236.78	-7.4342	33.857	231.64	-68.056	61.081	147.01	-98.427	49.845	154.62	-128.1	18.122
261.45	-2.549	6.2067	222.53	-0.48586	10.951	239.49	-7.7074	33.814	234.06	-68.3	61.029	149.3	-98.299	49.838	156.74	-127.89	18.105
263.33	-3.411	5.1713	225.18	-0.69642	10.826	242.11	-7.9745	33.73	236.36	-68.488	60.993	151.52	-98.102	49.752	158.78	-127.86	18.003
265.96	-3.7658	5.0976	227.81	-1.0394	10.678	244.66	-8.2465	33.593	238.58	-68.715	60.874	153.66	-97.909	49.657	160.71	-127.75	17.968
269.29	-3.6563	5.9257	230.35	-1.2935	10.441	247.13	-8.4868	33.485	240.76	-68.825	60.849	155.7	-97.688	49.521	162.67	-127.55	17.994
271.13	-4.3874	4.9952	232.81	-1.5057	10.29	249.48	-8.7688	33.347	242.8	-68.987	60.728	157.68	-97.436	49.343	164.65	-127.42	17.859
274.21	-4.3246	5.6311	235.2	-1.7427	9.9229	251.73	-9.0471	33.045	244.83	-69.117	60.614	159.59	-97.184	49.186	166.46	-127.24	17.735
275.9	-4.9381	4.7485	237.49	-1.9659	9.7527	253.97	-9.203	32.863	246.78	-69.215	60.496	161.45	-96.923	48.974	168.06	-127.08	17.567
278.07	-5.1964	4.57	239.67	-2.1673	9.5339	256.11	-9.3656	32.697	248.66	-69.31	60.302	163.24	-96.672	48.755	169.75	-126.97	17.38
280.19	-5.2882	4.4381	241.75	-2.225	9.3159	258.13	-9.5112	32.525	250.46	-69.385	60.102	164.98	-96.424	48.54	171.66	-127.17	17.265
282.13	-5.432	4.1868	243.73	-2.2635	9.0478	260.06	-9.6181	32.311	252.21	-69.44	59.861	166.68	-96.178	48.287	172.95	-126.59	16.958
284.1	-5.4228	4.1044	245.59	-2.3575	8.9709	261.96	-9.6599	32.125	253.9	-69.448	59.607	168.32	-95.959	48.077	174.32	-126.26	16.66
285.85	-5.4431	3.867	247.33	-2.3093	8.7324	263.72	-9.7183	31.916	255.53	-69.477	59.304	169.9	-95.749	47.792	175.84	-126.1	16.518
287.56	-5.4378	3.6208	249.01	-2.2593	8.3394	265.37	-9.7828	31.579	257.06	-69.484	58.968	171.42	-95.535	47.55	177.15	-125.95	16.215
289.09	-5.4018	3.2777	250.6	-2.3022	8.3263	266.99	-9.7451	31.373	258.62	-69.418	58.666	172.89	-95.325	47.276	178.53	-125.74	15.893
290.64	-5.3286	2.9567	252.1	-2.2242	8.02	268.53	-9.6938	31.074	260.01	-69.357	58.271	174.29	-95.08	46.988	179.84	-125.53	15.618
292.09	-5.2276	2.6201	253.53	-2.031	7.5871	270.02	-9.5798	30.811	261.44	-69.258	57.936	175.61	-94.851	46.695	180.95	-125.26	15.351
293.42	-5.1846	2.1457	254.89	-2.0013	7.303	271.39	-9.4985	30.377	262.72	-69.148	57.54	176.88	-94.592	46.374	182.08	-125.09	15.067
294.83	-5.1038	1.8027	256.22	-1.9644	6.9094	272.67	-9.4433	29.944	263.92	-69	57.105	178.07	-94.276	46.013	183.2	-124.84	14.593
296.08	-5.0274	1.2847	257.51	-1.8825	6.4028	273.96	-9.3047	29.474	265.09	-68.817	56.703	179.18	-93.942	45.666	184.17	-124.56	14.277
297.32	-4.9228	0.79735	258.71	-1.7505	5.8036	275.18	-9.1345	29.031	266.18	-68.611	56.25	180.21	-93.585	45.26	185.05	-124.16	13.979
298.48	-4.7776	0.25376	259.86	-1.588	5.1251	276.26	-8.9942	28.402	267.2	-68.368	55.832	181.2	-93.216	44.822	186.07	-123.97	13.628
299.61	-4.6597	-0.35495	260.94	-1.5016	4.6001	277.34	-8.832	27.758	268.13	-68.069	55.314	182.13	-92.826	44.345	186.95	-123.62	13.353
300.62	-4.5519	-0.96054	261.96	-1.336	3.8266	278.31	-8.6313	27.144	269.07	-67.754	54.815	183.01	-92.432	43.862	187.84	-123.42	12.88
301.56	-4.4136	-1.7307	262.86	-1.1493	3.1461	279.2	-8.4007	26.36	269.91	-67.382	54.297	183.84	-92.016	43.385	188.56	-123.12	12.528
303.04	-3.8435	-1.6917	263.71	-0.93801	2.2413	280.07	-8.0852	25.635	270.68	-67.047	53.658	184.61	-91.579	42.896	189.41	-122.78	12.115
303.83	-3.634	-2.4717	264.48	-0.84742	1.5834	280.75	-7.8435	24.783	271.43	-66.622	53.057	185.31	-91.181	42.353	189.95	-122.55	11.603
303.86	-3.7317	-4.146	265.12	-0.50974	0.46798	281.46	-7.4815	23.967	272.09	-66.211	52.403	185.97	-90.76	41.84	190.62	-122.14	11.236
304.38	-3.5358	-5.0862	265.65	-0.2877	-0.29295	282.03	-7.1573	22.999	272.72	-65.772	51.694	186.57	-90.335	41.306	191.14	-121.86	10.768
304.84	-3.1981	-6.1319	266.09	0.020143	-1.2166	282.58	-6.7087	22.24	273.31	-65.3	50.99	187.11	-89.93	40.787	191.96	-121.99	10.492
305.27	-2.8867	-7.2099	266.39	0.48693	-2.0333	283.71	-5.6345	21.836	273.84	-64.813	50.196	187.61	-89.521	40.245	192.12	-121.23	9.9169
305.71	-2.528	-8.0971	266.68	0.91828	-2.2659	284.59	-4.5191	21.698	274.33	-64.443	49.387	188.03	-89.138	39.655	192.53	-120.92	9.4505
306.59	-1.5299	-7.7329	266.93	1.2962	-2.4647	284.79	-4.0523	21.681	274.78	-64.108	48.667	188.41	-88.791	39.095	192.84	-120.68	8.9003
306.91	-1.0268	-8.2374	267.14	1.788	-2.6442	285.01	-3.57	21.641	275.18	-63.826	48.014	188.76	-88.517	38.572	193.12	-120.43	8.3325
307.18	-0.58624	-8.6505	267.3	2.2917	-2.7796	285.26	-3.0944	21.618	275.49	-63.543	47.434	189.09	-88.271	38.135	193.55	-120.11	7.9425
307.44	-0.067596	-8.8594	267.48	2.5896	-2.9782	285.48	-2.6518	21.683	275.76	-63.269	46.904	189.37	-88.038	37.679	193.68	-119.86	7.4486
307.69	0.24996	-9.19	267.62	2.8903	-3.0373	285.64	-2.3078	21.67	275.94	-62.964	46.498	189.59	-87.796	37.253	193.97	-119.59	7.0934
307.9	0.48492	-9.5535	267.7	3.2661	-3.2478	285.81	-2.0102	21.639	276.04	-62.649	46.158	189.75	-87.493	36.893	194.01	-119.38	6.7005
308.09	0.67533	-9.7662	267.83	3.5866	-3.53	285.97	-1.8241	21.655	276.11	-62.316	46.011	189.81	-87.171	36.618	194.16	-119.06	6.5393
308.38	0.93355	-9.709	267.91	3.7986	-3.4127	286.09	-1.6878	21.629	276.08	-62.016	46.001	189.79	-86.814	36.385	194.08	-118.94	6.398
308.53	1.101	-9.6971	268.03	3.9049	-3.6249	286.21	-1.4896	21.604	276.02	-61.71	46.039	189.73	-86.493	36.253	194.2	-118.71	6.318
308.77	1.3136	-9.4989	268.12	4.0165	-3.6539	286.33	-1.3122	21.622	275.96	-61.448	46.147	189.68	-86.185	36.172	194.23	-118.52	6.3869
308.82	1.3745	-9.5061	268.18	4.1215	-3.6688	286.42	-1.1841	21.673	275.88	-61.208	46.299	189.62	-85.928	36.157	194.24	-118.34	6.4365
308.99	1.5682	-9.3284	268.24	4.2307	-3.7847	286.46	-1.0994	21.673	275.81	-60.977	46.449	189.58	-85.715	36.157	194.24	-118.24	6.5326
308.45	1.0771	-10.217	268.29	4.3724	-3.8157	286.5	-1.0236	21.68	275.77	-60.774	46.552	189.55	-85.54	36.195	194.22	-118.13	6.6715
308.87	1.506	-9.5922	268.33	4.4378	-3.8185	286.54	-0.94072	21.689	275.74	-60.587	46.671	189.5	-85.365	36.212	194.18	-118.01	6.8591
308.94	1.5355	-9.5697	268.37	4.5046	-3.8156	286.58	-0.86511	21.686	275.71	-60.41	46.798	189.46	-85.204	36.258	194.15	-117.87	7.062
309.57	2.0645	-8.796	268.4	4.56	-3.8296	286.63	-0.79321	21.686	275.66	-60.241	46.915	189.43	-85.023	36.317	194.16	-117.81	7.1775
309.89	2.2664	-8.4518	268.43	4.6039	-3.8233	286.69	-0.7292	21.684	275.64	-60.111	47.039	189.42	-84.856	36.395	194.19	-117.79	7.3447
309.97	2.2523	-8.4475	268.46	4.6805	-3.9031	286.75	-0.68131	21.682	275.6	-60.008	47.116	189.4	-84.693	36.44	194.18	-117.73	7.4548
310.21	2.3066	-8.294	268.49	4.6687	-3.8397	286.82	-0.65631	21.68	275.56	-59.912	47.203	189.39	-84.549	36.456	194.28	-117.63	7.6094
309.45	1.435	-9.5396	268.55	4.6426	-3.9844	286.91	-0.64609	21.651	275.51	-59.803	47.319	189.38	-84.43	36.458	194.33	-117.59	7.78
309.6	1.3248	-9.5656	268.6	4.5937	-4.0438	287.03	-0.69546	21.646	275.45	-59.702	47.412	189.35	-84.325	36.443	194.35	-117.57	7.8973
309.74	1.2091	-9.6093	268.69	4.505	-4.1504	287.15	-0.7653	21.646	275.4	-59.615	47.505	189.33	-84.22	36.434	194.37	-117.55	8.0008
310.77	1.8316	-8.3981	268.72	4.4403	-4.1004	287.25	-0.83005	21.659	275.34	-59.567	47.565	189.3	-84.113	36.407	194.38	-117.54	8.1014
311.01	1.7287	-8.3298	268.75	4.359	-4.1491	287.32	-0.85378	21.667	275.27	-59.522	47.642	189.28	-84.016	36.378	194.38	-117.57	8.1898
310.29	0.71411	-9.5946	268.76	4.3705	-4.3659	287.4	-0.88265	21.661	275.18	-59.495	47.72	189.25	-83.915	36.344	194.62	-118.05	8.4304
310.56	0.40551	-9.6362	268.77	4.29	-4.2123	287.48	-0.93767	21.681	275.08	-59.492	47.752	189.19	-83.828	36.306	194.33	-117.64	8.3425
311.05	-0.039846	-9.8389	268.85	4.1772	-4.4681	287.63	-1.0912	21.676	274.95	-59.39	47.765	189.11	-83.768	36.262	194.26	-117.78	8.3906
311.41	-0.45352	-10.356	268.83	3.954	-4.3715	287.75	-1.2654	21.701	274.78	-59.199	47.693	189	-83.733	36.201	194.14	-117.78	8.4985
311.89	-0.72898	-10.476	268.68	3.865	-4.5117	287.83	-1.4	21.693	274.68	-59.09	47.475	188.87	-83.667	36.11	194	-117.83	8.565
312.59	-1.155	-10.547	268.55	3.7134	-4.7586	287.89	-1.4313	21.685	274.54	-59.037	47.294	188.71	-83.576	35.993	193.79	-117.94	8.6142
313.49	-1.5632	-10.456	268.1	3.4622	-5.6653	287.93	-1.4111	21.697	274.37	-59.013	47.144	188.52	-83.525	35.906	193.63	-117.99	8.6779
314.56	-2.131	-10.227	267.43	3.3349	-6.4383	287.92	-1.3946	21.699	274.08	-59.008	46.886	188.31	-83.604	35.857	193.45	-118.12	8.6794
315.78	-2.8399	-10.069	266.78	3.3021	-6.744	287.91	-1.3611	21.704	273.78	-59.019	46.63	188.07	-83.699	35.75	193.26	-118.25	8.6889
316.29	-4.2353	-10.906	266.58	3.7694	-6.0886	287.9	-1.3194	21.714	273.63	-58.945	46.605	187.87	-83.69	35.69	193.05	-118.29	8.8105
318.13	-4.6566	-9.5665	265.31	3.4337	-6.7243	287.86	-1.2664	21.709	273.08	-59.208	46.193	187.4	-83.818	35.486	192.51	-118.59	8.5485
319.18	-5.5	-9.016	264.52	3.498	-6.409	287.94	-1.1523	21.771	272.67	-59.432	46.007	186.94	-83.992	35.424	192.11	-118.76	8.5771
320.04	-6.3497	-8.3692	263.76	3.6493	-6.3108	287.91	-1.0944	21.775	272.17	-59.684	45.915	186.47	-84.226	35.479	191.62	-119.01	8.4993
320.9	-7.2161	-7.4208	262.97	3.6466	-5.9863	287.86	-1.0435	21.741	271.56	-59.982	45.959	185.96	-84.448	35.461	191.19	-119.14	8.5774
321.58	-8.2875	-6.5992	262.11	3.6016	-5.6426	287.83	-0.99638	21.741	270.9	-60.312	46.058	185.41	-84.693	35.583	190.54	-119.43	8.6121
322.35	-9.3343	-5.3498	261.24	3.5168	-5.1935	287.82	-0.98753	21.74	270.12	-60.71	46.243	184.72	-84.958	35.735	189.88	-119.63	8.7596
322.88	-10.568	-4.2811	260.28	3.4703	-4.711	287.83	-0.9973	21.738	269.27	-61.171	46.456	183.9	-85.232	35.958	189.17	-119.86	8.9395
323.43	-11.776	-2.8415	259.22	3.3159	-3.9854	287.84	-1.0399	21.75	268.34	-61.686	46.815	182.99	-85.522	36.224	188.33	-120.17	9.2125
323.79	-12.995	-1.4276	258.07	3.1369	-3.0214	287.87	-1.0771	21.753	267.35	-62.262	47.242	182.02	-85.833	36.552	187.37	-120.44	9.4396
323.97	-14.231	0.087684	256.89	2.9783	-2.2685	287.9	-1.098	21.776	266.3	-62.903	47.785	181	-86.214	36.926	186.35	-120.77	9.7628
324.06	-15.539	1.6577	255.63	2.8041	-1.2876	287.92	-1.1305	21.769	265.14	-63.656	48.275	179.92	-86.669	37.411	185.3	-121.13	10.096
323.97	-16.849	3.2467	254.31	2.6192	-0.25347	287.94	-1.1449	21.772	263.93	-64.407	48.861	178.75	-87.166	37.909	184.14	-121.43	10.416
323.83	-18.209	4.9933	252.93	2.3531	1.0343	287.95	-1.1621	21.77	262.62	-65.248	49.377	177.49	-87.69	38.441	182.92	-121.79	10.901
323.6	-19.651	6.819	251.48	2.1024	2.2715	287.95	-1.1704	21.768	261.18	-66.12	50.012	176.15	-88.209	39.075	181.53	-122.2	11.168
323.22	-21.146	8.7623	250.05	1.7199	3.6021	287.97	-1.1735	21.774	259.64	-67.011	50.764	174.64	-88.766	39.689	180.13	-122.56	11.607
322.58	-22.71	10.565	248.58	1.3294	4.786	287.96	-1.1746	21.757	258	-67.891	51.672	173.07	-89.312	40.35	178.5	-122.98	12.048
321.76	-24.16	12.394	247.05	0.86372	6.1074	287.96	-1.1664	21.771	256.22	-68.805	52.473	171.36	-89.891	41.093	176.98	-123.38	12.597
320.63	-25.508	14.184	245.78	0.6838	8.0089	287.95	-1.1426	21.784	254.53	-69.437	53.684	169.56	-90.454	41.854	175.2	-123.79	13.118
319.34	-26.614	15.922	244.2	0.2297	9.52	287.93	-1.1216	21.772	252.54	-70.322	54.643	167.65	-91.032	42.636	173.42	-124.2	13.766
317.69	-27.618	17.481	242.51	-0.2415	10.913	287.92	-1.1006	21.778	250.45	-71.219	55.642	165.63	-91.617	43.443	171.61	-124.59	14.527
315.73	-28.541	18.851	240.78	-0.86038	12.442	287.89	-1.07	21.767	248.3	-72.08	56.63	163.5	-92.257	44.297	169.6	-125.04	15.135
313.64	-29.217	20.43	238.99	-1.4937	14.014	287.87	-1.0457	21.75	246.06	-72.968	57.731	161.28	-92.941	45.145	167.57	-125.55	15.754
311.27	-29.802	21.698	237.15	-2.1711	15.706	287.84	-1.0132	21.737	243.68	-73.844	58.753	158.98	-93.636	46.024	165.33	-126.04	16.489
308.64	-30.332	22.916	235.16	-2.8019	17.24	287.84	-1.0098	21.74	241.25	-74.686	59.864	156.59	-94.356	46.898	163.09	-126.54	16.995
305.92	-30.646	24.224	233.12	-3.4534	18.921	287.84	-1.0253	21.743	238.7	-75.529	60.958	154.11	-95.104	47.773	160.76	-127.03	17.761
302.98	-30.915	25.339	231.01	-3.9722	20.573	287.86	-1.0433	21.739	236.03	-76.289	61.927	151.52	-95.861	48.643	158.3	-127.46	18.366
299.86	-31.075	26.426	228.79	-4.6559	22.095	287.88	-1.0653	21.757	233.27	-77.038	62.93	148.82	-96.625	49.498	155.85	-128	19.08
296.64	-31.131	27.512	226.34	-5.2146	23.52	287.9	-1.0814	21.759	230.46	-77.709	63.907	146.04	-97.381	50.355	153.18	-128.5	19.67
293.21	-31.064	28.402	223.76	-5.757	24.859	287.9	-1.0906	21.772	227.5	-78.31	64.821	143.16	-98.107	51.233	150.53	-128.89	20.311
289.58	-30.973	29.189	221.06	-6.273	26.149	287.9	-1.1047	21.775	224.47	-78.84	65.614	140.2	-98.83	52.037	147.69	-129.3	21.08
285.83	-30.688	29.958	218.22	-6.7186	27.309	287.9	-1.1021	21.766	221.35	-79.373	66.442	137.15	-99.575	52.85	144.82	-129.77	21.541
281.97	-30.301	30.694	215.16	-6.9722	28.242	287.9	-1.0979	21.763	218.17	-79.82	67.167	134.01	-100.32	53.637	141.89	-130.23	22.088
277.77	-29.83	31.125	211.99	-7.3657	29.266	287.89	-1.0984	21.759	214.92	-80.162	67.806	130.8	-101.07	54.363	138.73	-130.64	22.639
273.43	-29.178	31.55	208.64	-7.5495	29.943	287.88	-1.082	21.758	211.57	-80.508	68.52	127.52	-101.81	55.042	135.7	-131	23.159
268.95	-28.358	31.937	205.12	-7.7923	30.79	287.86	-1.0576	21.746	208.12	-80.798	69.058	124.13	-102.55	55.703	132.45	-131.55	23.626
264.14	-27.511	32.029	201.5	-7.8054	31.297	287.85	-1.0369	21.738	204.59	-80.954	69.555	120.69	-103.29	56.281	129.26	-131.89	24.013
259.2	-26.499	32.149	197.72	-7.9311	31.857	287.83	-1.0112	21.743	200.97	-81.096	70.008	117.18	-104	56.818	125.8	-132.29	24.356
254.06	-25.33	32.216	193.77	-7.9593	32.275	287.83	-1.0036	21.738	197.29	-81.173	70.43	113.58	-104.74	57.348	122.39	-132.8	24.7
248.64	-24.139	32.069	189.73	-7.991	32.759	287.84	-1.0172	21.732	193.59	-81.235	70.845	109.93	-105.47	57.758	119.11	-133.36	25.068
242.99	-22.798	31.874	185.57	-7.8829	33.056	287.86	-1.0294	21.738	189.74	-81.155	71.169	106.23	-106.2	58.176	115.45	-133.54	25.295
242.99	-22.798	31.874	181.24	-7.7729	33.297	287.87	-1.0443	21.753	185.89	-81.095	71.478	102.5	-106.88	58.562	111.85	-133.95	25.596
242.99	-22.798	31.874	176.76	-7.5945	33.389	287.88	-1.0534	21.753	181.97	-80.943	71.621	98.717	-107.61	58.924	108.22	-134.35	25.792
218.98	-15.652	32.828	172.21	-7.4366	33.554	224.56	-18.203	30.766	178.04	-80.731	71.883	94.879	-108.36	59.316	104.52	-134.89	25.892
212.17	-14.153	32.191	167.51	-7.1552	33.544	217.91	-16.541	30.214	174.05	-80.501	72.069	91.564	-108.74	59.937	101.44	-135.01	26.598
287.88	-1.0672	21.759	162.78	-6.9806	33.507	NaN	NaN	NaN	170.05	-80.187	72.127	87.664	-109.47	60.154	97.86	-135.57	26.829
287.89	-1.059	21.755	157.93	-6.6801	33.325	NaN	NaN	NaN	165.92	-79.786	72.246	83.739	-110.15	60.343	94.058	-136	26.798
287.87	-1.058	21.745	153	-6.426	33.052	NaN	NaN	NaN	161.82	-79.355	72.207	79.317	-111.2	60.212	89.629	-136.7	26.405
287.87	-1.0455	21.751	147.98	-6.1209	32.676	NaN	NaN	NaN	157.45	-79.117	71.939	75.374	-111.86	60.294	85.831	-137.14	26.396
287.86	-1.0435	21.741	142.87	-5.8077	32.304	NaN	NaN	NaN	153.23	-78.56	71.808	71.401	-112.52	60.355	81.972	-137.53	26.455
287.85	-1.0319	21.732	137.65	-5.5132	31.858	NaN	NaN	NaN	148.96	-77.987	71.639	67.421	-113.15	60.385	78.142	-137.98	26.39
287.84	-1.0215	21.741	132.37	-5.1864	31.345	NaN	NaN	NaN	144.71	-77.335	71.402	63.407	-113.78	60.427	74.23	-138.39	26.383
287.84	-1.0276	21.742	127.03	-4.8744	30.682	NaN	NaN	NaN	140.37	-76.687	71.101	59.414	-114.38	60.477	70.39	-138.81	26.272
287.85	-1.0361	21.741	121.63	-4.587	30.155	NaN	NaN	NaN	136.04	-76.038	70.822	55.427	-114.97	60.327	66.558	-139.18	26.268
287.85	-1.0481	21.734	116.24	-4.3018	29.607	NaN	NaN	NaN	131.68	-75.393	70.436	51.485	-115.56	60.346	62.684	-139.59	26.088
287.85	-1.0495	21.732	110.86	-4.0376	28.873	NaN	NaN	NaN	127.35	-74.694	70.083	47.527	-116.13	60.167	58.946	-140.09	25.891
287.86	-1.0435	21.741	105.42	-3.7889	28.207	NaN	NaN	NaN	122.95	-74.12	69.655	43.571	-116.72	60.066	55.076	-140.55	25.777
287.85	-1.0456	21.736	99.876	-3.5269	27.551	NaN	NaN	NaN	118.64	-73.537	69.253	39.687	-117.26	59.891	51.278	-140.98	25.557
287.85	-1.035	21.741	94.159	-3.1906	26.803	NaN	NaN	NaN	114.27	-72.992	68.79	35.806	-117.84	59.681	47.554	-141.34	25.34
287.85	-1.0359	21.739	88.572	-2.9571	26.171	NaN	NaN	NaN	109.96	-72.508	68.321	31.946	-118.41	59.481	43.762	-141.73	25.041
287.84	-1.0178	21.745	83.17	-2.7458	25.554	NaN	NaN	NaN	105.65	-72.034	67.773	28.157	-118.98	59.244	40.125	-142.24	24.727
287.85	-1.0195	21.739	77.865	-2.5669	25.025	NaN	NaN	NaN	101.41	-71.572	67.237	24.403	-119.53	58.975	36.45	-142.61	24.415
287.84	-1.0251	21.732	72.657	-2.435	24.393	NaN	NaN	NaN	97.2	-71.208	66.655	20.663	-120.03	58.623	32.77	-142.97	24.086
287.85	-1.0338	21.742	67.558	-2.3376	23.868	NaN	NaN	NaN	93.092	-70.863	66.135	16.976	-120.55	58.318	29.239	-143.45	23.697
287.86	-1.0388	21.746	62.552	-2.2258	23.284	NaN	NaN	NaN	89.321	-70.287	65.943	13.321	-121.01	57.886	25.7	-143.77	23.177
287.86	-1.0429	21.742	57.668	-2.1841	22.717	NaN	NaN	NaN	85.327	-70.022	65.364	9.7472	-121.5	57.512	22.288	-144.15	22.762
287.87	-1.037	21.751	52.88	-2.0922	22.098	74.922	1.2584	10.428	81.386	-69.712	64.816	6.2482	-121.89	57.089	18.851	-144.45	22.298
287.87	-1.0345	21.755	48.249	-2.0108	21.535	72.315	2.2407	12.126	77.208	-69.663	63.796	2.7946	-122.29	56.641	15.602	-144.85	21.804
287.86	-1.0319	21.748	43.69	-2.0031	20.908	67.734	2.3614	11.414	73.42	-69.406	63.3	-0.612	-122.66	56.146	12.372	-145.18	21.432
287.85	-1.0327	21.745	39.26	-2.0083	20.212	63.253	2.4115	10.606	69.673	-69.081	62.703	-3.9567	-123	55.703	9.1668	-145.44	20.95
287.85	-1.0317	21.747	34.992	-2.0056	19.485	58.936	2.5671	9.9122	66.013	-68.842	62.198	-7.1636	-123.33	55.253	6.1301	-145.76	20.478
287.85	-1.0329	21.745	30.852	-1.9848	18.733	54.774	2.6497	9.1509	62.488	-68.496	61.667	-10.314	-123.65	54.805	3.1314	-146.08	20.041
287.85	-1.0333	21.744	26.838	-1.9599	18.006	50.693	2.7319	8.3751	58.986	-68.233	61.071	-13.358	-123.92	54.323	0.23128	-146.41	19.527
287.86	-1.0435	21.741	22.903	-2.0115	17.3	46.805	2.7984	7.6403	55.651	-67.937	60.614	-16.315	-124.2	53.817	-2.5348	-146.65	19.071
287.86	-1.0412	21.744	19.166	-2.0327	16.502	43.06	2.8947	6.9299	52.457	-67.65	60.124	-19.148	-124.45	53.314	-5.1624	-146.86	18.719
287.85	-1.0387	21.738	15.602	-2.087	15.812	39.504	2.9523	6.2201	49.333	-67.398	59.559	-21.924	-124.69	52.813	-7.8511	-147.11	18.17
287.85	-1.0437	21.74	12.17	-2.0676	15.142	36.04	2.9382	5.4168	46.346	-67.198	58.995	-24.583	-124.91	52.303	-10.34	-147.39	17.696
287.84	-1.0412	21.746	8.9684	-2.1285	14.356	32.784	2.9798	4.79	43.471	-66.992	58.468	-27.133	-125.12	51.793	-12.684	-147.54	17.21
287.84	-1.0297	21.738	5.8287	-2.168	13.689	29.704	3.0314	4.0788	40.753	-66.797	57.92	-29.589	-125.29	51.31	-15.06	-147.71	16.722
287.84	-1.0297	21.738	2.8971	-2.1898	12.973	26.748	3.021	3.3335	38.097	-66.633	57.37	-31.958	-125.43	50.759	-17.372	-147.93	16.187
287.84	-1.0282	21.741	0.16296	-2.1743	12.329	23.931	3.0297	2.6471	35.628	-66.438	56.852	-34.248	-125.56	50.174	-19.447	-148.01	15.714
287.84	-1.0277	21.742	-2.4933	-2.191	11.638	21.356	3.0792	2.0211	33.214	-66.314	56.253	-36.411	-125.67	49.627	-21.494	-148.15	15.049
287.84	-1.0274	21.729	-5.0192	-2.2283	10.951	18.765	3.0613	1.256	30.945	-66.137	55.708	-38.653	-125.53	49.37	-23.433	-148.21	14.566
287.85	-1.0339	21.742	-7.3313	-2.1699	10.202	16.441	3.1235	0.59033	28.745	-65.953	55.175	-40.649	-125.6	48.743	-25.17	-148.3	13.989
287.86	-1.0267	21.74	-9.5908	-2.1774	9.5315	14.181	3.1649	-0.048533	26.637	-65.755	54.629	-42.484	-125.68	48.177	-26.9	-148.44	13.466
287.85	-1.0317	21.747	-11.813	-2.1426	8.8027	12.069	3.2133	-0.70602	24.643	-65.526	54.142	-44.21	-125.71	47.633	-28.522	-148.55	12.925
287.85	-1.0222	21.738	-13.794	-2.1465	8.057	10.043	3.285	-1.4062	22.741	-65.318	53.632	-45.877	-125.75	47.002	-29.99	-148.61	12.347
287.85	-1.0318	21.747	-15.688	-2.0579	7.2834	8.158	3.3193	-2.0674	20.926	-65.117	53.161	-47.491	-125.71	46.397	-31.412	-148.66	11.757
287.85	-1.0234	21.749	-17.502	-2.0288	6.5524	6.3918	3.4125	-2.7172	19.146	-64.847	52.686	-49.005	-125.7	45.781	-32.694	-148.66	11.277
287.85	-1.0317	21.734	-19.174	-2.006	5.768	4.7225	3.4711	-3.42	17.498	-64.604	52.235	-50.402	-125.69	45.138	-33.998	-148.74	10.703
287.85	-1.0318	21.747	-20.734	-1.9796	5.0931	3.1574	3.5012	-4.1573	15.903	-64.363	51.767	-51.777	-125.6	44.546	-35.097	-148.71	10.233
287.86	-1.0389	21.747	-22.204	-1.9323	4.2647	1.8037	3.5988	-4.7161	14.402	-64.121	51.333	-53.104	-125.54	43.822	-36.203	-148.71	9.6404
287.86	-1.0319	21.748	-23.586	-1.9209	3.4485	0.45104	3.6173	-5.4674	12.945	-63.846	50.884	-54.287	-125.46	43.194	-37.217	-148.66	9.0056
287.86	-1.0399	21.744	-24.796	-1.8144	2.571	-0.66771	3.7512	-6.0474	11.568	-63.624	50.401	-55.473	-125.33	42.484	-38.11	-148.68	8.4282
287.86	-1.0389	21.747	-25.957	-1.7227	1.7608	-1.887	3.7889	-6.8134	10.231	-63.399	49.878	-56.608	-125.22	41.726	-38.999	-148.63	7.8125
287.85	-1.034	21.743	-27.127	-1.6646	0.84018	-2.8936	3.8895	-7.5301	9.0149	-63.137	49.38	-57.622	-125.08	41.018	-39.879	-148.58	7.2118
287.85	-1.0363	21.742	-28.15	-1.6443	0.04544	-3.9036	3.9748	-8.3173	7.8355	-62.886	48.833	-58.593	-124.96	40.219	-40.674	-148.62	6.5301
287.85	-1.0364	21.741	-29.059	-1.557	-0.9238	-4.8494	4.0108	-9.1349	6.7311	-62.648	48.274	-59.515	-124.85	39.422	-41.35	-148.5	5.8727
287.85	-1.0359	21.739	-29.919	-1.4647	-1.925	-5.603	3.9891	-10.025	5.664	-62.384	47.723	-60.182	-124.87	38.4	-41.994	-148.49	5.2517
287.85	-1.0371	21.74	-30.666	-1.4528	-3.028	-6.3038	4.0268	-10.904	4.6624	-62.127	47.191	-61.017	-124.71	37.65	-42.633	-148.37	4.688
287.84	-1.031	21.736	-31.339	-1.5293	-3.9662	-6.8049	3.9793	-11.738	3.7113	-61.882	46.681	-61.822	-124.52	36.852	-43.134	-148.35	3.9867
287.83	-1.0359	21.744	-31.84	-1.4757	-5.1734	-7.1579	3.9516	-12.509	2.7974	-61.622	46.191	-62.59	-124.3	36.128	-43.631	-148.25	3.5009
287.84	-1.0317	21.735	-32.274	-1.4795	-6.2985	-7.5134	3.8596	-13.389	2.0049	-61.368	45.797	-63.317	-124.11	35.355	-44.067	-148.22	3.0033
287.84	-1.0294	21.739	-32.666	-1.5496	-7.3905	-7.7587	3.7863	-14.201	1.2395	-61.157	45.353	-63.951	-123.89	34.67	-44.413	-148.16	2.447
287.84	-1.0217	21.741	-33.195	-1.8385	-8.8646	-7.9578	3.6697	-14.963	0.56547	-60.991	44.921	-64.57	-123.68	33.98	-44.777	-148.04	2.0571
287.84	-1.0287	21.738	-33.421	-1.8692	-9.8828	-8.0464	3.6432	-15.712	-0.06456	-60.769	44.546	-65.092	-123.48	33.348	-45.077	-148.02	1.6606
287.83	-1.0227	21.739	-33.452	-1.9075	-10.631	-8.0924	3.5501	-16.384	-0.60849	-60.591	44.19	-65.622	-123.27	32.728	-45.253	-147.92	1.2166
287.84	-1.0317	21.734	-33.524	-1.965	-11.421	-8.0398	3.3937	-17.008	-1.0873	-60.416	43.895	-66.049	-123.09	32.164	-45.438	-147.87	0.91256
287.83	-1.0222	21.74	-33.461	-2.0207	-12.264	-7.9275	3.3294	-17.621	-1.5531	-60.224	43.643	-66.44	-122.86	31.624	-45.624	-147.86	0.60744
287.84	-1.0308	21.737	-33.437	-2.0398	-12.964	-7.8565	3.2071	-18.148	-1.9648	-60.058	43.383	-66.805	-122.7	31.15	-45.736	-147.78	0.32769
287.84	-1.0274	21.742	-33.436	-1.9773	-13.207	-7.807	3.2046	-18.491	-2.3633	-59.868	43.208	-67.103	-122.49	30.695	-45.884	-147.59	0.093176
287.85	-1.0351	21.726	-33.434	-1.7719	-13.188	-7.8215	3.2962	-18.593	-2.6517	-59.707	43.083	-67.391	-122.3	30.34	-45.857	-147.61	-0.048888
287.84	-1.0291	21.739	-33.406	-1.66	-13.213	-7.7823	3.3854	-18.605	-2.8419	-59.648	43.054	-67.612	-122.18	30.072	-45.904	-147.53	-0.12772
287.85	-1.0326	21.732	-33.365	-1.5597	-13.321	-7.7143	3.4174	-18.579	-3.0312	-59.599	43.196	-67.807	-122.05	29.863	-45.948	-147.46	-0.15933
287.85	-1.034	21.743	-33.344	-1.5149	-13.302	-7.6583	3.3997	-18.587	-3.215	-59.518	43.271	-67.942	-121.97	29.777	-46.015	-147.4	-0.17466
287.85	-1.0314	21.734	-33.342	-1.424	-13.451	-7.5899	3.4163	-18.515	-3.4056	-59.449	43.408	-68.068	-121.88	29.761	-46.082	-147.37	-0.11643
287.86	-1.0384	21.733	-33.326	-1.3819	-13.45	-7.5662	3.4532	-18.437	-3.5346	-59.357	43.565	-68.165	-121.77	29.742	-46.143	-147.32	-0.047068
287.86	-1.0412	21.742	-33.308	-1.3381	-13.485	-7.5287	3.4744	-18.347	-3.6596	-59.234	43.684	-68.256	-121.65	29.708	-46.183	-147.26	0.031917
287.86	-1.0287	21.737	-33.342	-1.2914	-13.503	-7.5336	3.5465	-18.354	-3.827	-59.069	43.749	-68.359	-121.53	29.685	-46.209	-147.21	0.077942
287.85	-1.034	21.743	-33.354	-1.2247	-13.517	-7.5854	3.6533	-18.446	-3.9468	-58.924	43.735	-68.439	-121.43	29.636	-46.273	-147.06	0.10442
287.86	-1.0289	21.736	-33.386	-1.1636	-13.538	-7.6008	3.7249	-18.507	-4.0163	-58.794	43.708	-68.487	-121.33	29.557	-46.245	-147.05	0.12783
287.85	-1.0173	21.743	-33.425	-1.1065	-13.579	-7.6379	3.782	-18.557	-4.0765	-58.666	43.654	-68.545	-121.23	29.476	-46.244	-147.02	0.11608
287.85	-1.0202	21.737	-33.473	-1.0567	-13.61	-7.66	3.8792	-18.525	-4.1304	-58.525	43.571	-68.592	-121.15	29.4	-46.229	-147	0.11314
287.85	-1.0192	21.739	-33.507	-0.99056	-13.626	-7.6954	3.9626	-18.512	-4.1901	-58.394	43.48	-68.63	-121.07	29.313	-46.203	-146.98	0.07844
287.85	-1.0214	21.736	-33.521	-0.92404	-13.655	-7.723	4.0333	-18.518	-4.251	-58.309	43.378	-68.655	-121.03	29.221	-46.178	-146.97	0.049151
287.84	-1.0139	21.736	-33.553	-0.87581	-13.647	-7.7587	4.0828	-18.526	-4.2878	-58.234	43.353	-68.667	-120.99	29.158	-46.147	-146.97	0.015711
287.84	-1.0149	21.734	-33.583	-0.83794	-13.672	-7.7686	4.1172	-18.51	-4.3103	-58.185	43.324	-68.676	-120.97	29.1	-46.104	-146.97	-0.0036715
287.84	-1.0049	21.737	-33.6	-0.8221	-13.673	-7.7969	4.1417	-18.511	-4.3315	-58.152	43.3	-68.661	-120.96	29.014	-46.067	-147	-0.028506
287.84	-1.0134	21.737	-33.627	-0.8237	-13.676	-7.8176	4.167	-18.497	-4.3537	-58.119	43.275	-68.641	-120.96	28.966	-46.013	-147.04	-0.050883
287.84	-1.0053	21.738	-33.64	-0.83124	-13.687	-7.8342	4.1722	-18.486	-4.3787	-58.105	43.24	-68.633	-120.97	28.922	-45.966	-147.08	-0.044002
287.85	-1.0108	21.742	-33.665	-0.84682	-13.696	-7.8525	4.1976	-18.466	-4.3846	-58.088	43.216	-68.605	-120.99	28.883	-45.931	-147.09	-0.051324
287.84	-1.0123	21.739	-33.677	-0.85695	-13.693	-7.8669	4.2027	-18.458	-4.3724	-58.073	43.173	-68.581	-121.01	28.864	-45.891	-147.12	-0.073224
287.85	-1.0198	21.737	-33.685	-0.88915	-13.701	-7.8775	4.2072	-18.461	-4.37	-58.067	43.121	-68.548	-121.05	28.836	-45.874	-147.14	-0.099726
287.85	-1.0227	21.733	-33.68	-0.9147	-13.712	-7.8873	4.2038	-18.455	-4.3525	-58.08	43.066	-68.527	-121.06	28.835	-45.847	-147.17	-0.10181
287.85	-1.024	21.732	-33.659	-0.94487	-13.702	-7.8756	4.1942	-18.452	-4.3135	-58.104	43.016	-68.491	-121.09	28.821	-45.892	-147.2	-0.17663
287.84	-1.0262	21.73	-33.646	-0.96545	-13.692	-7.8757	4.1779	-18.462	-4.2754	-58.13	42.952	-68.481	-121.1	28.805	-45.875	-147.23	-0.21302
287.85	-1.0307	21.733	-33.631	-0.98509	-13.693	-7.8739	4.1662	-18.467	-4.2192	-58.145	42.915	-68.453	-121.13	28.808	-45.819	-147.22	-0.21644
287.86	-1.0408	21.729	-33.631	-0.99975	-13.687	-7.8693	4.1576	-18.469	-4.1697	-58.186	42.835	-68.42	-121.15	28.796	-45.826	-147.24	-0.24468
287.85	-1.0433	21.739	-33.597	-1.0077	-13.659	-7.8653	4.1452	-18.473	-4.1008	-58.201	42.795	-68.395	-121.16	28.79	-45.82	-147.23	-0.2565
287.85	-1.0468	21.736	-33.585	-1.0637	-13.558	-7.8528	4.1392	-18.469	-4.029	-58.217	42.767	-68.36	-121.16	28.788	-45.822	-147.24	-0.30498
