140.88	-1.8655	20.213	-35.135	1.6725	-13.816	-9.1301	8.276	-18.428	-5.8701	-57.045	40.557	-74.228	-117.91	26.889	-56.832	-145.66	-1.9231
140.88	-1.8655	20.213	-35.135	1.6725	-13.816	-9.1301	8.276	-18.428	-5.8701	-57.045	40.557	-74.228	-117.91	26.889	-56.832	-145.66	-1.9231
140.88	-1.8637	20.216	-35.134	1.6608	-13.822	-9.127	8.2775	-18.412	-5.8849	-57.065	40.537	-74.225	-117.91	26.893	-56.853	-145.66	-1.9451
140.88	-1.8667	20.224	-35.134	1.6607	-13.82	-9.1016	8.2223	-18.332	-5.8641	-57.052	40.542	-74.227	-117.91	26.89	-56.845	-145.65	-1.9402
140.88	-1.8704	20.22	-35.131	1.663	-13.819	-9.1062	8.2083	-18.355	-5.8616	-57.052	40.544	-74.227	-117.91	26.89	-56.859	-145.63	-1.9386
140.89	-1.8763	20.207	-35.139	1.6567	-13.826	-9.1324	8.2759	-18.426	-5.8676	-57.044	40.559	-74.232	-117.91	26.874	-56.862	-145.63	-1.9395
140.88	-1.8655	20.212	-35.139	1.6567	-13.826	-9.1223	8.2686	-18.414	-5.889	-57.054	40.526	-74.236	-117.91	26.885	-56.866	-145.64	-1.9309
140.88	-1.8653	20.212	-35.131	1.663	-13.819	-9.1277	8.2791	-18.425	-5.8714	-57.044	40.542	-74.236	-117.9	26.89	-56.861	-145.63	-1.9379
140.89	-1.8755	20.208	-35.129	1.664	-13.818	-9.091	8.2181	-18.34	-5.874	-57.047	40.554	-74.24	-117.9	26.876	-56.859	-145.65	-1.9302
140.89	-1.8695	20.203	-35.123	1.6688	-13.824	-9.0897	8.218	-18.341	-5.8687	-57.056	40.55	-74.24	-117.88	26.883	-56.865	-145.62	-1.9241
140.89	-1.8619	20.204	-35.123	1.6666	-13.812	-9.1196	8.2695	-18.427	-5.8768	-57.048	40.539	-74.241	-117.9	26.888	-56.861	-145.63	-1.9247
140.88	-1.8759	20.208	-35.136	1.6612	-13.837	-9.1226	8.2701	-18.428	-5.8759	-57.048	40.551	-74.24	-117.9	26.886	-56.875	-145.63	-1.928
140.89	-1.8701	20.217	-35.127	1.6558	-13.836	-9.0883	8.2181	-18.342	-5.8595	-57.052	40.556	-74.237	-117.9	26.878	-56.882	-145.62	-1.9271
140.89	-1.8621	20.219	-35.123	1.6567	-13.82	-9.1151	8.2733	-18.421	-5.8711	-57.056	40.537	-74.237	-117.9	26.889	-56.865	-145.63	-1.939
140.89	-1.86	20.219	-35.13	1.6538	-13.837	-9.089	8.2055	-18.35	-5.8612	-57.052	40.542	-74.238	-117.9	26.89	-56.873	-145.63	-1.9404
140.89	-1.861	20.205	-35.127	1.6671	-13.815	-9.1099	8.2643	-18.424	-5.8661	-57.053	40.539	-74.232	-117.89	26.882	-56.875	-145.61	-1.9357
140.88	-1.8641	20.214	-35.119	1.6571	-13.815	-9.1094	8.2644	-18.424	-5.8582	-57.048	40.549	-74.235	-117.9	26.879	-56.885	-145.62	-1.9334
140.88	-1.869	20.208	-35.123	1.6693	-13.812	-9.1272	8.2805	-18.439	-5.857	-57.047	40.533	-74.233	-117.89	26.881	-56.872	-145.62	-1.9388
140.88	-1.8629	20.202	-35.13	1.6639	-13.817	-9.1104	8.2643	-18.424	-5.8528	-57.044	40.537	-74.232	-117.89	26.882	-56.881	-145.62	-1.9409
140.88	-1.8655	20.212	-35.121	1.6701	-13.809	-9.1226	8.2701	-18.428	-5.8648	-57.053	40.543	-74.236	-117.9	26.893	-56.891	-145.61	-1.9431
140.89	-1.8741	20.209	-35.127	1.6683	-13.827	-9.1222	8.27	-18.428	-5.8775	-57.059	40.517	-74.238	-117.9	26.879	-56.884	-145.61	-1.9382
140.88	-1.8679	20.209	-35.137	1.6729	-13.83	-9.1222	8.27	-18.428	-5.8672	-57.055	40.538	-74.246	-117.9	26.885	-56.889	-145.61	-1.9396
140.88	-1.8688	20.208	-35.132	1.6643	-13.832	-9.117	8.2611	-18.431	-5.8789	-57.048	40.536	-74.251	-117.89	26.886	-56.887	-145.61	-1.9223
140.88	-1.8664	20.21	-35.122	1.6715	-13.824	-9.1276	8.2664	-18.433	-5.8907	-57.055	40.527	-74.252	-117.89	26.886	-56.895	-145.61	-1.943
140.89	-1.8756	20.208	-35.134	1.6757	-13.828	-9.1224	8.2665	-18.429	-5.8841	-57.063	40.525	-74.26	-117.88	26.888	-56.909	-145.58	-1.9367
140.88	-1.8681	20.209	-35.132	1.6643	-13.832	-9.1145	8.2613	-18.425	-5.9013	-57.074	40.511	-74.26	-117.89	26.886	-56.918	-145.57	-1.9376
140.89	-1.8735	20.211	-35.13	1.6639	-13.817	-9.1196	8.2703	-18.422	-5.9019	-57.063	40.529	-74.272	-117.89	26.88	-56.906	-145.6	-1.9312
140.88	-1.8781	20.206	-35.131	1.663	-13.819	-9.1004	8.2119	-18.35	-5.9085	-57.068	40.526	-74.273	-117.89	26.89	-57.004	-145.42	-2.0281
140.88	-1.8664	20.211	-35.135	1.6607	-13.822	-9.1263	8.267	-18.43	-5.9129	-57.07	40.52	-74.278	-117.89	26.874	-56.944	-145.56	-1.9323
140.88	-1.8685	20.21	-35.129	1.664	-13.818	-9.1177	8.2562	-18.418	-5.9078	-57.066	40.539	-74.28	-117.9	26.885	-56.94	-145.57	-1.9379
140.89	-1.8754	20.208	-35.138	1.6604	-13.825	-9.1187	8.2561	-18.418	-5.9112	-57.07	40.534	-74.285	-117.88	26.876	-56.946	-145.58	-1.9394
140.89	-1.875	20.208	-35.134	1.6608	-13.822	-9.0987	8.1994	-18.359	-5.9136	-57.071	40.535	-74.282	-117.88	26.89	-56.942	-145.57	-1.9222
140.88	-1.8765	20.208	-35.134	1.6482	-13.828	-9.1217	8.2567	-18.419	-5.9178	-57.075	40.53	-74.288	-117.89	26.885	-57.012	-145.43	-2.0272
140.89	-1.8742	20.209	-35.127	1.6535	-13.822	-9.1185	8.2577	-18.431	-5.9174	-57.074	40.532	-74.3	-117.88	26.883	-56.956	-145.57	-1.929
140.88	-1.8788	20.203	-35.132	1.6643	-13.833	-9.1149	8.2614	-18.425	-5.9307	-57.069	40.527	-74.295	-117.88	26.889	-56.953	-145.58	-1.9312
140.88	-1.8688	20.208	-35.128	1.6649	-13.817	-9.1143	8.2487	-18.434	-5.9166	-57.074	40.531	-74.298	-117.88	26.884	-56.948	-145.58	-1.9277
140.89	-1.8739	20.209	-35.125	1.6569	-13.833	-9.0921	8.2026	-18.352	-5.9254	-57.078	40.524	-74.301	-117.88	26.881	-56.955	-145.57	-1.9373
140.88	-1.8655	20.212	-35.135	1.6607	-13.822	-9.0982	8.2114	-18.348	-5.9294	-57.07	40.54	-74.295	-117.88	26.888	-56.952	-145.57	-1.9358
140.88	-1.8776	20.205	-35.134	1.6482	-13.828	-9.1128	8.2598	-18.413	-5.9242	-57.078	40.525	-74.298	-117.88	26.898	-56.944	-145.57	-1.9351
140.89	-1.8739	20.209	-35.133	1.662	-13.82	-9.1212	8.2568	-18.419	-5.9203	-57.075	40.54	-74.3	-117.88	26.884	-56.959	-145.57	-1.9306
140.89	-1.8646	20.215	-35.131	1.663	-13.819	-9.1203	8.2567	-18.42	-5.9294	-57.07	40.54	-74.308	-117.88	26.882	-56.951	-145.57	-1.9198
140.89	-1.8733	20.21	-35.128	1.6548	-13.836	-9.1188	8.2702	-18.423	-5.9307	-57.069	40.527	-74.303	-117.87	26.886	-56.95	-145.56	-1.9184
140.88	-1.8674	20.21	-35.14	1.6608	-13.84	-9.1008	8.2119	-18.35	-5.9347	-57.074	40.535	-74.308	-117.87	26.882	-56.958	-145.57	-1.9249
140.88	-1.8654	20.213	-35.148	1.6531	-13.833	-9.1203	8.2567	-18.42	-5.9369	-57.074	40.533	-74.313	-117.88	26.88	-56.96	-145.57	-1.9297
140.88	-1.8756	20.208	-35.136	1.6612	-13.837	-9.0954	8.2156	-18.345	-5.9365	-57.073	40.535	-74.311	-117.87	26.883	-56.959	-145.57	-1.9161
140.88	-1.8671	20.21	-35.141	1.6558	-13.827	-9.0994	8.212	-18.351	-5.9409	-57.066	40.549	-74.313	-117.88	26.88	-56.974	-145.57	-1.9198
140.89	-1.8747	20.208	-35.143	1.6563	-13.829	-9.0968	8.2115	-18.349	-5.9406	-57.065	40.55	-74.313	-117.88	26.892	-56.96	-145.57	-1.927
140.88	-1.8765	20.208	-35.136	1.6495	-13.843	-9.1054	8.2068	-18.342	-5.9494	-57.072	40.543	-74.321	-117.87	26.881	-56.97	-145.58	-1.9255
140.87	-1.8722	20.205	-35.143	1.6562	-13.829	-9.1066	8.2073	-18.344	-5.9456	-57.079	40.541	-74.319	-117.88	26.876	-56.961	-145.56	-1.9227
140.88	-1.8689	20.221	-35.146	1.6541	-13.832	-9.1085	8.2054	-18.358	-5.9547	-57.074	40.54	-74.314	-117.88	26.882	-56.969	-145.56	-1.9156
140.89	-1.8733	20.211	-35.142	1.6446	-13.835	-9.1053	8.2082	-18.356	-5.9403	-57.077	40.545	-74.321	-117.88	26.875	-56.967	-145.57	-1.9324
140.88	-1.8782	20.218	-35.15	1.6518	-13.834	-9.1018	8.2085	-18.35	-5.9577	-57.076	40.537	-74.325	-117.87	26.891	-56.974	-145.58	-1.9156
140.89	-1.8757	20.208	-35.153	1.6492	-13.839	-9.1072	8.2082	-18.354	-5.9482	-57.072	40.544	-74.32	-117.88	26.89	-56.973	-145.58	-1.9263
140.88	-1.8791	20.205	-35.148	1.6531	-13.833	-9.1	8.2104	-18.337	-5.9452	-57.069	40.547	-74.323	-117.88	26.887	-56.961	-145.57	-1.9146
140.88	-1.8791	20.218	-35.146	1.6554	-13.832	-9.1	8.2104	-18.337	-5.9482	-57.072	40.544	-74.319	-117.88	26.876	-56.967	-145.58	-1.9223
140.88	-1.8711	20.207	-35.148	1.6544	-13.847	-9.1091	8.2039	-18.344	-5.9515	-57.072	40.541	-74.322	-117.88	26.874	-56.964	-145.59	-1.9245
140.88	-1.8659	20.214	-35.145	1.6552	-13.83	-9.1054	8.2068	-18.342	-5.9511	-57.073	40.554	-74.318	-117.88	26.878	-56.963	-145.58	-1.9185
140.89	-1.8635	20.217	-35.151	1.6509	-13.836	-9.0929	8.2136	-18.33	-5.9577	-57.076	40.537	-74.314	-117.88	26.891	-56.959	-145.57	-1.9263
140.88	-1.8664	20.211	-35.153	1.65	-13.837	-9.1345	8.2589	-18.424	-5.9531	-57.074	40.554	-74.322	-117.88	26.885	-56.952	-145.58	-1.915
140.88	-1.8712	20.206	-35.144	1.6553	-13.83	-9.1086	8.2038	-18.344	-5.9519	-57.073	40.555	-74.321	-117.88	26.888	-56.957	-145.58	-1.919
140.88	-1.8731	20.218	-35.147	1.654	-13.832	-9.1053	8.2082	-18.356	-5.958	-57.064	40.544	-74.326	-117.88	26.884	-56.957	-145.59	-1.9218
140.88	-1.866	20.214	-35.152	1.651	-13.837	-9.1058	8.2083	-18.355	-5.9511	-57.073	40.554	-74.319	-117.88	26.877	-56.962	-145.58	-1.9174
140.88	-1.8679	20.21	-35.148	1.6541	-13.833	-9.1081	8.2038	-18.345	-5.9481	-57.069	40.546	-74.319	-117.88	26.888	-56.964	-145.58	-1.9192
140.88	-1.869	20.208	-35.15	1.6535	-13.848	-9.1059	8.2068	-18.342	-5.9576	-57.065	40.557	-74.322	-117.88	26.876	-56.957	-145.57	-1.9257
140.89	-1.8623	20.219	-35.148	1.6531	-13.833	-9.1	8.2104	-18.337	-5.9529	-57.06	40.56	-74.328	-117.87	26.888	-56.961	-145.58	-1.9161
140.88	-1.868	20.223	-35.148	1.6531	-13.833	-9.105	8.2067	-18.342	-5.9522	-57.06	40.562	-74.321	-117.88	26.887	-56.956	-145.57	-1.9125
140.89	-1.873	20.211	-35.149	1.6532	-13.834	-9.1	8.2104	-18.337	-5.9624	-57.052	40.561	-74.323	-117.87	26.894	-56.959	-145.57	-1.915
140.89	-1.8635	20.217	-35.145	1.6576	-13.844	-9.105	8.2067	-18.342	-5.9631	-57.067	40.551	-74.329	-117.87	26.887	-56.956	-145.58	-1.9042
140.88	-1.8688	20.209	-35.149	1.6671	-13.841	-9.126	8.2655	-18.417	-5.9597	-57.064	40.555	-74.326	-117.87	26.891	-56.962	-145.59	-1.923
140.88	-1.8765	20.206	-35.145	1.6552	-13.83	-9.1038	8.2193	-18.335	-5.9589	-57.064	40.555	-74.325	-117.87	26.891	-56.962	-145.59	-1.9097
140.88	-1.8655	20.212	-35.147	1.6667	-13.825	-9.1044	8.2083	-18.356	-5.9576	-57.065	40.557	-74.322	-117.87	26.883	-56.95	-145.58	-1.9001
140.88	-1.8777	20.204	-35.145	1.668	-13.824	-9.1089	8.2053	-18.358	-5.9556	-57.064	40.557	-74.32	-117.87	26.883	-56.956	-145.57	-1.8972
140.88	-1.8664	20.211	-35.141	1.6585	-13.827	-9.1059	8.2068	-18.342	-5.9541	-57.061	40.559	-74.32	-117.88	26.89	-56.961	-145.57	-1.9149
140.88	-1.8677	20.209	-35.148	1.6531	-13.833	-9.1058	8.2083	-18.355	-5.9447	-57.07	40.56	-74.317	-117.88	26.902	-56.962	-145.58	-1.9158
140.88	-1.8685	20.208	-35.147	1.654	-13.832	-9.1106	8.2157	-18.339	-5.9441	-57.08	40.542	-74.312	-117.89	26.901	-56.956	-145.58	-1.9185
140.88	-1.8653	20.212	-35.161	1.6437	-13.844	-9.1129	8.2127	-18.342	-5.9351	-57.09	40.542	-74.309	-117.89	26.892	-56.957	-145.59	-1.9216
140.88	-1.8685	20.208	-35.153	1.6337	-13.831	-9.1084	8.2164	-18.336	-5.9259	-57.123	40.515	-74.292	-117.91	26.901	-56.958	-145.6	-1.9156
140.89	-1.8754	20.208	-35.148	1.6203	-13.821	-9.1037	8.2075	-18.339	-5.8971	-57.15	40.531	-74.273	-117.92	26.912	-56.943	-145.61	-1.9354
140.88	-1.8709	20.218	-35.157	1.599	-13.821	-9.105	8.2067	-18.342	-5.8831	-57.195	40.502	-74.242	-117.94	26.915	-56.943	-145.64	-1.9122
140.88	-1.8689	20.221	-35.165	1.5756	-13.81	-9.1306	8.2494	-18.43	-5.86	-57.262	40.477	-74.225	-117.96	26.93	-56.948	-145.66	-1.9201
140.88	-1.8713	20.218	-35.157	1.495	-13.665	-9.1378	8.2469	-18.433	-5.8141	-57.337	40.434	-74.186	-118	26.958	-56.931	-145.68	-1.9338
140.88	-1.8805	20.214	-35.157	1.4457	-13.644	-9.0403	8.1804	-18.333	-5.7509	-57.437	40.431	-74.134	-118.06	26.974	-56.929	-145.7	-1.9595
140.88	-1.8712	20.206	-35.112	1.3673	-13.486	-8.9886	8.152	-18.309	-5.6926	-57.585	40.428	-74.067	-118.12	27.022	-56.939	-145.73	-1.9613
140.88	-1.8784	20.218	-35.055	1.3107	-13.357	-8.9297	8.1617	-18.142	-5.6127	-57.724	40.47	-74.007	-118.21	27.082	-56.955	-145.76	-1.9703
140.88	-1.8713	20.218	-34.98	1.2572	-13.121	-8.815	8.1378	-17.949	-5.492	-57.925	40.545	-73.956	-118.3	27.139	-56.959	-145.86	-1.9793
140.88	-1.8791	20.216	-34.885	1.1974	-12.615	-8.6581	8.1226	-17.66	-5.3364	-58.28	40.599	-73.921	-118.41	27.199	-57.027	-145.9	-1.9754
140.88	-1.8794	20.22	-34.743	1.1516	-12.05	-8.3996	8.103	-17.149	-5.1778	-58.632	40.737	-73.912	-118.54	27.244	-57.081	-145.95	-1.996
140.89	-1.8771	20.222	-34.501	1.0398	-11.294	-7.9737	8.0586	-16.41	-4.9498	-59.163	40.955	-73.899	-118.7	27.362	-57.149	-146.02	-2.0613
140.88	-1.8815	20.215	-34.16	0.79139	-10.25	-7.4789	8.0367	-15.46	-4.7193	-59.83	41.304	-73.891	-118.86	27.458	-57.262	-146.05	-2.1298
140.88	-1.8813	20.215	-33.73	0.70474	-9.3852	-6.8467	8.0176	-14.291	-4.455	-60.615	41.757	-73.868	-119.05	27.567	-57.358	-146.12	-2.1904
140.88	-1.8795	20.219	-32.85	0.57965	-7.6543	-6.1209	7.8764	-12.967	-4.1508	-61.486	42.235	-73.769	-119.32	27.673	-57.299	-146.41	-2.2159
140.88	-1.8797	20.219	-32.101	0.42315	-6.0763	-5.2244	7.6794	-11.536	-3.7549	-62.446	42.756	-73.644	-119.63	27.778	-57.28	-146.56	-2.2524
140.89	-1.8788	20.221	-31.328	0.16273	-4.4888	-4.243	7.3671	-10.093	-3.2108	-63.555	43.277	-73.459	-120	27.932	-57.293	-146.63	-2.3134
140.88	-1.873	20.219	-30.446	-0.11994	-2.6157	-3.2192	6.9678	-8.6408	-2.6291	-64.73	43.74	-73.173	-120.44	28.124	-57.227	-146.79	-2.4401
140.88	-1.8806	20.216	-29.624	-0.47629	-0.95329	-2.006	6.4586	-7.1353	-1.8959	-65.999	44.221	-72.808	-120.92	28.265	-57.152	-147.18	-2.7141
140.88	-1.8793	20.218	-28.687	-1.0002	0.6734	-0.61484	5.8812	-5.741	-1.101	-67.34	44.636	-72.391	-121.43	28.395	-57.002	-147.11	-2.7627
140.88	-1.8831	20.227	-27.941	-1.5321	2.1795	1.0905	5.2305	-4.2834	-0.19067	-68.734	44.991	-71.945	-121.95	28.555	-56.695	-147.57	-2.8045
140.88	-1.8818	20.23	-27.094	-2.0324	3.6666	3.0252	4.4349	-3.1106	0.76819	-70.208	45.279	-71.466	-122.54	28.794	-56.674	-147.69	-3.0281
140.89	-1.8899	20.216	-26.185	-2.666	5.1082	5.1184	3.5676	-2.0177	1.7497	-71.687	45.481	-70.952	-123.11	28.988	-56.39	-148.17	-3.1218
140.89	-1.8896	20.217	-25.077	-3.3387	6.3906	7.3181	2.621	-0.94924	2.8692	-73.175	45.694	-70.394	-123.68	29.126	-56.174	-148.32	-3.3165
140.89	-1.8862	20.22	-23.885	-4.0727	7.4758	9.5716	1.5443	0.039667	3.9361	-74.714	45.811	-69.816	-124.25	29.265	-55.864	-148.78	-3.4514
140.89	-1.8991	20.227	-22.51	-4.9055	8.5731	11.894	0.36163	0.90023	5.0291	-76.252	46.008	-69.191	-124.82	29.415	-55.701	-149.18	-3.6396
140.89	-1.9035	20.22	-21.101	-5.8437	9.5292	14.354	-0.86728	1.7523	6.2009	-77.839	46.084	-68.496	-125.42	29.633	-55.129	-149.59	-3.6853
140.9	-1.8987	20.23	-19.55	-6.7241	10.341	16.879	-2.2447	2.4518	7.4439	-79.446	46.184	-67.725	-126.09	29.809	-54.7	-150.14	-3.8686
140.9	-1.8937	20.225	-17.867	-7.7126	11.153	19.575	-3.7369	3.0708	8.7304	-81.094	46.228	-66.87	-126.75	29.98	-54.218	-150.68	-4.2362
140.9	-1.9044	20.221	-16.081	-8.6928	11.862	22.351	-5.3195	3.5807	10.151	-82.764	46.28	-65.941	-127.47	30.145	-53.607	-151.23	-4.5561
140.92	-1.8956	20.237	-14.095	-9.7826	12.702	25.149	-6.9588	3.9782	11.639	-84.45	46.254	-64.908	-128.21	30.346	-53.045	-151.8	-4.7668
140.92	-1.8993	20.244	-12.126	-10.839	13.402	27.969	-8.6565	4.3366	13.13	-86.145	46.17	-63.829	-128.98	30.538	-52.292	-152.28	-4.8006
140.92	-1.8976	20.231	-10.288	-11.832	13.916	30.882	-10.393	4.5542	14.717	-87.733	46.133	-62.813	-129.6	30.8	-51.61	-153.11	-4.5183
140.92	-1.8969	20.236	-8.434	-12.807	14.207	33.89	-12.193	4.607	16.262	-89.123	46.179	-62.036	-129.89	31.12	-51.186	-153.81	-3.6794
140.92	-1.8933	20.237	-6.4585	-13.889	14.398	36.99	-13.991	4.5725	17.802	-90.436	46.234	-61.303	-129.98	31.522	-50.317	-154.32	-2.7972
140.92	-1.8963	20.232	-4.3728	-15.051	14.449	40.202	-15.791	4.6012	19.389	-91.674	46.395	-60.333	-130.31	31.89	-49.026	-154.96	-2.6629
140.91	-1.8898	20.232	-2.2244	-16.174	14.219	43.376	-17.514	4.6115	21.035	-92.902	46.519	-58.952	-130.97	32.181	-47.652	-155.79	-2.5872
140.9	-1.8835	20.228	0.013068	-17.318	13.948	46.935	-19.096	5.032	23.132	-93.817	47.104	-57.266	-131.8	32.455	-46.383	-156.55	-2.432
140.89	-1.8845	20.222	2.3406	-18.458	13.738	50.204	-20.828	5.1048	24.902	-95.073	47.263	-55.507	-132.47	32.779	-45.296	-157.17	-1.9006
140.89	-1.8776	20.236	4.7751	-19.603	13.547	53.486	-22.733	5.1075	26.762	-96.306	47.465	-53.89	-132.94	33.149	-43.975	-158.07	-1.6815
140.88	-1.8794	20.22	7.3017	-20.754	13.44	56.907	-24.688	5.1404	28.682	-97.573	47.693	-52.427	-133.31	33.588	-42.451	-158.7	-1.2067
140.89	-1.877	20.223	9.8749	-21.892	13.377	60.486	-26.641	5.232	30.64	-98.855	47.727	-50.932	-133.73	34.057	-41.095	-159.2	-0.72466
140.88	-1.8803	20.232	12.492	-22.978	13.394	64.152	-28.631	5.342	32.677	-100.12	47.85	-49.319	-134.26	34.558	-39.744	-159.89	-0.35007
140.88	-1.8793	20.218	15.098	-24.045	13.427	67.848	-30.656	5.4204	34.728	-101.39	48.067	-47.537	-134.78	35.1	-38.157	-160.68	0.068879
140.88	-1.8811	20.231	17.732	-25.161	13.594	71.535	-32.718	5.5302	36.829	-102.62	48.14	-45.705	-135.27	35.652	-36.488	-161.11	0.75895
140.89	-1.8733	20.229	20.344	-26.174	13.717	74.679	-34.92	5.2651	38.971	-103.81	48.287	-43.84	-135.7	36.248	-35.054	-161.73	1.3624
140.89	-1.8877	20.233	22.951	-27.16	13.9	78.696	-36.569	5.8783	41.099	-104.94	48.495	-41.984	-136.13	36.843	-33.309	-162.2	2.0191
140.9	-1.8857	20.224	25.51	-28.029	14.042	82.117	-38.343	6.0507	43.317	-105.95	48.606	-40.07	-136.59	37.445	-31.659	-162.87	2.3395
140.91	-1.8896	20.23	27.987	-28.805	14.143	85.488	-39.923	6.3108	45.507	-106.92	48.892	-38.096	-137.07	38.022	-29.884	-163.34	2.9876
140.91	-1.8895	20.231	30.405	-29.545	14.351	88.827	-41.421	6.5431	47.733	-107.75	49.043	-36.004	-137.48	38.648	-27.94	-163.73	3.7169
140.92	-1.8866	20.237	32.719	-30.127	14.546	91.607	-43.011	6.3309	49.955	-108.47	49.272	-33.89	-137.85	39.324	-25.945	-164.1	4.4
140.92	-1.8834	20.243	34.931	-30.636	14.696	95.409	-43.985	7.1177	52.186	-109.04	49.584	-31.763	-138.12	39.992	-24.047	-164.37	5.3575
140.91	-1.8898	20.234	37.098	-31.1	14.886	98.738	-45.097	7.423	54.415	-109.44	49.876	-29.638	-138.38	40.603	-22	-164.73	6.1604
140.92	-1.8969	20.246	39.184	-31.434	14.925	102.13	-46.134	7.7107	56.632	-109.69	50.235	-27.496	-138.58	41.256	-19.955	-165.15	6.9931
140.91	-1.8912	20.23	41.193	-31.663	14.891	105.08	-47.237	7.6453	58.797	-109.81	50.627	-25.344	-138.72	41.892	-17.75	-165.59	7.7564
140.91	-1.9013	20.226	43.178	-31.831	14.784	108.94	-47.835	8.4719	60.957	-109.8	51.053	-23.186	-138.76	42.481	-15.6	-165.97	8.5776
140.9	-1.8981	20.232	45.14	-31.938	14.642	112.17	-48.493	8.8089	63.093	-109.67	51.441	-21.06	-138.78	43.097	-13.499	-166.17	9.4576
140.89	-1.8941	20.23	47.095	-32.004	14.504	115.39	-49.069	9.2973	65.237	-109.44	51.924	-18.948	-138.67	43.659	-11.315	-166.38	10.124
140.89	-1.8923	20.229	49.026	-31.959	14.307	118.43	-49.516	9.7696	67.342	-109.2	52.356	-16.827	-138.5	44.219	-9.239	-166.42	10.904
140.89	-1.892	20.227	50.952	-31.884	14.176	121.35	-49.749	10.243	69.45	-108.82	52.889	-14.733	-138.3	44.771	-7.0215	-166.5	11.547
140.88	-1.8873	20.222	52.868	-31.7	13.983	124.08	-49.907	10.691	71.515	-108.44	53.292	-12.616	-138.06	45.274	-4.8472	-166.49	12.446
140.89	-1.8786	20.221	54.752	-31.543	13.899	126.75	-49.889	11.099	73.632	-108.01	53.788	-10.538	-137.76	45.743	-2.6532	-166.47	13.127
140.88	-1.884	20.225	56.64	-31.313	13.798	129.24	-49.759	11.553	75.665	-107.51	54.209	-8.4137	-137.46	46.225	-0.68343	-166.14	13.746
140.88	-1.8833	20.226	58.457	-30.992	13.706	131.57	-49.454	11.844	77.745	-106.91	54.62	-6.3093	-137.1	46.68	1.6341	-166.18	14.375
140.88	-1.8718	20.234	60.264	-30.638	13.582	133.84	-49.062	12.107	79.806	-106.28	55.017	-4.213	-136.73	47.126	3.7324	-165.81	14.964
140.88	-1.8811	20.23	61.977	-30.164	13.463	135.88	-48.452	12.225	81.835	-105.59	55.357	-2.1241	-136.32	47.519	5.8653	-165.51	15.477
140.89	-1.8771	20.222	63.655	-29.684	13.319	137.81	-47.675	12.339	83.878	-104.8	55.698	-0.022995	-135.88	47.944	8.0891	-165.38	16.154
140.89	-1.8791	20.234	65.269	-29.112	13.21	139.55	-46.77	12.283	85.902	-103.95	55.972	2.0734	-135.4	48.32	10.118	-164.86	16.417
140.89	-1.874	20.228	66.842	-28.503	13.102	141.2	-45.715	12.202	87.915	-103.05	56.184	4.1143	-134.87	48.653	12.214	-164.57	16.989
140.91	-1.8793	20.234	68.304	-27.771	12.856	142.69	-44.533	11.993	89.856	-102.07	56.374	6.1316	-134.31	48.961	14.286	-164.11	17.497
140.9	-1.8807	20.227	69.719	-27.083	12.712	144.07	-43.284	11.689	91.805	-101.02	56.497	8.1618	-133.71	49.247	16.225	-163.47	17.877
140.9	-1.8917	20.223	71.107	-26.234	12.454	145.4	-41.885	11.404	93.717	-99.91	56.578	10.148	-133.08	49.525	18.214	-162.93	18.262
140.91	-1.8904	20.228	72.411	-25.46	12.235	146.64	-40.484	11.047	95.59	-98.752	56.639	12.101	-132.44	49.762	20.19	-162.38	18.597
140.92	-1.8952	20.234	73.733	-24.628	12.022	147.89	-39.07	10.675	97.425	-97.548	56.65	14.02	-131.76	49.943	22.119	-161.73	18.885
140.92	-1.8932	20.238	74.967	-23.745	11.59	149.06	-37.576	10.273	99.224	-96.381	56.657	15.92	-131.01	50.062	24.142	-161.27	19.191
140.92	-1.8932	20.238	76.241	-22.811	11.212	150.25	-36.166	9.8915	100.97	-95.158	56.583	17.756	-130.26	50.185	25.942	-160.41	19.271
140.92	-1.8952	20.234	77.541	-21.931	10.934	151.35	-34.722	9.4125	102.67	-93.986	56.516	19.581	-129.48	50.276	27.734	-159.75	19.513
140.92	-1.8952	20.234	78.804	-21.026	10.504	152.53	-33.405	9.027	104.39	-92.83	56.397	21.382	-128.68	50.283	29.516	-159.03	19.695
140.92	-1.895	20.234	80.152	-20.078	10.127	153.72	-32.052	8.7023	106.06	-91.757	56.266	23.112	-127.88	50.323	31.262	-158.29	19.701
140.9	-1.8941	20.222	81.482	-19.262	9.9269	154.91	-30.802	8.3147	107.71	-90.66	56.102	24.822	-127.04	50.264	32.938	-157.4	19.72
140.91	-1.8868	20.234	82.807	-18.357	9.6182	156.15	-29.618	7.9716	109.36	-89.673	55.97	26.49	-126.24	50.248	34.521	-156.47	19.697
140.9	-1.8821	20.23	84.202	-17.467	9.4368	157.38	-28.513	7.6314	110.93	-88.714	55.764	28.124	-125.43	50.161	36.127	-155.61	19.547
140.9	-1.8879	20.235	85.605	-16.581	9.147	158.61	-27.442	7.2878	112.5	-87.771	55.579	29.733	-124.6	50.098	37.758	-154.99	19.624
140.9	-1.8792	20.233	86.973	-15.695	8.8596	159.86	-26.415	6.9667	114.06	-86.861	55.411	31.295	-123.78	49.993	39.296	-154	19.331
140.9	-1.8841	20.224	88.339	-14.81	8.7032	161.06	-25.405	6.5928	115.58	-85.906	55.204	32.842	-122.95	49.876	40.836	-153.34	19.455
140.89	-1.8733	20.229	89.626	-13.88	8.35	162.26	-24.368	6.2802	117.04	-85.009	55.033	34.33	-122.16	49.752	42.367	-152.52	19.228
140.89	-1.875	20.227	90.811	-13.009	8.1291	163.43	-23.303	5.9961	118.49	-84.059	54.856	35.82	-121.33	49.587	43.807	-151.78	19.141
140.88	-1.8794	20.22	91.991	-12.075	7.915	164.55	-22.232	5.7406	119.86	-83.101	54.623	37.273	-120.56	49.496	45.28	-150.93	19.001
140.88	-1.8794	20.219	93.093	-11.124	7.5845	165.61	-21.075	5.5041	121.21	-82.138	54.51	38.697	-119.77	49.315	46.725	-150.2	18.84
140.89	-1.8851	20.235	94.201	-10.245	7.5166	166.56	-19.895	5.2672	122.55	-81.162	54.312	40.09	-118.99	49.194	48.109	-149.36	18.815
140.89	-1.8864	20.219	95.307	-9.3485	7.3196	167.39	-18.72	5.0401	123.85	-80.198	54.21	41.462	-118.23	49.032	49.508	-148.61	18.583
140.89	-1.8861	20.22	96.409	-8.4697	7.1609	168.12	-17.532	4.7536	125.08	-79.263	54.076	42.78	-117.46	48.857	50.817	-147.72	18.561
140.9	-1.8833	20.226	97.542	-7.6243	6.9989	168.7	-16.317	4.4239	126.29	-78.318	53.999	44.082	-116.71	48.746	52.185	-147.04	18.335
140.9	-1.8902	20.225	98.767	-6.8269	6.8714	169.2	-15.083	4.1404	127.5	-77.386	53.943	45.352	-115.95	48.559	53.45	-146.31	18.134
140.9	-1.8935	20.222	100.02	-6.001	6.7869	169.53	-13.886	3.7867	128.7	-76.462	53.923	46.579	-115.18	48.379	54.695	-145.43	18.092
140.91	-1.8894	20.231	101.33	-5.2043	6.4625	169.74	-12.664	3.4058	129.85	-75.553	53.94	47.787	-114.45	48.246	56.023	-144.79	17.854
140.9	-1.8935	20.222	102.7	-4.477	6.1899	169.82	-11.454	2.9932	130.99	-74.672	53.906	48.96	-113.71	48.052	57.228	-144.04	17.712
140.91	-1.8981	20.227	104.14	-3.7133	5.9583	169.71	-10.254	2.4311	132.14	-73.804	53.921	50.117	-112.93	47.86	58.374	-143.19	17.548
140.92	-1.8874	20.236	105.63	-3.0143	5.551	169.48	-9.1047	1.7933	133.24	-72.938	53.925	51.256	-112.18	47.68	59.627	-142.57	17.407
140.9	-1.8917	20.226	107.17	-2.3764	5.1222	169.02	-7.9587	1.0902	134.36	-72.076	53.907	52.371	-111.46	47.541	60.814	-141.88	17.235
140.91	-1.8896	20.231	108.79	-1.9253	4.7872	168.42	-6.8718	0.27687	135.47	-71.23	53.836	53.497	-110.74	47.31	61.908	-141.06	17.096
140.9	-1.8837	20.229	110.46	-1.4141	4.1447	167.61	-5.8096	-0.59284	136.58	-70.395	53.846	54.616	-110.06	47.146	63.199	-140.5	16.967
140.9	-1.8847	20.227	112.16	-1.0537	3.6961	166.63	-4.7641	-1.5226	137.7	-69.591	53.837	55.73	-109.4	46.975	64.268	-139.72	16.685
140.9	-1.8857	20.224	113.81	-0.72229	3.0555	165.56	-3.7275	-2.4524	138.85	-68.753	53.781	56.842	-108.8	46.851	65.492	-139.33	16.71
140.89	-1.8911	20.228	115.36	-0.43812	2.3457	164.39	-2.7214	-3.3276	139.98	-67.931	53.716	57.974	-108.21	46.68	66.621	-138.71	16.502
140.88	-1.8574	20.229	116.6	-0.19663	1.3371	163.28	-1.7619	-4.1287	140.83	-67.383	53.263	59.13	-107.64	46.548	67.749	-138.1	16.378
140.71	-1.616	20.261	117.88	0.38471	0.56827	162.43	-0.86456	-4.8377	141.96	-66.607	53.208	60.302	-107.15	46.41	69.002	-137.7	16.288
140.22	-1.1327	20.281	119.15	0.96061	-0.099399	161.3	-0.43438	-5.9233	143.06	-65.895	53.137	61.517	-106.71	46.307	70.317	-137.3	16.232
139.5	-0.61119	20.267	120.49	1.6053	-0.79124	161.31	0.55158	-5.8214	144.22	-65.261	53.114	62.749	-106.3	46.228	71.544	-136.84	16.085
139.59	-0.051539	20.23	121.24	2.0958	-1.0129	161.16	1.2263	-6.1734	145.45	-64.65	53.072	64.042	-105.96	46.178	72.86	-136.46	16.009
140.76	0.75496	20.309	122.11	2.7305	-0.96403	161.17	1.5266	-7.1072	146.72	-64.004	53.079	65.389	-105.65	46.177	74.135	-135.97	15.826
141.94	1.2714	20.296	123.08	3.3482	-0.65049	162.71	2.5073	-6.4488	148.01	-63.454	53.042	66.805	-105.44	46.2	75.641	-135.66	15.875
143.4	1.754	20.411	124.2	3.8161	-0.50087	163.73	2.9437	-6.4854	149.42	-62.906	53.145	68.309	-105.28	46.269	77.069	-135.41	15.854
145.03	2.143	20.387	125.55	4.2099	-0.34076	164.96	3.34	-6.4184	150.83	-62.459	53.261	69.847	-105.12	46.377	78.612	-135.13	15.914
146.59	2.353	20.361	127.03	4.4708	-0.18998	166.35	3.6892	-6.259	152.35	-62.073	53.482	71.408	-104.89	46.504	80.25	-135.05	16.153
148.18	2.5976	20.521	128.67	4.7353	0.054849	167.88	3.9822	-5.9875	153.94	-61.761	53.806	72.991	-104.65	46.634	81.901	-134.83	16.326
149.24	2.3493	20.058	130.37	4.9556	0.28381	169.55	4.2165	-5.5868	155.59	-61.529	54.19	74.683	-104.47	46.813	83.677	-134.7	16.531
150.9	2.5659	20.482	132.2	5.119	0.4274	171.37	4.4276	-5.0743	157.32	-61.32	54.637	76.513	-104.34	46.984	85.445	-134.53	16.656
152.79	2.7026	21.109	134.21	5.2892	1.0951	173.35	4.5516	-4.4848	159.17	-61.305	55.096	78.414	-104.24	47.205	87.358	-134.48	16.908
155.47	3.2386	22.556	136.37	5.4003	1.8688	175.52	4.6634	-3.7084	161.16	-61.306	55.689	80.405	-104.17	47.427	89.282	-134.38	17.047
157.81	3.2308	23.337	138.74	5.4039	2.5436	177.82	4.6258	-2.9117	163.25	-61.461	56.294	82.468	-104.15	47.731	91.326	-134.27	17.325
160.29	3.081	24.104	141.29	5.3538	3.312	179.61	4.094	-2.8802	165.47	-61.705	56.913	84.576	-104.14	48.05	93.355	-134.22	17.635
162.95	2.8835	24.981	144	5.2379	4.0092	182.88	4.3159	-1.3017	167.79	-62.047	57.572	86.802	-104.18	48.433	95.582	-134.21	18.009
165.81	2.6329	26.038	146.8	5.1142	5.1079	185.68	4.0584	-0.25731	170.19	-62.476	58.255	89.08	-104.21	48.789	97.58	-134.07	18.165
168.8	2.3153	27.086	149.81	4.8761	5.9516	188.54	3.6952	0.69446	172.7	-63.004	58.892	91.446	-104.27	49.196	99.823	-134.02	18.52
171.9	1.9519	28.172	152.92	4.6372	6.9989	190.81	2.8879	0.88693	175.3	-63.57	59.669	93.848	-104.36	49.589	102.14	-134	18.863
175.05	1.4571	29.202	156.13	4.3623	8.0811	194.75	2.9298	2.7782	177.93	-64.215	60.319	96.322	-104.45	50.008	104.51	-133.98	19.239
178.31	0.99775	30.27	159.44	4.0631	9.2545	197.31	2.0027	2.9984	180.67	-64.865	61.078	98.853	-104.53	50.426	106.85	-134.07	19.334
181.64	0.46608	31.295	162.88	3.6692	10.098	201.36	1.931	4.8069	183.46	-65.468	61.826	101.43	-104.61	50.837	109.3	-134.18	19.783
185.03	-0.058311	32.245	166.34	3.2793	11.006	204.78	1.3619	5.7156	186.2	-66.069	62.476	104.06	-104.65	51.269	111.8	-134.18	20.188
188.42	-0.63643	33	169.88	2.8331	11.846	208.3	0.80077	6.7151	189.07	-66.671	63.225	106.69	-104.68	51.709	114.42	-134.23	20.696
191.91	-1.1596	33.878	173.42	2.3918	12.637	211.81	0.21076	7.5601	191.94	-67.219	63.907	109.38	-104.66	52.133	116.93	-134.33	21.055
195.31	-1.7376	34.562	176.99	1.8987	13.107	214.53	-0.86649	7.3752	194.8	-67.707	64.628	112.07	-104.65	52.536	119.48	-134.2	21.416
198.79	-2.2557	35.342	180.54	1.4403	13.843	218.15	-1.4304	8.2151	197.72	-68.221	65.271	114.82	-104.59	52.949	122.18	-134.39	22.097
202.21	-2.787	35.888	184.09	0.99627	14.467	221.59	-2.0485	8.849	200.6	-68.713	65.837	117.57	-104.57	53.336	124.8	-134.45	22.396
205.66	-3.2743	36.534	187.6	0.57388	15.086	225.94	-2.1221	10.392	203.51	-69.13	66.449	120.35	-104.5	53.732	127.37	-134.34	22.82
209.07	-3.7852	37.07	191.14	0.12412	15.48	228.59	-3.1528	10.07	206.46	-69.59	66.927	123.13	-104.46	54.09	130.07	-134.39	23.202
212.44	-4.3028	37.627	194.61	-0.30365	15.875	232.88	-3.1675	11.53	209.42	-69.994	67.398	125.92	-104.39	54.451	132.75	-134.34	23.661
215.83	-4.7385	38.111	198.04	-0.70491	16.403	236.3	-3.6861	12.046	212.31	-70.431	67.784	128.7	-104.34	54.789	135.23	-134.23	24.133
219.19	-5.1784	38.564	201.46	-1.1215	16.878	239.72	-4.1326	12.554	215.28	-70.853	68.156	131.48	-104.27	55.075	137.93	-134.3	24.28
222.41	-5.6734	38.975	204.79	-1.4287	17.278	242.22	-5.0116	12.069	218.19	-71.244	68.42	134.22	-104.21	55.375	140.47	-134.17	24.505
225.67	-6.0721	39.375	208.1	-1.8225	17.666	245.47	-5.3885	12.418	221.03	-71.631	68.674	136.95	-104.13	55.622	142.97	-134.14	24.836
228.88	-6.4649	39.806	211.28	-2.1078	18.263	249.47	-5.1963	13.702	223.9	-71.993	68.833	139.64	-104.05	55.84	145.54	-133.98	24.949
232.01	-6.8035	40.151	214.41	-2.3077	18.422	251.82	-5.9739	13.145	226.66	-72.317	68.963	142.28	-103.95	55.973	147.97	-133.84	25.152
235.07	-7.1133	40.419	217.45	-2.5093	18.793	255.64	-5.7319	14.328	229.42	-72.551	69.104	144.88	-103.84	56.159	150.37	-133.75	25.183
238.06	-7.3704	40.673	220.41	-2.6991	19.029	257.75	-6.4305	13.559	232.05	-72.747	69.183	147.44	-103.69	56.233	152.74	-133.67	25.233
240.91	-7.5871	40.882	223.28	-2.8531	19.194	260.63	-6.6001	13.7	234.58	-72.848	69.293	149.92	-103.53	56.292	155.09	-133.43	25.307
243.7	-7.7562	40.976	226.09	-3.057	19.287	263.43	-6.7783	13.751	237.05	-72.922	69.312	152.31	-103.31	56.302	157.31	-133.31	25.353
246.38	-7.8768	40.964	228.83	-3.2174	19.334	266.23	-6.8716	13.845	239.37	-72.886	69.297	154.62	-103.02	56.247	159.54	-133.1	25.404
248.98	-7.9516	40.836	231.43	-3.2028	19.301	268.88	-7.0167	13.774	241.63	-72.854	69.287	156.85	-102.66	56.187	161.63	-132.89	25.458
251.46	-8.0049	40.697	234	-3.3428	18.943	271.42	-7.1182	13.638	243.83	-72.713	69.229	158.97	-102.31	56.091	163.86	-132.6	25.437
253.81	-8.0319	40.417	236.43	-3.4016	18.517	274.69	-6.6952	14.426	245.9	-72.537	69.148	161.03	-101.9	55.925	165.79	-132.34	25.408
256.07	-7.984	40.119	238.76	-3.4632	18.37	276.17	-7.2521	13.158	247.88	-72.349	68.957	163.02	-101.47	55.748	167.65	-132	25.248
258.22	-7.8933	39.784	240.95	-3.4212	17.885	279.27	-6.668	13.921	249.81	-72.142	68.776	164.92	-101.05	55.54	169.54	-131.79	25.178
260.26	-7.763	39.423	243.01	-3.3226	17.642	280.73	-6.9752	12.82	251.67	-71.901	68.478	166.75	-100.64	55.294	171.35	-131.49	25.063
262.19	-7.6267	39.005	244.97	-3.2387	17.179	282.7	-6.8267	12.418	253.48	-71.607	68.177	168.53	-100.24	55.017	173.05	-131.19	24.899
264.01	-7.4253	38.559	246.78	-2.9993	16.557	284.56	-6.6519	11.982	255.23	-71.315	67.812	170.22	-99.842	54.716	174.72	-130.84	24.657
265.76	-7.2075	38.106	248.5	-2.9147	16.262	286.89	-6.0437	12.228	256.91	-71.002	67.393	171.87	-99.482	54.426	176.19	-130.53	24.331
267.39	-6.9788	37.574	250.12	-2.6252	15.714	288.53	-5.7919	11.72	258.46	-70.678	66.89	173.43	-99.102	54.032	177.75	-130.17	24.033
268.98	-6.6906	37.096	251.63	-2.344	15.111	289.46	-5.8604	10.441	260.01	-70.309	66.448	174.92	-98.731	53.667	179.12	-129.85	23.703
270.47	-6.3928	36.574	253.09	-2.0972	14.769	290.94	-5.5604	9.877	261.4	-69.977	65.929	176.34	-98.35	53.291	180.45	-129.57	23.325
271.86	-6.1356	35.939	254.5	-1.9177	14.082	292.32	-5.2972	9.2394	262.77	-69.595	65.435	177.68	-97.933	52.843	181.71	-129.15	22.878
273.19	-5.8644	35.311	255.87	-1.6667	13.423	293.7	-5.056	8.6116	264.04	-69.211	64.883	178.93	-97.511	52.314	182.96	-128.7	22.441
274.5	-5.5438	34.703	257.17	-1.4464	12.706	295.65	-4.4345	8.743	265.25	-68.825	64.328	180.14	-97.085	51.804	184.15	-128.46	22.006
275.73	-5.2823	33.949	258.42	-1.2217	12.158	296.33	-4.5482	7.3492	266.36	-68.457	63.754	181.26	-96.643	51.245	185.23	-128.09	21.556
276.93	-4.9917	33.207	259.63	-1.0003	11.346	297.57	-4.342	6.638	267.43	-68.034	63.198	182.33	-96.166	50.675	186.34	-127.75	21.03
278.03	-4.7407	32.347	260.79	-0.85359	10.487	298.75	-4.134	5.8595	268.45	-67.623	62.567	183.36	-95.728	50.076	187.35	-127.51	20.54
279.13	-4.4482	31.529	261.91	-0.64632	9.4754	300.37	-3.6605	5.6029	269.39	-67.187	61.912	184.34	-95.281	49.44	188.27	-127.12	19.997
280.12	-4.183	30.575	262.95	-0.43429	8.3132	300.9	-3.7409	4.1042	270.36	-66.742	61.228	185.26	-94.822	48.782	189.24	-126.88	19.536
281.1	-3.8213	29.711	263.87	-0.19231	7.3859	301.68	-3.7062	2.8686	271.24	-66.313	60.521	186.17	-94.416	48.138	190.08	-126.56	18.98
281.94	-3.5722	28.662	264.74	-0.093261	6.5936	303.49	-2.8672	3.142	272.12	-65.888	59.727	187.04	-94.01	47.488	191.05	-126.26	18.402
282.78	-3.2485	27.702	265.54	0.22499	5.5469	303.66	-3.0172	1.3388	272.98	-65.438	58.946	187.9	-93.641	46.84	191.87	-125.99	17.945
283.58	-2.9479	26.67	266.34	0.37444	4.441	304.92	-2.5522	0.87535	273.76	-65.048	58.095	188.7	-93.296	46.162	192.6	-125.81	17.287
284.32	-2.6673	25.621	267.06	0.63761	3.4375	305.68	-2.3008	-0.15063	274.58	-64.606	57.292	189.49	-92.951	45.492	193.42	-125.5	16.714
285.03	-2.3898	24.542	267.77	0.80858	2.3021	305.96	-2.3073	-1.729	275.29	-64.214	56.438	190.22	-92.61	44.799	194.07	-125.33	16.103
285.73	-2.0888	23.532	268.41	0.95337	1.2985	306.4	-2.2741	-3.1861	276	-63.816	55.568	190.91	-92.273	44.073	194.78	-125.01	15.539
286.34	-1.8347	22.474	269.04	1.1417	0.22763	307.78	-1.6168	-3.3222	276.69	-63.389	54.736	191.56	-91.938	43.352	195.41	-124.92	14.895
287.15	-1.4404	21.753	269.6	1.3126	-0.952	308.36	-1.4047	-4.3028	277.29	-62.987	53.901	192.21	-91.6	42.662	196.07	-124.57	14.381
287.73	-0.76284	21.696	270.07	1.6831	-1.2855	308.98	-1.0944	-5.0961	277.89	-62.682	53.06	192.8	-91.293	41.912	196.66	-124.49	13.643
288.24	-0.46832	21.575	270.56	1.9706	-1.4399	309.5	-0.63807	-5.4617	278.53	-62.569	52.354	193.35	-91.022	41.2	197.3	-124.27	13.086
288.82	-0.21282	21.635	271.05	2.2307	-1.5103	310.23	-0.088873	-5.3669	279.04	-62.504	51.733	193.93	-90.841	40.602	197.86	-124.1	12.377
288.82	-0.21282	21.635	271.5	2.4309	-1.7029	289.28	0.05649	21.655	279.55	-62.516	51.198	194.48	-90.837	40.044	198.4	-123.99	11.774
311.31	0.33091	-6.0387	271.93	2.5846	-2.0464	289.59	0.31877	21.655	280.08	-62.421	50.708	195.05	-90.854	39.585	198.92	-123.87	11.227
311.82	0.38751	-6.432	272.33	2.8062	-2.0636	290.08	0.48194	21.669	280.53	-62.317	50.303	195.57	-90.75	39.182	199.29	-123.76	10.761
312.29	0.49409	-6.7753	272.73	2.8005	-2.2479	290.47	0.59871	21.644	280.93	-62.199	49.989	195.95	-90.526	38.812	199.66	-123.74	10.467
312.29	0.49409	-6.7753	273.09	2.8779	-2.3848	290.9	0.73823	21.653	281.3	-62.036	49.804	196.24	-90.31	38.586	200.42	-124.13	10.473
312.29	0.49409	-6.7753	273.48	2.8995	-2.6546	291.24	0.71536	21.646	281.57	-61.873	49.711	196.5	-90.141	38.389	200.41	-123.51	10.186
313.58	0.63653	-7.1352	273.83	2.8139	-2.5952	291.64	0.73785	21.686	281.77	-61.766	49.609	196.75	-90.087	38.26	200.64	-123.41	9.9943
313.58	0.63653	-7.1352	274.14	2.8326	-2.7922	291.94	0.7584	21.641	281.96	-61.705	49.598	197.02	-90.012	38.125	200.93	-123.35	10.041
313.58	0.63653	-7.1352	274.37	2.8931	-2.8529	292.14	0.74559	21.621	282.14	-61.621	49.673	197.24	-89.935	38.125	201.19	-123.28	10.071
314.28	0.66101	-7.1489	274.53	2.8553	-2.8986	292.32	0.73791	21.642	282.28	-61.532	49.74	197.39	-89.871	38.155	201.35	-123.3	10.108
314.42	0.69338	-7.121	274.69	2.8273	-2.9079	292.47	0.72986	21.651	282.38	-61.428	49.825	197.49	-89.823	38.189	201.46	-123.29	10.132
314.42	0.69338	-7.121	274.77	2.841	-2.8942	292.55	0.73723	21.665	282.43	-61.314	49.926	197.56	-89.784	38.224	201.53	-123.28	10.182
314.42	0.69338	-7.121	274.81	2.8447	-2.8521	292.6	0.75063	21.692	282.43	-61.218	50.02	197.61	-89.733	38.272	201.59	-123.26	10.255
314.42	0.69338	-7.121	274.81	2.795	-2.8023	292.61	0.75643	21.685	282.4	-61.106	50.15	197.64	-89.661	38.309	201.61	-123.24	10.343
314.42	0.69338	-7.121	274.79	2.7769	-2.7995	292.6	0.76019	21.679	282.32	-61.018	50.227	197.61	-89.587	38.348	201.92	-123.76	10.618
314.42	0.69338	-7.121	274.76	2.7538	-2.8023	292.56	0.7571	21.667	282.19	-60.921	50.342	197.55	-89.529	38.371	201.57	-123.2	10.541
314.42	0.69338	-7.121	274.73	2.7149	-2.8032	292.51	0.74231	21.647	282.02	-60.858	50.411	197.44	-89.474	38.383	201.54	-123.26	10.677
314.42	0.69338	-7.121	274.67	2.6729	-2.8277	292.48	0.74226	21.641	281.83	-60.802	50.497	197.3	-89.4	38.364	201.44	-123.27	10.786
314.42	0.69338	-7.121	274.63	2.6182	-2.8327	292.48	0.73416	21.642	281.65	-60.772	50.556	197.13	-89.333	38.35	201.3	-123.27	10.933
314.42	0.69338	-7.121	274.55	2.5265	-2.8507	292.48	0.72698	21.643	281.44	-60.747	50.653	196.95	-89.255	38.35	201.18	-123.26	11.013
314.85	0.32876	-6.5838	274.45	2.4235	-2.7724	292.43	0.70403	21.628	281.16	-60.754	50.742	196.75	-89.204	38.324	201.02	-123.27	11.104
316.26	1.3072	-4.6799	274.35	2.2746	-2.8271	292.37	0.6476	21.63	280.84	-60.799	50.8	196.5	-89.168	38.263	200.84	-123.3	11.209
315.24	-0.12289	-6.3693	274.24	2.1107	-2.7794	292.3	0.57019	21.612	280.56	-60.795	50.926	196.22	-89.146	38.238	200.44	-123.43	11.264
315.53	-0.47658	-6.2318	274.11	1.9055	-2.8387	292.2	0.48849	21.619	280.2	-60.856	51.09	195.94	-89.138	38.289	200.25	-123.53	11.352
316.02	-0.95151	-5.9312	273.95	1.6699	-2.8935	292.09	0.3803	21.65	279.78	-60.96	51.141	195.59	-89.107	38.31	199.99	-123.57	11.55
316.34	-0.80702	-3.4601	273.77	1.4176	-2.9709	291.93	0.21142	21.668	279.39	-61.074	51.316	195.18	-89.093	38.354	199.54	-123.7	11.672
317.84	-2.3508	-5.3872	273.25	0.93026	-3.622	291.94	0.16739	21.721	278.95	-61.215	51.297	194.73	-89.092	38.444	199.09	-123.77	11.86
318.75	-3.3522	-5.2397	272.69	0.57978	-3.7809	291.84	0.094547	21.707	278.57	-61.385	51.391	194.22	-89.107	38.52	198.68	-123.88	12.15
319.88	-4.3626	-4.7216	272.09	0.41043	-3.6825	291.76	0.047792	21.694	278.15	-61.65	51.362	193.69	-89.123	38.575	198.06	-124.08	12.298
320.99	-5.32	-4.1733	271.3	0.36147	-3.3277	291.71	0.036574	21.689	277.64	-62.034	51.372	193.1	-89.223	38.732	197.53	-124.25	12.613
321.93	-6.3818	-3.5754	270.36	0.3279	-3.0159	291.69	0.041785	21.686	277.19	-62.458	51.385	192.5	-89.478	38.924	196.9	-124.57	12.681
322.87	-7.5402	-2.8777	269.27	0.28693	-2.8561	291.7	0.044746	21.692	276.64	-62.953	51.345	191.88	-89.854	39.193	196.14	-124.88	12.76
323.66	-8.8519	-2.3871	267.99	0.14461	-2.4061	291.71	0.037674	21.691	276.06	-63.438	51.38	191.21	-90.273	39.476	195.48	-125.18	13.097
324.48	-10.259	-1.6477	266.49	0.091062	-2.1748	291.71	0.038997	21.693	275.41	-63.951	51.467	190.43	-90.662	39.8	194.57	-125.49	13.357
325.05	-11.763	-1.042	264.79	0.020316	-1.6877	291.7	0.044962	21.705	274.66	-64.485	51.528	189.56	-90.978	40.174	193.59	-125.88	13.765
325.58	-13.275	-0.17573	262.98	-0.016361	-1.4168	291.69	0.052461	21.692	273.81	-65.033	51.71	188.53	-91.297	40.606	192.51	-126.2	14.157
325.91	-14.891	0.7265	261.09	-0.15409	-0.81992	291.69	0.054942	21.695	272.79	-65.613	52.026	187.35	-91.671	41.119	191.4	-126.61	14.583
326.02	-16.519	1.7416	259.14	-0.3194	-0.25785	291.7	0.05511	21.695	271.64	-66.247	52.375	186.09	-92.107	41.666	190.2	-126.98	15.166
325.93	-18.17	2.8661	257.2	-0.5079	0.45741	291.7	0.054785	21.694	270.35	-66.951	52.863	184.74	-92.566	42.259	188.75	-127.39	15.65
325.54	-19.775	4.0503	255.16	-0.69737	1.0954	291.69	0.053314	21.692	268.9	-67.694	53.466	183.22	-93.047	42.879	187.29	-127.79	16.168
324.96	-21.349	5.4361	253.15	-1.0474	2.2403	291.69	0.064295	21.698	267.33	-68.442	54.153	181.55	-93.493	43.593	185.61	-128.19	16.677
324.07	-22.917	6.7959	251.14	-1.3844	3.1196	291.7	0.0559	21.695	265.53	-69.261	54.971	179.7	-93.901	44.344	183.83	-128.43	17.348
322.92	-24.498	8.0837	249.1	-1.8389	4.1632	291.69	0.056303	21.695	263.62	-70.051	55.903	177.63	-94.346	45.173	181.94	-128.77	18.124
321.51	-25.998	9.4904	247.04	-2.3082	5.2386	291.69	0.051595	21.688	261.55	-70.839	56.844	175.43	-94.682	46.034	180.02	-129.48	18.986
319.85	-27.474	10.813	244.95	-2.8344	6.3703	291.69	0.053632	21.692	259.26	-71.659	57.861	172.99	-95.013	46.952	177.31	-129.31	19.533
317.89	-28.79	12.264	242.71	-3.4011	7.6617	291.69	0.052179	21.689	256.74	-72.505	58.909	170.4	-95.307	47.925	174.87	-129.5	20.372
315.65	-30.016	13.537	240.45	-3.975	8.7983	291.7	0.04391	21.688	254.09	-73.291	60.029	167.58	-95.588	48.865	172.18	-129.69	21.189
313.13	-31.122	14.714	237.98	-4.4374	9.918	291.7	0.04255	21.687	251.27	-74.071	61.13	164.62	-95.864	49.876	169.34	-129.85	22.046
310.34	-31.927	15.945	235.43	-4.928	11.295	291.7	0.043816	21.69	248.33	-74.772	62.251	161.48	-96.171	50.861	166.39	-130.06	22.823
307.21	-32.551	17.013	232.68	-5.3634	12.639	291.71	0.036742	21.69	245.17	-75.411	63.319	158.22	-96.484	51.844	163.3	-130.23	23.664
303.83	-33.008	17.973	229.79	-5.7241	13.993	291.7	0.032217	21.682	241.87	-75.97	64.383	154.81	-96.812	52.853	160.02	-130.43	24.407
300.19	-33.318	18.858	226.67	-5.9022	15.003	291.7	0.03331	21.7	238.44	-76.424	65.441	151.27	-97.127	53.812	156.73	-130.52	25.261
296.38	-33.405	19.704	223.37	-6.0626	16.315	291.7	0.034091	21.687	234.81	-76.789	66.445	147.56	-97.416	54.745	153.25	-130.69	25.974
292.34	-33.286	20.554	219.78	-6.0699	17.513	291.7	0.02994	21.68	231.07	-77.073	67.417	143.72	-97.736	55.658	149.71	-130.88	26.721
288.01	-32.991	21.224	215.96	-6.0051	18.771	291.7	0.032586	21.695	227.17	-77.223	68.393	139.76	-98.112	56.528	146.04	-131.01	27.427
283.44	-32.401	21.988	211.88	-5.8618	20.164	291.71	0.037422	21.69	223.06	-77.303	69.243	135.72	-98.481	57.352	142.27	-131.15	28.094
278.65	-31.508	22.674	207.55	-5.5215	21.291	291.7	0.045817	21.708	218.88	-77.237	70.099	131.58	-98.909	58.154	138.49	-131.28	28.708
273.52	-30.369	23.432	202.89	-5.0468	22.519	291.7	0.04382	21.69	214.5	-77.083	70.88	127.34	-99.393	58.842	134.53	-131.56	29.237
268.2	-28.989	24.134	198	-4.4049	23.624	291.7	0.045173	21.693	209.95	-76.825	71.631	123	-99.928	59.503	130.58	-131.8	29.725
262.59	-27.444	24.718	192.96	-3.7883	24.85	291.69	0.048873	21.687	205.27	-76.471	72.298	118.59	-100.46	60.11	126.5	-132.07	30.294
256.73	-25.768	25.203	187.77	-3.0765	25.873	291.69	0.052534	21.691	200.52	-75.99	73.052	114.07	-100.98	60.607	122.43	-132.27	30.585
250.65	-24.02	25.526	182.81	-2.1301	27.496	291.69	0.051213	21.689	195.81	-75.275	73.882	109.44	-101.48	61.087	118.11	-132.45	31.02
244.27	-22.185	25.748	177.44	-1.4346	28.322	291.7	0.056738	21.697	190.83	-74.736	74.382	104.71	-101.94	61.519	113.81	-132.71	31.302
237.58	-20.231	25.813	171.91	-0.75751	28.993	291.69	0.053806	21.692	185.76	-74.187	74.824	99.911	-102.38	61.821	109.38	-132.9	31.559
230.69	-18.149	25.764	166.26	-0.12427	29.575	226.3	-13.741	26.144	180.62	-73.62	75.133	95.021	-102.83	62.11	104.99	-133.27	31.787
223.5	-16	25.559	160.52	0.48836	30.151	218.98	-11.808	26.136	175.47	-73.014	75.45	90.158	-103.29	62.331	100.47	-133.49	31.871
216.04	-13.987	25.172	154.73	1.1154	30.454	211.44	-9.8866	26.132	170.2	-72.363	75.618	85.268	-103.77	62.484	95.794	-133.52	31.875
208.54	-11.724	24.865	148.74	1.6421	30.601	203.68	-7.8319	26.008	164.95	-71.673	75.713	80.354	-104.3	62.607	91.265	-133.76	31.939
200.73	-9.5342	24.358	142.74	2.1794	30.735	195.79	-5.7994	25.559	159.66	-70.87	75.749	75.486	-104.79	62.677	86.722	-134.01	31.925
192.74	-7.3735	23.655	136.66	2.6653	30.653	187.59	-3.8677	25.071	154.38	-70.016	75.757	70.613	-105.36	62.767	82.269	-134.41	31.934
184.55	-5.229	22.978	130.52	3.0628	30.445	179.28	-1.8611	24.512	149.1	-69.106	75.665	65.785	-105.93	62.86	77.624	-134.57	31.799
176.17	-3.1488	22.142	124.34	3.4962	30.092	170.77	-0.036753	24.201	143.79	-68.204	75.423	61.01	-106.54	62.87	73.14	-134.92	31.797
291.71	0.036907	21.69	118.16	3.8859	29.636	NaN	NaN	NaN	138.55	-67.271	75.243	56.285	-107.18	62.864	68.684	-135.31	31.673
291.71	0.037087	21.69	112	4.2005	29.196	NaN	NaN	NaN	133.33	-66.418	74.958	51.669	-107.86	62.816	64.156	-135.59	31.539
291.7	0.034095	21.687	105.85	4.4974	28.865	NaN	NaN	NaN	128.16	-65.627	74.622	47.074	-108.55	62.774	59.725	-135.98	31.278
291.71	0.037087	21.69	99.851	4.7467	28.395	142.16	3.1095	18.053	123.06	-64.859	74.279	42.533	-109.25	62.712	55.254	-136.21	31.099
291.71	0.034102	21.687	93.924	5.0279	27.976	NaN	NaN	NaN	117.73	-64.507	73.463	38.065	-109.9	62.63	50.858	-136.58	30.769
291.71	0.036748	21.69	88.103	5.1667	27.611	NaN	NaN	NaN	112.76	-63.958	72.961	33.582	-110.55	62.405	46.369	-136.86	30.457
291.71	0.03659	21.689	82.48	5.2676	27.149	NaN	NaN	NaN	107.83	-63.51	72.424	29.147	-111.15	62.131	42.087	-137.2	30.049
291.71	0.03659	21.689	76.894	5.3595	26.461	NaN	NaN	NaN	102.93	-63.122	71.891	24.755	-111.73	61.832	37.834	-137.49	29.582
291.7	0.041455	21.685	71.563	5.3999	26.064	NaN	NaN	NaN	98.156	-62.819	71.366	20.424	-112.27	61.425	33.602	-137.78	29.095
291.7	0.045927	21.694	66.296	5.4102	25.361	90.344	4.4237	9.2023	93.421	-62.536	70.809	16.182	-112.79	60.968	29.482	-138.13	28.515
291.7	0.04516	21.691	61.128	5.3542	24.594	NaN	NaN	NaN	88.797	-62.268	70.21	12.02	-113.28	60.517	25.419	-138.48	27.936
291.7	0.041611	21.699	56.02	5.3035	23.846	NaN	NaN	NaN	84.241	-61.959	69.69	7.956	-113.76	60.032	21.555	-138.77	27.289
291.7	0.043876	21.69	50.92	5.309	23.141	NaN	NaN	NaN	79.824	-61.633	69.19	4.012	-114.21	59.549	17.746	-139.12	26.685
291.69	0.05128	21.691	45.741	5.3853	22.464	NaN	NaN	NaN	75.433	-61.307	68.597	0.19944	-114.7	59.081	14.13	-139.45	26.205
291.7	0.054174	21.695	40.294	5.0706	21.2	NaN	NaN	NaN	71.558	-60.606	68.467	-3.5031	-115.13	58.551	10.657	-139.76	25.631
291.69	0.048317	21.7	36.291	5.6241	21.208	61.143	8.7636	10.355	67.444	-60.199	67.851	-7.0489	-115.58	58.028	7.2374	-140.12	25.16
291.7	0.041483	21.686	30.773	5.387	20.088	56.239	8.9523	9.5538	63.123	-60.092	66.848	-10.476	-116	57.494	4.0655	-140.46	24.636
291.7	0.045161	21.691	26.42	5.4686	19.578	51.6	9.1438	8.8473	59.276	-59.693	66.208	-13.736	-116.38	56.952	0.86369	-140.82	24.092
291.69	0.050951	21.69	21.977	5.4815	18.86	47.06	9.3439	8.1255	55.59	-59.288	65.592	-16.857	-116.76	56.341	-2.1018	-141.16	23.519
291.7	0.043915	21.69	17.743	5.4461	18.154	42.784	9.5501	7.4692	52.054	-58.946	65.022	-19.813	-117.14	55.662	-4.9191	-141.46	22.836
291.7	0.046086	21.694	13.666	5.3652	17.479	38.769	9.774	6.895	48.658	-58.629	64.354	-22.604	-117.49	55	-7.5735	-141.73	22.193
291.7	0.029609	21.68	9.9095	5.4246	16.667	34.885	9.9199	6.1638	45.439	-58.352	63.695	-25.276	-117.85	54.321	-10.048	-141.94	21.464
291.7	0.041951	21.686	6.3558	5.3358	16.064	31.362	10.044	5.4945	42.42	-58.053	63.043	-27.841	-118.15	53.656	-12.487	-142.19	20.785
291.7	0.034882	21.685	3.0692	5.3451	15.127	28.057	10.132	4.7016	39.522	-57.832	62.297	-30.297	-118.39	52.952	-14.92	-142.45	20.047
291.7	0.034096	21.687	0.028976	5.2392	14.369	25.007	10.15	3.8873	36.842	-57.607	61.624	-32.675	-118.57	52.239	-17.105	-142.59	19.347
291.7	0.034115	21.699	-2.7823	5.1873	13.442	22.193	10.144	3.0423	34.326	-57.425	60.96	-34.919	-118.71	51.585	-19.083	-142.78	18.796
291.71	0.03769	21.691	-5.4273	5.1257	12.441	19.628	10.152	2.2487	31.926	-57.228	60.217	-36.997	-118.83	50.862	-21.128	-143.03	17.983
291.7	0.03162	21.697	-7.8361	5.0061	11.622	17.175	10.122	1.3221	29.69	-57.068	59.569	-38.967	-118.97	50.144	-22.927	-143.2	17.405
291.71	0.036591	21.689	-10.06	4.9478	10.625	14.984	10.083	0.54563	27.622	-56.895	58.938	-40.732	-119.09	49.48	-24.604	-143.32	16.775
291.71	0.037087	21.69	-12.052	4.8128	9.8692	12.945	10.051	-0.3159	25.686	-56.729	58.33	-42.382	-119.19	48.793	-26.049	-143.44	16.105
291.7	0.043823	21.69	-13.84	4.7803	8.9369	11.162	9.9673	-1.0624	23.943	-56.581	57.729	-43.918	-119.28	48.086	-27.4	-143.54	15.471
291.7	0.035805	21.688	-15.474	4.7041	7.9976	9.5988	9.9264	-1.8362	22.293	-56.449	57.129	-45.352	-119.34	47.386	-28.734	-143.78	14.821
291.71	0.036907	21.69	-16.919	4.6196	7.0956	8.1209	9.7905	-2.7201	20.805	-56.358	56.537	-46.686	-119.38	46.678	-29.788	-143.85	14.396
291.7	0.043216	21.689	-18.174	4.5183	6.2464	6.9023	9.6937	-3.5183	19.463	-56.277	55.995	-47.866	-119.38	46.021	-30.913	-143.93	13.628
291.7	0.03359	21.683	-19.324	4.4083	5.2496	5.789	9.5228	-4.3018	18.202	-56.231	55.425	-48.983	-119.41	45.295	-31.822	-144.06	12.98
291.7	0.04516	21.691	-20.301	4.3342	4.4058	4.8536	9.3972	-5.0613	17.074	-56.182	54.878	-49.967	-119.42	44.555	-32.551	-144.1	12.457
291.7	0.041612	21.686	-21.169	4.2641	3.5316	4.0067	9.2563	-5.743	16.074	-56.149	54.309	-50.833	-119.43	43.824	-33.34	-144.22	11.81
291.7	0.044826	21.691	-21.921	4.1973	2.7111	3.2436	9.1605	-6.5061	15.194	-56.143	53.715	-51.625	-119.44	43.11	-34.054	-144.24	11.184
291.7	0.044422	21.689	-22.602	4.1288	1.8255	2.5975	9.0367	-7.2174	14.439	-56.189	53.097	-52.293	-119.48	42.32	-34.645	-144.38	10.424
291.7	0.045945	21.705	-23.221	3.9583	1.0884	2.0255	8.8835	-7.938	13.783	-56.255	52.458	-52.881	-119.53	41.612	-35.194	-144.49	9.7417
291.69	0.038666	21.695	-23.734	3.7643	0.37547	1.5316	8.7174	-8.6383	13.235	-56.357	51.755	-53.372	-119.58	40.844	-35.638	-144.57	9.0206
291.7	0.048579	21.696	-24.149	3.7591	-0.52223	1.1131	8.6267	-9.3379	12.79	-56.491	51.033	-53.786	-119.67	40.148	-36.109	-144.6	8.336
291.7	0.041949	21.686	-24.504	3.6202	-1.1759	0.6912	8.4626	-10.03	12.458	-56.643	50.278	-54.14	-119.73	39.354	-36.514	-144.72	7.6105
291.7	0.045785	21.694	-24.815	3.5639	-1.9796	0.3651	8.3558	-10.775	12.17	-56.811	49.482	-54.443	-119.83	38.677	-36.925	-144.84	6.7021
291.7	0.034798	21.687	-25.133	3.371	-2.6616	0.10131	8.2457	-11.434	11.937	-56.991	48.68	-54.693	-119.91	37.908	-37.164	-144.94	5.9649
291.7	0.03445	21.699	-25.341	3.294	-3.3482	-0.17821	8.1267	-12.204	11.808	-57.145	47.873	-54.891	-120.02	37.183	-37.515	-145.04	5.2225
291.7	0.031902	21.694	-25.596	3.0789	-4.0025	-0.41915	7.993	-12.902	11.67	-57.347	47.039	-55.07	-120.14	36.426	-37.71	-145.11	4.3843
291.71	0.036745	21.69	-25.825	3.0348	-4.8571	-0.67241	7.8883	-13.723	11.525	-57.517	46.157	-55.227	-120.24	35.628	-37.973	-145.24	3.5159
291.7	0.033953	21.698	-25.993	2.9621	-5.7137	-0.82864	7.7814	-14.413	11.406	-57.654	45.308	-55.349	-120.34	34.914	-38.268	-145.35	2.7544
291.7	0.034309	21.686	-26.207	2.8317	-6.518	-1.0948	7.6739	-15.246	11.314	-57.752	44.491	-55.473	-120.43	34.185	-38.374	-145.4	1.9381
291.7	0.034309	21.686	-26.374	2.6752	-7.3001	-1.3002	7.5349	-16.045	11.122	-57.849	43.721	-55.591	-120.53	33.423	-38.549	-145.49	1.1335
291.7	0.032272	21.681	-26.534	2.4853	-8.0502	-1.3808	7.3878	-16.67	10.908	-57.927	43.108	-55.713	-120.6	32.798	-38.725	-145.57	0.47822
291.7	0.030718	21.681	-26.593	2.4186	-8.7781	-1.4835	7.2533	-17.161	10.603	-57.991	42.609	-55.865	-120.63	32.137	-38.777	-145.6	-0.18211
291.69	0.033053	21.688	-26.713	2.2841	-9.4784	-1.5413	7.1369	-17.673	10.27	-58.044	42.284	-56.08	-120.65	31.574	-38.9	-145.65	-0.60269
291.7	0.04145	21.685	-26.867	2.106	-9.9832	-1.5918	7.013	-17.987	9.8362	-58.041	42.066	-56.342	-120.65	31.065	-39.032	-145.75	-1.0457
291.7	0.04006	21.686	-26.946	2.0822	-10.591	-1.6379	6.8998	-18.238	9.4001	-58.009	42.033	-56.616	-120.65	30.751	-39.124	-145.8	-1.3756
291.7	0.040059	21.686	-27.081	1.9558	-10.96	-1.6713	6.8265	-18.372	8.9548	-58.017	42.048	-56.954	-120.61	30.464	-39.252	-145.83	-1.5286
291.7	0.041975	21.686	-27.162	1.8983	-11.125	-1.7306	6.7868	-18.402	8.5171	-57.921	42.194	-57.296	-120.54	30.296	-39.39	-145.83	-1.5568
291.69	0.039185	21.682	-27.317	1.8565	-11.287	-1.8344	6.8029	-18.309	8.1086	-57.883	42.35	-57.627	-120.46	30.18	-39.544	-145.86	-1.5577
291.69	0.048255	21.7	-27.481	1.844	-11.378	-1.911	6.8219	-18.233	7.7382	-57.776	42.595	-57.959	-120.36	30.12	-39.664	-145.79	-1.3379
291.69	0.036505	21.693	-27.669	1.8891	-11.429	-2.0157	6.9214	-18.082	7.3697	-57.648	42.781	-58.274	-120.24	30.083	-39.985	-145.53	-1.2643
291.69	0.039266	21.685	-27.849	2.0363	-11.541	-2.132	7.0139	-17.873	7.0256	-57.525	42.947	-58.523	-120.14	30.053	-40.003	-145.58	-1.1072
291.7	0.042546	21.687	-28.014	2.0888	-11.557	-2.2824	7.1374	-17.842	6.7022	-57.328	43.109	-58.746	-120	30.023	-40.098	-145.53	-1.0168
291.7	0.042881	21.688	-28.205	2.1388	-11.674	-2.4776	7.1935	-17.927	6.3909	-57.148	43.174	-58.962	-119.86	29.968	-40.226	-145.47	-0.98248
291.7	0.041441	21.685	-28.376	2.1917	-11.851	-2.6417	7.3147	-18.007	6.0904	-56.871	43.205	-59.167	-119.7	29.883	-40.313	-145.41	-0.97979
291.69	0.038965	21.695	-28.836	2.1711	-12.628	-2.7767	7.5399	-17.961	5.7802	-56.664	43.155	-59.345	-119.52	29.782	-40.339	-145.23	-0.87284
291.7	0.036678	21.686	-28.986	2.2963	-12.783	-2.9207	7.7623	-17.96	5.5509	-56.404	43.14	-59.521	-119.35	29.66	-40.425	-145.11	-0.90329
291.7	0.042477	21.688	-29.096	2.3784	-12.902	-2.9978	7.9638	-17.888	5.3595	-56.22	43.115	-59.683	-119.15	29.475	-40.497	-145.04	-0.97906
291.7	0.043807	21.69	-29.156	2.4481	-13.008	-3.0472	8.0916	-17.895	5.2018	-56.036	43.09	-59.805	-118.98	29.325	-40.523	-144.94	-1.0173
291.7	0.044876	21.688	-29.177	2.5242	-13.09	-3.041	8.1713	-17.906	5.0692	-55.892	43.082	-59.921	-118.84	29.227	-40.538	-144.89	-1.065
291.7	0.044092	21.688	-29.177	2.593	-13.145	-3.0462	8.2766	-18.023	4.989	-55.791	43.089	-60.002	-118.71	29.156	-40.539	-144.83	-1.0599
