142.55	-2.1919	20.165	-11.952	9.927	3.2348	-5.6574	5.3625	-18.072	-1.8413	-57.676	42.182	-62.645	-123.44	26.319	-40.026	-149	-2.886
142.55	-2.1921	20.165	-11.946	9.9308	3.2535	-5.6596	5.3699	-18.058	-1.8456	-57.665	42.188	-62.649	-123.45	26.328	-40.022	-149	-2.8826
142.56	-2.187	20.159	-11.961	9.914	3.2284	-5.6619	5.3699	-18.056	-1.8586	-57.673	42.162	-62.657	-123.45	26.324	-40.032	-149.01	-2.8774
142.55	-2.1916	20.152	-11.961	9.9172	3.2411	-5.6605	5.3698	-18.057	-1.851	-57.668	42.182	-62.654	-123.45	26.338	-40.027	-149	-2.8865
142.56	-2.1874	20.171	-11.949	9.912	3.2301	-5.6626	5.3714	-18.069	-1.8588	-57.661	42.183	-62.651	-123.44	26.317	-40.036	-149	-2.8772
142.56	-2.1892	20.166	-11.961	9.914	3.2284	-5.6605	5.37	-18.057	-1.8623	-57.664	42.181	-62.649	-123.44	26.328	-40.035	-149.01	-2.8814
142.55	-2.1919	20.165	-11.961	9.9172	3.2411	-5.6599	5.3735	-18.056	-1.8588	-57.661	42.183	-62.663	-123.44	26.311	-40.029	-149	-2.8755
142.56	-2.1873	20.159	-11.954	9.9072	3.2263	-5.6573	5.3729	-18.055	-1.8535	-57.656	42.188	-62.648	-123.44	26.317	-40.024	-149	-2.8712
142.56	-2.1872	20.156	-11.962	9.9179	3.2267	-5.6649	5.3838	-18.067	-1.8539	-57.655	42.175	-62.651	-123.45	26.351	-40.028	-149	-2.8867
142.56	-2.1849	20.16	-11.945	9.9238	3.2424	-5.6651	5.3803	-18.068	-1.8564	-57.659	42.171	-62.645	-123.44	26.319	-40.024	-149	-2.8833
142.56	-2.1869	20.156	-11.956	9.9223	3.231	-5.6657	5.3789	-18.054	-1.8563	-57.657	42.172	-62.643	-123.44	26.322	-40.02	-149	-2.8819
142.55	-2.192	20.163	-11.965	9.9124	3.2373	-5.6638	5.3833	-18.065	-1.8456	-57.652	42.182	-62.637	-123.43	26.314	-40.011	-149	-2.8792
142.55	-2.1919	20.152	-11.955	9.911	3.2246	-5.6522	5.3781	-18.063	-1.839	-57.66	42.179	-62.636	-123.45	26.317	-40.001	-149	-2.89
142.57	-2.1951	20.158	-11.962	9.9179	3.2267	-5.6581	5.3744	-18.068	-1.8376	-57.657	42.181	-62.629	-123.45	26.348	-40.004	-149	-2.8765
142.56	-2.1993	20.16	-11.946	9.9276	3.2408	-5.6576	5.3744	-18.068	-1.8407	-57.673	42.172	-62.625	-123.45	26.35	-40.005	-149	-2.878
142.56	-2.1953	20.158	-11.944	9.9164	3.2344	-5.6576	5.3744	-18.068	-1.8341	-57.666	42.164	-62.63	-123.45	26.359	-39.996	-149.01	-2.8774
142.56	-2.1961	20.155	-11.933	9.921	3.2585	-5.6581	5.3744	-18.068	-1.8226	-57.674	42.166	-62.612	-123.45	26.354	-39.986	-149.02	-2.8862
142.56	-2.1953	20.158	-11.955	9.911	3.2246	-5.6522	5.3781	-18.063	-1.8179	-57.67	42.169	-62.604	-123.46	26.353	-39.98	-149.01	-2.8889
142.56	-2.1977	20.154	-11.943	9.9157	3.2488	-5.6572	5.3744	-18.068	-1.8246	-57.675	42.163	-62.608	-123.46	26.339	-39.989	-149.02	-2.8891
142.56	-2.2002	20.165	-11.954	9.9072	3.2263	-5.6576	5.3744	-18.068	-1.8272	-57.677	42.161	-62.605	-123.45	26.317	-39.996	-149.02	-2.8961
142.56	-2.1974	20.154	-11.959	9.9059	3.2347	-5.6656	5.3712	-18.074	-1.8259	-57.676	42.162	-62.609	-123.46	26.313	-39.992	-149.02	-2.8923
142.56	-2.2017	20.161	-11.96	9.9066	3.2203	-5.6633	5.372	-18.072	-1.8286	-57.665	42.167	-62.607	-123.46	26.328	-39.981	-149.02	-2.89
142.56	-2.1977	20.154	-11.964	9.9011	3.2309	-5.6713	5.3801	-18.071	-1.8329	-57.67	42.177	-62.617	-123.47	26.344	-39.989	-149.02	-2.8901
142.56	-2.1999	20.15	-11.948	9.9113	3.2445	-5.669	5.3808	-18.069	-1.8414	-57.661	42.175	-62.619	-123.47	26.305	-39.989	-149.02	-2.8896
142.55	-2.202	20.159	-11.96	9.9066	3.2203	-5.6702	5.3926	-18.064	-1.8452	-57.664	42.175	-62.621	-123.45	26.309	-39.988	-149.03	-2.883
142.56	-2.2	20.163	-11.963	9.8972	3.2326	-5.6781	5.3895	-18.07	-1.8531	-57.655	42.175	-62.625	-123.46	26.343	-39.991	-149.02	-2.893
142.56	-2.1997	20.163	-11.963	9.8976	3.232	-5.6769	5.3881	-18.058	-1.8531	-57.655	42.175	-62.625	-123.46	26.306	-39.99	-149.01	-2.89
142.56	-2.1899	20.169	-11.97	9.908	3.233	-5.6899	5.4063	-18.053	-1.8489	-57.652	42.177	-62.622	-123.45	26.309	-39.991	-149.02	-2.8919
142.56	-2.1997	20.163	-11.971	9.9087	3.2186	-5.708	5.4369	-18.045	-1.8571	-57.645	42.162	-62.62	-123.47	26.327	-39.988	-149.03	-2.8946
142.56	-2.2025	20.16	-11.976	9.9071	3.2275	-5.7124	5.4333	-18.05	-1.8498	-57.652	42.163	-62.61	-123.46	26.314	-39.989	-149.02	-2.8794
142.56	-2.1953	20.158	-11.98	9.8987	3.2248	-5.7163	5.433	-18.055	-1.8512	-57.638	42.155	-62.609	-123.46	26.302	-39.982	-149.02	-2.8916
142.55	-2.2022	20.161	-11.982	9.9033	3.2088	-5.7014	5.4535	-18.047	-1.8496	-57.65	42.149	-62.613	-123.47	26.332	-39.965	-149.02	-2.8847
142.56	-2.1997	20.165	-11.981	9.9026	3.2232	-5.7121	5.4473	-18.056	-1.8488	-57.65	42.149	-62.608	-123.46	26.335	-39.961	-149.01	-2.881
142.57	-2.1951	20.157	-11.979	9.8875	3.2185	-5.7118	5.4458	-18.043	-1.8424	-57.644	42.169	-62.61	-123.46	26.334	-39.968	-149.03	-2.8854
142.56	-2.1976	20.168	-11.975	9.8965	3.2067	-5.7077	5.4489	-18.041	-1.8351	-57.64	42.163	-62.595	-123.46	26.303	-40.036	-149.05	-2.9422
142.56	-2.1976	20.168	-11.981	9.9026	3.2232	-5.7041	5.4525	-18.034	-1.8271	-57.634	42.168	-62.594	-123.47	26.339	-39.953	-149.02	-2.8926
142.55	-2.1921	20.152	-11.966	9.9131	3.2229	-5.7089	5.4503	-18.053	-1.835	-57.64	42.161	-62.587	-123.46	26.334	-40.021	-149.04	-2.9603
142.57	-2.1951	20.158	-11.982	9.9033	3.2088	-5.7096	5.4377	-18.061	-1.8176	-57.642	42.17	-62.581	-123.47	26.332	-40.026	-149.05	-2.9393
142.56	-2.1873	20.159	-11.982	9.9033	3.2088	-5.7089	5.4503	-18.053	-1.8201	-57.643	42.153	-62.573	-123.47	26.337	-40.014	-149.04	-2.9425
142.57	-2.1948	20.157	-11.976	9.9039	3.2148	-5.7005	5.4535	-18.047	-1.8214	-57.644	42.152	-62.572	-123.48	26.331	-40.015	-149.06	-2.9389
142.57	-2.1954	20.157	-11.98	9.8914	3.2168	-5.7014	5.4535	-18.047	-1.8213	-57.641	42.153	-62.574	-123.47	26.336	-40.013	-149.06	-2.9474
142.56	-2.1901	20.169	-11.981	9.9026	3.2232	-5.7089	5.4503	-18.053	-1.8134	-57.65	42.152	-62.568	-123.48	26.335	-40.006	-149.05	-2.9413
142.56	-2.1899	20.171	-11.977	9.9077	3.2131	-5.7089	5.4503	-18.053	-1.8051	-57.644	42.146	-62.574	-123.47	26.333	-40.006	-149.05	-2.9425
142.56	-2.1991	20.166	-11.982	9.9033	3.2088	-5.7089	5.4503	-18.053	-1.8189	-57.654	42.149	-62.573	-123.48	26.317	-40.013	-149.05	-2.9617
142.55	-2.1919	20.165	-11.976	9.9071	3.2275	-5.7214	5.4434	-18.066	-1.8169	-57.653	42.15	-62.564	-123.47	26.29	-40.009	-149.05	-2.9473
142.56	-2.1971	20.153	-11.977	9.9077	3.2131	-5.7143	5.4466	-18.059	-1.8235	-57.643	42.151	-62.584	-123.47	26.328	-40.013	-149.06	-2.9511
142.55	-2.1919	20.165	-11.976	9.9071	3.2275	-5.7035	5.454	-18.048	-1.8259	-57.644	42.152	-62.58	-123.47	26.331	-40.022	-149.05	-2.9509
142.55	-2.1916	20.152	-11.981	9.9026	3.2232	-5.718	5.4589	-18.055	-1.83	-57.635	42.153	-62.586	-123.48	26.34	-40.029	-149.05	-2.9472
142.56	-2.1999	20.163	-11.98	9.8987	3.2248	-5.7212	5.456	-18.058	-1.8358	-57.639	42.161	-62.593	-123.47	26.341	-40.027	-149.05	-2.9464
142.55	-2.1921	20.165	-11.977	9.9109	3.2259	-5.7262	5.4523	-18.063	-1.8416	-57.631	42.163	-62.595	-123.46	26.303	-39.965	-149.03	-2.8976
142.55	-2.1944	20.162	-11.976	9.9071	3.2275	-5.7137	5.4592	-18.051	-1.8336	-57.625	42.17	-62.591	-123.46	26.306	-40.034	-149.05	-2.959
142.56	-2.1914	20.164	-11.983	9.9107	3.2169	-5.7306	5.4597	-18.047	-1.8473	-57.621	42.167	-62.604	-123.46	26.338	-40.03	-149.05	-2.9547
142.55	-2.1939	20.162	-11.984	9.9146	3.2152	-5.7298	5.4513	-18.05	-1.851	-57.625	42.161	-62.608	-123.46	26.345	-40.028	-149.05	-2.9408
142.55	-2.1921	20.165	-11.975	9.9032	3.2292	-5.7264	5.4649	-18.055	-1.8548	-57.625	42.161	-62.594	-123.46	26.306	-40.025	-149.05	-2.9382
142.55	-2.1913	20.165	-11.983	9.9139	3.2296	-5.7217	5.456	-18.057	-1.8544	-57.625	42.159	-62.603	-123.46	26.338	-39.954	-149.02	-2.8866
142.55	-2.2044	20.159	-11.986	9.8978	3.2194	-5.7187	5.4574	-18.042	-1.859	-57.628	42.142	-62.597	-123.47	26.326	-40.025	-149.06	-2.952
142.54	-2.196	20.156	-11.982	9.9033	3.2088	-5.7176	5.4589	-18.056	-1.8453	-57.633	42.16	-62.597	-123.47	26.336	-39.952	-149.03	-2.9014
142.56	-2.1997	20.163	-11.976	9.9071	3.2275	-5.7226	5.456	-18.057	-1.84	-57.629	42.15	-62.587	-123.47	26.328	-40.018	-149.06	-2.9528
142.55	-2.204	20.156	-11.976	9.9071	3.2275	-5.7221	5.4559	-18.057	-1.8374	-57.639	42.145	-62.585	-123.47	26.325	-39.948	-149.03	-2.8985
142.55	-2.196	20.158	-11.981	9.9026	3.2232	-5.7202	5.4561	-18.058	-1.8253	-57.631	42.157	-62.583	-123.47	26.292	-40.026	-149.05	-2.9535
142.56	-2.1893	20.155	-11.981	9.8994	3.2105	-5.7207	5.456	-18.058	-1.8222	-57.643	42.152	-62.578	-123.47	26.332	-40.013	-149.05	-2.9479
142.56	-2.2022	20.16	-11.981	9.9026	3.2232	-5.7153	5.4598	-18.053	-1.8242	-57.644	42.149	-62.584	-123.47	26.34	-39.959	-149.03	-2.9013
142.55	-2.204	20.156	-11.972	9.9125	3.2169	-5.7221	5.4559	-18.057	-1.825	-57.63	42.143	-62.581	-123.47	26.332	-39.952	-149.02	-2.9077
142.56	-2.1922	20.166	-11.982	9.9065	3.2215	-5.7176	5.4589	-18.056	-1.8254	-57.644	42.148	-62.59	-123.46	26.331	-40.026	-149.05	-2.9537
142.55	-2.1942	20.162	-11.981	9.9026	3.2232	-5.718	5.4589	-18.055	-1.832	-57.636	42.151	-62.587	-123.48	26.34	-39.957	-149.03	-2.8999
142.55	-2.1946	20.163	-11.971	9.9118	3.2313	-5.7185	5.459	-18.055	-1.8271	-57.633	42.155	-62.586	-123.46	26.344	-40.032	-149.05	-2.9581
142.56	-2.2026	20.163	-11.975	9.9032	3.2292	-5.718	5.4589	-18.055	-1.8225	-57.632	42.16	-62.586	-123.46	26.346	-40.031	-149.05	-2.9576
142.56	-2.1996	20.164	-11.974	9.9238	3.2233	-5.7157	5.4597	-18.053	-1.8258	-57.632	42.155	-62.579	-123.47	26.31	-39.956	-149.02	-2.8953
142.55	-2.2044	20.159	-11.977	9.9077	3.2131	-5.7051	5.4658	-18.043	-1.8266	-57.632	42.156	-62.578	-123.47	26.309	-40.03	-149.04	-2.9627
142.56	-2.2022	20.16	-11.977	9.9077	3.2131	-5.718	5.4589	-18.055	-1.8259	-57.644	42.135	-62.585	-123.46	26.333	-40.032	-149.04	-2.9525
142.56	-2.1974	20.168	-11.975	9.9032	3.2292	-5.718	5.4589	-18.055	-1.8129	-57.624	42.167	-62.579	-123.47	26.32	-40.032	-149.05	-2.9582
142.56	-2.1997	20.163	-11.971	9.9118	3.2313	-5.7184	5.4604	-18.069	-1.8216	-57.627	42.148	-62.585	-123.46	26.333	-40.022	-149.06	-2.9573
142.56	-2.2001	20.165	-11.972	9.9125	3.2169	-5.7101	5.4621	-18.049	-1.8179	-57.641	42.155	-62.576	-123.47	26.334	-40.032	-149.06	-2.9575
142.55	-2.204	20.156	-11.977	9.9077	3.2131	-5.7135	5.4627	-18.05	-1.8138	-57.637	42.159	-62.581	-123.47	26.331	-40.035	-149.05	-2.9588
142.56	-2.1977	20.167	-11.971	9.9083	3.2191	-5.7176	5.4589	-18.056	-1.8134	-57.636	42.146	-62.576	-123.47	26.322	-40.032	-149.05	-2.96
142.56	-2.1974	20.168	-11.977	9.9077	3.2131	-5.7063	5.4666	-18.06	-1.8088	-57.632	42.151	-62.572	-123.46	26.3	-40.034	-149.06	-2.9625
142.56	-2.2	20.163	-11.978	9.919	3.2195	-5.7188	5.4605	-18.068	-1.8083	-57.631	42.15	-62.571	-123.46	26.326	-39.952	-149.02	-2.8993
142.55	-2.1914	20.15	-11.977	9.9077	3.2131	-5.7184	5.4604	-18.069	-1.81	-57.631	42.136	-62.571	-123.47	26.336	-39.945	-149.01	-2.9034
142.55	-2.1919	20.165	-11.977	9.9077	3.2131	-5.7157	5.4634	-18.066	-1.8051	-57.629	42.152	-62.568	-123.46	26.316	-40.023	-149.05	-2.9663
142.56	-2.1991	20.149	-11.978	9.919	3.2195	-5.7138	5.4634	-18.067	-1.8121	-57.634	42.148	-62.557	-123.46	26.293	-40.026	-149.05	-2.9692
142.55	-2.2046	20.159	-11.969	9.9282	3.2277	-5.7107	5.4671	-18.06	-1.8051	-57.629	42.152	-62.561	-123.46	26.331	-39.944	-149.02	-2.9231
142.55	-2.2019	20.146	-11.978	9.919	3.2195	-5.7093	5.4672	-18.061	-1.8051	-57.641	42.132	-62.557	-123.47	26.315	-40.013	-149.05	-2.977
142.56	-2.2023	20.16	-11.971	9.9083	3.2191	-5.7093	5.4672	-18.061	-1.7964	-57.637	42.139	-62.558	-123.47	26.316	-39.935	-149.02	-2.9147
142.56	-2.1973	20.155	-11.969	9.9282	3.2277	-5.7143	5.4634	-18.067	-1.7965	-57.636	42.125	-62.554	-123.47	26.332	-39.951	-149.03	-2.9272
142.56	-2.1996	20.165	-11.972	9.9122	3.2175	-5.7045	5.4583	-18.064	-1.7794	-57.638	42.147	-62.546	-123.46	26.323	-40.015	-149.05	-2.9798
142.56	-2.1999	20.165	-11.959	9.9342	3.2231	-5.6973	5.4629	-18.07	-1.7772	-57.636	42.149	-62.541	-123.47	26.322	-40.015	-149.05	-2.9796
142.56	-2.1901	20.169	-11.973	9.9234	3.2239	-5.7017	5.4627	-18.075	-1.7798	-57.638	42.134	-62.547	-123.46	26.334	-40.015	-149.05	-2.9795
142.56	-2.1998	20.166	-11.975	9.928	3.2078	-5.7067	5.459	-18.08	-1.7777	-57.635	42.136	-62.55	-123.46	26.321	-40.019	-149.06	-2.9821
142.55	-2.2043	20.156	-11.956	9.9219	3.2316	-5.6992	5.4622	-18.073	-1.7689	-57.632	42.155	-62.541	-123.46	26.328	-40.016	-149.05	-2.9791
142.56	-2.1976	20.168	-11.972	9.9122	3.2175	-5.6996	5.4622	-18.073	-1.772	-57.648	42.145	-62.537	-123.47	26.326	-40.025	-149.05	-2.9695
142.56	-2.2001	20.166	-11.962	9.9214	3.2256	-5.6942	5.4659	-18.068	-1.7847	-57.669	42.129	-62.543	-123.48	26.334	-39.95	-149.03	-2.9312
142.56	-2.2023	20.164	-11.962	9.9214	3.2256	-5.695	5.4674	-18.081	-1.7852	-57.683	42.134	-62.541	-123.49	26.34	-39.954	-149.02	-2.9263
142.56	-2.1999	20.163	-11.945	9.9305	3.2541	-5.6936	5.4674	-18.082	-1.7872	-57.701	42.127	-62.531	-123.49	26.307	-39.967	-149.03	-2.9366
142.56	-2.1997	20.165	-11.95	9.9222	3.2406	-5.6921	5.4718	-18.092	-1.807	-57.729	42.117	-62.546	-123.51	26.331	-39.976	-149.02	-2.9241
142.55	-2.2017	20.159	-11.95	9.9222	3.2406	-5.688	5.4749	-18.09	-1.8259	-57.745	42.126	-62.55	-123.52	26.366	-39.986	-149.03	-2.9293
142.56	-2.2002	20.165	-11.939	9.9276	3.2503	-5.6876	5.4748	-18.09	-1.8498	-57.765	42.132	-62.555	-123.53	26.37	-39.994	-149.04	-2.9223
142.56	-2.1997	20.163	-11.947	9.9103	3.2485	-5.6839	5.4954	-18.092	-1.8839	-57.804	42.125	-62.552	-123.56	26.362	-40.011	-149.03	-2.9305
142.56	-2.2022	20.16	-11.948	9.8861	3.2555	-5.6887	5.525	-18.033	-1.9167	-57.832	42.15	-62.564	-123.57	26.388	-40.015	-149.05	-2.9222
142.55	-2.1926	20.167	-11.908	9.8873	3.2891	-5.6755	5.5348	-18.017	-1.979	-57.86	42.218	-62.586	-123.6	26.395	-40.02	-149.07	-2.9184
142.55	-2.1918	20.152	-11.928	9.8542	3.318	-5.6914	5.5925	-17.978	-2.0294	-57.908	42.296	-62.594	-123.62	26.361	-40.016	-149.09	-2.9253
142.56	-2.1976	20.168	-11.974	9.8019	3.3248	-5.7288	5.6733	-17.893	-2.068	-57.966	42.4	-62.621	-123.66	26.374	-40.002	-149.11	-2.9176
142.56	-2.1922	20.166	-12.002	9.7796	3.3542	-5.7878	5.7765	-17.76	-2.115	-58.033	42.524	-62.63	-123.7	26.381	-40.055	-149.15	-2.9458
142.56	-2.1976	20.168	-12.033	9.8167	3.7062	-5.8962	5.9356	-17.577	-2.1546	-58.12	42.617	-62.61	-123.75	26.398	-40.014	-149.18	-2.9344
142.56	-2.2	20.163	-12.198	9.7738	4.0739	-6.0826	6.2139	-17.246	-2.1479	-58.246	42.676	-62.551	-123.84	26.465	-39.967	-149.22	-2.9437
142.57	-2.1951	20.158	-12.382	9.7734	4.636	-6.294	6.396	-16.917	-2.0588	-58.435	42.828	-62.466	-123.93	26.506	-39.868	-149.25	-2.9428
142.56	-2.1922	20.166	-12.615	9.8467	5.0261	-6.4518	6.6528	-16.304	-1.897	-58.708	42.996	-62.334	-124.06	26.593	-39.816	-149.31	-3.008
142.57	-2.1951	20.158	-12.649	9.9159	5.8496	-6.631	6.8848	-15.692	-1.7002	-59.021	43.197	-62.132	-124.24	26.707	-39.743	-149.37	-3.0361
142.56	-2.1919	20.166	-12.67	9.9487	6.7556	-6.6643	7.106	-14.838	-1.401	-59.443	43.369	-61.875	-124.44	26.843	-39.628	-149.42	-3.0749
142.56	-2.2005	20.164	-12.414	9.9757	8.0294	-6.5416	7.2781	-13.872	-1.0535	-59.925	43.621	-61.605	-124.64	26.992	-39.513	-149.45	-3.2259
142.56	-2.2022	20.16	-12.134	10.042	9.2828	-6.2808	7.3796	-12.778	-0.60553	-60.511	43.931	-61.304	-124.9	27.182	-39.439	-149.47	-3.2885
142.56	-2.1976	20.168	-11.742	10.104	10.64	-5.8924	7.4565	-11.567	-0.10422	-61.226	44.205	-60.991	-125.16	27.327	-39.313	-149.67	-3.4371
142.57	-2.1954	20.157	-11.044	10.075	12.389	-5.3133	7.4494	-10.219	0.49403	-62.041	44.58	-60.617	-125.48	27.476	-39.188	-149.79	-3.5259
142.56	-2.1981	20.169	-10.362	10.079	13.942	-4.5202	7.3738	-8.8004	1.1385	-62.917	44.921	-60.23	-125.83	27.587	-39.041	-149.93	-3.6228
142.57	-2.2034	20.171	-9.3051	10.107	16.097	-3.5366	7.2998	-7.3276	1.8905	-63.97	45.35	-59.816	-126.2	27.719	-38.96	-150.16	-3.8074
142.57	-2.2047	20.171	-8.0543	10.199	18.157	-2.2542	7.1094	-5.7245	2.7177	-65.092	45.795	-59.329	-126.64	27.855	-38.722	-150.33	-3.8603
142.58	-2.2012	20.173	-6.5349	10.388	20.768	-0.57652	6.8779	-3.9216	3.5695	-66.283	46.22	-58.803	-127.09	28.029	-38.513	-150.5	-4.0442
142.57	-2.2067	20.169	-4.5395	10.81	23.726	1.3637	6.6469	-2.2448	4.46	-67.574	46.66	-58.23	-127.59	28.242	-38.238	-150.83	-4.373
142.58	-2.2053	20.172	-2.4699	11.18	26.826	3.6013	6.2805	-0.4205	5.4224	-68.883	47.116	-57.621	-128.14	28.42	-37.972	-151.11	-4.5019
142.58	-2.2148	20.167	-0.30831	11.507	29.782	5.912	5.8337	1.3444	6.3839	-70.22	47.487	-56.97	-128.7	28.565	-37.607	-151.45	-4.6501
142.58	-2.215	20.182	1.9668	11.735	32.666	8.245	5.2685	2.9959	7.4423	-71.589	47.906	-56.264	-129.29	28.702	-37.187	-151.88	-4.8195
142.58	-2.2183	20.179	4.3646	11.792	35.559	10.718	4.6203	4.6918	8.5435	-72.995	48.242	-55.513	-129.89	28.877	-36.737	-152.29	-5.0186
142.58	-2.2247	20.179	6.7579	11.915	38.151	13.291	3.9653	6.2684	9.6946	-74.391	48.57	-54.657	-130.51	29.061	-36.35	-152.49	-5.2892
142.58	-2.2294	20.175	9.3721	12.206	40.751	16.025	3.1642	7.7907	10.866	-75.777	48.846	-53.741	-131.13	29.218	-35.726	-152.94	-5.3591
142.59	-2.2352	20.178	11.989	12.217	43.179	18.876	2.2218	9.065	12.045	-77.16	49.233	-52.875	-131.67	29.314	-35.087	-153.37	-5.1298
142.59	-2.2377	20.188	14.957	12.273	45.612	21.902	1.1097	10.209	13.158	-78.459	49.644	-52.081	-132.06	29.38	-34.275	-153.81	-4.861
142.58	-2.24	20.183	17.783	12.118	47.456	24.992	-0.11193	11.306	14.312	-79.702	50.154	-51.232	-132.4	29.456	-33.199	-154.31	-4.7331
142.57	-2.2465	20.176	20.726	11.949	48.863	28.193	-1.3519	12.373	15.501	-80.992	50.617	-50.198	-132.81	29.523	-31.93	-155.07	-4.6835
142.58	-2.2453	20.178	23.753	11.542	50.121	31.433	-2.6925	13.359	16.81	-82.248	51.074	-49.002	-133.35	29.567	-30.731	-155.86	-4.5873
142.57	-2.249	20.185	26.752	11.136	50.967	35.079	-3.8374	14.719	18.584	-83.168	51.966	-47.715	-133.89	29.678	-29.741	-156.32	-4.3592
142.58	-2.2549	20.172	29.842	10.609	51.793	38.448	-5.3136	15.534	20.127	-84.454	52.448	-46.414	-134.35	29.738	-28.311	-157.24	-4.027
142.56	-2.253	20.178	33.048	10.06	52.622	41.843	-6.869	16.205	21.807	-85.732	52.81	-45.08	-134.74	29.832	-26.847	-157.93	-3.9394
142.57	-2.2414	20.188	36.327	9.4625	53.409	45.331	-8.5327	16.819	23.63	-87.044	53.151	-43.657	-135.16	29.967	-25.618	-158.32	-3.7046
142.57	-2.2458	20.191	39.691	8.7921	54.168	48.872	-10.2	17.376	25.633	-88.423	53.444	-42.093	-135.6	30.047	-24.012	-159.08	-3.4454
142.57	-2.2461	20.175	47.908	11.094	59.277	52.927	-11.742	18.239	27.773	-89.843	53.685	-40.36	-136.06	30.204	-22.459	-159.75	-3.2594
142.57	-2.2339	20.182	51.924	10.681	60.676	56.634	-13.548	18.784	30.05	-91.251	53.795	-38.547	-136.51	30.336	-20.797	-160.35	-3.137
142.57	-2.2328	20.184	55.415	10.059	61.284	60.441	-15.31	19.281	32.465	-92.735	53.979	-36.642	-136.93	30.57	-19.144	-160.92	-2.9196
142.58	-2.2261	20.192	58.968	9.3173	62.13	64.243	-17.108	19.651	34.99	-94.162	54.041	-34.656	-137.3	30.789	-17.617	-161.21	-2.8142
142.58	-2.2253	20.182	62.566	8.595	62.836	68.137	-18.883	19.936	37.617	-95.568	54.145	-32.572	-137.68	31.037	-15.789	-161.78	-2.5365
142.59	-2.231	20.182	65.604	7.5315	62.783	72.082	-20.651	20.159	40.372	-96.897	54.092	-30.382	-138.07	31.391	-13.959	-162.06	-2.2938
142.59	-2.2308	20.181	64.934	3.6343	59.43	75.893	-22.561	19.995	43.181	-98.128	54.082	-28.088	-138.4	31.685	-12.084	-162.5	-2.1198
142.59	-2.2305	20.182	68.776	3.0553	60.044	80.004	-24.264	19.999	46.067	-99.245	53.971	-25.676	-138.72	32.018	-10.023	-162.91	-1.7449
142.6	-2.2285	20.187	72.704	2.4267	60.546	84.203	-25.876	19.892	49.055	-100.31	53.755	-23.216	-138.96	32.337	-7.9553	-163.29	-1.5913
142.59	-2.2296	20.184	80.651	5.3873	64.519	88.658	-27.37	19.815	52.051	-101.26	53.585	-20.692	-139.17	32.674	-5.7471	-163.61	-1.313
142.6	-2.2287	20.187	80.657	1.596	61.386	92.712	-29.075	19.254	55.092	-102.1	53.292	-18.113	-139.33	33.011	-3.4952	-163.94	-0.93467
142.6	-2.2276	20.188	84.646	1.3371	61.541	97.047	-30.551	18.713	58.151	-102.82	53.021	-15.481	-139.42	33.312	-0.88323	-164.42	-0.65102
142.59	-2.2216	20.185	92.475	4.7046	65.157	101.64	-31.863	18.374	61.289	-103.42	52.647	-12.811	-139.4	33.588	1.4532	-164.65	-0.3487
142.59	-2.2336	20.177	92.74	1.0786	61.925	105.8	-33.346	17.537	64.404	-103.89	52.285	-10.09	-139.32	33.923	3.9052	-164.78	0.14431
142.57	-2.2359	20.177	100.39	4.7083	65.166	110.37	-34.496	17.038	67.573	-104.27	51.919	-7.3701	-139.21	34.242	6.3323	-164.92	0.56588
142.57	-2.2333	20.197	104.29	4.7753	65.192	114.78	-35.746	16.433	70.745	-104.56	51.487	-4.5919	-139.03	34.517	8.7245	-164.78	1.0033
142.57	-2.2356	20.178	56.609	-26.04	15.706	119.15	-36.871	15.767	73.949	-104.77	51.028	-1.7744	-138.82	34.765	11.218	-164.8	1.3816
142.56	-2.2309	20.189	59.666	-26.172	14.845	123.45	-37.968	15.083	77.084	-104.88	50.615	1.0606	-138.59	35.01	13.798	-164.75	1.7589
142.56	-2.2408	20.185	62.632	-26.235	13.989	127.9	-38.744	14.596	80.245	-104.88	50.178	3.9399	-138.35	35.255	16.384	-164.68	2.1346
142.57	-2.2383	20.19	65.489	-26.132	13.277	132.08	-39.544	13.932	83.357	-104.81	49.673	6.8135	-138.06	35.437	19.069	-164.76	2.4057
142.57	-2.2383	20.19	68.186	-26.002	12.524	136.15	-40.243	13.317	86.399	-104.66	49.297	9.6628	-137.78	35.6	21.708	-164.61	2.7024
142.56	-2.2299	20.175	70.759	-25.699	11.852	140.1	-40.734	12.688	89.373	-104.34	48.809	12.502	-137.43	35.737	24.24	-164.32	2.852
141.9	-2.7733	19.396	73.186	-25.355	11.026	143.79	-41.187	11.948	92.275	-103.91	48.426	15.277	-137.02	35.831	26.955	-164.23	3.2062
141.9	-2.7726	19.383	75.472	-24.933	10.168	147.33	-41.341	11.189	95.089	-103.3	48.021	17.987	-136.57	35.953	29.448	-163.86	3.239
141.9	-2.7679	19.388	77.58	-24.425	9.3216	150.68	-41.277	10.496	97.782	-102.59	47.695	20.612	-136.02	36.001	32.135	-163.76	3.639
141.91	-2.762	19.398	79.554	-23.859	8.3887	153.71	-41.01	9.7439	100.37	-101.69	47.382	23.169	-135.39	36.088	34.481	-163.1	3.881
141.91	-2.762	19.398	81.356	-23.225	7.4686	156.49	-40.498	9.063	102.86	-100.65	47.166	25.589	-134.73	36.22	36.966	-162.64	4.065
141.91	-2.762	19.398	83.03	-22.474	6.6717	158.98	-39.732	8.4484	105.21	-99.522	46.957	27.932	-133.99	36.276	39.424	-162.25	4.5462
141.91	-2.762	19.398	84.571	-21.687	5.9502	161.23	-38.711	7.8835	107.45	-98.355	46.809	30.196	-133.2	36.45	41.757	-161.78	4.8627
141.91	-2.762	19.398	85.995	-20.812	5.3134	163.15	-37.503	7.3236	109.56	-97.026	46.71	32.355	-132.39	36.574	43.824	-160.85	5.07
141.91	-2.762	19.398	87.347	-19.896	4.6789	164.91	-36.075	6.8478	111.61	-95.648	46.679	34.404	-131.5	36.706	45.96	-160.14	5.4195
142.36	-2.3332	19.965	88.913	-19.312	4.0508	166.45	-34.577	6.3852	113.52	-94.209	46.698	36.398	-130.6	36.913	48.108	-159.59	5.9107
142.36	-2.3314	19.971	90.148	-18.229	3.6605	167.92	-32.881	5.9879	115.37	-92.732	46.764	38.308	-129.64	37.175	50.111	-158.76	6.3091
142.35	-2.3357	19.959	91.31	-17.12	3.2799	169.29	-31.246	5.6672	117.14	-91.209	46.88	40.102	-128.59	37.37	51.921	-157.69	6.7105
142.35	-2.3369	19.958	92.481	-15.987	3.105	170.51	-29.61	5.3555	118.79	-89.703	47.018	41.821	-127.54	37.609	53.826	-156.8	7.1332
142.34	-2.3441	19.965	93.618	-14.811	2.8546	171.77	-27.997	5.2379	120.38	-88.167	47.189	43.468	-126.43	37.879	55.527	-155.72	7.5109
142.33	-2.3384	19.962	94.835	-13.649	2.812	172.93	-26.355	5.1653	121.9	-86.643	47.441	45.044	-125.28	38.083	57.321	-154.71	7.8626
142.33	-2.3314	19.963	96.052	-12.429	2.6793	174.08	-24.713	5.1662	123.4	-85.164	47.732	46.597	-124.11	38.313	58.912	-153.58	8.2196
142.55	-2.233	20.184	97.263	-11.155	2.437	175.05	-23.21	5.1134	124.81	-83.684	47.978	48.06	-122.95	38.545	60.464	-152.43	8.5229
142.55	-2.2249	20.187	98.531	-10.019	2.4801	176.03	-21.588	5.107	126.18	-82.193	48.307	49.522	-121.74	38.735	62.032	-151.26	8.8498
142.54	-2.2292	20.178	99.825	-8.7671	2.2992	176.85	-19.957	4.9219	127.57	-80.752	48.55	50.926	-120.55	38.929	63.549	-150.13	9.145
142.55	-2.2239	20.174	101.13	-7.558	2.0258	177.56	-18.289	4.6516	128.91	-79.309	48.798	52.307	-119.38	39.121	65.001	-149	9.3895
142.56	-2.2299	20.175	102.47	-6.4184	1.9113	178.06	-16.619	4.2435	130.27	-77.899	48.952	53.671	-118.22	39.321	66.496	-147.91	9.6877
142.56	-2.2261	20.182	103.84	-5.2728	1.6541	178.33	-14.916	3.549	131.65	-76.508	49.128	55.027	-117.1	39.479	67.867	-146.82	9.8611
142.56	-2.2255	20.168	105.34	-4.1459	1.4176	178.4	-13.219	2.7639	133.05	-75.131	49.244	56.378	-116	39.645	69.254	-145.71	10.042
142.56	-2.2281	20.178	106.81	-3.1278	1.0513	178.19	-11.501	1.7445	134.45	-73.794	49.25	57.707	-114.95	39.789	70.64	-144.62	10.158
142.56	-2.2304	20.175	108.41	-2.1464	0.63812	177.72	-9.774	0.52831	135.87	-72.47	49.301	59.02	-113.94	39.964	71.894	-143.63	10.298
142.57	-2.2225	20.172	110.11	-1.2327	0.21608	176.95	-8.0583	-0.79203	137.32	-71.172	49.263	60.301	-112.99	40.105	73.204	-142.56	10.464
142.58	-2.2268	20.176	111.87	-0.35825	-0.45603	175.92	-6.4045	-2.2377	138.74	-69.929	49.14	61.619	-112.03	40.166	74.452	-141.55	10.531
142.57	-2.2315	20.172	113.67	0.30577	-1.0985	174.65	-4.7317	-3.6571	140.26	-68.665	49.097	62.931	-111.16	40.284	75.703	-140.64	10.613
142.58	-2.2257	20.178	115.58	0.97237	-1.9581	173.23	-3.1176	-5.0525	141.66	-67.493	48.984	64.243	-110.35	40.383	76.975	-139.79	10.609
142.57	-2.2298	20.171	117.53	1.5278	-2.6123	171.73	-1.5819	-6.3272	143.1	-66.337	48.904	65.547	-109.57	40.453	78.281	-139.07	10.608
142.57	-2.2327	20.184	119.27	1.8028	-3.3241	170.15	-0.13981	-7.5656	144.57	-65.203	48.834	66.89	-108.85	40.53	79.53	-138.19	10.662
142.44	-2.2956	20.147	120.64	1.7351	-4.8115	168.57	1.0935	-8.6502	145.71	-64.428	48.326	68.228	-108.18	40.569	80.906	-137.54	10.741
142.44	-2.2971	20.144	122.56	2.1197	-5.133	167.16	2.214	-9.4588	147.21	-63.483	48.376	69.641	-107.58	40.679	82.194	-136.9	10.668
142.47	-2.2735	20.154	124.36	2.5394	-5.4665	165.88	3.1395	-10.263	148.66	-62.646	48.357	71.047	-107.01	40.686	83.65	-136.34	10.662
143.35	-1.8407	20.261	125.39	3.1812	-5.5747	165.09	3.9749	-10.764	150.16	-61.842	48.49	72.54	-106.51	40.781	85.01	-135.76	10.719
144.94	-1.1406	20.223	126.43	3.7705	-5.2598	165.8	4.5836	-10.71	151.61	-61.202	48.71	74.071	-106.08	40.873	86.528	-135.23	10.768
146.67	-0.49319	20.273	127.79	4.3429	-5.0052	166.57	4.6506	-11.43	153.15	-60.678	48.955	75.676	-105.72	41.015	88.146	-134.86	10.87
148.48	-0.060404	20.367	129.56	4.7808	-4.8575	168.92	5.2814	-10.632	154.84	-60.188	49.162	77.328	-105.41	41.177	89.771	-134.47	11.041
150.32	0.13385	20.535	131.54	4.9933	-4.6335	170.26	5.0788	-11.066	156.63	-59.836	49.476	79.004	-105.05	41.341	91.423	-134.11	11.225
152.36	0.29182	20.921	133.71	5.137	-4.4545	173.02	5.5304	-9.9491	158.53	-59.685	49.913	80.731	-104.67	41.523	93.191	-133.85	11.458
154.36	0.29848	21.25	136.01	5.3077	-4.1427	175.33	5.5984	-9.3874	160.5	-59.639	50.352	82.529	-104.33	41.682	95.035	-133.64	11.644
156.6	0.34	21.848	138.46	5.3737	-3.601	177.73	5.6277	-8.6746	162.66	-59.701	50.842	84.499	-104.04	41.859	96.92	-133.39	11.853
159	0.26837	22.452	141.08	5.4416	-3.1139	180.36	5.5881	-7.9376	164.94	-59.858	51.332	86.584	-103.87	42.04	98.951	-133.14	12.009
161.72	0.20967	23.2	143.85	5.417	-2.3805	183.1	5.4225	-7.2645	167.31	-60.053	51.851	88.826	-103.76	42.313	101.1	-133.1	12.158
164.68	0.040026	23.956	146.8	5.3892	-1.7404	186	5.22	-6.5065	169.79	-60.389	52.403	91.163	-103.66	42.546	103.3	-133	12.376
167.74	-0.27583	24.614	149.91	5.2407	-0.93879	189.1	4.9275	-5.706	172.36	-60.748	52.958	93.546	-103.57	42.784	105.55	-132.86	12.559
170.96	-0.59116	25.366	153.15	5.0357	-0.32959	192.29	4.566	-4.9338	175.08	-61.121	53.539	96.025	-103.46	43.059	107.87	-132.76	12.787
174.17	-1.0023	26.013	156.47	4.8452	0.20642	195.58	4.1716	-4.1744	177.83	-61.59	54.075	98.561	-103.43	43.358	110.36	-132.87	13.078
177.45	-1.3929	26.74	159.87	4.6271	0.75492	199.02	3.7494	-3.3738	180.69	-62.043	54.607	101.2	-103.38	43.675	112.83	-132.78	13.299
180.74	-1.8326	27.424	163.35	4.259	1.6607	201.72	2.9528	-3.2915	183.6	-62.502	55.136	103.89	-103.34	43.941	115.34	-132.78	13.485
184.15	-2.2381	28.14	166.85	4.0426	2.1919	205.88	2.8653	-1.9354	186.57	-62.993	55.72	106.65	-103.34	44.265	117.85	-132.71	13.851
187.61	-2.7145	28.812	170.41	3.6377	2.998	208.85	2.0912	-1.8	189.56	-63.557	56.149	109.45	-103.29	44.548	120.54	-132.88	14.089
191.19	-3.2033	29.497	174.01	3.3873	3.4549	213	1.9575	-0.50103	192.59	-64.059	56.678	112.26	-103.27	44.832	123.06	-132.72	14.27
194.78	-3.6899	30.089	177.69	3.0322	4.1015	216.65	1.4582	0.21636	195.69	-64.562	57.125	115.14	-103.21	45.12	125.88	-132.91	14.681
198.44	-4.1689	30.648	181.4	2.5955	4.6803	220.32	0.89405	0.68304	198.8	-65.023	57.584	118.02	-103.16	45.374	128.48	-132.74	14.884
202.12	-4.661	31.118	185.15	2.2454	5.0047	224.09	0.36436	1.2169	201.93	-65.531	57.96	120.93	-103.05	45.601	131.23	-132.76	15.232
205.79	-5.1811	31.49	188.9	1.8867	5.2199	227.24	-0.57846	0.86884	205.08	-65.94	58.322	123.85	-102.93	45.843	133.93	-132.67	15.448
209.43	-5.719	31.701	192.67	1.4447	5.4912	231.6	-0.76818	1.9653	208.25	-66.358	58.641	126.76	-102.8	46.042	136.66	-132.75	15.672
213.14	-6.1803	31.916	196.44	1.0782	5.6203	235.37	-1.3484	2.2142	211.44	-66.735	58.859	129.69	-102.62	46.264	139.36	-132.66	15.9
216.79	-6.6654	32.013	200.18	0.60777	5.7306	239.09	-1.9239	2.3128	214.62	-67.083	59.002	132.6	-102.44	46.413	142.12	-132.6	16.168
220.45	-7.1158	32.12	203.9	0.15191	5.6899	242.1	-2.9242	1.4713	217.81	-67.428	59.174	135.52	-102.26	46.573	144.84	-132.5	16.386
224.04	-7.5887	32.067	207.59	-0.20475	5.5861	245.86	-3.391	1.6531	220.97	-67.724	59.238	138.44	-102.05	46.695	147.52	-132.39	16.518
227.57	-7.9826	32.05	211.18	-0.6449	5.5776	250.05	-3.5288	2.359	224.06	-68.065	59.225	141.33	-101.87	46.773	150.22	-132.36	16.698
231.03	-8.3848	32.033	214.72	-1.0672	5.6271	253.59	-3.976	2.2368	227.17	-68.369	59.156	144.2	-101.64	46.804	152.82	-132.19	16.672
234.46	-8.7477	31.962	218.17	-1.3288	5.4434	257.12	-4.3294	2.3382	230.23	-68.651	59.121	147.05	-101.44	46.826	155.38	-132.04	16.653
237.78	-9.1142	31.845	221.54	-1.6593	5.4052	259.96	-5.0083	1.5493	233.23	-68.981	58.928	149.86	-101.24	46.769	157.99	-131.89	16.624
241.04	-9.4958	31.708	224.82	-1.8564	5.3673	263.29	-5.3579	1.5146	236.2	-69.243	58.767	152.61	-101.06	46.676	160.53	-131.83	16.572
244.27	-9.788	31.548	228.03	-2.2014	5.2791	266.99	-5.3787	1.9463	239.04	-69.487	58.521	155.33	-100.84	46.572	163.08	-131.87	16.479
247.4	-10.055	31.38	231.12	-2.3322	5.1604	269.53	-6.0331	0.9993	241.79	-69.69	58.269	157.93	-100.61	46.393	165.47	-131.63	16.418
250.38	-10.279	31.185	234.14	-2.5784	4.8352	273.19	-5.9291	1.5642	244.45	-69.846	58.018	160.47	-100.33	46.183	167.75	-131.49	16.09
253.26	-10.465	30.862	237.05	-2.71	4.5095	276.11	-6.1895	1.3105	247.01	-69.965	57.801	162.9	-100.05	45.936	169.89	-130.87	15.847
255.96	-10.661	30.525	239.88	-2.9329	4.0873	278.45	-6.6907	0.35921	249.45	-70.008	57.519	165.24	-99.726	45.68	171.99	-130.66	15.533
258.53	-10.802	30.122	242.58	-3.1289	3.7138	281.65	-6.625	0.6951	251.8	-70.025	57.256	167.46	-99.386	45.363	174.06	-130.45	15.203
261.03	-10.865	29.753	245.14	-3.1219	3.0888	284.29	-6.7811	0.41176	253.98	-69.976	56.952	169.59	-99.01	45.027	176.08	-130.17	15.074
263.32	-10.917	29.295	247.58	-3.3172	2.6595	286.22	-7.2084	-0.63699	256.07	-69.891	56.598	171.61	-98.631	44.674	177.96	-129.89	14.775
265.51	-10.918	28.81	249.85	-3.2853	2.2272	289.11	-6.9539	-0.36483	258.05	-69.755	56.248	173.56	-98.224	44.309	179.81	-129.65	14.471
267.57	-10.856	28.353	251.99	-3.322	1.5674	291.26	-6.9509	-0.77881	259.91	-69.59	55.866	175.38	-97.804	43.931	181.5	-129.34	14.136
269.51	-10.719	27.903	253.98	-3.2695	1.0775	293.27	-6.9201	-1.2123	261.71	-69.382	55.521	177.14	-97.392	43.551	183.18	-129.01	13.86
271.32	-10.603	27.41	255.83	-3.2533	0.72069	295.19	-6.8196	-1.6198	263.39	-69.13	55.138	178.78	-96.993	43.132	184.99	-129.06	13.717
273.02	-10.442	26.904	257.53	-2.9791	-0.020955	296.92	-6.6834	-2.0769	264.98	-68.886	54.719	180.33	-96.588	42.724	186.22	-128.36	13.242
274.61	-10.207	26.429	259.14	-2.9305	-0.35727	298.04	-6.76	-3.2207	266.47	-68.602	54.265	181.82	-96.186	42.32	187.52	-128.1	12.851
276.13	-9.9168	25.961	260.59	-2.7008	-0.96873	300.05	-6.2239	-3.1487	267.87	-68.311	53.726	183.21	-95.802	41.903	188.89	-127.67	12.537
277.47	-9.6838	25.361	261.93	-2.4549	-1.4777	301.44	-5.9505	-3.7118	269.21	-67.95	53.274	184.5	-95.377	41.455	190.12	-127.36	12.129
278.69	-9.4197	24.707	263.11	-2.1823	-1.9655	302.14	-5.9961	-4.9743	270.45	-67.585	52.745	185.69	-94.994	40.975	191.45	-127.41	11.866
279.85	-9.061	24.157	264.22	-1.978	-2.6409	303.22	-5.7364	-5.7108	271.59	-67.208	52.177	186.82	-94.58	40.52	192.23	-126.65	11.375
280.87	-8.6644	23.422	265.16	-1.5824	-3.4298	304.84	-5.0283	-5.6405	272.62	-66.794	51.512	187.85	-94.146	40.039	193.2	-126.32	10.948
281.76	-8.2823	22.587	266.05	-1.3463	-4.2642	305.65	-4.7108	-6.6141	273.57	-66.352	50.796	188.78	-93.731	39.536	194.18	-126.4	10.519
282.98	-7.6071	22.01	266.63	-0.96702	-5.0365	306.41	-4.3974	-7.6057	274.47	-65.853	50.083	189.62	-93.289	39.027	194.76	-125.62	10.018
284.94	-6.2267	21.655	267.19	-0.50778	-5.4431	306.61	-4.5358	-9.4653	275.25	-65.409	49.348	190.34	-92.84	38.472	195.61	-125.68	9.6601
285.77	-5.7649	21.615	267.79	0.026463	-5.6535	307.93	-3.7708	-9.4483	276.03	-65.025	48.583	190.97	-92.394	37.951	195.98	-124.83	9.1157
285.98	-5.2237	21.493	268.1	0.43452	-5.9085	308.3	-3.2378	-10.025	276.66	-64.79	47.8	191.49	-91.984	37.39	196.42	-124.55	8.6457
286.38	-4.5725	21.626	268.39	1.104	-6.3024	308.76	-2.807	-10.548	277.26	-64.574	47.15	191.96	-91.615	36.897	196.8	-124.2	8.1132
286.68	-4.0749	21.617	268.64	1.5432	-6.4641	309.18	-2.3216	-10.944	277.75	-64.322	46.543	192.35	-91.34	36.412	197.18	-123.88	7.5948
286.9	-3.6667	21.54	268.83	1.9352	-6.6172	309.53	-2.0207	-11.475	278.13	-64.065	45.915	192.69	-91.073	35.952	197.31	-123.64	7.0329
287.12	-3.2396	21.607	268.93	2.3634	-6.7454	310.26	-1.4087	-11.392	278.36	-63.792	45.446	192.91	-90.799	35.517	197.54	-123.3	6.5631
287.25	-2.9232	21.623	269	2.7791	-6.8524	310.06	-1.613	-12.39	278.49	-63.478	45.124	193.01	-90.44	35.132	197.57	-123.04	6.2306
287.38	-2.7015	21.589	269.08	2.9973	-6.911	310.63	-1.0114	-12.028	278.46	-63.156	44.957	192.96	-90.074	34.793	197.68	-122.77	6.0121
287.47	-2.4958	21.605	269.15	3.1805	-7.1483	310.31	-1.2483	-12.67	278.36	-62.862	44.913	192.85	-89.669	34.558	197.65	-122.52	5.9125
287.52	-2.3456	21.623	269.16	3.6017	-7.4632	310.38	-1.0939	-12.685	278.17	-62.589	44.918	192.72	-89.344	34.365	197.91	-122.74	5.9608
287.56	-2.2407	21.615	269.19	3.7079	-7.5646	310.42	-0.98497	-12.664	278.02	-62.34	45	192.59	-89.09	34.18	197.62	-122.13	5.8324
287.57	-2.1637	21.629	269.17	3.795	-7.6298	311.21	-0.23097	-11.579	277.84	-62.129	45.082	192.45	-88.888	34.053	197.5	-122.02	5.8048
287.56	-2.1224	21.625	269.16	3.869	-7.7639	311.21	-0.20606	-11.563	277.65	-61.989	45.141	192.32	-88.748	33.983	197.43	-121.94	5.8312
287.56	-2.0952	21.625	269.13	3.904	-7.779	311.22	-0.20864	-11.571	277.49	-61.884	45.203	192.18	-88.615	33.882	197.32	-121.85	5.8497
287.56	-2.066	21.618	269.07	3.8395	-7.7686	311.27	-0.24488	-11.555	277.34	-61.83	45.225	192.03	-88.498	33.802	197.15	-121.93	5.8439
287.55	-2.0604	21.613	269.01	3.8014	-7.8247	311.35	-0.31811	-11.55	277.22	-61.793	45.279	191.87	-88.416	33.74	197.05	-121.89	5.8244
287.55	-2.0661	21.62	268.93	3.7187	-7.9314	311.47	-0.46233	-11.531	277.07	-61.823	45.314	191.73	-88.347	33.686	196.95	-121.93	5.8944
287.54	-2.0693	21.614	268.82	3.6047	-8.1031	310.79	-1.3672	-12.625	276.92	-61.89	45.304	191.59	-88.303	33.633	196.84	-121.95	5.9372
287.55	-2.0731	21.619	268.83	3.4481	-8.6807	310.94	-1.6752	-12.7	276.74	-61.99	45.297	191.43	-88.302	33.555	196.69	-121.99	5.9587
287.55	-2.0789	21.626	268.64	2.9628	-9.5588	311.25	-2.2017	-12.952	276.48	-62.022	45.216	191.27	-88.314	33.46	196.46	-122.09	5.9672
287.55	-2.0802	21.624	268.34	2.571	-10.152	311.75	-2.8769	-13.709	276.23	-61.792	45.016	191.09	-88.307	33.343	196.26	-122.19	5.9807
287.68	-1.9972	21.693	267.78	2.4017	-11.121	312.27	-3.4698	-14.393	275.96	-61.53	44.568	190.9	-88.214	33.168	196.02	-122.3	6.0106
287.68	-1.9975	21.696	267.15	2.2674	-11.706	313.02	-4.1069	-14.826	275.75	-61.31	44.239	190.61	-88.039	32.89	195.8	-122.38	6.1374
287.68	-2.0017	21.689	266.36	2.2643	-12.168	313.96	-4.6211	-14.905	275.41	-61.264	43.835	190.23	-87.87	32.545	195.46	-122.44	6.1237
287.68	-2.0111	21.684	265.55	2.2658	-12.654	314.91	-5.1107	-14.609	275.09	-61.306	43.584	189.84	-87.83	32.297	195.17	-122.61	5.9609
287.69	-2.0068	21.691	264.93	2.1682	-12.625	315.97	-5.978	-14.411	274.61	-61.455	43.316	189.45	-87.935	32.087	194.93	-122.77	5.7487
287.69	-2.007	21.693	264.43	2.1812	-12.774	316.99	-6.9222	-14.118	274.22	-61.561	43.241	189.07	-88.122	31.955	194.49	-122.98	5.5703
287.69	-2.0089	21.689	263.73	2.0631	-12.61	317.77	-7.783	-13.702	273.75	-61.751	43.104	188.68	-88.269	31.857	194.11	-123.17	5.5735
287.69	-2.0082	21.691	262.94	2.052	-12.63	318.44	-8.5084	-13.038	273.23	-61.949	43.232	188.18	-88.389	31.851	193.7	-123.27	5.7018
287.69	-2.007	21.692	262.03	1.9435	-12.424	319.04	-9.2385	-12.23	272.6	-62.194	43.364	187.58	-88.54	31.982	193.09	-123.53	5.8181
287.69	-2.0067	21.692	261.09	1.8817	-12.102	319.76	-9.9593	-11.113	271.97	-62.452	43.602	186.97	-88.73	32.166	192.6	-123.77	6.0765
287.69	-2.007	21.692	260.06	1.8522	-11.672	320.3	-10.76	-10.132	271.29	-62.774	43.816	186.32	-89.023	32.44	191.93	-124.04	6.264
287.68	-1.9975	21.693	259	1.739	-10.942	320.73	-11.719	-9.0477	270.55	-63.154	44.066	185.64	-89.384	32.788	191.28	-124.45	6.5949
287.68	-2.0088	21.688	257.85	1.6671	-10.11	321.08	-12.603	-7.9901	269.84	-63.57	44.418	184.9	-89.79	33.169	190.54	-124.63	6.9275
287.68	-1.9966	21.695	256.63	1.573	-9.3546	321.28	-13.576	-6.8117	269.05	-64.084	44.674	184.08	-90.179	33.618	189.62	-124.96	7.2628
287.68	-1.9947	21.695	255.38	1.4452	-8.4794	321.37	-14.565	-5.6795	268.15	-64.7	45.048	183.14	-90.614	34.094	188.66	-125.32	7.5893
287.69	-1.9938	21.697	254.1	1.2481	-7.5845	321.35	-15.618	-4.4877	267.22	-65.348	45.436	182.13	-91.088	34.626	187.62	-125.64	7.9248
287.68	-1.9867	21.697	252.74	1.0345	-6.487	321.17	-16.744	-3.2896	266.18	-66.05	45.903	181.01	-91.607	35.18	186.48	-126	8.3332
287.69	-1.9813	21.692	251.33	0.83342	-5.474	320.9	-17.92	-2.0892	265.03	-66.843	46.369	179.81	-92.133	35.759	185.23	-126.29	8.7093
287.68	-1.9839	21.701	249.91	0.51308	-4.2047	320.44	-19.153	-0.89673	263.76	-67.671	46.819	178.48	-92.638	36.335	183.82	-126.67	8.9704
287.69	-1.9861	21.695	248.39	0.25315	-3.1157	319.82	-20.329	0.26836	262.36	-68.52	47.293	177.03	-93.177	36.955	182.55	-127.38	9.5861
287.69	-1.9872	21.68	246.9	-0.10643	-2.0295	318.96	-21.463	1.4616	260.85	-69.401	47.81	175.44	-93.75	37.602	180.69	-127.37	9.7675
287.69	-1.9897	21.7	245.32	-0.56405	-0.83929	317.91	-22.444	2.656	259.24	-70.247	48.44	173.73	-94.338	38.238	179.29	-128.09	10.277
287.7	-1.9848	21.698	243.67	-1.0521	0.35948	316.55	-23.401	3.6388	257.45	-71.085	48.954	171.91	-94.91	38.863	177.27	-128.06	10.561
287.7	-1.9856	21.697	242.21	-1.2687	2.184	314.92	-24.232	4.6562	255.7	-71.68	49.933	169.96	-95.5	39.445	175.37	-128.52	11.037
287.7	-1.995	21.696	240.5	-1.7057	3.1037	313.01	-24.946	5.5299	253.64	-72.458	50.581	167.88	-96.105	40.082	173.43	-128.9	11.363
287.7	-1.9929	21.697	238.66	-2.2421	4.166	310.88	-25.589	6.3919	251.45	-73.186	51.192	165.66	-96.678	40.65	171.25	-129.22	11.805
287.7	-1.9954	21.695	236.7	-2.7929	5.1715	308.6	-26.09	7.1581	249.15	-73.917	51.821	163.33	-97.247	41.24	168.93	-129.64	12.085
287.7	-2.0005	21.703	234.64	-3.2799	5.8646	306.13	-26.555	7.8617	246.7	-74.628	52.393	160.84	-97.787	41.755	166.63	-129.95	12.475
287.7	-1.9944	21.696	232.53	-3.7881	6.7088	303.47	-27.005	8.4738	244.14	-75.31	52.972	158.24	-98.346	42.294	164.11	-130.39	12.794
287.7	-2.0005	21.703	230.24	-4.2171	7.3248	300.69	-27.372	8.9763	241.45	-75.981	53.478	155.53	-98.893	42.807	161.53	-130.79	13.216
287.69	-2.003	21.695	227.86	-4.7837	8.1666	297.76	-27.79	9.3001	238.66	-76.596	53.934	152.72	-99.457	43.271	158.86	-131.13	13.548
287.69	-2.0027	21.698	225.34	-5.2064	8.5326	294.73	-28.004	9.6391	235.78	-77.182	54.291	149.82	-100.02	43.726	156.11	-131.43	13.837
287.69	-2.0011	21.699	222.59	-5.5776	8.9201	291.44	-28.22	9.7901	232.81	-77.69	54.557	146.84	-100.61	44.124	153.26	-131.83	14.056
287.69	-2.0024	21.695	219.7	-5.8746	9.2178	288.03	-28.208	9.9515	229.74	-78.164	54.73	143.79	-101.23	44.51	150.31	-132.27	14.332
287.68	-1.9978	21.694	216.66	-6.1998	9.6711	284.46	-28.162	9.9484	226.55	-78.576	54.922	140.67	-101.85	44.829	147.32	-132.65	14.459
287.68	-1.9968	21.694	213.48	-6.3884	9.8734	280.75	-27.895	9.902	223.32	-78.907	54.945	137.47	-102.51	45.125	144.27	-133.07	14.637
287.68	-1.9978	21.691	210.09	-6.565	9.9842	276.8	-27.52	9.7556	219.99	-79.182	55.016	134.24	-103.19	45.408	141.08	-133.51	14.835
287.68	-1.9923	21.697	206.56	-6.6924	10.126	272.71	-27.056	9.579	216.6	-79.379	54.906	130.92	-103.91	45.654	137.95	-133.87	14.842
287.68	-1.9944	21.694	202.89	-6.8114	10.243	268.5	-26.46	9.2938	213.09	-79.529	54.849	127.56	-104.61	45.88	134.67	-134.4	14.886
287.68	-1.9854	21.699	199.14	-6.8268	10.183	264.12	-25.762	9.0441	209.52	-79.655	54.672	124.13	-105.33	46.106	131.34	-134.8	14.919
287.69	-1.989	21.69	195.22	-6.8878	10.209	259.48	-25.081	8.5105	205.88	-79.683	54.517	120.6	-106.07	46.255	127.92	-135.23	14.883
287.68	-1.9969	21.691	191.24	-6.9818	10.23	254.78	-24.171	8.1916	202.17	-79.727	54.423	117.04	-106.76	46.44	124.56	-135.71	15.025
287.69	-1.9883	21.691	187.15	-7.0088	10.117	249.81	-23.291	7.6851	198.38	-79.711	54.172	113.38	-107.49	46.558	120.99	-136.18	14.875
287.69	-1.9989	21.698	182.9	-7.0489	9.9851	244.59	-22.325	7.0696	194.44	-79.653	53.986	109.68	-108.16	46.741	117.42	-136.59	14.934
287.69	-1.994	21.699	178.56	-7.0546	9.9564	239.25	-21.314	6.564	190.54	-79.533	53.907	105.91	-108.86	46.832	113.85	-137.23	14.906
287.69	-1.9913	21.691	174.05	-7.0306	9.7789	233.76	-20.15	6.0793	186.49	-79.38	53.73	102.11	-109.55	46.961	110.16	-137.58	14.913
287.69	-1.9937	21.7	169.44	-6.9711	9.6432	227.99	-18.998	5.4925	182.39	-79.244	53.605	98.22	-110.23	47.039	106.46	-138.08	14.873
287.7	-1.9978	21.69	164.72	-6.7842	9.3864	221.99	-17.765	4.9104	178.23	-79.05	53.502	94.319	-110.91	47.126	102.78	-138.61	14.878
287.69	-2.0011	21.699	159.91	-6.7361	9.3997	215.73	-16.523	4.343	174.03	-78.779	53.394	90.381	-111.6	47.22	98.945	-138.96	14.748
287.69	-2.0011	21.699	155.07	-6.624	9.1326	209.25	-15.145	3.7407	169.74	-78.492	53.371	86.419	-112.28	47.278	95.198	-139.45	14.761
287.69	-2.0002	21.7	150.11	-6.5564	9.0024	202.59	-13.753	3.1828	165.46	-78.197	53.276	82.428	-112.96	47.301	91.38	-140.01	14.685
287.69	-2.0011	21.699	145.16	-6.4908	8.7953	195.69	-12.369	2.6611	161.09	-77.841	53.241	78.391	-113.64	47.344	87.529	-140.41	14.668
287.69	-2.0042	21.693	140.15	-6.4393	8.636	188.59	-11.049	2.0684	156.73	-77.488	53.146	74.353	-114.29	47.379	83.642	-140.88	14.602
287.69	-1.9958	21.696	135.05	-6.3861	8.4478	NaN	NaN	NaN	152.36	-77.093	53.076	70.29	-114.95	47.397	79.797	-141.43	14.596
287.69	-1.994	21.699	129.92	-6.2817	8.2649	NaN	NaN	NaN	147.93	-76.69	52.981	66.247	-115.6	47.484	75.917	-141.9	14.448
287.69	-2.0042	21.693	124.69	-6.1491	7.995	NaN	NaN	NaN	143.31	-76.491	52.535	62.198	-116.28	47.493	72.087	-142.42	14.513
287.68	-1.9994	21.689	119.41	-6.0727	7.9672	NaN	NaN	NaN	138.87	-76.018	52.382	58.191	-116.93	47.51	68.268	-142.88	14.335
287.68	-1.9981	21.692	114.14	-5.9357	7.878	NaN	NaN	NaN	134.44	-75.539	52.282	54.22	-117.57	47.516	64.425	-143.37	14.311
287.68	-1.9901	21.694	108.79	-5.7867	7.8025	NaN	NaN	NaN	130.05	-74.999	52.096	50.268	-118.24	47.572	60.629	-143.82	14.29
287.68	-1.9947	21.695	103.44	-5.657	7.6846	NaN	NaN	NaN	125.64	-74.526	52.031	46.381	-118.89	47.585	56.932	-144.3	14.157
287.68	-1.9933	21.696	98.136	-5.5409	7.6499	NaN	NaN	NaN	121.28	-73.991	51.925	42.496	-119.55	47.571	53.194	-144.77	14.221
287.69	-1.9883	21.691	92.866	-5.4485	7.6653	NaN	NaN	NaN	116.89	-73.54	51.756	38.65	-120.19	47.625	49.467	-145.16	14.107
287.68	-1.9965	21.692	87.653	-5.3089	7.6215	NaN	NaN	NaN	112.52	-73.062	51.695	34.846	-120.78	47.53	45.887	-145.67	13.986
287.69	-1.993	21.684	82.503	-5.2947	7.6954	NaN	NaN	NaN	108.23	-72.648	51.582	31.06	-121.38	47.55	42.238	-146.12	13.953
287.69	-1.9903	21.703	77.431	-5.2516	7.6362	NaN	NaN	NaN	103.94	-72.267	51.491	27.313	-121.91	47.436	38.626	-146.45	13.867
287.68	-1.9876	21.696	72.424	-5.221	7.5611	NaN	NaN	NaN	99.715	-71.966	51.413	23.591	-122.47	47.341	35.093	-146.96	13.744
287.69	-1.9922	21.698	67.431	-5.2132	7.5477	NaN	NaN	NaN	95.551	-71.742	51.274	19.926	-122.99	47.241	31.548	-147.31	13.568
287.68	-1.9972	21.693	62.542	-5.2157	7.4419	NaN	NaN	NaN	91.454	-71.525	51.203	16.26	-123.5	47.11	28.146	-147.77	13.412
287.69	-1.9936	21.686	57.888	-5.2204	7.2285	NaN	NaN	NaN	87.386	-71.358	51.071	12.669	-123.97	46.932	24.727	-148.11	13.171
287.68	-1.9978	21.696	52.984	-5.6182	6.4825	NaN	NaN	NaN	83.432	-71.2	50.913	9.1595	-124.41	46.751	21.464	-148.54	12.964
287.69	-2.0011	21.699	48.565	-5.7255	6.3533	NaN	NaN	NaN	79.61	-71.024	50.815	5.7035	-124.83	46.541	18.253	-148.89	12.676
287.69	-2.0033	21.694	44.266	-5.7509	6.0155	68.887	-1.0921	-4.7982	75.821	-70.887	50.656	2.3223	-125.23	46.288	15.036	-149.28	12.511
287.69	-2.002	21.697	40.214	-5.6542	6.2253	64.636	-1.0373	-5.095	72.087	-70.733	50.465	-0.95646	-125.61	46.011	12.021	-149.57	12.301
287.69	-1.9949	21.698	36.393	-5.5696	6.0265	60.493	-1.0024	-5.3182	68.533	-70.566	50.338	-4.144	-126.02	45.744	9.0301	-149.95	11.97
287.68	-1.9972	21.693	32.343	-5.7033	5.6673	56.556	-0.94525	-5.5959	64.985	-70.405	50.114	-7.1904	-126.4	45.446	6.2022	-150.27	11.746
287.69	-1.994	21.699	28.517	-5.764	5.3388	52.62	-0.9533	-5.9927	61.618	-70.216	49.94	-10.14	-126.76	45.163	3.5004	-150.64	11.473
287.68	-1.9968	21.694	24.75	-5.8591	4.9038	48.863	-0.92981	-6.3212	58.333	-69.997	49.681	-12.977	-127.11	44.813	0.87682	-150.97	11.077
287.69	-1.9936	21.686	21.144	-5.913	4.5495	45.236	-0.8914	-6.6655	55.132	-69.795	49.482	-15.739	-127.43	44.438	-1.6946	-151.3	10.86
287.68	-1.9963	21.695	17.618	-6.0471	4.1129	41.791	-0.82538	-6.9853	52.025	-69.595	49.179	-18.385	-127.73	44.066	-4.1812	-151.57	10.5
287.68	-1.9901	21.694	14.345	-6.1141	3.6451	38.405	-0.857	-7.447	49.073	-69.413	48.954	-20.915	-128.04	43.655	-6.4914	-151.9	10.129
287.69	-1.9938	21.697	11.133	-6.2465	3.162	35.261	-0.85918	-7.8313	46.224	-69.263	48.638	-23.348	-128.32	43.26	-8.7719	-152.14	9.7558
287.69	-1.9947	21.697	8.0996	-6.377	2.796	32.241	-0.86593	-8.2447	43.478	-69.134	48.321	-25.721	-128.57	42.793	-10.87	-152.42	9.3582
287.69	-1.9922	21.698	5.2815	-6.473	2.2385	29.431	-0.87644	-8.645	40.866	-69.019	48.007	-27.999	-128.84	42.335	-12.996	-152.63	8.8909
287.68	-1.9956	21.692	2.556	-6.5996	1.6808	26.741	-0.91392	-9.06	38.373	-68.944	47.67	-30.159	-129.06	41.88	-15.025	-152.89	8.3845
287.69	-1.9915	21.701	0.067199	-6.71	1.232	24.196	-0.97146	-9.4362	36.008	-68.901	47.353	-32.265	-129.29	41.42	-16.857	-153.1	8.11
287.69	-1.9924	21.7	-2.3376	-6.8436	0.7725	21.851	-1.016	-9.7793	33.759	-68.849	47.05	-34.226	-129.5	40.957	-18.69	-153.34	7.5721
287.68	-1.9994	21.686	-4.547	-6.9168	0.31939	19.586	-1.0906	-10.18	31.617	-68.825	46.766	-36.13	-129.68	40.455	-20.439	-153.54	7.0905
287.69	-1.9864	21.695	-6.6583	-7.0677	-0.10667	17.551	-1.1505	-10.513	29.551	-68.819	46.507	-37.946	-129.87	39.982	-22.043	-153.66	6.6811
287.68	-1.9964	21.695	-8.6176	-7.1878	-0.49609	15.655	-1.2604	-10.851	27.595	-68.763	46.339	-39.661	-130.02	39.491	-23.553	-153.93	6.2094
287.68	-1.9972	21.693	-10.431	-7.2748	-1.0213	13.931	-1.3273	-11.105	25.659	-68.724	46.19	-41.309	-130.13	39.053	-24.878	-154.08	5.8664
287.69	-1.9913	21.7	-12.09	-7.3293	-1.4754	12.334	-1.4005	-11.372	23.843	-68.682	46.072	-42.901	-130.22	38.545	-26.201	-154.26	5.5252
287.69	-1.9936	21.686	-13.653	-7.45	-1.9655	10.853	-1.4795	-11.62	22.134	-68.551	46.068	-44.368	-130.27	38.053	-27.348	-154.33	5.1238
287.68	-1.9968	21.694	-15.086	-7.5071	-2.39	9.5055	-1.5406	-11.832	20.472	-68.502	45.99	-45.77	-130.33	37.628	-28.5	-154.49	4.7795
287.68	-2.0059	21.689	-16.4	-7.597	-2.8123	8.2456	-1.6128	-12.093	18.897	-68.385	45.982	-47.034	-130.36	37.212	-29.449	-154.63	4.5499
287.68	-1.9963	21.695	-17.607	-7.6165	-3.2807	7.1445	-1.6348	-12.306	17.402	-68.282	45.936	-48.299	-130.39	36.712	-30.412	-154.68	4.2391
287.69	-1.9937	21.7	-18.769	-7.6896	-3.7077	6.0985	-1.6552	-12.483	16.017	-68.187	45.889	-49.389	-130.38	36.285	-31.301	-154.73	3.8875
287.69	-1.9932	21.701	-19.806	-7.6822	-4.1903	5.0706	-1.698	-12.67	14.746	-68.076	45.853	-50.475	-130.39	35.791	-32.034	-154.81	3.5849
287.68	-1.9967	21.694	-20.83	-7.7411	-4.5693	4.1866	-1.6733	-12.846	13.537	-67.958	45.79	-51.429	-130.34	35.357	-32.769	-154.82	3.3066
287.69	-1.9998	21.701	-21.727	-7.7319	-4.9716	3.2942	-1.6694	-13.124	12.439	-67.821	45.679	-52.313	-130.32	34.883	-33.422	-154.89	3.0088
287.69	-1.9924	21.7	-22.636	-7.7505	-5.4688	2.5047	-1.5851	-13.283	11.398	-67.72	45.522	-53.122	-130.3	34.463	-34.049	-154.82	2.6413
287.69	-1.994	21.699	-23.494	-7.6957	-5.8626	1.7135	-1.5926	-13.519	10.458	-67.601	45.367	-53.86	-130.25	34.015	-34.592	-154.86	2.2911
287.69	-1.9914	21.69	-24.256	-7.7191	-6.1717	0.96892	-1.4904	-13.793	9.5683	-67.453	45.16	-54.538	-130.23	33.528	-35.127	-154.89	1.8676
287.69	-1.9929	21.698	-25.035	-7.5935	-6.7205	0.21575	-1.4043	-14.056	8.746	-67.3	44.929	-55.138	-130.17	33.053	-35.566	-154.79	1.5533
287.69	-1.9982	21.688	-25.721	-7.567	-7.0675	-0.41866	-1.2906	-14.31	7.9877	-67.133	44.699	-55.698	-130.14	32.541	-35.992	-154.78	1.2005
287.69	-1.9908	21.689	-26.384	-7.4522	-7.682	-1.0076	-1.1748	-14.649	7.2866	-66.987	44.415	-56.182	-130.05	32.086	-36.338	-154.76	0.73054
287.68	-1.9985	21.69	-26.924	-7.4513	-7.9893	-1.4805	-1.0581	-14.935	6.606	-66.802	44.163	-56.664	-129.99	31.563	-36.638	-154.63	0.33059
287.68	-1.9889	21.693	-27.501	-7.3683	-8.6754	-1.9971	-0.98286	-15.358	5.9497	-66.557	43.923	-57.1	-129.86	31.067	-36.867	-154.57	0.0027437
287.67	-1.9926	21.689	-27.869	-7.3351	-9.2703	-2.3381	-0.90093	-15.819	5.3266	-66.305	43.682	-57.522	-129.71	30.647	-37.089	-154.57	-0.2556
287.67	-1.992	21.687	-28.204	-7.3153	-9.9733	-2.6318	-0.84123	-16.421	4.6796	-66.032	43.449	-57.931	-129.57	30.177	-37.285	-154.54	-0.5647
287.67	-1.9923	21.69	-28.469	-7.3393	-10.719	-2.8045	-0.84578	-16.926	4.1233	-65.683	43.3	-58.316	-129.38	29.813	-37.36	-154.48	-0.72526
287.67	-1.9942	21.684	-28.975	-7.5293	-11.91	-2.9792	-0.82032	-17.487	3.5799	-65.295	43.191	-58.648	-129.21	29.537	-37.415	-154.42	-0.81517
287.67	-1.9849	21.688	-29.135	-7.5644	-12.444	-3.0629	-0.80547	-17.927	3.0859	-64.89	43.161	-58.951	-129.02	29.328	-37.474	-154.32	-0.80057
287.67	-1.9898	21.691	-29.336	-7.4478	-12.835	-3.3393	-0.41734	-17.731	2.6348	-64.584	43.188	-59.237	-128.84	29.16	-37.513	-154.24	-0.69487
287.67	-1.9954	21.683	-29.437	-7.3424	-12.927	-3.379	-0.29841	-17.744	2.2766	-64.362	43.329	-59.474	-128.67	29.047	-37.579	-154.19	-0.51861
287.67	-1.9951	21.681	-29.478	-7.2647	-12.909	-3.3816	-0.2586	-17.725	1.9884	-64.215	43.539	-59.676	-128.53	28.947	-37.59	-154.09	-0.42682
287.67	-1.9919	21.687	-29.488	-7.1593	-12.859	-3.3627	-0.22924	-17.636	1.7914	-64.059	43.759	-59.809	-128.42	28.88	-37.544	-154.03	-0.30476
287.67	-1.9898	21.693	-29.448	-7.0697	-12.845	-3.3104	-0.17333	-17.544	1.6337	-63.936	43.977	-59.891	-128.33	28.826	-37.549	-153.97	-0.24735
287.67	-1.9898	21.691	-29.432	-6.982	-12.844	-3.2759	-0.10873	-17.482	1.4497	-63.808	44.119	-59.936	-128.23	28.783	-37.544	-153.9	-0.20123
287.69	-1.9921	21.686	-29.381	-6.8606	-12.912	-3.2078	0.0075525	-17.412	1.3289	-63.635	44.216	-59.989	-128.1	28.745	-37.536	-153.81	-0.14531
287.68	-1.9818	21.688	-29.368	-6.7233	-13.106	-3.1556	0.093542	-17.439	1.2349	-63.474	44.252	-60.061	-127.92	28.701	-37.516	-153.71	-0.13218
287.69	-1.9844	21.682	-29.341	-6.6157	-13.197	-3.1181	0.22369	-17.463	1.1857	-63.314	44.236	-60.114	-127.78	28.575	-37.479	-153.63	-0.15097
287.7	-1.9849	21.695	-29.318	-6.5057	-13.216	-3.158	0.41334	-17.44	1.164	-63.125	44.223	-60.125	-127.68	28.476	-37.429	-153.57	-0.23411
287.71	-1.975	21.682	-29.304	-6.3957	-13.259	-3.1716	0.55758	-17.458	1.1482	-62.958	44.188	-60.101	-127.57	28.404	-37.37	-153.5	-0.29808
287.7	-1.9805	21.675	-29.294	-6.3104	-13.254	-3.1551	0.6576	-17.465	1.1445	-62.812	44.148	-60.07	-127.48	28.357	-37.357	-153.44	-0.4274
287.71	-1.9735	21.684	-29.289	-6.2528	-13.283	-3.1342	0.72281	-17.479	1.1394	-62.693	44.119	-60.028	-127.38	28.253	-37.276	-153.41	-0.43568
287.7	-1.9649	21.687	-29.301	-6.1953	-13.293	-3.1198	0.79167	-17.479	1.162	-62.586	44.126	-60.013	-127.32	28.203	-37.171	-153.36	-0.41923
287.7	-1.9657	21.688	-29.302	-6.1464	-13.3	-3.0981	0.83572	-17.47	1.1689	-62.49	44.138	-59.985	-127.28	28.153	-37.105	-153.34	-0.42066
287.7	-1.9681	21.681	-29.319	-6.108	-13.321	-3.0814	0.88858	-17.458	1.1629	-62.391	44.155	-59.949	-127.24	28.116	-37.042	-153.33	-0.41604
287.7	-1.9636	21.688	-29.327	-6.0736	-13.367	-3.0821	0.93285	-17.434	1.135	-62.294	44.159	-59.925	-127.19	28.079	-36.991	-153.33	-0.41913
287.7	-1.9676	21.682	-29.378	-6.0329	-13.516	-3.0941	0.96726	-17.436	1.0976	-62.204	44.131	-59.904	-127.17	28.031	-36.931	-153.33	-0.41585
287.69	-1.9586	21.672	-29.418	-5.9643	-13.702	-3.0976	1.0272	-17.389	1.0584	-62.115	44.127	-59.891	-127.13	27.982	-36.867	-153.33	-0.41242
287.69	-1.9698	21.677	-29.451	-5.9612	-13.751	-3.118	1.0585	-17.381	1.024	-62.034	44.107	-59.906	-127.11	27.94	-36.843	-153.35	-0.4236
287.69	-1.9605	21.683	-29.49	-5.9373	-13.82	-3.1364	1.0967	-17.352	1.0164	-61.965	44.096	-59.912	-127.08	27.905	-36.812	-153.34	-0.41818
287.69	-1.9614	21.667	-29.53	-5.9293	-13.856	-3.1803	1.1102	-17.35	0.97429	-61.918	44.054	-59.921	-127.05	27.882	-36.795	-153.34	-0.41268
287.69	-1.9656	21.676	-29.585	-5.913	-13.937	-3.2152	1.1176	-17.352	0.95778	-61.854	44.01	-59.932	-127.04	27.841	-36.793	-153.34	-0.41209
