138.54	-1.9803	20.201	-38.277	-3.4691	-13.885	-12.266	2.1151	-17.931	-8.055	-61.434	41.957	-72.86	-124.27	26.981	-51.994	-150.59	-2.5966
138.53	-1.9814	20.186	-38.276	-3.4683	-13.884	-12.257	2.1218	-17.923	-8.0461	-61.427	41.965	-72.858	-124.27	26.996	-51.99	-150.59	-2.5942
138.53	-1.9835	20.183	-38.282	-3.4733	-13.889	-12.267	2.1268	-17.926	-8.0512	-61.43	41.947	-72.863	-124.27	26.991	-52.003	-150.59	-2.586
138.53	-1.9824	20.185	-38.294	-3.4673	-13.893	-12.266	2.1319	-17.938	-8.0458	-61.437	41.945	-72.852	-124.27	26.988	-51.989	-150.59	-2.582
138.54	-1.978	20.191	-38.28	-3.4709	-13.888	-12.28	2.1353	-17.932	-8.0464	-61.438	41.93	-72.864	-124.27	26.991	-52	-150.58	-2.5815
138.53	-1.9702	20.192	-38.289	-3.476	-13.895	-12.268	2.1563	-17.925	-8.045	-61.436	41.932	-72.872	-124.26	26.992	-52.009	-150.59	-2.5756
138.53	-1.9812	20.186	-38.316	-3.4777	-13.912	-12.28	2.1495	-17.938	-8.0419	-61.408	41.947	-72.873	-124.26	26.993	-52	-150.58	-2.5642
138.53	-1.9829	20.182	-38.312	-3.4645	-13.901	-12.285	2.162	-17.934	-8.0573	-61.418	41.934	-72.886	-124.26	26.989	-51.998	-150.58	-2.5644
138.54	-1.9788	20.189	-38.328	-3.4718	-13.915	-12.286	2.1848	-17.907	-8.065	-61.396	41.94	-72.899	-124.25	26.984	-52.009	-150.58	-2.5667
138.53	-1.9805	20.188	-38.316	-3.4502	-13.91	-12.294	2.1944	-17.906	-8.0799	-61.39	41.936	-72.907	-124.25	26.997	-52.007	-150.57	-2.5495
138.54	-1.9777	20.191	-38.324	-3.4538	-13.917	-12.299	2.2033	-17.903	-8.1072	-61.367	41.935	-72.921	-124.24	26.993	-52.015	-150.57	-2.5243
138.53	-1.9715	20.191	-38.34	-3.4487	-13.923	-12.295	2.2189	-17.892	-8.1282	-61.353	41.932	-72.942	-124.23	26.991	-52.013	-150.55	-2.525
138.52	-1.9857	20.179	-38.336	-3.4444	-13.933	-12.313	2.2243	-17.901	-8.1502	-61.342	41.928	-72.961	-124.22	26.982	-52.048	-150.56	-2.5111
138.53	-1.9814	20.185	-38.351	-3.4402	-13.939	-12.318	2.2332	-17.898	-8.1715	-61.316	41.944	-72.974	-124.22	26.98	-52.068	-150.54	-2.5158
138.53	-1.979	20.189	-38.366	-3.4136	-14.03	-12.331	2.2389	-17.902	-8.1945	-61.303	41.951	-72.996	-124.22	26.98	-52.074	-150.54	-2.4921
138.54	-1.9758	20.192	-38.361	-3.4325	-13.94	-12.339	2.2476	-17.904	-8.2227	-61.285	41.948	-73.011	-124.21	26.978	-52.084	-150.54	-2.4858
138.53	-1.979	20.189	-38.374	-3.4046	-14.029	-12.336	2.2603	-17.891	-8.2371	-61.265	41.951	-73.019	-124.2	26.966	-52.077	-150.54	-2.4778
138.54	-1.978	20.191	-38.382	-3.4073	-14.037	-12.353	2.2659	-17.899	-8.2528	-61.264	41.956	-73.03	-124.2	26.976	-52.087	-150.53	-2.4687
138.54	-1.9754	20.181	-38.38	-3.3933	-14.028	-12.34	2.2729	-17.887	-8.2668	-61.246	41.96	-73.035	-124.2	26.973	-52.08	-150.53	-2.4614
138.53	-1.9826	20.185	-38.401	-3.4037	-14.046	-12.356	2.2784	-17.89	-8.2763	-61.237	41.947	-73.043	-124.19	26.972	-52.086	-150.54	-2.4422
138.54	-1.978	20.191	-38.4	-3.4028	-14.045	-12.352	2.2785	-17.891	-8.2884	-61.231	41.943	-73.041	-124.19	26.975	-52.09	-150.53	-2.4685
138.54	-1.9732	20.185	-38.403	-3.4046	-14.048	-12.356	2.2784	-17.89	-8.2829	-61.227	41.946	-73.033	-124.2	26.974	-52.076	-150.52	-2.4583
138.54	-1.9762	20.179	-38.397	-3.4006	-14.042	-12.358	2.2873	-17.888	-8.2787	-61.222	41.936	-73.031	-124.2	26.977	-52.077	-150.53	-2.4585
138.54	-1.9783	20.176	-38.398	-3.4032	-14.043	-12.358	2.2873	-17.888	-8.2841	-61.213	41.925	-73.024	-124.21	26.975	-52.068	-150.53	-2.4699
138.53	-1.9803	20.188	-38.394	-3.3988	-14.053	-12.35	2.2816	-17.888	-8.2767	-61.218	41.911	-73.02	-124.21	26.977	-52.065	-150.53	-2.4655
138.54	-1.9803	20.188	-38.393	-3.4	-14.039	-12.346	2.2868	-17.896	-8.2669	-61.212	41.919	-73.02	-124.21	26.977	-52.058	-150.53	-2.4769
138.54	-1.9674	20.182	-38.393	-3.3979	-14.051	-12.345	2.2868	-17.897	-8.2658	-61.204	41.882	-72.999	-124.21	26.987	-52.053	-150.53	-2.4736
138.54	-1.978	20.191	-38.385	-3.3965	-14.031	-12.345	2.2868	-17.897	-8.2587	-61.201	41.888	-73.011	-124.21	26.977	-52.058	-150.54	-2.4788
138.54	-1.9782	20.191	-38.382	-3.3941	-14.03	-12.334	2.2929	-17.887	-8.25	-61.207	41.887	-73.002	-124.21	26.984	-52.054	-150.52	-2.4706
138.54	-1.9782	20.191	-38.377	-3.3888	-14.039	-12.352	2.2949	-17.897	-8.2557	-61.194	41.877	-73.005	-124.21	26.984	-52.048	-150.53	-2.4836
138.54	-1.9788	20.189	-38.375	-3.3891	-14.024	-12.343	2.2995	-17.904	-8.2581	-61.184	41.881	-72.996	-124.2	26.99	-52.031	-150.51	-2.4666
138.54	-1.9801	20.188	-38.376	-3.3764	-14.017	-12.343	2.3031	-17.903	-8.2655	-61.175	41.88	-73.005	-124.21	26.984	-52.051	-150.52	-2.4673
138.54	-1.9782	20.191	-38.372	-3.3721	-14.027	-12.344	2.3045	-17.916	-8.2688	-61.176	41.879	-73.012	-124.2	26.987	-52.026	-150.51	-2.4486
138.54	-1.9754	20.193	-38.387	-3.3798	-14.039	-12.358	2.322	-17.915	-8.2753	-61.153	41.886	-73.017	-124.2	26.981	-52.028	-150.5	-2.4313
138.53	-1.9803	20.187	-38.399	-3.3725	-14.057	-12.354	2.3376	-17.905	-8.3001	-61.143	41.879	-73.015	-124.2	26.984	-52.033	-150.5	-2.4488
138.53	-1.9814	20.186	-38.401	-3.362	-14.038	-12.368	2.3434	-17.908	-8.3111	-61.122	41.885	-73.02	-124.19	26.985	-52.035	-150.49	-2.4302
138.54	-1.9777	20.191	-38.397	-3.3576	-14.035	-12.373	2.3538	-17.919	-8.3189	-61.113	41.885	-73.031	-124.18	26.983	-52.055	-150.49	-2.4568
138.54	-1.9743	20.194	-38.409	-3.3508	-14.05	-12.371	2.3573	-17.918	-8.3209	-61.098	41.878	-73.025	-124.17	26.975	-52.043	-150.5	-2.4404
138.54	-1.978	20.191	-38.414	-3.356	-14.042	-12.378	2.3662	-17.914	-8.3249	-61.1	41.888	-73.03	-124.18	26.984	-52.024	-150.49	-2.4137
138.53	-1.9827	20.197	-38.415	-3.3548	-14.042	-12.381	2.3675	-17.934	-8.332	-61.091	41.875	-73.029	-124.18	26.985	-52.021	-150.49	-2.4227
138.54	-1.9788	20.189	-38.408	-3.3393	-14.03	-12.369	2.3746	-17.921	-8.3266	-61.085	41.869	-73.026	-124.17	26.976	-52.011	-150.48	-2.4115
138.54	-1.978	20.191	-38.409	-3.3499	-14.05	-12.378	2.3832	-17.923	-8.3159	-61.075	41.877	-73.028	-124.18	26.974	-52.014	-150.49	-2.4022
138.54	-1.977	20.194	-38.405	-3.3476	-14.047	-12.378	2.3847	-17.936	-8.3093	-61.072	41.869	-73.024	-124.18	26.99	-52.012	-150.48	-2.4135
138.54	-1.978	20.191	-38.404	-3.3349	-14.04	-12.372	2.3885	-17.931	-8.309	-61.071	41.856	-73.018	-124.17	26.982	-52.002	-150.49	-2.4101
138.53	-1.9689	20.194	-38.401	-3.3446	-14.043	-12.37	2.3879	-17.93	-8.2951	-61.059	41.856	-73.018	-124.17	26.983	-51.999	-150.48	-2.3886
138.54	-1.9801	20.188	-38.405	-3.335	-14.04	-12.364	2.3933	-17.938	-8.2956	-61.06	41.855	-73.016	-124.17	26.997	-51.997	-150.49	-2.3916
138.54	-1.978	20.191	-38.404	-3.3349	-14.04	-12.364	2.3931	-17.938	-8.3001	-61.06	41.838	-73.019	-124.17	26.996	-51.997	-150.47	-2.3969
138.54	-1.9913	20.181	-38.407	-3.3363	-14.041	-12.366	2.3924	-17.941	-8.2959	-61.056	41.84	-73.019	-124.16	27.001	-52.002	-150.47	-2.3851
138.54	-1.9757	20.181	-38.399	-3.3301	-14.034	-12.366	2.3923	-17.941	-8.2951	-61.055	41.842	-73.021	-124.16	27.001	-51.997	-150.47	-2.3738
138.53	-1.9814	20.186	-38.397	-3.3288	-14.032	-12.356	2.3999	-17.93	-8.2983	-61.043	41.835	-73.023	-124.14	27.008	-51.995	-150.46	-2.3759
138.54	-1.9782	20.191	-38.401	-3.3168	-14.043	-12.365	2.4051	-17.934	-8.3012	-61.034	41.837	-73.04	-124.14	27.015	-52.02	-150.45	-2.3354
138.54	-1.9754	20.192	-38.406	-3.3196	-14.034	-12.375	2.4137	-17.935	-8.3049	-61.033	41.834	-73.048	-124.13	27.013	-52.041	-150.45	-2.3303
138.54	-1.9803	20.188	-38.414	-3.3106	-14.033	-12.373	2.4307	-17.937	-8.3101	-61.026	41.849	-73.055	-124.13	27.016	-52.062	-150.45	-2.339
138.55	-1.9713	20.186	-38.416	-3.3092	-14.048	-12.383	2.4375	-17.938	-8.3216	-61.016	41.849	-73.067	-124.12	27.027	-52.06	-150.45	-2.3384
138.54	-1.978	20.191	-38.425	-3.3139	-14.055	-12.385	2.435	-17.928	-8.3365	-61.012	41.843	-73.078	-124.11	27.013	-52.087	-150.45	-2.3365
138.53	-1.9713	20.189	-38.42	-3.298	-14.045	-12.394	2.4444	-17.925	-8.3565	-61.001	41.84	-73.097	-124.1	27.024	-52.146	-150.29	-2.3286
138.53	-1.97	20.192	-38.425	-3.3011	-14.049	-12.404	2.451	-17.942	-8.3672	-61.005	41.844	-73.104	-124.1	27.02	-52.199	-150.31	-2.3373
138.54	-1.9778	20.191	-38.448	-3.2988	-14.061	-12.409	2.4633	-17.938	-8.3708	-60.983	41.854	-73.119	-124.08	27.035	-52.204	-150.31	-2.3381
138.54	-1.973	20.195	-38.451	-3.302	-14.064	-12.414	2.4706	-17.922	-8.3803	-60.987	41.847	-73.139	-124.08	27.026	-52.247	-150.18	-2.3292
138.53	-1.9812	20.185	-38.458	-3.2911	-14.062	-12.427	2.4636	-17.934	-8.3769	-60.97	41.844	-73.14	-124.08	27.028	-52.183	-150.28	-2.3146
138.53	-1.9734	20.187	-38.473	-3.2869	-14.069	-12.454	2.4913	-17.931	-8.3732	-60.965	41.821	-73.157	-124.08	27.032	-52.148	-150.37	-2.2842
138.53	-1.9704	20.193	-38.478	-3.285	-14.099	-12.449	2.5085	-17.935	-8.3765	-60.961	41.791	-73.166	-124.08	27.027	-52.176	-150.32	-2.2971
138.53	-1.979	20.189	-38.473	-3.2958	-14.089	-12.455	2.5046	-17.94	-8.3778	-60.964	41.789	-73.17	-124.07	27.031	-52.182	-150.31	-2.2793
138.54	-1.9778	20.191	-38.466	-3.2909	-14.096	-12.455	2.5046	-17.94	-8.379	-60.965	41.803	-73.173	-124.07	27.029	-52.174	-150.35	-2.2761
138.54	-1.9782	20.191	-38.473	-3.2856	-14.082	-12.463	2.5013	-17.947	-8.3828	-60.968	41.8	-73.178	-124.07	27.027	-52.283	-150.18	-2.314
138.54	-1.9791	20.189	-38.474	-3.2983	-14.09	-12.455	2.5046	-17.94	-8.3952	-60.963	41.795	-73.182	-124.07	27.042	-52.18	-150.35	-2.2782
138.54	-1.9782	20.191	-38.48	-3.3033	-14.082	-12.455	2.5031	-17.926	-8.3961	-60.963	41.795	-73.187	-124.07	27.025	-52.287	-150.17	-2.2867
138.54	-1.9775	20.191	-38.482	-3.3043	-14.083	-12.458	2.5018	-17.942	-8.3944	-60.963	41.795	-73.187	-124.07	27.025	-52.19	-150.34	-2.2641
138.53	-1.9803	20.188	-38.479	-3.3025	-14.094	-12.455	2.5046	-17.94	-8.3987	-60.966	41.79	-73.185	-124.07	27.04	-52.203	-150.32	-2.2738
138.54	-1.9788	20.189	-38.485	-3.3064	-14.087	-12.454	2.5045	-17.941	-8.3987	-60.966	41.79	-73.183	-124.07	27.043	-52.204	-150.33	-2.2812
138.54	-1.9858	20.189	-38.489	-3.2969	-14.083	-12.456	2.5046	-17.94	-8.3912	-60.971	41.779	-73.193	-124.07	27.033	-52.184	-150.36	-2.2699
138.54	-1.9799	20.188	-38.482	-3.3029	-14.098	-12.46	2.5016	-17.948	-8.3941	-60.962	41.781	-73.19	-124.07	27.036	-52.191	-150.34	-2.2814
138.54	-1.9778	20.191	-38.476	-3.3	-14.08	-12.446	2.4995	-17.937	-8.4037	-60.965	41.76	-73.188	-124.07	27.039	-52.203	-150.34	-2.2688
138.54	-1.9762	20.195	-38.481	-3.3021	-14.096	-12.455	2.5046	-17.94	-8.3966	-60.962	41.766	-73.19	-124.07	27.036	-52.194	-150.34	-2.2674
138.54	-1.9791	20.189	-38.475	-3.2892	-14.07	-12.459	2.5043	-17.945	-8.3962	-60.961	41.767	-73.183	-124.07	27.043	-52.195	-150.34	-2.2796
138.54	-1.9782	20.191	-38.484	-3.2916	-14.091	-12.464	2.5133	-17.942	-8.3925	-60.957	41.758	-73.192	-124.07	27.022	-52.2	-150.33	-2.2666
138.54	-1.978	20.191	-38.475	-3.2869	-14.084	-12.459	2.5044	-17.945	-8.3877	-60.954	41.773	-73.183	-124.07	27.043	-52.197	-150.33	-2.2648
138.54	-1.9756	20.194	-38.48	-3.2886	-14.087	-12.46	2.5169	-17.936	-8.3827	-60.949	41.765	-73.18	-124.06	27.045	-52.191	-150.33	-2.2732
138.54	-1.9834	20.191	-38.484	-3.2927	-14.079	-12.464	2.5133	-17.942	-8.387	-60.953	41.761	-73.164	-124.07	27.05	-52.183	-150.35	-2.2763
138.54	-1.978	20.191	-38.462	-3.2903	-14.079	-12.465	2.5006	-17.95	-8.3832	-60.948	41.752	-73.161	-124.07	27.052	-52.2	-150.33	-2.2806
138.54	-1.9756	20.193	-38.47	-3.2852	-14.066	-12.452	2.5201	-17.93	-8.3817	-60.947	41.738	-73.15	-124.06	27.047	-52.182	-150.33	-2.2848
138.53	-1.979	20.187	-38.482	-3.2893	-14.09	-12.462	2.5177	-17.952	-8.3666	-60.949	41.745	-73.154	-124.06	27.044	-52.193	-150.32	-2.2892
138.54	-1.9756	20.192	-38.477	-3.2863	-14.086	-12.456	2.5199	-17.934	-8.3736	-60.942	41.746	-73.153	-124.06	27.044	-52.179	-150.33	-2.2992
138.54	-1.976	20.195	-38.482	-3.288	-14.104	-12.456	2.52	-17.934	-8.3677	-60.937	41.75	-73.144	-124.07	27.045	-52.178	-150.32	-2.2957
138.53	-1.9699	20.19	-38.476	-3.2853	-14.084	-12.464	2.5183	-17.954	-8.3694	-60.937	41.736	-73.139	-124.06	27.05	-52.181	-150.31	-2.2937
138.53	-1.9734	20.187	-38.477	-3.2879	-14.072	-12.463	2.5184	-17.954	-8.3652	-60.934	41.74	-73.142	-124.05	27.053	-52.182	-150.31	-2.293
138.54	-1.9682	20.197	-38.48	-3.2779	-14.069	-12.46	2.5213	-17.952	-8.3606	-60.929	41.744	-73.141	-124.05	27.053	-52.181	-150.31	-2.2957
138.53	-1.9803	20.188	-38.474	-3.2844	-14.083	-12.457	2.5207	-17.951	-8.3565	-60.929	41.745	-73.146	-124.06	27.037	-52.178	-150.31	-2.2919
138.54	-1.9769	20.191	-38.477	-3.2854	-14.084	-12.464	2.5185	-17.954	-8.3645	-60.932	41.726	-73.138	-124.05	27.056	-52.166	-150.33	-2.2807
138.54	-1.9754	20.181	-38.477	-3.2841	-14.098	-12.449	2.5282	-17.939	-8.3602	-60.928	41.73	-73.131	-124.06	27.053	-52.168	-150.32	-2.2791
138.54	-1.978	20.191	-38.494	-3.2833	-14.094	-12.465	2.5302	-17.949	-8.3505	-60.922	41.738	-73.134	-124.05	27.059	-52.179	-150.32	-2.2964
138.54	-1.9836	20.191	-38.492	-3.2837	-14.079	-12.464	2.5338	-17.948	-8.3635	-60.93	41.727	-73.129	-124.06	27.043	-52.18	-150.31	-2.2917
138.54	-1.9779	20.192	-38.488	-3.2898	-14.109	-12.462	2.5346	-17.945	-8.3626	-60.917	41.735	-73.138	-124.05	27.042	-52.159	-150.33	-2.2761
138.54	-1.976	20.195	-38.493	-3.2951	-14.1	-12.473	2.5398	-17.947	-8.3613	-60.916	41.735	-73.133	-124.06	27.041	-52.173	-150.33	-2.2824
138.54	-1.986	20.189	-38.493	-3.2812	-14.106	-12.47	2.5425	-17.945	-8.3571	-60.913	41.74	-73.128	-124.06	27.045	-52.18	-150.31	-2.2929
138.54	-1.9781	20.192	-38.49	-3.2929	-14.097	-12.472	2.5426	-17.944	-8.3631	-60.916	41.722	-73.126	-124.06	27.045	-52.165	-150.32	-2.2881
138.54	-1.9755	20.181	-38.492	-3.2803	-14.105	-12.473	2.5432	-17.946	-8.3593	-60.925	41.719	-73.129	-124.06	27.043	-52.26	-150.16	-2.3126
138.54	-1.976	20.195	-38.492	-3.2942	-14.099	-12.479	2.5395	-17.95	-8.3634	-60.917	41.735	-73.129	-124.06	27.042	-52.179	-150.31	-2.2921
138.54	-1.9781	20.192	-38.497	-3.2957	-14.103	-12.469	2.5426	-17.946	-8.3572	-60.911	41.728	-73.136	-124.06	27.038	-52.153	-150.33	-2.2854
138.54	-1.9782	20.191	-38.493	-3.2825	-14.092	-12.478	2.5394	-17.952	-8.3676	-60.917	41.719	-73.129	-124.06	27.057	-52.257	-150.16	-2.2976
138.54	-1.9752	20.181	-38.493	-3.2825	-14.092	-12.478	2.543	-17.95	-8.3693	-60.919	41.716	-73.134	-124.06	27.051	-52.167	-150.32	-2.2895
138.54	-1.9778	20.178	-38.498	-3.2966	-14.104	-12.488	2.548	-17.953	-8.3676	-60.917	41.719	-73.131	-124.06	27.042	-52.259	-150.16	-2.3129
138.54	-1.9754	20.192	-38.493	-3.2825	-14.092	-12.486	2.549	-17.95	-8.3671	-60.916	41.72	-73.125	-124.06	27.047	-52.148	-150.34	-2.2871
138.54	-1.9681	20.195	-38.51	-3.2925	-14.106	-12.486	2.5488	-17.95	-8.3704	-60.906	41.724	-73.124	-124.05	27.048	-52.243	-150.17	-2.305
138.54	-1.9752	20.181	-38.506	-3.2892	-14.103	-12.481	2.5527	-17.944	-8.3718	-60.906	41.709	-73.129	-124.06	27.055	-52.25	-150.17	-2.31
138.54	-1.9734	20.185	-38.508	-3.2901	-14.105	-12.478	2.552	-17.943	-8.38	-60.911	41.714	-73.132	-124.06	27.054	-52.256	-150.16	-2.3095
138.54	-1.9754	20.192	-38.514	-3.2931	-14.109	-12.49	2.5487	-17.954	-8.3662	-60.903	41.726	-73.136	-124.06	27.049	-52.153	-150.33	-2.284
138.54	-1.9758	20.192	-38.502	-3.2849	-14.113	-12.492	2.5487	-17.953	-8.3794	-60.899	41.736	-73.145	-124.06	27.052	-52.149	-150.35	-2.2766
138.54	-1.9739	20.181	-38.515	-3.2929	-14.111	-12.492	2.5577	-17.947	-8.3869	-60.902	41.729	-73.143	-124.06	27.066	-52.159	-150.32	-2.273
138.53	-1.9676	20.183	-38.511	-3.2907	-14.108	-12.506	2.5508	-17.958	-8.3877	-60.902	41.73	-73.153	-124.05	27.051	-52.155	-150.35	-2.2763
138.54	-1.9763	20.179	-38.527	-3.3006	-14.122	-12.499	2.5532	-17.94	-8.3997	-60.897	41.726	-73.151	-124.05	27.055	-52.165	-150.32	-2.2698
138.54	-1.978	20.191	-38.52	-3.297	-14.115	-12.499	2.5531	-17.94	-8.4006	-60.897	41.726	-73.147	-124.06	27.05	-52.182	-150.3	-2.2836
138.54	-1.976	20.195	-38.518	-3.2958	-14.113	-12.493	2.5563	-17.933	-8.3963	-60.894	41.731	-73.143	-124.05	27.055	-52.155	-150.33	-2.272
138.54	-1.9758	20.195	-38.52	-3.2968	-14.116	-12.499	2.5532	-17.94	-8.4002	-60.896	41.713	-73.146	-124.06	27.063	-52.263	-150.16	-2.2993
138.54	-1.9762	20.195	-38.519	-3.2969	-14.115	-12.495	2.5441	-17.943	-8.3994	-60.896	41.713	-73.14	-124.05	27.069	-52.264	-150.17	-2.2988
138.54	-1.9776	20.178	-38.52	-3.2979	-14.116	-12.5	2.553	-17.94	-8.4006	-60.897	41.712	-73.134	-124.06	27.054	-52.152	-150.33	-2.2721
138.54	-1.9762	20.195	-38.52	-3.297	-14.115	-12.508	2.5479	-17.961	-8.389	-60.888	41.708	-73.137	-124.06	27.051	-52.146	-150.34	-2.2748
138.55	-1.981	20.184	-38.52	-3.297	-14.115	-12.504	2.5491	-17.946	-8.3877	-60.889	41.721	-73.123	-124.07	27.057	-52.259	-150.17	-2.2984
138.53	-1.9803	20.188	-38.532	-3.3037	-14.126	-12.505	2.5493	-17.945	-8.3882	-60.888	41.708	-73.125	-124.07	27.066	-52.147	-150.34	-2.2743
138.54	-1.978	20.191	-38.524	-3.3001	-14.119	-12.505	2.5493	-17.945	-8.3856	-60.885	41.711	-73.124	-124.07	27.055	-52.181	-150.27	-2.2935
138.54	-1.9752	20.181	-38.52	-3.297	-14.115	-12.5	2.553	-17.94	-8.3844	-60.884	41.712	-73.124	-124.07	27.054	-52.204	-150.22	-2.2979
138.54	-1.9758	20.196	-38.513	-3.2908	-14.122	-12.504	2.5492	-17.946	-8.3797	-60.881	41.714	-73.123	-124.07	27.057	-52.213	-150.2	-2.3059
138.54	-1.9776	20.191	-38.52	-3.2958	-14.128	-12.508	2.5499	-17.946	-8.3876	-60.884	41.71	-73.12	-124.07	27.072	-52.149	-150.32	-2.2819
138.54	-1.9759	20.181	-38.52	-3.297	-14.115	-12.499	2.5531	-17.94	-8.3891	-60.872	41.716	-73.133	-124.06	27.068	-52.211	-150.21	-2.2818
138.55	-1.9711	20.186	-38.529	-3.2994	-14.136	-12.504	2.5528	-17.944	-8.3946	-60.877	41.711	-73.144	-124.06	27.066	-52.246	-150.17	-2.2934
138.54	-1.9754	20.179	-38.524	-3.2973	-14.12	-12.495	2.5568	-17.934	-8.3977	-60.864	41.715	-73.141	-124.07	27.065	-52.135	-150.34	-2.2688
138.55	-1.9708	20.187	-38.523	-3.2818	-14.123	-12.505	2.5619	-17.937	-8.4068	-60.869	41.721	-73.141	-124.06	27.069	-52.149	-150.33	-2.2687
138.54	-1.9733	20.182	-38.53	-3.2867	-14.129	-12.517	2.5551	-17.949	-8.4184	-60.863	41.718	-73.152	-124.05	27.066	-52.146	-150.33	-2.2518
138.54	-1.9758	20.193	-38.525	-3.2836	-14.125	-12.512	2.5588	-17.944	-8.4165	-60.848	41.727	-73.161	-124.05	27.06	-52.144	-150.33	-2.2506
138.54	-1.9779	20.192	-38.538	-3.2903	-14.137	-12.512	2.559	-17.944	-8.4262	-60.854	41.719	-73.161	-124.05	27.061	-52.179	-150.31	-2.261
138.54	-1.973	20.183	-38.542	-3.2807	-14.133	-12.52	2.5556	-17.951	-8.4369	-60.846	41.717	-73.158	-124.05	27.064	-52.16	-150.32	-2.2521
138.54	-1.9735	20.185	-38.533	-3.2872	-14.133	-12.524	2.5645	-17.948	-8.4523	-60.844	41.711	-73.174	-124.04	27.06	-52.166	-150.32	-2.2408
138.54	-1.9777	20.192	-38.529	-3.2831	-14.128	-12.516	2.5585	-17.948	-8.4414	-60.837	41.72	-73.165	-124.04	27.065	-52.161	-150.32	-2.2567
138.54	-1.9754	20.179	-38.539	-3.2912	-14.138	-12.513	2.5587	-17.943	-8.4523	-60.844	41.711	-73.18	-124.04	27.058	-52.164	-150.32	-2.2434
138.54	-1.9783	20.191	-38.536	-3.2882	-14.133	-12.525	2.5644	-17.948	-8.4519	-60.843	41.712	-73.171	-124.04	27.073	-52.155	-150.33	-2.2404
138.54	-1.9736	20.197	-38.537	-3.2894	-14.135	-12.513	2.5623	-17.942	-8.4489	-60.841	41.714	-73.177	-124.05	27.068	-52.17	-150.31	-2.2523
138.54	-1.9754	20.181	-38.537	-3.2916	-14.123	-12.521	2.5556	-17.95	-8.453	-60.831	41.717	-73.175	-124.04	27.057	-52.151	-150.33	-2.24
138.54	-1.9755	20.181	-38.534	-3.2873	-14.132	-12.522	2.5675	-17.945	-8.4497	-60.841	41.714	-73.166	-124.04	27.077	-52.163	-150.35	-2.236
138.54	-1.9853	20.177	-38.538	-3.2903	-14.137	-12.52	2.5542	-17.937	-8.4477	-60.84	41.714	-73.17	-124.06	27.068	-52.255	-150.16	-2.2765
138.54	-1.976	20.195	-38.54	-3.2939	-14.124	-12.516	2.5585	-17.948	-8.4489	-60.841	41.714	-73.169	-124.06	27.08	-52.253	-150.17	-2.2851
138.55	-1.9711	20.186	-38.53	-3.2867	-14.129	-12.522	2.5675	-17.945	-8.4464	-60.839	41.715	-73.172	-124.06	27.061	-52.256	-150.18	-2.2836
138.54	-1.9755	20.181	-38.534	-3.2894	-14.12	-12.52	2.5557	-17.95	-8.457	-60.834	41.7	-73.166	-124.06	27.069	-52.257	-150.18	-2.2705
138.55	-1.9827	20.18	-38.54	-3.2939	-14.124	-12.524	2.5645	-17.948	-8.4519	-60.83	41.704	-73.168	-124.06	27.068	-52.257	-150.18	-2.2703
138.55	-1.971	20.187	-38.542	-3.2944	-14.141	-12.525	2.5644	-17.948	-8.4585	-60.834	41.712	-73.182	-124.05	27.064	-52.136	-150.36	-2.2292
138.54	-1.9755	20.181	-38.542	-3.2957	-14.127	-12.526	2.5646	-17.947	-8.4564	-60.845	41.707	-73.182	-124.05	27.065	-52.158	-150.34	-2.2303
138.54	-1.973	20.183	-38.537	-3.2915	-14.123	-12.53	2.5593	-17.939	-8.4735	-60.843	41.7	-73.179	-124.05	27.068	-52.178	-150.31	-2.2449
138.54	-1.9763	20.195	-38.554	-3.3002	-14.151	-12.53	2.5593	-17.939	-8.4563	-60.831	41.715	-73.181	-124.05	27.064	-52.154	-150.34	-2.214
138.54	-1.9783	20.191	-38.537	-3.2916	-14.123	-12.537	2.5568	-17.943	-8.468	-60.838	41.705	-73.185	-124.05	27.076	-52.162	-150.34	-2.2196
138.54	-1.9756	20.196	-38.547	-3.3079	-14.138	-12.53	2.5592	-17.94	-8.4638	-60.835	41.709	-73.185	-124.05	27.076	-52.151	-150.36	-2.2044
138.54	-1.9756	20.181	-38.541	-3.2948	-14.125	-12.53	2.5591	-17.94	-8.465	-60.836	41.708	-73.178	-124.05	27.083	-52.177	-150.3	-2.2253
138.54	-1.9731	20.182	-38.542	-3.2931	-14.127	-12.538	2.5562	-17.946	-8.4685	-60.839	41.704	-73.188	-124.04	27.084	-52.166	-150.33	-2.2266
138.54	-1.9735	20.185	-38.553	-3.3015	-14.137	-12.534	2.5578	-17.955	-8.4714	-60.842	41.702	-73.187	-124.06	27.091	-52.18	-150.32	-2.2321
138.54	-1.9752	20.181	-38.547	-3.309	-14.138	-12.533	2.5562	-17.942	-8.4607	-60.848	41.705	-73.19	-124.05	27.108	-52.185	-150.33	-2.2108
138.54	-1.9735	20.185	-38.538	-3.2905	-14.135	-12.533	2.5563	-17.942	-8.4663	-60.867	41.705	-73.198	-124.05	27.091	-52.196	-150.33	-2.2322
138.54	-1.9727	20.183	-38.536	-3.3034	-14.128	-12.521	2.5541	-17.936	-8.453	-60.872	41.71	-73.191	-124.05	27.108	-52.204	-150.33	-2.2202
138.54	-1.973	20.185	-38.54	-3.3065	-14.132	-12.515	2.5544	-17.933	-8.4365	-60.878	41.716	-73.186	-124.04	27.124	-52.215	-150.32	-2.2101
138.55	-1.9711	20.188	-38.525	-3.3103	-14.125	-12.512	2.5587	-17.944	-8.4334	-60.891	41.709	-73.165	-124.04	27.138	-52.229	-150.32	-2.2155
138.55	-1.9713	20.186	-38.511	-3.3035	-14.114	-12.505	2.562	-17.937	-8.4193	-60.924	41.686	-73.152	-124.05	27.142	-52.252	-150.32	-2.2254
138.54	-1.9734	20.183	-38.505	-3.3059	-14.096	-12.501	2.5537	-17.957	-8.3941	-60.963	41.666	-73.126	-124.05	27.169	-52.269	-150.31	-2.236
138.55	-1.9806	20.181	-38.481	-3.3213	-14.076	-12.476	2.5424	-17.949	-8.3507	-61.013	41.62	-73.088	-124.06	27.199	-52.287	-150.3	-2.2501
138.54	-1.9734	20.185	-38.442	-3.344	-14.051	-12.434	2.5421	-17.96	-8.2767	-61.076	41.598	-73.041	-124.08	27.238	-52.312	-150.31	-2.265
138.54	-1.9758	20.177	-38.403	-3.3685	-14.01	-12.413	2.543	-17.948	-8.1645	-61.191	41.567	-72.975	-124.11	27.315	-52.357	-150.29	-2.28
138.55	-1.9706	20.186	-38.336	-3.4602	-13.849	-12.402	2.5892	-17.9	-7.9817	-61.356	41.577	-72.881	-124.15	27.429	-52.409	-150.3	-2.2937
138.54	-1.9783	20.191	-38.254	-3.6018	-13.636	-12.409	2.6862	-17.917	-7.8094	-61.523	41.515	-72.784	-124.2	27.529	-52.448	-150.31	-2.3018
138.54	-1.9783	20.191	-38.204	-3.7195	-13.532	-12.41	2.7773	-17.837	-7.5757	-61.76	41.53	-72.675	-124.28	27.632	-52.507	-150.33	-2.3414
138.53	-1.97	20.179	-38.129	-3.7835	-13.317	-12.42	2.9127	-17.672	-7.2906	-62.036	41.566	-72.553	-124.41	27.748	-52.558	-150.36	-2.3577
138.53	-1.9679	20.196	-38.019	-3.8588	-12.77	-12.398	3.0755	-17.303	-6.969	-62.435	41.632	-72.367	-124.57	27.869	-52.581	-150.42	-2.4127
138.53	-1.9801	20.187	-37.861	-3.8747	-11.796	-12.287	3.2388	-16.641	-6.5317	-62.909	41.765	-72.138	-124.76	28.007	-52.606	-150.48	-2.4972
138.54	-1.9778	20.191	-37.689	-3.9272	-10.662	-11.983	3.4322	-15.642	-5.9254	-63.582	41.965	-71.829	-125.04	28.163	-52.641	-150.41	-2.6352
138.54	-1.9778	20.191	-37.044	-3.7659	-8.7132	-11.463	3.4643	-14.426	-5.2366	-64.392	42.273	-71.46	-125.35	28.378	-52.427	-150.73	-2.7134
138.53	-1.9715	20.191	-36.46	-3.8744	-7.1647	-10.638	3.3667	-12.967	-4.3808	-65.448	42.658	-71.005	-125.73	28.563	-52.286	-150.85	-2.8828
138.53	-1.9705	20.193	-35.555	-3.9883	-5.3438	-9.4779	3.1033	-11.417	-3.4102	-66.662	43.12	-70.493	-126.15	28.782	-52.188	-150.97	-2.985
138.54	-1.9778	20.191	-34.402	-4.2912	-3.498	-7.8952	2.7834	-9.6728	-2.3094	-68	43.673	-69.942	-126.58	28.983	-52.083	-151.11	-3.1341
138.54	-1.976	20.195	-33.065	-4.706	-1.6254	-5.9712	2.2452	-7.9803	-1.0858	-69.525	44.154	-69.328	-127.01	29.213	-51.76	-151.39	-3.2418
138.55	-1.9838	20.194	-31.529	-5.1378	0.17555	-3.6595	1.6616	-6.2256	0.25858	-71.117	44.649	-68.636	-127.48	29.486	-51.52	-151.58	-3.2985
138.55	-1.9838	20.194	-29.996	-5.5959	1.9739	-1.042	0.98419	-4.5859	1.7247	-72.805	45.115	-67.834	-128	29.773	-51.117	-151.94	-3.4147
138.55	-1.981	20.2	-28.35	-6.1035	3.7304	2.0397	0.21206	-2.9643	3.309	-74.524	45.459	-66.884	-128.6	30.071	-50.498	-152.32	-3.5507
138.56	-1.9865	20.203	-26.494	-6.7176	5.3853	5.2061	-0.73245	-1.6497	5.0139	-76.255	45.766	-65.812	-129.2	30.389	-49.819	-152.69	-3.6733
138.56	-1.9865	20.202	-24.343	-7.4046	6.9279	8.6749	-1.7363	-0.3259	6.8934	-78.022	46	-64.586	-129.86	30.663	-49.042	-153.1	-3.7396
138.57	-1.9958	20.213	-22.189	-8.092	8.2114	12.313	-2.8729	0.77171	8.8075	-79.746	46.181	-63.22	-130.5	30.98	-48.169	-153.56	-3.9375
138.57	-1.9979	20.199	-19.909	-8.8219	9.2431	16.231	-4.2111	1.8265	10.886	-81.534	46.373	-61.796	-131.1	31.221	-47.281	-153.77	-3.7618
138.57	-1.9985	20.213	-17.292	-9.6887	10.341	20.532	-5.6795	2.7231	12.982	-83.258	46.626	-60.278	-131.63	31.448	-46.032	-154.29	-3.619
138.57	-2.0068	20.195	-14.473	-10.598	11.08	25.129	-7.3443	3.6322	15.176	-84.979	46.836	-58.693	-132.07	31.747	-44.638	-154.74	-3.4946
138.57	-2.0098	20.205	-11.423	-11.554	11.62	30.028	-9.1333	4.4899	17.439	-86.697	47.144	-56.985	-132.52	32.019	-42.916	-155.55	-3.3262
138.57	-2.0114	20.202	-8.1649	-12.58	12.009	35.121	-11.069	5.3748	19.752	-88.411	47.394	-55.065	-133.03	32.289	-41.373	-156.22	-3.2916
138.56	-2.0037	20.203	-4.8275	-13.648	12.293	40.287	-13.178	6.2088	22.199	-90.048	47.739	-53.086	-133.51	32.625	-39.524	-156.83	-2.9955
138.56	-2.0016	20.207	-1.4013	-14.69	12.46	45.4	-15.366	6.939	24.666	-91.684	47.959	-50.949	-133.93	32.978	-37.629	-157.35	-2.6774
138.56	-2.0036	20.202	2.0876	-15.702	12.538	50.313	-17.701	7.5089	27.588	-92.927	48.687	-48.789	-134.28	33.439	-35.655	-157.88	-2.2457
138.56	-2.0117	20.202	5.6866	-16.766	12.71	55.881	-19.625	8.6286	30.3	-94.422	48.909	-46.509	-134.64	33.862	-33.647	-158.42	-1.8703
138.56	-2.0039	20.203	9.2402	-17.852	12.89	60.736	-21.885	9.0619	33.106	-95.824	49.161	-44.135	-135	34.445	-31.514	-158.61	-1.3709
138.56	-1.9992	20.21	12.843	-18.785	12.955	65.47	-24.082	9.4729	35.959	-97.148	49.334	-41.641	-135.32	34.972	-29.379	-159.09	-0.83887
138.56	-1.9912	20.198	16.44	-19.8	13.25	70.153	-26.107	9.9209	38.906	-98.389	49.548	-39.067	-135.63	35.547	-27.021	-159.44	-0.091034
138.56	-1.9889	20.201	20.031	-20.735	13.447	74.693	-28.073	10.267	41.867	-99.535	49.85	-36.401	-135.89	36.139	-24.468	-160.12	0.54495
138.56	-1.9889	20.214	23.59	-21.629	13.705	79.292	-29.846	10.669	44.885	-100.57	50.022	-33.656	-136.17	36.677	-22.102	-160.64	0.98598
138.56	-1.9889	20.201	27.168	-22.336	13.78	83.834	-31.61	11.01	47.927	-101.52	50.269	-30.847	-136.36	37.237	-19.588	-160.62	1.5367
138.56	-1.9885	20.198	30.767	-23.111	13.998	88.429	-33.231	11.302	50.991	-102.32	50.462	-27.998	-136.49	37.792	-16.617	-161.14	2.3167
138.56	-1.994	20.208	34.307	-23.736	14.12	92.596	-34.954	11.188	54.076	-103.04	50.686	-25.078	-136.48	38.353	-13.996	-161.27	3.0331
138.56	-1.9866	20.204	37.781	-24.222	14.113	97.244	-36.444	11.49	57.188	-103.55	50.915	-22.18	-136.44	38.809	-11.293	-161.26	3.7279
138.56	-1.9933	20.207	41.118	-24.597	14.057	102.39	-37.449	12.301	60.244	-103.93	51.18	-19.23	-136.35	39.223	-8.2747	-161.75	4.4101
138.55	-1.9958	20.204	44.366	-24.899	13.915	106.64	-38.745	12.214	63.317	-104.18	51.491	-16.218	-136.25	39.677	-5.2581	-161.71	5.1782
138.55	-1.9989	20.198	47.547	-25.123	13.669	111.45	-39.639	12.558	66.365	-104.23	51.666	-13.213	-136.09	39.996	-2.2617	-162.02	5.7488
138.54	-1.9939	20.209	50.643	-25.308	13.36	116.14	-40.405	12.882	69.421	-104.17	51.922	-10.137	-135.86	40.341	0.62224	-161.88	6.3741
138.54	-2.0035	20.205	53.687	-25.344	12.968	121.21	-40.832	13.628	72.532	-103.96	52.135	-7.0877	-135.61	40.683	3.8042	-162.13	6.9927
138.54	-2.0031	20.209	56.65	-25.4	12.573	125.67	-41.344	13.849	75.604	-103.71	52.235	-4.0414	-135.3	40.985	6.6949	-162.04	7.6463
138.54	-2.0015	20.208	59.503	-25.272	12.122	129.67	-41.874	13.701	78.713	-103.4	52.268	-0.99895	-134.99	41.297	9.7572	-162.09	8.1613
138.55	-2.0096	20.21	62.338	-25.154	11.852	133.88	-42.232	13.824	81.857	-103.13	52.332	2.0129	-134.67	41.578	12.637	-161.98	8.7063
138.54	-2.0039	20.207	65.113	-24.895	11.624	137.95	-42.51	13.861	84.944	-102.82	52.263	5.0586	-134.34	41.858	15.495	-161.75	9.0387
138.54	-2.0065	20.205	67.807	-24.576	11.497	142.17	-42.627	14.177	88.062	-102.51	52.2	8.0578	-134	42.115	18.32	-161.44	9.3798
138.55	-2.0119	20.206	70.388	-24.24	11.448	145.92	-42.779	14.081	91.125	-102.17	52.042	11.047	-133.65	42.369	21.02	-161.03	9.5855
138.56	-2.0013	20.207	72.868	-23.757	11.323	149.41	-42.794	13.873	94.135	-101.8	51.837	14.01	-133.3	42.612	23.919	-160.92	9.9116
138.56	-2.0016	20.207	75.282	-23.233	11.323	152.62	-42.657	13.519	97.097	-101.41	51.669	16.873	-132.94	42.831	26.525	-160.52	10.131
138.55	-1.9959	20.205	77.48	-22.654	11.24	155.58	-42.27	13.143	99.952	-100.83	51.484	19.704	-132.52	43.055	28.99	-159.83	10.291
138.57	-1.9955	20.213	79.51	-21.99	11.089	158.24	-41.697	12.649	102.66	-100.14	51.305	22.373	-132.07	43.241	31.552	-159.38	10.417
138.58	-1.9912	20.207	81.408	-21.273	10.945	160.62	-40.829	12.146	105.27	-99.318	51.147	24.992	-131.52	43.401	34.086	-159.09	10.708
138.57	-1.9932	20.203	83.084	-20.436	10.634	162.75	-39.782	11.672	107.7	-98.285	51.049	27.442	-130.93	43.555	36.421	-158.33	10.776
138.57	-1.9906	20.193	84.574	-19.591	10.288	164.64	-38.464	11.206	109.92	-97.127	50.929	29.776	-130.24	43.602	38.7	-157.77	11.094
138.57	-1.993	20.203	85.959	-18.64	9.8255	166.27	-36.987	10.71	112.03	-95.769	50.912	31.985	-129.46	43.654	41.067	-157.4	11.298
138.56	-1.9885	20.198	87.249	-17.627	9.287	167.73	-35.413	10.236	113.96	-94.369	50.879	34.014	-128.6	43.693	43.189	-156.71	11.569
138.56	-1.9912	20.211	88.452	-16.62	8.6348	169	-33.651	9.7354	115.79	-92.851	50.916	35.927	-127.64	43.607	45.211	-155.89	11.771
138.55	-1.9943	20.206	89.645	-15.52	7.8108	170.15	-31.852	9.2473	117.51	-91.253	50.917	37.754	-126.61	43.539	47.185	-154.98	11.905
138.55	-1.9967	20.201	90.862	-14.4	7.0116	171.12	-30.062	8.6947	119.12	-89.66	50.914	39.426	-125.53	43.424	49.062	-154.12	12.008
138.55	-1.9988	20.198	92.061	-13.323	6.2687	172	-28.268	8.1152	120.63	-88.044	50.917	41.061	-124.38	43.257	50.956	-153.27	12.078
138.54	-1.9947	20.208	93.307	-12.191	5.5381	172.85	-26.496	7.6293	122.13	-86.48	50.926	42.617	-123.22	43.085	52.685	-152.17	12.157
138.53	-2.0079	20.199	94.548	-11.09	4.9224	173.59	-24.768	7.1024	123.56	-84.956	50.889	44.123	-122.05	42.936	54.442	-151.21	12.205
138.53	-2.0014	20.2	95.838	-9.9888	4.3331	174.3	-23.01	6.542	124.95	-83.456	50.823	45.591	-120.9	42.774	56.051	-150.12	12.153
138.53	-2	20.199	97.109	-8.8526	3.8565	174.95	-21.304	6.0072	126.33	-81.996	50.795	47.037	-119.72	42.556	57.59	-148.98	12.056
138.53	-2.0026	20.209	98.346	-7.7221	3.4723	175.54	-19.629	5.5017	127.69	-80.615	50.746	48.465	-118.61	42.416	59.166	-148.02	12.028
138.53	-1.9984	20.204	99.577	-6.6039	3.3019	176.01	-17.968	4.8915	129.04	-79.243	50.689	49.849	-117.5	42.276	60.691	-146.94	11.899
138.54	-1.9938	20.21	100.81	-5.4233	3.0238	176.32	-16.249	4.2952	130.35	-77.928	50.586	51.202	-116.42	42.115	62.078	-145.84	11.758
138.54	-2.0023	20.206	102.07	-4.2919	2.8467	176.38	-14.55	3.504	131.61	-76.636	50.491	52.479	-115.37	41.971	63.441	-144.78	11.617
138.54	-2.0014	20.208	103.37	-3.2109	2.7313	176.18	-12.796	2.6731	132.9	-75.362	50.45	53.779	-114.3	41.813	64.727	-143.67	11.483
138.54	-1.9991	20.198	104.79	-2.0875	2.644	175.7	-11.04	1.7667	134.14	-74.125	50.378	55.01	-113.29	41.687	65.994	-142.65	11.271
138.56	-2.0046	20.201	106.2	-1.0778	2.3502	174.97	-9.216	0.86028	135.36	-72.909	50.345	56.242	-112.3	41.536	67.266	-141.62	11.113
138.55	-1.9989	20.199	107.83	0.021191	2.0679	174.02	-7.3884	-0.065507	136.58	-71.692	50.375	57.438	-111.33	41.368	68.404	-140.48	10.844
138.55	-1.9981	20.2	109.43	0.82753	1.9413	172.84	-5.5888	-0.97624	137.74	-70.471	50.39	58.604	-110.41	41.222	69.714	-139.68	10.729
138.56	-1.9994	20.208	111.22	1.7224	1.6059	171.53	-3.7981	-1.8877	138.86	-69.264	50.38	59.768	-109.49	41.032	70.936	-138.78	10.498
138.56	-1.9863	20.203	113.11	2.4551	1.2813	170.04	-2.1136	-2.8013	140	-68.104	50.407	60.916	-108.62	40.887	72.208	-137.96	10.302
138.56	-1.9893	20.213	115.04	3.1482	0.74587	168.48	-0.46955	-3.6272	141.09	-66.919	50.447	62.045	-107.78	40.706	73.412	-137.06	10.005
138.56	-1.9914	20.21	116.91	3.7025	0.1093	166.89	1.0426	-4.4567	142.17	-65.733	50.494	63.213	-106.94	40.526	74.579	-136.19	9.9072
138.43	-2.0453	20.185	118.91	4.077	-0.38674	165.27	2.3496	-5.3164	143.26	-64.6	50.49	64.352	-106.18	40.371	75.788	-135.42	9.7631
138.56	-2.0055	20.174	120.61	4.5579	-1.1534	163.28	3.3151	-6.5833	144.36	-63.533	50.561	65.524	-105.42	40.184	77.129	-134.76	9.5543
140.08	-1.4717	20.24	121.85	5.1212	-1.712	162.45	4.5715	-6.8822	145.16	-62.77	50.215	66.712	-104.66	40.016	78.329	-133.96	9.4566
141.57	-0.92748	20.299	122.91	5.3535	-2.5366	162.5	5.5271	-7.2974	146.29	-61.806	50.244	67.918	-103.99	39.88	79.696	-133.41	9.3912
142.6	-0.10132	20.234	124.1	5.9536	-2.5867	163.85	6.0077	-7.4282	147.47	-61.065	50.27	69.185	-103.34	39.835	80.934	-132.61	9.3291
144.21	0.45828	20.277	125.73	6.4643	-2.7048	165.35	6.4729	-7.4535	148.77	-60.441	50.375	70.478	-102.75	39.761	82.406	-132.19	9.2518
146.12	0.75415	20.229	127.54	6.8754	-2.8319	166.98	6.8277	-7.3985	150.25	-59.848	50.551	71.842	-102.2	39.752	83.74	-131.48	9.3502
148.08	1.0699	20.289	129.45	7.2407	-2.8219	168.77	7.0965	-7.2841	151.83	-59.466	50.736	73.319	-101.64	39.758	85.197	-131.01	9.3043
149.94	1.3841	20.293	131.47	7.6213	-2.7806	170.72	7.3842	-7.1002	153.56	-59.173	50.905	74.896	-101.14	39.801	86.745	-130.48	9.3714
151.7	1.6296	20.334	133.57	7.8713	-2.8149	172.7	7.6022	-6.8926	155.39	-58.908	51.059	76.618	-100.68	39.937	88.396	-130.03	9.4249
153.54	1.8251	20.39	135.76	8.1916	-2.6826	174.77	7.847	-6.6615	157.31	-58.653	51.262	78.453	-100.31	40.063	90.164	-129.59	9.498
155.53	2.0467	20.508	138.06	8.4004	-2.574	177.04	8.0642	-6.3009	159.38	-58.449	51.522	80.399	-99.913	40.188	92.024	-129.21	9.6118
157.6	2.1957	20.705	140.51	8.532	-2.3733	179.42	8.2275	-5.8725	161.5	-58.331	51.774	82.408	-99.533	40.309	93.983	-129.04	9.7755
159.85	2.2503	20.912	143	8.689	-2.1505	181.86	8.3573	-5.585	163.75	-58.211	52.061	84.517	-99.177	40.55	95.887	-128.5	9.9424
162.35	2.3869	21.309	145.6	8.8288	-1.7619	184.39	8.475	-5.0009	166.09	-58.137	52.36	86.673	-98.869	40.736	97.94	-128.23	10.116
164.93	2.4373	21.704	148.21	9.0148	-1.3358	187.03	8.5695	-4.6889	168.49	-58.081	52.7	88.948	-98.575	40.969	100.1	-127.89	10.244
167.73	2.512	22.267	150.93	9.0645	-0.68802	189.72	8.6172	-4.1692	170.96	-58.106	53.098	91.297	-98.339	41.204	102.3	-127.68	10.471
170.47	2.5202	22.757	153.71	9.1789	-0.19182	192.46	8.6836	-3.6644	173.49	-58.174	53.408	93.706	-98.109	41.527	104.52	-127.44	10.683
173.3	2.4969	23.301	156.57	9.3469	0.31695	195.35	8.6859	-3.0588	176.03	-58.234	53.807	96.138	-97.869	41.756	106.82	-127.13	10.909
176.19	2.4547	23.87	159.53	9.2859	1.0917	198.3	8.6925	-2.458	178.64	-58.362	54.235	98.608	-97.607	42.044	109.06	-126.74	11.046
179.17	2.4055	24.454	162.57	9.3616	1.4113	201.32	8.624	-1.7426	181.28	-58.412	54.818	101.08	-97.344	42.327	111.48	-126.67	11.408
182.24	2.3222	25.04	165.71	9.3839	1.9727	204.48	8.4857	-1.2313	183.92	-58.534	55.312	103.61	-97.051	42.589	113.87	-126.39	11.669
185.31	2.1589	25.588	168.93	9.2999	2.5352	207.68	8.3442	-0.48003	186.68	-58.658	55.828	106.15	-96.779	42.879	116.38	-126.22	11.95
188.49	2.0618	26.208	172.21	9.2546	3.0596	210.46	7.8738	-0.49735	189.39	-58.81	56.339	108.76	-96.448	43.132	118.9	-125.96	12.321
191.66	1.8642	26.752	175.54	9.1773	3.6346	213.81	7.6572	0.15698	192.19	-58.946	56.856	111.38	-96.157	43.403	121.39	-125.58	12.476
194.98	1.7314	27.335	178.92	9.0838	3.9501	217.71	7.7484	1.4397	194.99	-59.126	57.351	114.08	-95.856	43.641	124.04	-125.46	12.926
198.31	1.4998	27.805	182.32	8.9304	4.5078	221.29	7.5458	2.0032	197.89	-59.278	57.79	116.8	-95.548	43.857	126.61	-125.3	13.154
201.68	1.3034	28.286	185.75	8.6866	4.9607	224.67	7.2474	2.3947	200.76	-59.461	58.151	119.55	-95.242	44.108	129.19	-125.03	13.472
205.03	1.078	28.562	189.18	8.5435	5.2715	228.16	6.9881	2.816	203.7	-59.59	58.51	122.31	-94.919	44.263	131.75	-124.77	13.686
208.4	0.87593	28.843	192.58	8.398	5.431	231.62	6.7139	3.1455	206.67	-59.725	58.856	125.11	-94.586	44.416	134.47	-124.73	13.971
211.8	0.66932	29.088	196	8.0899	5.7251	235.04	6.4328	3.4036	209.61	-59.862	58.986	127.9	-94.273	44.57	137.13	-124.51	14.025
215.16	0.4668	29.221	199.4	7.9821	5.6679	238.49	6.1371	3.5152	212.61	-59.982	59.183	130.72	-93.972	44.701	139.72	-124.3	14.202
218.52	0.21962	29.279	202.79	7.6656	5.8508	241.9	5.8309	3.6254	215.56	-60.138	59.251	133.52	-93.686	44.793	142.33	-124.01	14.419
221.8	-0.046686	29.273	206.14	7.4423	5.7972	245.25	5.4976	3.5192	218.56	-60.292	59.324	136.31	-93.404	44.862	144.95	-123.86	14.473
225.09	-0.3441	29.285	209.43	7.2356	5.7674	248.13	4.9606	3.121	221.49	-60.501	59.287	139.04	-93.136	44.907	147.46	-123.65	14.625
228.32	-0.60583	29.284	212.74	6.9078	5.9167	251.41	4.6243	3.1411	224.4	-60.711	59.234	141.75	-92.844	44.928	149.95	-123.39	14.615
231.52	-0.88867	29.27	215.93	6.7442	5.7333	255.08	4.5411	3.5942	227.21	-60.929	59.15	144.39	-92.557	44.916	152.32	-123.18	14.452
234.61	-1.1798	29.231	219.05	6.6069	5.6238	258.25	4.2437	3.5378	229.95	-61.17	59.051	146.97	-92.253	44.859	154.71	-122.93	14.516
237.64	-1.4352	29.218	222.1	6.4243	5.691	261.24	3.9327	3.5228	232.66	-61.339	58.999	149.45	-91.964	44.744	156.95	-122.66	14.407
240.61	-1.6715	29.189	225.07	6.2431	5.6886	264.27	3.6835	3.4903	235.23	-61.503	58.869	151.88	-91.65	44.61	159.18	-122.37	14.177
243.43	-1.8905	29.056	227.93	6.0881	5.6344	266.65	3.1634	2.775	237.69	-61.63	58.661	154.26	-91.341	44.45	161.35	-122.15	14.004
246.16	-2.0409	28.879	230.7	5.9256	5.3595	269.4	2.9191	2.5836	240.07	-61.691	58.466	156.54	-91.032	44.256	163.57	-121.87	13.966
248.77	-2.1806	28.663	233.35	5.7809	5.3114	272.13	2.7939	2.4436	242.41	-61.689	58.285	158.79	-90.675	44.044	165.59	-121.62	13.813
251.29	-2.2261	28.377	235.91	5.7686	4.5943	274.73	2.6874	2.1812	244.61	-61.65	58.015	160.93	-90.316	43.785	167.59	-121.38	13.477
253.75	-2.2277	28.089	238.4	5.5812	4.4699	277.69	2.7643	2.3631	246.81	-61.525	57.771	163.02	-89.944	43.477	169.51	-121.17	13.34
256.1	-2.2613	27.655	240.79	5.6265	4.0291	280.13	2.6786	2.024	248.86	-61.413	57.436	165.02	-89.523	43.138	171.4	-120.87	13.014
258.39	-2.3077	27.153	243.14	5.6001	3.3247	282.5	2.5588	1.5787	250.87	-61.273	57.089	166.97	-89.087	42.763	173.24	-120.57	12.741
260.59	-2.2933	26.609	245.39	5.5051	2.8012	284.78	2.4766	1.0087	252.8	-61.126	56.676	168.84	-88.634	42.366	175.04	-120.26	12.539
262.73	-2.2845	26.066	247.57	5.3935	2.3425	286.54	2.1673	-0.0076272	254.7	-60.945	56.26	170.65	-88.192	41.97	176.74	-119.88	12.233
264.76	-2.304	25.461	249.67	5.4161	1.5836	289.14	2.3077	-0.035356	256.52	-60.79	55.756	172.39	-87.761	41.582	178.37	-119.64	11.854
266.8	-2.2788	24.942	251.68	5.3775	1.0076	291.15	2.216	-0.63864	258.32	-60.657	55.287	174.07	-87.333	41.155	179.9	-119.3	11.661
268.71	-2.3237	24.275	253.58	5.3478	0.45523	293.08	2.1089	-1.2711	260.06	-60.536	54.774	175.68	-86.912	40.713	181.43	-118.93	11.227
270.59	-2.3367	23.744	255.42	5.3391	-0.046127	294.46	1.7735	-2.4375	261.7	-60.456	54.207	177.23	-86.519	40.335	182.79	-118.61	10.934
272.35	-2.3917	23.212	257.15	5.4223	-0.7562	296.67	1.9269	-2.5119	263.28	-60.413	53.662	178.67	-86.15	39.878	184.06	-118.33	10.422
274.01	-2.4319	22.626	258.79	5.3461	-1.0969	298.33	1.8274	-3.1218	264.77	-60.345	53.144	180.06	-85.776	39.489	185.26	-118.04	10.089
275.73	-2.3772	22.213	260.37	5.3114	-1.6691	299.92	1.7619	-3.6735	266.15	-60.283	52.653	181.34	-85.43	39.044	186.52	-117.71	9.6067
277.96	-2.1214	22.009	261.77	5.3731	-2.006	301.43	1.6629	-4.2589	267.45	-60.218	52.108	182.56	-85.083	38.61	187.57	-117.44	9.1993
280.18	-1.9706	21.726	263.15	5.509	-2.2863	302.84	1.5318	-4.985	268.65	-60.163	51.61	183.7	-84.697	38.155	188.59	-117.15	8.8318
282.19	-1.7768	21.598	264.37	5.6613	-2.5319	304.18	1.4337	-5.4527	269.84	-60.047	51.185	184.78	-84.394	37.713	189.6	-116.95	8.3838
283.41	-1.6366	21.589	265.61	5.7072	-2.7132	305.5	1.5534	-5.7865	270.93	-59.973	50.77	185.8	-84.109	37.265	190.52	-116.73	7.9405
284.62	-1.4925	21.601	266.76	5.753	-2.8821	306.65	1.6708	-6.023	271.97	-59.909	50.334	186.76	-83.821	36.833	191.42	-116.46	7.5583
285.75	-1.3859	21.617	267.88	5.8309	-3.1148	307.21	1.3242	-7.0546	272.89	-59.86	49.97	187.68	-83.543	36.396	192.33	-116.24	7.2846
286.86	-1.3011	21.661	268.92	5.9161	-3.2863	308.88	1.6605	-6.6306	273.75	-59.792	49.579	188.56	-83.272	36.012	193.1	-115.97	6.879
287.9	-1.245	21.674	269.86	5.9962	-3.3444	309.33	1.3204	-7.6671	274.58	-59.653	49.29	189.33	-82.968	35.645	193.78	-115.86	6.5468
288.85	-1.1162	21.676	270.79	6.0002	-3.4291	310.3	1.2878	-7.98	275.33	-59.519	49.05	190.03	-82.631	35.291	194.48	-115.51	6.2694
289.71	-1.1122	21.7	271.6	6.0745	-3.5413	311.2	1.2828	-8.2428	275.96	-59.4	48.776	190.64	-82.312	34.967	195.06	-115.38	6.0047
290.24	-1.0251	21.638	272.38	6.1743	-4.0692	312.67	1.6331	-7.6092	276.56	-59.25	48.554	191.21	-81.992	34.697	195.62	-115.13	5.8957
290.93	-0.955	21.621	273.01	6.2769	-3.9999	313.42	1.675	-7.7928	277.09	-59.077	48.384	191.68	-81.735	34.461	196.05	-114.95	5.5887
291.51	-0.84245	21.67	273.57	6.4017	-4.3751	313.98	1.7118	-8.1162	277.57	-58.924	48.159	192.14	-81.443	34.276	196.54	-114.64	5.547
291.95	-0.72393	21.598	273.99	6.5645	-4.4668	314.52	1.9536	-8.0961	277.91	-58.771	48.024	192.51	-81.186	34.057	196.83	-114.38	5.3363
292.24	-0.61203	21.609	274.18	6.8042	-4.5578	314.75	2.0973	-8.2434	278.27	-58.544	47.908	192.82	-80.934	33.948	197.12	-114.26	5.2694
292.16	-0.35973	21.635	274.07	7.0933	-4.547	315.56	3.1552	-7.2874	278.5	-58.3	47.839	193.05	-80.68	33.821	197.31	-114.04	5.082
292.11	0.082763	21.726	274	7.3896	-4.8532	315.59	3.5376	-7.3764	278.66	-57.998	47.73	193.2	-80.495	33.755	197.5	-113.78	5.1121
292.07	0.33666	21.72	273.93	7.6532	-4.8861	314.72	3.0078	-8.7067	278.7	-57.692	47.652	193.31	-80.336	33.659	197.61	-113.64	5.1602
292.05	0.5375	21.695	273.89	7.7589	-4.8763	315.74	4.2034	-7.5211	278.7	-57.34	47.578	193.35	-80.161	33.577	197.72	-113.44	5.152
292.04	0.68053	21.67	273.9	7.9593	-5.1379	315.77	4.3462	-7.603	278.63	-57.045	47.505	193.28	-79.917	33.494	197.59	-113.39	5.0637
292.06	0.73575	21.652	273.91	8.0364	-5.2282	315.78	4.4055	-7.6931	278.48	-56.833	47.454	193.13	-79.641	33.431	197.46	-113.2	5.0484
292.06	0.74882	21.66	273.91	8.1428	-5.4599	314.89	3.5891	-9.031	278.35	-56.682	47.457	192.97	-79.386	33.379	197.33	-113.05	5.1289
292.06	0.73892	21.654	273.88	8.1607	-5.5922	314.91	3.5538	-9.0832	278.22	-56.561	47.479	192.77	-79.186	33.327	197.2	-112.89	5.1646
292.07	0.73201	21.654	273.79	8.1625	-5.9029	314.95	3.5053	-9.1027	278.06	-56.498	47.467	192.6	-79.07	33.275	197.09	-112.89	5.1862
292.07	0.70672	21.654	273.78	7.9301	-6.3712	314.99	3.4079	-9.1745	277.89	-56.505	47.39	192.46	-79.001	33.259	196.78	-112.93	5.1174
292.1	0.63421	21.649	273.66	7.6378	-7.2573	315.01	3.2879	-9.3178	277.74	-56.466	47.33	192.32	-78.944	33.225	196.62	-112.91	5.1739
292.13	0.60484	21.638	273.55	7.5108	-7.824	315.04	3.1203	-9.6427	277.6	-56.373	47.236	192.17	-78.882	33.165	196.45	-112.9	5.29
292.12	0.59779	21.64	273.42	7.2784	-8.1885	315.12	2.8848	-9.917	277.49	-56.324	47.113	191.98	-78.793	33.07	196.24	-112.89	5.4318
292.07	0.59616	21.649	273.32	7.1277	-8.9309	315.17	2.6061	-10.256	277.3	-56.325	46.958	191.78	-78.718	32.979	196.07	-112.99	5.4517
291.96	0.59251	21.692	273.13	6.9138	-9.2585	316.3	3.3227	-9.1193	277.12	-56.294	46.77	191.59	-78.738	32.922	195.94	-113.13	5.4279
291.82	0.58225	21.718	272.87	6.7454	-9.7086	316.25	2.9807	-9.5883	276.97	-56.211	46.635	191.39	-78.813	32.84	195.68	-113.26	5.4907
291.66	0.54316	21.715	272.6	6.5544	-10.498	316.33	2.8227	-9.921	276.79	-56.141	46.463	191.23	-78.812	32.769	195.47	-113.34	5.538
291.47	0.48949	21.677	272.3	6.3715	-10.984	315.17	1.4139	-11.96	276.53	-56.118	46.219	191.01	-78.768	32.686	195.24	-113.36	5.6078
291.31	0.42809	21.64	271.95	6.2061	-11.47	315.18	1.0511	-12.392	276.29	-56.022	46.071	190.73	-78.746	32.598	194.89	-113.45	5.5388
291.12	0.38132	21.632	271.55	6.053	-11.924	316.48	1.8954	-10.928	275.97	-55.935	45.896	190.39	-78.728	32.529	194.59	-113.52	5.6034
290.95	0.30959	21.655	271.05	5.9659	-12.382	315.43	0.32042	-12.885	275.62	-55.835	45.718	190.02	-78.698	32.463	194.31	-113.56	5.7517
290.95	0.31373	21.731	270.37	5.782	-13.135	315.83	-0.15652	-12.995	275.18	-55.749	45.564	189.65	-78.686	32.391	193.95	-113.66	5.7702
290.86	0.25459	21.74	269.77	5.7336	-13.279	316.53	-0.69094	-12.753	274.76	-55.644	45.496	189.25	-78.621	32.31	193.5	-113.71	5.7773
290.8	0.22181	21.736	269.17	5.7904	-13.317	317.5	-1.3537	-12.188	274.24	-55.706	45.464	188.76	-78.597	32.251	193.09	-113.75	5.9078
290.79	0.19468	21.735	268.49	5.752	-13.313	318.68	-2.1123	-11.223	273.74	-55.821	45.56	188.25	-78.578	32.267	192.63	-113.88	5.9111
290.79	0.19859	21.727	267.73	5.8148	-13.213	319.98	-3.0144	-9.9856	273.12	-56.042	45.731	187.69	-78.68	32.355	192.15	-113.88	6.0846
290.8	0.20181	21.729	266.85	5.7051	-12.77	321.34	-4.1247	-8.6755	272.53	-56.267	45.931	187.14	-78.796	32.506	191.58	-114.14	6.2008
290.79	0.21142	21.731	265.85	5.8436	-12.744	322.75	-5.2893	-7.1723	271.9	-56.533	46.139	186.55	-78.953	32.713	191.04	-114.26	6.3932
290.8	0.23059	21.739	264.74	5.9935	-12.45	324.03	-6.6042	-5.6347	271.19	-56.849	46.385	185.92	-79.171	32.99	190.36	-114.42	6.6964
290.8	0.22803	21.734	263.63	6.1276	-11.583	325.23	-7.9648	-4.0692	270.58	-57.201	46.669	185.23	-79.407	33.315	189.75	-114.7	7.0214
290.79	0.24004	21.74	262.53	6.2612	-10.869	326.28	-9.3836	-2.4369	269.87	-57.637	46.849	184.53	-79.719	33.683	189	-114.89	7.3395
290.79	0.23791	21.735	261.36	6.4008	-10.318	327.16	-10.785	-0.82496	269.16	-58.088	47.116	183.77	-80.12	34.055	188.2	-115.22	7.6113
290.8	0.2474	21.738	260.08	6.3968	-9.7938	327.83	-12.202	0.71986	268.35	-58.559	47.36	182.99	-80.561	34.467	187.34	-115.59	7.7925
290.79	0.25183	21.748	258.75	6.2812	-9.3192	328.32	-13.71	2.2587	267.48	-59.079	47.517	182.13	-80.997	34.826	186.39	-115.92	8.0756
290.79	0.24965	21.745	257.41	6.1031	-8.6894	328.64	-15.225	3.754	266.49	-59.632	47.804	181.18	-81.435	35.164	185.46	-116.3	8.3196
290.79	0.24996	21.732	256	5.8801	-8.1146	328.77	-16.689	5.2036	265.43	-60.174	48.087	180.13	-81.873	35.518	184.48	-116.69	8.6703
290.8	0.24275	21.745	254.56	5.5915	-7.5997	328.72	-18.157	6.6496	264.27	-60.765	48.453	178.98	-82.342	35.883	183.3	-117	8.893
290.79	0.23785	21.736	253.12	5.2773	-7.0419	328.37	-19.619	7.953	263.02	-61.366	48.857	177.75	-82.834	36.205	182.09	-117.52	9.1274
290.79	0.2405	21.741	251.66	4.91	-6.5221	327.87	-20.99	9.2711	261.66	-61.998	49.23	176.43	-83.324	36.587	180.87	-117.94	9.444
290.8	0.22905	21.748	250.14	4.5158	-5.9689	327.17	-22.239	10.548	260.17	-62.694	49.682	175.02	-83.858	36.955	179.51	-118.37	9.7746
290.8	0.22824	21.734	248.58	4.1127	-5.3846	326.25	-23.4	11.859	258.61	-63.389	50.264	173.53	-84.421	37.349	178.05	-118.85	9.9579
290.79	0.2136	21.737	246.92	3.6941	-4.7634	325.17	-24.459	13.078	256.94	-64.13	50.74	171.93	-85.014	37.701	176.59	-119.34	10.377
290.79	0.2113	21.735	245.22	3.2188	-4.1935	323.88	-25.465	14.213	255.2	-64.866	51.336	170.23	-85.637	38.126	174.81	-119.76	10.516
290.8	0.20417	21.735	243.42	2.7667	-3.395	322.4	-26.379	15.273	253.34	-65.641	51.903	168.43	-86.282	38.587	173.16	-120.4	10.85
290.8	0.20476	21.735	241.57	2.2356	-2.4428	320.7	-27.242	16.208	251.36	-66.445	52.478	166.51	-86.918	39.058	171.43	-120.95	11.177
290.8	0.1956	21.731	239.59	1.7464	-1.6693	318.84	-28.028	17.092	249.3	-67.26	52.986	164.47	-87.557	39.523	169.4	-121.4	11.423
290.81	0.19859	21.736	237.56	1.2489	-0.96942	316.82	-28.732	17.931	247.11	-68.044	53.614	162.31	-88.188	39.966	167.33	-121.91	11.738
290.8	0.20718	21.739	235.38	0.72115	-0.16343	314.62	-29.345	18.62	244.82	-68.816	54.197	160.03	-88.833	40.48	165.23	-122.37	12.045
290.8	0.20508	21.736	233.06	0.30154	0.71691	312.26	-29.779	19.312	242.38	-69.587	54.671	157.63	-89.466	40.943	163	-122.83	12.446
290.81	0.20888	21.741	230.54	-0.039863	1.553	309.63	-30.106	19.771	239.89	-70.279	55.18	155.13	-90.161	41.425	160.56	-123.32	12.587
290.8	0.22098	21.748	227.84	-0.28878	2.1719	306.83	-30.185	20.307	237.23	-70.948	55.621	152.55	-90.902	41.893	158.18	-123.77	12.903
290.81	0.22317	21.738	225	-0.5129	3.1443	303.79	-30.105	20.711	234.47	-71.537	56.069	149.86	-91.67	42.354	155.67	-124.37	13.109
290.8	0.22149	21.733	221.97	-0.63819	3.8923	300.57	-29.774	21.219	231.56	-72.039	56.544	147.09	-92.475	42.82	153.01	-124.87	13.351
290.8	0.22817	21.734	218.8	-0.71082	4.6575	297.11	-29.347	21.583	228.57	-72.473	56.998	144.18	-93.29	43.258	150.28	-125.4	13.565
290.8	0.23254	21.742	215.51	-0.79764	5.6863	293.46	-28.748	21.925	225.41	-72.861	57.393	141.15	-94.098	43.702	147.45	-125.91	13.676
290.8	0.22849	21.735	212.12	-0.8057	6.4643	289.6	-27.989	22.339	222.18	-73.2	57.886	138.03	-94.868	44.161	144.57	-126.43	14.047
290.79	0.24066	21.742	208.57	-0.82959	7.479	285.48	-27.174	22.591	218.76	-73.513	58.279	134.76	-95.66	44.598	141.63	-126.88	14.292
290.8	0.24358	21.747	204.95	-0.78468	8.2609	281.14	-26.248	22.791	215.26	-73.766	58.672	131.4	-96.447	45.01	138.51	-127.38	14.5
290.79	0.23682	21.737	201.25	-0.81458	9.4053	276.62	-25.17	23.071	211.62	-74.02	59.157	127.94	-97.26	45.435	135.32	-127.96	14.704
290.8	0.22849	21.735	197.41	-0.73559	10.273	271.81	-24.088	23.161	207.93	-74.255	59.737	124.38	-98.058	45.856	131.94	-128.43	14.926
290.79	0.23465	21.735	193.5	-0.69532	11.359	266.81	-22.933	23.284	204.14	-74.472	60.216	120.73	-98.867	46.244	128.68	-128.93	15.206
290.79	0.22642	21.729	189.52	-0.66789	12.558	261.54	-21.697	23.317	200.24	-74.68	60.682	117	-99.693	46.607	125.14	-129.4	15.333
290.8	0.22789	21.748	185.81	-0.29315	14.117	256.18	-20.395	23.401	196.45	-74.62	61.591	113.2	-100.48	46.994	121.61	-130.01	15.623
290.8	0.22143	21.734	181.71	-0.22401	15.209	250.62	-19.084	23.428	192.4	-74.731	61.996	109.31	-101.28	47.342	118.02	-130.53	15.83
290.8	0.21609	21.739	177.43	-0.20504	16.178	244.88	-17.73	23.396	188.27	-74.845	62.45	105.36	-102.09	47.676	114.33	-131.05	15.902
290.8	0.21673	21.742	173.06	-0.14734	17.166	238.95	-16.322	23.28	184.07	-74.919	62.922	101.36	-102.86	48.012	110.49	-131.35	16.056
290.8	0.20702	21.739	168.58	-0.15503	18.199	232.77	-14.924	23.087	179.83	-74.92	63.238	97.278	-103.64	48.276	106.78	-131.97	16.36
290.81	0.20854	21.741	164.04	-0.050422	19.088	NaN	NaN	NaN	175.52	-74.896	63.536	93.191	-104.38	48.594	102.88	-132.56	16.45
290.8	0.20387	21.734	159.37	0.039815	19.581	NaN	NaN	NaN	171.18	-74.819	63.88	89.04	-105.17	48.899	99.03	-133.01	16.627
290.81	0.20994	21.743	154.65	0.096273	20.231	NaN	NaN	NaN	166.83	-74.705	64.138	84.881	-105.92	49.02	95.132	-133.51	16.713
290.81	0.21068	21.744	149.75	0.077435	20.674	NaN	NaN	NaN	162.44	-74.538	64.33	80.728	-106.68	49.207	91.159	-134.05	16.839
290.81	0.21168	21.732	144.8	0.09472	20.975	NaN	NaN	NaN	158.01	-74.283	64.378	76.519	-107.47	49.465	87.231	-134.45	17.014
290.81	0.21197	21.744	139.72	0.11898	21.2	NaN	NaN	NaN	153.58	-73.988	64.428	72.313	-108.19	49.632	83.141	-134.99	16.972
290.8	0.21835	21.746	134.59	0.19795	21.11	NaN	NaN	NaN	149.12	-73.65	64.413	68.11	-108.94	49.789	79.206	-135.4	17.051
290.8	0.21857	21.729	129.41	0.24876	20.967	NaN	NaN	NaN	144.66	-73.231	64.336	63.919	-109.65	49.913	75.11	-136.01	17.005
290.8	0.21653	21.725	124.09	0.22226	20.678	167.01	-1.5945	16.88	140.17	-72.763	64.183	59.708	-110.38	50.017	71.126	-136.46	17.148
290.8	0.22825	21.734	118.85	0.2713	20.335	159.77	-0.8461	15.635	135.48	-72.563	63.638	55.507	-111.11	50.11	67.021	-136.93	17.034
290.79	0.22411	21.726	113.43	0.25964	19.971	NaN	NaN	NaN	130.95	-72.071	63.284	51.365	-111.83	50.192	63.003	-137.4	17.092
290.78	0.23336	21.728	108.03	0.28911	19.61	NaN	NaN	NaN	126.45	-71.54	63.003	47.188	-112.55	50.16	58.964	-137.91	17.032
290.79	0.23186	21.743	102.64	0.31999	19.08	NaN	NaN	NaN	121.95	-71.074	62.596	43.04	-113.24	50.168	54.887	-138.39	16.874
290.79	0.23526	21.749	97.198	0.33944	18.693	NaN	NaN	NaN	117.37	-70.565	62.162	38.882	-113.94	50.139	50.83	-138.9	16.722
290.79	0.22756	21.732	91.704	0.39963	18.275	NaN	NaN	NaN	112.77	-70.074	61.664	34.72	-114.62	50.056	46.758	-139.33	16.547
290.78	0.23262	21.73	86.241	0.37091	17.843	NaN	NaN	NaN	108.23	-69.619	61.224	30.611	-115.28	49.902	42.773	-139.77	16.337
290.79	0.2251	21.729	80.787	0.43302	17.334	NaN	NaN	NaN	103.62	-69.11	60.745	26.504	-115.93	49.786	38.825	-140.27	16.124
290.79	0.22791	21.735	75.274	0.43197	16.825	NaN	NaN	NaN	99.07	-68.697	60.282	22.401	-116.57	49.549	34.895	-140.81	15.903
290.8	0.21616	21.741	69.607	0.44957	16.208	NaN	NaN	NaN	94.469	-68.215	59.782	18.358	-117.19	49.327	31.029	-141.34	15.606
290.79	0.22331	21.729	63.96	0.51569	15.656	NaN	NaN	NaN	89.909	-67.839	59.308	14.369	-117.79	49.11	27.256	-141.81	15.394
290.8	0.21598	21.729	58.505	0.53379	15.034	NaN	NaN	NaN	85.429	-67.338	58.853	10.444	-118.39	48.854	23.507	-142.31	15.049
290.81	0.21211	21.743	53.111	0.53256	14.227	NaN	NaN	NaN	80.985	-66.876	58.361	6.5648	-118.96	48.585	19.821	-142.83	14.815
290.8	0.22174	21.749	47.863	0.46038	13.551	NaN	NaN	NaN	76.583	-66.509	57.843	2.7268	-119.5	48.268	16.193	-143.24	14.55
