143.07	1.9766	20.277	-39.227	-1.3351	-13.088	-12.142	-1.2335	-17.964	-9.918	-63.753	41.511	-82.971	-118.15	28.144	-65.266	-144.54	-3.4163
143.06	1.9816	20.275	-39.228	-1.3358	-13.089	-12.134	-1.2289	-17.971	-9.9136	-63.763	41.508	-82.966	-118.16	28.141	-65.254	-144.55	-3.4
143.07	1.9743	20.288	-39.227	-1.3352	-13.087	-12.126	-1.2221	-17.963	-9.905	-63.757	41.516	-82.963	-118.15	28.155	-65.25	-144.54	-3.4089
143.07	1.9822	20.29	-39.222	-1.3331	-13.069	-12.128	-1.2248	-17.966	-9.9136	-63.763	41.508	-82.957	-118.15	28.147	-65.249	-144.54	-3.407
143.07	1.9761	20.276	-39.225	-1.3186	-13.092	-12.131	-1.2249	-17.97	-9.9119	-63.759	41.496	-82.95	-118.14	28.141	-65.26	-144.54	-3.3988
143.07	1.9851	20.279	-39.224	-1.32	-13.078	-12.122	-1.2191	-17.961	-9.9081	-63.746	41.506	-82.954	-118.15	28.138	-65.244	-144.54	-3.4044
143.07	1.986	20.281	-39.223	-1.318	-13.091	-12.133	-1.2251	-17.969	-9.9097	-63.745	41.505	-82.953	-118.14	28.138	-65.259	-144.53	-3.4129
143.06	1.9801	20.271	-39.224	-1.3195	-13.077	-12.136	-1.2263	-17.973	-9.9109	-63.746	41.504	-82.965	-118.14	28.149	-65.262	-144.54	-3.4125
143.06	1.9796	20.284	-39.222	-1.3173	-13.09	-12.129	-1.2222	-17.968	-9.9158	-63.751	41.513	-82.965	-118.14	28.135	-65.267	-144.53	-3.4094
143.06	1.9834	20.277	-39.231	-1.3227	-13.084	-12.123	-1.2181	-17.962	-9.9251	-63.741	41.5	-82.977	-118.14	28.144	-65.267	-144.52	-3.4099
143.06	1.98	20.286	-39.23	-1.3236	-13.083	-12.129	-1.2222	-17.968	-9.9288	-63.745	41.509	-82.979	-118.13	28.131	-65.292	-144.54	-3.4206
143.06	1.98	20.271	-39.226	-1.3238	-13.066	-12.134	-1.2236	-17.983	-9.9408	-63.74	41.506	-82.985	-118.14	28.126	-65.292	-144.54	-3.4217
143.06	1.9791	20.269	-39.227	-1.3231	-13.08	-12.125	-1.222	-17.963	-9.9441	-63.743	41.503	-82.987	-118.14	28.125	-65.295	-144.53	-3.426
143.06	1.9789	20.269	-39.224	-1.3195	-13.077	-12.12	-1.2307	-17.966	-9.9465	-63.745	41.502	-82.994	-118.13	28.125	-65.314	-144.54	-3.4308
143.06	1.9696	20.279	-39.224	-1.3324	-13.083	-12.134	-1.2379	-17.977	-9.9531	-63.748	41.51	-83.002	-118.13	28.119	-65.299	-144.53	-3.426
143.05	1.9757	20.28	-39.226	-1.3367	-13.072	-12.127	-1.2338	-17.972	-9.9661	-63.758	41.497	-83.013	-118.13	28.118	-65.314	-144.54	-3.43
143.06	1.977	20.281	-39.221	-1.333	-13.069	-12.117	-1.2306	-17.961	-9.9628	-63.755	41.501	-83.012	-118.14	28.125	-65.329	-144.53	-3.4354
143.06	1.9675	20.279	-39.226	-1.3365	-13.074	-12.134	-1.2379	-17.977	-9.9668	-63.746	41.518	-83.015	-118.13	28.116	-65.32	-144.54	-3.4338
143.06	1.9691	20.279	-39.223	-1.3465	-13.078	-12.127	-1.2375	-17.974	-9.9733	-63.751	41.512	-83.016	-118.13	28.115	-65.316	-144.54	-3.4173
143.06	1.9698	20.284	-39.221	-1.3459	-13.075	-12.128	-1.2376	-17.974	-9.9795	-63.754	41.507	-83.006	-118.14	28.129	-65.318	-144.53	-3.4349
143.06	1.9668	20.279	-39.232	-1.353	-13.085	-12.128	-1.2376	-17.974	-9.9739	-63.763	41.504	-83.012	-118.14	28.125	-65.324	-144.55	-3.4396
143.06	1.9689	20.28	-39.226	-1.3494	-13.08	-12.125	-1.2348	-17.971	-9.9637	-63.755	41.501	-83.007	-118.14	28.115	-65.324	-144.55	-3.4269
143.06	1.9674	20.279	-39.223	-1.3464	-13.078	-12.121	-1.2346	-17.967	-9.967	-63.758	41.497	-83.001	-118.15	28.114	-65.309	-144.55	-3.4341
143.06	1.9693	20.28	-39.227	-1.3501	-13.081	-12.135	-1.2417	-17.979	-9.9604	-63.752	41.503	-83.001	-118.15	28.114	-65.317	-144.56	-3.4259
143.06	1.9702	20.282	-39.222	-1.3489	-13.078	-12.12	-1.2307	-17.966	-9.96	-63.751	41.49	-83.004	-118.15	28.111	-65.306	-144.54	-3.4212
143.06	1.9829	20.276	-39.218	-1.3461	-13.074	-12.125	-1.2348	-17.971	-9.9459	-63.756	41.494	-82.996	-118.14	28.105	-65.306	-144.55	-3.4321
143.06	1.9681	20.281	-39.219	-1.3338	-13.068	-12.12	-1.2307	-17.966	-9.9494	-63.746	41.498	-82.991	-118.14	28.119	-65.294	-144.55	-3.4303
143.06	1.9792	20.284	-39.226	-1.3345	-13.087	-12.118	-1.2317	-17.965	-9.9495	-63.743	41.487	-82.988	-118.14	28.108	-65.284	-144.54	-3.4244
143.06	1.9804	20.286	-39.227	-1.3352	-13.087	-12.117	-1.2264	-17.977	-9.9489	-63.743	41.485	-82.987	-118.14	28.107	-65.281	-144.54	-3.4231
143.06	1.9809	20.273	-39.228	-1.3338	-13.101	-12.111	-1.2223	-17.971	-9.9503	-63.742	41.473	-82.971	-118.14	28.105	-65.284	-144.54	-3.4231
143.06	1.9841	20.277	-39.218	-1.3191	-13.073	-12.11	-1.2233	-17.97	-9.939	-63.735	41.493	-82.972	-118.14	28.104	-65.284	-144.54	-3.4226
143.06	1.9818	20.286	-39.22	-1.3293	-13.081	-12.11	-1.2233	-17.97	-9.9449	-63.739	41.477	-82.981	-118.13	28.102	-65.291	-144.53	-3.4235
143.06	1.9822	20.275	-39.218	-1.33	-13.067	-12.11	-1.2233	-17.97	-9.956	-63.746	41.48	-82.985	-118.13	28.101	-65.288	-144.53	-3.4201
143.06	1.9799	20.269	-39.227	-1.3231	-13.081	-12.117	-1.2264	-17.977	-9.9536	-63.73	41.476	-82.993	-118.13	28.109	-65.31	-144.54	-3.4292
143.07	1.9862	20.281	-39.223	-1.3194	-13.077	-12.113	-1.2262	-17.972	-9.959	-63.734	41.471	-82.995	-118.13	28.099	-65.315	-144.53	-3.427
143.06	1.9824	20.276	-39.221	-1.3299	-13.082	-12.119	-1.2303	-17.978	-9.9673	-63.728	41.483	-82.99	-118.12	28.102	-65.319	-144.53	-3.4305
143.07	1.974	20.274	-39.227	-1.3225	-13.079	-12.114	-1.2278	-17.959	-9.9661	-63.726	41.485	-82.998	-118.13	28.097	-65.311	-144.52	-3.4315
143.06	1.9791	20.269	-39.224	-1.3324	-13.083	-12.125	-1.2347	-17.971	-9.9723	-63.73	41.481	-83.001	-118.13	28.105	-65.318	-144.53	-3.4293
143.07	1.9727	20.285	-39.228	-1.3373	-13.075	-12.128	-1.2376	-17.974	-9.9705	-63.716	41.491	-82.996	-118.13	28.11	-65.316	-144.54	-3.4326
143.06	1.9684	20.278	-39.221	-1.3309	-13.082	-12.122	-1.2346	-17.967	-9.9694	-63.729	41.483	-82.997	-118.13	28.108	-65.296	-144.54	-3.4322
143.06	1.9657	20.276	-39.219	-1.3436	-13.074	-12.116	-1.2305	-17.961	-9.9647	-63.738	41.48	-82.993	-118.14	28.105	-65.312	-144.55	-3.4368
143.07	1.9717	20.272	-39.224	-1.348	-13.079	-12.117	-1.2434	-17.969	-9.9688	-63.741	41.463	-82.986	-118.15	28.103	-65.286	-144.54	-3.4252
143.06	1.9667	20.279	-39.225	-1.3504	-13.079	-12.111	-1.2393	-17.964	-9.9615	-63.737	41.469	-82.976	-118.16	28.104	-65.284	-144.55	-3.4316
143.06	1.9711	20.283	-39.225	-1.3489	-13.093	-12.115	-1.2432	-17.97	-9.9559	-63.746	41.466	-82.976	-118.16	28.09	-65.269	-144.57	-3.4329
143.06	1.968	20.278	-39.218	-1.3467	-13.075	-12.102	-1.2362	-17.958	-9.9422	-63.748	41.458	-82.968	-118.17	28.104	-65.287	-144.57	-3.4327
143.07	1.9724	20.285	-39.216	-1.3576	-13.078	-12.123	-1.2463	-17.976	-9.941	-63.747	41.459	-82.959	-118.18	28.092	-65.267	-144.57	-3.4442
143.06	1.965	20.275	-39.223	-1.3625	-13.085	-12.116	-1.2448	-17.956	-9.9415	-63.746	41.446	-82.956	-118.19	28.102	-65.27	-144.57	-3.4369
143.07	1.971	20.285	-39.217	-1.3583	-13.079	-12.11	-1.2392	-17.964	-9.9422	-63.748	41.458	-82.958	-118.17	28.078	-65.263	-144.58	-3.4487
143.06	1.9711	20.283	-39.224	-1.3642	-13.086	-12.111	-1.2393	-17.964	-9.9398	-63.746	41.46	-82.954	-118.18	28.076	-65.259	-144.56	-3.4414
143.07	1.9729	20.285	-39.224	-1.363	-13.072	-12.11	-1.2392	-17.964	-9.953	-63.742	41.455	-82.96	-118.19	28.084	-65.261	-144.57	-3.4428
143.06	1.969	20.28	-39.228	-1.3645	-13.09	-12.124	-1.2389	-17.956	-9.9529	-63.728	41.464	-82.965	-118.18	28.085	-65.265	-144.57	-3.4454
143.06	1.9811	20.288	-39.234	-1.3553	-13.087	-12.124	-1.2336	-17.967	-9.9629	-63.721	41.461	-82.965	-118.18	28.074	-65.275	-144.56	-3.4353
143.06	1.9799	20.27	-39.242	-1.3586	-13.093	-12.129	-1.2392	-17.96	-9.9732	-63.727	41.454	-82.966	-118.18	28.086	-65.263	-144.55	-3.4377
143.06	1.9813	20.288	-39.242	-1.3586	-13.093	-12.124	-1.2351	-17.954	-9.9753	-63.716	41.471	-82.97	-118.17	28.078	-65.265	-144.57	-3.4464
143.06	1.9782	20.282	-39.245	-1.3488	-13.09	-12.128	-1.2391	-17.96	-9.9734	-63.714	41.46	-82.971	-118.17	28.076	-65.263	-144.57	-3.4443
143.06	1.9817	20.288	-39.245	-1.3478	-13.09	-12.123	-1.2351	-17.955	-9.9805	-63.706	41.461	-82.981	-118.16	28.085	-65.26	-144.56	-3.4418
143.06	1.9788	20.268	-39.246	-1.3494	-13.091	-12.129	-1.2377	-17.973	-9.9805	-63.706	41.461	-82.971	-118.16	28.065	-65.274	-144.56	-3.4468
143.06	1.9798	20.27	-39.243	-1.345	-13.102	-12.129	-1.2392	-17.96	-9.9715	-63.698	41.468	-82.969	-118.16	28.064	-65.265	-144.55	-3.4401
143.07	1.986	20.281	-39.243	-1.3464	-13.088	-12.123	-1.2351	-17.955	-9.9711	-63.697	41.455	-82.971	-118.17	28.076	-65.252	-144.56	-3.4484
143.06	1.9802	20.273	-39.244	-1.3471	-13.089	-12.116	-1.2305	-17.961	-9.9702	-63.697	41.455	-82.977	-118.16	28.077	-65.266	-144.57	-3.4465
143.06	1.9822	20.289	-39.242	-1.3465	-13.087	-12.118	-1.2423	-17.97	-9.9723	-63.698	41.454	-82.971	-118.17	28.076	-65.262	-144.55	-3.448
143.06	1.982	20.275	-39.242	-1.3592	-13.095	-12.116	-1.2433	-17.969	-9.9756	-63.701	41.45	-82.976	-118.16	28.078	-65.269	-144.56	-3.4434
143.06	1.97	20.283	-39.244	-1.36	-13.095	-12.123	-1.2336	-17.968	-9.9829	-63.705	41.444	-82.98	-118.16	28.075	-65.275	-144.55	-3.4394
143.07	1.976	20.276	-39.242	-1.3451	-13.1	-12.118	-1.2423	-17.97	-9.9759	-63.702	41.449	-82.976	-118.16	28.078	-65.279	-144.55	-3.4412
143.06	1.968	20.28	-39.242	-1.3592	-13.095	-12.114	-1.2421	-17.966	-9.9817	-63.704	41.445	-82.987	-118.15	28.088	-65.282	-144.55	-3.4443
143.06	1.9695	20.284	-39.245	-1.3584	-13.11	-12.123	-1.2463	-17.976	-9.9862	-63.708	41.442	-82.993	-118.15	28.072	-65.299	-144.56	-3.4449
143.07	1.975	20.274	-39.235	-1.3581	-13.075	-12.109	-1.2403	-17.963	-9.991	-63.739	41.437	-82.991	-118.17	28.079	-65.309	-144.55	-3.4535
143.06	1.9681	20.281	-39.234	-1.3689	-13.094	-12.116	-1.2418	-17.983	-9.9908	-63.758	41.441	-82.996	-118.16	28.095	-65.315	-144.56	-3.4422
143.06	1.9683	20.278	-39.229	-1.3692	-13.077	-12.111	-1.2388	-17.982	-9.9807	-63.805	41.436	-82.986	-118.16	28.085	-65.311	-144.56	-3.4464
143.06	1.9678	20.28	-39.219	-1.3748	-13.075	-12.106	-1.2348	-17.976	-9.9775	-63.848	41.429	-82.987	-118.16	28.099	-65.339	-144.56	-3.4533
143.06	1.9637	20.274	-39.222	-1.3951	-13.072	-12.103	-1.2304	-17.987	-9.9723	-63.889	41.411	-82.989	-118.17	28.11	-65.349	-144.58	-3.4391
143.05	1.9637	20.273	-39.21	-1.4059	-13.053	-12.063	-1.1883	-17.975	-9.9602	-63.955	41.398	-82.982	-118.17	28.145	-65.353	-144.58	-3.4281
143.06	1.9698	20.283	-39.195	-1.4415	-13.049	-12.054	-1.1639	-17.987	-9.927	-64.036	41.402	-82.946	-118.2	28.204	-65.339	-144.61	-3.4317
143.05	1.9725	20.276	-39.162	-1.4828	-13.02	-12.055	-1.0992	-18.032	-9.8856	-64.149	41.367	-82.908	-118.23	28.252	-65.309	-144.63	-3.4191
143.06	1.9663	20.277	-39.115	-1.5443	-12.98	-12.071	-1.004	-18.1	-9.803	-64.265	41.353	-82.839	-118.28	28.307	-65.078	-144.96	-3.3319
143.05	1.9724	20.287	-39.056	-1.6461	-12.812	-12.076	-0.85811	-18.149	-9.7082	-64.422	41.321	-82.738	-118.33	28.375	-64.959	-145.07	-3.2453
143.05	1.9751	20.278	-38.978	-1.7834	-12.569	-12.1	-0.60244	-18.217	-9.6037	-64.583	41.319	-82.622	-118.4	28.43	-64.872	-145.14	-3.1913
143.05	1.9719	20.274	-38.931	-1.8723	-12.402	-12.167	-0.36332	-18.324	-9.4709	-64.723	41.336	-82.479	-118.47	28.498	-64.764	-145.19	-3.1602
143.05	1.9709	20.272	-38.888	-1.9755	-12.183	-12.246	-0.050231	-18.351	-9.2381	-64.906	41.363	-82.302	-118.59	28.555	-64.766	-145.08	-3.1605
143.04	1.9676	20.267	-38.769	-2.1002	-11.738	-12.239	0.29637	-18.141	-8.9669	-65.155	41.448	-82.055	-118.76	28.652	-64.474	-145.33	-3.1255
143.05	1.9707	20.273	-38.592	-2.1927	-11.049	-12.171	0.65694	-17.747	-8.6265	-65.495	41.525	-81.717	-118.99	28.774	-64.151	-145.63	-3.1953
143.05	1.9738	20.277	-38.281	-2.2972	-10.054	-11.871	0.94063	-16.939	-8.1993	-65.939	41.682	-81.273	-119.29	28.898	-64.069	-145.54	-3.2705
143.05	1.9737	20.278	-37.53	-2.1619	-8.454	-11.474	1.1095	-16.037	-7.6192	-66.541	41.881	-80.764	-119.64	29.066	-63.508	-146.02	-3.3407
143.06	1.9692	20.282	-36.914	-2.2749	-7.1605	-10.893	1.0695	-15.007	-6.9154	-67.265	42.196	-80.172	-120.06	29.336	-63.344	-145.97	-3.2766
143.07	1.9651	20.289	-36.186	-2.5122	-5.8769	-10.142	0.9727	-13.863	-6.1387	-68.071	42.593	-79.483	-120.55	29.647	-62.664	-146.46	-3.4087
143.08	1.9663	20.29	-35.24	-2.7757	-4.4648	-9.1894	0.77555	-12.569	-5.2258	-69.034	42.97	-78.692	-121.07	30.003	-62.254	-146.63	-3.3398
143.09	1.9597	20.292	-34.216	-3.1579	-3.066	-7.9789	0.56193	-11.186	-4.1308	-70.065	43.443	-77.773	-121.65	30.419	-61.62	-147.01	-3.3165
143.09	1.9658	20.284	-33.033	-3.5619	-1.6085	-6.7018	0.28563	-9.8795	-2.8979	-71.117	43.843	-76.742	-122.34	30.956	-61.054	-147.27	-3.2888
143.09	1.9626	20.297	-31.819	-3.9976	-0.05426	-5.1725	-0.041582	-8.5128	-1.5019	-72.217	44.216	-75.568	-123.03	31.547	-60.246	-147.66	-3.0476
143.1	1.9575	20.286	-30.56	-4.4595	1.669	-3.2853	-0.33609	-7.0313	0.1012	-73.325	44.628	-74.262	-123.73	32.172	-59.386	-148.13	-2.5333
143.1	1.957	20.299	-29.182	-4.9587	3.4226	-0.9456	-0.71605	-5.6841	1.8402	-74.399	45.044	-73.006	-124.19	33.151	-58.295	-148.55	-2.0266
143.1	1.9589	20.3	-27.816	-5.4145	4.8781	1.9593	-1.0979	-4.426	3.7335	-75.457	45.499	-71.46	-124.84	33.853	-56.806	-149.27	-1.457
143.09	1.9507	20.288	-26.463	-5.9705	6.2766	5.9291	-1.5566	-3.183	5.6946	-76.532	45.949	-69.631	-125.64	34.585	-55.54	-149.64	-1.0983
143.08	1.9545	20.301	-24.938	-6.5649	7.6822	10.443	-2.1178	-2.1358	7.852	-77.615	46.447	-67.63	-126.51	35.319	-54.032	-150.22	-0.61682
143.08	1.955	20.286	-23.264	-7.2122	8.8124	15.221	-2.87	-1.1009	10.134	-78.765	46.874	-65.487	-127.34	36.086	-52.285	-150.9	-0.054783
143.07	1.9555	20.303	-21.26	-7.9857	10.023	20.105	-3.9134	-0.086798	12.62	-79.979	47.398	-63.33	-128.03	36.829	-50.434	-151.53	0.58428
143.06	1.954	20.286	-18.809	-8.8173	11.145	25.13	-5.0957	0.94217	15.266	-81.295	47.907	-61.099	-128.68	37.575	-48.479	-152.1	1.3032
143.06	1.9537	20.286	-16.017	-9.8474	12.354	30.169	-6.44	2.0263	18	-82.74	48.453	-58.813	-129.31	38.387	-46.421	-152.7	1.9534
143.05	1.9585	20.297	-12.937	-10.709	13.38	35.252	-7.9599	3.1982	20.867	-84.235	49.016	-56.399	-129.96	39.173	-44.286	-153.37	2.6685
143.04	1.9653	20.295	-9.6434	-11.74	14.548	40.235	-9.5857	4.3181	23.803	-85.827	49.627	-53.917	-130.61	39.974	-41.867	-154.11	3.5221
143.03	1.9568	20.281	-6.1939	-12.753	15.74	44.962	-11.394	5.357	27.108	-87.143	50.706	-51.344	-131.19	40.839	-39.708	-154.62	4.4012
143.03	1.9583	20.283	-2.6616	-13.761	16.9	50.528	-12.916	6.9664	30.174	-88.735	51.45	-48.761	-131.78	41.676	-37.567	-155.02	5.22
143.03	1.9683	20.286	0.99374	-14.714	18.026	55.393	-14.821	8.0666	33.191	-90.314	52.237	-46.085	-132.33	42.532	-34.814	-155.82	6.0384
143.02	1.9651	20.282	4.725	-15.643	18.954	60.354	-16.771	9.248	36.158	-91.85	53.048	-43.368	-132.89	43.363	-32.472	-156.06	6.8412
143.03	1.9701	20.29	8.5513	-16.643	19.961	65.363	-18.701	10.359	39.248	-93.295	53.887	-40.456	-133.5	43.858	-29.755	-156.92	7.7773
143.04	1.9685	20.282	12.439	-17.598	20.778	70.273	-20.584	11.525	42.323	-94.689	54.708	-37.671	-133.92	44.705	-27.33	-157.27	8.6321
143.05	1.969	20.284	16.377	-18.53	21.508	74.445	-22.597	12.175	45.428	-96.008	55.499	-34.839	-134.26	45.426	-24.682	-157.55	9.5354
143.06	1.9668	20.291	20.39	-19.401	22.226	78.941	-24.268	13.248	48.561	-97.204	56.22	-32.008	-134.58	46.172	-22.052	-157.93	10.191
143.07	1.9763	20.295	24.439	-20.247	22.747	83.832	-25.606	14.635	51.679	-98.346	56.923	-29.089	-134.85	46.898	-19.16	-158.37	11.047
143.08	1.9639	20.301	28.467	-21.078	23.228	88.118	-27.04	15.455	54.859	-99.362	57.596	-26.134	-135.05	47.515	-16.386	-158.75	11.694
143.08	1.9661	20.303	32.432	-21.769	23.496	91.761	-28.637	15.599	58.01	-100.23	58.248	-23.188	-135.14	48.114	-13.577	-158.75	12.36
143.07	1.9636	20.299	36.35	-22.389	23.573	96.017	-29.817	16.138	61.156	-100.92	58.743	-20.225	-135.17	48.651	-10.79	-159.01	12.891
143.08	1.9574	20.29	40.132	-22.938	23.476	100.16	-30.924	16.531	64.262	-101.44	59.216	-17.249	-135.11	49.139	-7.781	-159.18	13.682
143.09	1.9577	20.305	43.832	-23.366	23.183	104.77	-31.726	17.199	67.351	-101.79	59.506	-14.274	-134.98	49.557	-4.829	-159.49	14.092
143.09	1.9468	20.299	47.39	-23.703	22.798	108.28	-32.772	16.829	70.429	-102	59.804	-11.283	-134.75	49.877	-2.0409	-159.24	14.545
143.08	1.9562	20.288	50.823	-23.984	22.309	112.3	-33.457	16.841	73.494	-102.08	59.977	-8.2825	-134.46	50.116	0.99436	-159.41	15.063
143.08	1.9529	20.297	54.231	-24.174	21.722	116.35	-33.959	16.772	76.555	-102.03	60.088	-5.279	-134.14	50.317	4.041	-159.43	15.391
143.08	1.9503	20.293	57.525	-24.265	20.961	120.69	-34.197	16.989	79.64	-101.83	60.067	-2.2686	-133.76	50.453	6.7712	-159.06	15.613
143.08	1.9537	20.295	60.737	-24.25	20.146	124.08	-34.698	16.235	82.691	-101.58	59.845	0.73595	-133.34	50.529	9.7361	-158.83	15.961
143.07	1.9601	20.297	63.806	-24.233	19.265	128.34	-34.737	16.193	85.732	-101.26	59.585	3.7425	-132.9	50.532	12.684	-158.81	16.111
143.06	1.9564	20.29	66.731	-24.044	18.259	131.61	-34.976	15.218	88.746	-100.84	59.239	6.7303	-132.44	50.547	15.475	-158.32	16.222
143.06	1.967	20.297	69.571	-23.874	17.368	135.23	-34.963	14.531	91.793	-100.33	58.774	9.6992	-131.98	50.509	18.438	-158.22	16.377
143.06	1.9645	20.29	72.272	-23.573	16.367	139.03	-34.7	14.057	94.799	-99.758	58.177	12.637	-131.52	50.441	21.207	-157.89	16.341
143.06	1.968	20.281	74.878	-23.223	15.356	142.35	-34.358	13.246	97.777	-99.11	57.527	15.572	-131.05	50.328	23.97	-157.47	16.322
143.05	1.9757	20.296	77.398	-22.803	14.344	145.17	-34.148	12.013	100.69	-98.442	56.823	18.441	-130.57	50.17	26.654	-157.09	16.205
143.06	1.9707	20.283	79.756	-22.398	13.36	148.55	-33.441	11.485	103.55	-97.741	56.102	21.319	-130.09	50.003	29.383	-156.7	16.116
143.06	1.9782	20.285	82.085	-21.862	12.161	151.05	-32.941	10.169	106.39	-96.911	55.302	24.175	-129.58	49.802	32.109	-156.34	15.92
143.07	1.974	20.287	84.253	-21.377	11.091	154.22	-32.07	9.5824	109.1	-96.008	54.533	27.45	-128.76	49.834	35.142	-155.58	16.12
143.06	1.9801	20.289	86.367	-20.819	9.9184	156.83	-31.198	8.5657	111.82	-95.06	53.726	30.146	-128.21	49.504	37.533	-154.92	15.745
143.06	1.9704	20.283	88.414	-20.227	8.674	159.36	-30.338	7.4931	114.36	-94.021	52.849	32.81	-127.62	49.18	40.238	-154.7	15.578
143.07	1.9731	20.29	90.364	-19.636	7.3514	161.41	-29.485	6.0599	116.88	-92.912	52.002	35.397	-126.99	48.82	42.741	-154.2	15.316
143.07	1.972	20.289	92.29	-18.975	5.9633	164.02	-28.349	5.2792	119.32	-91.743	51.187	37.437	-126.59	48.023	44.628	-153.75	14.563
143.07	1.9732	20.289	94.12	-18.386	4.6003	165.88	-27.423	3.8536	121.67	-90.579	50.391	39.894	-125.9	47.544	47.194	-153.52	14.325
143.07	1.9627	20.285	95.97	-17.775	3.2799	168.29	-26.236	3.1289	123.96	-89.414	49.549	42.258	-125.21	47.07	49.402	-152.74	13.952
143.07	1.9572	20.292	97.745	-17.229	2.1005	170.26	-25.107	2.1353	126.21	-88.248	48.773	44.606	-124.5	46.596	51.891	-152.49	13.641
143.07	1.9583	20.294	99.575	-16.626	0.90006	172.18	-23.978	1.225	128.4	-87.129	48.022	46.905	-123.82	46.083	54.034	-151.67	13.198
143.06	1.956	20.289	101.34	-16.069	-0.077538	173.98	-22.821	0.43228	130.55	-86.06	47.276	49.183	-123.17	45.585	56.327	-151.35	12.917
143.06	1.955	20.287	103.04	-15.466	-1.095	175.68	-21.696	-0.34362	132.66	-85.066	46.602	51.405	-122.55	45.144	58.566	-150.81	12.472
143.06	1.9539	20.287	104.67	-14.88	-2.0052	177.25	-20.545	-0.97713	134.71	-84.167	46.047	53.609	-122.02	44.73	60.598	-150.08	11.985
143.06	1.9537	20.3	106.31	-14.342	-2.7094	178.68	-19.385	-1.5096	136.69	-83.27	45.529	55.772	-121.51	44.322	62.669	-149.53	11.736
143.06	1.9542	20.286	107.88	-13.833	-3.1057	179.96	-18.246	-1.9456	138.6	-82.437	45.087	57.845	-121.04	43.986	64.85	-149.31	11.338
143.06	1.9626	20.303	109.31	-13.244	-3.3267	181.14	-17.077	-2.2297	140.42	-81.64	44.779	59.837	-120.62	43.725	66.656	-148.72	11.044
143.05	1.9666	20.312	110.58	-12.72	-3.2563	182.1	-15.772	-2.3328	142.14	-80.826	44.615	61.735	-120.25	43.526	68.422	-148.11	10.687
142.74	2.3616	20.553	111.47	-11.692	-2.9746	182.96	-14.456	-2.2898	143.76	-80	44.54	63.551	-119.9	43.355	70.282	-147.87	10.588
143.06	1.9737	20.309	112.64	-11.492	-2.4157	183.66	-13.013	-2.1173	145.26	-79.151	44.464	65.283	-119.56	43.2	71.992	-147.47	10.435
143.06	1.9817	20.303	113.55	-10.959	-2.0157	184.14	-11.516	-1.9578	146.66	-78.274	44.528	66.948	-119.24	43.172	73.627	-147.09	10.401
143.06	1.9774	20.298	114.54	-10.586	-1.5653	184.52	-9.9842	-1.6927	147.97	-77.372	44.609	68.541	-118.91	43.131	75.148	-146.6	10.329
143.06	1.9829	20.305	115.4	-10.214	-1.1714	184.76	-8.4637	-1.522	149.21	-76.408	44.687	70.04	-118.59	43.107	76.654	-146.24	10.323
142.74	2.3765	20.542	116.47	-8.9302	-3.2667	184.74	-6.9557	-1.4842	150.34	-75.426	44.786	71.444	-118.24	43.133	78.214	-146.01	10.382
142.74	2.3843	20.555	117.25	-8.3469	-3.2676	184.61	-5.4095	-1.5186	151.41	-74.395	44.889	72.789	-117.88	43.168	79.548	-145.62	10.42
142.74	2.3797	20.552	117.91	-7.8075	-3.4349	184.29	-3.9076	-1.7009	152.41	-73.316	44.961	74.019	-117.46	43.208	80.982	-145.43	10.496
142.74	2.3813	20.559	118.54	-7.2052	-3.5062	183.51	-2.5899	-2.3499	153.36	-72.235	44.938	75.151	-117.03	43.209	82.041	-144.8	10.59
142.74	2.3743	20.535	118.99	-6.6261	-3.6882	182.95	-1.1862	-2.7414	154.19	-71.168	44.961	76.214	-116.56	43.285	83.245	-144.48	10.562
143.06	1.9696	20.283	118.75	-4.3117	-5.1504	182.59	0.26451	-2.9688	154.95	-70.075	44.958	77.181	-116.07	43.283	84.231	-143.9	10.767
143.06	1.9687	20.283	119.04	-3.6825	-5.2693	181.5	1.3589	-3.9698	155.69	-68.995	44.865	78.06	-115.54	43.34	85.295	-143.57	10.825
143.06	1.9668	20.293	119.27	-3.1492	-5.2988	181.19	2.7228	-4.1911	156.29	-67.895	44.725	78.837	-114.97	43.335	86.106	-142.89	10.962
143.06	1.9552	20.302	119.51	-2.5735	-5.595	180.33	3.8217	-4.9564	156.87	-66.78	44.595	79.537	-114.39	43.268	86.797	-142.27	10.823
143.06	1.9641	20.291	119.7	-2.0959	-5.7279	179.49	4.9732	-5.6131	157.36	-65.767	44.428	80.209	-113.8	43.223	87.635	-141.92	10.997
143.06	1.9516	20.296	119.85	-1.5981	-5.9057	178.49	6.1149	-6.2955	157.79	-64.69	44.341	80.816	-113.27	43.179	88.348	-141.42	10.997
143.06	1.9542	20.286	120.13	-1.1876	-6.3153	176.86	7.048	-7.3739	158.12	-63.657	44.201	81.379	-112.75	43.093	88.918	-140.8	10.984
143.06	1.9532	20.284	120.35	-0.76711	-6.8132	176	8.3373	-7.5951	158.45	-62.588	44.124	81.951	-112.21	42.997	89.83	-140.62	10.911
143.06	1.9535	20.284	120.58	-0.43125	-7.2678	174.03	9.11	-8.7847	158.72	-61.56	43.97	82.457	-111.72	42.904	90.45	-140.16	10.888
143.06	1.9654	20.293	120.72	-0.059076	-7.4713	172.67	10.206	-9.2622	158.68	-60.834	43.409	82.934	-111.25	42.811	91.035	-139.73	10.819
143.06	1.9704	20.284	121.03	0.25148	-7.8731	170.89	11.005	-10.116	158.94	-59.841	43.302	83.38	-110.78	42.709	91.58	-139.26	10.812
143.06	1.9704	20.284	121.25	0.57141	-8.3558	169.02	11.724	-10.996	159.16	-58.886	43.227	83.819	-110.3	42.686	92.079	-138.77	10.836
143.07	1.9736	20.289	121.48	0.84699	-8.8544	167.16	12.365	-11.777	159.36	-57.981	43.181	84.225	-109.87	42.581	92.6	-138.24	10.706
143.01	1.9858	20.287	121.41	0.78433	-9.9523	164.66	12.483	-13.301	159.58	-57.116	43.146	84.593	-109.43	42.505	93.152	-138.06	10.787
142.47	2.1627	20.272	121.79	1.1138	-10.475	164	13.144	-13.349	159.82	-56.411	43.081	84.952	-109.01	42.465	93.62	-137.66	10.836
141.38	2.3498	20.364	121.92	1.3667	-10.703	162.42	12.989	-14.55	160.1	-55.821	43.173	85.31	-108.58	42.411	94.064	-137.17	10.869
140.51	2.504	20.508	121.86	1.6287	-10.977	162.15	13.583	-14.129	160.42	-55.35	43.185	85.661	-108.21	42.444	94.646	-137.09	10.982
140.24	2.6832	20.531	121.9	1.9452	-10.816	161.13	13.556	-14.781	160.77	-54.975	43.321	86.062	-107.9	42.482	95.232	-136.97	10.992
140.5	2.9144	20.511	122.15	2.2334	-10.588	161.72	14.178	-14.11	161.14	-54.652	43.398	86.535	-107.7	42.535	95.763	-136.74	11.16
141.12	3.1151	20.475	122.56	2.4828	-10.502	161.85	14.391	-14.136	161.67	-54.264	43.522	87.101	-107.61	42.654	96.25	-136.36	11.231
141.85	3.1866	20.412	123.08	2.639	-10.452	162.22	14.559	-14.103	162.15	-53.992	43.694	87.676	-107.47	42.787	96.85	-136.29	11.362
142.55	3.2417	20.414	123.69	2.7501	-10.224	162.67	14.67	-14.08	162.76	-53.741	43.894	88.236	-107.25	42.898	97.459	-136.08	11.535
143.11	3.2207	20.529	124.42	2.9009	-10.25	163.23	14.735	-13.944	163.44	-53.574	44.089	88.844	-107.07	43.044	98.167	-136.03	11.755
143.66	3.1761	20.734	125.18	2.9653	-9.9195	163.95	14.906	-13.657	164.2	-53.409	44.426	89.529	-106.91	43.219	99.034	-135.91	11.892
144.3	3.1481	21.047	126.02	3.154	-9.75	164.77	15.053	-13.269	165.06	-53.323	44.748	90.35	-106.81	43.394	99.868	-135.97	12.113
145.14	3.1837	21.404	127.07	3.2333	-9.3324	165.77	15.165	-12.884	166.04	-53.289	45.014	91.282	-106.75	43.568	100.73	-135.79	12.279
146.3	3.2821	21.87	128.21	3.3285	-8.7881	166.91	15.207	-12.513	167.14	-53.301	45.434	92.303	-106.7	43.746	101.69	-135.49	12.396
147.73	3.3429	22.297	129.97	3.8565	-7.8247	168.29	15.161	-12.107	168.32	-53.361	45.824	93.427	-106.66	43.988	102.86	-135.58	12.684
149.13	3.0807	22.333	131.1	3.5276	-7.7205	169.87	15.11	-11.653	169.7	-53.442	46.265	94.636	-106.62	44.256	103.97	-135.41	12.82
151.33	3.3527	23.358	133.32	4.1134	-6.4808	171.63	14.95	-11.165	171.18	-53.635	46.754	95.911	-106.58	44.53	105.29	-135.49	13.184
153.4	3.3044	23.993	135.27	4.1765	-5.8555	173.59	14.725	-10.612	172.79	-53.894	47.287	97.271	-106.54	44.863	106.66	-135.46	13.562
153.4	3.3044	23.993	135.27	4.1764	-5.8555	173.59	14.725	-10.612	172.79	-53.894	47.287	97.271	-106.54	44.863	106.66	-135.46	13.562
157.92	3.0231	25.444	139.57	4.231	-4.2547	178.09	14.245	-9.2111	176.35	-54.559	48.533	100.27	-106.45	45.582	109.59	-135.34	14.257
160.32	2.857	26.248	141.95	4.211	-3.3931	179.89	13.577	-9.0692	178.28	-54.948	49.276	101.92	-106.4	46.027	111.08	-135.29	14.562
162.86	2.6587	27.139	144.48	4.2338	-2.5255	183.11	13.658	-7.4132	180.35	-55.372	50.002	103.67	-106.4	46.46	112.82	-135.27	15.089
165.5	2.4064	28.086	147.11	4.2092	-1.5145	185.86	13.357	-6.5013	182.53	-55.854	50.756	105.53	-106.36	46.939	114.52	-135.14	15.35
168.16	2.0796	28.981	149.9	4.2144	-0.60467	188.67	12.981	-5.5402	184.82	-56.369	51.576	107.48	-106.35	47.436	116.42	-135.12	15.919
171.04	1.8302	30.034	152.74	4.1294	0.40228	191	12.238	-5.1847	187.19	-56.872	52.416	109.54	-106.33	47.97	118.33	-135.06	16.366
174.02	1.5491	31.08	155.74	4.0545	1.493	194.72	12.258	-3.3412	189.69	-57.421	53.283	111.71	-106.29	48.515	120.32	-134.94	16.824
177.15	1.2041	32.18	158.88	4.0548	2.4607	197.95	11.849	-2.2555	192.29	-57.984	54.132	113.93	-106.25	49.058	122.5	-134.87	17.323
180.44	0.89871	33.284	162.11	3.9593	3.548	201.25	11.432	-1.1574	194.97	-58.579	54.971	116.26	-106.2	49.64	124.64	-134.75	17.854
183.78	0.57919	34.329	165.5	3.9171	4.7734	204.73	10.96	-0.08513	197.75	-59.184	55.878	118.68	-106.1	50.188	126.86	-134.64	18.338
187.28	0.2081	35.413	169.05	3.8551	5.6404	208.33	10.459	0.91152	200.58	-59.756	56.737	121.13	-106	50.669	129.2	-134.52	18.741
190.81	-0.1629	36.334	172.68	3.7442	6.7204	211.35	9.5154	1.1618	203.48	-60.356	57.551	123.65	-105.82	51.171	131.62	-134.3	19.31
194.34	-0.59236	37.221	176.62	3.8898	7.7172	215.87	9.4275	2.9885	206.35	-60.942	58.333	126.2	-105.58	51.634	134.05	-134.06	19.752
198.12	-0.92672	38.124	180.43	3.7352	8.5714	219.02	8.393	2.982	209.32	-61.515	59.09	128.77	-105.32	52.07	136.5	-133.87	20.168
201.81	-1.3546	38.824	184.26	3.6456	9.3101	223.65	8.2732	4.5993	212.31	-61.999	59.835	131.38	-104.99	52.459	139.15	-133.76	20.593
205.57	-1.6928	39.527	188.13	3.4818	9.8573	226.86	7.2872	4.5755	215.34	-62.481	60.515	134.03	-104.64	52.855	141.53	-133.27	20.937
209.29	-2.0664	40.102	191.99	3.334	10.401	231.51	7.1578	6.0387	218.35	-62.942	61.123	136.7	-104.23	53.177	144.05	-132.98	21.297
213.04	-2.3738	40.675	195.84	3.2979	10.891	234.67	6.1859	5.7996	221.37	-63.336	61.692	139.38	-103.81	53.495	146.64	-132.52	21.613
216.7	-2.6574	41.11	199.59	3.1408	11.291	239.21	6.1372	7.1497	224.42	-63.726	62.154	142.09	-103.36	53.767	149.22	-132.26	21.931
220.44	-2.8373	41.636	203.39	3.1511	11.72	242.31	5.2872	6.8108	227.46	-64.012	62.587	144.81	-102.92	53.987	151.76	-131.8	22.156
224.06	-3.0756	41.966	207.03	3.0735	12.024	246.74	5.3357	7.9669	230.47	-64.328	62.925	147.56	-102.44	54.205	154.43	-131.43	22.418
227.7	-3.2248	42.33	210.03	2.4854	11.188	249.63	4.5278	7.409	233.49	-64.556	63.237	150.3	-101.98	54.406	156.95	-131.06	22.6
231.26	-3.3559	42.595	214.15	2.9879	12.537	253.25	4.2527	7.6799	236.5	-64.734	63.46	153.04	-101.53	54.58	159.45	-130.49	22.786
234.77	-3.4887	42.792	217.68	3.0641	12.737	257.5	4.4225	8.7602	239.44	-64.886	63.621	155.78	-101.03	54.74	162.05	-130.02	22.864
238.2	-3.5939	42.964	220.6	2.5429	11.862	260.99	4.1949	8.9566	242.39	-65.013	63.79	158.47	-100.56	54.798	164.61	-129.52	22.974
241.59	-3.6779	43.125	224.04	2.6289	11.84	263.66	3.4646	8.15	245.21	-65.148	63.892	161.14	-100.04	54.858	167.13	-129.08	23.023
244.94	-3.7101	43.177	227.44	2.5409	12.219	267.08	3.2422	8.2559	248.04	-65.214	64.018	163.74	-99.531	54.828	169.51	-128.67	22.98
248.23	-3.7863	43.199	230.8	2.5956	12.08	270.48	2.9893	8.291	250.79	-65.28	64.07	166.29	-98.975	54.763	172.01	-128.2	23.039
251.44	-3.8634	43.075	234.12	2.6471	11.871	274.56	3.2069	9.1155	253.44	-65.333	64.048	168.77	-98.391	54.621	174.24	-127.7	22.966
254.6	-3.906	42.911	237.35	2.6412	11.51	277.8	2.8848	8.9627	256.02	-65.315	64.007	171.19	-97.764	54.449	176.87	-127.52	22.998
257.67	-3.9335	42.615	240.58	2.6379	11.288	280.29	2.0843	7.788	258.51	-65.264	63.928	173.53	-97.126	54.224	178.8	-126.7	22.621
260.64	-3.9962	42.219	243.67	2.5784	10.71	284.13	2.2078	8.3806	260.91	-65.194	63.797	175.81	-96.459	53.976	181.01	-126.19	22.515
263.48	-4.0348	41.683	246.68	2.4973	10.135	286.34	1.3742	7.0127	263.22	-65.151	63.521	177.98	-95.795	53.628	183.42	-126.09	22.487
266.23	-4.0397	41.102	249.53	2.4461	9.6109	289.22	1.0828	6.5321	265.52	-65.024	63.26	180.11	-95.134	53.246	185.17	-125.24	22.099
268.76	-4.0969	40.422	252.22	2.4439	8.8854	291.96	0.81611	5.8574	267.7	-64.907	62.88	182.17	-94.511	52.83	187.15	-124.82	21.855
271.26	-4.0414	39.819	254.76	2.4659	8.1007	295.12	0.98805	6.0067	269.79	-64.804	62.401	184.16	-93.93	52.401	189.02	-124.35	21.458
273.6	-4.0146	39.049	257.12	2.5149	7.5588	296.83	0.46656	4.4903	271.83	-64.689	61.775	186.09	-93.39	51.914	191.02	-124.31	21.176
275.82	-3.9224	38.325	259.35	2.5857	6.5993	299.06	0.42168	3.7337	273.8	-64.563	61.124	187.95	-92.888	51.445	192.4	-123.48	20.66
277.95	-3.8615	37.452	261.34	2.7426	6.0313	301.1	0.34589	2.8297	275.7	-64.432	60.402	189.72	-92.429	50.92	194.05	-123.01	20.184
279.99	-3.6553	36.625	263.22	2.9069	5.068	302.91	0.32772	1.7843	277.52	-64.239	59.661	191.36	-91.982	50.369	195.73	-123.06	19.697
281.83	-3.5369	35.719	264.95	3.1108	4.1258	305.28	0.72732	1.5498	279.18	-64.047	58.758	192.93	-91.519	49.783	197.16	-122.62	19.258
283.61	-3.341	34.662	266.55	3.3239	3.219	306.23	0.40199	-0.37472	280.75	-63.802	57.936	194.37	-91.053	49.171	198.47	-122.22	18.707
285.23	-3.1122	33.676	268.03	3.445	2.1951	307.77	0.49162	-1.3552	282.17	-63.524	57.004	195.7	-90.569	48.54	199.37	-121.39	17.95
286.69	-2.8804	32.558	269.32	3.6979	1.3368	309.67	0.88802	-1.8555	283.48	-63.203	56.077	196.91	-90.057	47.863	200.44	-120.95	17.429
287.96	-2.6126	31.369	270.52	3.937	0.12314	310.3	0.70767	-3.7929	284.64	-62.849	55.14	197.98	-89.583	47.155	201.63	-121.08	16.807
289.11	-2.2905	30.219	271.57	4.1022	-1.2045	311.3	0.80364	-5.0625	285.73	-62.443	54.219	198.95	-89.097	46.446	202.25	-120.22	16.08
290.07	-1.9397	29.049	272.44	4.4352	-2.2492	312.85	1.3702	-5.4401	286.64	-62.037	53.217	199.86	-88.611	45.718	203.14	-119.8	15.464
290.94	-1.5085	27.767	273.2	4.6084	-3.6086	313.56	1.559	-6.779	287.49	-61.535	52.237	200.62	-88.123	44.944	203.79	-119.51	14.749
291.61	-1.0891	26.404	273.75	4.9465	-4.803	314.15	1.7545	-8.1812	288.19	-61.016	51.198	201.3	-87.661	44.173	204.49	-119.07	14.221
292.1	-0.69985	24.989	274.19	5.2406	-6.2217	314.74	2.2189	-9.2427	288.8	-60.441	50.148	201.87	-87.182	43.379	204.98	-118.78	13.456
292.46	-0.19041	23.484	274.47	5.5245	-7.6844	NaN	NaN	NaN	289.3	-59.85	49.029	202.33	-86.733	42.559	205.7	-118.94	12.934
292.72	0.35521	21.98	274.63	5.7493	-9.1436	315.18	2.7698	-12.421	289.74	-59.207	47.875	202.71	-86.298	41.736	205.77	-118.2	12.117
292.13	-0.13506	21.81	274.46	6.2179	-10.021	315.39	3.3776	-13.515	290.13	-58.621	46.701	203.04	-85.845	40.917	206.03	-117.9	11.401
292.61	0.58547	21.811	274.3	6.8808	-10.455	NaN	NaN	NaN	290.49	-58.423	45.67	203.26	-85.422	40.069	206.24	-117.49	10.686
292.19	1.1177	21.753	274.27	7.4798	-10.512	315.74	4.1206	-14.867	290.7	-58.439	44.869	203.38	-85.115	39.376	206.38	-117.24	9.9807
292.51	1.0606	21.82	274.4	7.7028	-10.737	NaN	NaN	NaN	290.81	-58.482	44.345	203.42	-85.1	38.815	206.52	-117	9.244
292.61	0.96965	21.819	274.6	7.8783	-10.871	NaN	NaN	NaN	290.72	-58.505	44.175	203.48	-85.126	38.46	206.48	-116.88	8.5671
292.68	1.0614	21.831	274.66	7.9921	-10.886	316.25	4.0008	-15.304	290.53	-58.408	44.255	203.4	-85.022	38.176	206.34	-116.77	8.2587
292.71	1.1019	21.836	274.67	8.1841	-11.028	316.27	3.9725	-15.189	290.26	-58.236	44.483	203.2	-84.719	38.055	206.16	-116.58	8.2699
292.72	1.122	21.842	274.68	8.2201	-11.045	316.25	3.9644	-15.101	290	-58.058	44.754	202.81	-84.428	38.005	206.01	-116.5	8.4834
292.71	1.1158	21.831	274.67	8.2403	-11.066	316.25	3.9591	-15.013	289.77	-57.904	44.888	202.45	-84.274	38.036	205.74	-116.43	8.5646
292.71	1.1158	21.831	274.66	8.2349	-11.121	316.24	3.9267	-14.998	289.57	-57.772	45.019	202.21	-84.21	38.063	205.55	-116.44	8.5971
292.71	1.1146	21.831	274.65	8.2436	-11.154	316.25	3.8943	-15.026	289.44	-57.662	45.082	202.07	-84.2	38.012	205.43	-116.38	8.6741
292.71	1.1129	21.828	274.63	8.2518	-11.21	316.28	3.8763	-15.105	289.34	-57.602	45.07	201.97	-84.168	37.936	205.31	-116.33	8.7395
292.7	1.1044	21.828	274.59	8.2511	-11.272	316.32	3.8236	-15.206	289.28	-57.575	45.008	201.83	-84.113	37.869	205.2	-116.36	8.7421
292.7	1.1125	21.831	274.54	8.2405	-11.345	316.38	3.7627	-15.287	289.22	-57.571	44.903	201.67	-84.037	37.817	205.1	-116.38	8.7205
292.69	1.1094	21.825	274.45	8.2083	-11.451	316.42	3.6776	-15.416	289.16	-57.615	44.762	201.51	-83.98	37.776	204.99	-116.4	8.6906
292.68	1.111	21.83	274.39	8.1813	-11.547	316.46	3.5902	-15.57	289.1	-57.659	44.636	201.39	-83.984	37.717	204.86	-116.46	8.5793
292.66	1.1073	21.828	274.3	8.1447	-11.641	316.5	3.5134	-15.7	289.02	-57.703	44.51	201.33	-84.034	37.678	204.71	-116.53	8.5284
292.65	1.1116	21.837	274.16	8.1653	-11.721	316.52	3.4222	-15.841	288.96	-57.724	44.446	201.28	-84.09	37.649	204.57	-116.59	8.5326
292.6	1.1033	21.826	274.09	7.9952	-11.787	316.55	3.3592	-15.954	288.9	-57.715	44.423	201.22	-84.122	37.66	204.53	-116.65	8.5459
292.56	1.1026	21.82	273.97	7.9633	-11.886	316.53	3.3156	-15.999	288.83	-57.696	44.403	201.13	-84.127	37.677	204.42	-116.64	8.6174
292.52	1.1131	21.816	273.87	7.9223	-12.132	316.5	3.2833	-15.99	288.76	-57.676	44.384	201.02	-84.133	37.724	204.34	-116.68	8.7293
292.48	1.1204	21.808	273.76	7.8968	-12.188	316.46	3.2696	-16.002	288.7	-57.639	44.393	200.92	-84.128	37.813	204.24	-116.68	8.8831
292.45	1.119	21.799	273.68	7.8714	-12.233	316.41	3.245	-16.012	288.65	-57.606	44.397	200.83	-84.12	37.914	204.14	-116.68	9.0355
292.42	1.1307	21.784	273.57	7.8545	-12.125	316.37	3.2362	-16.024	288.6	-57.575	44.407	200.74	-84.087	38.017	204.03	-116.67	9.2318
292.37	1.1251	21.773	273.5	7.8139	-12.144	316.35	3.2433	-16.019	288.55	-57.55	44.433	200.65	-84.038	38.122	203.95	-116.65	9.3469
292.32	1.1393	21.777	273.42	7.7646	-11.951	316.32	3.255	-16.015	288.5	-57.524	44.467	200.56	-83.971	38.242	203.81	-116.67	9.5763
292.29	1.1383	21.769	273.38	7.7259	-12.154	316.29	3.2404	-16.033	288.44	-57.485	44.502	200.47	-83.875	38.367	203.67	-116.68	9.6968
292.25	1.1457	21.773	273.32	7.7161	-12.163	316.28	3.2443	-16.021	288.37	-57.429	44.538	200.4	-83.781	38.517	203.58	-116.63	9.8586
292.22	1.1484	21.757	273.25	7.7022	-12.191	316.26	3.2514	-16.016	288.31	-57.356	44.598	200.3	-83.682	38.666	203.43	-116.57	9.9218
292.2	1.1592	21.762	273.18	7.762	-12.309	316.26	3.2407	-16.008	288.25	-57.296	44.649	200.21	-83.592	38.781	203.31	-116.49	10.114
292.19	1.1603	21.766	273.14	7.7677	-12.334	316.27	3.2324	-16.007	288.17	-57.251	44.678	200.13	-83.475	38.889	203.18	-116.39	10.291
292.16	1.1757	21.756	273.08	7.7705	-12.376	316.27	3.2233	-16.025	288.12	-57.199	44.704	200.03	-83.365	38.971	203.08	-116.34	10.467
292.13	1.182	21.755	273.03	7.7847	-12.401	316.3	3.2214	-16.024	288.06	-57.167	44.74	199.95	-83.275	39.037	202.98	-116.28	10.606
292.11	1.2104	21.756	272.99	7.7888	-12.4	316.32	3.2091	-16.035	288.01	-57.133	44.781	199.87	-83.198	39.122	202.95	-116.25	10.68
292.09	1.2349	21.76	272.95	7.8037	-12.407	316.34	3.2036	-16.035	287.97	-57.11	44.788	199.81	-83.133	39.21	202.89	-116.2	10.763
292.06	1.2443	21.763	272.87	7.8103	-12.24	316.37	3.2009	-16.021	287.94	-57.101	44.799	199.77	-83.074	39.276	202.82	-116.14	10.844
292.03	1.2655	21.764	272.83	7.8308	-12.222	316.39	3.1934	-16.014	287.91	-57.116	44.798	199.72	-83.041	39.322	202.69	-116.1	10.905
292.01	1.29	21.77	272.8	7.8148	-12.231	316.43	3.1867	-15.989	287.88	-57.139	44.78	199.66	-83.011	39.375	202.55	-116.04	11.003
291.99	1.3007	21.778	272.77	7.8002	-12.235	316.45	3.1661	-15.968	287.84	-57.162	44.783	199.6	-82.972	39.413	202.4	-116.04	11.016
291.99	1.3106	21.781	272.74	7.8131	-12.229	316.48	3.123	-15.97	287.8	-57.189	44.783	199.51	-82.921	39.442	202.3	-116.02	11.12
291.97	1.3226	21.778	272.72	7.7984	-12.226	316.53	3.0767	-15.965	287.75	-57.238	44.761	199.41	-82.858	39.468	202.19	-115.99	11.19
291.94	1.3117	21.78	272.68	7.7933	-12.243	316.55	3.0252	-15.953	287.68	-57.269	44.749	199.29	-82.801	39.498	202.08	-115.88	11.179
291.92	1.3219	21.774	272.65	7.752	-12.18	317.25	3.5466	-15.084	287.57	-57.296	44.716	199.15	-82.75	39.509	201.94	-115.77	11.185
291.91	1.3229	21.781	272.62	7.7627	-12.199	317.29	3.4498	-15.101	287.45	-57.324	44.709	199.02	-82.688	39.494	201.72	-115.71	11.204
291.89	1.3166	21.771	272.57	7.792	-12.213	317.39	3.3677	-15.086	287.3	-57.346	44.679	198.87	-82.619	39.484	201.52	-115.7	11.117
291.85	1.3266	21.77	272.51	7.7991	-12.268	NaN	NaN	NaN	287.15	-57.348	44.699	198.7	-82.53	39.445	201.38	-115.64	11.069
291.82	1.3396	21.771	272.46	7.8367	-12.252	316.85	2.6448	-15.975	287.02	-57.336	44.735	198.53	-82.447	39.413	201.28	-115.54	11.023
291.76	1.3432	21.745	272.41	7.8604	-12.29	316.86	2.5708	-15.973	286.85	-57.343	44.741	198.34	-82.372	39.356	201.04	-115.45	11.026
291.73	1.3615	21.753	272.37	7.869	-12.467	316.87	2.5268	-15.95	286.68	-57.332	44.732	198.16	-82.306	39.324	200.8	-115.45	10.938
291.68	1.3713	21.753	272.31	7.8702	-12.484	316.88	2.4717	-15.926	286.5	-57.348	44.684	197.98	-82.254	39.269	200.6	-115.38	10.915
291.62	1.3722	21.738	272.23	7.9576	-12.548	316.86	2.4281	-15.909	286.32	-57.365	44.664	197.82	-82.229	39.201	200.49	-115.32	10.872
291.56	1.3691	21.733	272.16	7.9438	-12.576	316.85	2.3805	-15.874	286.18	-57.378	44.656	197.67	-82.215	39.144	200.36	-115.26	10.853
291.51	1.3416	21.733	272.1	7.9312	-12.566	316.9	2.2899	-15.813	286.04	-57.407	44.664	197.52	-82.212	39.085	200.12	-115.28	10.757
291.47	1.3366	21.732	272.03	7.8993	-12.42	316.97	2.1798	-15.764	285.93	-57.461	44.677	197.41	-82.222	39.044	199.93	-115.32	10.671
291.41	1.309	21.728	271.98	7.8508	-12.419	317.02	2.1101	-15.676	285.81	-57.542	44.615	197.28	-82.244	38.988	199.81	-115.37	10.659
291.34	1.2679	21.716	271.91	7.78	-12.427	317.12	2.0207	-15.591	285.7	-57.629	44.571	197.18	-82.287	38.959	199.69	-115.35	10.578
291.27	1.1961	21.746	271.86	7.6532	-12.208	317.23	1.8965	-15.49	285.59	-57.738	44.518	197.09	-82.325	38.938	199.59	-115.36	10.548
291.19	1.1222	21.791	271.81	7.5177	-12.153	317.33	1.7383	-15.441	285.5	-57.837	44.464	197.01	-82.373	38.928	199.44	-115.37	10.506
291.1	1.071	21.782	271.76	7.4363	-12.149	317.39	1.5598	-15.415	285.4	-57.945	44.452	196.92	-82.444	38.923	199.27	-115.42	10.438
290.99	1.0133	21.779	271.69	7.3521	-12.168	317.51	1.3818	-15.295	285.31	-58.075	44.436	196.82	-82.496	38.925	199.01	-115.42	10.394
290.83	0.94793	21.768	271.61	7.2508	-12.306	317.73	1.1438	-15.157	285.2	-58.198	44.447	196.69	-82.557	38.98	198.83	-115.43	10.362
290.67	0.88733	21.773	271.48	7.1417	-12.34	317.95	0.83974	-15.136	285.08	-58.304	44.491	196.55	-82.624	39.001	198.99	-115.98	10.59
290.53	0.79656	21.777	271.35	7.0363	-12.132	318.26	0.52574	-15.05	284.96	-58.423	44.473	196.39	-82.682	38.996	198.56	-115.58	10.339
290.4	0.75058	21.771	271.2	6.938	-12.014	318.6	0.17696	-14.942	284.8	-58.544	44.455	196.23	-82.752	38.99	198.35	-115.65	10.434
290.34	0.71462	21.734	271.04	6.8227	-12.267	318.94	-0.16411	-14.89	284.64	-58.638	44.471	196.06	-82.812	38.986	198.14	-115.77	10.424
290.26	0.60372	21.732	270.82	6.8319	-12.33	319.32	-0.50543	-14.776	284.45	-58.745	44.395	195.91	-82.892	39.011	197.92	-115.8	10.469
290.13	0.48614	21.756	270.61	6.7649	-12.181	319.7	-0.88764	-14.681	284.3	-58.837	44.363	195.75	-82.991	39.06	197.77	-115.83	10.426
289.94	0.44416	21.723	270.38	6.5632	-12.25	320.09	-1.3119	-14.584	284.16	-58.936	44.375	195.6	-83.099	39.114	197.6	-115.9	10.46
289.72	0.38963	21.73	270.12	6.4843	-12.066	320.56	-1.7173	-14.368	284.04	-59.022	44.371	195.42	-83.224	39.174	197.34	-115.99	10.526
289.52	0.33905	21.738	269.84	6.3134	-12.035	320.95	-2.2235	-14.303	283.87	-59.145	44.336	195.23	-83.358	39.21	197.04	-116.11	10.559
289.39	0.33317	21.767	269.5	6.2014	-12.078	321.39	-2.776	-14.186	283.69	-59.268	44.271	195.04	-83.518	39.346	196.83	-116.3	10.637
289.28	0.33491	21.764	269.14	5.9528	-12.117	321.87	-3.3243	-13.993	283.47	-59.422	44.185	194.84	-83.692	39.455	196.61	-116.43	10.781
289.25	0.35883	21.758	268.73	5.7672	-12.009	322.23	-3.9862	-13.938	283.28	-59.549	44.175	194.63	-83.885	39.557	196.39	-116.59	10.958
289.38	0.45851	21.815	268.07	5.485	-12.229	322.62	-4.4934	-13.675	283.09	-59.705	44.211	194.37	-84.115	39.712	196.08	-116.83	11.019
289.39	0.45583	21.822	267.58	5.2602	-12.076	322.94	-5.0125	-13.307	282.81	-59.904	44.184	194.11	-84.345	39.83	195.69	-117.06	11.162
289.39	0.45955	21.827	267.13	4.9988	-12.225	323.26	-5.4529	-12.894	282.44	-60.177	44.172	193.8	-84.608	39.996	195.4	-117.28	11.292
289.39	0.45883	21.824	266.65	4.7209	-12.061	323.64	-5.9991	-12.271	282.12	-60.415	44.298	193.46	-84.869	40.147	195	-117.57	11.432
289.39	0.46076	21.825	266.05	4.5453	-11.674	323.97	-6.7244	-11.782	281.7	-60.695	44.392	193.06	-85.167	40.301	194.51	-117.85	11.506
289.39	0.45853	21.824	265.47	4.3741	-11.243	324.32	-7.4286	-11.214	281.23	-61.042	44.463	192.6	-85.468	40.496	194.1	-118.1	11.663
289.39	0.45883	21.824	264.92	4.1362	-10.705	324.62	-8.1754	-10.631	280.78	-61.397	44.614	192.1	-85.784	40.711	193.51	-118.37	11.863
289.4	0.46361	21.818	264.26	4.0829	-10.193	324.86	-8.9437	-9.9697	280.21	-61.856	44.676	191.54	-86.143	40.876	192.95	-118.73	12.034
289.39	0.45824	21.824	263.6	3.8287	-9.5652	325	-9.7132	-9.2815	279.68	-62.295	44.857	190.95	-86.562	41.095	192.27	-119.22	12.206
289.39	0.46132	21.829	262.76	3.598	-9.027	325.1	-10.465	-8.5091	279.03	-62.799	44.952	190.33	-87.019	41.33	191.7	-119.55	12.401
289.4	0.46416	21.832	261.94	3.2322	-8.5273	325.1	-11.285	-7.824	278.39	-63.28	45.111	189.65	-87.533	41.553	190.93	-119.95	12.526
289.4	0.4564	21.832	260.99	2.9396	-8.0152	325.07	-12.128	-7.1645	277.67	-63.817	45.225	188.93	-88.072	41.791	190.13	-120.42	12.665
289.41	0.45916	21.823	260.01	2.5387	-7.5889	325.01	-12.99	-6.4393	276.88	-64.377	45.323	188.16	-88.616	42.055	189.43	-120.93	12.963
289.4	0.46314	21.832	258.96	2.17	-7.3091	324.84	-13.955	-5.8186	276.09	-64.922	45.481	187.31	-89.171	42.278	188.55	-121.43	13.059
289.41	0.46226	21.828	257.87	1.7638	-6.9953	324.66	-14.931	-5.0918	275.2	-65.502	45.624	186.44	-89.753	42.48	187.56	-121.9	13.2
289.4	0.45078	21.822	256.73	1.2583	-6.4054	324.42	-15.865	-4.3136	274.26	-66.12	45.766	185.5	-90.358	42.672	186.64	-122.54	13.395
289.4	0.46596	21.824	255.56	0.77484	-6.1211	324.14	-16.867	-3.5108	273.27	-66.81	45.916	184.52	-91	42.885	185.61	-123.16	13.516
289.39	0.46157	21.816	254.41	0.19012	-5.744	323.75	-17.966	-2.7676	272.18	-67.529	46.064	183.46	-91.672	43.1	184.58	-123.79	13.627
289.4	0.46295	21.832	253.1	-0.39086	-5.2299	323.29	-19.141	-2.0612	271.07	-68.283	46.304	182.34	-92.349	43.267	183.48	-124.42	13.806
289.4	0.47015	21.828	251.83	-1.0047	-4.9209	322.72	-20.334	-1.3292	269.87	-69.079	46.515	181.14	-93.094	43.511	182.29	-125.06	13.968
289.4	0.46639	21.824	250.45	-1.6735	-4.3701	322	-21.543	-0.5958	268.59	-69.943	46.797	179.88	-93.815	43.706	181.08	-125.7	14.151
289.4	0.46656	21.823	249.02	-2.2953	-4.0062	321.22	-22.847	0.14271	267.19	-70.818	47.066	178.52	-94.61	44.03	179.78	-126.37	14.388
289.41	0.46164	21.837	247.48	-2.9927	-3.4641	320.31	-24.082	0.98477	265.7	-71.761	47.39	177.06	-95.4	44.334	178.24	-127.18	14.503
289.41	0.46606	21.832	245.82	-3.7129	-2.6444	319.29	-25.379	1.7435	264.14	-72.691	47.78	175.48	-96.236	44.669	176.73	-127.78	14.828
289.4	0.47073	21.829	244.06	-4.3503	-2.1839	318.09	-26.688	2.4523	262.43	-73.695	48.204	173.8	-97.063	45.067	175.06	-128.52	15.045
289.41	0.4591	21.823	242.17	-5.0378	-1.3967	316.73	-27.954	3.2233	260.62	-74.701	48.665	172	-97.897	45.52	173.3	-129.25	15.376
289.4	0.46833	21.838	240.14	-5.7234	-0.52405	315.21	-29.185	4.0014	258.72	-75.719	49.15	170.09	-98.768	46.004	171.4	-129.97	15.731
289.4	0.45548	21.831	237.95	-6.3748	0.54034	313.47	-30.31	4.7722	256.66	-76.78	49.683	168.03	-99.653	46.586	169.34	-130.56	16.079
289.41	0.46373	21.828	236.03	-6.601	2.2585	311.45	-31.477	5.381	254.66	-77.605	50.593	165.82	-100.56	47.154	167.33	-131.39	16.575
289.4	0.45611	21.832	233.64	-7.1609	3.4338	309.26	-32.508	6.0075	252.33	-78.654	51.206	163.49	-101.46	47.753	164.98	-132.03	16.933
289.4	0.46893	21.827	231.12	-7.6636	4.578	306.84	-33.441	6.6542	249.81	-79.737	51.882	161	-102.36	48.409	162.54	-132.67	17.44
289.4	0.45769	21.834	228.42	-8.2586	5.8373	304.16	-34.222	7.3831	247.17	-80.756	52.58	158.33	-103.26	49.05	159.98	-133.38	17.845
289.41	0.45947	21.823	225.53	-8.7742	7.1743	301.33	-34.819	8.0752	244.32	-81.765	53.307	155.54	-104.14	49.739	157.24	-133.97	18.271
289.4	0.45708	21.832	222.43	-9.1621	8.4402	298.19	-35.25	8.8789	241.32	-82.675	54.043	152.57	-105.02	50.412	154.4	-134.55	18.68
289.4	0.46269	21.831	219.21	-9.4927	9.6334	294.74	-35.589	9.5075	238.14	-83.496	54.858	149.46	-105.86	51.071	151.68	-135.52	19.332
289.4	0.45231	21.824	215.71	-9.8561	10.962	291.24	-35.607	10.293	234.76	-84.223	55.647	146.2	-106.71	51.723	148.44	-135.75	19.693
289.4	0.45848	21.821	212.08	-10.149	12.2	287.36	-35.514	11.035	231.28	-84.805	56.443	142.79	-107.5	52.349	145.09	-136.3	20.081
289.4	0.46295	21.832	208.3	-10.31	13.38	283.23	-35.259	11.625	227.57	-85.272	57.202	139.23	-108.26	52.993	141.84	-136.82	20.686
289.41	0.45948	21.823	204.29	-10.448	14.394	278.9	-34.796	12.14	223.77	-85.631	57.941	135.53	-109	53.607	138.36	-137.31	21.103
289.41	0.46194	21.827	200.17	-10.511	15.427	274.3	-34.206	12.786	219.83	-85.956	58.643	131.71	-109.71	54.231	134.76	-137.81	21.538
289.41	0.45817	21.822	195.83	-10.597	16.465	269.41	-33.461	13.068	215.77	-86.177	59.293	127.8	-110.4	54.837	131.1	-138.34	22.046
289.4	0.4661	21.824	191.42	-10.638	17.439	264.26	-32.547	13.445	211.58	-86.319	59.961	123.76	-111.11	55.432	127.49	-139.04	22.602
289.4	0.45687	21.833	186.83	-10.646	18.311	258.81	-31.412	13.82	207.33	-86.42	60.608	119.63	-111.78	55.975	123.49	-139.2	22.933
289.4	0.46956	21.829	182.19	-10.557	19.174	253.03	-30.154	14.024	202.92	-86.424	61.162	115.42	-112.44	56.536	119.54	-139.6	23.342
289.4	0.4688	21.839	177.34	-10.523	20.015	246.99	-28.707	14.154	198.43	-86.392	61.761	111.11	-113.1	57.068	115.57	-140.07	23.819
289.41	0.45895	21.835	172.48	-10.345	20.598	240.64	-27.178	14.29	193.84	-86.287	62.278	106.73	-113.72	57.547	111.48	-140.35	24.182
289.4	0.46239	21.831	167.48	-10.238	21.223	234.08	-25.6	14.441	189.18	-86.138	62.755	102.28	-114.33	57.998	107.52	-140.92	24.676
289.4	0.46095	21.83	162.45	-10.145	21.969	227.36	-23.933	14.594	184.41	-85.92	63.241	97.762	-114.94	58.375	103.15	-141.14	24.923
289.4	0.46362	21.832	157.3	-9.986	22.445	220.42	-22.421	14.642	179.58	-85.658	63.647	93.187	-115.5	58.68	98.74	-141.44	25.107
289.4	0.46624	21.836	152.12	-9.791	22.841	213.39	-20.758	14.832	174.66	-85.337	64.063	88.574	-116.04	58.974	94.428	-141.85	25.259
289.4	0.46796	21.824	146.88	-9.5273	23.064	206.17	-19.19	14.876	169.71	-84.982	64.351	84.361	-116.26	59.525	90.343	-142.08	25.642
289.41	0.45902	21.822	141.65	-9.2822	23.425	NaN	NaN	NaN	164.69	-84.619	64.65	79.671	-116.72	59.633	85.823	-142.17	25.576
289.4	0.46478	21.835	136.38	-9.0267	23.61	191.16	-16.028	14.884	159.64	-84.192	64.887	74.943	-117.2	59.765	81.333	-142.55	25.662
289.4	0.45409	21.828	130.99	-8.7577	23.701	NaN	NaN	NaN	154.6	-83.728	64.998	70.191	-117.65	59.801	76.997	-142.87	25.685
289.4	0.45803	21.831	125.54	-8.4763	23.832	NaN	NaN	NaN	149.56	-83.196	65.002	65.484	-118.09	59.869	72.413	-143.03	25.553
289.41	0.46188	21.825	120.03	-8.1097	23.673	167.64	-11.761	14.294	144.5	-82.629	65.018	60.738	-118.54	59.847	68.001	-143.37	25.543
289.4	0.45439	21.829	114.41	-7.8157	23.644	NaN	NaN	NaN	139.19	-82.267	64.546	56.039	-118.94	59.84	63.495	-143.55	25.432
289.4	0.46138	21.829	108.76	-7.4596	23.389	NaN	NaN	NaN	134.13	-81.597	64.313	50.888	-119.67	59.416	58.717	-143.93	25.145
289.4	0.46393	21.833	103.11	-7.1246	23.152	143.75	-8.1712	13.13	129.13	-80.897	64.208	46.273	-120.07	59.355	54.371	-144.22	25.036
289.39	0.46134	21.829	97.468	-6.7699	22.878	135.69	-7.1676	12.621	124.11	-80.164	63.888	41.644	-120.47	59.227	49.863	-144.4	24.855
289.4	0.46564	21.836	91.899	-6.4391	22.502	NaN	NaN	NaN	119.11	-79.426	63.601	37.085	-120.83	59.058	45.524	-144.65	24.598
289.4	0.46332	21.832	86.44	-6.0791	22.119	NaN	NaN	NaN	114.19	-78.648	63.252	32.56	-121.15	58.818	41.138	-144.74	24.32
289.41	0.45882	21.823	81.028	-5.755	21.58	NaN	NaN	NaN	109.28	-77.882	62.83	28.066	-121.45	58.542	36.861	-145.03	24.037
289.4	0.4664	21.837	75.643	-5.4815	21.062	NaN	NaN	NaN	104.37	-77.071	62.365	23.656	-121.73	58.265	32.468	-145.1	23.589
289.4	0.45409	21.828	70.376	-5.1944	20.295	NaN	NaN	NaN	99.572	-76.258	61.905	19.299	-121.96	57.883	28.27	-145.31	23.102
289.4	0.45632	21.831	64.94	-4.8378	19.546	NaN	NaN	NaN	94.814	-75.482	61.381	15.035	-122.19	57.473	24.213	-145.43	22.643
289.4	0.4634	21.818	59.152	-4.4193	18.94	NaN	NaN	NaN	90.121	-74.72	60.874	10.849	-122.39	57.047	20.215	-145.49	22.116
289.4	0.46564	21.836	52.73	-3.4747	20.158	78.246	-2.1402	7.3517	85.511	-73.916	60.379	6.792	-122.6	56.636	16.204	-145.63	21.604
289.4	0.46624	21.836	47.419	-3.0743	19.515	72.841	-1.568	6.7194	80.994	-73.135	59.728	2.8195	-122.81	56.182	12.422	-145.66	21.09
289.4	0.46657	21.823	42.588	-3.0792	17.622	67.569	-1.1678	5.9498	76.625	-72.315	59.19	-1.0875	-122.96	55.68	8.7169	-145.73	20.577
289.4	0.46879	21.826	38.218	-2.3289	16.793	62.409	-0.66978	5.2647	72.304	-71.557	58.615	-4.8743	-123.04	55.184	5.0976	-145.89	20.037
289.4	0.46866	21.824	33.224	-1.8858	16.008	57.402	-0.22201	4.5676	68.094	-70.81	58.024	-8.6007	-123.06	54.631	1.5876	-145.88	19.481
289.41	0.46134	21.837	28.551	-1.5486	15.369	52.611	0.19789	3.8864	64.036	-70.062	57.456	-12.235	-123.11	54.058	-1.8519	-145.89	18.882
289.4	0.46564	21.836	23.944	-1.2304	14.605	48.013	0.59595	3.0788	60.052	-69.354	56.909	-15.71	-123.06	53.476	-5.1594	-145.79	18.208
289.4	0.4685	21.825	19.57	-0.97771	13.852	43.707	1.0399	2.3479	56.21	-68.633	56.315	-19.121	-123.02	52.847	-8.2598	-145.8	17.709
289.4	0.45818	21.82	15.834	-0.7987	12.834	39.469	1.3595	1.5162	52.481	-67.915	55.742	-22.424	-122.93	52.229	-11.232	-145.6	17.136
289.4	0.47074	21.829	11.155	-0.82738	11.541	35.526	1.7496	0.74583	48.848	-67.234	55.131	-25.58	-122.8	51.616	-14.271	-145.67	16.463
289.41	0.46275	21.826	7.3237	-0.50797	10.539	31.655	2.0145	-0.093334	45.419	-66.583	54.592	-28.651	-122.69	50.975	-16.935	-145.53	15.934
289.41	0.46118	21.826	3.6579	-0.2376	9.7574	28.026	2.3754	-0.85055	42.104	-65.914	54.017	-31.558	-122.56	50.324	-19.625	-145.48	15.342
289.4	0.46571	21.834	0.14289	0.054404	8.8988	24.511	2.7104	-1.6616	38.942	-65.289	53.474	-34.293	-122.43	49.688	-22.211	-145.41	14.699
289.41	0.45895	21.836	-3.2215	0.30569	8.0703	21.208	3.0122	-2.3919	35.936	-64.711	52.931	-36.945	-122.33	49.05	-24.544	-145.31	14.061
289.4	0.45802	21.82	-6.3584	0.57777	7.314	18.048	3.3127	-3.1445	33.083	-64.139	52.411	-39.434	-122.21	48.423	-26.851	-145.24	13.546
289.41	0.4645	21.829	-9.2914	0.87296	6.453	15.093	3.5774	-3.8589	30.377	-63.568	51.928	-41.806	-122.09	47.787	-28.898	-145.08	12.976
289.41	0.46211	21.827	-12.084	1.0997	5.7031	12.395	3.8352	-4.5189	27.812	-63.085	51.4	-44.038	-121.95	47.176	-31.033	-145	12.368
289.41	0.46165	21.826	-14.615	1.3432	4.9757	9.8359	4.0023	-5.228	25.423	-62.597	50.947	-46.138	-121.79	46.585	-32.802	-144.89	11.845
289.4	0.46972	21.829	-17.013	1.5024	4.2132	7.5667	4.1939	-5.9865	23.201	-62.154	50.5	-48.147	-121.63	45.908	-34.675	-144.68	11.225
289.4	0.45695	21.82	-19.135	1.7247	3.3717	5.4873	4.3595	-6.6449	21.105	-61.714	50.023	-50.168	-121.3	45.616	-36.248	-144.68	10.755
289.4	0.46331	21.832	-21.077	1.9226	2.5254	3.5955	4.467	-7.3878	19.166	-61.301	49.552	-51.929	-121.1	44.93	-37.761	-144.65	10.185
289.41	0.46373	21.828	-22.843	2.0792	1.6039	1.8921	4.5638	-8.1568	17.36	-60.929	49.12	-53.537	-120.91	44.307	-39.057	-144.51	9.6315
289.41	0.45911	21.823	-24.435	2.2028	0.70815	0.45452	4.7071	-8.8362	15.695	-60.55	48.657	-55.026	-120.72	43.619	-40.356	-144.44	9.0025
