140.1	-4.5134	20.181	-37.758	-0.52976	-13.441	-12.101	4.9687	-18.648	-6.8511	-56.601	42.393	-68.292	-122.6	27.04	-44.882	-147.93	-2.0265
140.11	-4.5203	20.18	-37.756	-0.51624	-13.432	-12.097	4.9722	-18.643	-6.8526	-56.6	42.392	-68.291	-122.6	27.052	-44.919	-147.94	-2.0566
140.11	-4.5189	20.183	-37.758	-0.51718	-13.433	-12.098	4.9722	-18.642	-6.854	-56.6	42.39	-68.285	-122.59	27.045	-44.918	-147.94	-2.0695
140.1	-4.5148	20.179	-37.753	-0.51304	-13.429	-12.097	4.9596	-18.651	-6.8481	-56.596	42.383	-68.292	-122.6	27.051	-44.918	-147.94	-2.0564
140.11	-4.5213	20.179	-37.754	-0.51399	-13.43	-12.097	4.9722	-18.643	-6.8459	-56.596	42.398	-68.282	-122.59	27.058	-44.917	-147.94	-2.0684
140.11	-4.5193	20.183	-37.769	-0.53652	-13.436	-12.093	4.9632	-18.645	-6.8499	-56.597	42.394	-68.291	-122.6	27.052	-44.91	-147.93	-2.0649
140.11	-4.5089	20.174	-37.751	-0.51316	-13.413	-12.098	4.9723	-18.642	-6.8476	-56.596	42.384	-68.283	-122.59	27.046	-44.919	-147.94	-2.0717
140.11	-4.5214	20.18	-37.77	-0.52484	-13.443	-12.091	4.9632	-18.646	-6.8415	-56.591	42.389	-68.285	-122.59	27.045	-44.911	-147.94	-2.0518
140.1	-4.5253	20.172	-37.752	-0.51434	-13.415	-12.097	4.9722	-18.643	-6.8504	-56.596	42.381	-68.286	-122.6	27.054	-44.906	-147.94	-2.066
140.11	-4.5224	20.177	-37.748	-0.52383	-13.419	-12.097	4.9722	-18.642	-6.8436	-56.592	42.388	-68.279	-122.59	27.049	-44.895	-147.94	-2.0589
140.11	-4.5208	20.167	-37.767	-0.52195	-13.442	-12.095	4.972	-18.64	-6.8585	-56.603	42.373	-68.285	-122.6	27.043	-44.906	-147.93	-2.0732
140.11	-4.5182	20.185	-37.758	-0.51581	-13.447	-12.088	4.962	-18.628	-6.8545	-56.599	42.377	-68.286	-122.61	27.036	-44.911	-147.95	-2.0716
140.11	-4.5216	20.18	-37.768	-0.52171	-13.441	-12.097	4.9587	-18.634	-6.8525	-56.597	42.381	-68.28	-122.6	27.028	-44.91	-147.95	-2.0752
140.11	-4.5227	20.179	-37.763	-0.52249	-13.425	-12.096	4.9587	-18.634	-6.8577	-56.601	42.376	-68.277	-122.6	27.03	-44.903	-147.96	-2.0704
140.11	-4.5191	20.183	-37.764	-0.5198	-13.425	-12.092	4.9584	-18.632	-6.8482	-56.593	42.383	-68.283	-122.61	27.026	-44.903	-147.94	-2.0655
140.11	-4.5226	20.178	-37.757	-0.51848	-13.419	-12.094	4.9584	-18.632	-6.8545	-56.599	42.377	-68.274	-122.6	27.045	-44.889	-147.96	-2.0641
140.11	-4.5213	20.179	-37.766	-0.52205	-13.426	-12.089	4.9619	-18.627	-6.854	-56.599	42.378	-68.278	-122.6	27.041	-44.887	-147.94	-2.0694
140.11	-4.5227	20.18	-37.766	-0.52192	-13.428	-12.089	4.9619	-18.627	-6.8481	-56.596	42.383	-68.263	-122.61	27.036	-44.891	-147.95	-2.0765
140.11	-4.5216	20.181	-37.76	-0.5203	-13.422	-12.1	4.9552	-18.64	-6.8473	-56.595	42.371	-68.266	-122.61	27.045	-44.886	-147.94	-2.0713
140.11	-4.5225	20.179	-37.771	-0.52606	-13.432	-12.1	4.9552	-18.64	-6.841	-56.589	42.376	-68.265	-122.61	27.034	-44.885	-147.95	-2.0722
140.11	-4.518	20.184	-37.759	-0.51943	-13.42	-12.093	4.9584	-18.633	-6.8418	-56.589	42.377	-68.267	-122.61	27.042	-44.873	-147.95	-2.0695
140.11	-4.5238	20.178	-37.759	-0.51706	-13.434	-12.093	4.9584	-18.633	-6.8431	-56.591	42.373	-68.264	-122.61	27.034	-44.886	-147.96	-2.0682
140.1	-4.5236	20.176	-37.764	-0.51865	-13.437	-12.094	4.9585	-18.632	-6.8423	-56.59	42.376	-68.27	-122.6	27.046	-44.888	-147.95	-2.0746
140.11	-4.518	20.185	-37.759	-0.51537	-13.434	-12.093	4.9584	-18.633	-6.839	-56.588	42.377	-68.269	-122.6	27.045	-44.891	-147.94	-2.0749
140.1	-4.5129	20.166	-37.777	-0.51307	-13.456	-12.088	4.962	-18.628	-6.8498	-56.582	42.374	-68.273	-122.6	27.032	-44.887	-147.95	-2.0716
140.11	-4.521	20.166	-37.769	-0.5226	-13.443	-12.101	4.9552	-18.639	-6.8526	-56.583	42.374	-68.269	-122.61	27.031	-44.88	-147.95	-2.0727
140.11	-4.5191	20.183	-37.77	-0.50858	-13.45	-12.093	4.9599	-18.646	-6.849	-56.58	42.377	-68.276	-122.6	27.018	-44.892	-147.95	-2.0663
140.11	-4.5203	20.18	-37.764	-0.50594	-13.431	-12.102	4.9551	-18.639	-6.8659	-56.578	42.37	-68.269	-122.6	27.035	-44.892	-147.95	-2.0623
140.11	-4.5203	20.18	-37.769	-0.49514	-13.441	-12.088	4.962	-18.628	-6.8575	-56.585	42.382	-68.278	-122.6	27.03	-44.885	-147.94	-2.0706
140.11	-4.518	20.184	-37.773	-0.51068	-13.44	-12.093	4.9584	-18.633	-6.8611	-56.574	42.373	-68.272	-122.6	27.033	-44.882	-147.96	-2.0622
140.11	-4.5236	20.175	-37.771	-0.49727	-13.444	-12.092	4.9584	-18.633	-6.8638	-56.577	42.37	-68.279	-122.59	27.035	-44.884	-147.94	-2.0671
140.11	-4.5183	20.184	-37.768	-0.509	-13.435	-12.094	4.9584	-18.632	-6.8677	-56.579	42.381	-68.277	-122.6	27.03	-44.887	-147.95	-2.0591
140.11	-4.5188	20.169	-37.762	-0.50475	-13.429	-12.094	4.9584	-18.632	-6.8613	-56.576	42.387	-68.278	-122.6	27.03	-44.884	-147.94	-2.0561
140.11	-4.5203	20.181	-37.771	-0.50855	-13.437	-12.088	4.9619	-18.627	-6.8638	-56.577	42.37	-68.271	-122.6	27.037	-44.888	-147.95	-2.0603
140.11	-4.5203	20.181	-37.761	-0.50274	-13.428	-12.093	4.9584	-18.633	-6.8618	-56.575	42.374	-68.278	-122.6	27.041	-44.892	-147.94	-2.0706
140.11	-4.5183	20.184	-37.768	-0.509	-13.435	-12.085	4.9618	-18.625	-6.8624	-56.575	42.372	-68.275	-122.6	27.032	-44.887	-147.96	-2.0642
140.11	-4.5229	20.181	-37.765	-0.50712	-13.433	-12.094	4.9599	-18.646	-6.8575	-56.571	42.376	-68.282	-122.59	27.031	-44.885	-147.95	-2.0585
140.11	-4.5175	20.171	-37.763	-0.50499	-13.429	-12.093	4.9583	-18.633	-6.8499	-56.568	42.382	-68.272	-122.6	27.033	-44.885	-147.96	-2.0602
140.11	-4.5179	20.172	-37.767	-0.50677	-13.448	-12.085	4.9617	-18.626	-6.8448	-56.575	42.367	-68.266	-122.6	27.024	-44.887	-147.95	-2.0611
140.11	-4.5085	20.175	-37.776	-0.51033	-13.455	-12.084	4.953	-18.63	-6.8412	-56.575	42.37	-68.266	-122.6	27.039	-44.877	-147.95	-2.0726
140.11	-4.5309	20.173	-37.759	-0.51674	-13.42	-12.089	4.9494	-18.635	-6.846	-56.576	42.366	-68.266	-122.61	27.019	-44.879	-147.94	-2.0529
140.11	-4.5182	20.185	-37.773	-0.49821	-13.445	-12.092	4.9584	-18.632	-6.8493	-56.579	42.362	-68.265	-122.6	27.038	-44.88	-147.96	-2.0636
140.11	-4.518	20.185	-37.764	-0.51851	-13.438	-12.094	4.96	-18.645	-6.85	-56.581	42.374	-68.263	-122.6	27.022	-44.872	-147.96	-2.0679
140.1	-4.5236	20.176	-37.77	-0.4961	-13.442	-12.089	4.9495	-18.635	-6.8412	-56.572	42.37	-68.269	-122.6	27.035	-44.879	-147.96	-2.0609
140.1	-4.5134	20.18	-37.764	-0.50457	-13.445	-12.092	4.96	-18.647	-6.848	-56.578	42.363	-68.266	-122.61	27.019	-44.876	-147.95	-2.0723
140.11	-4.5238	20.177	-37.768	-0.509	-13.435	-12.094	4.9599	-18.646	-6.8476	-56.578	42.364	-68.267	-122.59	27.024	-44.872	-147.97	-2.0613
140.11	-4.5216	20.18	-37.759	-0.51674	-13.42	-12.092	4.96	-18.647	-6.8466	-56.576	42.365	-68.263	-122.59	27.028	-44.872	-147.95	-2.0666
140.1	-4.5135	20.18	-37.765	-0.50465	-13.444	-12.088	4.9634	-18.641	-6.848	-56.578	42.363	-68.259	-122.59	27.03	-44.873	-147.95	-2.0656
140.11	-4.5191	20.183	-37.768	-0.4929	-13.453	-12.097	4.9596	-18.65	-6.8427	-56.574	42.368	-68.267	-122.59	27.024	-44.873	-147.95	-2.0688
140.11	-4.5213	20.179	-37.765	-0.50683	-13.432	-12.08	4.9542	-18.642	-6.8496	-56.567	42.369	-68.269	-122.6	27.024	-44.88	-147.95	-2.0733
140.11	-4.5193	20.183	-37.773	-0.50938	-13.44	-12.094	4.9599	-18.645	-6.8422	-56.572	42.356	-68.261	-122.59	27.029	-44.876	-147.95	-2.0708
140.11	-4.5238	20.177	-37.761	-0.50404	-13.428	-12.086	4.9632	-18.639	-6.8293	-56.564	42.367	-68.262	-122.59	27.028	-44.88	-147.95	-2.0699
140.1	-4.5145	20.179	-37.767	-0.50806	-13.434	-12.085	4.9631	-18.639	-6.8459	-56.562	42.358	-68.26	-122.6	27.025	-44.872	-147.95	-2.0654
140.1	-4.5234	20.165	-37.774	-0.49943	-13.447	-12.085	4.9632	-18.639	-6.8438	-56.573	42.353	-68.268	-122.6	27.023	-44.878	-147.95	-2.058
140.11	-4.5203	20.181	-37.775	-0.51163	-13.441	-12.093	4.9599	-18.646	-6.8405	-56.572	42.369	-68.264	-122.59	27.027	-44.887	-147.96	-2.0681
140.1	-4.5138	20.182	-37.767	-0.4942	-13.44	-12.093	4.9584	-18.633	-6.8408	-56.559	42.377	-68.262	-122.6	27.022	-44.868	-147.96	-2.0603
140.1	-4.5135	20.18	-37.764	-0.50594	-13.431	-12.087	4.962	-18.627	-6.854	-56.567	42.367	-68.258	-122.6	27.026	-44.871	-147.96	-2.07
140.11	-4.5238	20.177	-37.764	-0.50594	-13.431	-12.081	4.9542	-18.642	-6.8496	-56.567	42.369	-68.266	-122.61	27.019	-44.865	-147.96	-2.0668
140.1	-4.5236	20.176	-37.771	-0.49727	-13.444	-12.08	4.9527	-18.629	-6.8488	-56.578	42.363	-68.259	-122.6	27.024	-44.868	-147.96	-2.0698
140.1	-4.5159	20.178	-37.763	-0.50724	-13.417	-12.093	4.9585	-18.632	-6.8465	-56.575	42.353	-68.261	-122.6	27.034	-44.866	-147.96	-2.0678
140.11	-4.5238	20.177	-37.771	-0.50997	-13.45	-12.085	4.9618	-18.625	-6.8569	-56.581	42.344	-68.263	-122.61	27.019	-44.868	-147.97	-2.0763
140.11	-4.5227	20.177	-37.773	-0.52434	-13.433	-12.08	4.9527	-18.628	-6.8513	-56.58	42.361	-68.265	-122.61	27.019	-44.874	-147.97	-2.0615
140.11	-4.5211	20.179	-37.761	-0.50404	-13.428	-12.088	4.9601	-18.642	-6.8383	-56.583	42.365	-68.265	-122.61	27.019	-44.875	-147.97	-2.0628
140.1	-4.5131	20.18	-37.766	-0.52205	-13.426	-12.084	4.9511	-18.644	-6.8538	-56.582	42.345	-68.261	-122.6	27.023	-44.873	-147.96	-2.0711
140.1	-4.5135	20.18	-37.764	-0.51851	-13.439	-12.076	4.9562	-18.623	-6.8485	-56.577	42.35	-68.257	-122.62	27.018	-44.874	-147.96	-2.075
140.1	-4.5238	20.177	-37.768	-0.50915	-13.433	-12.093	4.9459	-18.64	-6.8365	-56.583	42.353	-68.26	-122.61	27.021	-44.87	-147.97	-2.0762
140.11	-4.5238	20.177	-37.776	-0.51491	-13.428	-12.083	4.9496	-18.631	-6.8469	-56.589	42.359	-68.254	-122.61	27.008	-44.866	-147.97	-2.0869
140.11	-4.5236	20.177	-37.771	-0.52241	-13.445	-12.093	4.9464	-18.637	-6.8424	-56.587	42.361	-68.261	-122.61	27.021	-44.871	-147.98	-2.0798
140.11	-4.5235	20.175	-37.764	-0.51851	-13.439	-12.093	4.9584	-18.633	-6.8396	-56.599	42.344	-68.256	-122.6	27.023	-44.877	-147.96	-2.0915
140.1	-4.5169	20.175	-37.77	-0.52384	-13.444	-12.085	4.9618	-18.625	-6.8413	-56.614	42.348	-68.26	-122.61	27.021	-44.872	-147.96	-2.0741
140.1	-4.515	20.181	-37.77	-0.52513	-13.431	-12.088	4.9509	-18.649	-6.8295	-56.621	42.351	-68.247	-122.61	27.026	-44.892	-147.96	-2.0825
140.11	-4.5202	20.18	-37.768	-0.5243	-13.428	-12.084	4.9539	-18.647	-6.8132	-56.677	42.343	-68.24	-122.61	27.031	-44.884	-147.96	-2.0793
140.1	-4.5155	20.177	-37.764	-0.53875	-13.418	-12.085	4.9666	-18.638	-6.7981	-56.722	42.329	-68.217	-122.61	27.041	-44.873	-147.95	-2.0656
140.1	-4.5248	20.174	-37.772	-0.5603	-13.42	-12.103	4.9577	-18.669	-6.791	-56.786	42.298	-68.198	-122.6	27.055	-44.921	-147.97	-2.0888
140.1	-4.5168	20.174	-37.769	-0.6176	-13.293	-12.106	4.9731	-18.664	-6.7475	-56.844	42.304	-68.188	-122.62	27.088	-44.902	-147.96	-2.0658
140.1	-4.515	20.178	-37.786	-0.6493	-13.286	-12.127	4.9925	-18.683	-6.7303	-56.921	42.291	-68.168	-122.64	27.12	-44.904	-147.97	-2.0611
140.1	-4.5123	20.182	-37.781	-0.67639	-13.215	-12.132	5.0572	-18.681	-6.7095	-57.026	42.306	-68.137	-122.7	27.189	-44.925	-148.01	-2.0567
140.11	-4.5214	20.179	-37.802	-0.71339	-13.113	-12.199	5.1918	-18.615	-6.6493	-57.184	42.384	-68.105	-122.76	27.222	-44.943	-148.04	-2.0562
140.1	-4.5127	20.181	-37.827	-0.75014	-12.552	-12.346	5.5071	-18.295	-6.5642	-57.428	42.487	-68.052	-122.85	27.264	-44.915	-148.09	-2.054
140.11	-4.5227	20.179	-37.831	-0.67523	-11.843	-12.412	5.8591	-17.74	-6.4791	-57.739	42.634	-67.994	-122.95	27.302	-44.889	-148.14	-2.0557
140.1	-4.5158	20.177	-37.808	-0.66951	-10.859	-12.418	6.0754	-16.933	-6.2735	-58.154	42.954	-67.901	-123.11	27.341	-44.88	-148.23	-2.112
140.11	-4.5122	20.183	-37.692	-0.70173	-9.5526	-12.269	6.331	-15.807	-6.0525	-58.693	43.272	-67.769	-123.3	27.421	-44.851	-148.34	-2.2181
140.1	-4.5168	20.177	-37.261	-0.47703	-7.6793	-11.975	6.4962	-14.414	-5.7479	-59.402	43.734	-67.542	-123.58	27.55	-44.821	-148.43	-2.334
140.1	-4.5137	20.183	-37.005	-0.54606	-6.0011	-11.44	6.6849	-12.761	-5.3496	-60.252	44.323	-67.26	-123.87	27.692	-44.726	-148.53	-2.5676
140.1	-4.5148	20.178	-36.722	-0.61237	-4.2532	-10.583	6.8276	-10.928	-4.8593	-61.312	44.952	-66.913	-124.24	27.862	-44.66	-148.66	-2.7001
140.1	-4.515	20.181	-36.282	-0.79329	-2.2808	-9.2635	6.8138	-8.8686	-4.3265	-62.436	45.593	-66.578	-124.61	28.035	-44.555	-148.82	-2.8219
140.1	-4.5147	20.179	-35.906	-0.99983	-0.49366	-7.4298	6.862	-6.6589	-3.6318	-63.709	46.277	-66.195	-125.04	28.237	-44.452	-149.02	-2.95
140.1	-4.5249	20.176	-35.365	-1.3319	1.5786	-5.1426	6.8977	-4.4186	-2.8634	-65.099	46.928	-65.764	-125.51	28.536	-44.397	-149.23	-3.0719
140.11	-4.5208	20.183	-34.636	-1.7223	3.5351	-2.5856	6.7402	-2.1637	-2.0344	-66.557	47.501	-65.311	-126.01	28.743	-44.227	-149.49	-3.1575
140.11	-4.524	20.179	-33.663	-2.14	5.4991	0.089603	6.4148	-0.068217	-1.0395	-68.039	48.021	-64.79	-126.53	28.952	-44.061	-149.76	-3.2235
140.12	-4.5303	20.179	-32.521	-2.6013	7.3609	2.9247	5.897	1.9695	0.023875	-69.549	48.444	-64.193	-127.08	29.22	-43.812	-150.14	-3.3609
140.12	-4.5296	20.18	-31.262	-3.1513	9.1895	5.9024	5.1715	3.8441	1.1316	-71.084	48.747	-63.523	-127.66	29.491	-43.531	-150.46	-3.4584
140.12	-4.5285	20.182	-29.977	-3.6873	10.866	9.0415	4.2926	5.4833	2.3069	-72.691	49.094	-62.783	-128.27	29.711	-43.143	-150.84	-3.5512
140.11	-4.533	20.177	-28.518	-4.4036	12.672	12.301	3.2872	7.0002	3.6329	-74.271	49.312	-62.031	-128.88	29.893	-42.739	-151.38	-3.5775
140.11	-4.5386	20.183	-26.996	-5.0134	14.114	15.661	2.0044	8.2088	5.0168	-75.806	49.608	-61.277	-129.43	30.072	-42.158	-151.84	-3.4534
140.11	-4.5366	20.186	-25.318	-5.7751	15.483	19.19	0.62154	9.3889	6.4615	-77.336	49.922	-60.453	-129.94	30.264	-41.462	-152.31	-3.2965
140.11	-4.5446	20.185	-23.464	-6.5636	16.524	22.798	-0.88193	10.506	7.9687	-78.941	50.119	-59.441	-130.5	30.49	-40.652	-152.85	-3.219
140.11	-4.5505	20.178	-21.361	-7.5876	17.55	26.424	-2.5116	11.611	9.6413	-80.596	50.396	-58.253	-131.16	30.714	-39.924	-153.29	-3.3613
140.1	-4.5473	20.187	-19.085	-8.573	18.316	30.431	-3.9415	13.17	11.756	-81.992	51.136	-56.895	-131.89	30.961	-38.735	-154.22	-3.3144
140.1	-4.5563	20.197	-16.63	-9.6314	19.02	34.152	-5.7228	14.236	13.66	-83.699	51.353	-55.456	-132.61	31.231	-37.857	-154.68	-3.1736
140.1	-4.5562	20.186	-14.009	-10.695	19.642	37.782	-7.5959	15.158	15.66	-85.404	51.6	-53.969	-133.3	31.531	-36.542	-155.62	-3.0981
140.1	-4.547	20.186	-11.246	-11.788	20.252	41.342	-9.5419	15.934	17.786	-87.173	51.773	-52.425	-133.98	31.839	-35.462	-156.04	-2.9406
140.1	-4.5551	20.185	-8.3219	-12.943	20.925	44.966	-11.51	16.62	20.017	-88.901	51.977	-50.765	-134.68	32.162	-34.206	-156.75	-2.8903
140.11	-4.5529	20.188	-5.3535	-14.052	21.544	48.182	-13.72	16.81	22.373	-90.625	52.032	-48.992	-135.41	32.509	-32.736	-157.73	-2.6758
140.1	-4.5547	20.185	-2.2385	-15.276	22.236	52.186	-15.595	17.502	24.789	-92.346	52.101	-47.133	-136.14	32.892	-31.215	-158.42	-2.5072
140.11	-4.5387	20.182	0.95318	-16.392	22.786	55.807	-17.655	17.807	27.304	-94.058	52.253	-45.236	-136.82	33.35	-29.962	-158.78	-2.2223
140.11	-4.5399	20.181	4.211	-17.545	23.273	59.446	-19.711	17.974	29.888	-95.729	52.203	-43.308	-137.48	33.796	-28.442	-159.42	-1.8946
140.11	-4.5456	20.183	7.5587	-18.687	23.679	63.086	-21.721	18.073	32.461	-97.398	52.28	-41.329	-138.1	34.249	-26.908	-160.07	-1.7088
140.12	-4.5328	20.194	10.931	-19.838	23.982	66.768	-23.783	18.06	35.099	-98.953	52.246	-39.322	-138.66	34.679	-25.152	-160.89	-1.2812
140.13	-4.5363	20.182	14.304	-21.006	24.138	69.99	-26.027	17.568	37.721	-100.4	52.213	-37.318	-139.17	35.104	-23.415	-161.47	-0.91656
140.12	-4.538	20.193	17.697	-22.137	24.204	74.159	-27.718	17.825	40.292	-101.77	52.207	-35.262	-139.64	35.605	-21.629	-161.99	-0.48394
140.12	-4.5302	20.195	21.002	-23.178	24.042	77.313	-29.821	17.184	42.902	-103.05	52.242	-33.155	-140.06	35.989	-20.145	-162.3	-0.062224
140.12	-4.5271	20.184	24.291	-24.21	23.803	80.99	-31.614	16.929	45.43	-104.17	52.181	-31.051	-140.44	36.403	-18.32	-162.79	0.3823
140.13	-4.5341	20.186	27.459	-25.091	23.33	85.114	-33.066	17.072	47.986	-105.21	52.181	-28.91	-140.79	36.721	-16.382	-163.26	0.75193
140.13	-4.536	20.197	30.643	-26.038	22.954	88.662	-34.662	16.69	50.494	-106.12	52.12	-26.75	-141.05	37.036	-14.556	-163.83	1.0981
140.12	-4.5391	20.192	33.732	-26.84	22.307	91.65	-36.356	15.78	52.98	-106.93	52.019	-24.573	-141.31	37.315	-12.51	-164.21	1.3984
140.12	-4.5422	20.189	36.77	-27.602	21.651	95.177	-37.71	15.363	55.456	-107.6	51.828	-22.365	-141.52	37.57	-10.575	-164.7	1.7395
140.12	-4.5402	20.192	39.704	-28.197	20.894	98.588	-38.959	14.829	57.962	-108.18	51.607	-20.16	-141.71	37.733	-8.5685	-165.09	1.9399
140.12	-4.5435	20.188	42.532	-28.786	20.136	102.48	-39.87	14.608	60.441	-108.72	51.385	-17.911	-141.86	37.883	-6.4752	-165.4	2.1931
140.11	-4.5513	20.188	45.306	-29.278	19.308	105.25	-41.164	13.429	62.97	-109.18	51.021	-15.605	-141.95	38.022	-4.2644	-165.83	2.4575
140.11	-4.5477	20.18	47.998	-29.713	18.587	109.04	-41.88	13.127	65.497	-109.49	50.657	-13.298	-142	38.123	-2.1044	-166.07	2.7201
140.11	-4.5506	20.19	50.533	-30.022	17.856	112.23	-42.718	12.181	68.071	-109.76	50.261	-10.97	-141.98	38.233	-0.015474	-166.3	2.9582
140.1	-4.5435	20.19	52.977	-30.257	17.12	114.81	-43.656	10.761	70.634	-109.89	49.796	-8.6491	-141.95	38.326	2.1891	-166.53	3.1506
140.1	-4.5458	20.188	55.331	-30.365	16.357	117.8	-44.339	9.6286	73.201	-109.97	49.339	-6.3196	-141.89	38.434	4.3197	-166.69	3.3891
140.1	-4.5452	20.19	57.58	-30.393	15.533	120.73	-44.827	8.5288	75.758	-109.92	48.792	-3.988	-141.76	38.56	6.502	-166.77	3.6919
140.1	-4.5446	20.187	59.715	-30.391	14.798	123.56	-45.165	7.4278	78.278	-109.76	48.315	-1.6746	-141.6	38.675	8.5583	-166.64	3.9377
140.1	-4.5446	20.187	61.78	-30.284	14.059	126.69	-45.184	6.7904	80.76	-109.53	47.842	0.61294	-141.4	38.716	10.575	-166.53	4.0693
140.11	-4.5385	20.197	63.82	-30.097	13.327	128.76	-45.49	5.2547	83.217	-109.22	47.4	2.9056	-141.15	38.79	12.911	-166.7	4.3974
140.11	-4.5342	20.187	65.749	-29.9	12.583	131.66	-45.212	4.6649	85.617	-108.78	46.989	5.2002	-140.83	38.839	15.026	-166.52	4.6096
140.11	-4.5333	20.189	67.653	-29.579	11.811	133.49	-45.235	3.1838	87.966	-108.32	46.536	7.4072	-140.55	38.842	17.085	-166.42	4.7112
140.12	-4.531	20.194	69.513	-29.232	10.983	135.58	-45.002	2.2157	90.276	-107.81	46.176	9.6285	-140.18	38.849	19.23	-166.21	4.8406
140.12	-4.5285	20.184	71.362	-28.894	10.283	138.12	-44.393	1.7451	92.495	-107.21	45.82	11.761	-139.78	38.794	21.309	-165.96	4.9516
140.13	-4.535	20.183	73.167	-28.511	9.6117	140.09	-44.025	0.93179	94.648	-106.58	45.507	13.883	-139.33	38.8	23.284	-165.64	4.9592
140.13	-4.5305	20.188	74.95	-28.114	8.9211	141.55	-43.713	-0.22717	96.709	-105.93	45.281	15.902	-138.8	38.784	25.346	-165.33	5.0913
140.14	-4.529	20.194	76.721	-27.628	8.3065	143.31	-43.168	-0.84197	98.658	-105.26	45.221	17.811	-138.26	38.789	27.221	-164.95	5.1959
140.13	-4.5332	20.188	78.452	-27.114	7.757	145.42	-42.415	-0.87166	100.51	-104.5	45.163	19.643	-137.62	38.794	29.087	-164.45	5.3839
140.14	-4.5386	20.188	80.089	-26.543	7.2585	147.03	-41.748	-1.0615	102.24	-103.75	45.147	21.386	-136.98	38.82	30.86	-163.98	5.4855
140.14	-4.527	20.18	81.665	-25.887	6.8077	148.65	-40.903	-1.1932	103.91	-102.9	45.227	23.089	-136.28	38.915	32.671	-163.41	5.6588
140.13	-4.5323	20.189	83.189	-25.207	6.5571	150.15	-40.061	-1.2061	105.5	-101.99	45.406	24.692	-135.56	38.949	34.416	-162.82	5.8666
140.13	-4.5362	20.181	84.613	-24.481	6.2143	151.63	-39.127	-1.1155	107.01	-101.02	45.525	26.285	-134.79	39.053	36.004	-162.1	6.0963
140.13	-4.5362	20.181	85.951	-23.663	5.9425	140.12	-4.54	20.189	108.51	-100.04	45.774	27.84	-133.97	39.173	37.629	-161.42	6.4039
140.13	-4.5362	20.181	87.282	-22.857	5.8219	140.11	-4.5355	20.188	109.93	-99.007	45.984	29.321	-133.18	39.291	39.32	-160.8	6.6118
155.78	-36.041	-0.97231	88.56	-21.934	5.6197	140.11	-4.5388	20.183	111.39	-97.903	46.254	30.836	-132.3	39.486	40.874	-159.91	6.89
155.78	-36.041	-0.97231	89.832	-21.003	5.5648	140.09	-4.5404	20.186	112.77	-96.803	46.486	32.29	-131.4	39.65	42.539	-159.23	7.2577
155.78	-36.041	-0.97231	91.032	-20.052	5.3528	140.08	-4.5438	20.195	114.19	-95.612	46.731	33.77	-130.48	39.865	44.002	-158.28	7.4858
155.78	-36.041	-0.97231	92.296	-19.06	5.3321	140.08	-4.5423	20.183	115.61	-94.449	46.965	35.235	-129.52	39.989	45.615	-157.54	7.8097
155.78	-36.041	-0.97231	93.526	-18.044	5.1702	140.07	-4.5404	20.189	117.02	-93.294	47.198	36.691	-128.53	40.137	47.07	-156.39	8.0006
162.33	-30.372	-0.63619	94.816	-17.03	5.1625	140.07	-4.5407	20.19	118.45	-92.083	47.424	38.116	-127.52	40.274	48.655	-155.62	8.3704
162.33	-30.372	-0.63619	96.117	-15.984	5.0326	140.06	-4.5315	20.191	119.85	-90.924	47.586	39.592	-126.49	40.445	50.259	-154.73	8.6266
162.33	-30.372	-0.63619	97.428	-14.963	4.9962	140.06	-4.5326	20.189	121.3	-89.719	47.788	41.057	-125.45	40.528	51.727	-153.7	8.8155
162.33	-30.372	-0.63619	98.788	-13.913	4.8684	140.08	-4.529	20.19	122.73	-88.547	47.92	42.538	-124.39	40.606	53.271	-152.65	9.029
162.33	-30.372	-0.63619	100.17	-12.849	4.6814	140.08	-4.5326	20.184	124.18	-87.407	48.035	44.007	-123.34	40.707	54.861	-151.73	9.0945
162.33	-30.372	-0.63619	101.57	-11.779	4.4939	140.09	-4.5259	20.196	125.63	-86.23	48.124	45.491	-122.28	40.706	56.373	-150.71	9.2796
162.33	-30.372	-0.63619	102.98	-10.785	4.29	140.09	-4.5264	20.18	127.09	-85.103	48.211	46.958	-121.22	40.731	57.806	-149.61	9.3427
162.33	-30.372	-0.63619	104.42	-9.8085	4.0388	140.1	-4.5299	20.185	128.57	-83.993	48.19	48.431	-120.12	40.71	59.298	-148.61	9.3555
162.33	-30.372	-0.63619	105.81	-8.8413	3.6851	140.1	-4.5317	20.182	129.99	-82.944	48.21	49.882	-119.1	40.692	60.816	-147.71	9.411
162.33	-30.372	-0.63619	107.2	-7.9258	3.3668	140.11	-4.5354	20.186	131.44	-81.834	48.132	51.271	-118.08	40.622	62.298	-146.68	9.3968
162.33	-30.372	-0.63619	108.6	-6.9555	2.9214	140.12	-4.5431	20.185	132.87	-80.739	48.04	52.673	-117.05	40.573	63.656	-145.69	9.3668
162.33	-30.372	-0.63619	109.96	-6.0288	2.4627	140.12	-4.5388	20.192	134.22	-79.62	47.97	54.017	-116.06	40.527	65.016	-144.73	9.3643
162.33	-30.372	-0.63619	111.3	-5.1211	1.9947	140.13	-4.5376	20.182	135.57	-78.459	47.843	55.338	-115.1	40.424	66.45	-143.87	9.3824
162.33	-30.372	-0.63619	112.55	-4.2435	1.4767	140.12	-4.539	20.193	136.91	-77.279	47.712	56.635	-114.17	40.364	67.822	-143.02	9.2954
162.33	-30.372	-0.63619	113.76	-3.3643	0.93946	140.11	-4.5456	20.183	138.17	-76.075	47.569	57.878	-113.24	40.25	69.022	-142.08	9.2339
162.33	-30.372	-0.63619	114.97	-2.465	0.31001	140.11	-4.5356	20.189	139.39	-74.817	47.491	59.133	-112.37	40.171	70.34	-141.24	9.2452
172	-10.289	-7.7968	116.16	-1.6517	-0.35885	140.11	-4.5513	20.188	140.6	-73.528	47.318	60.333	-111.53	40.09	71.681	-140.52	9.1821
170.29	-8.6715	-9.0719	117.37	-0.91075	-1.036	140.1	-4.5435	20.19	141.78	-72.189	47.142	61.53	-110.71	40.075	72.898	-139.67	9.1921
170.29	-8.6715	-9.0719	118.61	-0.20489	-1.8544	140.1	-4.5434	20.189	142.94	-70.86	47.058	62.697	-109.91	40.008	74.089	-138.87	9.2297
170.29	-8.6715	-9.0719	119.79	0.33028	-2.6982	139.97	-4.5846	20.176	144.07	-69.523	46.937	63.875	-109.12	39.983	75.394	-138.21	9.327
170.29	-8.6715	-9.0719	121.1	0.94005	-3.5074	139.96	-4.5904	20.166	145.2	-68.211	46.824	65.033	-108.4	39.963	76.615	-137.5	9.3537
170.29	-8.6715	-9.0719	122.32	1.463	-4.4682	139.99	-4.5692	20.181	146.06	-67.249	46.462	66.181	-107.65	39.963	77.776	-136.69	9.406
170.29	-8.6715	-9.0719	122.66	1.6569	-5.6518	140.9	-4.0335	20.14	147.17	-66.045	46.45	67.307	-106.93	39.969	79.075	-136.13	9.5111
170.29	-8.6715	-9.0719	124	2.3622	-5.7819	142.37	-3.215	20.177	148.24	-64.954	46.545	68.491	-106.25	40.05	80.31	-135.41	9.598
170.29	-8.6715	-9.0719	125.27	3.069	-5.8188	143.87	-2.6928	20.217	149.42	-63.949	46.705	69.693	-105.63	40.121	81.635	-134.83	9.8058
170.29	-8.6715	-9.0719	126.29	3.8067	-5.6745	145.39	-1.879	20.281	150.58	-63.145	46.96	70.925	-105.02	40.228	82.92	-134.19	9.8776
170.29	-8.6715	-9.0719	127.6	4.4385	-5.7409	146.66	-1.1175	20.232	151.81	-62.452	47.266	72.243	-104.47	40.451	84.354	-133.72	10.09
170.29	-8.6715	-9.0719	129.14	4.9109	-5.6895	147.79	-0.53442	20.236	153.18	-61.706	47.59	73.575	-103.92	40.654	85.582	-132.89	10.275
170.29	-8.6715	-9.0719	130.73	5.29	-5.6343	149.06	-0.12934	20.245	154.66	-61.075	47.988	75.007	-103.34	40.889	87.148	-132.55	10.55
170.29	-8.6715	-9.0719	132.44	5.7053	-5.7536	150.51	0.20668	20.251	156.12	-60.513	48.381	76.485	-102.76	41.135	88.724	-132.09	10.819
170.29	-8.6715	-9.0719	134.26	6.0826	-5.4834	152.19	0.58699	20.463	157.72	-60.011	48.821	78.04	-102.22	41.377	90.316	-131.6	11.088
170.29	-8.6715	-9.0719	136.14	6.4895	-5.068	154.01	0.97085	20.843	159.43	-59.612	49.284	79.74	-101.71	41.669	91.986	-131.16	11.352
170.29	-8.6715	-9.0719	138.12	7.0077	-4.7083	156.06	1.3802	21.419	161.3	-59.276	49.806	81.501	-101.28	41.938	93.782	-130.71	11.65
170.29	-8.6715	-9.0719	140.21	7.373	-3.9031	158.25	1.7416	22.125	163.2	-59.002	50.314	83.391	-100.92	42.253	95.554	-130.27	11.926
170.29	-8.6715	-9.0719	142.41	7.6932	-3.11	160.53	2.0597	22.816	165.27	-58.785	50.913	85.35	-100.55	42.576	97.419	-129.82	12.282
170.29	-8.6715	-9.0719	144.71	8.0722	-2.4525	162.86	2.2676	23.506	167.32	-58.682	51.468	87.375	-100.22	42.961	99.476	-129.59	12.592
170.29	-8.6715	-9.0719	147.1	8.4095	-1.7926	165.25	2.4166	24.233	169.52	-58.543	52.06	89.498	-99.893	43.335	101.42	-129.17	12.887
170.29	-8.6715	-9.0719	149.61	8.6577	-1.0063	167.75	2.5638	24.999	171.78	-58.408	52.692	91.652	-99.579	43.771	103.57	-128.92	13.331
170.29	-8.6715	-9.0719	152.18	8.8781	-0.18568	170.32	2.6998	25.787	174.1	-58.345	53.318	93.843	-99.266	44.177	105.61	-128.5	13.67
193.79	6.4735	-5.633	154.86	9.0947	0.66073	172.99	2.802	26.58	176.46	-58.283	53.994	96.105	-98.927	44.65	107.82	-128.3	14.105
196.33	6.8031	-4.1107	157.61	9.3465	1.402	175.77	2.8776	27.452	178.85	-58.213	54.685	98.382	-98.571	45.103	109.97	-127.87	14.552
198.5	6.5505	-3.892	160.47	9.3951	2.3903	178.61	2.8999	28.269	181.27	-58.162	55.386	100.7	-98.23	45.57	112.22	-127.5	14.997
202.09	6.9443	-2.336	163.4	9.569	3.0628	181.53	2.9108	29.073	183.76	-58.157	56.138	103.05	-97.882	46.029	114.59	-127.34	15.493
205.12	6.969	-1.5222	166.4	9.7017	3.9826	184.5	2.8655	29.849	186.31	-58.139	56.894	105.46	-97.499	46.485	116.83	-126.91	15.992
208.2	6.9593	-0.65698	169.5	9.7959	4.6052	187.53	2.8703	30.621	188.88	-58.099	57.667	107.9	-97.103	46.923	119.22	-126.6	16.46
211.36	6.9151	0.19621	172.66	9.7901	5.4446	190.68	2.8721	31.486	191.47	-58.131	58.401	110.35	-96.707	47.368	121.63	-126.22	16.931
214.59	6.8529	0.92455	175.88	9.7926	6.2754	193.85	2.8739	32.23	194.14	-58.065	59.166	112.84	-96.316	47.809	124.05	-125.94	17.425
217.88	6.75	1.7111	179.14	9.8254	6.9623	197.05	2.7668	32.894	196.83	-58.095	59.817	115.37	-95.86	48.23	126.5	-125.65	17.967
221.23	6.5942	2.3323	182.45	9.7962	7.4337	200.27	2.7005	33.466	199.49	-58.073	60.468	117.91	-95.427	48.657	128.98	-125.34	18.474
224.56	6.4614	2.9235	185.77	9.6937	7.9751	203.53	2.626	34.101	202.26	-58.033	61.087	120.47	-94.96	49.038	131.5	-125.06	18.973
227.87	6.304	3.5409	189.1	9.6234	8.3807	206.73	2.5139	34.538	204.98	-58.002	61.678	123.06	-94.532	49.43	134.03	-124.76	19.384
231.24	6.1769	4.1093	192.41	9.5607	8.7416	209.95	2.4789	34.987	207.76	-57.938	62.241	125.68	-94.076	49.805	136.64	-124.64	19.912
234.53	6.029	4.5652	195.69	9.553	8.8747	213.1	2.3589	35.316	210.56	-57.953	62.655	128.31	-93.649	50.18	139.14	-124.33	20.401
237.76	5.8827	4.9404	198.93	9.5041	9.2008	216.29	2.2805	35.694	213.39	-57.907	63.138	130.95	-93.228	50.498	141.56	-123.84	20.726
240.46	5.4584	4.6376	202.16	9.4562	9.5029	219.49	2.1977	36.042	216.19	-57.904	63.436	133.58	-92.851	50.808	144.03	-123.54	21.101
244.21	5.6585	5.5557	205.34	9.3944	9.7902	222.62	2.076	36.271	218.95	-57.945	63.667	136.22	-92.459	51.077	146.47	-123.2	21.396
247.42	5.5416	5.8552	208.5	9.3435	10.059	225.8	1.9876	36.559	221.77	-57.983	63.945	138.82	-92.09	51.294	148.86	-122.94	21.635
250.68	5.4813	6.2632	211.65	9.2771	10.279	228.98	1.8855	36.812	224.52	-58.037	64.124	141.43	-91.72	51.507	151.3	-122.6	21.791
253.29	5.0463	5.849	214.77	9.2149	10.492	232.08	1.7404	36.968	227.21	-58.061	64.296	143.97	-91.338	51.623	153.66	-122.24	21.94
256.93	5.1657	6.5759	217.86	9.1287	10.603	235.11	1.5776	37.056	229.91	-58.074	64.47	146.48	-90.935	51.73	155.94	-121.94	22.04
259.98	4.959	6.6632	220.92	9.0069	10.65	238.12	1.447	37.132	232.52	-58.109	64.559	148.94	-90.537	51.742	158.27	-121.68	22.111
263.04	4.7343	6.7199	223.97	8.9439	10.464	241.06	1.3084	37.149	235.03	-58.112	64.641	151.34	-90.12	51.742	160.74	-121.68	22.323
266.1	4.5135	6.7105	226.96	8.7652	10.542	243.97	1.1653	37.128	237.51	-58.115	64.686	153.72	-89.697	51.692	162.82	-121.17	22.269
269.13	4.27	6.7178	229.96	8.5784	10.285	246.78	0.99398	36.999	239.91	-58.109	64.716	156.01	-89.292	51.582	164.99	-120.83	22.272
272.07	3.9505	6.712	232.89	8.3792	10.085	249.58	0.83015	36.865	242.21	-58.109	64.641	158.27	-88.852	51.433	167.09	-120.58	22.155
275.01	3.648	6.6663	235.8	8.1376	9.5707	252.35	0.68104	36.627	244.52	-58.065	64.614	160.47	-88.429	51.235	169.18	-120.41	22.042
277.42	3.0492	5.9637	238.61	7.8972	9.2698	255.02	0.52793	36.333	246.75	-58.038	64.52	162.61	-87.981	51.004	171.42	-120.42	22.094
280.66	2.9551	6.2469	241.39	7.6198	8.7728	257.6	0.31011	35.991	248.94	-58.051	64.339	164.69	-87.552	50.735	173.24	-119.85	21.934
283.35	2.6126	5.9158	244.04	7.3308	8.3479	260.1	0.098942	35.572	251.11	-58.07	64.102	166.74	-87.147	50.456	175.19	-119.59	21.795
285.92	2.2937	5.5111	246.63	7.0756	7.8762	262.56	-0.11956	35.157	253.23	-58.086	63.818	168.75	-86.739	50.154	177.02	-119.34	21.646
288.34	2.0135	5.1539	249.08	6.884	7.3336	264.95	-0.32355	34.592	255.31	-58.13	63.468	170.69	-86.394	49.882	178.82	-119.08	21.385
290.69	1.7607	4.6535	251.4	6.6945	6.9704	267.25	-0.50445	34.144	257.33	-58.205	63.003	172.6	-86.075	49.571	180.55	-118.85	21.146
292.88	1.5054	4.1066	253.61	6.5939	6.2237	269.5	-0.70501	33.62	259.38	-58.242	62.581	174.46	-85.771	49.254	182.13	-118.7	20.838
295	1.3592	3.5627	255.7	6.3777	5.8112	271.61	-0.83045	33.103	261.35	-58.298	62.074	176.28	-85.522	48.964	183.97	-118.8	20.668
296.97	1.178	2.892	257.65	6.2925	5.4475	273.65	-0.978	32.532	263.23	-58.358	61.506	178.01	-85.277	48.652	185.52	-118.57	20.374
298.39	0.80579	1.6844	259.51	6.2157	4.887	275.6	-1.1064	31.929	265.03	-58.395	60.905	179.7	-85.044	48.283	186.72	-118.03	19.855
300.62	0.95339	1.5303	261.31	6.0866	4.1658	277.44	-1.2142	31.296	266.73	-58.413	60.3	181.31	-84.826	47.903	188.09	-117.82	19.511
302.29	0.81425	0.75697	262.97	6.1289	3.4547	279.21	-1.2658	30.641	268.38	-58.391	59.681	182.82	-84.595	47.513	189.6	-118.04	19.211
303.91	0.70845	-0.02332	264.56	6.0022	3.0035	280.84	-1.3764	29.875	269.88	-58.366	58.988	184.23	-84.336	47.045	190.64	-117.42	18.68
305.44	0.61449	-0.79132	266.09	5.8605	2.1663	282.42	-1.3611	29.148	271.35	-58.269	58.4	185.55	-84.06	46.616	191.76	-117.29	18.267
306.84	0.50505	-1.5983	267.46	5.8186	1.466	283.85	-1.3981	28.331	272.66	-58.18	57.671	186.81	-83.757	46.135	192.88	-117.05	17.779
308.16	0.41631	-2.4719	268.77	5.9069	0.30478	285.15	-1.3858	27.426	273.88	-58.028	56.982	187.95	-83.452	45.642	194.14	-117.27	17.451
309.35	0.37168	-3.3542	269.95	5.6951	-0.27369	286.39	-1.3017	26.576	275.01	-57.844	56.273	189	-83.148	45.088	194.88	-116.64	16.885
310.43	0.36101	-4.3408	271.01	5.6645	-1.2801	287.44	-1.2313	25.607	276.09	-57.615	55.558	189.96	-82.867	44.534	195.81	-116.44	16.511
311.36	0.35677	-5.3533	271.94	5.6627	-2.346	288.35	-1.1538	24.502	277.06	-57.345	54.771	190.89	-82.547	43.981	196.55	-116.23	16.061
312.21	0.42148	-6.4775	272.77	5.6808	-3.5473	289.2	-0.96776	23.477	277.92	-57.045	53.911	191.74	-82.229	43.444	197.51	-116.53	15.669
312.75	0.3488	-7.9561	273.4	5.7464	-4.6083	289.95	-0.75779	22.38	278.78	-56.668	53.056	192.48	-81.952	42.788	198.04	-115.92	15.09
313.53	0.77129	-8.8476	273.84	5.8982	-5.7788	290.93	-0.45363	21.568	279.5	-56.282	52.12	193.18	-81.653	42.227	198.53	-115.76	14.603
314.15	0.96959	-9.8222	274.27	6.1968	-6.0355	291.69	-0.091497	21.571	280.2	-55.954	51.262	193.79	-81.368	41.623	199.21	-115.58	14.232
314.53	1.0972	-10.83	274.56	6.6411	-6.4421	292.07	0.43474	21.611	280.85	-55.859	50.437	194.31	-81.092	41.018	199.6	-115.4	13.646
315.15	1.6452	-10.974	274.82	6.8711	-6.59	292.43	0.79277	21.61	281.34	-55.798	49.772	194.74	-80.896	40.457	199.94	-115.27	13.053
315.28	1.9249	-11.526	274.85	7.0711	-6.6375	292.8	0.92569	21.666	281.81	-55.751	49.196	195.14	-80.824	40.002	200.51	-115.56	12.664
315	1.9161	-12.485	274.66	7.5327	-6.8959	292.91	1.1854	21.656	282.17	-55.738	48.654	195.5	-80.83	39.602	200.46	-115.02	11.965
315.18	2.3983	-12.558	274.49	7.7772	-6.8842	292.77	1.4374	21.689	282.46	-55.67	48.193	195.81	-80.763	39.259	200.71	-114.86	11.624
315.27	2.6092	-12.872	274.41	7.9597	-6.8949	292.58	1.6325	21.66	282.61	-55.576	47.777	195.97	-80.633	39	200.73	-114.77	11.361
315.6	2.8029	-13.038	274.49	8.085	-7.0879	292.55	1.9334	21.69	282.65	-55.449	47.488	195.98	-80.523	38.79	200.72	-114.62	11.049
315.79	2.8683	-13.172	274.62	8.1181	-7.2534	292.66	2.0206	21.724	282.59	-55.269	47.304	195.88	-80.387	38.546	200.68	-114.5	10.901
315.85	2.8384	-13.256	274.63	8.171	-7.3474	292.68	2.0664	21.726	282.41	-55.143	47.22	195.73	-80.2	38.359	200.58	-114.37	10.793
315.85	2.8435	-13.25	274.62	8.2713	-7.5097	292.69	2.0897	21.732	282.2	-55.008	47.301	195.52	-79.982	38.189	200.32	-114.25	10.643
315.86	2.8592	-13.158	274.6	8.2692	-7.5402	292.7	2.0955	21.728	281.96	-54.934	47.334	195.27	-79.791	38.044	200.1	-114.25	10.596
315.85	2.8267	-13.08	274.58	8.2613	-7.5636	292.69	2.0884	21.729	281.65	-54.866	47.404	195.02	-79.679	37.938	199.98	-114.17	10.54
315.85	2.7958	-12.996	274.54	8.2263	-7.6022	292.68	2.0936	21.727	281.38	-54.792	47.477	194.8	-79.615	37.835	199.82	-114.08	10.527
315.86	2.7194	-12.957	274.47	8.1818	-7.67	292.67	2.0878	21.733	281.16	-54.74	47.554	194.58	-79.546	37.699	199.53	-114.06	10.454
315.89	2.6197	-12.878	274.37	8.1046	-7.7774	292.66	2.0888	21.737	280.86	-54.751	47.494	194.35	-79.467	37.601	199.24	-114.06	10.396
315.93	2.4881	-12.839	274.3	7.905	-7.8335	292.65	2.0827	21.73	280.6	-54.756	47.497	194.12	-79.382	37.507	199.06	-114.04	10.46
315.89	2.3951	-12.831	274.32	7.5758	-8.5527	292.57	2.1697	21.726	280.36	-54.762	47.523	193.84	-79.315	37.396	198.82	-114.04	10.369
315.83	2.2896	-12.921	274.06	7.3132	-9.295	292.45	2.2725	21.711	280.04	-54.749	47.44	193.6	-79.306	37.278	198.53	-114.12	10.264
315.83	2.1319	-13.106	273.79	7.1178	-9.679	292.37	2.3637	21.683	279.73	-54.711	47.27	193.36	-79.272	37.122	198.28	-114.13	10.3
315.96	1.8465	-13.202	273.34	6.8754	-10.138	292.43	2.5306	21.746	279.43	-54.682	47.13	193.1	-79.194	36.909	198.05	-114.2	10.338
315.85	2.0426	-11.663	272.87	6.8541	-10.339	292.27	2.5472	21.756	279.06	-54.599	46.842	192.8	-79.156	36.684	197.72	-114.36	10.223
316.04	1.5763	-12.348	272.23	6.7964	-10.651	292.07	2.5687	21.749	278.72	-54.392	46.473	192.44	-79.277	36.526	197.46	-114.5	10.142
316.52	1.0681	-13.178	271.44	6.8693	-11.26	291.98	2.5465	21.742	278.42	-54.257	46.089	192.13	-79.378	36.387	197.22	-114.62	10.081
316.52	1.0681	-13.178	270.59	6.8114	-11.514	291.87	2.5232	21.736	278.04	-54.204	45.695	191.81	-79.413	36.156	196.77	-114.8	9.9251
316.52	1.0681	-13.178	269.76	6.7604	-11.737	291.81	2.5105	21.754	277.64	-54.228	45.46	191.42	-79.392	35.921	196.36	-114.86	9.9629
316.52	1.0681	-13.178	268.96	6.7478	-11.855	291.78	2.4971	21.739	277.11	-54.348	45.214	190.94	-79.439	35.723	195.91	-115.07	9.831
316.52	1.0681	-13.178	268.22	6.7997	-12.004	291.75	2.5018	21.743	276.65	-54.481	45.119	190.38	-79.549	35.599	195.51	-115.24	9.7612
317.97	0.39865	-11.836	267.46	6.627	-11.821	291.75	2.4953	21.742	276.1	-54.716	45.104	189.79	-79.733	35.568	194.95	-115.45	9.7653
319.03	-1.4412	-12.751	266.7	6.514	-11.734	291.79	2.4976	21.74	275.5	-55.038	45.175	189.22	-79.837	35.574	194.45	-115.6	9.8946
320.81	-1.9683	-11.137	265.88	6.4225	-11.447	291.84	2.4952	21.749	274.86	-55.36	45.43	188.61	-80.025	35.673	193.81	-115.93	9.9375
321.08	-2.1891	-8.9742	265.04	6.2778	-10.946	291.86	2.5032	21.747	274.17	-55.826	45.619	187.98	-80.315	35.863	193.26	-116.17	10.195
321.8	-3.1901	-7.6529	264.15	6.1728	-10.444	291.88	2.5021	21.754	273.56	-56.25	45.954	187.33	-80.709	36.144	192.54	-116.51	10.303
322.39	-4.0486	-6.0203	263.15	5.9994	-9.8879	291.85	2.5011	21.759	272.85	-56.816	46.178	186.64	-81.144	36.456	191.9	-116.9	10.613
323	-4.9981	-5.1937	262.11	5.8103	-9.2024	291.82	2.4898	21.747	272.17	-57.4	46.629	185.93	-81.633	36.841	191.2	-117.33	10.878
323.36	-6.0441	-3.8694	261.1	5.4875	-8.422	292.33	2.8129	22.362	271.39	-58.074	46.991	185.17	-82.155	37.269	190.35	-117.75	11.185
323.62	-6.9593	-2.3933	260.04	5.1799	-7.5647	292.32	2.8171	22.358	270.62	-58.765	47.442	184.35	-82.734	37.804	189.79	-118.58	11.71
323.48	-8.0963	-1.3925	258.94	4.9272	-6.81	292.33	2.821	22.363	269.77	-59.485	47.869	183.47	-83.352	38.308	188.67	-118.6	11.875
323.51	-9.0913	-0.043317	257.78	4.5531	-5.7748	292.35	2.8142	22.362	268.79	-60.304	48.381	182.54	-84.008	38.861	187.67	-119.06	12.198
323.43	-10.034	1.3853	256.63	4.1381	-4.8735	292.37	2.8173	22.349	267.78	-61.051	48.994	181.5	-84.675	39.435	186.64	-119.61	12.62
322.96	-11.195	2.4694	255.44	3.7257	-4.0348	292.37	2.8228	22.372	266.69	-61.807	49.596	180.38	-85.337	40.036	185.52	-120.06	12.98
322.39	-12.291	3.6218	254.18	3.2978	-3.1975	291.81	2.4828	21.748	265.51	-62.578	50.238	179.16	-85.972	40.662	184.38	-120.6	13.466
321.7	-13.322	4.8891	252.85	2.7944	-2.0154	291.79	2.4856	21.747	264.19	-63.38	50.93	177.86	-86.635	41.3	183.07	-121.08	13.956
320.92	-14.3	6.3013	251.53	2.2501	-0.9644	291.78	2.4927	21.748	262.75	-64.217	51.731	176.44	-87.293	41.967	181.64	-121.63	14.358
320.06	-15.221	7.7687	250.15	1.7813	-0.018196	291.79	2.4908	21.739	261.23	-65.072	52.455	174.95	-87.952	42.62	180.23	-122.13	14.843
318.72	-16.311	8.8429	248.75	1.1704	1.1308	291.8	2.4886	21.747	259.65	-65.91	53.309	173.35	-88.63	43.307	178.75	-122.61	15.419
317.43	-17.26	10.066	247.24	0.66504	2.1108	291.83	2.4943	21.752	257.96	-66.79	54.201	171.65	-89.312	43.96	177.09	-123.2	15.866
315.93	-18.185	11.226	245.69	0.076524	3.3362	291.83	2.4967	21.743	256.17	-67.668	55.053	169.85	-90.027	44.704	175.3	-123.69	16.346
314.24	-19.057	12.273	244.06	-0.49015	4.5537	291.81	2.4928	21.754	254.28	-68.552	55.881	167.96	-90.733	45.372	173.79	-124.53	17.023
312.49	-19.705	13.467	242.32	-1.0222	5.7476	291.8	2.499	21.753	252.35	-69.408	56.721	165.97	-91.465	46.084	171.69	-124.61	17.376
310.39	-20.272	14.68	240.48	-1.5072	6.9825	291.81	2.4946	21.743	250.31	-70.249	57.492	163.9	-92.175	46.734	169.73	-125.1	17.852
308.25	-20.935	15.293	238.54	-1.9363	8.131	291.82	2.4918	21.748	248.16	-71.069	58.183	161.76	-92.895	47.447	167.68	-125.6	18.285
305.81	-21.498	15.977	236.51	-2.4042	9.3346	291.83	2.5002	21.749	245.93	-71.83	58.855	159.51	-93.631	48.087	165.46	-126.09	18.614
303.17	-21.862	16.74	234.32	-2.8104	10.61	291.82	2.4872	21.756	243.58	-72.595	59.457	157.17	-94.342	48.703	163.26	-126.58	18.953
300.47	-22.161	17.247	232.06	-3.1427	11.733	291.81	2.485	21.75	241.15	-73.266	60.089	154.75	-95.073	49.296	160.98	-126.96	19.481
297.59	-22.263	17.984	229.73	-3.4967	12.841	291.82	2.4876	21.742	238.6	-73.897	60.626	152.23	-95.764	49.856	158.58	-127.55	19.855
294.56	-22.328	18.304	227.21	-3.7745	13.821	291.82	2.4802	21.743	235.99	-74.46	61.112	149.63	-96.454	50.409	156.06	-127.87	20.175
291.42	-22.158	18.912	224.6	-3.9065	14.604	291.82	2.4779	21.752	233.29	-74.963	61.509	146.92	-97.116	50.925	153.58	-128.23	20.509
288.03	-21.968	19.178	221.86	-4.1526	15.679	291.81	2.4815	21.75	230.44	-75.428	61.885	144.12	-97.782	51.432	150.89	-128.57	20.704
284.42	-21.664	19.351	219.3	-3.8096	17.045	291.81	2.479	21.744	227.69	-75.588	62.6	141.24	-98.449	51.882	148.15	-128.89	20.953
280.56	-21.246	19.668	216.32	-3.8581	18.028	291.81	2.4806	21.747	224.67	-75.9	62.868	138.29	-99.113	52.327	145.37	-129.28	21.168
276.67	-20.73	19.774	213.16	-3.9701	18.87	291.81	2.484	21.752	221.54	-76.151	63.149	135.28	-99.762	52.715	142.54	-129.7	21.371
272.5	-20.167	19.763	209.93	-3.9324	19.624	291.81	2.4786	21.744	218.3	-76.342	63.48	132.17	-100.39	53.063	139.51	-130.01	21.552
268.15	-19.431	20.098	206.53	-3.8682	20.302	291.81	2.4851	21.752	214.96	-76.439	63.685	128.98	-101	53.393	136.55	-130.35	21.719
263.7	-18.471	20.44	203.06	-3.781	20.869	291.82	2.4864	21.742	211.54	-76.502	63.874	125.72	-101.6	53.756	133.5	-130.72	22.012
259	-17.674	20.466	199.43	-3.778	21.554	291.82	2.49	21.747	208.03	-76.499	64.182	122.38	-102.19	54.043	130.34	-131.03	22.082
254.17	-16.611	20.617	195.71	-3.6444	21.929	291.81	2.4841	21.738	204.44	-76.413	64.364	118.96	-102.77	54.341	127.1	-131.35	22.222
249.08	-15.578	20.668	191.89	-3.476	22.4	291.81	2.491	21.753	200.79	-76.279	64.565	115.48	-103.35	54.605	123.82	-131.73	22.417
243.74	-14.487	20.586	187.93	-3.3779	22.921	291.82	2.4876	21.742	197.02	-76.172	64.803	111.93	-103.91	54.873	120.47	-131.98	22.488
238.27	-13.239	20.578	183.83	-3.2095	23.242	291.81	2.4971	21.745	193.25	-75.996	64.981	108.33	-104.46	55.105	117.08	-132.24	22.646
232.5	-11.993	20.507	179.63	-3.0236	23.479	291.82	2.4995	21.75	189.35	-75.75	65.071	104.64	-105	55.289	113.68	-132.71	22.767
226.48	-10.802	20.587	175.35	-2.8323	23.725	291.81	2.497	21.748	185.4	-75.464	65.276	100.93	-105.51	55.471	110.11	-132.84	22.769
226.48	-10.802	20.587	170.97	-2.5803	23.868	291.82	2.4993	21.749	181.42	-75.084	65.359	97.167	-106.01	55.689	106.57	-133.12	22.913
291.82	2.5018	21.754	166.52	-2.3119	23.99	NaN	NaN	NaN	177.36	-74.692	65.485	93.345	-106.51	55.855	103.08	-133.51	22.904
291.82	2.4923	21.748	161.99	-2.0085	23.994	212.85	-9.513	18.024	173.24	-74.195	65.577	89.533	-106.97	55.989	99.398	-133.69	22.99
291.82	2.4871	21.743	157.23	-1.7507	23.885	NaN	NaN	NaN	169.1	-73.654	65.648	85.701	-107.43	56.078	95.864	-134.05	23.017
291.82	2.4897	21.747	152.45	-1.4104	23.741	199.32	-6.3145	17.051	164.88	-73.026	65.7	81.822	-107.91	56.179	92.248	-134.29	22.992
291.82	2.4844	21.752	147.6	-1.0393	23.492	NaN	NaN	NaN	160.62	-72.362	65.735	77.97	-108.36	56.274	88.612	-134.55	23.126
291.82	2.4862	21.754	142.57	-0.7003	23.33	NaN	NaN	NaN	156.37	-71.597	65.649	74.098	-108.84	56.299	84.965	-134.83	23.09
291.82	2.486	21.754	137.46	-0.2857	23.092	NaN	NaN	NaN	151.9	-71.066	65.32	70.25	-109.3	56.428	81.378	-135.1	23.132
291.81	2.4822	21.749	132.26	0.099847	22.802	NaN	NaN	NaN	147.58	-70.272	65.206	66.424	-109.76	56.531	77.652	-135.36	23.175
291.81	2.4831	21.75	126.99	0.49273	22.499	NaN	NaN	NaN	143.32	-69.443	65.079	62.579	-110.26	56.568	73.98	-135.6	23.172
291.81	2.4793	21.747	121.7	0.88605	22.137	NaN	NaN	NaN	139.02	-68.641	64.903	58.775	-110.73	56.692	70.319	-135.82	23.134
291.81	2.4815	21.748	116.34	1.2629	21.85	NaN	NaN	NaN	134.73	-67.838	64.72	54.96	-111.28	56.699	66.647	-136.14	23.166
291.81	2.4894	21.752	110.99	1.6133	21.603	NaN	NaN	NaN	130.43	-67.076	64.527	51.174	-111.8	56.809	63.023	-136.41	23.185
291.8	2.4861	21.746	105.67	1.9498	21.461	NaN	NaN	NaN	126.09	-66.351	64.312	47.387	-112.3	56.828	59.384	-136.73	23.058
291.8	2.4894	21.751	100.41	2.2377	21.243	NaN	NaN	NaN	121.79	-65.715	64.19	43.601	-112.8	56.84	55.76	-137.01	22.913
291.81	2.4913	21.753	95.104	2.4445	21.129	NaN	NaN	NaN	117.42	-65.06	64.03	39.821	-113.26	56.797	52.15	-137.29	22.921
291.81	2.4946	21.743	89.624	2.8232	20.96	NaN	NaN	NaN	113.08	-64.449	63.967	36.036	-113.71	56.8	48.505	-137.56	22.782
291.81	2.4968	21.748	84.123	3.209	20.746	NaN	NaN	NaN	108.74	-63.929	63.797	32.277	-114.13	56.72	44.992	-137.8	22.686
291.81	2.4851	21.752	78.918	3.4614	20.609	NaN	NaN	NaN	104.39	-63.36	63.795	28.544	-114.54	56.635	41.502	-138.1	22.56
291.81	2.4934	21.739	73.85	3.6888	20.493	NaN	NaN	NaN	100.07	-62.834	63.693	24.826	-114.92	56.525	38.011	-138.34	22.445
291.81	2.4969	21.747	68.896	3.8562	20.282	NaN	NaN	NaN	95.799	-62.311	63.579	21.128	-115.22	56.36	34.619	-138.56	22.34
291.82	2.4898	21.747	63.975	4.0519	19.877	NaN	NaN	NaN	91.563	-61.765	63.474	17.469	-115.53	56.211	31.222	-138.85	22.156
291.82	2.4923	21.748	59.132	4.197	19.605	83.522	9.1288	7.0049	87.403	-61.258	63.39	13.871	-115.79	56.014	27.915	-139.01	22.014
291.82	2.4924	21.749	54.411	4.3439	19.309	78.753	9.455	6.7345	83.304	-60.783	63.252	10.37	-116.08	55.767	24.703	-139.28	21.839
291.82	2.492	21.748	49.79	4.4685	18.804	73.8	10.145	8.676	79.327	-60.3	63.083	6.9418	-116.32	55.554	21.572	-139.48	21.7
291.82	2.4993	21.749	45.257	4.6123	18.266	69.225	10.303	8.0038	75.416	-59.79	62.849	3.6054	-116.6	55.294	18.467	-139.71	21.43
291.82	2.4869	21.756	40.799	4.6681	17.75	64.715	10.536	7.4766	71.581	-59.276	62.569	0.36347	-116.8	55.004	15.551	-139.89	21.293
291.82	2.4847	21.753	36.067	4.4281	16.64	60.37	10.766	6.9517	67.859	-58.779	62.325	-2.8128	-117.05	54.736	12.611	-140.15	20.99
291.82	2.4803	21.755	31.835	4.4639	15.989	56.117	10.979	6.3929	64.283	-58.281	62.028	-5.8886	-117.28	54.463	9.8475	-140.36	20.856
291.81	2.4851	21.752	27.744	4.5341	15.42	51.99	11.121	5.771	60.716	-57.813	61.661	-8.8687	-117.53	54.134	7.1218	-140.57	20.507
291.81	2.482	21.747	24.18	4.8728	15.257	48.38	11.049	2.9572	57.34	-57.345	61.307	-11.73	-117.73	53.823	4.5059	-140.77	20.325
291.81	2.4845	21.752	20.455	4.9043	14.63	44.563	11.145	2.4136	54.019	-56.929	61.01	-14.51	-117.94	53.444	1.9521	-140.97	20.115
291.81	2.4824	21.751	16.746	4.8567	14.151	40.595	11.529	3.9458	50.823	-56.514	60.637	-17.206	-118.16	53.114	-0.48315	-141.14	19.815
291.81	2.4838	21.751	13.318	4.8288	13.393	37.208	11.584	3.3479	47.743	-56.133	60.307	-19.779	-118.33	52.781	-2.8436	-141.37	19.486
291.81	2.4895	21.75	10.081	4.8494	12.659	33.966	11.663	2.7738	44.806	-55.774	60.057	-22.297	-118.5	52.355	-5.0514	-141.54	19.172
291.81	2.4951	21.758	7.0846	4.7806	12.039	30.924	11.688	2.1211	41.949	-55.471	59.753	-24.702	-118.63	51.956	-7.1721	-141.72	18.902
291.81	2.4838	21.751	4.2439	4.7064	11.378	28.106	11.648	1.5798	39.246	-55.217	59.468	-27.027	-118.76	51.52	-9.2365	-141.89	18.589
291.81	2.4845	21.752	1.6095	4.6146	10.693	25.552	11.637	1.0605	36.67	-54.999	59.22	-29.257	-118.89	51.036	-11.165	-142.04	18.201
291.81	2.4851	21.752	-0.81772	4.5324	10.009	23.146	11.559	0.55098	34.216	-54.827	58.955	-31.349	-119	50.658	-12.942	-142.16	17.879
291.81	2.492	21.752	-3.0253	4.4315	9.435	21.005	11.502	0.11087	31.934	-54.689	58.723	-33.394	-119.11	50.148	-14.736	-142.31	17.517
291.82	2.4898	21.747	-5.1098	4.2672	8.8705	18.997	11.385	-0.36702	29.749	-54.612	58.484	-35.286	-119.17	49.675	-16.319	-142.45	17.192
291.82	2.5008	21.752	-7.0361	4.1174	8.1526	17.171	11.325	-0.81697	27.715	-54.538	58.249	-37.13	-119.27	49.098	-17.846	-142.6	16.781
291.81	2.4928	21.74	-8.7507	4.0648	7.4969	15.465	11.207	-1.2673	25.775	-54.531	57.976	-38.838	-119.34	48.63	-19.323	-142.76	16.346
291.81	2.4859	21.74	-10.226	4.0675	7.2717	13.904	11.057	-1.6523	23.974	-54.488	57.746	-40.787	-119.72	47.612	-20.687	-142.89	15.981
291.82	2.4898	21.747	-11.857	3.7684	6.2533	12.429	10.95	-2.1806	22.274	-54.509	57.447	-41.935	-119.5	47.482	-21.915	-143.03	15.481
291.82	2.4873	21.743	-13.283	3.6719	5.5961	11.046	10.767	-2.64	20.693	-54.486	57.143	-43.324	-119.56	46.936	-23.142	-143.17	15.019
291.82	2.4898	21.747	-14.593	3.5061	4.9674	9.8222	10.685	-3.0985	19.191	-54.502	56.783	-44.604	-119.63	46.381	-24.169	-143.29	14.64
291.82	2.4896	21.746	-15.873	3.3132	4.164	8.6057	10.563	-3.6172	17.793	-54.487	56.41	-45.855	-119.74	45.771	-25.218	-143.43	14.175
291.81	2.4923	21.739	-17.035	3.156	3.5863	7.5129	10.393	-4.1084	16.518	-54.515	56.015	-46.932	-119.81	45.238	-26.125	-143.56	13.688
291.82	2.4871	21.756	-18.371	2.7909	2.537	6.443	10.287	-4.665	15.338	-54.552	55.596	-47.992	-119.9	44.565	-27.075	-143.71	13.159
291.82	2.4853	21.753	-19.357	2.738	1.7832	5.4805	10.212	-5.1739	14.235	-54.585	55.128	-48.94	-119.99	43.922	-27.901	-143.83	12.6
291.82	2.4849	21.753	-20.291	2.5813	1.3016	4.5152	10.125	-5.7583	13.186	-54.623	54.586	-49.806	-120.07	43.312	-28.67	-143.94	12.107
291.82	2.485	21.753	-21.222	2.5003	0.5096	3.6726	10.04	-6.2912	12.295	-54.639	54.09	-50.605	-120.17	42.664	-29.388	-144.09	11.447
291.82	2.486	21.754	-22.064	2.3527	-0.090225	2.8635	9.999	-6.845	11.47	-54.715	53.539	-51.351	-120.26	42.081	-30.034	-144.17	10.838
291.82	2.4873	21.743	-22.859	2.3148	-0.84696	2.1137	9.9155	-7.4176	10.66	-54.731	52.944	-52.021	-120.34	41.386	-30.655	-144.29	10.262
291.81	2.484	21.752	-23.538	2.1365	-1.3904	1.3623	9.8078	-8.0829	9.9466	-54.796	52.305	-52.662	-120.43	40.704	-31.241	-144.43	9.6089
291.82	2.4882	21.758	-24.168	2.0346	-2.0155	0.69235	9.7251	-8.7865	9.2546	-54.801	51.683	-53.256	-120.5	40.072	-31.784	-144.49	8.9849
291.81	2.4802	21.746	-24.802	2.0454	-2.9667	0.06892	9.6683	-9.5667	8.6293	-54.824	51.008	-53.754	-120.55	39.364	-32.219	-144.63	8.3764
291.82	2.4898	21.747	-25.379	1.9107	-3.7439	-0.48947	9.5592	-10.283	8.0333	-54.816	50.325	-54.253	-120.61	38.673	-32.706	-144.77	7.7247
291.82	2.4872	21.745	-25.903	1.787	-4.6276	-0.96303	9.5077	-11.097	7.4369	-54.8	49.589	-54.716	-120.66	37.935	-33.009	-144.84	7.0393
291.82	2.4968	21.748	-26.322	1.674	-5.4968	-1.4075	9.379	-11.939	6.9408	-54.794	48.88	-55.107	-120.69	37.27	-33.395	-144.98	6.4673
291.82	2.4907	21.748	-26.716	1.5468	-6.4057	-1.7922	9.2812	-12.876	6.4416	-54.731	48.133	-55.497	-120.73	36.479	-33.706	-145.08	5.7742
291.82	2.4873	21.743	-27.122	1.4197	-7.5055	-2.1111	9.1201	-13.717	6.0002	-54.675	47.408	-55.867	-120.76	35.748	-33.99	-145.19	5.151
291.82	2.4898	21.747	-27.354	1.3406	-8.5661	-2.3396	8.996	-14.702	5.5709	-54.662	46.641	-56.208	-120.75	34.928	-34.251	-145.3	4.4599
291.82	2.4925	21.737	-27.66	1.1792	-9.7489	-2.5395	8.8007	-15.744	5.1387	-54.578	45.857	-56.526	-120.73	34.164	-34.485	-145.42	3.7721
291.82	2.4923	21.748	-27.781	1.0553	-10.812	-2.6249	8.6466	-16.717	4.7053	-54.513	45.155	-56.866	-120.73	33.352	-34.643	-145.49	3.1081
291.82	2.4895	21.748	-27.825	0.829	-11.786	-2.6517	8.392	-17.678	4.273	-54.465	44.516	-57.234	-120.69	32.551	-34.812	-145.56	2.5183
291.82	2.4895	21.746	-27.87	0.67744	-12.821	-2.5139	8.2408	-18.396	3.8277	-54.418	43.941	-57.552	-120.63	31.765	-34.954	-145.64	1.8616
291.82	2.4854	21.74	-28.033	0.68881	-13.273	-2.8656	8.5716	-18.24	3.4134	-54.407	43.48	-57.958	-120.56	30.981	-35.09	-145.7	1.4002
291.82	2.4907	21.747	-28.027	0.72616	-13.359	-2.6776	8.5228	-18.281	3.0378	-54.591	43.154	-58.301	-120.47	30.22	-35.21	-145.74	0.88943
291.82	2.4865	21.741	-27.987	0.7594	-13.354	-2.6453	8.5109	-18.383	2.7552	-54.805	43.024	-58.617	-120.42	29.555	-35.281	-145.79	0.39875
291.82	2.4887	21.743	-27.981	0.75088	-13.37	-2.5996	8.4167	-18.281	2.489	-54.98	43.021	-58.865	-120.45	29.073	-35.317	-145.84	0.021442
291.82	2.4851	21.74	-27.994	0.73005	-13.386	-2.563	8.3682	-18.206	2.1613	-55.084	43.064	-59.035	-120.53	28.804	-35.369	-145.94	-0.25679
291.82	2.4867	21.742	-27.992	0.71628	-13.374	-2.5418	8.2877	-18.164	1.9027	-55.122	43.221	-59.172	-120.6	28.714	-35.438	-145.98	-0.26125
291.81	2.4811	21.732	-28.019	0.70234	-13.394	-2.5599	8.1988	-18.144	1.6661	-55.024	43.475	-59.291	-120.6	28.728	-35.514	-145.94	-0.089554
291.82	2.4872	21.743	-28.059	0.6848	-13.439	-2.5779	8.1582	-18.087	1.3621	-54.926	43.609	-59.45	-120.51	28.738	-35.613	-145.87	0.097579
291.81	2.492	21.753	-28.172	0.66216	-13.511	-2.6119	8.1396	-18.027	1.1138	-54.849	43.845	-59.603	-120.41	28.741	-35.678	-145.8	0.25107
291.81	2.4839	21.737	-28.248	0.70563	-13.547	-2.6762	8.1738	-17.998	0.87498	-54.666	44.083	-59.749	-120.34	28.734	-35.742	-145.76	0.3145
291.81	2.4852	21.726	-28.619	0.58537	-13.877	-2.7986	8.1999	-17.788	0.6022	-54.526	44.148	-59.867	-120.27	28.708	-35.8	-145.74	0.39605
291.82	2.4986	21.737	-28.703	0.70387	-14.035	-2.8837	8.3313	-17.715	0.40968	-54.357	44.228	-59.962	-120.19	28.671	-35.857	-145.7	0.43832
291.82	2.4984	21.749	-28.777	0.80521	-14.081	-2.9963	8.4439	-17.706	0.1958	-54.171	44.215	-60.07	-120.05	28.565	-35.903	-145.61	0.45831
291.82	2.4911	21.747	-28.857	0.8764	-14.121	-3.0594	8.5616	-17.693	-0.00080886	-54.032	44.204	-60.164	-119.91	28.431	-35.892	-145.53	0.43063
291.82	2.5008	21.738	-28.91	0.96303	-14.136	-3.1308	8.6517	-17.719	-0.14672	-53.903	44.178	-60.253	-119.8	28.277	-35.883	-145.47	0.37862
291.82	2.5036	21.74	-28.945	1.0447	-14.143	-3.1755	8.7514	-17.732	-0.27113	-53.758	44.144	-60.324	-119.72	28.153	-35.859	-145.41	0.33975
291.82	2.5124	21.744	-28.987	1.175	-14.296	-3.2027	8.8595	-17.701	-0.38056	-53.609	44.122	-60.358	-119.65	28.048	-35.827	-145.37	0.31391
291.82	2.5088	21.735	-29.023	1.2683	-14.296	-3.2401	8.9589	-17.679	-0.45946	-53.477	44.122	-60.385	-119.59	27.922	-35.771	-145.35	0.2927
291.82	2.5142	21.734	-29.072	1.3251	-14.323	-3.2701	9.0932	-17.73	-0.53327	-53.388	44.099	-60.387	-119.54	27.843	-35.739	-145.33	0.26533
291.83	2.5098	21.736	-29.105	1.3911	-14.32	-3.308	9.1538	-17.732	-0.59388	-53.312	44.086	-60.379	-119.49	27.756	-35.694	-145.33	0.21961
291.82	2.5151	21.734	-29.128	1.435	-14.325	-3.3391	9.2073	-17.737	-0.6397	-53.239	44.042	-60.363	-119.47	27.688	-35.651	-145.32	0.21055
291.83	2.521	21.73	-29.171	1.4522	-14.34	-3.3733	9.2417	-17.751	-0.67872	-53.167	44.004	-60.329	-119.47	27.63	-35.581	-145.32	0.18947
291.82	2.5162	21.736	-29.198	1.4801	-14.356	-3.4008	9.2789	-17.732	-0.6773	-53.127	43.953	-60.287	-119.46	27.581	-35.536	-145.34	0.17387
291.82	2.5169	21.737	-29.209	1.4745	-14.366	-3.4159	9.3004	-17.745	-0.65579	-53.104	43.892	-60.216	-119.46	27.584	-35.49	-145.36	0.1263
291.82	2.5237	21.738	-29.211	1.4862	-14.36	-3.4159	9.3004	-17.745	-0.61135	-53.102	43.818	-60.151	-119.48	27.542	-35.436	-145.38	0.075062
