136.05	-2.2249	20.27	-38.59	3.2358	-13.717	-11.671	6.5345	-17.613	-5.6783	-53.384	42.113	-66.733	-118.82	27.292	-43.592	-143.82	-2.3956
136.06	-2.2339	20.267	-38.571	3.1976	-13.617	-11.666	6.5368	-17.594	-5.6824	-53.384	42.109	-66.742	-118.81	27.29	-43.588	-143.82	-2.4097
136.06	-2.2297	20.274	-38.571	3.1976	-13.617	-11.673	6.5301	-17.602	-5.6803	-53.372	42.118	-66.741	-118.81	27.305	-43.591	-143.82	-2.4067
136.05	-2.2255	20.27	-38.595	3.2349	-13.721	-11.666	6.5384	-17.607	-5.6833	-53.385	42.109	-66.746	-118.82	27.289	-43.604	-143.82	-2.4026
136.06	-2.219	20.278	-38.571	3.1976	-13.617	-11.687	6.5294	-17.627	-5.6857	-53.375	42.112	-66.748	-118.81	27.289	-43.592	-143.82	-2.4091
136.05	-2.2271	20.267	-38.58	3.1955	-13.638	-11.681	6.5323	-17.62	-5.6835	-53.372	42.116	-66.751	-118.82	27.296	-43.597	-143.82	-2.4128
136.06	-2.2224	20.274	-38.575	3.1974	-13.62	-11.675	6.5347	-17.601	-5.6811	-53.37	42.118	-66.748	-118.82	27.3	-43.6	-143.81	-2.3965
136.05	-2.226	20.269	-38.586	3.2021	-13.623	-11.685	6.5269	-17.613	-5.6927	-53.367	42.116	-66.751	-118.82	27.286	-43.586	-143.81	-2.4045
136.05	-2.2242	20.268	-38.58	3.1934	-13.625	-11.693	6.5239	-17.619	-5.6987	-53.382	42.103	-66.744	-118.81	27.277	-43.592	-143.82	-2.4116
136.06	-2.2303	20.27	-38.602	3.2418	-13.721	-11.685	6.5396	-17.605	-5.6893	-53.364	42.118	-66.738	-118.81	27.272	-43.597	-143.82	-2.4123
136.06	-2.2303	20.27	-38.59	3.1995	-13.626	-11.682	6.5317	-17.608	-5.6781	-53.368	42.121	-66.741	-118.81	27.279	-43.587	-143.82	-2.4105
136.06	-2.2216	20.273	-38.587	3.202	-13.622	-11.68	6.5308	-17.607	-5.6775	-53.357	42.129	-66.743	-118.81	27.276	-43.584	-143.82	-2.4208
136.06	-2.2225	20.272	-38.582	3.1933	-13.627	-11.673	6.5338	-17.601	-5.6828	-53.37	42.104	-66.732	-118.82	27.282	-43.579	-143.81	-2.4012
136.06	-2.2217	20.273	-38.586	3.1895	-13.631	-11.687	6.5278	-17.614	-5.674	-53.367	42.123	-66.727	-118.82	27.296	-43.581	-143.82	-2.4197
136.05	-2.2239	20.27	-38.579	3.1972	-13.637	-11.681	6.5323	-17.62	-5.6711	-53.363	42.113	-66.725	-118.81	27.286	-43.571	-143.83	-2.4204
136.06	-2.2316	20.27	-38.576	3.1967	-13.621	-11.68	6.5308	-17.607	-5.6735	-53.365	42.111	-66.718	-118.81	27.279	-43.567	-143.83	-2.4021
136.06	-2.2298	20.274	-38.586	3.2035	-13.636	-11.665	6.5385	-17.608	-5.6715	-53.362	42.1	-66.72	-118.81	27.289	-43.567	-143.81	-2.4101
136.06	-2.2293	20.272	-38.578	3.1959	-13.623	-11.664	6.5385	-17.608	-5.6707	-53.362	42.099	-66.726	-118.82	27.284	-43.56	-143.82	-2.41
136.06	-2.232	20.272	-38.577	3.2106	-13.629	-11.678	6.5315	-17.62	-5.6685	-53.36	42.103	-66.712	-118.82	27.276	-43.562	-143.82	-2.4121
136.06	-2.2293	20.272	-38.592	3.2031	-13.641	-11.665	6.5385	-17.608	-5.6668	-53.36	42.117	-66.715	-118.81	27.293	-43.563	-143.82	-2.4141
136.06	-2.2309	20.269	-38.583	3.2066	-13.634	-11.678	6.5352	-17.618	-5.6677	-53.36	42.103	-66.718	-118.81	27.29	-43.558	-143.82	-2.4227
136.05	-2.223	20.272	-38.582	3.2073	-13.633	-11.661	6.5423	-17.601	-5.673	-53.351	42.106	-66.719	-118.81	27.277	-43.564	-143.82	-2.4125
136.06	-2.2318	20.27	-38.583	3.2072	-13.633	-11.665	6.5385	-17.608	-5.6794	-53.367	42.107	-66.714	-118.8	27.27	-43.559	-143.82	-2.4115
136.06	-2.2319	20.27	-38.578	3.2085	-13.616	-11.665	6.5385	-17.608	-5.6689	-53.361	42.116	-66.721	-118.81	27.265	-43.57	-143.82	-2.4129
136.06	-2.2279	20.26	-38.581	3.2059	-13.619	-11.666	6.5384	-17.607	-5.6782	-53.366	42.107	-66.719	-118.81	27.279	-43.567	-143.83	-2.4118
136.06	-2.2318	20.27	-38.583	3.2066	-13.634	-11.662	6.5413	-17.605	-5.6813	-53.356	42.112	-66.729	-118.8	27.288	-43.567	-143.82	-2.3988
136.06	-2.2318	20.269	-38.59	3.2144	-13.619	-11.665	6.5385	-17.608	-5.6804	-53.356	42.126	-66.736	-118.81	27.281	-43.574	-143.82	-2.4022
136.06	-2.2301	20.27	-38.592	3.201	-13.628	-11.666	6.5384	-17.607	-5.6851	-53.359	42.108	-66.737	-118.81	27.268	-43.567	-143.82	-2.3991
136.05	-2.2257	20.269	-38.593	3.2119	-13.623	-11.666	6.5384	-17.607	-5.68	-53.356	42.127	-66.732	-118.8	27.275	-43.571	-143.82	-2.3993
136.05	-2.2234	20.27	-38.599	3.208	-13.629	-11.666	6.5384	-17.607	-5.6904	-53.36	42.106	-66.74	-118.81	27.268	-43.567	-143.81	-2.4085
136.06	-2.2214	20.273	-38.595	3.2005	-13.644	-11.665	6.5385	-17.608	-5.6858	-53.359	42.12	-66.736	-118.8	27.272	-43.572	-143.82	-2.4009
136.06	-2.2315	20.268	-38.6	3.2093	-13.642	-11.666	6.5369	-17.594	-5.692	-53.35	42.123	-66.742	-118.81	27.278	-43.573	-143.82	-2.3953
136.05	-2.2239	20.27	-38.595	3.2131	-13.636	-11.668	6.5341	-17.597	-5.6968	-53.367	42.112	-66.744	-118.81	27.252	-43.574	-143.82	-2.4022
136.05	-2.2243	20.267	-38.603	3.1957	-13.638	-11.67	6.5472	-17.605	-5.6846	-53.36	42.121	-66.746	-118.81	27.263	-43.576	-143.82	-2.4031
136.06	-2.2224	20.271	-38.607	3.2051	-13.635	-11.68	6.5308	-17.607	-5.6877	-53.362	42.12	-66.743	-118.81	27.276	-43.579	-143.82	-2.407
136.06	-2.2308	20.27	-38.606	3.2071	-13.647	-11.685	6.5285	-17.627	-5.6792	-53.355	42.127	-66.742	-118.81	27.265	-43.586	-143.83	-2.411
136.05	-2.2272	20.268	-38.595	3.2015	-13.629	-11.67	6.5345	-17.613	-5.6839	-53.358	42.109	-66.738	-118.81	27.268	-43.576	-143.83	-2.4056
136.06	-2.2336	20.265	-38.599	3.2105	-13.64	-11.665	6.5385	-17.608	-5.6828	-53.37	42.104	-66.742	-118.81	27.265	-43.583	-143.83	-2.41
136.06	-2.2293	20.272	-38.596	3.2124	-13.637	-11.667	6.5251	-17.603	-5.6755	-53.364	42.11	-66.74	-118.81	27.28	-43.58	-143.82	-2.4043
136.06	-2.2325	20.267	-38.6	3.2102	-13.627	-11.67	6.5345	-17.613	-5.6839	-53.358	42.109	-66.742	-118.81	27.265	-43.578	-143.82	-2.4032
136.06	-2.2217	20.273	-38.607	3.2051	-13.635	-11.666	6.5384	-17.607	-5.6776	-53.355	42.115	-66.742	-118.81	27.265	-43.573	-143.82	-2.4158
136.05	-2.2241	20.272	-38.602	3.2083	-13.63	-11.665	6.5385	-17.608	-5.6746	-53.352	42.118	-66.732	-118.8	27.26	-43.579	-143.82	-2.4155
136.06	-2.2316	20.27	-38.589	3.2151	-13.619	-11.66	6.5424	-17.602	-5.6709	-53.36	42.113	-66.738	-118.81	27.268	-43.572	-143.82	-2.4169
136.06	-2.2294	20.272	-38.599	3.2099	-13.641	-11.663	6.5376	-17.607	-5.6726	-53.35	42.107	-66.739	-118.81	27.266	-43.572	-143.83	-2.4174
136.06	-2.2316	20.269	-38.602	3.2083	-13.63	-11.665	6.5385	-17.608	-5.6715	-53.362	42.1	-66.736	-118.8	27.269	-43.563	-143.83	-2.4134
136.06	-2.2189	20.263	-38.604	3.209	-13.644	-11.67	6.5345	-17.613	-5.6847	-53.358	42.095	-66.732	-118.8	27.26	-43.569	-143.82	-2.414
136.05	-2.2232	20.271	-38.602	3.2083	-13.63	-11.666	6.5384	-17.607	-5.669	-53.359	42.102	-66.731	-118.81	27.256	-43.565	-143.82	-2.4135
136.06	-2.2318	20.269	-38.611	3.2019	-13.637	-11.665	6.5385	-17.608	-5.677	-53.365	42.094	-66.73	-118.81	27.256	-43.565	-143.83	-2.4152
136.06	-2.2231	20.271	-38.601	3.2105	-13.643	-11.658	6.5415	-17.601	-5.6639	-53.356	42.106	-66.727	-118.81	27.255	-43.56	-143.84	-2.4186
136.06	-2.2316	20.269	-38.607	3.2039	-13.635	-11.665	6.5385	-17.608	-5.6634	-53.357	42.119	-66.72	-118.82	27.257	-43.557	-143.84	-2.4158
136.06	-2.2325	20.267	-38.606	3.2058	-13.634	-11.67	6.5345	-17.613	-5.6726	-53.352	42.119	-66.717	-118.82	27.249	-43.549	-143.84	-2.4146
136.06	-2.235	20.266	-38.611	3.2013	-13.638	-11.678	6.5315	-17.62	-5.6685	-53.36	42.103	-66.718	-118.82	27.246	-43.55	-143.84	-2.4157
136.06	-2.2294	20.272	-38.596	3.1969	-13.63	-11.68	6.5324	-17.621	-5.6641	-53.359	42.106	-66.706	-118.83	27.261	-43.552	-143.84	-2.417
136.05	-2.226	20.267	-38.615	3.1982	-13.643	-11.665	6.5385	-17.608	-5.6674	-53.372	42.096	-66.712	-118.83	27.254	-43.545	-143.85	-2.4161
136.07	-2.2282	20.274	-38.613	3.199	-13.64	-11.664	6.5385	-17.608	-5.6661	-53.387	42.089	-66.706	-118.83	27.246	-43.542	-143.85	-2.414
136.06	-2.232	20.266	-38.606	3.1877	-13.628	-11.657	6.5452	-17.6	-5.6621	-53.41	42.079	-66.696	-118.84	27.26	-43.539	-143.86	-2.4181
136.06	-2.2294	20.272	-38.596	3.1793	-13.626	-11.644	6.5411	-17.609	-5.6527	-53.449	42.078	-66.69	-118.85	27.259	-43.54	-143.87	-2.4182
136.06	-2.2331	20.269	-38.584	3.1734	-13.622	-11.645	6.5416	-17.627	-5.6472	-53.491	42.088	-66.675	-118.84	27.255	-43.535	-143.88	-2.4076
136.06	-2.2318	20.27	-38.577	3.1605	-13.609	-11.638	6.5616	-17.628	-5.6325	-53.565	42.073	-66.668	-118.83	27.262	-43.509	-143.89	-2.382
136.06	-2.2325	20.269	-38.561	3.1367	-13.596	-11.612	6.583	-17.646	-5.6063	-53.632	42.065	-66.645	-118.83	27.276	-43.472	-143.91	-2.346
136.06	-2.2316	20.271	-38.539	3.1033	-13.585	-11.603	6.609	-17.672	-5.5701	-53.731	42.058	-66.613	-118.85	27.307	-43.435	-143.93	-2.3186
136.06	-2.2293	20.272	-38.494	2.998	-13.391	-11.607	6.6594	-17.721	-5.4986	-53.852	42.075	-66.561	-118.89	27.348	-43.358	-143.97	-2.2664
136.06	-2.2284	20.273	-38.474	2.9282	-13.342	-11.618	6.7626	-17.765	-5.4243	-53.975	42.068	-66.516	-118.95	27.424	-43.284	-144	-2.2186
136.06	-2.2299	20.274	-38.434	2.8297	-13.204	-11.729	6.9279	-17.911	-5.3113	-54.12	42.098	-66.429	-119.04	27.514	-43.234	-144.04	-2.1834
136.06	-2.2293	20.272	-38.438	2.6979	-12.939	-11.856	7.1364	-18.096	-5.147	-54.359	42.135	-66.311	-119.15	27.607	-43.21	-144.12	-2.1999
136.06	-2.2308	20.272	-38.525	2.6319	-12.511	-12.041	7.4741	-17.901	-4.9244	-54.641	42.207	-66.131	-119.3	27.672	-43.162	-144.18	-2.1991
136.06	-2.2339	20.268	-38.376	2.7563	-11.333	-12.283	7.8067	-17.491	-4.577	-55.069	42.344	-65.858	-119.49	27.802	-43.083	-144.26	-2.3429
136.06	-2.2348	20.266	-38.309	2.8279	-10.072	-12.467	8.1809	-16.806	-4.1384	-55.623	42.574	-65.574	-119.72	27.891	-43.004	-144.41	-2.4635
136.06	-2.2321	20.272	-38.157	2.7273	-8.4704	-12.443	8.4964	-15.846	-3.5801	-56.347	42.899	-65.22	-120.04	28.037	-42.908	-144.52	-2.6601
136.06	-2.2322	20.271	-37.785	2.7006	-6.8954	-12.161	8.6542	-14.441	-2.9412	-57.211	43.356	-64.843	-120.41	28.21	-42.87	-144.69	-2.8303
136.06	-2.2332	20.282	-37.223	2.5257	-5.2426	-11.503	8.5439	-12.777	-2.2168	-58.348	43.883	-64.432	-120.79	28.391	-42.821	-144.88	-2.969
136.06	-2.2332	20.27	-36.29	2.1652	-3.2231	-10.577	8.2985	-11.039	-1.4254	-59.658	44.53	-64.011	-121.22	28.624	-42.697	-145.1	-3.0661
136.06	-2.2312	20.272	-35.166	1.8639	-1.4761	-9.2495	7.871	-9.0747	-0.58166	-61.117	45.244	-63.609	-121.65	28.796	-42.554	-145.3	-3.1312
136.06	-2.2365	20.279	-33.762	1.3785	0.46999	-7.6881	7.4152	-7.1582	0.36727	-62.653	45.983	-63.166	-122.11	28.978	-42.421	-145.56	-3.2349
136.06	-2.2349	20.283	-32.211	0.92466	2.3196	-5.759	6.8773	-5.1654	1.4289	-64.337	46.649	-62.69	-122.61	29.2	-42.253	-145.92	-3.3445
136.07	-2.2403	20.285	-30.523	0.34375	4.268	-3.6007	6.1831	-3.3347	2.4794	-65.999	47.285	-62.136	-123.18	29.401	-41.999	-146.24	-3.4477
136.07	-2.2429	20.283	-28.813	-0.34438	6.1587	-1.0523	5.4406	-1.5629	3.6247	-67.747	47.867	-61.493	-123.8	29.595	-41.645	-146.66	-3.5864
136.07	-2.2522	20.278	-27.153	-1.013	7.7738	1.947	4.5481	0.027298	4.8254	-69.514	48.409	-60.758	-124.45	29.759	-41.227	-147.18	-3.7639
136.07	-2.2503	20.282	-25.7	-1.7127	9.3029	5.6231	3.6818	1.6034	6.1005	-71.259	48.927	-59.94	-125.12	29.915	-40.633	-147.74	-3.9433
136.07	-2.2516	20.281	-24.15	-2.4517	10.738	9.7486	2.6797	3.0785	7.3859	-72.997	49.398	-59.15	-125.73	30.042	-40.039	-148.32	-3.8013
136.07	-2.2657	20.286	-22.521	-3.2181	11.952	14.103	1.5545	4.4582	8.7347	-74.697	49.862	-58.352	-126.25	30.14	-39.285	-148.87	-3.4479
136.07	-2.2571	20.29	-20.722	-4.1623	12.996	18.644	0.2539	5.9163	10.205	-76.382	50.301	-57.444	-126.78	30.256	-38.266	-149.53	-3.1976
136.07	-2.267	20.287	-18.728	-5.1599	13.793	23.358	-1.1999	7.5095	11.73	-78.189	50.702	-56.259	-127.42	30.323	-37.146	-150.32	-3.2722
136.07	-2.2678	20.285	-16.562	-6.1991	14.45	28.259	-2.8229	9.1724	13.422	-80.069	51.133	-54.828	-128.23	30.394	-35.914	-151.21	-3.2909
136.07	-2.2683	20.285	-14.214	-7.3372	15.086	33.19	-4.6362	10.73	15.293	-81.943	51.382	-53.235	-129.06	30.512	-34.588	-152.11	-3.231
136.07	-2.2689	20.284	-11.674	-8.4967	15.729	38.564	-6.3219	12.724	17.69	-83.575	51.997	-51.542	-129.83	30.692	-33.236	-152.95	-3.1689
136.07	-2.2709	20.298	-8.9626	-9.7096	16.469	43.407	-8.495	13.99	19.884	-85.51	52.116	-49.778	-130.56	30.839	-31.729	-153.73	-3.1837
136.07	-2.269	20.283	-6.1634	-10.809	16.998	48.178	-10.761	15.052	22.235	-87.432	52.158	-47.937	-131.34	31.007	-30.256	-154.59	-3.2418
136.07	-2.2672	20.287	-3.2362	-11.973	17.648	52.911	-13.065	16.041	24.729	-89.295	52.032	-45.952	-132.16	31.204	-28.695	-155.38	-3.145
136.07	-2.2679	20.285	-0.24528	-13.106	18.247	57.497	-15.388	16.688	27.328	-91.194	51.92	-43.843	-132.95	31.412	-27.101	-156.16	-3.2038
136.07	-2.2669	20.286	2.8499	-14.314	18.876	62.022	-17.709	17.153	30.069	-93.048	51.636	-41.644	-133.71	31.692	-25.546	-156.9	-3.1421
136.07	-2.2591	20.288	5.9812	-15.401	19.286	66.072	-20.219	17.106	32.893	-94.805	51.256	-39.379	-134.4	31.891	-23.776	-157.58	-3.139
136.07	-2.2539	20.294	9.1687	-16.488	19.594	70.839	-22.32	17.542	35.744	-96.455	50.83	-37.068	-135.1	32.092	-21.986	-158.25	-3.0323
136.07	-2.2533	20.281	12.347	-17.55	19.797	74.757	-24.75	17.072	38.636	-97.984	50.302	-34.673	-135.8	32.294	-20.214	-158.85	-3.0548
136.07	-2.2518	20.295	15.538	-18.478	19.79	78.993	-26.845	16.894	41.546	-99.441	49.764	-32.203	-136.45	32.442	-18.367	-159.32	-3.0477
136.07	-2.2541	20.295	18.716	-19.448	19.746	83.201	-28.875	16.528	44.47	-100.75	49.172	-29.665	-137.07	32.572	-16.456	-159.99	-3.0097
136.08	-2.2462	20.29	21.79	-20.352	19.556	87.37	-30.838	16.033	47.412	-101.96	48.584	-27.09	-137.64	32.675	-14.089	-160.82	-2.9885
136.08	-2.2581	20.282	24.809	-21.187	19.227	92.001	-32.401	15.897	50.305	-103.04	47.954	-24.515	-138.15	32.759	-12.136	-161.18	-3.141
136.08	-2.2448	20.292	27.785	-21.934	18.742	96.1	-34.136	15.144	53.186	-103.95	47.188	-21.937	-138.61	32.806	-10.09	-161.71	-3.0627
136.07	-2.2513	20.295	30.679	-22.605	18.138	99.752	-35.9	13.963	56.064	-104.75	46.528	-19.343	-139	32.834	-7.8138	-162.26	-3.0545
136.08	-2.2448	20.292	33.452	-23.206	17.461	103.8	-37.375	13.079	58.925	-105.42	45.844	-16.725	-139.34	32.868	-5.3332	-162.9	-3.0063
136.07	-2.2498	20.283	36.121	-23.705	16.617	108.23	-38.593	12.579	61.786	-105.94	45.248	-14.132	-139.6	32.892	-3.1436	-163.26	-2.9002
136.08	-2.2575	20.282	38.76	-24.158	15.695	111.67	-40.096	11.167	64.534	-106.35	44.714	-11.556	-139.81	33	-1.0315	-163.43	-2.7527
136.08	-2.2563	20.285	41.38	-24.576	14.973	115.36	-41.253	10.32	67.3	-106.61	44.29	-9.0506	-139.9	33.174	1.277	-163.7	-2.4655
136.08	-2.2491	20.288	43.984	-24.917	14.359	119.46	-42.015	10.128	69.991	-106.82	43.998	-6.6057	-139.88	33.394	3.5207	-163.9	-2.1472
136.08	-2.2596	20.296	46.506	-25.13	13.801	122.46	-42.9	9.3249	72.577	-106.88	43.808	-4.2077	-139.83	33.629	5.8934	-164.18	-1.5695
136.08	-2.2594	20.283	48.948	-25.229	13.341	126.15	-43.251	9.516	75.115	-106.83	43.792	-1.8405	-139.74	33.94	8.0741	-164.15	-1.216
136.08	-2.2698	20.292	51.262	-25.185	12.986	129.21	-43.518	9.455	77.594	-106.64	43.84	0.54564	-139.65	34.259	10.459	-164.39	-0.75822
136.09	-2.2633	20.289	53.475	-25.148	12.856	131.72	-43.694	9.1596	79.97	-106.39	43.971	2.8875	-139.46	34.616	12.809	-164.39	-0.2512
136.09	-2.2655	20.285	55.612	-24.912	12.675	134.92	-43.456	9.7067	82.297	-105.96	44.223	5.1452	-139.22	34.931	14.914	-164.04	0.26082
136.09	-2.2649	20.285	57.646	-24.581	12.403	137.58	-43.187	9.9198	84.526	-105.4	44.47	7.3735	-138.9	35.284	17.198	-164.06	0.74005
136.09	-2.2577	20.3	59.576	-24.234	12.178	140.14	-42.781	10.209	86.645	-104.73	44.806	9.534	-138.49	35.644	19.541	-163.94	1.1638
136.09	-2.2497	20.295	61.384	-23.799	11.949	142.54	-42.166	10.462	88.719	-103.95	45.125	11.625	-138.01	35.984	21.561	-163.37	1.7485
136.09	-2.2527	20.29	63.099	-23.233	11.605	144.43	-41.619	10.359	90.722	-103.05	45.477	13.683	-137.48	36.318	23.883	-163.3	2.2135
136.09	-2.2425	20.295	64.719	-22.707	11.319	146.92	-40.585	10.963	92.692	-102.06	45.801	15.723	-136.86	36.641	25.986	-162.84	2.7272
136.09	-2.253	20.291	66.258	-22.012	10.827	148.83	-39.505	11.071	94.596	-100.95	46.064	17.704	-136.21	36.93	27.955	-162.12	3.1094
136.09	-2.2391	20.285	67.708	-21.352	10.481	150.52	-38.284	11.006	96.487	-99.808	46.336	19.642	-135.52	37.172	29.992	-161.61	3.5134
136.08	-2.2428	20.294	69.09	-20.558	10.041	152.09	-36.891	10.887	98.351	-98.573	46.568	21.577	-134.79	37.367	32.138	-161.19	4.0225
136.08	-2.2428	20.294	70.429	-19.787	9.6288	136.08	-2.2463	20.288	100.19	-97.262	46.632	23.504	-134.01	37.629	34.067	-160.37	4.3766
136.08	-2.2428	20.294	71.734	-18.995	9.2078	136.07	-2.2404	20.285	102.05	-95.946	46.718	25.398	-133.21	37.877	35.98	-159.7	4.7355
136.08	-2.2428	20.294	73.017	-18.102	8.7597	136.06	-2.2448	20.279	103.92	-94.596	46.769	27.249	-132.36	38.055	37.974	-159.13	5.1123
136.08	-2.2428	20.294	74.259	-17.199	8.28	136.06	-2.2483	20.286	105.75	-93.216	46.745	29.075	-131.51	38.199	39.895	-158.47	5.4511
136.08	-2.2428	20.294	75.507	-16.221	7.8105	136.05	-2.2514	20.284	107.56	-91.806	46.666	30.887	-130.62	38.407	41.813	-157.68	5.5873
136.08	-2.2428	20.294	76.78	-15.254	7.3285	136.04	-2.2468	20.279	109.33	-90.414	46.592	32.687	-129.7	38.533	43.569	-156.78	5.9013
136.08	-2.2428	20.294	78.061	-14.298	6.8062	136.04	-2.2585	20.272	111.11	-89.029	46.503	34.478	-128.78	38.638	45.39	-155.92	6.1516
136.08	-2.2428	20.294	79.45	-13.289	6.3127	136.05	-2.2559	20.278	112.85	-87.665	46.425	36.241	-127.83	38.751	47.244	-155.1	6.2923
136.08	-2.2428	20.294	80.859	-12.43	5.9165	136.05	-2.2546	20.279	114.58	-86.336	46.329	37.994	-126.89	38.774	48.891	-153.94	6.3521
136.08	-2.2428	20.294	82.389	-11.451	5.3349	136.05	-2.2569	20.276	116.33	-84.996	46.296	39.705	-125.92	38.855	50.783	-153.32	6.5878
136.08	-2.2428	20.294	84.003	-10.58	4.8091	136.05	-2.2551	20.28	118.03	-83.741	46.251	41.414	-124.94	38.857	52.469	-152.33	6.6145
136.08	-2.2428	20.294	85.711	-9.7465	4.2797	136.06	-2.2529	20.284	119.69	-82.574	46.219	43.074	-123.99	38.924	54.261	-151.47	6.7733
136.08	-2.2428	20.294	87.587	-8.945	3.6867	136.05	-2.2541	20.281	121.38	-81.441	46.266	44.702	-123.02	38.913	55.872	-150.5	6.8002
136.08	-2.2428	20.294	89.544	-8.0962	3.0823	136.07	-2.2569	20.29	123.06	-80.404	46.294	46.311	-122.09	38.999	57.581	-149.61	6.8649
165.85	-14.045	1.9196	91.591	-7.324	2.5905	136.07	-2.2554	20.291	124.67	-79.425	46.371	47.887	-121.16	39.018	59.163	-148.73	7.0083
166.38	-12.874	1.2981	93.752	-6.6496	2.0478	136.07	-2.2539	20.294	126.32	-78.487	46.472	49.403	-120.28	39.029	60.842	-147.92	7.0994
166.38	-12.874	1.2981	95.928	-5.9209	1.501	136.08	-2.2479	20.287	127.92	-77.585	46.624	50.921	-119.43	39.124	62.305	-147.04	7.0673
166.38	-12.874	1.2981	98.141	-5.4157	1.2392	136.08	-2.2449	20.292	129.46	-76.754	46.772	52.354	-118.59	39.163	63.887	-146.28	7.2096
166.38	-12.874	1.2981	100.5	-4.8123	0.77787	136.08	-2.2476	20.287	131.01	-75.884	46.918	53.79	-117.82	39.196	65.277	-145.41	7.2522
166.38	-12.874	1.2981	102.87	-4.2911	0.42079	136.08	-2.2441	20.294	132.54	-75.03	47.129	55.204	-117.04	39.247	66.766	-144.79	7.2365
166.38	-12.874	1.2981	105.21	-3.9143	0.24371	136.08	-2.245	20.292	133.98	-74.168	47.3	56.592	-116.36	39.276	68.191	-143.99	7.2822
166.38	-12.874	1.2981	107.42	-3.4941	-0.029088	136.07	-2.2377	20.291	135.44	-73.289	47.49	57.973	-115.64	39.331	69.662	-143.33	7.314
166.38	-12.874	1.2981	109.38	-2.8727	-0.03445	136.07	-2.2416	20.285	136.82	-72.43	47.649	59.334	-115.01	39.356	70.997	-142.71	7.3459
166.38	-12.874	1.2981	111.19	-2.1613	-0.31333	136.07	-2.2403	20.299	138.22	-71.497	47.901	60.731	-114.4	39.388	72.407	-142.08	7.349
166.38	-12.874	1.2981	112.96	-1.6301	-0.42184	136.07	-2.2428	20.283	139.26	-70.919	47.651	62.09	-113.83	39.384	73.867	-141.55	7.4158
166.38	-12.874	1.2981	114.62	-1.0929	-0.81197	135.98	-2.195	20.27	140.61	-70.077	47.859	63.458	-113.26	39.436	75.209	-140.9	7.4019
166.38	-12.874	1.2981	116.22	-0.49373	-1.1176	135.52	-1.9395	20.273	141.88	-69.29	48.039	64.789	-112.77	39.436	76.649	-140.39	7.4465
166.38	-12.874	1.2981	116.93	0.099545	-0.99586	135.04	-1.3791	20.263	143.11	-68.612	48.187	66.124	-112.24	39.468	78.025	-139.91	7.4099
166.38	-12.874	1.2981	117.65	0.8991	-1.0667	135.77	-0.3162	20.332	144.42	-67.941	48.38	67.429	-111.77	39.559	79.351	-139.3	7.5524
166.38	-12.874	1.2981	118.78	1.5457	-0.92804	137.13	0.42647	20.326	145.6	-67.163	48.461	68.769	-111.34	39.642	80.738	-138.97	7.6175
166.38	-12.874	1.2981	120.05	2.0355	-0.86254	138.84	0.89775	20.407	146.84	-66.443	48.529	70.102	-110.93	39.698	82.139	-138.5	7.6862
166.38	-12.874	1.2981	121.26	2.4937	-0.50518	140.52	1.2924	20.458	148.21	-65.871	48.696	71.451	-110.5	39.73	83.433	-138.01	7.7425
166.38	-12.874	1.2981	122.6	2.9704	-0.40016	142.19	1.8582	20.601	149.53	-65.426	48.772	72.775	-110.03	39.792	84.754	-137.54	7.8467
166.38	-12.874	1.2981	124.07	3.5015	-0.3168	143.66	2.3424	20.555	150.93	-64.977	48.918	74.136	-109.59	39.844	86.181	-137.16	7.8643
166.38	-12.874	1.2981	125.35	3.9776	-0.03373	145.03	2.7824	20.692	152.33	-64.579	49.014	75.54	-109.25	39.859	87.602	-136.78	7.8143
166.38	-12.874	1.2981	126.78	4.4498	0.18021	146.37	3.2191	20.9	154.11	-63.883	49.586	77.084	-108.91	39.904	89.079	-136.4	7.7813
166.38	-12.874	1.2981	128.24	4.9145	0.30409	147.75	3.6389	21.179	155.62	-63.535	49.703	78.675	-108.58	39.938	90.601	-136.05	7.8289
168.48	5.745	-6.3569	129.6	5.3509	0.73168	149.24	4.0497	21.536	157.19	-63.209	49.871	80.279	-108.28	39.947	92.121	-135.72	7.8315
168.96	5.9832	-6.1655	131.13	5.7928	1.1235	150.87	4.4708	22.011	158.5	-63.239	49.627	81.912	-108.01	39.978	93.671	-135.44	7.8084
171.21	6.8651	-4.929	132.82	6.2644	1.5074	152.56	4.8656	22.512	160.14	-62.995	49.884	83.619	-107.76	40.052	95.349	-135.09	7.8746
172.84	7.2959	-4.4475	134.46	6.666	2.1975	154.31	5.2134	23.064	161.81	-62.729	50.181	85.365	-107.56	40.128	97.017	-134.7	7.792
174.59	7.6766	-3.8646	136.17	7.0671	2.913	156.15	5.5584	23.666	163.57	-62.531	50.529	87.189	-107.4	40.194	98.778	-134.49	7.7315
176.45	7.9952	-3.2573	138.1	7.4428	3.556	158.1	5.864	24.338	165.35	-62.374	50.965	89.063	-107.19	40.264	100.67	-134.33	7.8814
178.55	8.3463	-2.4648	140.15	7.7038	3.9229	160.12	6.1463	25.01	167.15	-62.226	51.361	90.954	-106.99	40.36	102.37	-133.84	7.9473
180.73	8.5277	-1.8159	142.35	8.0464	4.7834	162.27	6.3423	25.726	169.04	-62.136	51.927	92.885	-106.79	40.456	104.44	-133.97	8.1075
182.32	8.2088	-1.9702	144.82	8.254	5.2158	164.51	6.4757	26.349	171.07	-62.075	52.518	94.866	-106.54	40.594	106.33	-133.41	8.2346
184.93	8.2622	-1.2103	147.45	8.4464	5.6397	166.97	6.5877	26.962	173.16	-62.038	53.13	96.907	-106.29	40.746	108.52	-133.33	8.4598
187.68	8.3099	-0.42199	150.16	8.4901	6.12	169.56	6.6286	27.592	175.31	-62.087	53.697	99.033	-106.04	40.884	110.79	-133.36	8.6251
191.37	8.6265	1.0943	153.16	8.5659	6.6061	172.28	6.5689	28.152	177.59	-62.136	54.301	101.24	-105.74	41.044	113.04	-133.18	8.9493
193.73	8.0484	0.9603	156.23	8.5205	7.1805	175.19	6.4973	28.737	179.99	-62.256	54.884	103.52	-105.48	41.238	115.21	-132.84	9.1868
197.67	8.3142	2.4775	159.5	8.4742	7.6612	178.2	6.3485	29.32	182.56	-62.412	55.5	105.92	-105.21	41.429	117.47	-132.5	9.4411
200.96	8.0443	3.1327	162.81	8.3629	8.102	181.35	6.1526	29.926	185.2	-62.681	56.009	108.37	-104.98	41.605	119.98	-132.55	9.6676
204.32	7.8086	3.8599	166.45	8.49	9.0411	184.46	5.8249	30.439	187.99	-62.948	56.512	110.95	-104.75	41.844	122.41	-132.33	9.895
207.84	7.556	4.4708	169.91	8.2442	9.4909	187.81	5.5256	31.099	190.83	-63.298	56.896	113.58	-104.54	42.046	124.95	-132.13	10.092
210.61	6.7959	4.3143	173.49	8.0625	10.16	191.26	5.2164	31.643	193.8	-63.667	57.296	116.31	-104.37	42.284	127.62	-132.23	10.348
214.15	6.5207	4.9762	177.01	7.784	10.749	194.77	4.8552	32.207	196.88	-64.071	57.625	119.09	-104.24	42.581	130.21	-132	10.556
218.46	6.6248	6.3164	180.72	7.5853	11.237	198.3	4.4352	32.773	200.01	-64.53	57.937	121.93	-104.08	42.809	132.63	-131.65	10.75
222.04	6.2473	6.8192	184.32	7.2904	11.863	202.02	4.0973	33.375	203.16	-64.973	58.195	124.81	-103.95	43.089	135.24	-131.44	10.895
224.99	5.4634	6.5035	188.09	7.067	12.328	205.64	3.6906	33.805	206.3	-65.407	58.401	127.69	-103.8	43.291	137.76	-131.09	11.069
228.67	5.1401	6.9447	191.68	6.7539	12.813	209.27	3.2734	34.194	209.4	-65.802	58.651	130.55	-103.61	43.531	140.47	-131.11	11.219
233	5.2022	8.0915	195.35	6.5481	13.236	212.88	2.9581	34.558	212.5	-66.133	58.844	133.38	-103.44	43.755	143.3	-131.21	11.467
236.52	4.8282	8.3019	198.93	6.3183	13.491	216.4	2.6442	34.809	215.53	-66.348	59.033	136.2	-103.2	43.926	145.64	-130.67	11.501
239.36	4.0823	7.7369	202.54	6.1038	13.614	219.84	2.3413	34.959	218.49	-66.537	59.258	138.98	-102.94	44.054	148.35	-130.66	11.761
242.84	3.8187	7.8764	205.99	5.9064	13.634	223.19	2.1107	35.089	221.38	-66.668	59.475	141.72	-102.69	44.2	150.95	-130.51	12.003
246.21	3.5344	7.9899	209.29	5.6901	13.555	226.44	1.9252	35.048	224.24	-66.727	59.614	144.46	-102.41	44.29	153.76	-130.69	12.18
249.54	3.2745	8.0229	212.69	5.5131	13.551	229.63	1.7536	35.002	227.05	-66.729	59.793	147.14	-102.12	44.336	156.16	-130.2	12.326
253.54	3.4549	8.8267	215.76	5.2746	13.222	232.76	1.6392	34.925	229.77	-66.688	59.892	149.79	-101.78	44.381	158.77	-130.07	12.489
256.7	3.2242	8.6628	218.93	5.0545	12.819	235.85	1.5606	34.699	232.44	-66.593	59.972	152.39	-101.42	44.395	161.27	-129.95	12.737
259.21	2.6084	7.7436	222.1	4.9069	12.555	238.85	1.4504	34.549	235.12	-66.519	60.019	154.95	-101.07	44.373	163.72	-129.75	12.807
263	2.823	8.3567	225.14	4.6633	12.034	241.82	1.3706	34.221	237.71	-66.435	60.013	157.46	-100.69	44.355	166.11	-129.61	12.957
265.36	2.1993	7.3664	227.68	3.9745	10.906	244.73	1.2371	34.005	240.34	-66.384	59.96	159.93	-100.33	44.325	168.49	-129.4	13.005
268.96	2.4178	7.9546	230.61	3.7797	10.613	247.57	1.0536	33.673	242.88	-66.326	59.878	162.33	-99.997	44.277	170.75	-129.25	13.098
271.81	2.1906	7.7609	233.49	3.6006	10.282	250.39	0.89219	33.381	245.41	-66.352	59.741	164.67	-99.684	44.221	172.9	-128.93	13.121
273.99	1.6155	6.7883	236.24	3.475	10.255	253.16	0.72432	33.221	247.86	-66.389	59.589	166.97	-99.374	44.193	175	-128.75	12.977
277.31	1.7808	7.3327	238.93	3.331	9.994	255.89	0.54782	33.096	250.25	-66.474	59.391	169.18	-99.073	44.083	177.11	-128.55	12.956
279.23	1.1398	6.2789	241.5	3.175	9.9543	258.49	0.36354	32.896	252.51	-66.546	59.134	171.31	-98.81	43.964	179.07	-128.3	12.943
281.65	0.8801	5.9336	244.01	2.9565	9.597	261.01	0.20286	32.683	254.76	-66.613	58.969	173.36	-98.564	43.873	181.19	-128.42	12.841
284.78	1.161	6.5981	246.39	2.8247	9.3536	263.42	-0.0001715	32.415	256.8	-66.679	58.704	175.31	-98.315	43.688	182.73	-127.9	12.815
286.39	0.5228	5.4539	248.67	2.6784	9.1763	265.7	-0.16457	32.107	258.78	-66.723	58.482	177.17	-98.024	43.501	184.7	-128.05	12.581
288.45	0.26045	4.9862	250.85	2.4778	8.7145	267.89	-0.28533	31.8	260.7	-66.717	58.242	178.95	-97.744	43.332	186.03	-127.55	12.437
290.54	0.11495	4.692	252.9	2.4207	8.5428	269.97	-0.34348	31.531	262.47	-66.722	57.994	180.65	-97.457	43.095	187.87	-127.69	12.293
292.55	-0.059508	4.3701	254.91	2.2624	7.999	271.9	-0.46358	31.144	264.15	-66.677	57.734	182.25	-97.201	42.874	189.46	-127.46	12.105
295.14	0.23819	4.969	256.79	2.1916	7.77	273.73	-0.6011	30.802	265.76	-66.63	57.483	183.76	-96.915	42.556	190.6	-126.97	11.79
296.22	-0.31998	3.7911	258.56	2.0941	7.3372	275.51	-0.62876	30.525	267.25	-66.576	57.229	185.2	-96.611	42.316	191.94	-126.78	11.542
298.56	-0.021657	4.2428	260.19	2.071	6.927	277.15	-0.66551	30.071	268.62	-66.514	56.939	186.53	-96.328	41.991	193.2	-126.58	11.321
299.49	-0.52958	2.979	261.73	2.0034	6.4318	278.61	-0.74363	29.56	269.89	-66.398	56.576	187.75	-96.048	41.689	194.37	-126.41	11.123
300.8	-0.67584	2.4133	263.13	1.9514	5.7708	279.98	-0.65725	29.099	271.12	-66.226	56.263	188.91	-95.777	41.387	195.46	-126.25	10.94
302.86	-0.23073	2.7671	264.37	1.9355	5.2239	281.2	-0.60562	28.445	272.21	-66.04	55.922	189.96	-95.48	41.036	196.69	-126.52	10.785
303.39	-0.59481	1.3561	265.49	1.8903	4.3079	282.26	-0.50959	27.769	273.23	-65.808	55.488	190.94	-95.187	40.703	197.42	-126	10.51
304.36	-0.60992	0.62964	266.45	1.9668	3.7378	283.23	-0.37817	27.017	274.12	-65.504	55.042	191.83	-94.92	40.339	198.31	-125.83	10.28
305.29	-0.53	-0.13019	267.3	1.9658	2.7271	284.08	-0.17537	26.164	274.96	-65.191	54.525	192.63	-94.642	39.979	199.1	-125.71	10.086
305.79	-0.61668	-1.2906	268.04	2.0855	1.7712	284.78	-0.0026993	25.192	275.72	-64.796	53.99	193.34	-94.365	39.587	199.79	-125.57	9.9392
306.43	-0.51901	-2.2777	268.61	2.1633	0.79724	285.38	0.23274	24.264	276.38	-64.411	53.381	193.95	-94.084	39.139	200.36	-125.49	9.4787
306.93	-0.37873	-3.3186	269.09	2.2662	-0.40087	285.88	0.51703	23.179	276.94	-63.989	52.654	194.52	-93.783	38.718	200.97	-125.32	9.3387
307.98	0.15933	-3.6549	269.43	2.4302	-1.4619	286.26	0.77282	21.986	277.49	-63.506	51.979	195	-93.521	38.232	201.36	-125.27	8.9934
308.45	0.39378	-4.6582	269.84	2.3278	-1.8624	287.4	0.6968	21.771	277.95	-63.06	51.172	195.39	-93.257	37.709	201.74	-125.14	8.6066
308.85	0.65561	-5.3307	270.24	2.4749	-2.0282	287.89	0.46126	21.746	278.41	-62.835	50.448	195.7	-93.017	37.122	202.29	-125.44	8.3218
308.27	0.38101	-6.9244	270.35	2.687	-2.213	288.07	0.7744	21.713	278.78	-62.767	49.697	195.94	-92.807	36.598	202.31	-124.93	7.6894
309.31	1.126	-6.3495	270.46	2.8694	-2.3073	288.25	0.98708	21.696	279.1	-62.78	49.106	196.18	-92.743	36.144	202.83	-125.21	7.3843
308.76	0.69097	-7.9175	270.69	2.8385	-2.7899	288.44	0.93716	21.71	279.35	-62.791	48.49	196.38	-92.804	35.695	202.63	-124.84	6.7515
309.84	1.14	-7.4318	270.85	2.924	-2.7873	288.73	0.83139	21.72	279.59	-62.758	47.922	196.61	-92.782	35.296	202.96	-125.16	6.3932
309.19	0.47279	-9.0286	270.97	2.9469	-3.0835	288.88	0.87785	21.77	279.71	-62.74	47.507	196.69	-92.698	34.913	202.7	-124.78	5.9616
309.38	0.39257	-9.2986	271	2.9404	-3.2215	288.95	0.88208	21.75	279.73	-62.734	47.311	196.65	-92.559	34.571	202.68	-124.77	5.7742
309.46	0.29741	-9.455	271.01	2.9072	-3.3248	289	0.88887	21.74	279.66	-62.694	47.218	196.49	-92.436	34.342	202.91	-125.18	5.686
309.51	0.24385	-9.5166	271.01	2.9264	-3.4462	289.02	0.87643	21.729	279.5	-62.657	47.152	196.35	-92.355	34.174	202.89	-125.2	5.611
309.53	0.20805	-9.542	270.97	2.8706	-3.5447	289.03	0.87705	21.728	279.34	-62.578	47.202	196.26	-92.342	34.082	202.82	-125.23	5.6052
309.55	0.15608	-9.595	270.79	2.671	-3.8667	289.16	0.94689	21.792	279.16	-62.492	47.217	196.16	-92.327	34.031	202.74	-125.27	5.6578
309.57	0.11055	-9.6382	270.76	2.635	-3.944	289.15	0.94266	21.783	279.04	-62.4	47.284	196.05	-92.296	34.021	202.38	-124.88	5.6547
309.61	0.071821	-9.6649	270.69	2.5713	-3.9986	289.15	0.93704	21.792	278.9	-62.316	47.383	195.89	-92.221	34.023	202.23	-124.92	5.6923
309.63	0.020039	-9.7018	270.71	2.5129	-4.393	289.14	0.93848	21.796	278.77	-62.231	47.458	195.7	-92.142	34.051	202.1	-124.95	5.7974
309.65	-0.027696	-9.7289	270.67	2.4528	-4.5258	289.13	0.93112	21.799	278.63	-62.19	47.499	195.52	-92.037	34.064	201.85	-124.94	5.9494
309.69	-0.11804	-9.7952	270.75	2.3388	-4.8962	289.13	0.93402	21.789	278.5	-62.18	47.477	195.37	-91.949	34.1	201.73	-124.93	6.0556
309.74	-0.23694	-9.8846	270.79	2.0142	-5.4444	289.12	0.9265	21.792	278.37	-62.2	47.421	195.24	-91.884	34.143	201.57	-124.91	6.1956
309.74	-0.46547	-10.135	270.8	1.8612	-5.8972	289.12	0.92413	21.801	278.25	-62.19	47.345	195.11	-91.827	34.146	201.4	-124.9	6.295
310.13	-0.38659	-9.8574	270.77	1.797	-6.0302	289.11	0.92919	21.798	278.15	-62.2	47.272	194.97	-91.699	34.071	201.23	-124.89	6.3839
310.29	-0.57845	-9.9491	270.81	1.6733	-6.3159	289.1	0.923	21.803	278	-62.232	47.183	194.76	-91.549	33.933	200.96	-124.9	6.3666
310.4	-0.90409	-10.318	270.8	1.5362	-6.4908	289.1	0.92321	21.804	277.77	-62.261	47.055	194.53	-91.45	33.868	200.72	-124.92	6.3283
311.22	-0.78291	-9.9466	270.76	1.4068	-6.6939	289.09	0.92665	21.813	277.49	-62.18	46.877	194.3	-91.402	33.788	200.5	-124.91	6.3837
311.33	-1.0673	-10.198	270.69	1.2417	-7.2434	289.07	0.91941	21.818	277.27	-62.078	46.741	194.04	-91.344	33.644	200.23	-124.91	6.4033
311.47	-1.3913	-10.519	270.48	1.0963	-7.7361	289.02	0.90559	21.832	276.88	-62.017	46.512	193.72	-91.209	33.469	199.86	-124.93	6.3846
313.01	-0.44684	-8.8823	270.09	1.0239	-8.0419	288.97	0.88519	21.823	276.55	-61.887	46.358	193.37	-91.008	33.298	199.58	-124.92	6.4012
312	-2.0423	-10.986	269.62	0.9926	-8.3292	288.95	0.88699	21.814	276.09	-61.835	46.118	192.93	-90.881	33.115	199.42	-125.35	6.4427
313.71	-1.3238	-9.3126	269.03	0.97429	-8.5411	288.95	0.88643	21.828	275.67	-61.78	45.954	192.47	-90.807	32.978	198.83	-125.01	6.3144
313.41	-2.6995	-10.562	268.33	0.91609	-8.6769	288.96	0.88165	21.817	275.19	-61.772	45.84	192	-90.81	32.892	198.66	-125.38	6.4982
314.05	-3.4348	-10.362	267.47	0.97319	-8.8782	288.96	0.88056	21.815	274.67	-61.852	45.781	191.51	-90.823	32.888	198.11	-125.48	6.4493
314.05	-3.4348	-10.362	266.5	1.1037	-8.8845	288.97	0.88868	21.828	274.16	-61.938	45.793	190.97	-90.83	32.902	197.33	-125.2	6.3817
316.07	-4.9512	-9.019	265.38	1.2523	-8.77	288.98	0.88305	21.831	273.47	-62.161	45.907	190.35	-90.882	32.994	197.02	-125.61	6.6569
317.16	-5.8261	-8.0492	264.23	1.402	-8.4813	288.98	0.87881	21.823	272.81	-62.44	46.124	189.68	-90.957	33.121	196.11	-125.4	6.6972
318.19	-6.7861	-6.9721	262.97	1.481	-7.9989	288.98	0.8823	21.83	272.13	-62.77	46.357	188.96	-91.087	33.355	195.52	-125.44	6.9758
319.12	-7.7708	-5.6949	261.61	1.6374	-7.4725	288.98	0.88028	21.827	271.39	-63.186	46.593	188.19	-91.287	33.664	194.76	-125.64	7.1476
319.87	-8.9157	-4.5695	260.29	1.7328	-6.8337	288.98	0.88469	21.83	270.65	-63.627	46.896	187.41	-91.554	33.988	193.97	-125.93	7.4293
320.61	-10.052	-3.19	258.78	1.9063	-6.1431	288.99	0.87985	21.821	269.84	-64.112	47.304	186.57	-91.87	34.376	193.05	-126.06	7.6223
321.2	-11.306	-1.9251	257.28	1.9656	-5.2891	288.98	0.88442	21.82	268.93	-64.657	47.597	185.65	-92.212	34.856	192.11	-126.3	7.95
321.62	-12.599	-0.6772	255.73	2.0285	-4.3923	288.99	0.88611	21.837	267.98	-65.229	47.925	184.65	-92.546	35.293	191.09	-126.59	8.2288
321.84	-13.906	0.51297	254.14	2.0488	-3.3615	288.99	0.88855	21.838	266.98	-65.856	48.313	183.52	-92.912	35.79	189.92	-126.72	8.5775
321.86	-15.252	1.6971	252.59	2.0098	-2.4147	288.98	0.88246	21.828	265.85	-66.488	48.783	182.29	-93.247	36.271	188.94	-127.27	9.0443
321.64	-16.683	2.8282	251.09	1.9278	-1.7236	288.98	0.884	21.832	264.62	-67.135	49.24	180.94	-93.619	36.783	187.44	-127.11	9.2736
321.28	-18.015	3.9986	249.62	1.6251	-0.69095	288.98	0.88431	21.831	263.24	-67.808	49.732	179.51	-93.934	37.313	185.92	-127.3	9.5173
320.65	-19.379	5.1484	248.19	1.3711	0.14869	288.98	0.88543	21.83	261.76	-68.466	50.373	177.91	-94.229	37.808	184.37	-127.48	9.8571
319.79	-20.571	6.3769	246.75	1.0493	0.94829	288.98	0.89562	21.825	260.11	-69.17	50.922	176.18	-94.471	38.292	182.95	-127.92	10.492
318.62	-21.728	7.4618	245.3	0.60028	2.0457	288.97	0.88961	21.83	258.35	-69.86	51.679	174.3	-94.712	38.835	180.98	-127.75	10.698
317.24	-22.7	8.4714	243.76	0.26316	2.9107	288.97	0.88949	21.827	256.47	-70.608	52.294	172.32	-94.975	39.375	179.13	-127.93	11.031
315.51	-23.492	9.4807	242.17	-0.16082	4.1126	288.97	0.88492	21.822	254.47	-71.308	52.983	170.26	-95.299	39.968	177.12	-128.03	11.432
313.56	-24.081	10.479	240.42	-0.52895	5.3559	288.97	0.88362	21.821	252.37	-72.014	53.746	168.09	-95.645	40.557	175.07	-128.24	11.776
311.3	-24.455	11.436	238.53	-0.83274	6.4272	288.97	0.88586	21.824	250.12	-72.651	54.557	165.82	-96.045	41.114	172.89	-128.46	12.02
308.8	-24.702	12.325	236.72	-0.68122	8.1768	288.97	0.88497	21.823	247.93	-73.026	55.649	163.44	-96.45	41.724	170.67	-128.56	12.403
306.05	-24.752	13.253	234.51	-0.83772	9.7163	288.97	0.88649	21.839	245.38	-73.616	56.354	160.92	-96.852	42.289	168.41	-128.98	12.838
303.13	-24.7	14.142	232.09	-0.91813	11.129	288.97	0.87512	21.832	242.71	-74.092	57.126	158.27	-97.242	42.884	165.82	-128.76	13.153
299.96	-24.448	15.077	229.41	-0.92526	12.48	288.98	0.86834	21.82	239.9	-74.498	57.857	155.49	-97.649	43.473	163.16	-128.85	13.439
296.59	-24.086	15.947	226.68	-1.032	13.955	288.98	0.87137	21.825	236.91	-74.858	58.599	152.57	-98.021	44.056	160.48	-129.01	13.78
292.99	-23.576	16.892	223.75	-0.92186	15.46	288.98	0.86909	21.821	233.76	-75.182	59.376	149.55	-98.398	44.596	157.6	-128.99	14.074
289.1	-22.968	17.639	220.64	-0.81675	16.959	288.98	0.8698	21.834	230.52	-75.408	60.101	146.39	-98.734	45.111	154.66	-129.13	14.298
285.04	-22.105	18.573	217.28	-0.60058	18.192	288.98	0.87921	21.825	227.07	-75.551	60.694	143.11	-99.073	45.577	151.78	-129.4	14.721
280.69	-21.111	19.411	213.82	-0.52348	19.71	288.98	0.87274	21.825	223.54	-75.631	61.373	139.72	-99.4	46.069	148.46	-129.2	14.811
276.01	-19.981	20.167	210.2	-0.19245	20.907	288.98	0.87937	21.826	219.81	-75.678	62.092	136.21	-99.703	46.508	145.23	-129.1	15.108
271.14	-18.692	20.861	206.43	0.10603	22.201	288.98	0.88335	21.831	216.02	-75.577	62.643	132.61	-99.971	46.921	141.9	-129.1	15.248
265.94	-17.276	21.465	202.49	0.44199	23.395	288.98	0.88188	21.829	212.06	-75.397	63.175	128.89	-100.21	47.294	138.47	-129.21	15.463
260.39	-15.843	21.866	198.39	0.8774	24.545	288.98	0.88417	21.833	207.99	-75.13	63.81	125.06	-100.43	47.624	134.85	-128.92	15.587
254.59	-14.17	22.19	194.13	1.303	25.617	288.98	0.882	21.829	203.87	-74.813	64.308	121.13	-100.62	47.96	131.29	-128.83	15.761
254.59	-14.17	22.19	189.63	1.8423	26.498	288.98	0.88445	21.833	199.6	-74.402	64.734	117.12	-100.78	48.257	127.5	-128.67	15.975
254.59	-14.17	22.19	185.06	2.3866	27.271	288.98	0.89173	21.834	195.3	-73.864	65.17	113.04	-100.99	48.565	123.82	-128.76	16.101
254.59	-14.17	22.19	180.29	2.9054	28.025	288.97	0.89152	21.831	190.92	-73.298	65.532	108.91	-101.17	48.805	119.89	-128.48	16.264
254.59	-14.17	22.19	175.36	3.4051	28.63	288.98	0.89118	21.831	186.45	-72.702	65.882	104.75	-101.38	49.058	115.94	-128.37	16.282
254.59	-14.17	22.19	170.33	3.9772	29.232	288.98	0.89119	21.834	181.96	-72.008	66.246	100.52	-101.61	49.306	112.09	-128.46	16.452
254.59	-14.17	22.19	165.21	4.6442	29.582	288.98	0.89026	21.832	177.38	-71.326	66.569	96.24	-101.82	49.542	108.06	-128.35	16.509
288.97	0.88679	21.826	159.98	5.2294	29.971	NaN	NaN	NaN	172.8	-70.528	66.846	91.937	-102.07	49.792	103.89	-128.15	16.656
288.98	0.89053	21.832	154.61	5.8133	30.201	NaN	NaN	NaN	168.14	-69.7	67.052	87.591	-102.33	49.972	99.94	-128.2	16.652
288.97	0.88895	21.831	149.18	6.4737	30.298	NaN	NaN	NaN	163.25	-69.047	66.845	83.252	-102.6	50.218	95.777	-128.12	16.838
288.97	0.88255	21.819	143.67	7.1668	30.268	NaN	NaN	NaN	158.54	-68.089	66.926	78.93	-102.86	50.39	91.6	-128.05	16.882
288.97	0.87569	21.818	138.09	7.7355	30.332	NaN	NaN	NaN	153.82	-67.115	67.028	74.624	-103.14	50.594	87.517	-128.09	16.944
288.98	0.87738	21.822	132.45	8.4354	30.039	NaN	NaN	NaN	149.07	-66.071	67.013	70.301	-103.43	50.726	83.37	-128.1	17.064
288.98	0.88217	21.829	126.73	9.1292	29.725	NaN	NaN	NaN	144.28	-65.02	66.985	65.986	-103.73	50.849	79.231	-128	17.119
288.98	0.88176	21.83	121.03	9.7014	29.406	NaN	NaN	NaN	139.5	-63.999	66.853	61.685	-104.02	50.963	75.155	-128.15	17.212
288.97	0.87187	21.83	115.31	10.315	28.993	NaN	NaN	NaN	134.69	-62.893	66.658	57.416	-104.32	51.064	70.982	-128.12	17.111
288.98	0.87585	21.822	109.55	10.901	28.458	NaN	NaN	NaN	129.94	-61.89	66.437	53.141	-104.64	51.055	66.968	-128.28	17.126
288.98	0.87005	21.823	103.81	11.356	27.991	NaN	NaN	NaN	125.18	-60.834	66.242	48.915	-104.95	51.08	62.918	-128.27	17.135
288.98	0.87706	21.824	97.667	11.944	27.434	NaN	NaN	NaN	120.45	-59.881	65.956	44.715	-105.3	51.063	58.92	-128.47	17.001
288.98	0.87248	21.825	91.433	12.467	26.871	NaN	NaN	NaN	115.67	-58.99	65.628	40.596	-105.66	51.033	54.904	-128.65	16.934
288.98	0.8832	21.832	85.513	12.908	26.281	NaN	NaN	NaN	110.9	-58.091	65.252	36.485	-106.05	50.995	51.011	-128.83	16.87
288.98	0.8795	21.825	79.625	13.261	25.707	NaN	NaN	NaN	106.53	-56.991	65.265	32.427	-106.45	50.918	47.104	-129.04	16.678
288.97	0.88641	21.827	73.891	13.591	25.175	NaN	NaN	NaN	101.93	-56.253	64.882	28.39	-106.85	50.854	43.22	-129.27	16.592
288.97	0.88651	21.826	68.203	13.813	24.602	93.081	16.653	12.093	97.38	-55.621	64.509	24.376	-107.21	50.691	39.393	-129.52	16.436
288.98	0.88074	21.828	62.651	14.015	23.974	87.233	17.083	12.338	92.583	-55.287	63.697	20.452	-107.6	50.524	35.669	-129.74	16.288
288.98	0.88903	21.83	57.258	14.181	23.475	81.726	17.344	11.752	88.17	-54.795	63.304	16.646	-107.97	50.349	31.975	-129.98	16.068
288.97	0.88829	21.827	51.957	14.211	22.987	76.434	17.579	11.228	83.864	-54.307	62.932	12.885	-108.43	50.152	28.393	-130.24	15.851
288.98	0.89205	21.832	46.85	14.315	22.501	71.214	17.732	10.608	79.623	-53.892	62.527	9.2489	-108.85	49.946	24.891	-130.59	15.53
288.97	0.88616	21.824	41.9	14.27	22.021	66.223	17.819	10.044	75.519	-53.532	62.137	5.6747	-109.22	49.714	21.475	-130.87	15.294
288.97	0.88958	21.829	37.086	14.218	21.476	61.379	17.876	9.4844	71.534	-53.233	61.73	2.1725	-109.68	49.438	18.15	-131.17	15.011
288.97	0.88659	21.826	32.473	14.179	20.845	56.742	17.802	8.8974	67.655	-52.963	61.261	-1.2094	-110.08	49.201	14.876	-131.52	14.767
288.97	0.88271	21.819	28.021	14.017	20.399	52.172	17.732	8.2329	63.927	-52.733	60.832	-4.472	-110.53	48.957	11.732	-131.84	14.52
288.97	0.88365	21.821	23.664	13.915	19.717	47.823	17.595	7.5527	60.327	-52.533	60.419	-7.6194	-110.98	48.654	8.6865	-132.23	14.171
288.97	0.88489	21.824	19.539	13.698	19.149	43.578	17.398	6.8587	56.809	-52.362	59.879	-10.65	-111.44	48.368	5.744	-132.58	13.91
288.97	0.88625	21.826	15.548	13.518	18.464	39.595	17.223	6.1981	53.461	-52.245	59.388	-13.562	-111.89	48.069	2.9434	-132.97	13.583
288.98	0.8795	21.825	11.762	13.318	17.746	35.67	16.968	5.4418	50.236	-52.137	58.853	-16.41	-112.35	47.715	0.25529	-133.43	13.219
288.98	0.87722	21.824	8.114	13.001	17.26	31.969	16.67	4.694	47.101	-52.025	58.314	-19.107	-112.79	47.39	-2.331	-133.84	12.931
288.98	0.87695	21.824	4.5999	12.735	16.399	28.458	16.418	3.9459	44.083	-51.938	57.739	-21.682	-113.25	47.057	-4.8212	-134.26	12.549
288.98	0.87629	21.823	1.2483	12.447	15.608	25.039	16.09	3.0911	41.179	-51.903	57.197	-24.166	-113.68	46.663	-7.1315	-134.72	12.143
288.98	0.87005	21.823	-1.9141	12.122	14.717	21.847	15.8	2.2434	38.43	-51.845	56.666	-26.552	-114.15	46.232	-9.3553	-135.2	11.759
288.98	0.8708	21.822	-4.9058	11.759	13.87	18.93	15.496	1.5483	35.76	-51.8	56.123	-28.834	-114.58	45.812	-11.458	-135.63	11.41
288.97	0.87492	21.821	-7.7185	11.419	13.081	16.123	15.149	0.69618	33.23	-51.816	55.623	-30.967	-114.97	45.362	-13.416	-136.04	11.064
288.99	0.87275	21.829	-10.335	11.068	12.104	13.528	14.798	-0.10718	30.807	-51.847	55.099	-33.053	-115.38	44.861	-15.307	-136.51	10.644
288.98	0.87706	21.824	-12.753	10.683	11.208	11.143	14.435	-0.94521	28.506	-51.923	54.623	-35.002	-115.74	44.287	-17.088	-136.98	10.165
288.98	0.87841	21.826	-15.042	10.273	10.3	8.8743	14.058	-1.8202	26.319	-51.972	54.136	-36.875	-116.11	43.754	-18.702	-137.42	9.7304
288.98	0.87933	21.829	-17.127	9.888	9.3844	6.8203	13.628	-2.6593	24.295	-52.078	53.648	-38.653	-116.45	43.11	-20.215	-137.84	9.2772
288.98	0.87789	21.825	-19.014	9.5035	8.433	5.0342	13.247	-3.4722	22.312	-52.188	53.105	-40.318	-116.78	42.503	-21.652	-138.24	8.7337
288.97	0.88625	21.826	-20.737	9.1646	7.3986	3.3497	12.859	-4.3019	20.507	-52.32	52.607	-41.852	-117.06	41.861	-22.927	-138.7	8.188
288.97	0.88507	21.822	-22.364	8.8136	6.3392	1.7468	12.444	-5.2048	18.795	-52.433	52.027	-43.269	-117.34	41.162	-24.176	-139.12	7.6374
288.97	0.88707	21.826	-23.823	8.4506	5.2789	0.36573	12.02	-6.1163	17.215	-52.557	51.458	-44.616	-117.64	40.42	-25.21	-139.5	7.0114
288.97	0.88942	21.829	-25.155	8.0722	4.205	-0.9117	11.596	-7.0652	15.731	-52.667	50.802	-45.838	-117.91	39.666	-26.205	-139.83	6.5218
288.97	0.88271	21.819	-26.417	7.6731	3.0834	-2.0933	11.181	-8.0901	14.376	-52.788	50.123	-46.96	-118.17	38.926	-27.088	-140.23	5.8956
288.98	0.88009	21.827	-27.567	7.379	1.7477	-3.1699	10.809	-9.1823	13.155	-52.897	49.369	-47.97	-118.41	38.19	-27.932	-140.63	5.2792
288.97	0.88711	21.828	-28.632	7.0112	0.48459	-4.1391	10.367	-10.287	12.073	-52.938	48.619	-48.87	-118.65	37.467	-28.695	-141	4.6418
288.97	0.88667	21.827	-29.598	6.6486	-0.80666	-5.0935	9.9193	-11.483	11.088	-53.034	47.751	-49.669	-118.86	36.68	-29.343	-141.3	3.992
288.97	0.88196	21.82	-30.508	6.2228	-1.9756	-5.9552	9.4665	-12.666	10.223	-53.077	46.862	-50.363	-119.06	35.916	-29.952	-141.6	3.4137
288.98	0.8793	21.827	-31.275	5.9329	-3.2911	-6.7302	9.091	-13.914	9.4354	-53.109	45.966	-50.988	-119.28	35.225	-30.487	-141.93	2.7874
288.98	0.87706	21.824	-32.002	5.6233	-4.6491	-7.3424	8.7417	-15.045	8.6864	-53.141	45.127	-51.544	-119.5	34.436	-30.998	-142.29	2.0866
288.99	0.87439	21.831	-32.625	5.2657	-5.8677	-7.8651	8.3557	-16.093	7.9869	-53.185	44.41	-52.021	-119.68	33.753	-31.366	-142.55	1.4572
288.98	0.86911	21.822	-33.135	4.9687	-7.0906	-8.3167	7.991	-17.098	7.3108	-53.209	43.788	-52.48	-119.8	33.093	-31.676	-142.82	0.8858
288.98	0.86911	21.822	-33.492	4.6594	-8.1346	-8.5758	7.5978	-17.923	6.6645	-53.233	43.287	-52.935	-119.92	32.43	-31.929	-143.07	0.45267
288.98	0.87021	21.824	-33.741	4.3082	-8.9622	-8.7129	7.2936	-18.572	6.0106	-53.254	42.978	-53.34	-120.03	31.875	-32.103	-143.29	0.011685
288.98	0.86483	21.818	-34.002	4.1445	-9.7603	-8.8465	7.3106	-18.536	5.3945	-53.303	42.819	-53.737	-120.11	31.371	-32.233	-143.49	-0.3213
288.98	0.86243	21.827	-34.222	3.9767	-10.093	-8.9396	7.292	-18.453	4.8365	-53.371	42.833	-54.086	-120.17	30.93	-32.295	-143.6	-0.56568
288.98	0.86243	21.827	-34.279	3.8801	-10.182	-8.9311	7.2214	-18.393	4.309	-53.534	42.951	-54.447	-120.22	30.607	-32.385	-143.72	-0.78447
288.98	0.86499	21.819	-34.318	3.7848	-10.25	-8.9117	7.0584	-18.333	3.9363	-53.629	43.196	-54.741	-120.26	30.412	-32.423	-143.81	-0.87497
288.98	0.86429	21.829	-34.34	3.7432	-10.305	-8.829	6.8604	-18.133	3.5474	-53.703	43.416	-54.972	-120.31	30.32	-32.473	-143.85	-0.84491
288.98	0.86466	21.83	-34.365	3.7005	-10.37	-8.8203	6.744	-18.084	3.2076	-53.68	43.592	-55.17	-120.34	30.265	-32.528	-143.86	-0.7136
288.98	0.86483	21.818	-34.448	3.6511	-10.506	-8.8084	6.7005	-18.026	2.9843	-53.593	43.793	-55.322	-120.3	30.226	-32.577	-143.83	-0.57216
288.98	0.86738	21.832	-34.583	3.639	-10.756	-8.8286	6.7225	-17.991	2.7358	-53.525	43.89	-55.461	-120.19	30.192	-32.596	-143.8	-0.46464
288.98	0.87021	21.824	-34.641	3.6635	-10.883	-8.8547	6.7619	-17.985	2.5335	-53.391	43.912	-55.579	-120.07	30.145	-32.594	-143.73	-0.40315
288.98	0.87004	21.823	-34.718	3.7525	-11.152	-8.8834	6.8781	-17.932	2.3933	-53.248	43.926	-55.668	-119.97	30.082	-32.605	-143.67	-0.39418
288.98	0.87948	21.826	-34.798	3.7946	-11.293	-8.9295	6.9924	-17.938	2.299	-53.11	43.888	-55.748	-119.86	29.987	-32.634	-143.61	-0.42481
288.98	0.88232	21.817	-34.876	3.8246	-11.456	-8.9598	7.0942	-17.928	2.2373	-52.954	43.78	-55.817	-119.75	29.885	-32.633	-143.54	-0.46549
288.98	0.88006	21.827	-34.95	3.872	-11.633	-8.96	7.1967	-17.901	2.173	-52.789	43.719	-55.851	-119.63	29.796	-32.632	-143.47	-0.51298
288.98	0.89053	21.83	-35.022	3.903	-11.778	-8.9648	7.2902	-17.868	2.096	-52.666	43.61	-55.887	-119.5	29.658	-32.629	-143.37	-0.55516
288.99	0.88929	21.825	-35.041	3.9343	-11.902	-8.9657	7.3764	-17.851	2.025	-52.525	43.515	-55.932	-119.37	29.567	-32.627	-143.29	-0.64685
288.99	0.88929	21.825	-35.089	4.0069	-12.122	-8.9593	7.4384	-17.858	1.9685	-52.425	43.45	-55.975	-119.26	29.482	-32.616	-143.21	-0.70565
288.99	0.89852	21.83	-35.116	4.0593	-12.218	-8.9554	7.4739	-17.883	1.9371	-52.338	43.417	-56.005	-119.15	29.417	-32.598	-143.15	-0.72589
288.98	0.8963	21.826	-35.162	4.1663	-12.4	-8.9671	7.51	-17.898	1.9028	-52.255	43.388	-56.026	-119.07	29.37	-32.578	-143.09	-0.7062
288.98	0.89641	21.826	-35.195	4.2278	-12.504	-8.9688	7.5513	-17.892	1.8724	-52.139	43.392	-56.05	-118.97	29.317	-32.556	-143.07	-0.70058
288.98	0.89787	21.828	-35.236	4.2524	-12.567	-8.9826	7.5864	-17.895	1.8501	-52.05	43.371	-56.067	-118.92	29.277	-32.537	-143.03	-0.68951
288.98	0.89638	21.826	-35.276	4.2617	-12.636	-8.9914	7.6378	-17.9	1.8386	-51.971	43.363	-56.075	-118.86	29.256	-32.508	-143	-0.66055
288.99	0.89138	21.827	-35.316	4.2731	-12.7	-9.0048	7.6767	-17.901	1.8236	-51.918	43.326	-56.072	-118.82	29.219	-32.503	-142.98	-0.66151
288.99	0.89183	21.827	-35.368	4.3298	-12.91	-9.022	7.7102	-17.896	1.8491	-51.878	43.302	-56.063	-118.78	29.196	-32.495	-142.98	-0.67669
288.99	0.89206	21.829	-35.371	4.3227	-12.934	-9.0064	7.7342	-17.886	1.8676	-51.859	43.265	-56.042	-118.76	29.157	-32.483	-142.99	-0.68683
288.99	0.88681	21.821	-35.388	4.3159	-12.976	-9.0153	7.7311	-17.892	1.9063	-51.853	43.2	-56.015	-118.76	29.142	-32.49	-142.99	-0.71147
288.98	0.88672	21.834	-35.386	4.2915	-12.989	-9.009	7.7171	-17.884	1.9465	-51.86	43.147	-55.979	-118.76	29.114	-32.482	-143.01	-0.75969
288.99	0.88648	21.824	-35.389	4.2769	-12.999	-8.9935	7.7115	-17.875	2.0022	-51.879	43.068	-55.939	-118.77	29.097	-32.475	-143.02	-0.82983
288.99	0.88492	21.82	-35.38	4.2565	-13.016	-8.9927	7.6837	-17.889	2.0447	-51.911	43.002	-55.914	-118.78	29.077	-32.461	-143.05	-0.86589
288.99	0.87856	21.82	-35.377	4.2346	-13.026	-8.9805	7.6727	-17.873	2.1	-51.946	42.941	-55.872	-118.8	29.043	-32.462	-143.07	-0.94046
288.99	0.87946	21.823	-35.379	4.1883	-13.027	-8.9788	7.6557	-17.866	2.1445	-51.991	42.897	-55.842	-118.84	29.013	-32.449	-143.11	-0.98141
288.99	0.88408	21.833	-35.383	4.1952	-13.102	-8.9805	7.627	-17.868	2.168	-52.027	42.848	-55.818	-118.88	28.99	-32.462	-143.16	-1.0324
288.99	0.88039	21.825	-35.386	4.1805	-13.107	-8.9717	7.6153	-17.839	2.17	-52.05	42.796	-55.802	-118.91	28.955	-32.465	-143.21	-1.0562
288.98	0.88156	21.83	-35.419	4.1329	-13.139	-8.9768	7.6064	-17.818	2.1772	-52.09	42.769	-55.799	-118.93	28.93	-32.471	-143.25	-1.1002
288.99	0.88473	21.835	-35.419	4.0463	-13.014	-8.9874	7.5836	-17.818	2.1738	-52.105	42.732	-55.796	-118.96	28.917	-32.481	-143.28	-1.1164
288.99	0.87658	21.817	-35.439	4.0213	-13.038	-8.9903	7.5656	-17.814	2.145	-52.123	42.708	-55.812	-118.97	28.891	-32.493	-143.31	-1.1524
288.98	0.88398	21.821	-35.442	3.9943	-13.054	-9.0034	7.5535	-17.799	2.1227	-52.128	42.707	-55.834	-118.98	28.87	-32.497	-143.32	-1.1451
288.98	0.87973	21.826	-35.477	3.9603	-13.098	-8.9943	7.5434	-17.783	2.0922	-52.134	42.701	-55.877	-118.98	28.851	-32.546	-143.33	-1.1645
288.98	0.87946	21.825	-35.496	3.9475	-13.119	-9.011	7.5431	-17.762	2.0581	-52.115	42.712	-55.902	-118.97	28.83	-32.568	-143.34	-1.1679
288.98	0.87946	21.825	-35.525	3.9422	-13.143	-9.0249	7.5311	-17.746	2.0158	-52.104	42.728	-55.953	-118.96	28.811	-32.611	-143.33	-1.1634
288.98	0.88213	21.829	-35.539	3.9352	-13.171	-9.0285	7.5281	-17.749	1.9493	-52.093	42.726	-56.01	-118.93	28.784	-32.643	-143.32	-1.1743
288.98	0.88213	21.816	-35.59	3.9933	-13.348	-9.0401	7.5308	-17.726	1.8826	-52.058	42.739	-56.061	-118.9	28.77	-32.674	-143.31	-1.1052
288.98	0.88229	21.817	-35.614	3.9927	-13.383	-9.0943	7.5102	-17.747	1.808	-52.017	42.748	-56.129	-118.88	28.748	-32.722	-143.29	-1.0944
288.98	0.87762	21.821	-35.646	3.9988	-13.402	-9.1079	7.5142	-17.737	1.7031	-52.003	42.725	-56.198	-118.86	28.724	-32.742	-143.27	-1.0826
288.97	0.88659	21.825	-35.675	3.9987	-13.438	-9.1258	7.5147	-17.718	1.6287	-51.986	42.724	-56.261	-118.83	28.706	-32.782	-143.26	-1.0942
288.98	0.88197	21.829	-35.673	4.0157	-13.44	-9.1396	7.5042	-17.731	1.5373	-51.947	42.739	-56.313	-118.8	28.68	-32.827	-143.25	-1.1012
288.98	0.88408	21.819	-35.695	4.0299	-13.464	-9.1628	7.5045	-17.715	1.4912	-51.921	42.755	-56.367	-118.77	28.669	-32.853	-143.23	-1.0865
288.98	0.88212	21.816	-35.729	4.0342	-13.486	-9.1682	7.4971	-17.707	1.4498	-51.907	42.755	-56.407	-118.75	28.658	-32.887	-143.22	-1.0829
288.98	0.88185	21.816	-35.73	4.001	-13.425	-9.1738	7.5043	-17.691	1.4157	-51.879	42.753	-56.447	-118.72	28.652	-32.914	-143.2	-1.0906
288.98	0.88211	21.816	-35.762	4.0486	-13.529	-9.1901	7.4929	-17.692	1.3985	-51.876	42.744	-56.477	-118.7	28.632	-32.952	-143.18	-1.1125
288.99	0.88738	21.825	-35.762	4.0595	-13.522	-9.1989	7.4899	-17.697	1.3716	-51.866	42.736	-56.505	-118.68	28.628	-32.955	-143.18	-1.1113
288.98	0.88195	21.829	-35.757	4.0154	-13.452	-9.1991	7.4973	-17.677	1.3687	-51.853	42.739	-56.526	-118.66	28.613	-32.985	-143.17	-1.1204
288.98	0.8857	21.822	-35.776	4.0698	-13.541	-9.1939	7.4884	-17.68	1.3575	-51.857	42.716	-56.539	-118.66	28.599	-32.99	-143.15	-1.1426
288.98	0.88418	21.819	-35.766	4.0229	-13.452	-9.2036	7.4809	-17.676	1.3636	-51.852	42.708	-56.552	-118.64	28.587	-33.024	-143.13	-1.1478
288.99	0.88933	21.825	-35.781	4.0306	-13.472	-9.2018	7.4929	-17.666	1.3556	-51.854	42.689	-56.543	-118.64	28.587	-33.046	-143.13	-1.1722
288.98	0.88678	21.821	-35.779	4.0173	-13.464	-9.2102	7.4898	-17.673	1.3612	-51.849	42.68	-56.549	-118.63	28.586	-33.037	-143.12	-1.1655
288.98	0.8938	21.822	-35.771	4.0242	-13.455	-9.205	7.4809	-17.675	1.3611	-51.85	42.666	-56.546	-118.63	28.577	-33.045	-143.13	-1.1734
288.98	0.88495	21.817	-35.786	4.0245	-13.464	-9.2134	7.4778	-17.682	1.3739	-51.849	42.644	-56.532	-118.63	28.579	-33.045	-143.13	-1.202
288.98	0.89674	21.826	-35.785	4.0261	-13.461	-9.2008	7.4912	-17.654	1.3837	-51.844	42.638	-56.518	-118.64	28.569	-33.053	-143.13	-1.2212
288.98	0.88694	21.822	-35.78	4.0172	-13.463	-9.2081	7.478	-17.678	1.3991	-51.844	42.618	-56.508	-118.63	28.562	-33.058	-143.12	-1.2219
288.98	0.8933	21.82	-35.783	4.0143	-13.464	-9.2044	7.4811	-17.676	1.4069	-51.85	42.602	-56.488	-118.63	28.558	-33.055	-143.13	-1.2411
288.98	0.89139	21.831	-35.787	4.0126	-13.452	-9.1966	7.484	-17.669	1.4191	-51.853	42.595	-56.471	-118.64	28.546	-33.055	-143.13	-1.2445
288.99	0.88705	21.821	-35.77	4.0113	-13.457	-9.2036	7.4809	-17.676	1.4342	-51.854	42.574	-56.457	-118.63	28.542	-33.048	-143.14	-1.2456
