164.16	29.728	21.709	-162.38	37.539	-16.22	-145	28.281	-17.941	-176.82	-1.7332	39.031	-251.52	-25.101	23.092	-235.72	-68.925	10.148
164.16	29.734	21.711	-162.38	37.547	-16.211	-145	28.282	-17.928	-176.82	-1.7327	39.032	-251.51	-25.1	23.094	-235.73	-68.918	10.146
164.17	29.734	21.716	-162.38	37.539	-16.22	-145	28.282	-17.928	-176.82	-1.7348	39.028	-251.52	-25.11	23.093	-235.73	-68.911	10.144
164.16	29.73	21.713	-162.38	37.541	-16.207	-145	28.282	-17.928	-176.81	-1.742	39.027	-251.52	-25.091	23.092	-235.72	-68.91	10.155
164.16	29.73	21.714	-162.4	37.544	-16.222	-145	28.281	-17.941	-176.81	-1.7419	39.024	-251.52	-25.088	23.098	-235.72	-68.91	10.155
164.17	29.728	21.712	-162.38	37.539	-16.22	-145	28.272	-17.949	-176.81	-1.7433	39.022	-251.52	-25.074	23.105	-235.71	-68.923	10.149
164.16	29.736	21.721	-162.38	37.531	-16.229	-144.99	28.276	-17.939	-176.8	-1.7522	39.022	-251.51	-25.075	23.097	-235.72	-68.926	10.133
164.16	29.736	21.713	-162.38	37.539	-16.22	-145	28.272	-17.949	-176.79	-1.7707	39.025	-251.5	-25.074	23.098	-235.71	-68.933	10.133
164.17	29.732	21.719	-162.38	37.539	-16.22	-144.98	28.285	-17.923	-176.8	-1.7636	39.025	-251.49	-25.085	23.095	-235.71	-68.934	10.144
164.17	29.736	21.719	-162.38	37.539	-16.22	-144.98	28.285	-17.923	-176.79	-1.7573	39.03	-251.49	-25.103	23.098	-235.69	-68.931	10.145
164.16	29.732	21.716	-162.38	37.539	-16.22	-145	28.272	-17.949	-176.79	-1.7533	39.034	-251.49	-25.104	23.1	-235.69	-68.931	10.147
164.17	29.727	21.705	-162.38	37.538	-16.233	-145	28.281	-17.941	-176.79	-1.7487	39.033	-251.49	-25.114	23.096	-235.7	-68.929	10.154
164.17	29.729	21.716	-162.38	37.531	-16.229	-144.99	28.284	-17.93	-176.8	-1.7396	39.029	-251.49	-25.108	23.088	-235.7	-68.914	10.161
164.17	29.732	21.717	-162.38	37.528	-16.255	-144.99	28.285	-17.917	-176.8	-1.732	39.034	-251.49	-25.1	23.087	-235.69	-68.915	10.176
164.17	29.735	21.716	-162.38	37.538	-16.24	-144.99	28.28	-17.947	-176.8	-1.7298	39.036	-251.5	-25.089	23.087	-235.69	-68.915	10.176
164.17	29.733	21.71	-162.38	37.546	-16.231	-144.99	28.28	-17.947	-176.8	-1.7233	39.043	-251.49	-25.076	23.089	-235.69	-68.923	10.18
164.17	29.732	21.709	-162.38	37.546	-16.231	-144.98	28.293	-17.914	-176.81	-1.7314	39.034	-251.5	-25.058	23.078	-235.69	-68.926	10.173
164.17	29.726	21.718	-162.38	37.546	-16.231	-144.98	28.285	-17.923	-176.8	-1.7342	39.042	-251.5	-25.056	23.09	-235.69	-68.926	10.173
164.17	29.729	21.712	-162.38	37.528	-16.255	-144.98	28.277	-17.925	-176.81	-1.738	39.034	-251.5	-25.051	23.083	-235.68	-68.934	10.18
164.17	29.728	21.711	-162.38	37.536	-16.253	-145	28.273	-17.936	-176.82	-1.7397	39.038	-251.49	-25.059	23.08	-235.69	-68.935	10.178
164.17	29.724	21.717	-162.39	37.545	-16.229	-144.98	28.278	-17.912	-176.82	-1.7454	39.038	-251.51	-25.077	23.078	-235.69	-68.939	10.188
164.17	29.729	21.722	-162.4	37.534	-16.244	-145	28.267	-17.926	-176.83	-1.736	39.041	-251.5	-25.087	23.075	-235.69	-68.944	10.197
164.17	29.729	21.713	-162.4	37.543	-16.235	-144.99	28.26	-17.825	-176.83	-1.7299	39.048	-251.51	-25.092	23.068	-235.68	-68.94	10.204
164.17	29.73	21.714	-162.4	37.542	-16.24	-144.99	28.269	-17.809	-176.84	-1.7243	39.045	-251.5	-25.095	23.06	-235.69	-68.93	10.201
164.17	29.724	21.716	-162.4	37.548	-16.244	-144.99	28.277	-17.8	-176.85	-1.726	39.052	-251.51	-25.084	23.06	-235.69	-68.929	10.206
164.17	29.726	21.717	-162.4	37.55	-16.231	-145	28.266	-17.814	-176.86	-1.7083	39.058	-251.51	-25.077	23.059	-235.7	-68.925	10.217
164.18	29.733	21.715	-162.4	37.548	-16.244	-145	28.266	-17.814	-176.87	-1.7013	39.056	-251.53	-25.051	23.054	-235.7	-68.922	10.225
164.17	29.723	21.713	-162.4	37.556	-16.235	-145.01	28.258	-17.817	-176.88	-1.6978	39.058	-251.53	-25.035	23.044	-235.71	-68.916	10.218
164.17	29.73	21.718	-162.4	37.55	-16.231	-145	28.266	-17.814	-176.89	-1.6887	39.062	-251.54	-25.005	23.048	-235.72	-68.914	10.227
164.17	29.728	21.714	-162.41	37.547	-16.242	-145.02	28.256	-17.814	-176.89	-1.6902	39.061	-251.54	-24.992	23.051	-235.72	-68.912	10.229
164.17	29.723	21.72	-162.42	37.553	-16.245	-145.02	28.248	-17.817	-176.89	-1.6857	39.068	-251.55	-24.986	23.052	-235.73	-68.916	10.226
164.17	29.727	21.719	-162.42	37.553	-16.246	-145.02	28.263	-17.819	-176.89	-1.6876	39.066	-251.56	-24.991	23.043	-235.73	-68.9	10.218
164.17	29.73	21.719	-162.41	37.555	-16.233	-145.01	28.259	-17.803	-176.89	-1.6905	39.068	-251.56	-24.987	23.048	-235.73	-68.9	10.218
164.17	29.733	21.715	-162.41	37.547	-16.186	-145.02	28.265	-17.806	-176.89	-1.7054	39.06	-251.55	-25.002	23.049	-235.74	-68.91	10.221
164.17	29.732	21.713	-162.42	37.553	-16.245	-145.02	28.248	-17.817	-176.9	-1.6986	39.065	-251.55	-25.017	23.043	-235.75	-68.909	10.21
164.17	29.735	21.716	-162.41	37.546	-16.242	-145.01	28.26	-17.797	-176.9	-1.7093	39.064	-251.55	-25.022	23.044	-235.74	-68.909	10.206
164.17	29.736	21.708	-162.43	37.559	-16.234	-145.01	28.269	-17.782	-176.9	-1.7122	39.058	-251.56	-25.041	23.045	-235.74	-68.914	10.215
164.17	29.735	21.717	-162.43	37.55	-16.256	-145.01	28.253	-17.793	-176.89	-1.7084	39.069	-251.54	-25.045	23.046	-235.75	-68.905	10.197
164.17	29.737	21.71	-162.43	37.551	-16.243	-145.01	28.251	-17.806	-176.9	-1.7111	39.063	-251.55	-25.032	23.037	-235.75	-68.902	10.204
164.17	29.736	21.719	-162.43	37.55	-16.256	-145.01	28.259	-17.803	-176.9	-1.7137	39.065	-251.55	-25.035	23.052	-235.75	-68.902	10.206
164.17	29.736	21.718	-162.41	37.555	-16.233	-145.01	28.259	-17.803	-176.89	-1.7192	39.067	-251.55	-25.017	23.045	-235.76	-68.904	10.203
164.17	29.732	21.718	-162.43	37.55	-16.256	-145.02	28.245	-17.796	-176.89	-1.7178	39.064	-251.56	-25.008	23.045	-235.76	-68.908	10.212
164.17	29.74	21.715	-162.4	37.558	-16.222	-145.01	28.243	-17.815	-176.88	-1.7173	39.064	-251.56	-25.008	23.05	-235.76	-68.904	10.203
164.17	29.726	21.717	-162.41	37.547	-16.242	-145.01	28.252	-17.799	-176.89	-1.7142	39.067	-251.56	-24.986	23.05	-235.75	-68.899	10.204
164.17	29.723	21.703	-162.41	37.545	-16.255	-145.01	28.253	-17.793	-176.89	-1.7298	39.067	-251.55	-24.986	23.043	-235.76	-68.892	10.202
164.18	29.724	21.717	-162.41	37.553	-16.252	-145.01	28.26	-17.79	-176.88	-1.7276	39.061	-251.54	-24.992	23.048	-235.76	-68.903	10.199
164.17	29.723	21.706	-162.4	37.557	-16.241	-145.01	28.243	-17.815	-176.88	-1.7344	39.071	-251.54	-24.994	23.049	-235.76	-68.896	10.199
164.17	29.723	21.707	-162.4	37.556	-16.235	-145.01	28.244	-17.802	-176.88	-1.7324	39.063	-251.53	-25.002	23.047	-235.77	-68.897	10.201
164.18	29.732	21.721	-162.4	37.548	-16.244	-145.02	28.24	-17.813	-176.87	-1.7285	39.074	-251.54	-25.006	23.041	-235.76	-68.896	10.199
164.17	29.725	21.705	-162.4	37.55	-16.231	-145.01	28.243	-17.815	-176.88	-1.7363	39.055	-251.53	-25.018	23.041	-235.77	-68.899	10.191
164.18	29.733	21.71	-162.4	37.557	-16.241	-145.01	28.243	-17.815	-176.87	-1.7245	39.06	-251.53	-25.023	23.047	-235.77	-68.889	10.197
164.18	29.727	21.724	-162.4	37.556	-16.241	-145.01	28.243	-17.815	-176.88	-1.7226	39.061	-251.54	-25.011	23.055	-235.77	-68.882	10.208
164.17	29.728	21.713	-162.41	37.553	-16.252	-145.01	28.243	-17.815	-176.88	-1.7221	39.062	-251.55	-24.996	23.044	-235.77	-68.883	10.205
164.18	29.733	21.711	-162.4	37.557	-16.241	-145.01	28.243	-17.815	-176.88	-1.7253	39.068	-251.55	-24.987	23.046	-235.78	-68.876	10.204
164.17	29.728	21.71	-162.4	37.558	-16.228	-145.01	28.244	-17.802	-176.88	-1.7222	39.065	-251.55	-24.974	23.051	-235.77	-68.873	10.221
164.18	29.733	21.711	-162.41	37.555	-16.239	-145	28.246	-17.804	-176.88	-1.7241	39.071	-251.57	-24.969	23.048	-235.78	-68.876	10.204
164.17	29.738	21.713	-162.41	37.561	-16.243	-145	28.253	-17.814	-176.88	-1.7265	39.066	-251.56	-24.952	23.06	-235.79	-68.876	10.207
164.17	29.735	21.718	-162.41	37.555	-16.239	-145	28.254	-17.801	-176.88	-1.7246	39.058	-251.57	-24.946	23.049	-235.8	-68.876	10.209
164.17	29.73	21.715	-162.4	37.564	-16.232	-145.02	28.24	-17.813	-176.89	-1.7334	39.064	-251.55	-24.955	23.05	-235.79	-68.877	10.214
164.17	29.735	21.71	-162.41	37.561	-16.243	-145.01	28.243	-17.815	-176.88	-1.7357	39.065	-251.57	-24.967	23.047	-235.8	-68.88	10.209
164.17	29.732	21.712	-162.41	37.547	-16.242	-145.02	28.239	-17.826	-176.87	-1.7365	39.068	-251.56	-24.98	23.058	-235.8	-68.869	10.207
164.16	29.734	21.71	-162.41	37.563	-16.23	-145	28.263	-17.793	-176.88	-1.7306	39.056	-251.57	-24.986	23.057	-235.81	-68.866	10.198
164.17	29.734	21.716	-162.41	37.561	-16.243	-145.01	28.253	-17.793	-176.88	-1.7285	39.071	-251.57	-24.986	23.055	-235.82	-68.868	10.21
164.16	29.734	21.712	-162.41	37.561	-16.243	-145.01	28.243	-17.815	-176.9	-1.7259	39.067	-251.57	-24.987	23.054	-235.82	-68.861	10.208
164.17	29.735	21.717	-162.41	37.561	-16.243	-145.01	28.253	-17.793	-176.89	-1.7316	39.068	-251.57	-24.975	23.056	-235.83	-68.856	10.217
164.17	29.735	21.717	-162.42	37.553	-16.245	-145.02	28.239	-17.826	-176.89	-1.7213	39.073	-251.58	-24.966	23.055	-235.83	-68.851	10.215
164.16	29.735	21.717	-162.42	37.558	-16.254	-145.03	28.231	-17.829	-176.9	-1.7279	39.073	-251.58	-24.949	23.053	-235.85	-68.861	10.207
164.16	29.732	21.723	-162.42	37.553	-16.245	-145.03	28.232	-17.815	-176.89	-1.7321	39.084	-251.58	-24.934	23.059	-235.84	-68.86	10.199
164.16	29.73	21.714	-162.42	37.553	-16.245	-145.02	28.24	-17.813	-176.89	-1.7313	39.064	-251.59	-24.939	23.06	-235.84	-68.857	10.209
164.16	29.73	21.712	-162.41	37.545	-16.199	-145.02	28.24	-17.813	-176.9	-1.7417	39.077	-251.6	-24.938	23.059	-235.84	-68.852	10.201
164.17	29.729	21.714	-162.43	37.551	-16.243	-145.02	28.249	-17.804	-176.89	-1.7316	39.068	-251.6	-24.945	23.065	-235.85	-68.869	10.209
164.16	29.728	21.713	-162.43	37.55	-16.256	-145.02	28.236	-17.804	-176.9	-1.7402	39.069	-251.6	-24.956	23.06	-235.85	-68.86	10.203
164.16	29.73	21.713	-162.41	37.555	-16.233	-145.03	28.232	-17.815	-176.9	-1.7469	39.074	-251.59	-24.973	23.071	-235.85	-68.862	10.22
164.16	29.73	21.715	-162.42	37.553	-16.245	-145.02	28.239	-17.826	-176.9	-1.7415	39.076	-251.59	-24.973	23.067	-235.85	-68.867	10.213
164.16	29.727	21.715	-162.41	37.546	-16.242	-145.02	28.24	-17.813	-176.89	-1.7488	39.075	-251.59	-24.975	23.068	-235.85	-68.866	10.218
164.16	29.73	21.714	-162.41	37.537	-16.208	-145.03	28.232	-17.815	-176.89	-1.7509	39.063	-251.59	-24.98	23.076	-235.85	-68.866	10.216
164.16	29.723	21.708	-162.43	37.545	-16.233	-145.02	28.24	-17.813	-176.87	-1.7702	39.06	-251.57	-24.985	23.096	-235.83	-68.876	10.229
164.16	29.728	21.719	-162.43	37.543	-16.246	-145.03	28.234	-17.802	-176.87	-1.7803	39.056	-251.58	-24.973	23.105	-235.82	-68.893	10.223
164.16	29.73	21.713	-162.42	37.548	-16.222	-145.02	28.231	-17.821	-176.86	-1.807	39.053	-251.58	-24.981	23.131	-235.81	-68.906	10.216
164.16	29.728	21.716	-162.42	37.546	-16.235	-145.03	28.232	-17.815	-176.83	-1.8472	39.042	-251.56	-24.986	23.169	-235.77	-68.921	10.233
164.16	29.731	21.715	-162.42	37.541	-16.211	-145.03	28.224	-17.824	-176.8	-1.8792	39.041	-251.57	-25.018	23.208	-235.73	-68.958	10.244
164.16	29.728	21.709	-162.41	37.544	-16.2	-145.02	28.232	-17.821	-176.75	-1.9222	39.026	-251.55	-25.06	23.272	-235.68	-69.005	10.256
164.16	29.731	21.713	-162.41	37.542	-16.213	-145.01	28.233	-17.83	-176.68	-1.9892	39.05	-251.53	-25.118	23.361	-235.59	-69.053	10.304
164.16	29.737	21.709	-162.41	37.534	-16.222	-145	28.236	-17.832	-176.57	-2.0539	39.088	-251.48	-25.19	23.49	-235.48	-69.125	10.344
164.15	29.736	21.717	-162.39	37.545	-16.099	-144.99	28.243	-17.954	-176.39	-2.1531	39.143	-251.4	-25.293	23.674	-235.29	-69.228	10.415
164.16	29.74	21.711	-162.37	37.542	-16.084	-144.98	28.228	-17.974	-176.19	-2.3186	39.185	-251.26	-25.366	23.965	-235.02	-69.346	10.513
164.15	29.738	21.713	-162.35	37.542	-16.059	-144.96	28.22	-18.004	-175.94	-2.5272	39.292	-251.04	-25.482	24.281	-234.64	-69.462	10.649
164.15	29.746	21.726	-162.32	37.543	-16.02	-144.97	28.181	-18.086	-175.62	-2.8095	39.459	-250.77	-25.67	24.71	-234.17	-69.585	10.829
164.15	29.74	21.716	-162.22	37.56	-15.901	-144.89	28.191	-18.055	-175.25	-3.1299	39.687	-250.52	-25.939	25.107	-233.6	-69.718	11.052
164.16	29.741	21.717	-162.11	37.663	-15.609	-144.91	28.256	-18.11	-174.71	-3.5419	39.974	-250.14	-26.204	25.71	-233.07	-69.841	11.279
164.16	29.742	21.717	-161.93	37.694	-15.408	-144.25	28.487	-17.657	-174.3	-4.2943	39.909	-249.63	-26.551	26.36	-232.56	-70.073	11.534
164.15	29.741	21.725	-161.52	37.722	-14.989	-143.65	28.619	-17.336	-173.43	-4.8504	40.433	-249.13	-26.958	27.073	-232.06	-70.407	11.863
164.15	29.738	21.726	-161.07	37.63	-14.507	-143.04	28.684	-17.037	-172.46	-5.4558	40.941	-248.36	-27.407	27.979	-231.51	-70.843	12.223
164.15	29.735	21.717	-160.31	37.51	-13.673	-142.3	28.665	-16.505	-171.24	-6.1517	41.648	-247.62	-27.951	28.857	-230.77	-71.304	12.634
164.15	29.731	21.728	-159.43	37.446	-12.378	-141.17	28.513	-15.224	-169.84	-6.9864	42.456	-246.58	-28.537	29.893	-229.75	-71.761	13.092
164.15	29.726	21.729	-158.32	37.281	-10.895	-140.05	28.269	-13.908	-168.32	-8.0125	43.547	-245.52	-29.205	30.974	-228.38	-72.15	13.574
164.13	29.718	21.722	-156.88	37.028	-9.0408	-138.47	28.024	-12.183	-166.74	-9.0863	44.807	-244.21	-29.921	32.18	-226.82	-72.544	14.102
164.14	29.719	21.723	-155.2	36.697	-6.8551	-136.53	27.768	-10.183	-164.95	-10.242	46.229	-242.62	-30.612	33.633	-225.16	-73.008	14.838
164.14	29.72	21.72	-153.34	36.448	-4.8336	-134.34	27.353	-7.6905	-162.68	-11.262	48.371	-240.88	-31.364	35.202	-223.5	-73.574	15.837
164.13	29.719	21.734	-151.45	36.088	-2.7859	-131.73	26.774	-5.3644	-160.39	-12.751	49.979	-238.93	-32.132	36.865	-221.78	-74.22	17.097
164.13	29.725	21.73	-149.38	35.785	-0.34409	-128.02	26.503	-2.2785	-158.06	-14.506	51.199	-236.75	-32.935	38.797	-219.65	-75.371	18.921
164.13	29.713	21.728	-147.18	35.695	2.0046	-124.6	25.518	0.36766	-155.26	-16.003	52.962	-234.45	-33.806	40.731	-217.83	-75.85	20.121
164.12	29.718	21.726	-144.83	35.559	4.4521	-120.89	24.425	2.6715	-152.24	-17.594	54.607	-231.9	-34.762	42.8	-215.53	-76.378	21.525
164.12	29.713	21.727	-142.32	35.324	6.9175	-116.96	23.025	4.9521	-148.92	-19.196	56.397	-229.22	-35.703	44.898	-212.8	-76.818	22.965
164.12	29.715	21.729	-139.51	35.039	9.4661	-112.54	21.686	7.5349	-145.52	-20.885	58.306	-226.29	-36.702	47.038	-209.92	-77.436	24.497
164.12	29.723	21.728	-136.33	34.699	12.105	-107.99	20.212	10.164	-141.87	-22.512	60.444	-223.15	-37.702	49.164	-206.85	-78.084	26.134
164.12	29.723	21.73	-132.79	34.063	14.977	-103.31	18.532	12.732	-138.3	-24.196	62.502	-219.77	-38.645	51.246	-203.6	-78.721	27.772
164.13	29.728	21.732	-128.88	33.423	17.76	-98.429	16.799	15.643	-134.44	-25.803	64.868	-216.19	-39.509	53.263	-200.22	-79.341	29.542
164.13	29.73	21.724	-124.57	32.492	20.412	-93.301	15.01	18.556	-130.55	-27.39	67.163	-212.38	-40.306	55.26	-196.64	-79.943	31.325
164.14	29.734	21.715	-119.99	31.504	23.133	-88.105	13.138	21.371	-126.48	-28.937	69.62	-207.64	-41.301	57.697	-193.35	-80.655	33.03
164.13	29.733	21.732	-115.1	30.576	25.969	-82.7	11.485	24.432	-122.33	-30.416	71.786	-204.3	-41.719	59.1	-189.33	-81.121	34.855
164.14	29.735	21.725	-109.99	29.486	28.261	-77.24	9.907	27.468	-117.94	-31.808	74.142	-200.55	-42.142	60.522	-185.13	-81.543	36.571
164.14	29.734	21.729	-104.61	28.449	30.654	-71.758	8.544	30.542	-113.42	-33.153	76.494	-196.1	-42.478	62.191	-180.57	-81.934	38.215
164.15	29.734	21.722	-99.097	27.479	32.957	-66.211	7.3266	33.541	-108.68	-34.373	78.704	-191.39	-42.727	63.842	-175.82	-82.293	39.636
164.15	29.741	21.725	-93.425	26.693	35.244	-60.42	6.2573	36.43	-103.74	-35.467	80.955	-186.43	-42.947	65.362	-170.62	-82.637	41.075
164.16	29.729	21.715	-87.716	25.955	37.221	-54.486	5.4929	39.18	-98.639	-36.414	82.923	-181.15	-43.155	66.967	-165.18	-82.985	42.462
164.16	29.727	21.721	-81.982	25.393	38.949	-48.323	4.7675	41.654	-93.148	-37.195	85.135	-175.65	-43.44	68.48	-159.56	-83.31	43.798
164.16	29.727	21.722	-76.18	25.005	40.596	-41.888	3.9693	43.772	-87.527	-37.817	86.485	-169.82	-43.753	70.051	-153.65	-83.622	45.249
164.16	29.72	21.729	-70.347	24.702	41.729	-35.098	3.2508	45.79	-81.589	-38.307	88.072	-163.73	-44.156	71.612	-147.64	-83.893	46.737
164.17	29.719	21.723	-64.389	24.465	42.891	-27.987	2.5191	47.672	-75.358	-38.731	89.43	-157.47	-44.616	73.111	-141.48	-84.121	48.249
164.16	29.718	21.731	-58.31	24.24	43.559	-20.448	1.6813	49.302	-68.965	-39.126	91.026	-151.01	-45.121	74.567	-135.25	-84.315	49.728
164.16	29.719	21.729	-52.14	24.035	44.11	-12.726	0.6246	50.604	-62.384	-39.386	91.604	-144.39	-45.517	75.936	-128.93	-84.463	51.18
164.16	29.714	21.728	-45.88	23.873	44.594	-4.6371	-0.50526	51.806	-55.603	-39.683	92.421	-137.66	-45.849	77.216	-122.5	-84.574	52.541
164.16	29.714	21.728	-39.541	23.665	44.817	3.5709	-1.7418	52.639	-48.663	-39.95	93.457	-130.83	-45.997	78.425	-115.99	-84.639	53.759
164.16	29.721	21.725	-33.104	23.6	44.818	11.859	-2.8607	53.613	-41.607	-40.262	93.486	-123.91	-46.017	79.595	-109.32	-84.611	54.882
164.16	29.719	21.729	-26.673	23.495	44.83	20.047	-4.0936	54.071	-34.49	-40.597	94.057	-116.91	-45.895	80.631	-102.62	-84.552	55.759
164.16	29.721	21.726	-20.201	23.504	44.691	28.43	-5.0803	54.729	-27.208	-40.868	93.753	-109.83	-45.678	81.648	-95.752	-84.441	56.549
164.15	29.713	21.725	-13.744	23.487	44.336	36.651	-6.3231	54.532	-19.9	-41.186	93.947	-102.67	-45.438	82.572	-88.929	-84.304	57.093
164.15	29.718	21.723	-7.3364	23.609	43.875	44.807	-7.2657	54.546	-12.525	-41.425	93.168	-95.43	-45.208	83.406	-82.082	-84.147	57.495
164.14	29.725	21.729	-0.97067	23.765	43.443	52.932	-8.3076	54.021	-5.0768	-41.722	92.991	-88.145	-45.09	84.124	-75.221	-83.92	57.769
164.14	29.726	21.716	5.3412	24.072	42.958	60.891	-9.1477	53.312	2.4402	-41.929	91.821	-80.803	-45.046	84.744	-68.365	-83.676	57.966
164.14	29.728	21.73	11.54	24.336	42.166	68.796	-10.089	52.234	9.8973	-42.213	91.147	-73.42	-45.13	85.267	-61.61	-83.434	57.972
164.14	29.729	21.722	17.636	24.699	41.339	76.55	-10.874	50.945	17.399	-42.385	89.611	-66.039	-45.303	85.658	-54.912	-83.146	57.927
164.14	29.727	21.719	23.724	25.049	40.426	84.092	-11.796	49.029	24.838	-42.57	88.291	-58.645	-45.49	85.934	-48.35	-82.85	57.716
164.14	29.733	21.723	29.786	25.386	39.414	91.487	-12.718	47.015	32.093	-42.696	86.682	-51.334	-45.649	85.994	-41.832	-82.519	57.478
164.14	29.735	21.716	35.591	25.816	37.964	98.869	-13.856	44.953	39.234	-42.719	85.29	-44.218	-45.875	85.661	-35.467	-82.165	57.164
164.13	29.727	21.73	41.294	26.201	36.54	105.85	-14.682	42.69	46.259	-42.472	83.254	-37.15	-45.772	85.483	-29.172	-81.744	56.831
164.13	29.731	21.73	46.693	26.646	34.731	112.98	-15.832	40.327	53.089	-42.159	81.741	-30.248	-45.442	85.157	-23.059	-81.205	56.512
164.13	29.725	21.728	51.966	27.238	32.978	119.68	-16.922	38.072	59.623	-41.579	79.613	-23.607	-44.869	84.801	-17.104	-80.594	56.165
164.13	29.729	21.72	56.831	27.83	31.272	125.95	-17.417	35.804	65.816	-40.96	77.704	-17.301	-44.051	84.391	-11.372	-79.868	55.819
164.13	29.729	21.728	61.543	28.785	29.621	132.06	-17.983	33.544	71.813	-40.257	75.735	-11.267	-43.098	83.958	-5.7567	-79.065	55.446
164.13	29.725	21.725	65.84	29.556	28.084	137.94	-18.178	31.186	77.542	-39.518	74.019	-5.4524	-42.034	83.551	-0.43268	-78.199	54.898
164.13	29.722	21.716	70.097	30.629	26.831	143.51	-18.167	29.378	83.051	-38.735	72.176	0.099223	-40.987	83.071	4.7186	-77.303	54.292
164.12	29.72	21.727	74.422	31.9	26.061	148.74	-17.672	27.393	88.262	-38.009	70.527	5.4773	-39.961	82.587	9.6247	-76.373	53.596
164.13	29.723	21.734	78.504	33.193	25.314	153.34	-17.006	25.684	93.234	-37.223	68.861	10.632	-39.072	82.019	14.403	-75.42	52.813
164.13	29.719	21.725	82.519	34.484	24.734	157.91	-16.139	24.039	97.938	-36.406	67.453	15.555	-38.312	81.408	18.895	-74.47	51.897
164.13	29.717	21.731	86.516	35.797	24.077	162.15	-15.054	22.782	102.38	-35.428	66.128	20.284	-37.653	80.786	23.217	-73.492	50.988
164.13	29.726	21.73	90.328	37.123	23.284	166.16	-13.764	21.439	106.72	-34.285	65.061	24.737	-37.049	80.084	27.297	-72.419	50.176
164.13	29.723	21.733	94.078	38.279	22.194	169.99	-12.282	20.006	110.7	-32.998	63.991	28.923	-36.416	79.27	31.173	-71.251	49.411
164.13	29.73	21.726	97.65	39.506	20.784	173.42	-10.778	18.81	114.54	-31.509	63.329	32.856	-35.533	78.482	34.857	-69.942	48.774
164.13	29.723	21.724	101.14	40.542	19.126	176.65	-9.2701	17.734	118.02	-29.941	62.537	36.393	-34.249	77.722	38.3	-68.525	48.292
164.12	29.723	21.724	104.37	41.354	17.005	179.54	-7.6143	16.309	121.4	-28.225	61.904	39.584	-32.426	77.01	41.488	-67.012	47.998
164.13	29.731	21.729	107.78	42.386	15.009	182.26	-5.9581	14.878	124.62	-26.472	61.259	42.488	-30.05	76.327	44.542	-65.407	47.775
164.14	29.732	21.728	111.05	43.191	12.967	184.75	-4.3395	13.034	127.74	-24.655	60.597	45.281	-27.408	75.574	47.49	-63.771	47.637
164.12	29.734	21.723	114.22	43.78	10.665	186.99	-2.8054	11.369	130.6	-22.913	59.829	48.034	-24.671	74.8	50.211	-62.126	47.394
164.13	29.734	21.718	117.36	44.478	8.5743	188.67	-0.57938	9.3956	133.52	-21.204	59.137	50.699	-21.947	73.977	52.893	-60.496	47.121
163.99	29.773	21.898	120.31	45.092	6.4166	190.33	1.5017	7.02	136.28	-19.577	58.358	53.203	-19.402	73.098	55.433	-58.911	46.693
164.02	29.777	21.916	123.27	45.822	4.6337	191.65	3.5098	5.0308	138.99	-18.055	57.492	55.856	-16.892	72.667	57.879	-57.388	46.226
164.07	29.821	21.987	126.11	46.523	3.0504	192.33	6.2751	2.5053	141.56	-16.664	56.529	58.206	-14.972	71.913	60.168	-55.89	45.748
164.13	29.903	22.138	128.99	47.238	1.6675	192.87	8.6934	0.25493	144.19	-15.364	55.716	60.489	-13.535	71.219	62.386	-54.463	45.103
164.17	29.91	22.144	131.8	47.928	0.42799	192.69	11.665	-2.4447	146.69	-14.18	54.88	62.331	-13.12	69.272	64.471	-53.065	44.434
164.18	29.957	22.223	134.69	48.617	-0.72517	192.27	15.078	-4.4559	149.08	-12.987	53.947	64.121	-12.604	67.928	66.422	-51.724	43.762
164.13	29.855	22.04	137.51	49.339	-1.511	191.35	18.852	-6.1712	151.34	-11.792	53.224	66.985	-11.417	68.125	68.231	-50.407	43.028
163.8	29.254	20.97	140.09	50.16	-2.4073	190.27	22.489	-7.8431	153.47	-10.499	52.576	69.184	-10.662	67.494	69.97	-49.074	42.38
163.8	29.262	20.977	142.56	51.001	-3.0812	189	26.327	-8.9269	155.35	-9.1371	51.997	71.196	-9.8129	66.888	71.591	-47.746	41.733
163.89	29.368	20.992	144.9	51.88	-3.6422	187.76	29.683	-9.8321	157.14	-7.6486	51.653	73.007	-8.8605	66.387	73.069	-46.394	41.185
164.65	30.24	21.226	147.42	52.536	-4.259	186.37	32.974	-10.409	158.67	-6.205	51.322	74.499	-7.6723	65.999	74.475	-44.98	40.763
165.69	31.384	21.112	149.78	53.325	-4.7053	185.25	35.723	-10.888	160.21	-4.6805	51.343	75.665	-6.2471	65.673	75.755	-43.511	40.396
166.86	33.165	21.215	152.05	54.094	-4.6927	185.36	37.99	-10.869	161.52	-3.1652	51.355	76.697	-4.5908	65.495	76.969	-42.028	40.069
167.78	35.135	21.336	154.23	54.943	-4.9559	184.86	39.853	-11.336	162.64	-1.6238	51.59	77.583	-2.7801	65.237	78.06	-40.466	39.864
168.72	36.754	21.538	155.49	56.387	-4.9272	184.94	41.564	-11.107	163.55	-0.060052	51.936	78.413	-0.89669	65.015	79.079	-38.864	39.714
170.09	38.057	21.72	156.92	57.793	-4.8093	186.01	42.982	-10.599	164.35	1.5483	52.421	79.319	1.099	64.932	79.961	-37.246	39.662
171.49	39.273	22.088	158.46	59.146	-4.4621	187.36	44.41	-10.299	165.07	3.2986	52.97	80.079	3.0362	64.879	80.869	-35.543	39.662
172.65	40.701	22.732	159.79	60.581	-3.9831	188.45	45.879	-9.6854	165.65	5.064	53.419	80.732	5.0167	64.878	81.734	-33.746	39.773
173.46	42.397	23.372	160.95	62.228	-3.524	189.41	47.568	-8.8926	166.38	6.835	54.144	80.72	6.5523	64.246	82.485	-31.848	40.039
174.16	44.3	24.242	161.92	64.087	-2.7372	190.29	49.526	-7.9987	166.88	8.654	54.813	81.712	8.8116	65.156	83.16	-29.937	40.232
174.73	46.333	25.093	162.66	66.19	-1.9672	190.85	51.717	-7.19	167.28	10.641	55.55	82.076	10.704	65.462	83.819	-27.973	40.593
175.25	48.551	25.995	163.25	68.56	-0.94064	191.44	54.118	-6.0099	167.69	12.789	56.419	82.411	12.575	65.813	84.399	-26.054	40.814
175.55	51.039	26.977	163.61	71.114	0.21324	191.64	56.774	-4.9578	167.94	15.093	57.21	82.181	14.07	65.416	84.929	-24.064	41.131
175.66	53.721	27.958	163.69	73.826	1.2589	191.91	59.635	-3.9404	168.24	17.595	58.079	83.149	16.786	67.475	85.443	-22.095	41.366
175.57	56.628	28.914	163.59	76.734	2.339	191.91	62.802	-2.7604	168.36	20.3	58.96	83.475	18.901	68.293	85.943	-19.983	41.778
175.42	59.716	29.904	163.27	79.716	3.329	191.81	66.094	-1.9662	168.33	23.175	59.725	83.446	20.741	68.485	86.426	-17.826	42.256
175.09	62.967	30.792	162.75	82.941	4.2028	191.55	69.595	-0.72314	168.35	26.247	60.649	83.479	22.77	68.945	86.825	-15.612	42.726
174.68	66.426	31.793	162.16	86.193	5.1748	191.14	73.123	0.10821	168.22	29.45	61.461	83.601	25.065	69.787	87.263	-13.319	43.328
174.1	69.912	32.624	161.32	89.578	6.1937	190.67	76.945	1.0002	168.12	32.755	62.311	83.332	27.097	69.934	87.555	-11.003	43.876
173.42	73.527	33.469	160.39	93.004	7.137	190.02	80.792	2.1336	167.95	36.154	63.16	83.163	29.384	70.424	87.915	-8.642	44.363
172.69	77.147	34.218	159.32	96.428	8.0101	189.4	84.515	2.6954	167.71	39.605	63.967	82.979	31.75	70.979	88.205	-6.2836	44.803
171.94	80.786	34.903	158.2	99.811	8.6958	188.67	88.4	3.6481	167.41	43.057	64.586	82.728	34.176	71.487	88.428	-3.8728	45.194
171.14	84.3	35.376	157.15	103.18	9.4215	188.01	92.063	4.3091	167.12	46.487	65.231	82.452	36.654	71.996	88.63	-1.4335	45.6
170.47	87.851	35.861	156.11	106.49	9.9684	187.24	95.583	4.5398	166.8	49.923	65.731	82.34	39.309	72.712	88.731	1.1015	46.039
169.72	91.22	36.121	155.11	109.75	10.439	186.44	99.152	4.9698	166.47	53.256	66.159	82.043	41.884	73.072	88.797	3.6985	46.564
169.1	94.654	36.459	154.1	112.91	11.015	185.76	102.57	5.2916	166.2	56.533	66.495	81.757	44.478	73.4	88.851	6.2917	46.979
168.41	97.938	36.64	153.14	116.05	11.389	185.02	105.93	5.4336	165.89	59.713	66.72	81.093	46.542	72.505	88.922	8.9041	47.321
167.81	101.23	36.846	152.15	119.19	11.662	184.39	109.23	5.6195	165.61	62.837	66.89	80.815	49.147	72.711	88.989	11.429	47.481
167.17	104.4	36.959	151.21	122.19	11.908	183.76	112.61	5.8219	165.32	65.919	67.013	80.567	51.727	72.815	89.054	13.9	47.591
166.54	107.56	37.034	150.34	125.25	12.11	183.04	115.92	5.8615	165.04	68.937	67.077	80.37	54.263	72.897	89.178	16.305	47.567
165.93	110.67	37.072	149.53	128.17	12.263	182.42	119.06	5.8003	164.8	71.986	67.112	80.207	56.716	72.945	89.311	18.658	47.513
165.28	113.73	37.02	148.7	131.08	12.377	181.66	122.32	5.7218	164.57	74.982	67.042	80.08	59.049	72.92	89.488	21.017	47.492
164.74	116.81	37.046	147.8	133.92	12.32	181.02	125.45	5.7212	164.33	77.959	66.954	80.01	61.301	72.893	89.623	23.317	47.515
164.05	119.76	36.843	146.9	136.64	12.3	180.49	128.57	5.6741	164.12	80.926	66.873	79.997	63.472	72.903	89.848	25.609	47.55
163.42	122.65	36.686	146.14	139.37	12.261	179.68	131.57	5.3224	163.95	83.805	66.755	79.954	65.533	72.81	90.091	27.829	47.589
162.81	125.51	36.516	145.37	142	12.235	179.12	134.55	5.2648	163.77	86.665	66.614	79.996	67.526	72.751	90.308	29.945	47.56
162.17	128.3	36.356	144.47	144.5	12.126	178.53	137.53	5.2622	163.6	89.443	66.495	80.034	69.482	72.674	90.616	31.992	47.491
161.59	131.05	36.297	143.64	147	11.97	177.76	140.47	5.0108	163.44	92.139	66.303	80.092	71.406	72.592	90.905	33.953	47.417
160.95	133.71	36.168	142.94	149.47	12.056	177.17	143.3	4.9548	163.27	94.764	66.149	80.146	73.232	72.421	91.245	35.859	47.205
160.4	136.34	36.097	142.08	151.84	11.847	176.54	146.14	4.8512	163.1	97.33	66.01	80.234	75.033	72.301	91.549	37.72	47.068
159.84	138.89	35.969	141.43	154.16	11.946	176.05	148.87	4.8783	162.95	99.847	65.849	80.34	76.784	72.144	91.877	39.526	46.922
159.24	141.34	35.769	140.65	156.34	11.726	175.37	151.49	4.596	162.79	102.3	65.665	80.453	78.473	72.012	92.234	41.272	46.768
158.75	143.74	35.643	140.03	158.54	11.653	174.97	153.97	4.4847	162.67	104.7	65.513	80.56	80.115	71.826	92.561	43.007	46.616
158.22	146.03	35.454	139.34	160.53	11.326	174.4	156.34	4.2277	162.55	107.02	65.324	80.696	81.738	71.714	92.874	44.68	46.434
157.75	148.19	35.171	138.81	162.49	11.119	173.89	158.63	3.8657	162.45	109.24	65.131	80.798	83.326	71.543	93.152	46.307	46.287
157.35	150.25	34.846	138.29	164.29	10.86	173.57	160.77	3.6788	162.35	111.41	64.922	81.105	85.167	72.043	93.391	47.932	46.205
157.01	152.22	34.525	137.88	166.01	10.406	173.12	162.78	3.1344	162.25	113.47	64.713	81.238	86.725	71.871	93.635	49.494	46.161
156.72	154.07	34.242	137.52	167.66	10.03	172.87	164.57	2.8782	162.2	115.46	64.483	81.299	88.299	71.743	93.861	51.049	46.166
156.48	155.84	33.874	137.23	169.22	9.6159	172.63	166.38	2.4917	162.17	117.34	64.245	81.387	89.814	71.54	94.105	52.524	46.105
156.28	157.51	33.523	136.96	170.67	9.2249	172.52	168.07	2.2066	162.14	119.1	64.006	81.449	91.293	71.302	94.325	53.925	46.022
156.14	159.08	33.247	136.76	172.08	8.798	172.4	169.58	1.992	162.15	120.77	63.813	81.48	92.782	71.165	94.614	55.272	45.89
156.04	160.58	32.912	136.62	173.46	8.5261	172.25	171.14	1.626	162.16	122.36	63.548	81.555	94.149	70.912	94.851	56.523	45.734
156.07	161.25	32.83	136.59	174.16	8.3681	172.25	171.7	1.4553	162.25	122.98	63.444	81.584	94.662	70.693	94.993	57.003	45.608
155.97	163.34	32.33	136.46	175.93	7.722	172.03	173.82	0.84634	162.25	125.25	63.093	81.721	96.67	70.396	95.344	58.854	45.402
155.87	164.55	31.957	136.41	177.03	7.3434	172.1	175.02	0.63583	162.31	126.57	62.873	81.883	97.788	70.199	95.582	59.934	45.228
155.94	165.78	31.73	136.39	178.14	6.9236	172.03	176.23	0.10089	162.38	127.8	62.563	82.03	98.78	69.868	95.812	60.949	45.031
155.87	166.85	31.227	136.37	179.11	6.4626	172.06	177.34	-0.11013	162.44	129	62.287	82.246	99.729	69.63	96.064	61.926	44.814
155.9	167.91	30.928	136.35	180.03	6.0436	172.05	178.37	-0.54074	162.5	130.12	61.919	82.442	100.6	69.311	96.302	62.825	44.615
155.88	168.9	30.503	136.35	180.91	5.599	172.18	179.37	-0.91101	162.61	131.21	61.601	82.679	101.42	69.013	96.557	63.688	44.404
155.85	169.83	29.965	136.32	181.72	5.049	172.06	180.33	-1.4127	162.69	132.23	61.232	82.926	102.23	68.708	96.841	64.477	44.145
155.82	170.71	29.483	136.27	182.48	4.4444	172.03	181.15	-1.9578	162.78	133.2	60.778	83.12	103	68.32	97.057	65.225	43.957
155.79	171.54	28.962	136.19	183.13	3.8473	172.19	181.98	-2.342	162.89	134.16	60.374	83.326	103.73	68.019	97.323	65.917	43.718
155.79	172.33	28.365	136.1	183.74	3.2131	172.08	182.7	-3.1011	162.97	135.06	59.919	83.52	104.49	67.733	97.528	66.56	43.573
155.75	173.08	27.713	136.04	184.24	2.513	172.04	183.4	-3.6296	163.04	135.91	59.386	83.683	105.19	67.375	97.77	67.164	43.366
155.77	173.77	27.146	136.03	184.8	1.8935	171.92	183.98	-4.4847	163.16	136.73	58.927	83.798	105.83	66.989	98.001	67.733	43.178
155.74	174.36	26.452	136.01	185.25	1.1398	172.01	184.53	-5.0916	163.27	137.51	58.415	83.909	106.51	66.673	98.218	68.259	42.939
155.76	174.94	25.717	135.97	185.6	0.39003	171.93	185.04	-5.9981	163.37	138.26	57.846	84.041	107.06	66.279	98.439	68.762	42.714
155.77	175.43	25.005	135.97	185.97	-0.27978	172.07	185.49	-6.5425	163.47	138.93	57.343	84.189	107.66	65.921	98.628	69.224	42.549
155.77	175.91	24.361	136.04	186.33	-1.0941	172.14	185.94	-7.1792	163.58	139.55	56.82	84.372	108.16	65.535	98.853	69.661	42.266
155.87	176.36	23.765	136.08	186.56	-1.7666	172.11	186.33	-7.9018	163.71	140.12	56.315	84.559	108.61	65.083	99.086	70.063	41.962
155.93	176.74	23.136	136.17	186.89	-2.3205	172.28	186.66	-8.4532	163.79	140.6	55.712	84.746	109.07	64.615	99.296	70.414	41.633
156.26	177.01	22.847	136.23	187.14	-2.9002	172.35	187.06	-9.0104	163.93	141.08	55.229	85.178	109.72	64.749	99.505	70.76	41.357
156.66	177.39	22.714	136.41	187.63	-3.0612	172.61	187.48	-9.3369	164.11	141.46	54.83	85.395	110.08	64.331	99.752	71.043	41.013
156.93	177.77	22.725	136.58	188.03	-3.1778	172.87	187.87	-9.6637	164.26	141.63	54.452	85.608	110.4	63.954	99.992	71.263	40.653
157.12	178.13	22.701	136.78	188.4	-3.0797	173.02	188.32	-9.6927	164.49	141.77	54.132	85.621	110.41	63.055	100.25	71.422	40.234
157.26	178.47	22.713	136.86	188.69	-3.2288	173.03	188.74	-9.9407	164.68	141.9	53.916	85.844	110.57	62.76	100.51	71.514	39.871
157.44	178.79	22.728	137.05	189.04	-3.1915	173.31	189.17	-9.7642	164.87	142.02	53.637	86.088	110.65	62.469	100.77	71.594	39.56
157.56	179.1	22.72	137.09	189.23	-3.1884	173.33	189.5	-10.007	165.07	142.17	53.551	86.406	110.63	62.283	101.1	71.624	39.219
157.61	179.32	22.719	137.15	189.44	-3.3386	173.68	189.88	-9.78	165.24	142.32	53.335	86.907	110.82	62.662	101.35	71.635	39.014
157.72	179.57	22.739	137.22	189.62	-3.3337	173.66	190.13	-10.079	165.4	142.48	53.263	87.034	110.5	61.978	101.62	71.655	38.893
157.79	179.76	22.72	137.29	189.74	-3.3659	173.92	190.48	-9.96	165.52	142.66	53.194	87.374	110.36	61.815	101.92	71.685	38.764
157.82	179.91	22.717	137.33	189.82	-3.4109	174.18	190.65	-10.065	165.64	142.84	53.082	87.708	110.24	61.67	102.17	71.684	38.728
157.89	180.02	22.715	137.36	189.85	-3.492	174.41	190.77	-10.076	165.77	142.98	53.029	88.025	110.17	61.547	102.43	71.671	38.61
157.96	180.12	22.749	137.41	189.82	-3.7603	174.78	190.85	-10.091	165.88	143.08	52.985	88.261	110.15	61.476	102.63	71.668	38.656
158.04	180.2	22.788	137.44	189.72	-3.9798	175.27	190.87	-10.181	166	143.17	52.877	88.492	110.17	61.466	102.88	71.654	38.657
158.13	180.23	22.804	137.45	189.55	-4.1178	175.78	190.74	-10.268	166.12	143.23	52.81	88.656	110.2	61.472	103.03	71.596	38.759
158.25	180.23	22.78	137.42	189.3	-4.4122	176.45	190.61	-10.429	166.22	143.25	52.759	88.715	110.25	61.462	103.16	71.532	38.767
158.38	180.21	22.721	137.34	189.01	-4.5965	177.25	190.32	-10.371	166.34	143.23	52.793	88.721	110.31	61.506	103.19	71.424	38.976
158.67	180.21	22.591	137.22	188.75	-4.4963	178.25	190.08	-10.445	166.25	143.04	52.747	88.634	110.36	61.571	103.18	71.313	39.233
158.82	180.23	22.605	136.98	188.43	-4.4711	179.48	189.66	-10.054	166.29	142.83	52.779	88.538	110.39	61.812	103.14	71.1	39.499
158.94	180.23	22.544	136.59	188.15	-4.2152	180.81	189.25	-9.6817	166.31	142.5	52.881	88.367	110.28	62.002	103.07	70.831	39.755
159.1	180.24	22.479	136.08	187.87	-3.7122	182.29	188.79	-9.0077	166.26	142.01	53.016	88.188	110.07	62.221	102.98	70.471	40.038
159.2	180.36	22.496	135.36	187.7	-2.9692	183.94	188.18	-8.1557	166.18	141.36	53.218	87.956	109.71	62.532	102.85	69.985	40.28
159.21	180.43	22.485	134.52	187.48	-2.1028	185.9	187.5	-6.9628	166.12	140.57	53.489	87.755	109.17	62.913	102.61	69.401	40.678
159.2	180.46	22.463	133.65	187.22	-1.1241	187.91	186.74	-5.5178	166.08	139.64	53.908	87.555	108.47	63.386	102.4	68.719	40.864
159.22	180.41	22.481	132.75	186.89	-0.01099	190.02	185.83	-3.8209	165.93	138.53	54.348	87.398	107.59	63.963	102.1	67.949	41.254
159.18	180.36	22.483	131.91	186.42	1.147	192.27	185.03	-1.2827	165.81	137.3	54.937	87.293	106.54	64.647	101.78	67.109	41.511
159.14	180.32	22.485	131.13	185.85	2.2884	194.06	183.82	0.63731	165.62	135.94	55.605	87.13	105.34	65.287	101.4	66.188	41.795
159.11	180.3	22.48	130.49	185.12	3.6798	195.68	182.53	2.73	165.35	134.46	56.297	87.186	104.29	66.518	100.95	65.152	42.151
159.1	180.29	22.49	129.91	184.24	4.7545	197.08	181	4.5277	165.05	132.89	57.147	86.757	102.66	66.613	100.45	64.062	42.531
159.12	180.31	22.487	129.48	183.24	5.9303	198.26	179.2	6.5428	164.71	131.27	58.061	86.467	101.27	67.296	99.899	62.91	43.021
159.14	180.32	22.479	129.11	182.01	6.9552	199.2	177.22	8.1275	164.21	129.55	59.012	86.003	99.915	67.948	99.251	61.72	43.647
159.18	180.36	22.477	128.83	180.64	7.9475	200.1	175.03	9.8703	163.67	127.83	60.041	85.434	98.576	68.6	98.512	60.483	44.384
159.23	180.4	22.468	128.54	179.06	8.7706	200.68	172.6	11.348	163.09	126.04	61.166	84.635	97.278	69.257	97.718	59.166	45.219
159.25	180.41	22.467	128.25	177.39	9.4072	201.09	170.1	12.786	162.33	124.21	62.36	83.855	96.232	70.393	96.789	57.807	46.132
159.25	180.39	22.482	128.09	175.57	10.242	201.42	167.42	14.153	161.44	122.33	63.592	82.476	94.815	70.639	95.821	56.386	47.009
159.23	180.39	22.468	127.8	173.65	10.921	201.4	164.67	15.633	160.4	120.35	64.812	81.149	93.623	71.344	94.689	54.893	48.052
159.24	180.38	22.476	127.59	171.7	11.809	201.32	161.82	17.14	159.31	118.29	66.176	79.86	92.641	72.638	93.474	53.322	49.074
159.25	180.38	22.471	127.29	169.59	12.756	200.96	158.99	18.804	158.13	116.18	67.591	78.092	91.139	72.938	92.13	51.673	50.098
159.28	180.4	22.479	126.87	167.48	13.774	200.39	156.06	20.202	156.75	113.95	68.96	76.618	89.964	74.294	90.69	49.943	51.092
159.28	180.4	22.479	126.32	165.25	14.95	199.54	153.28	21.905	155.25	111.66	70.454	74.61	88.092	74.575	89.087	48.141	52.179
159.28	180.4	22.476	125.55	163.03	16.12	198.35	150.48	23.445	153.61	109.32	71.971	72.776	86.294	75.507	87.38	46.274	53.232
159.28	180.39	22.464	124.65	160.77	17.512	196.86	147.73	24.861	151.74	106.93	73.473	70.326	83.711	75.271	85.511	44.344	54.277
159.28	180.39	22.464	123.48	158.49	18.86	195.05	145.04	26.518	149.7	104.56	75.076	68.233	81.475	76.32	83.464	42.349	55.38
159.29	180.4	22.477	122.02	156.2	20.211	192.95	142.44	28.003	147.39	102.18	76.603	66.514	79.746	78.788	81.263	40.281	56.548
159.29	180.39	22.473	120.32	153.91	21.583	190.4	139.95	29.435	144.92	99.9	78.347	64.074	77.312	79.955	78.864	38.216	57.81
159.3	180.4	22.461	118.29	151.6	23.033	187.58	137.61	31.122	142.12	97.666	79.982	61.609	75.063	81.62	76.285	36.114	59.055
159.3	180.4	22.476	115.91	149.25	24.41	184.33	135.43	32.721	139.05	95.522	81.749	58.47	72.399	82.338	73.483	33.956	60.326
159.29	180.4	22.466	113.23	146.92	25.695	180.66	133.46	34.178	135.65	93.448	83.524	55.211	70.005	83.606	70.455	31.776	61.63
159.3	180.4	22.473	110.33	144.61	27.22	176.7	131.56	35.916	131.94	91.455	85.292	51.541	67.596	84.762	67.195	29.58	63.01
159.31	180.4	22.482	107	142.31	28.536	172.08	129.66	36.84	128.07	89.849	87.655	47.75	65.5	86.448	63.712	27.358	64.449
159.31	180.39	22.474	103.46	140.02	29.94	167.21	128.19	38.432	123.78	88.003	89.484	43.282	63.042	87.272	60.004	25.1	65.806
159.48	180.63	23.086	99.529	137.72	31.136	162.2	127.1	40.688	119.23	86.191	91.293	38.794	60.782	88.438	56.059	22.832	67.145
159.44	180.63	23.081	95.532	135.53	32.539	156.51	125.74	42.135	114.44	84.366	93.018	34.265	58.76	90.104	51.902	20.547	68.499
159.45	180.63	23.085	91.181	133.3	33.947	150.35	124.56	43.611	109.4	82.575	94.763	29.101	56.211	90.756	47.523	18.242	69.741
159.45	180.63	23.079	86.679	131.15	35.424	143.73	123.34	44.936	104.1	80.727	96.47	24.115	54.019	92.434	42.886	15.916	70.94
159.45	180.63	23.083	81.995	129	36.821	136.81	122.17	45.966	98.593	78.845	98.071	18.828	51.506	93.533	38.048	13.603	72.105
159.46	180.63	23.085	77.202	126.95	38.473	129.38	120.91	47.154	92.864	76.962	99.601	13.282	48.885	94.591	32.979	11.274	73.18
159.47	180.64	23.105	72.163	124.86	39.922	121.6	119.58	48.03	86.971	75.025	101.09	7.5801	46.147	95.554	27.723	8.9181	74.14
159.47	180.63	23.085	66.917	122.74	41.238	113.55	118.12	48.731	80.716	72.78	101.95	1.7083	43.388	96.452	22.259	6.5647	74.976
159.48	180.64	23.089	61.621	120.68	42.771	105.13	116.29	48.86	74.432	70.835	103.21	-4.3529	40.648	97.242	16.571	4.2307	75.837
159.48	180.64	23.096	56.143	118.6	44.201	96.973	114.65	49.626	68.117	68.99	104.45	-10.549	37.93	97.898	10.747	1.9013	76.588
159.48	180.63	23.082	50.563	116.55	45.587	88.314	112.64	50.017	61.507	67.085	105.56	-16.922	35.286	98.407	4.7386	-0.40278	77.191
159.49	180.63	23.094	44.744	114.49	46.898	80.047	110.82	50.59	54.738	65.145	106.42	-23.468	32.763	98.83	-1.4228	-2.7129	77.774
159.49	180.63	23.098	38.757	112.44	48.072	71.649	108.78	50.947	47.85	63.296	107.16	-30.321	30.091	98.613	-7.7028	-4.9775	78.126
159.49	180.63	23.087	32.748	110.53	49.041	63.446	106.84	51.244	40.832	61.426	107.74	-36.989	27.998	99.205	-14.105	-7.2082	78.364
159.49	180.63	23.085	26.608	108.52	49.995	54.876	104.71	51.277	33.739	59.61	108.24	-43.939	25.78	99.229	-20.626	-9.4376	78.546
159.5	180.63	23.094	20.344	106.51	50.594	46.442	102.6	51.101	26.605	57.783	108.54	-51.016	23.612	99.033	-27.172	-11.621	78.555
159.49	180.62	23.084	14.004	104.39	50.911	38.142	100.48	50.949	19.374	55.962	108.63	-58.076	21.547	98.825	-33.767	-13.81	78.488
159.5	180.63	23.094	7.5442	102.33	51.147	29.801	98.273	50.375	12.172	54.205	108.59	-65.216	19.503	98.436	-40.426	-15.984	78.33
159.5	180.63	23.103	0.81424	100.26	50.765	22.213	96.165	50.015	4.9264	52.445	108.45	-72.344	17.496	97.942	-47.139	-18.168	78.092
159.5	180.63	23.09	-6.081	98.228	50.143	15.327	94.076	49.302	-2.2713	50.742	108.05	-79.404	15.511	97.469	-53.825	-20.332	77.876
159.5	180.63	23.092	-12.847	96.123	49.147	8.4015	91.861	48.867	-9.4004	49.064	107.52	-86.474	13.509	96.864	-60.549	-22.481	77.608
159.5	180.62	23.095	-19.493	93.968	48.232	1.5105	89.543	47.839	-16.507	47.437	106.84	-93.447	11.507	96.181	-67.312	-24.619	77.292
159.5	180.62	23.093	-26.149	91.695	46.917	-5.2564	87.26	46.767	-23.522	45.808	105.99	-100.36	9.4894	95.374	-74.065	-26.698	76.934
159.51	180.63	23.112	-32.698	89.482	45.733	-12.109	84.887	45.155	-30.405	44.186	105.11	-107.12	7.4939	94.519	-80.764	-28.729	76.494
159.51	180.62	23.094	-38.952	87.18	44.309	-18.701	82.541	43.979	-37.169	42.49	104.1	-113.83	5.5184	93.531	-87.456	-30.736	75.949
159.51	180.63	23.102	-45.199	84.842	42.841	-24.904	80.161	42.861	-43.758	40.733	103.04	-120.42	3.5952	92.502	-94.133	-32.721	75.259
159.5	180.62	23.095	-51.167	82.541	41.393	-31.016	77.645	41.316	-50.233	38.836	101.84	-126.92	1.7705	91.293	-100.75	-34.681	74.381
159.5	180.62	23.096	-57.007	80.25	39.918	-37.228	75.187	39.885	-56.531	36.878	100.69	-133.26	0.028787	89.977	-107.26	-36.607	73.372
159.5	180.61	23.084	-62.644	77.977	38.643	-42.958	72.671	38.431	-62.701	34.794	99.394	-139.61	-1.6936	88.564	-113.68	-38.509	72.173
159.5	180.61	23.099	-68.069	75.699	37.188	-48.458	70.185	37.595	-68.715	32.646	98.156	-145.78	-3.2633	87.094	-120.01	-40.371	70.819
159.49	180.62	23.102	-73.256	73.549	36.051	-54.152	67.644	35.752	-74.568	30.415	96.759	-151.86	-4.779	85.526	-126.2	-42.209	69.349
159.5	180.61	23.094	-78.209	71.356	35.023	-59.336	65.209	34.942	-80.249	28.172	95.332	-157.83	-6.2317	83.851	-132.25	-44.044	67.802
159.49	180.61	23.099	-83.045	69.196	33.745	-64.449	62.739	33.306	-85.796	25.966	93.888	-163.63	-7.6037	82.172	-138.18	-45.838	66.21
159.49	180.61	23.097	-87.651	67.13	32.643	-69	60.385	32.253	-91.172	23.838	92.373	-169.28	-8.9268	80.512	-143.99	-47.555	64.605
159.49	180.61	23.09	-92.174	65.004	31.016	-74.008	58.053	30.802	-96.344	21.841	90.758	-174.77	-10.201	78.833	-149.64	-49.207	63.041
159.49	180.61	23.093	-96.434	63.035	29.714	-78.397	55.85	29.398	-101.3	20.021	89.133	-180.01	-11.406	77.182	-155.07	-50.741	61.562
159.49	180.61	23.095	-100.51	61.158	28.331	-82.834	53.618	27.786	-106.06	18.348	87.49	-185.01	-12.576	75.533	-160.32	-52.172	60.091
159.48	180.61	23.089	-104.6	59.305	26.608	-86.703	51.664	26.365	-110.59	16.835	85.811	-189.75	-13.641	73.963	-165.34	-53.476	58.654
159.48	180.61	23.088	-108.47	57.538	24.872	-90.948	49.757	24.323	-114.92	15.458	84.09	-193.83	-14.76	72.608	-170.17	-54.671	57.203
159.49	180.61	23.089	-112.12	56.059	23.278	-94.67	48.12	22.641	-119.07	14.167	82.374	-197.57	-15.689	71.287	-174.77	-55.751	55.726
159.49	180.61	23.095	-115.65	54.668	21.712	-98.438	46.518	20.728	-122.96	12.996	80.702	-201.24	-16.505	69.868	-179.02	-56.705	54.283
159.48	180.61	23.095	-119.06	53.362	20.006	-101.9	45.121	19.077	-126.68	11.855	78.994	-205.73	-16.764	67.668	-183.05	-57.556	52.768
159.48	180.6	23.094	-122.34	52.196	18.392	-105.24	43.857	17.444	-130.14	10.778	77.382	-209.25	-17.327	66.121	-186.81	-58.32	51.26
159.48	180.61	23.088	-125.49	51.091	16.768	-108.38	42.771	15.77	-133.43	9.7457	75.841	-212.55	-17.783	64.639	-190.38	-59.024	49.694
159.49	180.61	23.087	-128.36	50.22	15.36	-111.11	41.796	14.492	-136.42	8.9762	74.584	-215.67	-18.256	63.123	-193.72	-59.643	48.197
159.49	180.6	23.091	-131.22	49.344	13.942	-114.1	40.813	12.885	-139.54	7.8779	72.755	-218.68	-18.57	61.676	-196.82	-60.199	46.724
159.5	180.6	23.096	-133.78	48.666	12.742	-116.68	39.954	11.391	-142.3	7.0861	71.325	-221.39	-18.916	60.307	-199.86	-60.734	45.237
159.5	180.6	23.096	-136.19	47.968	11.508	-119.11	39.153	10.049	-144.95	6.3804	69.896	-224.15	-19.219	58.928	-202.66	-61.18	43.901
159.5	180.61	23.091	-138.41	47.421	10.414	-121.16	38.508	8.8741	-147.4	5.7733	68.58	-226.55	-19.509	57.679	-205.32	-61.571	42.595
159.5	180.6	23.098	-140.54	46.792	9.1667	-123.38	37.834	7.4204	-149.71	5.2149	67.317	-228.9	-19.799	56.355	-207.83	-61.906	41.319
159.51	180.6	23.092	-142.5	46.211	7.9293	-125.21	37.169	6.3633	-151.88	4.7037	66.117	-231.05	-20.042	55.131	-210.19	-62.171	40.133
159.51	180.59	23.092	-144.22	45.694	6.7799	-126.91	36.59	5.2677	-153.72	4.5028	65.402	-233.02	-20.198	53.961	-212.43	-62.384	38.953
159.51	180.6	23.087	-145.68	45.287	5.787	-128.76	35.986	3.9558	-155.63	4.13	64.281	-234.93	-20.345	52.65	-214.46	-62.526	37.805
159.52	180.6	23.095	-147.2	44.746	4.6363	-130.03	35.534	3.1117	-157.44	3.7928	63.225	-236.67	-20.384	51.377	-216.39	-62.673	36.685
159.51	180.6	23.102	-148.33	44.391	3.7225	-131.2	34.962	2.2199	-159.12	3.4949	62.245	-238.26	-20.337	50.086	-218.09	-62.687	35.561
159.51	180.59	23.1	-149.49	43.914	2.8006	-132.43	34.559	1.2345	-160.71	3.2205	61.226	-239.7	-20.205	48.778	-219.67	-62.635	34.385
159.51	180.59	23.1	-150.43	43.584	1.795	-133.38	34.078	0.41853	-162.21	2.9786	60.206	-241.13	-19.984	47.377	-221.05	-62.709	33.278
159.51	180.59	23.097	-151.24	43.281	0.82372	-134.26	33.683	-0.41418	-163.53	2.7757	59.154	-242.4	-19.75	45.966	-222.19	-63.039	32.4
159.5	180.59	23.093	-152.01	42.971	-0.21537	-135.15	33.351	-1.4167	-164.77	2.5539	58.137	-243.57	-19.503	44.562	-223.37	-62.891	31.154
159.49	180.59	23.099	-152.72	42.711	-1.28	-135.88	33.073	-2.472	-165.88	2.4118	57.026	-244.61	-19.202	43.161	-224.39	-62.725	29.918
159.48	180.59	23.091	-153.35	42.502	-2.3985	-136.55	32.784	-3.4542	-166.86	2.2619	55.91	-245.47	-18.928	41.821	-225.4	-62.478	28.572
159.49	180.59	23.101	-153.87	42.387	-3.5523	-137.03	32.677	-4.493	-167.73	2.1689	54.683	-246.31	-18.657	40.477	-226.81	-62.077	26.899
159.48	180.59	23.096	-154.49	42.216	-4.8996	-137.59	32.559	-5.7455	-168.48	2.1125	53.464	-246.99	-18.465	39.204	-227.64	-61.935	25.594
159.47	180.59	23.104	-154.97	42.162	-6.1933	-137.93	32.444	-6.8924	-169.1	2.0827	52.142	-247.58	-18.231	37.907	-228.39	-61.762	24.296
159.47	180.59	23.089	-155.46	42.174	-7.6355	-138.48	32.487	-8.3451	-169.65	2.1017	50.701	-248.1	-18.074	36.647	-229.05	-61.607	22.969
159.47	180.59	23.089	-155.93	42.256	-9.0537	-138.99	32.502	-9.916	-170.06	2.1843	49.2	-248.51	-17.869	35.388	-229.66	-61.411	21.636
159.46	180.59	23.091	-156.5	42.355	-10.809	-139.46	32.74	-11.572	-170.35	2.2762	47.712	-248.88	-17.71	34.142	-230.18	-61.199	20.236
159.46	180.59	23.089	-156.97	42.611	-12.358	-139.89	32.952	-13.234	-170.55	2.3945	46.103	-249.16	-17.581	32.905	-230.63	-60.963	18.833
159.46	180.6	23.088	-157.47	42.863	-14.093	-140.28	33.104	-15.173	-170.67	2.4825	44.534	-249.37	-17.403	31.635	-231	-60.709	17.377
159.46	180.6	23.092	-157.78	43.197	-15.323	-140.36	33.406	-16.515	-170.83	2.6816	43.177	-249.54	-17.225	30.347	-231.25	-60.443	15.88
159.46	180.6	23.096	-157.81	43.371	-15.502	-140.44	33.546	-17.926	-171.1	3.0512	41.788	-249.68	-17.017	29.046	-231.42	-60.173	14.397
159.46	180.6	23.097	-157.64	43.751	-15.365	-140.35	33.816	-18.072	-171.47	3.5094	40.768	-249.77	-16.768	27.649	-231.59	-59.885	12.991
159.47	180.6	23.09	-157.46	43.85	-15.348	-140.33	33.791	-17.999	-172.05	3.9001	40.133	-249.91	-16.476	26.283	-231.77	-59.618	11.777
159.46	180.61	23.082	-157.33	43.889	-15.343	-140.2	33.68	-17.79	-172.77	4.1091	39.98	-250.13	-16.049	25.041	-231.95	-59.485	10.943
159.47	180.61	23.083	-157.27	43.952	-15.332	-140.15	33.693	-17.71	-173.54	4.3532	40.085	-250.3	-15.369	24.463	-232.18	-59.453	10.534
159.48	180.61	23.085	-157.34	43.994	-15.492	-140.14	33.768	-17.55	-174.24	4.9447	40.308	-250.52	-14.588	24.377	-232.52	-59.324	10.623
159.49	180.62	23.089	-157.45	44.05	-15.616	-140.19	33.972	-17.419	-174.65	5.6739	40.385	-250.95	-14.179	24.281	-232.88	-58.942	11.158
159.49	180.61	23.1	-157.57	44.103	-15.814	-140.22	34.289	-17.139	-174.74	6.2244	40.602	-251.38	-14.008	24.281	-233.32	-58.458	11.839
159.49	180.61	23.088	-157.63	44.27	-15.708	-140.26	34.58	-17.192	-174.79	6.4254	40.753	-251.71	-13.938	24.4	-233.76	-58.006	12.318
159.49	180.61	23.081	-157.67	44.511	-15.57	-140.27	34.84	-16.928	-174.8	6.3795	40.9	-251.97	-13.958	24.513	-234.08	-57.736	12.536
159.5	180.62	23.093	-157.7	44.71	-15.641	-140.32	35.036	-16.876	-174.86	6.2919	40.944	-252.08	-14.063	24.526	-234.26	-57.684	12.433
159.5	180.62	23.095	-157.68	44.792	-15.658	-140.27	35.098	-17.128	-174.84	6.2247	40.831	-251.99	-14.114	24.465	-234.27	-57.743	12.107
159.5	180.61	23.095	-157.64	44.803	-15.685	-140.26	35.121	-17.222	-174.7	6.2627	40.676	-251.72	-14.091	24.397	-234.15	-57.776	11.725
159.5	180.62	23.092	-157.6	44.806	-15.718	-140.44	35.059	-17.499	-174.54	6.3452	40.422	-251.44	-13.976	24.345	-234.01	-57.7	11.398
159.49	180.61	23.091	-157.55	44.816	-15.713	-140.42	35.013	-17.616	-174.41	6.4045	40.134	-251.14	-13.854	24.25	-233.97	-57.6	11.212
159.49	180.62	23.086	-157.51	44.816	-15.709	-140.38	34.966	-17.706	-174.28	6.3813	40.016	-250.86	-13.76	24.142	-234.03	-57.561	11.12
159.49	180.61	23.088	-157.49	44.805	-15.712	-140.21	34.962	-17.599	-174.15	6.2982	39.921	-250.69	-13.692	24.065	-234.17	-57.57	11.052
159.48	180.61	23.074	-157.49	44.789	-15.73	-140.19	34.935	-17.606	-174.06	6.1891	39.926	-250.69	-13.687	24.014	-234.33	-57.679	10.981
159.5	180.61	23.094	-157.48	44.793	-15.706	-140.12	34.882	-17.539	-173.98	6.0721	39.92	-250.82	-13.775	24.003	-234.45	-57.797	10.909
159.49	180.61	23.085	-157.49	44.775	-15.708	-140.11	34.869	-17.539	-173.91	5.9882	39.947	-251.01	-13.927	24.005	-234.47	-57.922	10.832
159.49	180.61	23.087	-157.5	44.783	-15.7	-140.13	34.858	-17.553	-173.88	5.9034	39.922	-251.22	-14.113	23.985	-234.43	-58.012	10.746
159.49	180.61	23.082	-157.53	44.762	-15.713	-140.12	34.865	-17.563	-173.84	5.8401	39.893	-251.32	-14.344	24.019	-234.34	-58.124	10.67
159.5	180.61	23.094	-157.53	44.764	-15.681	-140.13	34.869	-17.572	-173.79	5.7741	39.857	-251.26	-14.523	24.039	-234.26	-58.258	10.562
159.5	180.61	23.09	-157.53	44.762	-15.64	-140.11	34.88	-17.558	-173.73	5.6976	39.83	-251.1	-14.687	24.05	-234.19	-58.453	10.461
159.5	180.61	23.089	-157.55	44.714	-15.639	-140.1	34.882	-17.566	-173.63	5.5869	39.816	-250.87	-14.871	24.032	-234.13	-58.644	10.336
159.5	180.61	23.077	-157.57	44.684	-15.61	-140.1	34.873	-17.575	-173.53	5.4357	39.796	-250.61	-15.039	24.008	-234.06	-58.817	10.257
159.51	180.6	23.078	-157.56	44.661	-15.514	-140.07	34.872	-17.562	-173.41	5.2677	39.77	-250.35	-15.236	24.009	-233.98	-58.965	10.184
159.51	180.6	23.076	-157.55	44.642	-15.491	-140.08	34.855	-17.573	-173.31	5.1221	39.736	-250.12	-15.452	24.033	-233.88	-59.09	10.142
159.52	180.6	23.082	-157.55	44.622	-15.481	-140.08	34.839	-17.584	-173.24	4.9978	39.712	-249.97	-15.701	23.98	-233.81	-59.207	10.069
159.52	180.6	23.087	-157.54	44.612	-15.456	-140.08	34.838	-17.59	-173.11	4.8845	39.727	-249.85	-15.905	24.02	-233.74	-59.318	10.008
159.53	180.6	23.085	-157.53	44.615	-15.445	-140.05	34.836	-17.577	-173.02	4.7875	39.735	-249.81	-16.081	24.046	-233.7	-59.434	9.9338
159.54	180.6	23.09	-157.53	44.607	-15.454	-140.05	34.844	-17.575	-172.94	4.7046	39.713	-249.79	-16.231	24.053	-233.67	-59.514	9.8876
159.53	180.59	23.076	-157.53	44.604	-15.48	-140.03	34.846	-17.583	-172.87	4.6741	39.709	-249.8	-16.321	24.076	-233.63	-59.569	9.8479
159.54	180.6	23.083	-157.5	44.607	-15.49	-140.04	34.832	-17.615	-172.82	4.6573	39.706	-249.82	-16.338	24.066	-233.61	-59.606	9.8087
159.54	180.6	23.084	-157.45	44.616	-15.479	-140.03	34.835	-17.61	-172.8	4.6654	39.708	-249.85	-16.265	24.048	-233.59	-59.621	9.7919
159.55	180.6	23.091	-157.43	44.639	-15.52	-140.01	34.826	-17.743	-172.77	4.6947	39.696	-249.84	-16.201	23.996	-233.58	-59.608	9.7693
159.55	180.6	23.072	-157.4	44.662	-15.56	-140	34.828	-17.751	-172.76	4.7396	39.697	-249.8	-16.099	23.927	-233.58	-59.582	9.7418
159.54	180.61	23.083	-157.37	44.684	-15.6	-139.98	34.822	-17.762	-172.76	4.8012	39.673	-249.76	-15.987	23.892	-233.59	-59.54	9.732
159.54	180.61	23.075	-157.35	44.711	-15.649	-139.97	34.828	-17.778	-172.77	4.8571	39.658	-249.71	-15.873	23.83	-233.62	-59.482	9.715
159.53	180.61	23.074	-157.32	44.738	-15.659	-139.97	34.841	-17.799	-172.77	4.921	39.657	-249.69	-15.774	23.783	-233.66	-59.416	9.7181
159.54	180.61	23.079	-157.3	44.745	-15.691	-139.96	34.844	-17.788	-172.77	4.9827	39.64	-249.69	-15.707	23.775	-233.69	-59.332	9.7197
159.53	180.61	23.077	-157.32	44.75	-15.751	-139.95	34.838	-17.806	-172.76	5.0584	39.636	-249.72	-15.645	23.773	-233.73	-59.246	9.7141
