170.1	34.109	21.878	-158.01	34.608	-15.684	-139.91	24.238	-18.046	-170.94	-8.113	38.998	-246.68	-27.549	25.563	-229.1	-70.187	9.2098
170.09	34.107	21.865	-158.02	34.6	-15.687	-140.13	24.162	-18.243	-170.95	-8.1092	38.991	-246.68	-27.562	25.57	-229.11	-70.22	9.2218
170.09	34.107	21.867	-158.01	34.602	-15.681	-140.13	24.169	-18.253	-170.95	-8.1063	38.992	-246.68	-27.551	25.571	-229.11	-70.211	9.2252
170.09	34.109	21.867	-158.01	34.61	-15.671	-140.12	24.173	-18.229	-170.95	-8.1151	38.99	-246.69	-27.564	25.569	-229.11	-70.216	9.226
170.08	34.103	21.859	-158.01	34.608	-15.684	-140.12	24.173	-18.229	-170.96	-8.1087	38.987	-246.69	-27.567	25.56	-229.08	-70.177	9.2152
170.08	34.108	21.863	-158.01	34.608	-15.684	-140.14	24.157	-18.267	-170.95	-8.1083	38.991	-246.68	-27.563	25.568	-229.1	-70.213	9.2346
170.09	34.106	21.862	-158.01	34.608	-15.684	-140.13	24.169	-18.253	-170.95	-8.106	38.994	-246.69	-27.567	25.562	-229.11	-70.217	9.2329
170.08	34.107	21.87	-158.01	34.608	-15.684	-140.13	24.169	-18.24	-170.96	-8.1062	38.983	-246.69	-27.555	25.567	-229.12	-70.231	9.2708
170.09	34.107	21.873	-158.01	34.608	-15.684	-140.13	24.168	-18.253	-170.95	-8.1059	38.995	-246.69	-27.556	25.568	-229.11	-70.207	9.2232
170.09	34.103	21.858	-158.02	34.6	-15.687	-140.12	24.173	-18.229	-170.93	-8.1029	39.006	-246.69	-27.543	25.57	-229.08	-70.175	9.2155
170.09	34.109	21.87	-158.01	34.601	-15.693	-140.13	24.169	-18.24	-170.93	-8.1043	38.998	-246.69	-27.543	25.572	-229.1	-70.216	9.2264
170.08	34.106	21.857	-158	34.605	-15.67	-140.12	24.173	-18.229	-170.94	-8.1073	38.996	-246.68	-27.55	25.572	-229.09	-70.184	9.2159
170.09	34.106	21.862	-158	34.595	-15.685	-140.13	24.162	-18.256	-170.92	-8.1166	39.007	-246.68	-27.55	25.57	-229.09	-70.178	9.2299
170.09	34.1	21.87	-158	34.597	-15.672	-140.11	24.171	-18.234	-170.93	-8.1179	38.99	-246.67	-27.559	25.571	-229.1	-70.214	9.238
170.1	34.107	21.872	-158	34.605	-15.67	-140.12	24.163	-18.251	-170.93	-8.1092	39.003	-246.66	-27.555	25.575	-229.09	-70.177	9.2311
170.09	34.106	21.862	-158.01	34.602	-15.681	-140.1	24.177	-18.218	-170.94	-8.1067	38.998	-246.68	-27.563	25.569	-229.09	-70.173	9.2242
170.1	34.103	21.882	-158	34.605	-15.67	-140.11	24.164	-18.238	-170.95	-8.1092	38.991	-246.68	-27.568	25.578	-229.09	-70.183	9.2285
170.1	34.105	21.882	-158	34.605	-15.67	-139.91	24.237	-18.046	-170.94	-8.1148	38.993	-246.69	-27.559	25.564	-229.09	-70.188	9.2284
170.1	34.105	21.875	-158	34.604	-15.682	-140.1	24.168	-18.227	-170.94	-8.1048	38.998	-246.69	-27.553	25.568	-229.08	-70.192	9.2691
170.1	34.107	21.88	-158	34.605	-15.67	-140.1	24.177	-18.218	-170.93	-8.1116	39.012	-246.67	-27.541	25.564	-229.08	-70.186	9.2672
170.11	34.105	21.881	-158	34.605	-15.67	-140.09	24.181	-18.221	-170.93	-8.1113	38.993	-246.69	-27.539	25.561	-229.1	-70.219	9.24
170.09	34.109	21.868	-158	34.605	-15.67	-140.1	24.167	-18.24	-170.91	-8.1113	38.992	-246.67	-27.529	25.557	-229.1	-70.208	9.2269
170.1	34.107	21.874	-157.99	34.615	-15.662	-140.1	24.177	-18.218	-170.91	-8.1113	39.002	-246.66	-27.54	25.571	-229.07	-70.176	9.2223
170.09	34.104	21.864	-158	34.604	-15.682	-140.12	24.166	-18.246	-170.91	-8.1004	39.009	-246.66	-27.55	25.566	-229.09	-70.213	9.2348
170.09	34.106	21.864	-158	34.604	-15.682	-140.12	24.166	-18.246	-170.92	-8.1101	38.996	-246.66	-27.559	25.567	-229.07	-70.174	9.2225
170.1	34.11	21.878	-158	34.605	-15.67	-140.12	24.173	-18.229	-170.91	-8.1074	39.009	-246.66	-27.55	25.57	-229.1	-70.208	9.2254
170.09	34.109	21.869	-158	34.604	-15.682	-140.13	24.159	-18.262	-170.93	-8.0983	38.999	-246.66	-27.564	25.575	-229.07	-70.174	9.2175
170.09	34.105	21.861	-158	34.611	-15.673	-140.12	24.173	-18.243	-170.94	-8.1036	39	-246.68	-27.561	25.555	-229.1	-70.206	9.2339
170.1	34.11	21.875	-158.01	34.608	-15.684	-140.12	24.173	-18.243	-170.94	-8.0999	38.997	-246.67	-27.561	25.57	-229.1	-70.209	9.232
170.09	34.109	21.867	-158.01	34.608	-15.684	-140.14	24.165	-18.251	-170.94	-8.1004	38.993	-246.68	-27.545	25.563	-229.08	-70.184	9.2182
170.09	34.106	21.861	-158.01	34.61	-15.671	-140.12	24.173	-18.229	-170.95	-8.1063	38.984	-246.69	-27.544	25.571	-229.08	-70.177	9.2245
170.09	34.106	21.861	-158.01	34.602	-15.681	-140.1	24.177	-18.232	-170.95	-8.1092	38.991	-246.69	-27.543	25.572	-229.11	-70.212	9.2296
170.09	34.102	21.872	-158.01	34.602	-15.681	-140.14	24.165	-18.251	-170.94	-8.1005	38.991	-246.7	-27.546	25.566	-229.08	-70.183	9.2684
170.09	34.109	21.87	-158.01	34.592	-15.696	-140.13	24.169	-18.24	-170.95	-8.1099	38.988	-246.69	-27.553	25.579	-229.08	-70.192	9.2374
170.08	34.109	21.879	-158.01	34.602	-15.681	-140.13	24.169	-18.24	-170.95	-8.1098	38.986	-246.69	-27.545	25.57	-229.07	-70.178	9.2292
170.1	34.103	21.881	-158.02	34.6	-15.687	-139.91	24.239	-18.033	-170.94	-8.1037	39	-246.7	-27.563	25.576	-229.09	-70.225	9.2832
170.08	34.102	21.866	-158.01	34.602	-15.681	-140.12	24.173	-18.229	-170.92	-8.1091	39.001	-246.67	-27.562	25.582	-229.1	-70.227	9.2362
170.1	34.107	21.876	-158	34.597	-15.672	-140.11	24.164	-18.238	-170.93	-8.1216	39.003	-246.66	-27.567	25.576	-229.1	-70.222	9.2364
170.1	34.101	21.88	-158.01	34.594	-15.683	-140.12	24.173	-18.229	-170.93	-8.1145	38.997	-246.66	-27.577	25.573	-229.08	-70.205	9.271
170.1	34.101	21.887	-158	34.597	-15.672	-140.12	24.166	-18.232	-170.94	-8.1303	38.993	-246.66	-27.577	25.573	-229.08	-70.21	9.2751
170.09	34.102	21.872	-158.01	34.594	-15.683	-140.12	24.166	-18.232	-170.93	-8.124	38.991	-246.66	-27.571	25.565	-229.1	-70.227	9.2362
170.1	34.101	21.879	-158	34.597	-15.672	-139.9	24.243	-18.022	-170.95	-8.1226	38.983	-246.67	-27.569	25.572	-229.11	-70.226	9.2329
170.1	34.101	21.878	-158.01	34.594	-15.683	-140.13	24.168	-18.253	-170.95	-8.1145	38.992	-246.67	-27.569	25.574	-229.09	-70.19	9.2293
170.09	34.102	21.872	-158	34.597	-15.672	-140.14	24.155	-18.246	-170.95	-8.1152	38.999	-246.69	-27.565	25.568	-229.1	-70.2	9.2659
170.1	34.106	21.878	-158	34.597	-15.672	-140.12	24.173	-18.229	-170.94	-8.1077	38.998	-246.7	-27.55	25.567	-229.11	-70.215	9.2353
170.08	34.102	21.868	-158.01	34.595	-15.67	-140.11	24.17	-18.222	-170.95	-8.1022	38.998	-246.71	-27.555	25.574	-229.11	-70.213	9.2347
170.09	34.099	21.859	-158.01	34.592	-15.696	-140.12	24.173	-18.229	-170.95	-8.1029	38.994	-246.71	-27.539	25.566	-229.11	-70.213	9.2343
170.09	34.104	21.866	-158	34.597	-15.672	-140.12	24.157	-18.241	-170.97	-8.1056	38.982	-246.71	-27.539	25.564	-229.12	-70.215	9.2249
170.1	34.107	21.871	-158.02	34.6	-15.687	-139.9	24.242	-18.022	-170.96	-8.1035	38.99	-246.71	-27.534	25.556	-229.12	-70.212	9.2306
170.09	34.102	21.864	-158.01	34.594	-15.683	-140.1	24.177	-18.232	-170.96	-8.1038	38.99	-246.69	-27.54	25.558	-229.13	-70.211	9.2179
170.1	34.105	21.876	-158.01	34.594	-15.683	-139.92	24.235	-18.043	-170.98	-8.1124	38.981	-246.68	-27.545	25.563	-229.12	-70.218	9.2372
170.09	34.104	21.866	-158.02	34.585	-15.685	-139.92	24.235	-18.043	-170.98	-8.1084	38.972	-246.69	-27.55	25.554	-229.12	-70.213	9.2293
170.09	34.1	21.87	-158.02	34.585	-15.685	-139.92	24.235	-18.044	-170.97	-8.1032	38.986	-246.7	-27.559	25.551	-229.12	-70.211	9.2246
170.1	34.107	21.88	-158.01	34.594	-15.683	-139.91	24.239	-18.033	-170.97	-8.1086	38.986	-246.69	-27.555	25.55	-229.14	-70.225	9.2671
170.1	34.114	21.876	-158.01	34.594	-15.683	-139.91	24.231	-18.036	-170.99	-8.1068	38.979	-246.7	-27.549	25.561	-229.13	-70.223	9.2709
170.09	34.109	21.868	-158.01	34.594	-15.683	-139.91	24.239	-18.033	-170.98	-8.1016	38.99	-246.71	-27.553	25.557	-229.13	-70.214	9.2322
170.08	34.1	21.865	-158.01	34.594	-15.683	-139.92	24.235	-18.044	-170.99	-8.107	38.989	-246.73	-27.549	25.553	-229.14	-70.222	9.2728
170.1	34.105	21.876	-158.03	34.598	-15.685	-139.91	24.238	-18.033	-170.98	-8.1015	38.977	-246.72	-27.537	25.571	-229.14	-70.222	9.2728
170.1	34.107	21.875	-158.01	34.594	-15.683	-139.91	24.239	-18.033	-170.96	-8.0936	39.009	-246.71	-27.539	25.564	-229.13	-70.214	9.2419
170.09	34.108	21.865	-158.01	34.602	-15.681	-139.9	24.233	-18.03	-170.97	-8.0948	38.993	-246.71	-27.534	25.554	-229.13	-70.216	9.2838
170.1	34.107	21.877	-158.01	34.602	-15.681	-139.92	24.235	-18.043	-170.97	-8.0904	38.991	-246.72	-27.534	25.562	-229.12	-70.207	9.2342
170.09	34.102	21.87	-158.01	34.608	-15.684	-140.12	24.173	-18.229	-170.96	-8.0969	38.995	-246.71	-27.535	25.555	-229.13	-70.213	9.2802
170.08	34.099	21.867	-158	34.605	-15.67	-140.12	24.173	-18.229	-170.96	-8.0914	39	-246.7	-27.545	25.569	-229.12	-70.207	9.2396
170.1	34.104	21.884	-158	34.605	-15.67	-140.13	24.162	-18.243	-170.96	-8.0976	38.99	-246.7	-27.54	25.56	-229.11	-70.206	9.2423
170.09	34.103	21.865	-158.01	34.602	-15.681	-139.9	24.234	-18.038	-170.95	-8.0856	39.005	-246.69	-27.528	25.563	-229.11	-70.199	9.2461
170.09	34.103	21.874	-158	34.611	-15.673	-140.13	24.162	-18.243	-170.95	-8.0867	39.005	-246.68	-27.535	25.563	-229.11	-70.194	9.2441
170.09	34.102	21.862	-158.01	34.611	-15.678	-140.11	24.16	-18.243	-170.95	-8.0867	38.992	-246.69	-27.528	25.561	-229.1	-70.189	9.2487
170.11	34.103	21.877	-157.99	34.62	-15.671	-140.12	24.173	-18.229	-170.94	-8.0779	38.999	-246.69	-27.524	25.571	-229.11	-70.187	9.2373
170.1	34.108	21.881	-157.99	34.612	-15.68	-140.11	24.18	-18.226	-170.94	-8.0672	39.005	-246.69	-27.513	25.559	-229.1	-70.188	9.2462
170.1	34.101	21.88	-157.99	34.627	-15.682	-140.12	24.183	-18.247	-170.92	-8.0634	39.013	-246.69	-27.507	25.561	-229.08	-70.181	9.253
170.1	34.103	21.871	-157.99	34.627	-15.682	-140.11	24.18	-18.239	-170.92	-8.0447	39.008	-246.69	-27.51	25.561	-229.09	-70.182	9.2536
170.09	34.103	21.864	-157.99	34.636	-15.68	-140.12	24.182	-18.247	-170.92	-8.0224	39.022	-246.69	-27.495	25.553	-229.04	-70.145	9.2614
170.09	34.101	21.86	-157.99	34.642	-15.683	-140.11	24.189	-18.257	-170.91	-8.0139	39.025	-246.68	-27.493	25.572	-229.03	-70.141	9.2737
170.11	34.111	21.884	-157.98	34.651	-15.681	-140.13	24.185	-18.268	-170.89	-8.0034	39.032	-246.66	-27.485	25.6	-229.02	-70.172	9.3007
170.09	34.106	21.862	-157.98	34.666	-15.725	-140.13	24.185	-18.268	-170.85	-7.9873	39.055	-246.65	-27.477	25.615	-229.06	-70.187	9.3303
170.09	34.103	21.86	-157.97	34.678	-15.712	-140.12	24.201	-18.27	-170.82	-8.0105	39.062	-246.63	-27.477	25.643	-228.94	-70.201	9.4158
170.09	34.116	21.868	-157.96	34.693	-15.714	-140.12	24.201	-18.27	-170.77	-8.0381	39.053	-246.61	-27.484	25.678	-228.88	-70.216	9.4435
170.1	34.114	21.876	-157.95	34.703	-15.713	-140.12	24.208	-18.267	-170.72	-8.0961	39.036	-246.57	-27.506	25.73	-228.71	-70.28	9.5543
170.11	34.118	21.885	-157.93	34.722	-15.711	-140.13	24.194	-18.299	-170.63	-8.1526	39.049	-246.5	-27.531	25.788	-228.58	-70.334	9.6098
170.09	34.113	21.876	-157.89	34.741	-15.663	-140.13	24.197	-18.293	-170.5	-8.2225	39.102	-246.41	-27.571	25.871	-228.46	-70.452	9.6758
170.1	34.111	21.872	-157.83	34.769	-15.627	-140.12	24.189	-18.284	-170.33	-8.3267	39.195	-246.23	-27.642	26.006	-228.2	-70.546	9.8122
170.1	34.115	21.877	-157.76	34.818	-15.514	-140.11	24.176	-18.298	-170.11	-8.4986	39.297	-246.02	-27.702	26.259	-227.92	-70.644	9.9571
170.11	34.118	21.888	-157.82	35.1	-15.216	-140.12	24.434	-18.196	-169.81	-8.6764	39.399	-245.72	-27.827	26.584	-227.63	-70.746	10.091
170.11	34.118	21.885	-157.82	35.347	-15.077	-140.14	24.707	-18.323	-169.42	-8.9112	39.536	-245.42	-28.001	26.894	-227.25	-70.866	10.272
170.11	34.118	21.885	-157.79	35.526	-14.956	-139.75	25.085	-18.01	-168.79	-9.1221	39.752	-245.02	-28.276	27.289	-226.93	-71.052	10.405
170.12	34.117	21.892	-157.66	35.695	-14.639	-139.77	25.296	-18.25	-168.09	-9.4022	40.023	-244.46	-28.573	27.895	-226.45	-71.321	10.505
170.12	34.113	21.876	-157.44	35.842	-14.326	-139.32	25.487	-17.909	-167.32	-9.7779	40.326	-243.78	-29.036	28.475	-225.85	-71.623	10.634
170.12	34.117	21.894	-157.07	35.932	-13.936	-138.82	25.701	-17.536	-166.36	-10.217	40.709	-243.03	-29.604	29.141	-225.13	-71.969	10.82
170.12	34.106	21.88	-156.47	36.09	-13.115	-138.34	25.763	-17.18	-165.31	-10.731	41.225	-242.14	-30.226	29.831	-224.33	-72.33	11.098
170.12	34.114	21.892	-155.66	36.067	-12.179	-137.21	25.868	-15.864	-164.11	-11.338	41.889	-241	-30.814	30.708	-223.33	-72.722	11.463
170.13	34.115	21.898	-154.64	35.986	-10.996	-136.37	25.653	-15.338	-162.86	-11.986	42.732	-239.83	-31.496	31.54	-222.18	-73.149	11.986
170.11	34.115	21.892	-153.46	35.749	-9.7966	-134.85	25.691	-13.606	-161.49	-12.733	43.743	-238.52	-32.112	32.481	-220.89	-73.58	12.551
170.12	34.107	21.888	-152.02	35.577	-8.4036	-133.29	25.533	-11.992	-160.06	-13.477	44.872	-237.08	-32.716	33.439	-219.38	-73.996	13.289
170.12	34.11	21.893	-150.52	35.411	-6.9082	-131.3	25.474	-10.029	-158.37	-14.157	46.174	-235.47	-33.192	34.605	-217.76	-74.433	14.238
170.11	34.108	21.886	-148.91	35.207	-5.4108	-129.54	25.374	-8.4944	-156.49	-14.879	47.451	-233.75	-33.686	35.841	-215.96	-74.922	15.186
170.09	34.107	21.873	-147.15	35.21	-3.8574	-127.36	25.344	-6.7724	-154.37	-15.618	48.707	-231.84	-34.127	37.219	-214.02	-75.429	16.213
170.1	34.109	21.892	-145.36	35.239	-2.1341	-124.88	25.334	-4.7479	-152	-16.396	49.964	-229.75	-34.689	38.665	-211.83	-75.953	17.343
170.08	34.11	21.88	-143.33	35.381	-0.20288	-122.28	25.209	-3.1292	-149.38	-17.048	51.322	-227.44	-35.331	40.195	-209.43	-76.43	18.503
170.08	34.11	21.88	-141.24	35.51	1.4787	-119.38	25.071	-1.5368	-146.55	-17.779	52.601	-224.9	-36.087	41.829	-206.9	-76.904	19.722
170.08	34.107	21.87	-138.96	35.662	3.4527	-116	25.004	0.20664	-143.48	-18.475	53.83	-222.08	-36.92	43.565	-204.09	-77.347	21.047
170.08	34.105	21.875	-136.47	35.761	5.0431	-112.59	24.655	1.987	-140.17	-19.185	55.238	-218.72	-38.745	46.023	-201.1	-77.768	22.381
170.08	34.11	21.882	-133.69	35.85	7.2093	-108.83	24.328	3.6557	-136.73	-19.927	56.663	-215.53	-39.321	47.576	-197.92	-78.206	23.729
170.08	34.107	21.874	-130.73	35.813	8.9492	-104.11	24.423	6.1884	-133.08	-20.654	58.193	-212.49	-39.898	48.97	-194.51	-78.63	25.093
170.09	34.112	21.884	-127.51	35.737	10.766	-99.637	24.02	8.2719	-129.32	-21.416	59.757	-209.24	-40.54	50.44	-190.99	-79.054	26.535
170.09	34.109	21.879	-124.02	35.553	12.613	-94.949	23.59	10.543	-125.41	-22.233	61.327	-205.46	-41.254	52.126	-187.26	-79.323	28.22
170.12	34.117	21.891	-120.2	35.429	14.774	-90.235	22.998	12.597	-121.25	-23.102	62.922	-201.45	-41.842	53.901	-183.44	-79.61	29.911
170.12	34.107	21.891	-116.26	35.238	16.791	-85.1	22.533	14.955	-116.9	-24.01	64.529	-197.27	-42.374	55.583	-179.49	-80.039	31.434
170.13	34.105	21.891	-111.96	35.045	18.824	-79.67	22.178	17.189	-112.3	-24.925	66.14	-192.9	-42.849	57.3	-175.19	-80.48	32.682
170.13	34.113	21.899	-107.55	34.849	20.84	-74.37	21.62	19.254	-107.54	-25.865	67.635	-188.34	-43.313	58.938	-170.55	-80.938	33.593
170.15	34.111	21.895	-102.86	34.713	22.895	-68.751	21.206	21.304	-102.5	-26.835	69.063	-183.6	-43.799	60.587	-165.74	-81.388	34.579
170.15	34.109	21.901	-98.025	34.591	24.821	-63.031	20.744	23.17	-97.336	-27.697	70.264	-178.6	-44.325	62.193	-160.87	-81.661	35.798
170.16	34.104	21.896	-93.036	34.411	26.525	-57.147	20.372	24.894	-92.014	-28.564	71.425	-173.41	-44.907	63.864	-156.02	-81.909	37.199
170.16	34.108	21.891	-87.979	34.265	28.123	-50.921	19.989	26.43	-86.431	-29.333	72.485	-167.93	-45.496	65.475	-150.93	-82.149	38.602
170.16	34.11	21.896	-82.81	34.096	29.476	-44.598	19.481	27.739	-80.655	-29.979	73.377	-162.2	-46.123	67.036	-145.6	-82.381	39.767
170.15	34.111	21.895	-77.478	34.006	30.768	-37.965	19.123	29.05	-74.637	-30.506	74.228	-156.24	-46.691	68.55	-139.8	-82.511	40.841
170.15	34.101	21.895	-72.081	33.976	31.847	-31.139	18.709	30.049	-68.557	-30.948	74.971	-150.05	-47.214	69.979	-133.96	-82.658	41.727
170.16	34.108	21.895	-66.546	33.979	32.826	-24.047	18.168	30.906	-62.317	-31.34	75.501	-143.91	-47.927	70.974	-127.9	-82.717	42.818
170.15	34.111	21.895	-60.959	33.99	33.659	-16.718	17.69	31.735	-55.928	-31.636	75.99	-137.36	-48.049	72.697	-121.88	-82.692	43.933
170.14	34.115	21.892	-55.336	34.061	34.327	-9.3289	17.107	32.385	-49.412	-31.876	76.359	-131.08	-48.531	73.641	-115.75	-82.578	45.271
170.13	34.114	21.886	-49.649	34.188	34.886	-1.5699	16.48	32.973	-42.856	-32.082	76.599	-124.58	-48.736	74.847	-109.62	-82.437	46.529
170.12	34.117	21.887	-43.916	34.244	35.221	6.2124	15.854	33.494	-36.224	-32.246	76.837	-118.03	-48.774	76.067	-103.37	-82.3	47.596
170.11	34.122	21.884	-38.033	34.289	35.474	14.048	15.195	33.843	-29.393	-32.368	76.974	-111.46	-48.798	77.111	-97.092	-82.275	48.454
170.11	34.118	21.887	-32.09	34.433	35.615	21.9	14.288	33.86	-22.68	-32.568	76.794	-104.62	-48.522	78.465	-90.75	-82.243	49.119
170.09	34.124	21.878	-25.871	34.514	35.868	29.955	13.57	34.013	-15.838	-32.694	76.687	-97.98	-48.582	79.02	-84.312	-82.209	49.635
170.08	34.121	21.87	-19.755	34.588	35.657	37.863	12.506	33.832	-8.9387	-32.79	76.539	-91.161	-48.454	79.679	-77.867	-82.06	50.16
170.09	34.119	21.885	-13.355	34.682	35.696	45.791	11.766	33.776	-2.0678	-32.881	76.15	-84.195	-48.251	80.274	-71.421	-81.869	50.639
170.08	34.114	21.877	-6.9604	34.749	35.282	53.589	10.68	33.449	4.9431	-32.917	75.938	-77.194	-48.02	80.712	-65.003	-81.626	51.075
170.08	34.121	21.878	-0.49679	34.807	34.689	61.217	9.8453	33.005	11.784	-32.963	75.428	-70.193	-47.755	81.06	-58.628	-81.358	51.37
170.08	34.121	21.879	6.0854	34.794	34.262	68.769	8.904	32.507	18.611	-33.028	74.969	-63.155	-47.378	81.332	-52.149	-80.939	51.561
170.08	34.123	21.873	12.582	34.906	33.562	76.166	8.0939	31.74	25.427	-33.104	74.327	-56.222	-46.988	81.433	-45.689	-80.482	51.72
170.08	34.123	21.871	19.034	34.995	32.836	83.3	7.4081	30.888	32.265	-33.173	73.684	-49.289	-46.524	81.481	-39.347	-80.01	51.784
170.1	34.117	21.882	25.219	34.988	31.826	90.378	6.6878	29.796	39.045	-33.247	72.954	-42.491	-45.982	81.42	-33.029	-79.558	51.683
170.11	34.12	21.891	31.707	35.26	31.154	97.292	6.2656	28.494	45.774	-33.225	72.159	-35.74	-45.396	81.406	-26.676	-79.036	51.56
170.12	34.116	21.883	37.946	35.528	30.142	104.08	5.6742	27.539	52.51	-33.19	71.317	-29.079	-44.767	81.226	-20.466	-78.527	51.349
170.13	34.122	21.894	43.956	35.6	29.042	110.75	5.1433	25.916	59.059	-33.054	70.467	-22.489	-44.121	80.976	-14.341	-77.948	51.1
170.13	34.114	21.886	49.979	35.857	28.003	117.27	4.3054	24.563	65.43	-32.878	69.545	-16.057	-43.434	80.649	-8.3461	-77.326	50.88
170.14	34.113	21.894	55.776	36.104	26.832	123.75	3.8605	23.053	71.669	-32.57	68.635	-9.7259	-42.709	80.217	-2.4741	-76.665	50.689
170.15	34.111	21.895	61.247	36.307	25.266	130.18	2.7866	21.826	77.661	-32.184	67.662	-3.5707	-41.926	79.728	3.2133	-75.969	50.438
170.15	34.111	21.895	66.741	36.696	24.028	136.44	2.1817	20.539	83.411	-31.749	66.734	2.378	-41.056	79.238	8.7397	-75.266	50.118
170.14	34.108	21.887	71.86	36.977	22.549	142.45	1.7554	19.581	89.026	-31.255	65.895	8.099	-40.104	78.697	14.091	-74.48	49.801
170.15	34.108	21.892	76.867	37.475	21.05	148.01	1.633	18.304	94.46	-30.716	64.996	13.569	-39.101	78.152	19.282	-73.646	49.509
170.13	34.113	21.89	81.669	37.839	19.779	153.55	1.2365	17.033	99.655	-30.155	64.084	18.819	-37.993	77.657	24.221	-72.798	49.155
170.13	34.11	21.893	86.277	38.382	18.588	158.96	0.74539	16.016	104.64	-29.562	63.21	23.824	-36.863	77.143	28.973	-71.903	48.838
170.13	34.109	21.894	90.787	39.009	17.458	164.44	0.87361	15.638	109.53	-28.954	62.376	28.637	-35.659	76.687	33.521	-70.973	48.587
170.11	34.118	21.887	95.013	39.67	16.253	168.24	1.1151	13.589	114.06	-28.313	61.372	33.204	-34.457	76.237	37.906	-70.006	48.281
170.1	34.108	21.89	99.027	40.261	15.262	172.54	1.4009	12.415	118.49	-27.583	60.549	37.554	-33.322	75.739	42.035	-68.985	48.015
170.09	34.109	21.87	102.91	40.994	14.225	176.5	1.8273	10.844	122.63	-26.756	59.666	41.694	-32.188	75.315	46.017	-67.959	47.687
170.07	34.111	21.871	106.47	41.896	13.057	180.08	2.4616	9.6606	126.56	-25.797	58.833	45.769	-30.961	75.111	49.778	-66.971	47.277
170.07	34.116	21.874	109.71	42.651	11.895	183.48	3.2663	8.13	130.29	-24.699	58.027	49.281	-29.987	74.381	53.289	-65.929	46.925
170.06	34.119	21.867	112.72	43.519	10.574	186.47	4.1053	6.7815	133.81	-23.448	57.28	52.676	-28.851	73.912	56.576	-64.795	46.789
170.06	34.119	21.869	115.45	44.401	9.2078	189.99	5.0637	5.9703	137.05	-22.027	56.437	55.872	-27.624	73.482	59.639	-63.667	46.643
170.06	34.124	21.868	117.84	45.236	7.6785	191.91	6.0119	3.6875	140.04	-20.483	55.567	58.916	-26.141	73.262	62.506	-62.545	46.497
170.06	34.119	21.869	120.08	46.077	6.046	194.07	7.3909	2.0593	142.94	-18.827	54.716	61.476	-24.788	72.597	65.155	-61.391	46.432
170.06	34.12	21.876	122.11	46.977	4.3892	195.89	9.2233	0.018879	145.64	-17.127	53.826	64.109	-23.028	72.457	67.594	-60.291	46.232
170.06	34.125	21.871	123.93	47.745	2.7301	197.53	10.59	-1.7874	148.14	-15.447	52.856	66.286	-21.521	71.721	69.846	-59.159	46.071
170.06	34.115	21.866	125.74	48.666	1.2174	198.61	12.833	-3.8917	150.55	-13.743	51.932	68.455	-19.796	71.29	72.006	-57.964	45.859
169.92	34.148	22.052	127.37	49.445	-0.49042	199.46	14.772	-5.9519	152.87	-12.144	50.993	70.468	-18.104	70.798	73.925	-56.788	45.507
169.93	34.144	22.056	129.11	50.265	-1.9515	199.91	16.833	-8.0249	155.09	-10.311	50.576	72.37	-16.492	70.305	75.754	-55.58	45.194
170.08	34.118	21.865	130.93	51.152	-3.2413	200.04	18.846	-10.339	157.07	-8.884	49.623	74.121	-15.041	69.716	77.462	-54.373	44.798
170.1	34.126	21.891	132.8	51.965	-4.5482	199.46	21.457	-12.563	159.03	-7.5427	48.768	75.815	-13.691	69.114	79.022	-53.181	44.314
169.78	33.672	21.231	134.45	52.485	-6.0042	198.91	23.717	-14.556	160.68	-6.6061	47.371	77.571	-12.262	68.908	80.451	-51.968	43.782
170.1	34.091	21.993	136.41	53.176	-7.1934	197.96	26.271	-16.475	162.43	-5.0143	47.157	78.89	-11.336	67.881	81.838	-50.73	43.249
169.8	33.668	21.215	138.38	53.757	-8.3207	196.58	29.173	-17.978	163.93	-4.0907	45.976	80.327	-10.259	67.284	83.152	-49.548	42.595
169.81	33.665	21.22	140.42	54.168	-9.4599	195.55	32.684	-17.716	165.38	-2.9393	45.582	81.655	-9.2342	66.54	84.346	-48.368	41.976
169.7	33.718	21.232	142.63	54.544	-10.384	195.43	35.04	-17.832	166.58	-1.924	45.487	82.847	-8.1848	65.874	85.468	-47.2	41.368
169.68	33.935	21.337	144.94	54.821	-11.128	194.2	36.836	-19.519	167.54	-1.026	45.531	84.096	-6.9316	65.602	86.512	-46.083	40.728
169.79	34.354	21.484	147.28	55.09	-11.852	192.44	38.894	-20.077	168.48	-0.1015	45.507	85.012	-5.8047	65.086	87.435	-44.981	40.115
170.17	34.945	21.764	149.63	55.292	-12.128	191.45	40.508	-20.056	169.52	0.85708	45.527	85.603	-4.786	64.324	88.327	-43.852	39.597
170.69	35.685	21.834	151.98	55.382	-12.385	190.14	42	-20.434	170.55	1.7858	45.695	86.246	-3.6096	63.991	89.108	-42.698	39.147
171.09	36.668	21.869	153.3	56.051	-12.383	189.11	43.581	-20.035	171.41	2.6876	45.825	86.774	-2.4176	63.707	89.83	-41.595	38.799
171.78	38.062	21.859	154.21	57.028	-12.498	188.93	45.31	-18.12	172.11	3.7209	46.203	87.257	-1.1794	63.536	90.446	-40.486	38.525
172.77	39.234	21.971	155.23	57.878	-12.5	189.9	45.664	-16.501	172.62	4.8759	46.612	87.929	0.21711	63.864	91.061	-39.385	38.377
174.11	40.214	22.238	156.2	58.627	-12.351	190.82	46.572	-15.99	173	6.0415	46.976	88.302	1.3462	63.819	91.558	-38.244	38.382
175.61	40.961	22.47	157.11	59.509	-12.041	191.52	47.505	-15.77	173.41	7.1681	47.404	88.606	2.4356	63.793	91.988	-37.094	38.339
176.82	41.688	22.747	157.97	60.763	-11.421	192.27	48.602	-15.201	173.89	8.3259	47.956	88.71	3.3079	63.456	92.371	-35.897	38.333
177.46	42.75	23.366	158.61	62.022	-10.657	193.3	49.63	-17.14	174.2	9.4675	48.482	88.914	4.3692	63.532	92.63	-34.689	38.312
177.57	44.214	24.186	159.1	63.509	-9.8592	193.85	50.95	-16.125	174.41	10.618	49.12	89.035	5.4671	63.656	92.912	-33.42	38.41
177.45	45.758	25.093	159.44	64.976	-9.1344	194.15	52.688	-14.964	174.54	11.847	49.945	89.293	6.7893	64.161	93.173	-32.108	38.445
177.27	47.388	26.048	159.74	66.689	-8.0487	194.62	54.302	-13.667	174.62	13.253	50.893	89.167	7.8483	64.054	93.395	-30.759	38.525
177.17	49.117	27.135	159.96	68.416	-7.0715	194.78	56.224	-12.38	174.47	14.816	51.816	89.272	9.3112	64.64	93.537	-29.37	38.581
177.06	50.962	28.289	160.06	70.313	-5.9144	194.96	58.331	-10.999	174.32	16.523	52.822	88.954	10.52	64.633	93.658	-27.916	38.761
176.85	52.943	29.473	160.07	72.353	-4.6875	195.04	60.557	-9.5575	174.15	18.371	53.942	88.9	12.139	65.314	93.804	-26.385	38.951
176.51	55.13	30.773	159.87	74.532	-3.5202	195.01	62.954	-8.077	173.87	20.319	55.015	88.661	13.66	65.713	93.915	-24.792	39.267
176.01	57.504	32.129	159.54	76.87	-2.1596	194.91	65.53	-6.536	173.54	22.45	56.139	88.292	15.249	66.142	93.99	-23.138	39.629
175.33	59.989	33.416	159.02	79.315	-0.89527	194.54	68.483	-5.0953	173.14	24.737	57.258	87.936	16.906	66.636	94.035	-21.396	40.053
174.54	62.625	34.678	158.36	81.877	0.43047	194.14	71.486	-3.442	172.79	27.17	58.43	87.391	18.387	66.763	94.075	-19.671	40.441
173.71	65.399	35.957	157.63	84.564	1.7747	193.6	74.664	-1.8869	172.31	29.712	59.494	87.196	20.298	67.714	94.068	-17.925	40.885
172.85	68.248	37.154	156.85	87.413	2.9963	193	77.926	-0.51962	171.86	32.361	60.552	86.789	22.039	68.224	94.075	-16.116	41.359
172.01	71.16	38.446	155.88	90.2	4.1713	192.27	81.334	0.94249	171.41	35.111	61.62	86.266	23.602	68.476	94.093	-14.22	41.802
171.15	74.157	39.577	155.01	93.141	5.5257	191.58	84.68	2.1789	170.97	37.956	62.643	85.926	25.379	68.969	94.103	-12.22	42.292
170.25	77.118	40.621	154.08	96.049	6.5137	190.95	88.03	3.5416	170.48	40.832	63.58	85.754	27.404	69.875	94.12	-10.142	42.778
169.47	80.154	41.631	153.18	98.934	7.52	190.2	91.378	4.6364	169.99	43.728	64.45	85.243	29.113	69.986	94.123	-7.9958	43.236
168.63	83.117	42.453	152.37	101.83	8.4339	189.43	94.677	5.5483	169.53	46.666	65.274	84.954	31.093	70.422	94.147	-5.8241	43.686
167.89	86.129	43.215	151.5	104.67	9.138	188.81	97.846	6.353	169.08	49.619	66.02	84.646	33.206	70.851	94.181	-3.5612	44.142
167.22	89.103	43.946	150.85	107.5	9.8534	188.18	101.06	7.2277	168.63	52.598	66.716	84.508	35.599	71.546	94.234	-1.2817	44.524
166.59	92.084	44.618	150.14	110.26	10.416	187.61	104.18	7.8725	168.2	55.584	67.32	84.101	37.759	71.459	94.325	1.053	44.854
165.98	95.007	45.014	149.55	113.05	10.792	187.1	107.27	8.4168	167.85	58.565	67.902	83.81	40.252	71.816	94.431	3.4333	45.282
165.48	97.956	45.501	149.04	115.84	11.226	186.63	110.32	8.8058	167.47	61.529	68.387	83.561	42.704	71.972	94.597	5.8246	45.59
165.03	100.87	45.827	148.56	118.51	11.499	186.22	113.34	9.1348	167.14	64.487	68.812	83.498	45.478	72.601	94.739	8.2231	45.904
164.6	103.75	46.06	148.09	121.13	11.702	185.83	116.3	9.4829	166.88	67.461	69.15	83.13	47.834	72.35	94.972	10.615	46.176
164.22	106.64	46.281	147.64	123.77	11.72	185.54	119.23	9.8036	166.67	70.427	69.436	82.973	50.319	72.446	95.201	13.017	46.377
163.89	109.52	46.391	147.31	126.35	11.778	185.26	122.14	9.7524	166.47	73.369	69.651	82.85	52.824	72.554	95.496	15.372	46.586
163.66	112.4	46.434	147.02	128.92	11.786	184.95	125.07	9.8814	166.33	76.282	69.803	83.011	55.478	73.058	95.802	17.762	46.864
163.41	115.29	46.369	146.82	131.42	11.752	184.87	127.89	9.7856	166.28	79.216	69.908	83.063	57.86	73.138	96.14	20.118	46.989
163.25	118.3	46.249	146.69	133.85	11.643	184.78	130.62	9.5114	166.25	82.125	69.922	83.18	60.161	73.162	96.508	22.455	47.204
163.15	121.25	46.064	146.62	136.21	11.528	184.64	133.39	9.3072	166.27	84.992	69.854	83.393	62.448	73.142	96.874	24.762	47.325
163.04	124.11	45.76	146.49	138.63	11.311	184.56	136.11	9.0029	166.32	87.88	69.766	83.427	64.488	72.638	97.287	27.096	47.542
162.97	126.89	45.484	146.38	141	11.007	184.47	138.82	8.6443	166.41	90.658	69.564	83.729	66.732	72.62	97.716	29.343	47.653
162.89	129.59	45.12	146.22	143.26	10.7	184.28	141.49	8.0941	166.52	93.45	69.357	83.999	68.975	72.597	98.154	31.576	47.77
162.83	132.27	44.759	146.11	145.49	10.289	184.33	144.01	7.784	166.65	96.161	69.123	84.452	71.418	72.997	98.617	33.775	47.858
162.82	134.95	44.362	146.02	147.72	9.9808	184.23	146.56	7.2766	166.8	98.81	68.815	84.752	73.605	72.992	99.068	35.904	47.952
162.79	137.52	43.887	145.84	149.82	9.5988	184.17	149.07	6.7617	166.99	101.46	68.498	84.816	75.534	72.465	99.532	38.021	48.028
162.72	140.01	43.402	145.83	151.95	9.1919	184.03	151.32	6.8325	167.16	104.06	68.189	85.064	77.665	72.407	99.991	40.07	48.135
162.64	142.43	42.938	145.71	153.94	8.6658	183.91	153.7	6.2129	167.35	106.59	67.877	85.356	79.711	72.365	100.45	42.074	48.136
162.58	144.83	42.465	145.62	155.95	8.3119	183.81	155.97	5.6991	167.51	109.06	67.544	85.633	81.684	72.327	100.9	44.039	48.168
162.55	147.12	42.034	145.5	157.86	7.8389	183.7	158.2	5.2085	167.68	111.45	67.251	85.919	83.582	72.188	101.33	45.948	48.168
162.49	149.31	41.546	145.38	159.75	7.2846	183.62	160.37	4.7213	167.84	113.77	66.922	86.227	85.459	72.075	101.77	47.803	48.138
162.43	151.44	41.118	145.35	161.63	6.9851	183.52	162.47	4.2173	167.97	116.02	66.604	86.581	87.249	71.946	102.18	49.657	48.127
162.44	153.49	40.775	145.24	163.41	6.5676	183.44	164.45	3.7138	168.13	118.19	66.299	87.114	89.205	72.294	102.58	51.414	48.036
162.4	155.44	40.378	145.12	165.14	6.1344	183.33	166.48	3.283	168.23	120.27	66.012	87.229	90.725	71.743	102.95	53.138	47.995
162.34	157.31	40.021	145.03	166.84	5.715	183.29	168.39	2.9621	168.41	122.28	65.74	87.514	92.393	71.571	103.32	54.848	47.922
162.26	159.11	39.621	144.95	168.47	5.4266	183.1	170.24	2.519	168.49	124.18	65.377	87.764	94.006	71.406	103.67	56.462	47.816
162.26	160.87	39.317	144.85	170.07	5.0053	182.99	172.06	2.1048	168.65	126.03	65.092	87.957	95.574	71.235	103.97	58.048	47.717
162.18	162.51	38.899	144.76	171.65	4.7194	182.86	173.81	1.6736	168.74	127.81	64.768	88.393	97.344	71.625	104.29	59.55	47.586
162.05	164.12	38.501	144.65	173.14	4.3242	182.61	175.51	1.3075	168.85	129.51	64.461	88.352	98.589	70.996	104.58	61.011	47.425
162	165.71	38.206	144.43	174.49	3.959	182.42	177.1	0.96089	168.89	131.17	64.097	88.694	100.21	71.319	104.79	62.398	47.409
161.85	167.18	37.783	144.2	175.86	3.519	182.2	178.66	0.40597	168.96	132.78	63.748	88.848	101.57	71.241	105.03	63.713	47.218
161.61	168.58	37.357	143.97	177.13	3.1874	181.88	180.22	-0.038961	168.98	134.32	63.312	88.788	102.55	70.564	105.26	64.95	47.084
161.34	169.93	36.845	143.76	178.36	2.8184	181.58	181.64	-0.5156	169.06	135.8	62.993	88.919	103.76	70.488	105.43	66.154	46.998
161.1	171.23	36.404	143.45	179.42	2.2861	181.26	183.02	-1.0243	169.05	137.24	62.58	89.016	104.84	70.316	105.6	67.271	46.893
161.07	172.48	35.735	143.17	180.5	1.8363	180.96	184.28	-1.6303	168.95	138.56	62.125	89.121	105.89	70.197	105.73	68.341	46.827
160.88	173.67	35.249	142.88	181.48	1.2992	180.69	185.41	-2.2075	168.92	139.84	61.682	89.24	106.85	70.034	105.85	69.346	46.693
160.66	174.74	34.62	142.63	182.36	0.76634	180.4	186.49	-2.9085	168.92	141.09	61.219	89.337	107.8	69.86	105.95	70.301	46.555
160.51	175.77	34.004	142.38	183.14	0.1985	180.18	187.37	-3.5047	168.9	142.24	60.719	89.39	108.73	69.68	106.03	71.212	46.422
160.37	176.71	33.419	142.11	183.89	-0.4611	179.92	188.17	-4.2808	168.89	143.31	60.219	89.627	109.83	69.92	106.12	72.059	46.225
160.25	177.56	32.662	141.9	184.58	-1.136	179.63	188.91	-5.0608	168.87	144.29	59.708	89.442	110.47	69.134	106.19	72.86	46.031
160.18	178.34	32.015	141.69	185.21	-1.7626	179.47	189.58	-5.9284	168.91	145.17	59.068	89.409	111.31	68.815	106.24	73.612	45.821
160.14	179.06	31.319	141.51	185.8	-2.4145	179.28	190.14	-6.7154	168.9	145.93	58.457	89.361	112.11	68.484	106.22	74.282	45.633
160.1	179.71	30.542	141.31	186.29	-3.2021	179.13	190.58	-7.5162	168.96	146.67	57.821	89.323	112.83	68.139	106.24	74.885	45.34
160.09	180.27	29.779	141.17	186.81	-3.835	179.03	191.01	-8.419	168.97	147.3	57.117	89.273	113.49	67.756	106.25	75.454	45.026
160.07	180.79	28.961	141.06	187.17	-4.6813	178.86	191.31	-9.3818	169.01	147.9	56.433	89.266	114.11	67.346	106.2	75.965	44.751
160.07	181.24	28.049	140.94	187.49	-5.4759	178.83	191.57	-10.285	169.05	148.45	55.689	89.251	114.63	66.862	106.19	76.428	44.434
160.08	181.6	27.165	140.91	187.77	-6.317	178.77	191.72	-11.439	169.05	148.92	54.946	89.47	115.38	66.932	106.18	76.879	44.081
160.07	181.94	26.21	140.8	187.93	-7.2879	178.82	191.82	-12.382	169.09	149.37	54.211	89.317	115.57	65.842	106.21	77.261	43.627
160.16	182.24	25.304	140.85	188.1	-8.2514	178.79	191.79	-13.431	169.07	149.74	53.412	89.357	116.04	65.328	106.19	77.627	43.244
160.13	182.43	24.283	140.78	188.19	-9.3045	178.84	191.73	-14.488	169.09	150.07	52.576	89.341	116.42	64.666	106.1	77.939	42.872
160.18	182.62	23.359	140.8	188.23	-10.253	178.93	191.66	-15.417	169.1	150.31	51.8	89.553	117.02	64.615	106.07	78.192	42.409
160.57	182.56	22.805	140.8	188.35	-11.014	178.93	191.56	-16.397	169.09	150.5	50.999	89.273	117.16	63.48	106.04	78.409	41.943
161.49	182.47	22.519	140.63	188.6	-11.57	179.03	191.5	-17.093	169.13	150.59	50.305	89.146	117.43	62.752	106.01	78.567	41.478
161.87	182.67	22.558	140.64	188.86	-12.001	179.3	191.57	-17.442	169.19	150.5	49.811	88.641	117.17	61.03	105.92	78.651	41.08
161.77	182.9	22.497	140.69	189.05	-12.196	179.44	191.79	-17.515	169.24	150.13	49.441	89.018	117.88	61.759	105.92	78.66	40.506
161.82	182.95	22.474	140.74	189.19	-12.296	179.57	191.95	-17.534	169.21	149.7	49.181	88.876	117.92	61.255	105.85	78.553	39.985
161.88	182.96	22.48	140.72	189.3	-12.297	179.67	192.01	-17.488	169.14	149.27	48.945	88.845	117.81	60.915	105.79	78.356	39.564
161.9	182.98	22.491	140.62	189.36	-12.253	179.83	192	-17.39	169.05	148.92	48.784	88.432	117.13	59.659	105.66	78.064	39.192
161.85	182.99	22.482	140.4	189.34	-12.174	180.21	191.84	-17.093	168.95	148.54	48.718	88.819	117.2	60.643	105.57	77.718	38.839
161.84	183	22.483	140.06	189.21	-12.141	180.81	191.49	-16.916	168.76	148.23	48.663	88.819	116.68	60.584	105.42	77.385	38.765
161.83	182.99	22.471	139.55	188.89	-12.112	182.01	190.91	-16.549	168.49	147.87	48.713	88.33	115.63	59.513	105.2	77.001	38.81
161.85	182.98	22.483	139.01	188.59	-12.019	183.69	190.09	-16.003	168.2	147.42	48.839	88.733	115.61	60.925	104.93	76.601	39.003
161.86	182.97	22.479	138.39	188.2	-11.839	185.63	189.05	-15.391	167.92	146.83	49.03	88.51	115.01	61.068	104.58	76.163	39.378
161.87	182.96	22.464	137.69	187.71	-11.519	187.6	187.99	-14.406	167.67	146.1	49.337	88.181	114.53	61.363	104.21	75.664	39.746
161.87	182.96	22.464	137.69	187.71	-11.519	187.6	187.99	-14.406	167.67	146.1	49.337	88.181	114.53	61.363	104.21	75.664	39.746
161.86	182.97	22.462	136.42	186.67	-10.337	191.24	185.88	-11.663	167.17	143.99	50.339	87.16	113.56	62.211	103.14	74.077	40.133
161.88	182.98	22.48	135.89	186.13	-9.3939	192.74	184.74	-10.004	166.9	142.66	51.064	86.023	112.46	61.504	102.84	73.482	41.187
161.86	182.97	22.465	135.36	185.46	-8.2035	194.02	183.67	-8.0702	166.57	141.19	51.973	85.405	111.72	62.086	102.33	72.509	41.671
161.87	182.97	22.48	134.8	184.74	-7.0021	195.22	182.75	-5.4299	166.22	139.59	52.938	85.171	111.29	63.886	101.82	71.367	42.083
161.87	182.97	22.478	134.3	183.92	-5.525	196.1	181.45	-3.3087	165.85	137.92	53.996	84.603	110.05	64.645	101.26	70.143	42.545
161.86	182.97	22.462	133.76	183.02	-4.0385	196.67	179.98	-1.3291	165.36	136.13	55.109	83.773	108.1	64.443	100.64	68.833	43.054
161.87	182.97	22.478	133.15	181.97	-2.4009	197.04	178.5	0.84305	164.84	134.3	56.433	83.352	106.38	65.339	99.981	67.516	43.707
161.86	182.97	22.468	132.51	180.87	-0.72888	197.24	176.81	2.7591	164.2	132.41	57.739	83.359	105.04	67.449	99.26	66.136	44.384
161.86	182.97	22.471	131.84	179.6	1.0088	197.27	174.98	4.8985	163.44	130.46	59.16	82.922	103.08	68.441	98.441	64.666	45.166
161.86	182.97	22.468	131.09	178.24	2.8056	197.25	173.07	7.0104	162.55	128.4	60.612	82.267	101.13	69.494	97.469	63.121	46.004
161.85	182.97	22.472	130.38	176.82	4.7399	196.97	170.99	9.1755	161.55	126.24	62.146	81.416	99.146	70.595	96.418	61.487	46.902
161.85	182.97	22.466	129.53	175.24	6.6442	196.47	169.05	11.423	160.48	124.05	63.781	80.255	97.137	71.623	95.298	59.761	47.742
161.85	182.97	22.461	128.61	173.59	8.5926	195.76	166.82	13.452	159.26	121.76	65.448	78.904	95.189	72.854	94.081	57.976	48.565
161.86	182.97	22.473	127.64	171.88	10.613	195	164.73	15.897	157.89	119.36	67.113	77.325	93.2	74.088	92.694	56.128	49.54
161.85	182.97	22.472	126.53	170.15	12.714	193.88	162.53	17.978	156.41	116.93	68.81	75.564	91.157	75.281	91.219	54.187	50.397
161.85	182.96	22.454	125.28	168.29	14.728	192.64	160.3	20.301	154.76	114.42	70.47	73.716	89.053	76.477	89.626	52.204	51.34
161.85	182.96	22.468	123.88	166.38	16.749	191.28	158.08	22.409	153.03	111.9	72.211	71.808	86.889	77.701	87.877	50.129	52.29
161.86	182.97	22.469	122.38	164.44	18.827	189.65	155.71	24.522	151.12	109.36	73.904	69.853	84.569	78.977	86	48.018	53.26
161.86	182.97	22.468	120.72	162.42	20.768	187.84	153.42	26.777	149.03	106.76	75.469	67.759	82.091	80.091	84.007	45.819	54.193
161.87	182.96	22.469	118.91	160.3	22.771	185.86	151.03	28.725	146.79	104.25	77.148	65.619	79.542	81.294	81.88	43.61	55.219
161.87	182.96	22.474	116.96	158.15	24.534	183.71	148.66	30.702	144.39	101.72	78.805	63.503	77.073	82.839	79.605	41.384	56.186
161.87	182.96	22.467	114.83	155.96	26.204	181.34	146.27	32.642	141.8	99.233	80.486	60.863	74.144	83.417	77.166	39.115	57.224
161.88	182.96	22.467	112.57	153.69	27.794	178.8	143.99	34.666	138.97	96.794	82.071	58.24	71.499	84.537	74.63	36.815	58.213
161.89	182.96	22.465	110.1	151.39	29.369	175.93	141.35	35.822	136.05	94.631	84.139	55.397	68.887	85.578	71.937	34.523	59.194
161.89	182.95	22.464	107.52	149.11	30.814	172.83	139.11	37.71	132.93	92.226	85.707	52.274	66.285	86.422	69.101	32.173	60.104
161.9	182.96	22.471	104.79	146.78	32.358	169.66	136.86	39.483	129.67	89.85	87.229	48.971	63.824	87.348	66.139	29.848	61.037
162.1	183.09	22.859	101.87	144.43	33.755	166.42	134.93	41.828	126.23	87.466	88.684	45.704	61.634	88.689	63.037	27.474	61.881
162.09	183.18	23.054	98.797	142.1	35.018	162.73	132.86	43.452	122.6	85.023	90.023	41.862	59.047	89.08	59.741	25.108	62.772
162.02	183.17	23.03	95.542	139.77	36.329	158.82	130.77	45.058	118.8	82.633	91.393	38.248	56.867	90.301	56.364	22.733	63.515
162.02	183.17	23.032	92.134	137.43	37.584	154.79	128.71	46.435	114.83	79.95	92.198	34.375	54.423	91.043	52.846	20.346	64.186
162.02	183.17	23.032	88.519	135.09	38.705	150.39	126.72	47.92	110.76	77.584	93.345	30.199	51.686	91.315	49.136	17.965	64.906
162.02	183.17	23.035	84.799	132.85	39.835	145.92	124.75	49.073	106.59	75.212	94.453	26.259	49.323	92.365	45.285	15.554	65.609
162.02	183.17	23.038	80.872	130.56	40.884	141.12	122.77	50.144	102.17	72.855	95.361	22.039	46.704	92.909	41.341	13.169	66.192
162.02	183.17	23.039	76.805	128.31	41.908	136.19	120.87	51.107	97.734	70.603	96.346	17.8	44.013	93.339	37.286	10.789	66.663
162.02	183.17	23.027	72.526	126.09	42.664	131.08	119.02	51.841	93.084	68.354	97.144	13.347	41.342	93.664	33.045	8.4176	67.085
162.02	183.18	23.036	68.052	123.86	43.314	125.68	117.18	52.387	88.295	66.205	97.883	8.7007	38.495	93.595	28.754	6.085	67.377
162.01	183.18	23.037	63.535	121.71	44.047	120.13	115.42	53.027	83.382	64.096	98.424	4.1981	36.084	94.144	24.248	3.7603	67.72
162.01	183.17	23.036	58.821	119.57	44.511	114.38	113.74	53.342	78.282	62.06	98.918	-0.75892	33.425	93.903	19.645	1.4523	67.948
162.01	183.18	23.036	53.968	117.46	44.996	108.53	112.07	53.535	73.03	60.043	99.233	-5.7131	31.025	94.021	14.939	-0.85386	68.119
162.01	183.17	23.039	49.04	115.4	45.423	102.5	110.37	53.426	67.781	58.107	99.588	-10.85	28.667	94.015	10.113	-3.1101	68.195
162.01	183.17	23.037	43.941	113.39	45.674	96.423	108.7	53.498	62.376	56.22	99.734	-16.097	26.399	94.034	5.21	-5.3587	68.249
162.02	183.17	23.039	38.852	111.41	46.115	90.226	107.18	53.35	56.979	54.366	99.868	-21.481	24.171	93.884	0.16689	-7.5735	68.137
162.02	183.17	23.033	33.524	109.51	46.22	83.84	105.43	52.821	51.619	52.669	99.9	-26.741	22.215	94.191	-4.9418	-9.7492	68.109
162.03	183.17	23.032	28.166	107.64	46.363	77.614	103.73	52.333	46.006	50.884	99.739	-32.4	19.85	93.585	-10.173	-11.882	67.948
162.03	183.16	23.042	22.841	105.78	46.477	71.021	101.98	51.59	40.4	49.114	99.513	-37.977	17.692	93.229	-15.463	-13.96	67.638
162.04	183.17	23.035	17.477	103.97	46.536	64.509	100.3	51.021	34.748	47.349	99.181	-43.385	15.828	93.263	-20.817	-16	67.31
162.04	183.16	23.034	12.122	102.23	46.501	57.805	98.588	50.006	29.035	45.59	98.75	-48.977	13.749	92.783	-26.243	-18.011	66.88
162.04	183.16	23.038	6.8155	100.48	46.485	51.152	96.89	49.106	23.33	43.874	98.186	-54.777	11.46	91.708	-31.705	-19.98	66.39
162.04	183.16	23.041	1.5201	98.774	46.349	44.063	94.988	47.558	17.638	42.153	97.593	-60.207	9.7247	91.502	-37.145	-21.916	65.767
162.04	183.16	23.045	-3.7615	97.099	46.146	37.426	93.473	46.678	11.878	40.461	96.861	-65.802	7.7682	90.747	-42.623	-23.799	65.008
162.04	183.16	23.038	-9.0555	95.441	45.732	30.55	91.658	45.107	6.0958	38.82	96.086	-71.417	5.9203	89.893	-48.118	-25.683	64.263
162.05	183.16	23.037	-14.367	93.719	45.328	24.004	90.014	43.937	0.31858	37.248	95.25	-77.223	3.8671	88.492	-53.582	-27.535	63.488
162.04	183.16	23.046	-19.681	92.095	44.717	17.583	88.224	42.605	-5.4783	35.736	94.233	-82.812	2.1266	87.544	-59.065	-29.397	62.695
162.04	183.16	23.038	-25.013	90.505	44.028	11.295	86.596	41.042	-11.2	34.319	93.308	-88.422	0.47904	86.624	-64.542	-31.205	61.814
162.04	183.16	23.043	-30.334	88.812	43.244	5.1775	84.761	39.616	-16.946	32.956	92.256	-93.799	-0.83248	86.132	-69.99	-33.003	61.023
162.03	183.15	23.042	-35.514	87.202	42.231	-0.79801	82.99	37.846	-22.532	31.651	91.226	-99.358	-2.3788	85.139	-75.397	-34.748	60.159
162.02	183.16	23.03	-40.778	85.516	41.022	-6.4971	81.168	36.464	-28.07	30.287	90.118	-104.89	-3.8726	84.116	-80.808	-36.499	59.353
162.02	183.16	23.036	-45.831	83.735	39.575	-12.433	79.1	34.676	-33.512	28.91	89.007	-110.38	-5.3459	83.091	-86.156	-38.186	58.489
162.02	183.16	23.043	-50.739	81.908	38.111	-18.112	77.239	33.221	-38.858	27.477	87.888	-115.81	-6.7406	82.014	-91.468	-39.822	57.544
162.01	183.16	23.033	-55.463	80.019	36.654	-23.65	75.224	31.638	-44.085	25.985	86.773	-121.13	-8.1338	80.911	-96.717	-41.451	56.624
162	183.15	23.041	-59.965	78.051	35.088	-29.053	73.243	30.161	-49.174	24.395	85.614	-126.34	-9.4866	79.714	-101.89	-43.046	55.576
162	183.16	23.036	-64.22	76.107	33.556	-34.399	71.192	28.743	-54.179	22.784	84.441	-131.47	-10.797	78.483	-107	-44.602	54.421
162	183.15	23.043	-68.181	74.149	32.293	-39.674	69.113	27.458	-59.01	21.084	83.255	-136.42	-12.096	77.207	-112.03	-46.098	53.25
161.99	183.16	23.038	-72.069	72.157	30.852	-45.069	67.01	25.791	-63.72	19.326	81.956	-141.23	-13.359	75.894	-117	-47.588	51.959
161.99	183.16	23.038	-75.765	70.182	29.622	-50.087	64.851	24.221	-68.297	17.513	80.652	-145.93	-14.58	74.554	-121.88	-49.022	50.616
161.99	183.16	23.035	-79.327	68.245	28.334	-55.081	62.803	22.538	-72.731	15.724	79.375	-150.57	-15.803	73.066	-126.67	-50.39	49.25
162	183.16	23.041	-82.819	66.374	27.122	-59.742	60.701	21.312	-77.097	13.93	77.99	-155.03	-16.984	71.641	-131.37	-51.731	47.776
162	183.15	23.034	-86.275	64.491	25.801	-64.296	58.706	19.71	-81.375	12.197	76.594	-159.44	-18.102	70.181	-135.97	-53.043	46.352
162	183.15	23.048	-89.752	62.702	24.346	-68.465	56.827	18.257	-85.564	10.523	75.058	-163.73	-19.169	68.742	-140.48	-54.29	44.842
161.99	183.15	23.036	-93.245	61.011	22.948	-72.244	54.91	16.483	-89.697	8.9689	73.539	-167.94	-20.17	67.303	-144.91	-55.542	43.404
162	183.15	23.041	-96.724	59.433	21.249	-75.841	53.064	15.002	-93.769	7.4871	72.092	-172.1	-21.122	65.859	-149.25	-56.692	41.965
162	183.15	23.04	-100.05	57.769	19.572	-79.092	51.425	13.804	-97.727	6.1524	70.562	-176.17	-22.008	64.433	-153.52	-57.786	40.607
162	183.15	23.049	-103.38	56.187	17.927	-82.683	49.695	11.942	-101.66	4.8709	69.051	-180.16	-22.817	63.03	-157.69	-58.816	39.257
162.01	183.15	23.038	-106.58	54.611	16.166	-85.929	48.171	10.471	-105.5	3.7157	67.715	-184.08	-23.537	61.606	-161.75	-59.762	37.932
162	183.15	23.044	-109.65	53.132	14.568	-89.212	46.687	9.1373	-109.24	2.5951	66.342	-187.89	-24.178	60.181	-165.71	-60.639	36.589
162	183.15	23.041	-112.58	51.643	12.964	-92.166	45.191	7.6835	-112.93	1.471	65.044	-191.57	-24.731	58.718	-169.58	-61.475	35.235
162.01	183.14	23.037	-115.52	50.287	11.581	-94.977	43.847	6.8992	-116.51	0.35029	63.964	-195.23	-25.221	57.222	-173.32	-62.245	33.917
162	183.14	23.04	-118.22	48.848	10.095	-97.532	42.506	5.9535	-119.96	-0.77957	62.859	-198.72	-25.628	55.71	-176.95	-62.955	32.583
162	183.14	23.045	-120.81	47.625	9.086	-100.13	41.176	5.2557	-123.4	-1.9185	61.875	-202.09	-25.965	54.231	-180.48	-63.598	31.206
162	183.14	23.04	-123.24	46.333	8.0213	-102.65	39.839	4.3017	-126.77	-3.0766	60.924	-205.36	-26.262	52.769	-183.89	-64.171	29.852
162	183.14	23.041	-125.61	45.138	7.0669	-105.25	38.519	3.577	-130.05	-4.1724	60.056	-208.55	-26.526	51.327	-187.16	-64.681	28.593
161.99	183.14	23.038	-127.8	44.1	6.3364	-107.32	37.306	2.9211	-133.26	-5.1715	59.162	-211.51	-26.806	50.06	-190.37	-65.089	27.3
161.99	183.15	23.041	-130.05	42.958	5.4516	-109.68	36.166	2.4442	-136.32	-6.106	58.369	-214.19	-27.097	48.929	-193.49	-65.471	26.145
161.98	183.14	23.041	-132.18	42.089	4.6798	-111.84	35.105	1.8058	-139.28	-6.9454	57.596	-216.84	-27.332	47.795	-196.48	-65.835	24.966
161.98	183.14	23.049	-134.37	41.108	3.692	-114.03	34.082	1.0138	-142.18	-7.6893	56.745	-219.27	-27.585	46.835	-199.43	-66.195	23.839
161.98	183.14	23.04	-136.37	40.4	2.9233	-115.89	33.303	0.53736	-144.95	-8.3249	56	-222.15	-27.827	45.648	-202.23	-66.504	22.735
161.98	183.14	23.052	-138.36	39.722	2.1627	-118	32.483	-0.17742	-147.61	-8.8247	55.269	-225.17	-27.014	43.785	-204.48	-66.512	21.86
161.99	183.15	23.048	-140.36	39.072	1.4022	-120.06	31.738	-0.95225	-150.14	-9.267	54.517	-227.65	-27.039	42.714	-207.54	-66.935	20.827
161.98	183.14	23.043	-142.3	38.535	0.36491	-121.87	31.18	-1.545	-152.55	-9.6068	53.746	-230.04	-27.01	41.602	-210.01	-67.067	19.934
161.98	183.15	23.042	-144.09	38.064	-0.42256	-123.56	30.712	-2.2192	-154.83	-9.8988	53.032	-232.24	-26.919	40.604	-212.35	-67.215	19.092
161.99	183.15	23.049	-145.85	37.649	-1.2736	-125.25	30.37	-2.8097	-156.95	-10.156	52.335	-234.33	-26.827	39.602	-214.58	-67.297	18.245
161.99	183.15	23.04	-147.47	37.296	-2.2117	-126.84	30.033	-3.415	-158.92	-10.42	51.679	-236.33	-26.741	38.65	-216.69	-67.334	17.416
162	183.15	23.047	-148.93	37.041	-2.7099	-128.28	29.699	-4.0108	-160.77	-10.706	51.025	-238.14	-26.628	37.712	-218.6	-67.35	16.522
162	183.16	23.048	-150.24	36.84	-3.2295	-129.72	29.317	-4.6208	-162.49	-10.935	50.524	-239.82	-26.521	36.8	-220.37	-67.355	15.594
162.01	183.15	23.039	-151.44	36.586	-3.9012	-130.84	29.041	-4.9115	-164.09	-11.18	49.943	-241.29	-26.41	35.918	-221.94	-67.346	14.68
162.02	183.15	23.048	-152.44	36.426	-4.1897	-131.83	28.719	-5.1711	-165.6	-11.459	49.536	-242.68	-26.349	35.068	-223.38	-67.29	13.792
162.02	183.15	23.036	-153.31	36.221	-4.351	-132.78	28.403	-5.3341	-167	-11.716	49.068	-243.92	-26.261	34.187	-224.69	-67.186	12.887
162.03	183.15	23.039	-154.05	36.045	-4.8079	-133.55	28.156	-5.5034	-168.23	-12.003	48.682	-245.03	-26.147	33.343	-225.89	-67.055	12.002
162.02	183.15	23.053	-154.67	35.925	-4.9537	-134.39	27.747	-5.7858	-169.38	-12.27	48.323	-245.98	-25.986	32.53	-227.02	-66.988	11.171
162.03	183.15	23.041	-155.1	35.694	-5.1105	-134.72	27.503	-5.7265	-170.37	-12.521	47.925	-246.81	-25.852	31.733	-227.87	-66.927	10.315
162.03	183.15	23.033	-155.5	35.533	-5.3829	-135.34	27.149	-5.9964	-171.02	-12.447	48.078	-247.52	-25.656	31	-228.6	-66.866	9.5123
162.04	183.15	23.042	-155.75	35.408	-5.6787	-135.45	26.949	-5.9668	-172	-12.831	47.312	-248.11	-25.469	30.33	-229.17	-66.786	8.8205
162.03	183.15	23.04	-155.94	35.277	-6.0317	-135.66	26.668	-6.2042	-172.38	-12.378	47.642	-248.54	-25.172	29.929	-229.61	-66.719	8.5327
162.03	183.15	23.043	-156.12	35.135	-6.4891	-135.9	26.516	-6.6094	-172.97	-12.269	47.11	-248.94	-24.916	29.679	-229.93	-66.589	8.524
162.03	183.15	23.047	-156.33	35.063	-7.0108	-135.97	26.552	-6.8726	-173.06	-11.509	47.539	-249.24	-24.644	29.543	-230.16	-66.512	8.7555
162.02	183.15	23.051	-156.48	35.138	-7.2195	-136.07	26.696	-6.9509	-173.17	-11.076	47.528	-249.41	-24.538	29.41	-230.39	-66.37	9.0508
162.02	183.15	23.038	-156.64	35.259	-7.4508	-136.14	26.866	-7.0153	-173.21	-10.849	47.511	-249.46	-24.47	29.32	-230.35	-66.307	9.4452
162.01	183.15	23.035	-156.62	35.546	-7.4115	-136.13	27.138	-6.9766	-173.19	-10.741	47.466	-249.39	-24.389	29.247	-230.17	-66.454	9.8276
162.01	183.15	23.04	-156.61	35.768	-7.414	-136.1	27.364	-6.9822	-173.09	-10.68	47.366	-249.24	-24.338	29.144	-230.12	-66.392	9.7906
162.01	183.15	23.039	-156.6	35.919	-7.6646	-136.03	27.562	-7.3692	-172.89	-10.589	47.175	-249.01	-24.29	29.061	-229.97	-66.348	9.6716
162	183.16	23.042	-156.51	36.096	-7.9451	-135.87	27.706	-7.5545	-172.8	-10.681	46.481	-248.78	-24.129	29.242	-229.72	-66.289	9.4965
162	183.15	23.035	-156.44	36.183	-8.5067	-135.77	27.787	-8.2444	-172.44	-10.475	46.114	-248.45	-24.128	29.166	-229.44	-66.229	9.3347
161.99	183.15	23.04	-156.35	36.185	-9.2094	-135.64	27.833	-8.9781	-172.08	-10.182	45.67	-248.04	-24.14	29.041	-229.57	-65.541	8.629
162	183.15	23.049	-156.2	36.369	-9.7966	-135.55	27.919	-9.8284	-171.41	-9.5274	45.682	-247.46	-24.05	28.831	-229.26	-65.511	8.4152
161.99	183.15	23.037	-156.17	36.446	-10.566	-135.43	27.971	-10.765	-171.19	-9.4125	44.656	-247.22	-24.221	28.66	-228.95	-65.494	8.2224
161.99	183.15	23.041	-156.1	36.59	-11.35	-135.42	28.112	-11.788	-170.78	-9.003	44.105	-246.79	-24.258	28.532	-228.66	-65.509	8.1001
162	183.15	23.047	-156.12	36.676	-12.228	-135.42	28.175	-12.76	-170.16	-8.2963	44.083	-246.42	-24.289	28.36	-228.4	-65.487	7.9605
162	183.15	23.033	-156.13	36.859	-13.089	-135.7	28.151	-13.942	-169.82	-7.8376	43.585	-246.16	-24.293	28.148	-228.14	-65.533	7.9116
162	183.16	23.048	-156.15	36.997	-13.944	-135.59	28.308	-14.755	-169.5	-7.3585	43.109	-245.92	-24.327	27.958	-227.91	-65.554	7.87
162.01	183.15	23.032	-156.23	37.077	-14.715	-135.67	28.372	-15.623	-169.3	-6.879	42.661	-245.69	-24.355	27.799	-227.71	-65.567	7.8547
162.01	183.15	23.041	-156.21	37.181	-14.876	-135.6	28.483	-16.181	-169.15	-6.3685	42.293	-245.56	-24.328	27.644	-227.54	-65.589	7.8444
162.01	183.15	23.033	-156.2	37.278	-14.878	-135.66	28.734	-16.369	-169.1	-5.8969	42.029	-245.47	-24.273	27.492	-227.4	-65.583	7.848
162.01	183.15	23.043	-156.1	37.368	-14.794	-135.63	28.838	-16.324	-169.14	-5.605	41.903	-245.22	-24.023	27.374	-227.11	-66.041	8.4257
162.01	183.15	23.031	-156.09	37.447	-14.806	-135.71	28.937	-16.305	-169.24	-5.473	41.857	-245.2	-23.945	27.287	-227.06	-65.989	8.4135
162.01	183.15	23.039	-156.11	37.5	-14.839	-135.88	28.965	-16.392	-169.34	-5.4636	41.877	-245.23	-23.846	27.237	-227.02	-65.963	8.4085
162.02	183.15	23.038	-156.13	37.527	-14.88	-136.02	28.981	-16.435	-169.43	-5.4657	41.873	-245.99	-24.557	25.955	-226.99	-65.993	8.4434
162.01	183.15	23.041	-156.29	37.515	-14.985	-136.1	29.009	-16.446	-169.51	-5.4294	41.835	-247.97	-25.81	24.131	-227.18	-65.543	7.9047
162.01	183.15	23.04	-156.4	37.525	-15.04	-136.05	29.077	-16.315	-169.6	-5.3577	41.749	-247.85	-25.496	24.062	-227.24	-65.552	7.9016
162.01	183.15	23.037	-156.5	37.546	-15.059	-136.15	29.116	-16.291	-169.7	-5.2957	41.651	-247.88	-25.567	24.024	-227.3	-65.546	7.8809
162	183.15	23.039	-156.64	37.559	-15.078	-136.27	29.204	-16.31	-169.83	-5.2804	41.559	-247.96	-25.627	24.024	-227.38	-65.557	7.8528
162	183.15	23.034	-156.77	37.579	-15.027	-136.57	29.176	-16.479	-169.95	-5.253	41.502	-248.07	-25.683	24.015	-227.48	-65.575	7.8159
161.98	183.15	23.038	-156.98	37.547	-14.971	-136.82	29.105	-16.47	-170.07	-5.267	41.457	-248.41	-26.127	23.96	-227.59	-65.584	7.7903
161.99	183.15	23.042	-157.15	37.515	-15.051	-136.96	29.073	-16.423	-170.24	-5.2563	41.378	-248.55	-26.168	23.938	-227.72	-65.59	7.763
161.98	183.15	23.038	-157.3	37.476	-15.227	-136.95	29.119	-16.309	-170.44	-5.2322	41.327	-248.71	-26.19	23.903	-227.88	-65.597	7.7791
161.97	183.15	23.038	-157.49	37.465	-15.298	-137.22	29.187	-16.394	-170.67	-5.1665	41.27	-248.89	-26.183	23.855	-228.06	-65.594	7.7547
161.95	183.15	23.035	-157.68	37.479	-15.229	-137.55	29.157	-16.442	-170.88	-5.0909	41.25	-248.88	-25.781	23.855	-228.24	-65.569	7.7271
161.94	183.15	23.04	-157.87	37.515	-15.268	-137.68	29.157	-16.426	-171.16	-4.9921	41.195	-249.07	-25.732	23.824	-228.42	-65.541	7.7148
161.95	183.15	23.032	-158.07	37.562	-15.326	-137.73	29.309	-16.295	-171.41	-4.8704	41.168	-249.33	-25.632	23.782	-228.61	-65.507	7.7068
161.94	183.15	23.04	-158.23	37.583	-15.325	-137.91	29.29	-16.345	-171.64	-4.7337	41.158	-249.92	-25.858	23.772	-228.8	-65.464	7.7087
