163.11	30.523	21.601	-156.09	35.641	-15.457	-138.1	24.593	-18.789	-171.39	-4.2622	39.3	-246.7	-25.183	24.275	-229	-67.217	9.1652
163.11	30.525	21.604	-156.09	35.647	-15.461	-138.1	24.602	-18.78	-171.39	-4.2611	39.3	-246.7	-25.19	24.279	-229.01	-67.225	9.158
163.11	30.524	21.607	-156.09	35.658	-15.446	-138.1	24.593	-18.789	-171.39	-4.2633	39.296	-246.7	-25.191	24.284	-229.01	-67.21	9.1669
163.11	30.523	21.604	-156.09	35.643	-15.444	-138.07	24.597	-18.74	-171.39	-4.2602	39.312	-246.72	-25.183	24.264	-229.02	-67.214	9.1622
163.11	30.524	21.606	-156.09	35.651	-15.442	-138.07	24.588	-18.749	-171.4	-4.2611	39.307	-246.72	-25.183	24.27	-229.02	-67.212	9.1658
163.1	30.527	21.601	-156.09	35.649	-15.448	-138.1	24.583	-18.784	-171.4	-4.2667	39.308	-246.73	-25.179	24.262	-229.02	-67.217	9.1747
163.1	30.521	21.607	-156.09	35.649	-15.448	-138.08	24.577	-18.763	-171.41	-4.2695	39.313	-246.73	-25.176	24.276	-229.04	-67.215	9.1634
163.11	30.521	21.597	-156.1	35.648	-15.446	-138.1	24.59	-18.781	-171.42	-4.2627	39.301	-246.74	-25.186	24.284	-229.04	-67.216	9.1692
163.1	30.515	21.601	-156.1	35.639	-15.455	-138.07	24.574	-18.755	-171.4	-4.2668	39.305	-246.74	-25.181	24.276	-229.05	-67.217	9.1663
163.09	30.525	21.604	-156.09	35.651	-15.435	-138.09	24.571	-18.752	-171.41	-4.2715	39.314	-246.74	-25.172	24.273	-229.06	-67.21	9.1645
163.1	30.524	21.602	-156.09	35.651	-15.435	-138.07	24.575	-18.742	-171.42	-4.268	39.317	-246.75	-25.168	24.267	-229.06	-67.21	9.1645
163.1	30.518	21.608	-156.1	35.639	-15.455	-138.08	24.584	-18.747	-171.42	-4.2623	39.316	-246.75	-25.165	24.269	-229.06	-67.212	9.1616
163.1	30.518	21.608	-156.11	35.631	-15.457	-138.09	24.571	-18.752	-171.42	-4.2642	39.311	-246.75	-25.155	24.273	-229.07	-67.205	9.1615
163.1	30.52	21.607	-156.1	35.648	-15.446	-138.09	24.563	-18.755	-171.42	-4.2687	39.317	-246.76	-25.16	24.262	-229.09	-67.199	9.1568
163.1	30.52	21.608	-156.1	35.642	-15.438	-138.08	24.584	-18.747	-171.43	-4.2715	39.307	-246.76	-25.156	24.271	-229.08	-67.192	9.1658
163.1	30.516	21.607	-156.11	35.639	-15.448	-138.1	24.577	-18.774	-171.45	-4.2682	39.316	-246.77	-25.151	24.269	-229.09	-67.191	9.1699
163.1	30.521	21.609	-156.11	35.639	-15.448	-138.09	24.573	-18.747	-171.45	-4.267	39.317	-246.78	-25.143	24.267	-229.1	-67.191	9.1717
163.1	30.519	21.606	-156.11	35.639	-15.448	-138.12	24.573	-18.785	-171.45	-4.2685	39.315	-246.79	-25.146	24.26	-229.11	-67.186	9.1651
163.1	30.52	21.609	-156.11	35.631	-15.457	-138.1	24.593	-18.762	-171.45	-4.2676	39.309	-246.79	-25.149	24.256	-229.11	-67.186	9.1669
163.1	30.519	21.615	-156.11	35.639	-15.448	-138.09	24.573	-18.747	-171.47	-4.2664	39.313	-246.8	-25.147	24.26	-229.12	-67.187	9.1622
163.1	30.516	21.606	-156.11	35.639	-15.448	-138.11	24.586	-18.766	-171.47	-4.264	39.318	-246.81	-25.142	24.254	-229.12	-67.18	9.1622
163.1	30.52	21.61	-156.11	35.639	-15.448	-138.12	24.572	-18.785	-171.47	-4.2586	39.312	-246.81	-25.137	24.245	-229.12	-67.18	9.1622
163.1	30.52	21.61	-156.12	35.627	-15.462	-138.12	24.575	-18.766	-171.49	-4.2579	39.317	-246.81	-25.143	24.251	-229.13	-67.184	9.1597
163.11	30.52	21.606	-156.11	35.624	-15.447	-138.12	24.582	-18.763	-171.49	-4.2551	39.308	-246.81	-25.143	24.253	-229.12	-67.185	9.171
163.1	30.521	21.608	-156.12	35.629	-15.449	-138.11	24.586	-18.766	-171.5	-4.2513	39.316	-246.82	-25.144	24.251	-229.12	-67.191	9.1615
163.11	30.516	21.611	-156.12	35.629	-15.449	-138.09	24.573	-18.747	-171.5	-4.254	39.32	-246.82	-25.149	24.246	-229.12	-67.191	9.1615
163.1	30.517	21.6	-156.12	35.631	-15.436	-138.12	24.582	-18.776	-171.5	-4.2548	39.327	-246.83	-25.145	24.253	-229.13	-67.198	9.1693
163.1	30.523	21.603	-156.11	35.634	-15.425	-138.09	24.58	-18.731	-171.5	-4.2634	39.317	-246.82	-25.149	24.246	-229.12	-67.197	9.1722
163.1	30.516	21.606	-156.12	35.629	-15.449	-138.07	24.585	-18.72	-171.49	-4.2697	39.316	-246.82	-25.149	24.246	-229.12	-67.208	9.1698
163.1	30.52	21.61	-156.12	35.624	-15.432	-138.13	24.578	-18.787	-171.49	-4.2677	39.318	-246.82	-25.165	24.255	-229.11	-67.211	9.1759
163.1	30.52	21.608	-156.12	35.631	-15.436	-138.09	24.573	-18.747	-171.48	-4.276	39.314	-246.81	-25.174	24.252	-229.1	-67.22	9.1764
163.1	30.515	21.601	-156.11	35.626	-15.434	-138.12	24.575	-18.779	-171.48	-4.277	39.318	-246.81	-25.175	24.247	-229.09	-67.233	9.1721
163.1	30.518	21.605	-156.11	35.642	-15.416	-138.09	24.583	-18.739	-171.46	-4.2813	39.319	-246.8	-25.186	24.262	-229.09	-67.229	9.1728
163.1	30.518	21.608	-156.11	35.626	-15.434	-138.09	24.573	-18.747	-171.46	-4.2774	39.326	-246.79	-25.189	24.254	-229.08	-67.24	9.1704
163.1	30.52	21.608	-156.11	35.627	-15.421	-138.08	24.577	-18.736	-171.47	-4.2841	39.321	-246.79	-25.195	24.263	-229.07	-67.239	9.1751
163.1	30.52	21.61	-156.11	35.635	-15.412	-138.12	24.582	-18.776	-171.47	-4.2836	39.321	-246.8	-25.197	24.261	-229.07	-67.239	9.1751
163.1	30.52	21.61	-156.1	35.629	-15.423	-138.1	24.588	-18.741	-171.47	-4.275	39.323	-246.79	-25.204	24.263	-229.07	-67.254	9.1775
163.09	30.52	21.604	-156.11	35.634	-15.425	-138.09	24.583	-18.739	-171.47	-4.278	39.321	-246.8	-25.207	24.256	-229.06	-67.253	9.1788
163.1	30.52	21.607	-156.12	35.631	-15.436	-138.08	24.587	-18.728	-171.46	-4.2673	39.321	-246.8	-25.21	24.253	-229.06	-67.271	9.1834
163.1	30.52	21.608	-156.11	35.626	-15.434	-138.1	24.576	-18.742	-171.47	-4.2708	39.328	-247.52	-25.615	23.458	-229.05	-67.273	9.1838
163.1	30.518	21.607	-156.1	35.629	-15.423	-138.09	24.583	-18.739	-171.46	-4.2606	39.328	-247.51	-25.623	23.459	-229.04	-67.286	9.1817
163.1	30.516	21.606	-156.1	35.629	-15.423	-138.1	24.585	-18.746	-171.46	-4.2712	39.323	-247.51	-25.642	23.459	-229.03	-67.294	9.1876
163.1	30.52	21.61	-156.1	35.612	-15.434	-138.09	24.583	-18.739	-171.45	-4.2801	39.328	-247.49	-25.648	23.468	-229.02	-67.308	9.1947
163.1	30.519	21.606	-156.09	35.616	-15.43	-138.08	24.57	-18.74	-171.43	-4.2926	39.334	-247.49	-25.661	23.455	-229	-67.325	9.197
163.1	30.518	21.611	-156.08	35.612	-15.409	-138.09	24.573	-18.747	-171.41	-4.3052	39.322	-247.48	-25.668	23.465	-229	-67.342	9.1903
163.1	30.516	21.606	-156.08	35.604	-15.417	-138.09	24.573	-18.747	-171.39	-4.3217	39.328	-247.46	-25.681	23.47	-228.98	-67.347	9.1933
163.1	30.516	21.608	-156.07	35.599	-15.416	-138.1	24.577	-18.774	-171.38	-4.3424	39.325	-247.45	-25.699	23.471	-228.97	-67.376	9.1881
163.1	30.516	21.607	-156.05	35.594	-15.414	-138.09	24.588	-18.76	-171.35	-4.359	39.329	-247.43	-25.705	23.476	-228.94	-67.38	9.1957
163.1	30.515	21.608	-156.05	35.593	-15.427	-138.12	24.563	-18.793	-171.32	-4.3669	39.338	-247.41	-25.72	23.482	-228.93	-67.398	9.1952
163.1	30.517	21.61	-156.05	35.593	-15.427	-138.12	24.563	-18.793	-171.32	-4.3752	39.347	-247.42	-25.736	23.471	-228.92	-67.412	9.2023
163.1	30.511	21.597	-156.05	35.593	-15.427	-138.1	24.574	-18.779	-171.33	-4.3758	39.336	-247.4	-25.726	23.466	-228.92	-67.407	9.1934
163.11	30.515	21.606	-156.05	35.584	-15.436	-138.1	24.567	-18.782	-171.32	-4.3659	39.356	-247.41	-25.738	23.463	-228.92	-67.418	9.1928
163.11	30.512	21.611	-156.05	35.583	-15.449	-138.09	24.571	-18.772	-171.32	-4.3581	39.351	-247.41	-25.73	23.464	-228.92	-67.407	9.1916
163.11	30.512	21.612	-156.05	35.593	-15.433	-138.1	24.577	-18.774	-171.34	-4.3541	39.34	-247.42	-25.739	23.464	-228.92	-67.407	9.1934
163.11	30.517	21.605	-156.05	35.595	-15.42	-138.09	24.571	-18.785	-171.35	-4.3425	39.357	-247.42	-25.712	23.461	-228.94	-67.406	9.1862
163.11	30.518	21.597	-156.05	35.603	-15.411	-138.1	24.577	-18.774	-171.36	-4.3271	39.356	-247.44	-25.718	23.45	-228.95	-67.396	9.1839
163.11	30.519	21.607	-156.07	35.588	-15.45	-138.1	24.577	-18.774	-171.38	-4.315	39.354	-247.47	-25.71	23.44	-228.95	-67.386	9.1904
163.11	30.522	21.603	-156.07	35.597	-15.429	-138.12	24.573	-18.785	-171.38	-4.3073	39.358	-247.48	-25.703	23.435	-228.97	-67.381	9.1987
163.1	30.52	21.605	-156.07	35.599	-15.416	-138.1	24.577	-18.774	-171.39	-4.3059	39.368	-247.49	-25.694	23.437	-228.98	-67.379	9.1897
163.11	30.524	21.606	-156.06	35.616	-15.404	-138.11	24.586	-18.766	-171.41	-4.3015	39.368	-247.5	-25.701	23.427	-228.98	-67.376	9.1958
163.11	30.522	21.615	-156.08	35.607	-15.392	-138.09	24.57	-18.752	-171.41	-4.2942	39.369	-247.5	-25.707	23.434	-228.99	-67.381	9.1886
163.1	30.517	21.599	-156.08	35.606	-15.405	-138.1	24.577	-18.774	-171.41	-4.3014	39.376	-247.51	-25.705	23.443	-228.99	-67.381	9.1886
163.1	30.528	21.603	-156.08	35.614	-15.396	-138.1	24.557	-18.759	-171.41	-4.302	39.381	-247.51	-25.702	23.45	-229	-67.374	9.1868
163.1	30.519	21.604	-156.06	35.609	-15.394	-138.08	24.57	-18.74	-171.4	-4.315	39.362	-247.51	-25.714	23.441	-229	-67.387	9.185
163.1	30.516	21.609	-156.08	35.598	-15.414	-138.12	24.565	-18.788	-171.4	-4.3249	39.379	-247.5	-25.709	23.453	-228.99	-67.381	9.1886
163.1	30.52	21.607	-156.07	35.615	-15.398	-138.11	24.569	-18.777	-171.38	-4.3353	39.393	-247.5	-25.705	23.452	-228.99	-67.388	9.1905
163.1	30.525	21.607	-156.06	35.609	-15.394	-138.12	24.565	-18.788	-171.38	-4.3437	39.376	-247.49	-25.715	23.455	-228.99	-67.392	9.188
163.1	30.52	21.61	-156.08	35.594	-15.433	-138.12	24.566	-18.788	-171.36	-4.3586	39.382	-247.49	-25.719	23.464	-228.97	-67.41	9.2034
163.09	30.519	21.601	-156.07	35.599	-15.416	-138.1	24.567	-18.782	-171.35	-4.3769	39.381	-247.48	-25.736	23.472	-228.96	-67.42	9.2188
163.1	30.52	21.609	-156.05	35.604	-15.392	-138.1	24.567	-18.782	-171.32	-4.3803	39.392	-247.46	-25.733	23.488	-228.92	-67.433	9.2419
163.1	30.52	21.61	-156.05	35.602	-15.405	-138.1	24.565	-18.788	-171.3	-4.3895	39.398	-247.46	-25.738	23.497	-228.89	-67.445	9.2668
163.1	30.519	21.608	-156.05	35.593	-15.427	-138.1	24.567	-18.782	-171.29	-4.3986	39.404	-247.43	-25.752	23.52	-228.84	-67.47	9.3141
163.1	30.517	21.609	-156.05	35.591	-15.446	-138.1	24.557	-18.804	-171.25	-4.4115	39.405	-247.41	-25.771	23.55	-228.79	-67.493	9.3652
163.1	30.518	21.603	-156.04	35.603	-15.426	-138.09	24.562	-18.806	-171.2	-4.4285	39.433	-246.66	-25.397	24.383	-228.71	-67.514	9.4339
163.1	30.528	21.604	-156.02	35.605	-15.435	-138.09	24.552	-18.815	-171.15	-4.4494	39.452	-246.6	-25.429	24.438	-228.63	-67.545	9.5037
163.1	30.514	21.606	-156.01	35.6	-15.44	-138.08	24.563	-18.814	-171.08	-4.4842	39.462	-246.54	-25.456	24.503	-228.52	-67.579	9.6103
163.1	30.514	21.607	-155.99	35.601	-15.442	-138.07	24.561	-18.82	-170.97	-4.5254	39.516	-246.46	-25.499	24.6	-228.36	-67.648	9.8083
163.1	30.515	21.606	-155.97	35.618	-15.405	-138.07	24.542	-18.836	-170.82	-4.5784	39.566	-246.37	-25.541	24.719	-228.19	-67.692	9.9867
163.1	30.521	21.61	-155.89	35.661	-15.339	-138.06	24.536	-18.874	-170.66	-4.6427	39.645	-246.9	-25.956	24.168	-227.99	-67.748	10.178
163.11	30.526	21.614	-155.85	35.705	-15.27	-138.04	24.528	-18.877	-170.49	-4.7277	39.71	-246.73	-26.033	24.396	-227.74	-67.828	10.37
163.11	30.523	21.607	-155.81	35.795	-15.166	-138.02	24.563	-18.874	-170.23	-4.8429	39.81	-246.57	-26.174	24.648	-227.45	-67.941	10.541
163.11	30.518	21.606	-155.87	35.991	-14.954	-137.84	25.051	-18.556	-169.83	-4.9509	40.017	-245.56	-25.962	25.807	-227.13	-68.116	10.722
163.11	30.526	21.604	-156	36.152	-15.008	-137.72	25.33	-18.356	-169.38	-5.1752	40.195	-245.19	-26.193	26.231	-226.72	-68.361	10.927
163.1	30.528	21.602	-156	36.508	-14.456	-137.83	25.593	-18.534	-169.05	-5.6817	40.026	-245.48	-26.851	26.049	-226.23	-68.642	11.217
163.1	30.527	21.602	-155.98	36.794	-14.209	-137.54	26.148	-18.475	-168.32	-5.9881	40.396	-246.43	-28.071	25.116	-225.63	-68.956	11.533
163.11	30.53	21.609	-155.91	37.093	-13.796	-137.52	26.386	-18.396	-167.37	-6.3728	40.899	-244.21	-27.687	27.554	-224.81	-69.26	11.897
163.1	30.527	21.609	-155.72	37.423	-13.233	-136.75	26.889	-17.723	-166.32	-6.835	41.478	-242.59	-27.826	29.203	-223.79	-69.625	12.323
163.1	30.529	21.609	-155.2	37.671	-12.21	-136.41	27.093	-17.465	-165.04	-7.2522	42.234	-241.54	-28.396	30.245	-222.64	-70.111	12.845
163.09	30.529	21.612	-154.5	37.853	-10.866	-135.63	27.301	-16.842	-163.65	-7.7048	43.004	-240.32	-29.079	31.419	-221.1	-71.047	13.895
163.09	30.528	21.61	-153.67	37.699	-9.525	-134.16	27.567	-15.535	-162	-8.2655	44.021	-238.92	-29.853	32.74	-219.48	-71.739	14.884
163.09	30.527	21.611	-152.5	37.8	-7.7656	-132.63	27.774	-13.948	-160.25	-9.055	45.143	-237.37	-30.617	34.181	-218.03	-72.34	15.819
163.08	30.53	21.62	-151.22	37.68	-5.9547	-131.01	27.77	-12.267	-158.28	-9.9859	46.49	-235.64	-31.445	35.734	-216.88	-72.644	16.414
163.07	30.529	21.614	-149.77	37.753	-3.9467	-128.95	27.737	-10.388	-156.13	-10.999	47.932	-233.77	-32.265	37.423	-214.97	-73.255	17.557
163.07	30.532	21.623	-148.17	37.713	-1.6351	-126.5	27.695	-8.0907	-153.71	-12.128	49.5	-231.7	-33.089	39.205	-212.86	-73.897	18.808
163.07	30.528	21.616	-146.43	37.612	0.50321	-123.89	27.599	-5.665	-151.05	-13.345	51.106	-229.39	-33.915	41.148	-210.55	-74.527	20.026
163.07	30.534	21.617	-144.42	37.56	2.8061	-121.52	27.391	-3.5291	-148.2	-14.646	52.777	-226.93	-34.87	43.089	-208	-75.18	21.355
163.07	30.531	21.622	-142.17	37.504	5.5912	-118.69	27.175	-1.0933	-145.16	-16.023	54.511	-224.16	-35.884	45.074	-205.18	-75.854	22.706
163.07	30.529	21.62	-139.65	37.296	8.1323	-115.72	26.971	1.3605	-141.86	-17.417	56.393	-221.1	-36.988	47.285	-202.18	-76.565	24.073
163.07	30.523	21.623	-136.82	37.12	11.193	-112.5	26.735	3.939	-138.33	-18.833	58.336	-217.9	-38.2	49.347	-198.48	-77.064	25.625
163.07	30.523	21.622	-133.81	36.758	14.181	-108.9	26.383	6.729	-134.63	-20.284	60.278	-214.45	-39.531	51.457	-195.15	-77.88	27.166
163.08	30.525	21.614	-130.42	36.442	17.057	-105.19	25.868	9.3872	-130.65	-21.778	62.258	-210.75	-40.769	53.64	-191.63	-78.681	28.66
163.08	30.52	21.612	-126.77	35.914	19.828	-100.92	25.347	12.277	-126.51	-23.332	64.263	-206.76	-43.085	56.307	-188.31	-79.843	30.044
163.08	30.525	21.619	-122.76	35.348	22.712	-96.472	24.762	15.137	-122.17	-24.973	66.21	-202.86	-43.913	57.835	-184.17	-80.681	31.264
163.09	30.52	21.605	-118.5	34.759	25.479	-91.616	24.126	18.139	-117.5	-26.639	68.145	-198.8	-45.18	59.457	-179.71	-81.513	32.35
163.1	30.519	21.608	-113.82	34.093	28.086	-86.67	23.363	21.153	-112.65	-28.333	70.021	-193.94	-46.644	61.261	-175.07	-82.378	33.341
163.1	30.519	21.611	-108.91	33.268	30.348	-81.509	22.527	23.664	-107.56	-30.047	71.781	-188.85	-47.976	62.945	-170.25	-83.242	34.431
163.11	30.519	21.607	-103.71	32.475	32.542	-76.131	21.821	26.501	-102.13	-31.706	73.494	-183.51	-49.16	64.577	-165.25	-84.03	35.645
163.12	30.523	21.61	-98.193	31.655	34.528	-70.416	20.881	28.578	-96.532	-33.337	74.877	-178.02	-50.215	66.187	-160.02	-84.823	36.81
163.11	30.526	21.609	-92.464	30.746	36.383	-64.483	19.976	30.755	-90.69	-34.875	76.277	-172.56	-51.551	67.291	-154.52	-85.53	37.954
163.12	30.522	21.608	-86.572	29.937	38.006	-58.165	19.139	32.669	-84.642	-36.29	77.455	-166.4	-52.454	69.3	-148.74	-86.187	39.023
163.12	30.527	21.613	-80.541	29.112	39.238	-51.566	18.213	34.282	-78.36	-37.59	78.589	-160.13	-53.502	70.701	-142.71	-86.752	40.081
163.12	30.526	21.612	-74.318	28.442	40.608	-44.637	17.32	35.859	-71.958	-38.726	79.572	-153.76	-54.518	71.593	-136.51	-87.313	41.138
163.12	30.524	21.61	-68.036	27.773	41.537	-37.406	16.377	37.047	-65.334	-39.727	80.521	-147.02	-55.279	72.879	-130.17	-87.81	42.221
163.11	30.519	21.608	-61.756	27.109	42.51	-29.84	15.545	38.344	-58.655	-40.69	81.323	-140.17	-56.106	74.088	-123.7	-88.278	43.336
163.11	30.524	21.607	-55.232	26.593	43.384	-21.925	14.499	39.36	-51.797	-41.565	81.922	-133.22	-56.943	75.274	-117.1	-88.641	44.487
163.11	30.526	21.609	-48.612	26.198	44.099	-13.727	13.604	40.289	-44.801	-42.358	82.554	-126.18	-57.686	76.364	-110.45	-89.001	45.554
163.11	30.517	21.613	-41.971	25.764	44.573	-4.8459	12.913	41.598	-37.646	-43.071	83.1	-119.07	-58.346	77.443	-103.64	-89.318	46.617
163.1	30.525	21.609	-35.134	25.4	45.034	3.8302	11.843	42.202	-30.454	-43.811	83.433	-111.9	-58.873	78.418	-96.798	-89.569	47.564
163.1	30.514	21.607	-28.261	24.857	45.217	12.62	10.741	42.737	-23.229	-44.56	83.647	-104.65	-59.228	79.361	-89.818	-89.791	48.391
163.1	30.526	21.617	-21.232	24.389	45.369	21.426	9.5275	43.035	-15.777	-45.206	83.782	-97.334	-59.403	80.207	-82.839	-89.987	49.075
163.1	30.515	21.609	-14.033	23.998	45.478	30.231	8.285	43.324	-8.2586	-45.831	83.758	-89.939	-59.495	80.932	-75.796	-90.116	49.74
163.09	30.521	21.616	-6.797	23.546	45.377	39.122	6.8817	43.187	-0.85813	-46.493	83.63	-82.504	-59.442	81.53	-68.788	-90.199	50.351
163.08	30.513	21.611	0.45794	23.189	45.04	47.879	5.4952	43.177	6.682	-47.001	83.57	-75.031	-59.324	82.099	-61.749	-90.251	50.898
163.09	30.519	21.616	7.5224	22.761	44.299	56.633	4.1698	43.134	14.208	-47.465	83.421	-67.534	-59.181	82.467	-54.748	-90.205	51.398
163.09	30.519	21.616	14.61	22.397	43.458	65.108	2.4658	42.25	21.557	-47.787	82.966	-60.122	-58.999	82.731	-47.782	-90.074	51.835
163.08	30.523	21.617	21.585	22.054	42.388	73.552	0.99965	41.416	28.709	-47.985	82.42	-52.747	-58.702	82.928	-40.882	-89.921	52.181
163.09	30.518	21.613	28.302	21.827	41.034	81.983	-0.36119	40.894	35.912	-48.014	82.014	-45.52	-58.363	82.965	-34.066	-89.686	52.472
163.09	30.521	21.617	34.843	21.569	39.716	90.271	-1.9758	39.572	42.88	-48.016	81.384	-38.449	-57.941	82.953	-27.352	-89.316	52.681
163.09	30.52	21.616	41.09	21.543	38.262	98.555	-3.4264	38.588	49.768	-47.892	80.595	-31.471	-57.361	82.907	-20.789	-88.911	52.915
163.09	30.522	21.611	47.133	21.629	37.094	106.49	-4.8399	37.578	56.497	-47.644	79.677	-24.711	-56.729	82.815	-14.35	-88.375	53.1
163.08	30.521	21.619	52.802	21.845	35.907	114.35	-6.2858	36.57	63.012	-47.445	78.682	-18.104	-55.971	82.673	-8.0911	-87.833	53.152
163.08	30.518	21.618	58.312	22.226	34.831	122.08	-7.663	35.487	69.42	-47.171	77.504	-11.67	-55.184	82.555	-2.0373	-87.322	53.101
163.08	30.52	21.618	63.553	22.738	33.877	129.51	-9.0055	34.445	75.656	-46.87	76.297	-5.4239	-54.422	82.412	3.8749	-86.806	52.932
163.09	30.519	21.616	68.735	23.512	33.158	136.59	-10.051	32.879	81.772	-46.559	74.941	0.67922	-53.65	82.247	9.5981	-86.337	52.598
163.08	30.514	21.616	73.563	24.171	32.45	143.35	-11.057	31.68	87.649	-46.169	73.455	6.6065	-52.987	82.065	15.143	-85.81	52.35
163.08	30.513	21.615	78.165	24.941	31.548	149.53	-11.764	30.253	93.445	-45.746	72.159	12.352	-52.454	81.828	20.488	-85.279	52
163.08	30.522	21.613	82.539	25.728	30.696	155.38	-12.428	28.495	98.914	-45.021	70.515	17.892	-51.995	81.475	25.646	-84.695	51.722
163.09	30.516	21.616	86.647	26.541	29.605	160.77	-12.897	26.845	104.05	-44.213	69.046	23.201	-51.571	81.025	30.591	-84.087	51.469
163.08	30.514	21.616	90.58	27.3	28.363	165.91	-13.05	24.948	108.94	-43.11	67.642	28.246	-51.095	80.469	35.278	-83.38	51.175
163.08	30.515	21.613	94.181	28.179	26.713	170.59	-12.945	23.2	113.34	-41.834	66.268	32.951	-50.518	79.791	39.697	-82.612	50.936
163.08	30.519	21.62	97.578	29	24.845	174.78	-12.527	21.884	117.49	-40.287	65.018	37.284	-49.638	79.108	43.865	-81.756	50.6
163.08	30.516	21.613	100.85	29.755	22.679	179	-12.204	20.5	121.42	-38.568	64.107	41.181	-48.29	78.425	47.755	-80.759	50.36
163.08	30.518	21.621	103.94	30.472	20.268	182.56	-11.036	19.185	124.95	-36.704	63.095	44.684	-46.542	77.69	51.419	-79.622	50.147
163.07	30.523	21.616	106.88	31.205	17.762	186	-9.8028	17.634	128.26	-34.752	62.231	47.878	-44.357	76.977	54.795	-78.372	49.899
163.06	30.522	21.617	109.61	31.945	15.272	189.14	-8.5766	16.331	131.39	-32.82	61.325	50.849	-41.995	76.095	57.93	-77.09	49.587
163.07	30.527	21.62	112.35	32.741	13.013	191.86	-7.0383	15.112	134.35	-30.93	60.443	53.698	-39.59	75.25	60.819	-75.79	49.13
163.06	30.523	21.614	115.06	33.513	10.948	194.47	-5.301	13.478	137.22	-29.173	59.561	56.325	-37.25	74.322	63.498	-74.473	48.703
163.06	30.524	21.613	117.71	34.401	9.2213	196.47	-3.4746	11.865	139.96	-27.583	58.597	58.776	-35.071	73.394	65.94	-73.206	48.157
163.06	30.532	21.622	120.32	35.244	7.5597	198.17	-1.3874	9.7455	142.53	-26.139	57.623	61.304	-32.889	72.915	68.268	-71.946	47.556
163.06	30.544	21.634	122.86	36.113	6.0814	199.39	0.82007	7.4844	145.13	-24.772	56.704	63.29	-31.512	71.636	70.425	-70.717	46.888
163.08	30.561	21.669	125.29	37.046	4.7454	200.06	3.3395	5.0311	147.62	-23.483	55.736	65.639	-29.954	71.342	72.476	-69.511	46.195
162.99	30.646	21.94	127.62	37.789	3.3538	200.1	6.2563	2.3916	149.99	-22.218	54.83	67.766	-28.903	70.639	74.356	-68.342	45.473
163.05	30.689	22.003	129.89	38.712	2.1731	199.69	9.2641	-0.15907	152.17	-20.942	53.882	69.668	-28.256	69.572	76.121	-67.149	44.704
163.1	30.65	21.96	131.99	39.572	0.91568	198.89	12.581	-2.4838	154.18	-19.659	52.937	71.877	-27.269	69.227	77.748	-65.978	44.032
162.96	30.217	20.995	134.25	40.504	0.021643	197.68	15.99	-4.8714	156.18	-18.246	52.111	73.732	-26.493	68.542	79.293	-64.766	43.374
162.75	30.12	20.995	136.06	41.151	-1.5259	196	19.27	-7.09	157.88	-16.883	51.225	75.296	-25.803	67.564	80.67	-63.602	42.646
162.76	30.117	21	137.92	41.871	-2.7084	194.32	22.521	-9.0528	159.49	-15.397	50.419	76.752	-24.843	66.949	81.93	-62.406	41.96
162.77	30.116	20.989	139.64	42.584	-3.9269	192.14	25.507	-10.921	160.96	-13.864	49.658	78.131	-23.614	66.638	83.07	-61.166	41.277
162.77	30.116	20.989	141.34	43.335	-5.0543	190.02	27.909	-13.168	162.28	-12.336	48.981	79.026	-22.503	65.866	84.096	-59.866	40.657
162.77	30.116	20.975	142.94	44.03	-6.1865	187.86	30.607	-14.455	163.43	-10.807	48.327	79.903	-21.039	65.406	85.029	-58.552	40.02
162.78	30.128	20.994	144.4	44.637	-7.3642	185.76	33.128	-15.394	164.39	-9.3351	47.781	80.802	-19.358	65.218	85.815	-57.221	39.386
162.88	30.494	20.967	145.75	45.321	-8.2288	183.61	35.399	-16.045	165.32	-7.9276	47.327	81.31	-17.93	64.394	86.531	-55.845	38.81
163.68	31.172	20.995	146.95	46.4	-8.9344	182.08	37.341	-16.468	166.13	-6.5958	46.998	81.941	-16.263	63.998	87.137	-54.446	38.214
164.68	32.574	21.071	147.63	47.786	-9.2207	182.55	38.742	-16.335	166.89	-5.3471	46.829	82.455	-14.687	63.552	87.678	-53.028	37.655
165.56	34.221	21.135	148.57	49.302	-9.0062	183.26	39.878	-16.059	167.42	-4.282	46.771	82.927	-13.224	63.186	88.138	-51.627	37.112
166.6	35.602	21.252	149.53	50.735	-8.8799	183.98	41.022	-16.045	167.84	-3.3199	46.776	83.496	-11.655	63.295	88.493	-50.212	36.675
167.71	36.886	21.423	150.3	52.239	-8.6196	184.5	42.366	-15.577	168.39	-2.2746	46.958	83.584	-10.598	62.793	88.787	-48.764	36.197
168.72	38.081	21.535	151.04	53.928	-8.2128	184.99	43.917	-15.215	168.84	-1.0138	47.13	83.824	-9.445	62.636	89.064	-47.293	35.776
169.55	39.394	21.73	151.5	55.715	-7.7193	185.28	45.856	-14.924	169.25	0.42343	47.326	84.21	-8.1471	62.891	89.366	-45.755	35.479
169.89	41.06	22.107	151.9	57.712	-7.0702	185.53	47.797	-14.348	169.57	1.9544	47.552	84.33	-7.0903	62.568	89.665	-44.159	35.223
169.99	43.004	22.644	152.13	59.773	-6.4967	185.76	49.858	-13.738	169.85	3.6216	47.822	84.598	-5.783	62.562	89.922	-42.521	35.079
169.96	45.111	23.228	152.3	61.922	-5.9058	185.87	52.193	-13.053	170.11	5.434	48.183	84.893	-4.3345	62.581	90.174	-40.825	34.901
169.94	47.285	23.808	152.32	64.259	-5.3072	185.98	54.636	-12.386	170.32	7.4254	48.646	85.124	-2.7449	62.634	90.398	-39.037	34.789
170.05	49.574	24.519	152.35	66.667	-4.5165	186.07	57.097	-11.536	170.45	9.5687	49.11	85.269	-1.0002	62.782	90.694	-37.139	34.735
170.16	51.872	25.199	152.34	69.141	-3.6519	186.02	59.72	-10.943	170.56	11.821	49.647	85.372	0.87459	63.052	91.001	-35.185	34.688
170.23	54.27	25.868	152.29	71.751	-2.7416	186.04	62.463	-9.9761	170.58	14.114	50.137	85.371	2.8508	63.325	91.272	-33.155	34.747
170.25	56.813	26.711	152.16	74.391	-1.8245	185.94	65.384	-9.159	170.64	16.602	50.796	85.304	4.9146	63.573	91.535	-30.975	34.868
170.22	59.511	27.641	152.08	77.217	-0.73917	185.9	68.395	-8.1228	170.67	19.174	51.505	85.266	7.0819	63.939	91.729	-28.735	34.998
170.02	62.267	28.536	151.89	80.12	0.31541	185.74	71.63	-7.1648	170.59	21.84	52.158	85.197	9.3279	64.254	92.006	-26.411	35.171
169.85	65.228	29.554	151.56	83.076	1.3086	185.62	74.922	-5.9882	170.57	24.66	52.982	85.165	11.584	64.618	92.26	-24.071	35.312
169.61	68.274	30.587	151.28	86.161	2.468	185.52	78.31	-4.8089	170.42	27.59	53.751	85.287	14.076	65.29	92.516	-21.615	35.593
169.32	71.439	31.643	150.93	89.318	3.5015	185.19	81.894	-3.8285	170.35	30.657	54.612	85.162	16.315	65.352	92.715	-19.095	35.784
168.96	74.684	32.588	150.57	92.557	4.5844	184.94	85.507	-2.6443	170.19	33.834	55.436	85.135	18.722	65.689	92.967	-16.513	36.081
168.64	78.042	33.674	150.16	95.833	5.6381	184.73	89.148	-1.2614	169.98	37.054	56.247	85.142	21.231	66.131	93.292	-13.838	36.238
168.26	81.436	34.737	149.72	99.184	6.6016	184.42	92.894	-0.29153	169.85	40.423	57.146	85.109	23.77	66.412	93.661	-11.045	36.563
167.87	84.85	35.715	149.32	102.51	7.6569	184.14	96.662	0.82356	169.67	43.783	58.026	85.037	26.409	66.756	94.007	-8.1619	36.841
167.51	88.345	36.717	148.92	105.91	8.5917	183.86	100.37	1.8701	169.43	47.18	58.813	84.999	29.184	67.112	94.368	-5.2315	37.17
167.07	91.781	37.589	148.44	109.28	9.4271	183.52	104.11	2.8596	169.21	50.619	59.6	84.947	32.034	67.477	94.713	-2.3082	37.466
166.67	95.311	38.45	147.99	112.65	10.185	183.19	107.79	3.7669	168.98	54.077	60.38	85.032	35.081	68.138	95.04	0.60941	37.8
166.21	98.818	39.222	147.55	116.03	10.934	182.96	111.48	4.7292	168.8	57.595	61.159	84.802	37.889	68.148	95.314	3.547	38.087
165.77	102.34	39.975	147.17	119.43	11.666	182.55	115.15	5.4427	168.61	61.097	61.85	84.735	40.877	68.414	95.618	6.4895	38.415
165.35	105.86	40.653	146.69	122.76	12.211	182.17	118.74	6.1765	168.43	64.574	62.478	84.676	43.858	68.723	95.962	9.4636	38.733
164.82	109.3	41.095	146.15	126.02	12.544	181.83	122.35	6.7956	168.25	68.066	63.05	84.613	46.822	69.004	96.288	12.429	39.053
164.38	112.76	41.553	145.71	129.31	13.061	181.37	126.01	7.203	168.1	71.536	63.522	84.621	49.794	69.316	96.643	15.378	39.368
164	116.21	42.02	145.32	132.59	13.459	181.09	129.44	7.7335	167.95	74.992	63.948	84.579	52.658	69.504	96.964	18.269	39.694
163.59	119.62	42.306	144.74	135.76	13.533	180.59	132.91	8.0235	167.82	78.414	64.29	84.765	55.643	70.022	97.307	21.148	39.887
163.13	122.93	42.453	144.38	138.93	13.784	180.24	136.33	8.2854	167.73	81.804	64.572	84.716	58.258	69.815	97.638	23.98	40.105
162.79	126.26	42.641	143.98	142.02	13.91	179.86	139.76	8.2696	167.68	85.167	64.805	84.831	60.999	69.917	97.998	26.751	40.21
162.48	129.55	42.744	143.43	145.04	13.782	179.51	142.93	8.5634	167.63	88.47	64.964	84.987	63.693	69.959	98.331	29.472	40.37
162.07	132.68	42.685	143.15	148.01	13.846	179.16	146.18	8.5572	167.6	91.745	65.092	85.169	66.374	70.057	98.686	32.176	40.533
161.79	135.82	42.635	142.78	150.86	13.604	178.79	149.26	8.4128	167.54	94.923	65.14	85.351	68.995	70.051	99.072	34.808	40.634
161.51	138.83	42.516	142.41	153.58	13.366	178.52	152.34	8.1166	167.51	98.071	65.163	85.522	71.578	70.069	99.435	37.428	40.783
161.31	141.81	42.383	142.06	156.26	13.092	178.26	155.13	8.0212	167.51	101.13	65.161	85.683	74.142	70.043	99.791	39.987	40.886
161	144.62	42.082	141.81	158.84	12.751	177.96	157.78	8.2154	167.46	104.07	65.079	85.841	76.619	69.969	100.24	42.506	40.935
160.76	147.36	41.82	141.57	161.31	12.399	177.8	160.38	7.961	167.48	106.96	65.042	86.13	79.303	70.336	100.57	44.955	41.125
160.56	150.02	41.498	141.38	163.75	12.071	177.58	163	7.6908	167.48	109.74	64.948	86.073	81.547	69.87	100.93	47.332	41.198
160.37	152.56	41.2	141.21	166.05	11.642	177.43	165.47	7.2568	167.45	112.41	64.825	86.17	83.877	69.73	101.29	49.582	41.127
160.23	155.01	40.824	141.05	168.26	11.181	177.3	167.8	6.9657	167.43	114.97	64.644	86.25	86.152	69.543	101.59	51.79	41.203
160.09	157.37	40.511	140.92	170.34	10.716	177.26	170.12	6.5131	167.47	117.44	64.533	86.369	88.347	69.395	101.91	53.903	41.17
159.95	159.59	40.126	140.82	172.39	10.166	177.05	172.29	6.0374	167.48	119.79	64.316	86.461	90.481	69.183	102.16	55.87	41.153
159.88	161.77	39.771	140.73	174.3	9.6806	177.11	174.3	5.7408	167.51	122.04	64.086	86.579	92.469	68.923	102.45	57.804	40.972
159.74	163.78	39.227	140.69	176.13	9.184	176.94	176.26	5.1479	167.57	124.21	63.833	86.71	94.393	68.649	102.76	59.665	40.737
159.65	165.75	38.724	140.63	177.91	8.5991	176.95	178.12	4.7342	167.63	126.24	63.429	86.893	96.199	68.388	103.06	61.454	40.582
159.5	167.58	38.134	140.51	179.57	7.931	176.9	179.92	4.019	167.66	128.18	62.994	87.221	98.123	68.488	103.32	63.142	40.413
159.4	169.33	37.504	140.38	181.12	7.2301	176.77	181.6	3.3745	167.73	130.05	62.576	87.225	99.515	67.623	103.57	64.725	40.189
159.31	170.98	36.812	140.26	182.55	6.4642	176.67	183.14	2.6351	167.77	131.8	62.066	87.398	101.05	67.207	103.78	66.229	39.901
159.26	172.54	36.057	140.16	183.85	5.6343	176.5	184.48	1.7068	167.81	133.47	61.466	87.564	102.52	66.875	103.97	67.615	39.604
159.19	174	35.208	140.03	185.08	4.6086	176.43	185.75	0.75345	167.87	135.07	60.879	87.714	103.88	66.402	104.12	68.962	39.302
159.1	175.32	34.144	139.93	186.14	3.5634	176.35	186.83	-0.31001	167.86	136.57	60.178	87.783	105.17	65.832	104.25	70.223	38.979
159	176.52	32.962	139.83	187.11	2.3644	176.26	187.76	-1.5266	167.86	138.01	59.378	87.853	106.46	65.388	104.34	71.386	38.689
158.89	177.63	31.755	139.72	187.88	1.0222	176.18	188.52	-2.8068	167.88	139.35	58.518	87.839	107.69	64.825	104.45	72.502	38.272
158.84	178.64	30.496	139.63	188.5	-0.32608	176.14	189.14	-4.2289	167.83	140.62	57.597	87.793	108.86	64.223	104.49	73.518	37.945
158.76	179.54	29.02	139.54	189.05	-1.8952	176.03	189.65	-5.878	167.77	141.8	56.581	87.678	110.03	63.53	104.5	74.44	37.52
158.68	180.33	27.409	139.44	189.45	-3.6659	175.94	190.02	-7.6006	167.71	142.91	55.459	87.528	111.15	62.807	104.48	75.306	37.132
158.62	181.02	25.787	139.34	189.76	-5.4177	175.9	190.28	-9.3614	167.71	143.92	54.298	87.337	112.22	62.038	104.4	76.087	36.788
158.72	181.65	23.87	139.27	189.98	-6.9682	175.83	190.44	-11.296	167.55	144.77	52.92	87.172	113.27	61.255	104.38	76.851	36.335
159.15	181.89	22.844	139.12	190.1	-8.7874	175.65	190.54	-13.366	167.56	145.59	51.529	86.965	114.22	60.33	104.28	77.533	35.886
160.22	181.88	22.536	138.98	190.48	-10.156	176.1	190.72	-14.719	167.58	146.24	50.163	86.998	115.33	59.961	104.22	78.091	35.309
160.22	182.07	22.507	138.98	190.84	-11.237	176.69	190.76	-16.136	167.76	146.58	48.948	86.643	115.9	58.523	104.17	78.626	34.63
160.05	182.12	22.492	138.84	191.1	-12.274	176.89	190.89	-17.508	167.91	146.71	47.758	86.505	116.47	57.573	104.09	79.018	33.876
160.18	181.97	22.454	138.82	191.46	-12.653	177.15	191.47	-18.015	167.95	146.75	46.665	86.055	116.49	55.713	104.07	79.298	33.082
160.36	182.23	22.433	138.99	191.86	-12.822	177.53	191.7	-18.084	168.15	146.58	45.965	86.465	117.24	56.111	103.99	79.484	32.373
160.49	182.69	22.449	139.13	192.1	-12.802	177.82	191.69	-18.418	168.41	146.01	45.499	86.795	117.58	56.136	103.96	79.59	31.673
160.88	183.11	23.3	139.31	192.2	-12.737	178.03	191.65	-18.528	168.71	145.59	45.787	86.711	117.23	55.097	103.85	79.584	31.005
160.72	182.5	22.412	139.48	192.16	-12.69	178.33	191.42	-18.36	168.55	144.76	45.039	86.85	116.99	54.739	103.78	79.487	30.526
161.04	182.63	23.565	139.66	192.02	-12.653	178.49	191.11	-18.48	168.51	144.55	45.193	86.981	116.68	54.631	103.67	79.328	30.222
161.11	182.32	23.522	139.75	191.82	-12.624	178.55	190.69	-18.468	168.32	144.58	45.707	87.018	116.32	54.53	103.56	79.163	30.064
161.13	181.98	23.452	139.76	191.49	-12.657	178.83	190.29	-18.167	168.03	144.45	45.906	86.906	115.95	54.508	103.28	79.025	30.274
161.29	181.53	23.369	139.75	191.09	-12.727	179.28	189.63	-18.008	167.77	144.25	46.205	86.716	115.68	54.591	102.99	78.871	30.514
161.35	180.78	22.587	139.71	190.63	-12.71	180	189.02	-17.858	167.32	143.78	46.111	86.297	115.49	54.747	102.66	78.669	30.818
161.67	180.26	22.534	139.51	190.21	-12.639	181.56	188.01	-17.293	166.87	143.38	46.481	85.752	115.38	54.914	102.31	78.428	31.096
161.97	179.79	22.63	138.95	189.8	-12.371	183.81	186.74	-16.772	166.38	142.86	46.895	85.095	115.33	55.209	101.92	78.074	31.449
162.15	179.4	22.568	138.1	189.58	-11.81	186.69	185.51	-15.933	165.94	142.32	47.251	84.367	115.23	55.582	101.56	77.631	31.851
162.45	179.14	22.479	136.93	189.59	-10.876	189.54	184.36	-14.494	165.33	141.64	47.522	83.161	114.52	54.818	101.13	77.08	32.337
162.53	178.89	22.433	135.53	189.61	-9.7654	192.24	183.3	-12.782	164.87	140.94	47.976	82.887	114.65	56.557	100.73	76.493	32.793
162.6	178.75	22.425	134.02	189.63	-8.4108	194.73	182.4	-10.572	164.38	140.11	48.532	82.256	113.99	57.173	100.24	75.757	33.317
162.66	178.66	22.444	132.5	189.59	-6.8127	197.04	181.39	-8.1188	163.78	139.15	49.193	81.758	113.04	57.96	99.815	74.962	33.808
162.71	178.62	22.445	130.97	189.39	-5.0374	199.31	180.6	-4.735	163.12	138.01	49.977	81.346	111.78	58.824	99.292	74.054	34.333
162.72	178.65	22.432	129.45	189.1	-3.2479	200.77	179.53	-2.0932	162.44	136.77	50.844	81.103	110.33	59.808	98.769	73.065	34.907
162.73	178.74	22.439	128	188.6	-1.4048	201.83	178.26	0.34625	161.72	135.41	51.834	80.905	108.73	60.837	98.162	71.967	35.59
162.72	178.75	22.43	126.63	187.93	0.45492	202.63	176.87	2.9376	160.96	133.99	52.935	80.654	107.07	61.836	97.542	70.833	36.256
162.71	178.75	22.422	125.37	187.1	2.4971	203.16	175.36	5.3267	160.15	132.53	54.165	80.308	105.4	62.933	96.822	69.641	37.036
162.71	178.75	22.426	124.04	186.13	4.2854	203.35	173.83	7.9369	159.18	130.99	55.509	79.683	103.72	63.992	95.989	68.39	38.005
162.7	178.75	22.428	122.67	185	6.3272	203.25	172.16	10.49	158.11	129.42	57.069	78.839	102.06	65.162	95.062	67.091	38.979
162.71	178.75	22.437	121.38	183.85	8.362	203.08	170.35	13.184	156.87	127.74	58.695	77.666	100.45	66.403	94.018	65.681	40.063
162.71	178.75	22.435	120.01	182.5	10.379	202.67	168.56	16.02	155.62	126.1	60.557	76.263	98.82	67.698	92.829	64.2	41.259
162.71	178.76	22.436	118.68	181.12	12.729	201.89	166.78	18.921	154.12	124.21	62.495	74.637	97.255	69.148	91.541	62.641	42.467
162.71	178.76	22.438	117.12	179.61	15.04	201.04	164.81	22.051	152.32	122.08	64.42	72.818	95.59	70.494	90.142	60.964	43.641
162.72	178.75	22.424	115.64	178.06	17.457	199.94	162.86	25.215	150.5	119.95	66.517	70.917	93.881	72.061	88.495	59.221	45.039
162.72	178.75	22.432	114.11	176.44	19.868	198.61	160.84	28.249	148.7	117.79	68.754	68.868	91.975	73.532	86.767	57.371	46.387
162.71	178.75	22.43	112.28	174.61	22.502	197.1	158.65	31.322	146.49	115.33	70.859	66.955	90.096	75.51	84.873	55.458	47.79
162.71	178.74	22.427	110.4	172.76	25.223	195.12	156.51	34.265	144.29	112.91	73.195	64.525	87.567	76.594	82.817	53.428	49.209
162.71	178.75	22.43	108.34	170.96	27.966	192.98	154.29	37.12	141.92	110.44	75.514	62.21	85.099	78.173	80.631	51.35	50.661
162.73	178.76	22.442	106.13	168.98	30.681	190.59	152.02	40.008	139.32	107.86	77.715	59.756	82.436	79.739	78.335	49.205	51.934
162.72	178.75	22.433	103.77	166.96	33.529	187.91	149.8	42.809	136.62	105.28	80.021	57.156	79.68	81.24	75.785	46.981	53.354
162.72	178.75	22.427	101.16	164.88	36.106	184.87	147.34	44.926	133.81	102.94	82.804	54.407	76.916	82.808	73.047	44.708	54.856
162.73	178.75	22.436	98.445	162.7	38.704	181.63	145.07	47.681	130.72	100.32	84.916	51.431	74.064	84.207	70.217	42.36	56.15
162.73	178.74	22.422	95.4	160.48	41.286	178.23	142.8	50.237	127.27	97.613	87.193	48.233	71.291	85.665	67.14	40.028	57.533
162.69	178.77	22.476	92.257	158.19	43.77	174.77	140.78	53.397	123.73	94.969	89.412	44.794	68.52	87.064	63.972	37.621	58.833
162.75	178.8	22.58	88.921	155.87	46.124	170.81	138.65	56.1	119.96	92.303	91.489	41.092	65.802	88.382	60.553	35.173	60.071
162.82	178.84	22.694	85.483	153.54	48.335	166.51	136.41	58.497	116.04	89.603	93.449	37.173	63.123	89.664	56.969	32.72	61.375
162.86	178.94	22.937	81.761	151.16	50.527	162.18	134.29	60.902	111.88	86.885	95.386	33.187	60.612	91.195	53.245	30.217	62.439
162.86	178.96	22.987	77.951	148.71	52.565	157.42	132.2	63.229	107.56	84.2	97.321	28.742	57.789	92.018	49.305	27.696	63.548
162.86	178.95	22.99	73.978	146.27	54.522	152.54	130.08	65.213	102.98	81.329	98.728	24.293	55.077	93.088	45.231	25.202	64.525
162.87	178.96	22.987	69.834	143.84	56.294	147.22	128.05	66.999	98.25	78.643	100.35	19.667	52.325	94.034	40.955	22.674	65.51
162.87	178.96	22.984	65.561	141.41	57.957	141.77	126.11	68.95	93.434	75.972	101.94	14.96	49.556	94.962	36.563	20.112	66.388
162.87	178.96	22.987	61.137	138.95	59.454	136.09	124.06	70.349	88.432	73.307	103.37	10.12	46.766	95.753	31.968	17.584	67.171
162.87	178.96	22.983	56.6	136.48	60.815	130.18	122.12	71.738	83.299	70.685	104.66	5.1543	43.904	96.411	27.255	15.023	67.92
162.87	178.96	22.985	52.016	134.05	62.103	124.05	120.13	72.821	78.066	68.094	105.82	0.21503	41.246	97.33	22.413	12.464	68.454
162.87	178.96	22.979	47.333	131.55	63.208	117.72	118.18	73.692	72.723	65.526	106.81	-5.0695	38.282	97.416	17.411	9.9076	68.993
162.87	178.96	22.983	42.559	129.09	64.025	111.24	116.14	74.115	67.257	63.002	107.75	-10.364	35.525	97.772	12.34	7.4143	69.43
162.87	178.96	22.981	37.736	126.64	64.669	104.49	114.23	74.55	61.707	60.497	108.39	-15.793	32.798	97.925	7.1015	4.8843	69.732
162.88	178.96	22.989	32.943	124.12	65.329	97.591	112.12	74.268	56.021	58.035	108.94	-21.312	30.167	98.039	1.7768	2.4195	69.95
162.88	178.96	22.979	28.048	121.67	65.68	90.524	110.17	74.277	50.281	55.597	109.32	-26.93	27.658	98.081	-3.6672	-0.065824	69.991
162.88	178.96	22.99	23.119	119.22	65.847	83.391	108.19	73.817	44.514	53.242	109.5	-32.671	25.196	97.937	-9.2086	-2.5151	69.916
162.88	178.95	22.982	18.2	116.72	66.011	76.106	106.15	73.149	38.663	50.906	109.62	-38.504	22.76	97.668	-14.82	-4.9233	69.711
162.89	178.95	22.98	13.335	114.33	66.086	68.916	104.15	72.227	32.753	48.617	109.47	-44.394	20.41	97.245	-20.524	-7.2974	69.518
162.89	178.95	22.974	8.2629	111.8	65.727	61.349	102.04	70.819	26.822	46.388	109.25	-50.337	18.125	96.788	-26.282	-9.6383	69.041
162.89	178.95	22.98	3.3834	109.46	65.534	54.052	100.06	69.618	20.831	44.22	108.8	-56.208	16.044	96.483	-32.095	-11.96	68.625
162.9	178.94	22.971	-1.6765	107.09	64.988	46.675	98.173	68.261	14.828	42.09	108.21	-62.208	13.854	95.787	-37.967	-14.238	67.988
162.9	178.94	22.985	-6.6872	104.75	64.409	39.289	96.112	66.63	8.8371	40.055	107.49	-68.325	11.512	94.604	-43.826	-16.538	67.28
162.91	178.94	22.982	-11.661	102.41	63.698	32.098	94.183	64.945	2.8543	38.059	106.71	-74.158	9.5961	94.117	-49.714	-18.772	66.519
162.9	178.94	22.985	-16.757	100.05	62.706	24.747	92.128	62.948	-3.0974	36.18	105.7	-80.095	7.5273	93.184	-55.599	-21.022	65.675
162.9	178.93	22.975	-21.847	97.775	61.579	17.557	90.18	60.933	-8.9932	34.36	104.64	-86.164	5.254	91.746	-61.494	-23.266	64.748
162.9	178.93	22.976	-26.913	95.46	60.177	10.425	88.102	58.691	-14.849	32.651	103.45	-91.882	3.4473	91.123	-67.37	-25.433	63.785
162.89	178.93	22.982	-31.894	93.167	58.626	3.0056	85.891	56.228	-20.643	30.988	102.26	-97.91	1.2649	89.566	-73.259	-27.59	62.803
162.89	178.93	22.977	-36.853	90.911	56.841	-4.0021	83.78	53.937	-26.429	29.366	100.88	-103.53	-0.41452	88.834	-79.14	-29.665	61.773
162.89	178.93	22.986	-41.775	88.613	55.076	-11.036	81.732	51.287	-32.15	27.772	99.425	-109.46	-2.49	87.169	-84.961	-31.689	60.656
162.89	178.94	22.985	-46.619	86.284	52.941	-17.694	79.682	49.046	-37.793	26.171	97.987	-114.98	-3.9895	86.332	-90.771	-33.678	59.509
162.88	178.93	22.972	-51.461	84.007	50.734	-24.287	77.637	46.678	-43.332	24.58	96.509	-120.79	-5.8856	84.553	-96.538	-35.574	58.27
162.88	178.93	22.984	-56.154	81.717	48.536	-30.755	75.512	44.287	-48.821	22.908	94.86	-126.18	-7.2234	83.615	-102.22	-37.407	56.895
162.88	178.94	22.988	-60.757	79.46	46.355	-36.905	73.543	42.064	-54.203	21.262	93.226	-131.84	-8.9663	81.718	-107.86	-39.181	55.456
162.87	178.93	22.985	-65.269	77.217	44.141	-42.824	71.446	40.006	-59.46	19.496	91.51	-137.05	-10.148	80.704	-113.38	-40.884	53.974
162.87	178.93	22.984	-69.866	75.206	42.003	-48.235	69.319	37.677	-64.584	17.764	89.77	-142.5	-11.732	78.744	-118.85	-42.5	52.373
162.86	178.94	22.987	-74.519	73.344	39.801	-53.123	67.283	35.552	-69.565	16.035	87.88	-147.43	-12.792	77.654	-124.17	-44.077	50.762
162.86	178.94	22.99	-78.997	71.593	37.682	-57.813	65.158	33.518	-74.449	14.349	85.959	-152.63	-14.285	75.683	-129.43	-45.561	49.194
162.85	178.93	22.992	-83.358	69.804	35.584	-62.43	63.074	31.087	-79.218	12.766	84.057	-157.52	-15.504	74.179	-134.55	-47.01	47.673
162.85	178.93	22.988	-87.598	68.045	33.378	-66.857	61.141	28.796	-83.855	11.306	82.078	-162.1	-16.394	73.172	-139.58	-48.388	46.189
162.85	178.94	22.987	-91.841	66.291	31.014	-71.214	59.161	26.493	-88.35	10.008	80.117	-166.73	-17.444	71.73	-144.49	-49.703	44.832
162.85	178.93	22.986	-95.895	64.673	28.727	-75.59	57.347	23.951	-92.752	8.8213	78.222	-171.46	-18.685	69.823	-149.23	-50.988	43.501
162.84	178.93	22.987	-99.968	63.08	26.376	-79.797	55.571	21.832	-97.075	7.744	76.385	-175.89	-19.579	68.427	-153.89	-52.196	42.238
162.84	178.93	22.991	-103.9	61.531	24.123	-83.87	53.922	19.414	-101.27	6.7356	74.662	-180.2	-20.386	67.077	-158.38	-53.346	41.08
162.84	178.92	22.989	-107.71	60.018	21.938	-87.743	52.309	17.306	-105.31	5.7662	73.033	-184.21	-20.848	66.19	-162.72	-54.436	39.943
162.85	178.92	22.998	-111.28	58.585	19.98	-91.499	50.652	15.241	-109.29	4.7888	71.485	-188.26	-21.498	64.842	-166.97	-55.452	38.837
162.84	178.92	22.986	-114.68	57.143	18.112	-95.007	49.134	13.659	-113.18	3.7972	70.044	-192.45	-22.342	63.036	-171.07	-56.424	37.674
162.84	178.92	22.983	-117.93	55.786	16.382	-98.103	47.625	12.259	-116.89	2.7886	68.756	-195.53	-22.64	62.57	-175.07	-57.33	36.557
162.84	178.92	22.99	-120.9	54.428	14.956	-101.3	46.11	10.796	-120.49	1.7427	67.47	-198.54	-23.295	61.78	-178.9	-58.178	35.434
162.84	178.92	22.99	-123.78	53.121	13.531	-104.52	44.541	9.1538	-123.94	0.6884	66.251	-203.28	-23.559	59.282	-182.18	-58.723	34.539
162.85	178.91	22.988	-126.49	51.851	12.257	-107.34	43.095	8.0787	-127.26	-0.37535	65.145	-206.23	-23.612	58.716	-185.78	-59.423	33.557
162.85	178.91	22.99	-129.07	50.663	11.185	-109.8	41.757	7.2396	-130.51	-1.3918	64.153	-209.53	-23.975	57.55	-189.22	-60.055	32.599
162.85	178.91	22.985	-131.43	49.53	10.158	-112.56	40.344	5.9738	-133.62	-2.3973	63.183	-212.69	-24.334	56.346	-192.55	-60.643	31.561
162.85	178.91	22.986	-133.74	48.484	9.2511	-114.99	39.155	5.2728	-136.6	-3.3227	62.305	-215.74	-24.679	55.243	-195.76	-61.172	30.564
162.84	178.91	22.986	-135.96	47.46	8.3934	-117.43	37.95	4.4446	-139.52	-4.1851	61.377	-219.17	-25.302	53.496	-198.82	-61.626	29.455
162.84	178.91	23.006	-138.05	46.595	7.6176	-119.67	36.853	3.6109	-142.31	-4.9379	60.584	-221.35	-25.303	53.073	-201.76	-62.068	28.531
162.84	178.91	22.991	-140.08	45.8	6.9156	-121.9	35.914	2.6503	-144.95	-5.6131	59.758	-223.9	-25.61	51.987	-204.61	-62.469	27.665
162.83	178.91	23.005	-142.17	45.042	5.7902	-123.97	35.019	2.035	-147.58	-6.1838	58.965	-226.83	-26.212	50.287	-207.27	-62.792	26.67
162.85	178.92	22.997	-144.05	44.395	4.947	-125.98	34.263	1.3829	-150.07	-6.5865	58.174	-229.17	-26.389	49.262	-209.87	-63.099	25.838
162.83	178.91	22.992	-145.89	43.849	3.9735	-127.71	33.652	0.6893	-152.47	-6.9053	57.361	-231.41	-26.48	48.238	-212.26	-63.308	24.922
162.83	178.91	22.991	-147.64	43.407	3.2095	-129.78	32.981	-0.45025	-154.74	-7.0537	56.56	-233.57	-26.555	47.205	-213.98	-64.048	24.811
162.83	178.91	22.995	-149.38	42.92	2.1247	-131.52	32.521	-1.6082	-156.9	-7.1204	55.751	-235.67	-26.524	46.185	-216.44	-63.931	23.866
162.82	178.91	22.999	-150.99	42.622	1.139	-133.15	32.011	-2.3161	-158.97	-7.0629	54.877	-237.69	-26.378	45.147	-218.75	-63.639	22.715
162.83	178.91	22.986	-152.51	42.236	-0.12808	-134.68	31.698	-3.4757	-160.92	-6.9544	53.988	-239.6	-26.126	44.056	-220.65	-63.668	21.927
162.83	178.91	22.984	-153.94	41.966	-1.568	-136.05	31.338	-4.7915	-162.64	-6.7668	53.017	-241.35	-25.874	42.963	-222.39	-63.647	21.181
162.83	178.91	22.985	-155.2	41.689	-2.7596	-137.09	31.145	-5.5043	-164.27	-6.534	52.099	-242.91	-25.592	41.798	-224.03	-63.62	20.466
162.82	178.91	22.992	-156.39	41.493	-4.2884	-138.54	30.772	-7.0714	-165.74	-6.3557	50.892	-244.4	-25.254	40.623	-225.48	-63.591	19.683
162.83	178.91	22.987	-157.46	41.245	-5.7708	-139.46	30.573	-8.2586	-167.05	-6.157	49.795	-245.29	-24.571	40.137	-226.84	-63.617	18.832
162.83	178.91	22.992	-158.45	41.047	-7.0525	-140.42	30.387	-9.7648	-168.17	-5.9702	48.555	-246.58	-24.19	38.952	-228.03	-63.522	17.79
162.83	178.92	22.984	-159.3	40.798	-8.542	-141.21	30.197	-11.252	-169.16	-5.8842	47.292	-247.68	-23.83	37.715	-229.1	-63.481	16.77
162.83	178.91	22.997	-160.01	40.554	-10.046	-141.7	30.018	-12.557	-170	-5.7946	46.086	-248.54	-23.528	36.448	-229.99	-63.395	15.652
162.83	178.91	22.991	-160.57	40.367	-11.477	-142.4	29.713	-14.082	-170.72	-5.7209	44.911	-249.16	-23.4	35.156	-230.73	-63.297	14.443
162.84	178.91	22.991	-161.04	40.256	-12.844	-142.96	29.513	-15.391	-171.4	-5.5272	43.868	-249.6	-23.325	33.87	-231.37	-63.205	13.258
162.84	178.91	22.984	-161.44	40.141	-13.944	-143.48	29.333	-16.263	-172.11	-5.2862	42.969	-250.6	-23.707	31.93	-231.9	-63.071	12.128
162.84	178.92	22.997	-161.56	40.215	-14.196	-143.42	29.399	-16.913	-172.82	-4.9544	42.319	-250.88	-23.717	30.687	-232.3	-62.936	11.07
162.84	178.92	22.995	-161.52	40.267	-14.193	-143.27	29.495	-16.944	-173.6	-4.6362	41.752	-251.15	-23.67	29.497	-232.64	-62.769	10.091
162.85	178.91	22.989	-161.46	40.323	-14.227	-143.25	29.482	-17.033	-174.44	-4.3776	41.389	-251.42	-23.508	28.383	-232.9	-62.653	9.2917
162.84	178.91	23	-161.39	40.361	-14.402	-143.11	29.464	-16.931	-174.93	-3.7716	41.805	-251.78	-23.209	27.527	-233.08	-62.622	8.6791
162.86	178.92	22.981	-161.36	40.364	-14.457	-143.19	29.402	-17.026	-175.55	-3.2974	41.823	-252.19	-22.721	26.965	-233.18	-62.519	8.3353
162.85	178.92	22.98	-161.35	40.449	-14.556	-143.09	29.562	-16.947	-176.05	-2.5894	41.829	-252.65	-22.17	26.656	-233.28	-62.316	8.3751
162.86	178.92	22.989	-161.39	40.557	-14.651	-143.13	29.862	-16.78	-176.36	-1.8047	41.924	-253.02	-21.628	26.482	-233.39	-62.029	8.7224
162.86	178.91	22.99	-161.52	40.698	-14.718	-143	30.41	-16.385	-176.57	-1.2229	41.998	-252.65	-20.794	27.087	-233.48	-61.773	9.0969
162.87	178.93	22.993	-161.64	41.144	-14.624	-143.02	30.988	-16.246	-176.62	-0.8076	42.073	-252.81	-20.423	26.999	-233.51	-61.525	9.3525
162.87	178.92	22.992	-161.8	41.52	-14.855	-143.09	31.537	-16.221	-176.6	-0.57418	42.102	-252.77	-20.229	27.004	-233.48	-61.318	9.4582
162.88	178.93	22.981	-161.96	41.998	-14.801	-143.06	32.06	-16.099	-176.49	-0.41357	42.054	-252.62	-20.159	27.015	-233.37	-61.164	9.4396
162.88	178.93	22.994	-161.98	42.433	-14.779	-143.18	32.553	-16.192	-176.26	-0.24481	41.95	-252.34	-20.202	27.018	-233.17	-61.014	9.3171
162.89	178.93	22.993	-161.98	42.767	-14.771	-143.31	32.864	-16.742	-175.96	-0.053259	41.776	-251.96	-20.301	27.011	-232.92	-60.826	9.004
162.88	178.94	22.986	-161.82	43.03	-14.792	-142.93	33.168	-16.475	-175.67	0.20153	41.562	-252.3	-20.712	26.223	-232.66	-60.72	8.8056
162.88	178.94	22.984	-161.6	43.198	-14.828	-142.75	33.308	-17.103	-175.38	0.44035	41.303	-252	-20.743	26.18	-232.43	-60.56	8.4968
162.89	178.95	22.991	-161.47	43.305	-14.86	-142.56	33.441	-16.935	-175.05	0.65758	41.131	-251.73	-20.761	26.11	-232.21	-60.482	8.2942
162.89	178.96	22.991	-161.29	43.409	-14.918	-142.56	33.465	-17.195	-174.76	0.84004	41.012	-251.49	-20.735	26.014	-231.98	-60.414	8.1492
162.89	178.96	22.989	-161.02	43.515	-14.795	-142.15	33.603	-17.308	-174.57	0.9658	40.798	-251.28	-20.711	25.926	-231.83	-60.319	7.9607
162.9	178.96	22.99	-160.71	43.667	-14.821	-142.12	33.591	-17.463	-174.39	1.0876	40.698	-251.12	-20.668	25.806	-231.65	-60.281	7.853
162.89	178.96	22.993	-160.57	43.681	-14.952	-141.92	33.614	-17.451	-174.21	1.2314	40.657	-251.02	-20.646	25.698	-231.51	-60.265	7.8029
162.89	178.97	22.991	-160.43	43.705	-15.015	-141.82	33.63	-17.477	-174.01	1.3698	40.553	-250.9	-20.61	25.625	-231.37	-60.254	7.7973
162.9	178.97	22.99	-160.26	43.769	-14.972	-141.95	33.514	-17.963	-173.82	1.5024	40.438	-250.21	-20.244	26.237	-231.24	-60.221	7.7775
162.9	178.97	22.995	-160.12	43.832	-14.967	-141.85	33.602	-17.879	-173.64	1.5983	40.368	-250.09	-20.232	26.217	-231.13	-60.219	7.7624
162.9	178.97	22.99	-159.98	43.914	-14.918	-141.72	33.748	-18.029	-173.47	1.6957	40.224	-249.95	-20.235	26.189	-231.04	-60.202	7.7266
162.89	178.96	22.987	-159.85	43.998	-14.939	-141.41	33.833	-17.851	-173.59	1.4405	39.532	-249.8	-20.279	26.18	-230.95	-60.153	7.6267
162.9	178.96	22.989	-159.69	44.074	-15.03	-141.3	33.882	-17.815	-173.38	1.4653	39.456	-249.66	-20.307	26.171	-230.89	-60.145	7.5848
162.9	178.95	22.986	-159.61	44.116	-15.037	-141.48	33.805	-18.032	-173.17	1.4717	39.432	-249.55	-20.335	26.174	-230.83	-60.153	7.4899
162.9	178.95	22.984	-159.55	44.149	-15.032	-141.45	33.798	-18.056	-173.01	1.4608	39.363	-249.43	-20.367	26.183	-230.77	-60.163	7.4164
162.9	178.94	22.979	-159.49	44.173	-15.043	-141.44	33.775	-18.119	-172.9	1.4418	39.313	-249.35	-20.412	26.196	-230.73	-60.183	7.3554
162.89	178.94	22.986	-159.44	44.173	-15.06	-141.41	33.771	-18.261	-172.8	1.3977	39.241	-249.3	-20.453	26.203	-230.71	-60.198	7.2955
162.89	178.94	22.988	-159.39	44.182	-15.054	-141.41	33.748	-18.323	-172.72	1.3368	39.173	-249.26	-20.499	26.204	-230.71	-60.205	7.245
162.9	178.94	22.986	-159.36	44.195	-15.049	-141.37	33.739	-18.313	-172.63	1.2762	39.14	-249.2	-20.542	26.218	-230.71	-60.213	7.1497
162.91	178.94	22.983	-159.34	44.2	-15.041	-141.34	33.728	-18.335	-172.56	1.2233	39.103	-249.74	-20.888	25.571	-230.74	-60.237	7.0913
162.91	178.94	22.981	-159.34	44.2	-15.047	-141.34	33.715	-18.362	-172.52	1.1787	39.066	-249.18	-20.603	26.207	-230.76	-60.25	7.0337
162.9	178.94	22.976	-159.32	44.203	-15.036	-141.34	33.687	-18.387	-172.51	1.1317	39.053	-249.74	-20.935	25.55	-230.8	-60.248	6.9689
162.91	178.94	22.985	-159.31	44.198	-15.035	-141.34	33.661	-18.394	-172.49	1.1065	39.039	-249.76	-20.947	25.531	-230.86	-60.251	6.9075
162.91	178.95	22.984	-159.31	44.2	-15.022	-141.31	33.651	-18.376	-172.49	1.0839	39.026	-249.78	-20.954	25.504	-230.91	-60.249	6.8676
162.91	178.95	22.99	-159.32	44.191	-15.024	-141.32	33.635	-18.387	-172.51	1.0647	39.02	-249.81	-20.952	25.478	-230.98	-60.252	6.8258
162.91	178.95	22.978	-159.32	44.191	-15.017	-141.3	33.61	-18.388	-172.53	1.0529	39.008	-249.86	-20.96	25.441	-231.05	-60.247	6.7811
162.91	178.95	22.986	-159.32	44.184	-15.007	-141.32	33.6	-18.402	-172.57	1.0341	38.976	-249.89	-20.963	25.424	-231.11	-60.244	6.7672
162.9	178.96	22.982	-159.35	44.187	-15.007	-141.32	33.551	-18.621	-172.59	1.0278	38.957	-249.93	-20.964	25.394	-231.18	-60.227	6.7849
162.9	178.95	22.973	-159.35	44.18	-14.996	-141.32	33.6	-18.402	-172.61	1.0166	38.938	-249.95	-20.967	25.376	-231.24	-60.225	6.7468
162.9	178.96	22.984	-159.35	44.182	-14.983	-141.36	33.564	-18.468	-172.61	1.0082	38.94	-249.99	-20.958	25.346	-231.27	-60.24	6.6902
162.9	178.96	22.975	-159.37	44.172	-14.977	-141.36	33.554	-18.49	-172.61	0.98091	38.93	-250.03	-20.953	25.344	-231.31	-60.249	6.6376
162.9	178.96	22.98	-159.37	44.172	-14.977	-141.35	33.542	-18.477	-172.61	0.94761	38.929	-250.07	-20.945	25.33	-231.35	-60.267	6.6154
162.9	178.96	22.982	-159.37	44.175	-14.951	-141.35	33.549	-18.474	-172.58	0.91491	38.937	-250.12	-20.928	25.321	-231.37	-60.287	6.5786
162.9	178.96	22.977	-159.39	44.163	-14.964	-141.35	33.549	-18.488	-172.57	0.86923	38.907	-250.14	-20.925	25.327	-231.39	-60.318	6.5504
162.91	178.96	22.992	-159.39	44.163	-14.964	-141.34	33.531	-18.491	-172.51	0.83576	38.905	-250.14	-20.94	25.319	-231.4	-60.348	6.5312
162.9	178.97	22.989	-159.37	44.168	-14.94	-141.33	33.531	-18.513	-172.46	0.78721	38.892	-250.13	-20.958	25.344	-231.4	-60.368	6.499
162.9	178.96	22.976	-159.37	44.157	-14.975	-141.32	33.53	-18.505	-172.39	0.75035	38.882	-250.13	-20.977	25.344	-231.38	-60.402	6.4858
162.9	178.96	22.978	-159.36	44.168	-14.962	-141.33	33.513	-18.529	-172.32	0.7047	38.894	-250.11	-20.98	25.368	-231.36	-60.428	6.4662
162.91	178.96	22.98	-159.35	44.153	-14.975	-141.32	33.507	-18.54	-172.27	0.65842	38.87	-250.09	-20.979	25.38	-231.34	-60.457	6.4459
162.91	178.96	22.984	-159.32	44.15	-14.982	-141.23	33.492	-18.681	-172.25	0.59392	38.82	-250.08	-20.989	25.393	-231.33	-60.476	6.4245
162.9	178.96	22.977	-159.3	44.142	-14.965	-141.08	33.522	-18.599	-172.2	0.57053	38.816	-250.04	-21.007	25.403	-231.3	-60.485	6.415
162.9	178.95	22.984	-159.26	44.142	-14.955	-141.06	33.504	-18.638	-172.17	0.54077	38.767	-250	-21.019	25.41	-231.29	-60.466	6.3416
162.91	178.96	22.988	-159.25	44.137	-14.96	-141.05	33.505	-18.646	-172.07	0.52024	38.768	-249.96	-21.038	25.421	-231.27	-60.479	6.3337
162.91	178.96	22.983	-159.18	44.146	-14.916	-141.22	33.426	-18.837	-172.03	0.5091	38.743	-249.91	-21.048	25.428	-231.24	-60.485	6.3308
162.91	178.96	22.987	-159.15	44.143	-14.923	-141.21	33.47	-18.642	-171.96	0.48965	38.751	-249.88	-21.062	25.448	-231.24	-60.495	6.3129
