163.17	33.48	21.767	-160.09	41.521	-15.138	-141.14	33.335	-17.336	-172.77	-0.66264	39.611	-246.03	-24.121	25.875	-227.93	-64.833	9.3877
163.18	33.472	21.762	-160.06	41.542	-15.124	-141.13	33.332	-17.341	-172.72	-0.6557	39.541	-246.02	-24.103	25.867	-227.93	-64.826	9.3764
163.17	33.48	21.766	-160.06	41.541	-15.144	-141.12	33.343	-17.341	-172.65	-0.57588	39.583	-246.02	-24.093	25.859	-227.92	-64.807	9.3728
163.17	33.474	21.763	-160.04	41.559	-15.135	-141.13	33.343	-17.456	-172.66	-0.57704	39.6	-246	-24.073	25.845	-227.93	-64.805	9.3641
163.18	33.475	21.764	-160.05	41.563	-15.156	-141.14	33.316	-17.543	-172.73	-0.6239	39.579	-245.99	-24.062	25.842	-227.93	-64.783	9.3546
163.17	33.48	21.767	-160.04	41.558	-15.154	-141.09	33.339	-17.498	-172.73	-0.61773	39.569	-245.97	-24.058	25.826	-227.93	-64.774	9.3422
163.17	33.48	21.766	-160.01	41.579	-15.134	-141.09	33.33	-17.519	-172.72	-0.61967	39.563	-245.95	-24.05	25.823	-227.94	-64.769	9.3226
163.18	33.475	21.764	-160.01	41.579	-15.141	-141.08	33.336	-17.516	-172.66	-0.63653	39.48	-245.95	-24.05	25.823	-227.96	-64.767	9.3077
163.18	33.476	21.769	-160.01	41.578	-15.154	-141.09	33.329	-17.559	-172.58	-0.56131	39.547	-245.94	-24.034	25.809	-227.93	-64.759	9.3192
163.17	33.48	21.767	-160	41.586	-15.151	-141.08	33.333	-17.548	-172.58	-0.54303	39.579	-245.92	-24.03	25.817	-227.95	-64.748	9.2557
163.18	33.486	21.767	-160	41.591	-15.175	-141.09	33.328	-17.572	-172.54	-0.52506	39.587	-245.93	-24.028	25.802	-227.94	-64.746	9.2526
163.18	33.475	21.764	-160.01	41.59	-15.173	-141.11	33.308	-17.594	-172.55	-0.52934	39.583	-245.91	-24.019	25.812	-227.95	-64.739	9.2482
163.18	33.475	21.764	-160	41.591	-15.175	-141.08	33.323	-17.57	-172.57	-0.51793	39.597	-245.91	-24.014	25.805	-227.96	-64.728	9.2742
163.18	33.475	21.764	-160	41.591	-15.175	-141.09	33.319	-17.567	-172.57	-0.52099	39.562	-245.91	-24.017	25.797	-227.97	-64.732	9.2653
163.17	33.473	21.758	-160	41.6	-15.173	-141.08	33.323	-17.57	-172.57	-0.51954	39.582	-245.9	-24.011	25.79	-227.97	-64.735	9.2635
163.17	33.478	21.773	-160	41.591	-15.175	-141.09	33.328	-17.572	-172.58	-0.50714	39.582	-245.91	-24.022	25.782	-227.97	-64.734	9.2123
163.17	33.469	21.764	-159.99	41.586	-15.173	-141.08	33.323	-17.57	-172.56	-0.51221	39.575	-245.91	-24.025	25.782	-227.98	-64.736	9.198
163.17	33.474	21.763	-160	41.593	-15.162	-141.08	33.317	-17.56	-172.58	-0.52446	39.581	-245.88	-24.037	25.785	-227.99	-64.748	9.1814
163.17	33.478	21.773	-160	41.585	-15.171	-141.1	33.322	-17.576	-172.56	-0.52786	39.574	-245.89	-24.057	25.768	-228	-64.761	9.1621
163.18	33.47	21.77	-159.99	41.581	-15.15	-141.08	33.316	-17.56	-172.55	-0.53507	39.58	-245.88	-24.066	25.768	-228	-64.772	9.1455
163.17	33.463	21.764	-160	41.574	-15.139	-141.08	33.316	-17.56	-172.54	-0.56366	39.561	-245.87	-24.084	25.769	-228.01	-64.778	9.1245
163.17	33.47	21.756	-160	41.564	-15.161	-141.08	33.317	-17.56	-172.53	-0.57092	39.562	-245.85	-24.101	25.771	-228.01	-64.793	9.1231
163.17	33.463	21.764	-160	41.559	-15.137	-141.08	33.323	-17.557	-172.54	-0.59003	39.557	-245.84	-24.11	25.769	-228.02	-64.803	9.1006
163.18	33.46	21.771	-160	41.559	-15.137	-141.07	33.327	-17.546	-172.54	-0.61211	39.558	-245.83	-24.137	25.776	-228.01	-64.827	9.101
163.18	33.465	21.775	-160	41.543	-15.149	-141.07	33.321	-17.536	-172.53	-0.61547	39.556	-245.84	-24.149	25.768	-228.01	-64.848	9.0875
163.19	33.462	21.765	-160	41.543	-15.149	-141.08	33.32	-17.501	-172.54	-0.6299	39.559	-245.83	-24.162	25.764	-228.01	-64.86	9.0836
163.19	33.46	21.772	-160.01	41.536	-15.138	-141.07	33.331	-17.487	-172.54	-0.63869	39.552	-245.82	-24.188	25.774	-228	-64.87	9.0686
163.19	33.46	21.772	-160.01	41.537	-15.125	-141.07	33.321	-17.536	-172.52	-0.65143	39.54	-245.83	-24.204	25.762	-228	-64.873	9.0628
163.19	33.46	21.772	-160.01	41.536	-15.138	-141.07	33.321	-17.536	-172.53	-0.65641	39.552	-245.81	-24.216	25.756	-227.99	-64.882	9.0574
163.19	33.46	21.772	-160.02	41.526	-15.138	-141.08	33.317	-17.546	-172.53	-0.65386	39.528	-245.8	-24.219	25.768	-227.99	-64.894	9.0464
163.18	33.459	21.767	-160.01	41.537	-15.125	-141.07	33.321	-17.522	-172.52	-0.65159	39.54	-245.8	-24.229	25.763	-227.98	-64.911	9.0512
163.19	33.464	21.779	-160.02	41.533	-15.149	-141.07	33.337	-17.538	-172.51	-0.65311	39.532	-245.79	-24.237	25.769	-227.98	-64.91	9.0417
163.19	33.46	21.772	-160.01	41.536	-15.138	-141.08	33.316	-17.56	-172.51	-0.65645	39.557	-245.78	-24.246	25.767	-227.95	-64.925	9.058
163.19	33.466	21.772	-160.01	41.536	-15.138	-141.08	33.316	-17.56	-172.5	-0.65742	39.547	-245.78	-24.244	25.75	-227.95	-64.929	9.054
163.19	33.464	21.779	-160.01	41.529	-15.134	-141.06	33.332	-17.535	-172.5	-0.65411	39.54	-245.77	-24.249	25.743	-227.95	-64.938	9.0424
163.19	33.464	21.777	-160.01	41.536	-15.138	-141.08	33.317	-17.533	-172.49	-0.65522	39.543	-245.76	-24.247	25.76	-227.94	-64.936	9.0465
163.19	33.47	21.779	-160.01	41.534	-15.151	-141.07	33.327	-17.546	-172.48	-0.64393	39.556	-245.75	-24.251	25.753	-227.93	-64.94	9.0462
163.19	33.47	21.779	-160.01	41.526	-15.16	-141.08	33.307	-17.568	-172.47	-0.64871	39.553	-245.76	-24.255	25.748	-227.93	-64.942	9.0367
163.19	33.468	21.766	-160	41.531	-15.136	-141.07	33.327	-17.546	-172.47	-0.64244	39.555	-245.74	-24.26	25.751	-227.9	-64.924	9.0453
163.2	33.462	21.775	-159.99	41.537	-15.147	-141.07	33.311	-17.557	-172.45	-0.63792	39.571	-245.73	-24.253	25.758	-227.9	-64.921	9.0418
163.19	33.46	21.772	-159.99	41.537	-15.147	-141.08	33.323	-17.557	-172.46	-0.63544	39.562	-245.73	-24.25	25.746	-227.9	-64.924	9.0404
163.19	33.464	21.777	-159.99	41.546	-15.138	-141.08	33.324	-17.516	-172.45	-0.62999	39.563	-245.72	-24.246	25.751	-227.9	-64.924	9.0366
163.2	33.473	21.778	-159.99	41.538	-15.147	-141.07	33.33	-17.567	-172.45	-0.63304	39.559	-245.72	-24.242	25.744	-227.9	-64.92	9.0344
163.19	33.455	21.77	-160	41.534	-15.158	-141.08	33.313	-17.578	-172.44	-0.61479	39.56	-245.72	-24.229	25.746	-227.9	-64.92	9.0344
163.19	33.46	21.772	-159.99	41.544	-15.157	-141.09	33.319	-17.581	-172.45	-0.6169	39.554	-245.71	-24.22	25.74	-227.91	-64.904	9.0392
163.19	33.462	21.765	-159.98	41.553	-15.155	-141.08	33.323	-17.57	-172.44	-0.5941	39.566	-245.71	-24.219	25.738	-227.89	-64.904	9.051
163.19	33.472	21.772	-159.98	41.553	-15.155	-141.08	33.323	-17.57	-172.44	-0.58154	39.56	-245.71	-24.2	25.737	-227.9	-64.901	9.0497
163.19	33.472	21.772	-159.98	41.553	-15.155	-141.08	33.323	-17.57	-172.44	-0.57273	39.563	-245.71	-24.179	25.72	-227.9	-64.89	9.0592
163.19	33.468	21.766	-159.98	41.553	-15.155	-141.09	33.319	-17.594	-172.46	-0.57077	39.553	-245.72	-24.172	25.719	-227.89	-64.879	9.0745
163.18	33.459	21.767	-159.98	41.553	-15.155	-141.08	33.323	-17.584	-172.45	-0.56198	39.546	-245.71	-24.155	25.714	-227.9	-64.881	9.0788
163.19	33.466	21.772	-159.98	41.553	-15.155	-141.09	33.319	-17.594	-172.45	-0.54238	39.57	-245.71	-24.14	25.721	-227.9	-64.877	9.0835
163.19	33.464	21.779	-159.98	41.561	-15.153	-141.09	33.319	-17.581	-172.47	-0.54037	39.557	-245.72	-24.137	25.71	-227.91	-64.858	9.094
163.18	33.464	21.766	-159.98	41.551	-15.168	-141.08	33.323	-17.584	-172.47	-0.53314	39.565	-245.72	-24.125	25.71	-227.91	-64.854	9.0961
163.19	33.466	21.772	-159.98	41.561	-15.153	-141.09	33.328	-17.586	-172.47	-0.51855	39.577	-245.72	-24.111	25.718	-227.94	-64.84	9.0844
163.18	33.462	21.773	-159.98	41.569	-15.144	-141.09	33.328	-17.586	-172.48	-0.51498	39.559	-245.74	-24.093	25.703	-227.95	-64.832	9.0954
163.17	33.467	21.77	-159.98	41.568	-15.157	-141.11	33.32	-17.594	-172.49	-0.50341	39.561	-245.74	-24.073	25.698	-227.96	-64.82	9.1011
163.17	33.468	21.775	-159.98	41.568	-15.157	-141.1	33.334	-17.575	-172.51	-0.49806	39.56	-245.75	-24.066	25.696	-227.97	-64.805	9.1038
163.17	33.463	21.763	-159.98	41.568	-15.157	-141.1	33.324	-17.596	-172.52	-0.48934	39.557	-245.77	-24.061	25.693	-227.99	-64.814	9.1028
163.17	33.467	21.77	-159.98	41.576	-15.148	-141.12	33.323	-17.602	-172.53	-0.47283	39.564	-245.77	-24.048	25.697	-227.98	-64.799	9.112
163.17	33.463	21.763	-159.98	41.577	-15.135	-141.09	33.338	-17.578	-172.54	-0.47954	39.555	-245.78	-24.039	25.681	-228.01	-64.805	9.1115
163.18	33.472	21.782	-160	41.558	-15.157	-141.1	33.334	-17.588	-172.55	-0.46582	39.561	-245.79	-24.029	25.679	-228.02	-64.805	9.122
163.16	33.462	21.757	-160	41.558	-15.157	-141.09	33.338	-17.564	-172.56	-0.468	39.556	-245.8	-24.022	25.677	-228.02	-64.798	9.1334
163.18	33.474	21.776	-160	41.558	-15.157	-141.1	33.334	-17.575	-172.58	-0.46222	39.57	-245.81	-24.015	25.675	-228.04	-64.791	9.1409
163.17	33.467	21.771	-160	41.55	-15.166	-141.11	33.327	-17.578	-172.59	-0.46006	39.563	-245.82	-24.005	25.664	-228.04	-64.799	9.1434
163.17	33.469	21.763	-160	41.541	-15.168	-141.11	33.327	-17.578	-172.58	-0.45081	39.58	-245.83	-23.993	25.665	-228.04	-64.798	9.1561
163.17	33.463	21.764	-160	41.541	-15.162	-141.11	33.327	-17.578	-172.61	-0.4577	39.563	-245.83	-23.995	25.661	-228.05	-64.803	9.1598
163.18	33.459	21.767	-159.99	41.536	-15.16	-141.1	33.331	-17.567	-172.61	-0.4577	39.563	-245.84	-23.999	25.659	-228.04	-64.807	9.1818
163.18	33.459	21.767	-159.99	41.546	-15.144	-141.1	33.331	-17.567	-172.61	-0.4577	39.563	-245.85	-24	25.652	-228.04	-64.811	9.1898
163.19	33.46	21.772	-159.99	41.537	-15.147	-141.1	33.331	-17.567	-172.6	-0.46673	39.555	-245.83	-24.007	25.672	-228.01	-64.814	9.2129
163.2	33.458	21.769	-159.99	41.537	-15.147	-141.1	33.331	-17.554	-172.6	-0.46511	39.555	-245.83	-24.007	25.672	-227.99	-64.827	9.2353
163.19	33.455	21.771	-159.99	41.538	-15.153	-141.08	33.326	-17.565	-172.6	-0.47875	39.567	-245.8	-24.021	25.693	-227.96	-64.843	9.327
163.19	33.455	21.771	-159.99	41.529	-15.156	-141.09	33.322	-17.562	-172.56	-0.49547	39.562	-245.78	-24.036	25.717	-227.89	-64.868	9.3818
163.2	33.456	21.776	-159.98	41.524	-15.147	-141.1	33.322	-17.576	-172.52	-0.50812	39.578	-245.75	-24.059	25.75	-227.85	-64.894	9.4249
163.2	33.456	21.776	-159.98	41.532	-15.145	-141.09	33.328	-17.586	-172.46	-0.54491	39.604	-245.65	-24.081	25.862	-227.8	-64.926	9.4646
163.2	33.457	21.782	-159.98	41.524	-15.154	-141.08	33.333	-17.562	-172.36	-0.56724	39.655	-245.59	-24.118	25.933	-227.73	-64.964	9.5234
163.2	33.457	21.782	-159.98	41.524	-15.154	-141.09	33.328	-17.572	-172.27	-0.62187	39.68	-245.51	-24.182	26.059	-227.64	-65.019	9.6024
163.2	33.457	21.782	-159.98	41.532	-15.145	-141.07	33.337	-17.551	-172.15	-0.69069	39.732	-245.39	-24.264	26.192	-227.51	-65.084	9.6675
163.2	33.46	21.783	-159.96	41.525	-15.109	-141.06	33.334	-17.556	-172.01	-0.79591	39.757	-245.25	-24.351	26.367	-227.35	-65.174	9.745
163.2	33.469	21.772	-159.93	41.531	-15.093	-141.06	33.334	-17.556	-171.83	-0.94248	39.828	-245.05	-24.448	26.605	-227.14	-65.265	9.8453
163.2	33.473	21.779	-159.9	41.527	-15.046	-140.94	33.342	-17.401	-171.52	-1.1343	39.931	-244.81	-24.617	26.834	-227	-65.415	9.9629
163.2	33.473	21.779	-159.9	41.618	-14.879	-140.91	33.388	-17.434	-171.2	-1.3956	40.029	-244.61	-24.862	27.106	-226.77	-65.551	10.067
163.19	33.477	21.776	-159.89	41.766	-14.607	-140.82	33.577	-17.311	-170.76	-1.7181	40.169	-244.29	-25.087	27.461	-226.49	-65.73	10.131
163.19	33.483	21.776	-159.86	41.846	-14.315	-140.87	33.712	-17.349	-170.27	-2.0573	40.325	-243.94	-25.386	27.824	-226.18	-65.946	10.202
163.18	33.476	21.757	-159.79	41.894	-14.045	-140.78	33.925	-17.321	-169.69	-2.4851	40.493	-243.49	-25.726	28.334	-225.8	-66.204	10.295
163.19	33.488	21.779	-159.68	41.953	-13.811	-140.36	34.128	-16.914	-169	-2.9589	40.713	-242.95	-26.131	28.788	-225.35	-66.483	10.362
163.18	33.486	21.767	-159.48	42.024	-13.387	-140.2	34.198	-16.738	-168.13	-3.5063	41.006	-242.34	-26.634	29.244	-224.76	-66.787	10.487
163.18	33.486	21.767	-159.1	41.965	-12.541	-139.53	34.23	-16.181	-167.29	-4.153	41.28	-241.65	-27.119	29.643	-224.04	-67.128	10.612
163.17	33.485	21.761	-158.53	41.932	-11.898	-138.82	34.193	-15.463	-166.32	-4.7495	41.794	-240.83	-27.611	30.198	-223.25	-67.549	10.783
163.16	33.483	21.756	-157.68	41.698	-10.946	-137.96	33.996	-14.788	-165.35	-5.4564	42.258	-239.91	-28.134	30.846	-222.38	-68.022	10.989
163.16	33.489	21.758	-156.81	41.407	-10.176	-136.98	33.828	-13.725	-164.2	-6.2413	42.945	-238.86	-28.713	31.582	-221.4	-68.487	11.339
163.16	33.484	21.763	-155.74	41.102	-9.1405	-135.71	33.448	-12.919	-162.9	-7.1657	43.606	-237.8	-29.281	32.299	-220.32	-68.931	11.763
163.16	33.488	21.77	-154.55	40.738	-7.9934	-134.28	33	-11.643	-161.39	-8.1721	44.411	-236.5	-29.876	33.243	-219.14	-69.423	12.269
163.16	33.475	21.761	-153.22	40.37	-6.8441	-132.5	32.65	-10.082	-159.74	-9.1748	45.296	-235.25	-30.511	34.166	-217.32	-69.719	13.091
163.16	33.477	21.755	-151.86	39.999	-5.6448	-130.87	32.071	-9.0196	-157.98	-10.267	46.13	-233.8	-31.094	35.241	-215.88	-70.228	13.777
163.15	33.482	21.756	-150.4	39.674	-4.1495	-128.87	31.675	-7.7351	-156.06	-11.326	47.023	-232.21	-31.73	36.467	-214.29	-70.785	14.582
163.15	33.481	21.764	-148.84	39.465	-2.5693	-126.73	31.163	-6.3443	-153.99	-12.336	47.965	-230.57	-32.466	37.715	-212.56	-71.393	15.587
163.15	33.475	21.764	-147.3	39.189	-1.0723	-123.84	31.131	-4.2477	-151.81	-13.359	48.903	-228.75	-33.236	39.025	-210.73	-71.968	16.575
163.15	33.475	21.764	-145.65	38.98	0.097663	-121.25	30.686	-2.8766	-149.44	-14.352	49.9	-226.43	-34.343	41.448	-209.2	-72.869	17.582
163.16	33.477	21.767	-143.88	38.78	1.6546	-118.42	30.271	-1.3379	-146.98	-15.334	50.858	-223.77	-35.314	43.298	-207.05	-73.484	18.748
163.16	33.471	21.767	-142.13	38.612	3.2348	-115.37	29.788	0.19038	-144.35	-16.286	51.87	-221.98	-36.213	43.941	-204.74	-74.142	19.935
163.16	33.471	21.767	-140.17	38.42	4.6012	-112.2	29.41	1.7095	-141.56	-17.219	52.935	-220.33	-36.873	44.984	-202.27	-74.804	21.061
163.16	33.471	21.767	-138.08	38.234	6.2759	-108.85	28.841	3.222	-138.71	-18.168	54.001	-217.89	-37.689	46.457	-199.73	-75.49	22.31
163.16	33.471	21.767	-135.9	38.109	7.6823	-105.38	28.281	4.8672	-135.71	-19.104	55.101	-215.96	-39.421	46.657	-197.01	-76.163	23.549
163.16	33.471	21.768	-133.57	37.901	9.4915	-101.68	27.689	6.4514	-132.6	-20.009	56.325	-212.33	-39.537	49.654	-194.23	-76.884	24.89
163.17	33.471	21.764	-131.13	37.763	11.059	-97.806	27.125	8.1669	-129.41	-20.911	57.443	-209.39	-40.43	51.242	-191.29	-77.648	26.182
163.16	33.465	21.764	-128.49	37.567	12.975	-93.839	26.501	9.7682	-126.04	-21.785	58.701	-205.94	-41.012	53.414	-188.19	-78.384	27.341
163.16	33.465	21.764	-125.75	37.356	14.522	-89.83	25.788	11.336	-122.63	-22.656	59.943	-202.97	-42.327	54.379	-184.91	-79.124	28.415
163.16	33.464	21.771	-122.88	36.994	16.153	-85.49	25.208	13.032	-119.05	-23.561	61.117	-199.52	-43.371	55.911	-181.51	-79.868	29.539
163.16	33.458	21.771	-119.77	36.755	17.765	-81.301	24.547	14.713	-115.31	-24.463	62.333	-195.68	-44.154	57.909	-178.03	-80.588	30.669
163.16	33.465	21.764	-116.63	36.417	19.262	-76.884	23.839	16.082	-111.52	-25.364	63.516	-191.98	-45.174	59.301	-174.44	-81.335	31.782
163.16	33.464	21.771	-113.34	36.176	20.5	-72.406	23.133	17.62	-107.6	-26.25	64.549	-188.41	-46.459	60.152	-170.73	-82.043	33.022
163.17	33.465	21.777	-109.82	35.896	22.048	-67.766	22.449	19.023	-103.5	-27.168	65.608	-184.46	-47.358	61.517	-166.9	-82.735	34.241
163.16	33.464	21.771	-106.38	35.494	23.136	-62.988	21.747	20.259	-99.276	-28.023	66.556	-180.45	-48.139	62.848	-162.94	-83.406	35.424
163.17	33.465	21.777	-102.74	35.278	24.423	-58.106	21.039	21.449	-95.005	-28.87	67.493	-176.34	-48.848	64.184	-158.81	-84.046	36.544
163.16	33.464	21.771	-99.069	35.04	25.43	-53.184	20.277	22.618	-90.473	-29.641	68.329	-172.1	-49.515	65.506	-154.45	-84.613	37.623
163.16	33.458	21.771	-95.365	34.801	26.388	-48.008	19.569	23.493	-85.804	-30.41	69.03	-167.63	-50.181	66.775	-149.99	-85.129	38.628
163.16	33.454	21.764	-91.588	34.628	27.39	-42.769	18.93	24.537	-81.083	-31.207	69.641	-162.7	-50.592	68.483	-145.38	-85.621	39.602
163.16	33.458	21.771	-87.742	34.483	28.39	-37.451	18.234	25.296	-76.091	-31.908	70.22	-157.85	-51.327	69.666	-140.67	-86.067	40.559
163.16	33.458	21.771	-83.826	34.355	29.294	-32.032	17.685	26.169	-71.034	-32.683	70.704	-152.78	-52.138	70.821	-135.89	-86.455	41.463
163.16	33.458	21.771	-79.817	34.193	30.244	-26.625	16.904	26.504	-65.854	-33.459	71.047	-147.78	-53.26	71.486	-131.02	-86.843	42.383
163.16	33.458	21.771	-75.682	34.137	31.1	-21.098	16.331	27.005	-60.524	-34.118	71.347	-142.48	-54.128	72.534	-126.06	-87.216	43.142
163.16	33.452	21.767	-71.474	33.998	31.979	-15.521	15.692	27.208	-55.084	-34.88	71.496	-137.08	-55.03	73.483	-121.06	-87.561	43.898
163.16	33.458	21.771	-66.818	34.327	33.652	-9.8679	15.169	27.533	-49.295	-35.117	72.277	-131.62	-55.954	74.297	-115.97	-87.915	44.436
163.16	33.449	21.762	-62.286	34.154	34.544	-4.137	14.539	27.473	-43.716	-35.849	72.224	-126.04	-56.727	75.155	-110.78	-88.208	44.915
163.16	33.458	21.771	-57.564	34.074	35.342	1.6777	13.84	27.324	-38.067	-36.506	72.017	-120.34	-57.012	76.453	-105.54	-88.449	45.402
163.17	33.451	21.773	-52.77	33.932	36.109	7.4118	13.132	27.29	-32.32	-37.166	71.854	-114.62	-57.592	77.199	-100.27	-88.624	45.859
163.17	33.45	21.767	-47.825	33.78	36.793	13.403	12.362	27.002	-26.557	-37.827	71.685	-108.65	-58.12	77.585	-94.982	-88.765	46.242
163.17	33.454	21.774	-42.677	33.61	37.45	19.436	11.555	26.578	-20.778	-38.472	71.415	-102.8	-58.57	78.132	-89.637	-88.812	46.486
163.18	33.452	21.778	-37.428	33.529	37.995	25.598	10.962	26.804	-14.982	-39.075	70.944	-96.998	-58.922	78.62	-84.318	-88.901	46.746
163.17	33.454	21.775	-32.056	33.287	38.401	31.66	10.088	26.197	-9.19	-39.767	70.702	-91.138	-59.257	79.07	-78.968	-88.892	46.874
163.17	33.451	21.773	-26.526	33.19	38.883	37.955	9.359	26.124	-3.4696	-40.387	70.29	-85.427	-59.702	79.14	-73.596	-88.861	46.899
163.18	33.455	21.78	-20.969	33.001	39.047	43.948	8.2932	25.599	2.3242	-40.881	69.763	-79.405	-59.41	79.797	-68.283	-88.715	46.97
163.17	33.451	21.773	-15.248	32.884	39.214	49.803	7.5165	25.188	8.0264	-41.457	69.486	-73.606	-59.456	79.931	-62.976	-88.533	46.971
163.18	33.461	21.78	-9.5636	32.81	39.143	56.14	6.6527	24.691	13.705	-41.989	68.952	-67.869	-59.424	79.97	-57.698	-88.282	46.921
163.17	33.462	21.768	-3.8171	32.66	38.906	62.216	5.7503	24.108	19.279	-42.301	68.436	-62.196	-59.28	79.95	-52.519	-88.04	46.785
163.18	33.458	21.779	1.931	32.553	38.537	68.393	4.6574	23.471	24.723	-42.674	68.086	-56.632	-59.001	79.885	-47.313	-87.46	46.969
163.18	33.457	21.773	7.6598	32.52	38.026	74.69	3.6137	23.381	30.151	-42.967	67.556	-51.162	-58.552	79.716	-42.159	-86.951	46.897
163.17	33.45	21.768	13.352	32.618	37.403	80.914	2.5821	22.803	35.471	-43.069	67.187	-45.821	-57.9	79.526	-37.116	-86.418	46.86
163.17	33.45	21.768	18.929	32.553	36.44	87.197	1.218	22.28	40.608	-43.098	66.684	-40.632	-57.123	79.344	-32.171	-85.835	46.809
163.18	33.455	21.78	24.415	32.659	35.367	93.33	-0.29685	21.198	45.686	-42.922	66.298	-35.544	-56.147	79.055	-27.278	-85.168	46.804
163.18	33.457	21.773	29.749	32.827	34.129	99.389	-1.5032	20.828	50.604	-42.626	65.965	-30.599	-55.01	78.794	-22.532	-84.493	46.774
163.19	33.453	21.776	34.783	32.999	32.655	105.4	-2.6129	20.327	55.394	-42.212	65.689	-25.82	-53.771	78.42	-17.827	-83.716	46.776
163.18	33.462	21.785	39.867	33.298	31.38	111.23	-3.7518	19.853	60.08	-41.707	65.266	-21.159	-52.468	78.057	-13.257	-82.94	46.744
163.18	33.455	21.78	44.708	33.656	29.865	116.87	-4.6722	19.807	64.6	-41.061	64.952	-16.584	-51.047	77.65	-8.7889	-82.092	46.719
163.17	33.446	21.77	49.426	34.016	28.393	122.49	-5.5734	19.569	68.992	-40.304	64.642	-12.138	-49.593	77.244	-4.4382	-81.218	46.697
163.17	33.45	21.767	53.922	34.425	26.805	127.81	-6.5842	19.108	73.243	-39.477	64.197	-7.8338	-48.155	76.779	-0.19007	-80.258	46.643
163.18	33.446	21.771	58.35	34.956	25.341	132.73	-6.5895	18.833	77.449	-38.513	63.878	-3.6711	-46.693	76.249	3.9513	-79.23	46.64
163.18	33.449	21.777	62.487	35.059	23.074	137.66	-7.543	18.221	81.253	-38.159	62.594	0.3982	-45.223	75.735	7.9621	-78.185	46.552
163.17	33.45	21.765	66.596	35.622	21.513	142.27	-7.7778	17.867	85.192	-37.187	61.99	4.3581	-43.707	75.256	11.841	-77.053	46.484
163.17	33.454	21.774	70.638	36.207	20.219	146.42	-7.5115	17.535	89.025	-36.195	61.41	8.1626	-42.249	74.7	15.596	-75.895	46.372
163.17	33.455	21.779	74.536	37.044	18.958	150.86	-7.6766	16.66	92.804	-35.178	60.897	11.864	-40.747	74.22	19.221	-74.702	46.2
163.16	33.449	21.762	78.323	37.856	17.935	154.84	-7.5872	15.942	96.477	-34.056	60.443	15.487	-39.236	73.722	22.712	-73.488	45.953
163.16	33.452	21.768	81.861	38.762	16.717	158.82	-7.6087	15.428	99.882	-32.992	59.553	18.967	-37.713	73.196	26.087	-72.271	45.689
163.16	33.452	21.768	85.255	39.829	15.739	162.12	-6.9119	14.408	103.37	-31.753	59.055	22.303	-36.191	72.748	29.313	-71.023	45.38
163.16	33.46	21.764	88.428	40.894	14.689	165.7	-6.2942	13.625	106.61	-30.475	58.346	25.537	-34.648	72.244	32.426	-69.73	45.032
163.16	33.464	21.771	91.496	42.127	13.777	168.87	-5.9392	12.819	109.78	-29.121	57.667	28.649	-33.097	71.773	35.407	-68.333	44.784
163.17	33.466	21.769	94.415	43.356	12.743	171.79	-4.6901	11.744	112.8	-27.673	57.04	31.656	-31.508	71.279	38.301	-66.879	44.455
163.15	33.469	21.76	97.143	44.625	11.761	174.39	-3.4495	10.923	115.74	-26.158	56.388	34.502	-29.954	70.758	41.061	-65.414	44.121
163.16	33.47	21.766	99.846	46.012	10.802	176.85	-2.0957	9.8437	118.49	-24.557	55.713	37.433	-28.094	70.641	43.715	-63.885	43.794
163.16	33.471	21.767	102.4	47.394	9.7436	179.19	-0.55953	8.4944	121.1	-22.869	55.059	39.855	-26.645	69.779	46.207	-62.378	43.45
163.16	33.471	21.767	104.84	48.789	8.6478	181.39	0.90996	7.1307	123.69	-21.099	54.468	42.33	-24.922	69.278	48.605	-60.82	43.135
163.16	33.477	21.767	107.22	50.173	7.4836	183.24	2.8444	5.8122	126.17	-19.322	53.815	44.691	-23.154	68.705	50.896	-59.29	42.738
163.16	33.477	21.755	109.55	51.503	6.3082	184.82	5.2511	4.2868	128.63	-17.479	53.334	46.929	-21.329	68.1	53.077	-57.722	42.35
163.16	33.478	21.76	111.89	52.758	5.0677	186.24	7.2701	2.9352	130.97	-15.69	52.721	49.043	-19.457	67.521	55.145	-56.169	41.884
163.17	33.485	21.768	114.32	53.965	3.7715	187.65	9.2372	1.3271	133.15	-13.947	52.13	51.075	-17.542	66.831	57.106	-54.545	41.475
163.16	33.478	21.76	116.83	55.147	2.4172	188.55	11.805	-0.31519	135.35	-12.192	51.602	53.055	-15.555	66.167	59.017	-52.919	41.01
163.17	33.482	21.767	119.28	56.159	1.0018	189.59	13.724	-1.9356	137.5	-10.427	51.13	54.861	-13.61	65.368	60.806	-51.321	40.415
163.16	33.478	21.76	121.74	57.096	-0.51623	190.13	16.282	-3.8835	139.48	-8.752	50.587	56.87	-11.306	65.005	62.557	-49.702	39.885
163.16	33.478	21.76	124.35	58.059	-1.7824	190.73	18.556	-5.3838	141.37	-7.1105	49.883	58.356	-9.5536	63.73	64.227	-48.065	39.369
163.16	33.478	21.76	126.85	58.925	-3.2767	191.03	20.962	-7.1677	143.19	-5.4331	49.222	59.982	-7.5934	62.855	65.778	-46.455	38.72
163.18	33.49	21.773	129.44	59.692	-4.6639	191.27	22.953	-8.9965	145.02	-3.7634	48.681	61.552	-5.6167	61.907	67.333	-44.777	38.082
163.19	33.495	21.794	132.02	60.302	-5.9949	190.91	25.623	-11.023	146.66	-2.2183	47.942	63.076	-3.6866	61.053	68.794	-43.143	37.384
163.28	33.575	21.895	134.82	60.933	-7.2993	190.61	28.035	-12.616	148.28	-0.70203	47.269	64.55	-1.7968	60.145	70.203	-41.47	36.697
163.6	34.099	22.19	137.5	61.392	-8.5987	189.85	30.468	-14.144	149.93	0.87319	46.763	65.974	0.039696	59.34	71.483	-39.818	36.023
164.03	34.844	22.34	140.31	61.791	-9.8824	188.62	33.016	-16.063	151.38	2.2993	46.155	67.228	1.7209	58.341	72.701	-38.141	35.272
164.72	35.831	22.498	143.06	61.998	-10.884	187.59	35.797	-17.036	152.82	3.7341	45.647	68.77	3.6925	58.013	73.848	-36.507	34.498
166.03	37.004	22.465	145.88	62.141	-11.776	186.96	38.312	-17.738	154.11	5.1276	45.326	69.97	5.3136	57.208	74.979	-34.838	33.664
167.18	38.508	22.638	148.5	62.354	-12.453	186.27	40.63	-18.177	155.22	6.5401	45.221	71.102	6.92	56.461	75.959	-33.207	32.963
168.04	40.13	22.917	151.09	62.602	-13.093	185.57	42.81	-18.466	155.97	7.9573	45.197	71.809	8.1792	55.185	76.872	-31.582	32.253
168.15	42.116	22.89	152.67	63.84	-13.1	185.58	44.694	-18.03	156.77	9.5593	45.496	72.885	10.103	55.042	77.743	-29.925	31.665
168.18	44.369	22.828	153.85	65.376	-13.39	185.86	45.629	-18.762	157.25	11.134	45.61	73.612	11.782	54.612	78.49	-28.318	31.089
168.42	46.62	22.859	155.08	66.815	-13.611	186.55	47.112	-18.563	157.68	12.812	45.759	73.934	13.241	53.818	79.16	-26.653	30.676
168.96	48.782	22.906	156.16	68.3	-13.668	187.25	48.646	-18.653	158.09	14.617	45.905	74.298	15.092	53.6	79.685	-24.912	30.394
169.67	50.745	23.1	156.92	69.954	-13.719	187.87	50.759	-17.937	158.5	16.494	46.17	74.494	16.945	53.372	80.154	-23.087	30.193
170.33	52.716	23.388	157.57	71.822	-13.392	188.3	52.646	-17.723	158.86	18.519	46.44	74.927	19.161	53.801	80.581	-21.198	29.988
170.75	54.73	23.713	158.1	73.932	-13.07	188.6	55.023	-17.15	159.1	20.719	46.784	75.024	21.16	53.749	80.936	-19.25	29.949
170.83	56.965	24.162	158.43	76.177	-12.773	188.9	57.247	-16.833	159.27	23.014	47.231	74.903	22.86	53.174	81.239	-17.282	29.865
170.78	59.51	24.713	158.46	78.545	-12.258	189.1	59.897	-15.842	159.28	25.385	47.682	75.187	25.225	53.768	81.537	-15.201	29.892
170.46	62.301	25.341	158.46	81.142	-11.738	189.15	62.855	-15.083	159.22	27.933	48.273	75.01	27.075	53.415	81.857	-13.081	29.909
170	65.359	26.002	158.22	83.849	-11.165	189.15	65.845	-14.184	159.02	30.702	48.979	75.18	29.482	54.037	82.062	-10.889	30.079
169.47	68.561	26.762	157.84	86.828	-10.556	188.95	69.228	-13.246	158.73	33.671	49.702	74.766	31.296	53.7	82.236	-8.7132	30.109
168.77	71.908	27.625	157.3	89.999	-9.6778	188.71	72.876	-12.152	158.36	36.795	50.5	74.776	33.744	54.504	82.357	-6.4942	30.289
168.06	75.391	28.617	156.51	93.379	-8.6873	188.22	76.736	-10.946	157.92	40.083	51.383	74.186	35.622	54.248	82.508	-4.1987	30.569
167.23	79.047	29.571	155.58	96.88	-7.641	187.69	80.698	-9.9692	157.37	43.527	52.308	73.776	37.899	54.664	82.564	-1.8411	30.935
166.26	82.852	30.557	154.47	100.52	-6.4958	187.08	85.048	-8.5256	156.78	47.14	53.203	73.304	40.136	54.989	82.652	0.54193	31.318
165.2	86.809	31.628	153.26	104.21	-5.5994	186.2	89.394	-7.3487	156.11	50.852	54.187	73.045	42.783	55.962	82.674	2.9469	31.719
164.03	90.818	32.52	152	107.95	-4.6024	185.47	93.822	-6.0198	155.38	54.644	55.166	72.293	44.919	55.906	82.711	5.4176	32.204
162.82	94.897	33.411	150.68	111.66	-3.6395	184.61	98.275	-4.8586	154.64	58.529	56.099	71.984	47.641	56.844	82.749	7.9201	32.717
161.54	98.934	34.242	149.34	115.35	-2.7679	183.63	102.72	-3.5715	153.87	62.443	57.108	71.46	50.134	57.31	82.902	10.593	33.246
160.34	102.99	35.144	148.01	119	-1.83	182.72	107.08	-2.4176	153	66.287	57.959	70.906	52.683	57.753	82.881	13.307	33.91
158.8	106.57	35.293	146.75	122.49	-1.0748	181.79	111.37	-1.396	152.22	70.119	58.92	69.754	54.334	56.526	82.896	16.006	34.444
157.65	110.41	36.208	145.54	126.02	-0.14903	180.96	115.5	-0.38916	151.41	73.862	59.786	69.207	56.944	56.955	82.871	18.721	35.063
156.91	114.45	37.6	144.46	129.46	0.68425	180.09	119.54	0.81786	150.59	77.488	60.565	68.656	59.578	57.371	82.814	21.373	35.565
155.86	118	38.288	143.44	132.76	1.3105	179.36	123.43	1.6519	149.87	81.074	61.392	68.109	62.206	57.765	82.753	24.028	36.081
154.96	121.47	38.971	142.45	135.99	2.0765	178.56	127.17	2.3892	149.13	84.501	62.008	67.621	64.899	58.209	82.734	26.695	36.493
154.17	124.85	39.601	141.56	139.13	2.8087	177.94	130.85	3.1798	148.54	87.876	62.686	67.104	67.536	58.538	82.684	29.333	37.057
153.13	127.85	39.518	140.69	142.16	3.3525	177.17	134.36	3.8658	147.98	91.118	63.202	66.682	70.178	58.896	82.686	31.98	37.499
152.46	131.01	39.996	139.96	145.11	3.744	176.65	137.87	4.5202	147.51	94.29	63.671	66.301	72.783	59.267	82.747	34.559	37.961
151.86	134.14	40.25	139.25	147.95	4.1903	176.06	141.18	4.8675	147.15	97.379	64.072	66.007	75.358	59.633	82.8	37.062	38.398
151.42	137.21	40.514	138.63	150.68	4.4727	175.55	144.37	5.0371	146.89	100.38	64.348	65.8	77.833	59.982	82.926	39.506	38.759
150.99	140.2	40.602	138.04	153.25	4.7215	175.18	147.49	5.0673	146.73	103.3	64.511	65.655	80.215	60.328	83.079	41.936	39.148
150.64	143.15	40.528	137.52	155.76	4.7008	174.75	150.52	5.073	146.69	106.18	64.534	65.675	82.525	60.708	83.288	44.239	39.43
150.35	146.11	40.411	137.12	158.19	4.9004	174.38	153.39	4.9975	146.74	108.97	64.576	65.705	84.663	60.968	83.551	46.488	39.775
150.07	148.97	40.254	136.75	160.42	4.7671	174.09	156.09	4.7041	146.9	111.66	64.591	65.906	86.778	61.335	83.822	48.693	40.181
149.82	151.77	39.904	136.51	162.6	4.6336	173.9	158.79	4.5073	147.13	114.26	64.443	66.198	88.801	61.668	84.155	50.778	40.453
149.62	154.48	39.649	136.3	164.64	4.5418	173.74	161.35	4.3153	147.42	116.73	64.342	66.541	90.721	61.953	84.487	52.793	40.751
149.48	157.15	39.285	136.23	166.62	4.5163	173.7	163.76	3.9637	147.79	119.11	64.145	66.954	92.551	62.2	84.933	54.781	40.902
149.37	159.69	38.962	136.27	168.51	4.3822	173.72	166.19	3.7265	148.2	121.36	63.976	67.404	94.352	62.385	85.447	56.648	40.94
149.38	162.14	38.555	136.31	170.29	4.1975	173.78	168.36	3.5095	148.63	123.47	63.788	67.9	96.099	62.597	85.868	58.452	41.209
149.42	164.45	38.213	136.49	172.03	4.1932	173.9	170.36	3.0175	149.15	125.49	63.498	68.425	97.793	62.71	86.441	60.191	41.139
149.5	166.66	37.872	136.73	173.65	4.0139	174.1	172.38	2.8219	149.72	127.37	63.323	68.719	99.15	62.322	86.922	61.835	41.38
149.59	168.64	37.482	137.01	175.19	3.7621	174.38	174.3	2.5525	150.3	129.14	63.089	69.891	101.52	63.917	87.532	63.423	41.343
149.78	170.51	37.163	137.3	176.59	3.6174	174.66	176.05	2.2175	150.96	130.81	62.886	70.474	103.03	64.025	88.137	64.958	41.325
149.99	172.16	36.815	137.68	177.94	3.4188	175.02	177.71	1.9446	151.77	132.63	63.123	71.086	104.46	64.078	88.749	66.4	41.404
150.28	173.6	36.46	138.08	179.3	3.1386	175.36	179.32	1.605	152.49	134.09	62.843	71.772	105.8	64.128	89.354	67.743	41.274
150.61	174.88	36.126	138.47	180.5	2.9311	175.83	180.79	1.3681	153.1	135.17	61.964	72.715	107.43	64.83	89.992	69.028	41.264
151.01	176.09	35.775	138.91	181.68	2.7227	176.2	182.23	0.96594	154.02	136.66	62.132	73.239	108.31	64.238	90.598	70.239	41.254
151.46	177.25	35.411	139.33	182.82	2.4835	176.67	183.49	0.521	154.88	137.81	61.813	74.019	109.39	64.247	91.265	71.425	41.061
151.95	178.35	35.055	139.79	183.87	2.2534	177.2	184.78	0.25851	155.71	138.85	61.318	74.252	109.65	62.649	91.894	72.521	40.997
152.4	179.35	34.605	140.21	184.91	1.8622	177.65	185.89	-0.27833	156.56	139.84	60.873	75.648	111.4	64.197	92.507	73.522	40.861
152.94	180.31	34.182	140.68	185.82	1.5563	178.11	186.98	-0.63002	157.41	140.74	60.379	76.734	112.59	64.768	93.175	74.525	40.599
153.49	181.2	33.697	141.19	186.72	1.1666	178.64	188	-1.2094	158.26	141.62	59.836	77.293	113.12	64.008	93.842	75.42	40.171
154.03	182.03	33.08	141.64	187.54	0.72563	179.1	188.88	-1.8709	159.04	142.44	59.209	78.081	113.95	63.905	94.375	76.292	40.097
154.56	182.86	32.454	142.07	188.33	0.079533	179.56	189.71	-2.6723	159.83	143.28	58.634	78.869	114.74	63.737	94.952	77.13	39.838
155.03	183.63	31.689	142.44	189	-0.51468	179.96	190.53	-3.5005	160.41	143.76	57.338	79.563	115.49	63.447	95.555	77.897	39.333
155.42	184.36	30.831	142.74	189.68	-1.2308	180.28	191.22	-4.4034	161.12	144.56	56.602	80.289	116.22	63.237	96.069	78.628	39.128
155.8	185.13	29.995	142.9	190.33	-2.0366	180.5	191.85	-5.498	161.97	145.54	56.339	80.897	116.92	62.847	96.518	79.325	38.811
156.08	185.86	29.107	143	190.97	-2.8706	180.72	192.63	-6.2762	162.47	146.03	54.94	81.488	117.6	62.518	96.997	79.974	38.38
156.27	186.58	28.1	143.1	191.64	-3.6553	180.92	193.34	-7.3402	163.05	146.73	54.005	82.019	118.3	62.196	97.43	80.618	37.879
156.41	187.3	27.141	143.06	192.27	-4.6136	181	194.05	-8.4143	163.58	147.41	53.06	82.524	118.92	61.767	97.837	81.176	37.354
156.53	188	26.123	143.08	192.89	-5.3824	181.07	194.64	-9.4768	164.09	148.09	52.123	83.035	119.49	61.325	98.222	81.743	36.924
156.61	188.71	25.007	142.95	193.51	-6.2886	181.1	195.25	-10.49	164.52	148.71	51.138	83.511	120.03	60.894	98.526	82.257	36.423
156.64	189.42	23.812	142.95	194.11	-7.0489	181.2	195.73	-11.767	164.89	149.34	50.101	83.957	120.53	60.361	98.791	82.78	35.922
156.89	189.76	23.406	142.77	194.69	-8.0056	181.23	196	-13.1	165.25	149.98	49.113	84.35	121.03	59.909	99.071	83.255	35.386
157.66	190.27	24.414	142.57	195.35	-8.6465	181.46	196.38	-14.065	165.72	150.83	48.718	84.693	121.49	59.448	99.257	83.643	34.959
158.05	190.44	24.419	142.39	195.93	-9.2843	181.77	196.68	-14.935	165.96	151.28	47.803	84.958	121.94	59.009	99.352	84.076	34.605
158.08	190.65	24.281	142.11	196.25	-10.179	181.99	197.45	-14.953	166.15	151.67	47.074	85.079	122.35	58.509	99.432	84.496	34.225
157.78	190.92	24.357	142.01	196.4	-10.977	182.13	198.16	-15.031	166.29	151.9	46.632	85.191	122.76	58.094	99.441	84.818	33.889
157.23	191.17	24.398	142	196.48	-11.666	182.32	198.5	-15.097	166.11	151.63	45.76	85.193	123.15	57.753	99.441	85.11	33.565
156.59	191.26	24.352	142.02	196.51	-12.003	182.37	198.69	-15.077	166.09	151.57	45.603	85.095	123.52	57.468	99.389	85.376	33.282
156.12	191.32	24.393	142.04	196.59	-12.062	182.34	198.62	-15.012	166.02	151.6	45.682	84.871	123.77	57.197	99.274	85.513	33.13
155.88	191.39	24.463	141.99	196.61	-12.075	182.32	198.47	-14.86	165.8	151.71	45.887	84.63	124.02	57.143	99.122	85.604	33.108
155.85	191.43	24.441	141.85	196.6	-12.07	182.49	198.14	-14.839	165.7	152.04	46.679	84.337	124.18	57.374	98.864	85.644	33.251
155.97	191.41	24.44	141.61	196.53	-11.967	182.76	197.7	-14.791	165.39	152.06	46.951	83.951	124.25	57.596	98.602	85.702	33.486
156.17	191.34	24.434	141.17	196.35	-12.082	182.94	197.17	-14.615	165.1	151.93	47.168	83.489	124.12	57.798	98.291	85.645	33.887
156.41	191.2	24.414	140.78	196.21	-11.875	183.33	196.46	-14.554	164.8	151.73	47.329	83.005	123.96	58.097	97.903	85.596	34.197
156.71	191	24.402	140.36	196.1	-11.504	183.58	195.63	-14.528	164.53	151.44	47.606	82.584	123.82	58.508	97.54	85.49	34.57
157.05	190.7	24.337	139.69	195.88	-11.331	183.99	194.63	-14.556	164.21	151.09	47.889	82.109	123.55	58.801	97.172	85.23	34.875
157.47	190.38	24.359	139.01	195.75	-10.853	184.55	193.71	-14.087	163.85	150.6	48.131	81.67	123.27	59.228	96.677	84.922	35.323
157.9	189.93	24.271	138.32	195.56	-10.286	185.17	192.93	-13.468	163.44	150.02	48.45	81.248	122.89	59.624	96.25	84.54	35.676
158.38	189.4	24.161	137.47	195.23	-9.9437	186.02	192.28	-12.284	163	149.38	48.949	80.75	122.41	60.06	95.775	84.098	36.043
158.9	188.79	24.008	136.59	194.92	-9.4035	186.84	191.57	-11.052	162.44	148.57	49.473	80.213	121.79	60.419	95.289	83.523	36.301
159.19	187.62	22.753	135.78	194.53	-8.6085	187.8	190.81	-9.7472	161.7	147.43	49.547	79.665	121.09	61.003	94.784	82.904	36.598
159.81	186.81	22.555	134.81	194.1	-7.9625	189.07	190.3	-7.2479	161.01	146.44	50.188	79.093	120.21	61.519	94.239	82.205	37.027
160.38	185.81	22.469	133.81	193.57	-7.2201	189.99	189.27	-5.7393	160.34	145.36	50.939	78.462	119.23	62.077	93.581	81.373	37.544
160.71	184.75	22.476	132.79	193.04	-6.2999	190.71	188.1	-4.1671	159.63	144.25	51.758	77.854	118.23	62.791	92.97	80.506	38.026
160.84	183.71	22.493	131.85	192.28	-5.3414	191.31	186.65	-2.9408	158.86	142.98	52.527	77.18	117.06	63.41	92.288	79.575	38.542
160.74	182.83	22.663	130.83	191.55	-4.3582	191.69	185.25	-1.2715	158.04	141.65	53.343	76.408	115.87	64.127	91.503	78.567	39.105
160.58	182.07	22.786	129.76	190.64	-3.2795	191.91	183.73	0.27844	157.24	140.26	54.331	75.566	114.61	64.801	90.699	77.488	39.757
160.37	181.46	22.875	128.75	189.68	-2.0782	191.91	182.15	1.7248	156.28	138.74	55.303	74.665	113.33	65.659	89.806	76.296	40.476
160.11	180.94	22.904	127.66	188.61	-0.88851	191.71	180.62	3.4861	155.29	137.17	56.373	73.622	111.93	66.457	88.856	75.021	41.112
159.85	180.56	22.889	126.69	187.51	0.48882	191.32	178.97	4.9191	154.24	135.52	57.52	72.472	110.49	67.313	87.858	73.681	41.768
159.54	180.3	22.912	125.65	186.3	1.8008	190.72	177.32	6.6013	153.04	133.81	58.709	71.257	108.91	68.118	86.724	72.287	42.502
159.23	180.11	22.943	124.6	184.99	3.2814	189.9	175.72	8.2774	151.83	132.06	60.014	69.963	107.29	69.039	85.602	70.805	43.205
158.87	179.98	22.978	123.52	183.58	4.7278	188.96	174.1	10.011	150.47	130.21	61.259	68.591	105.56	69.876	84.319	69.272	43.987
158.51	179.98	22.983	122.32	182.18	6.0449	187.93	172.42	11.718	149.04	128.32	62.583	67.19	103.77	70.755	83.023	67.692	44.663
158.2	180.06	22.945	121.1	180.69	7.6803	186.73	170.69	13.291	147.56	126.4	63.931	65.699	101.94	71.724	81.612	66.03	45.491
157.93	180.26	22.972	119.76	179.13	9.2433	185.36	168.91	15.127	145.94	124.49	65.335	64.102	99.99	72.573	80.084	64.326	46.316
157.79	180.44	22.957	118.29	177.54	10.767	183.94	167.1	16.581	144.22	122.5	66.721	62.652	98.297	74.046	78.528	62.572	47.058
157.7	180.67	22.99	116.74	175.9	12.26	182.42	165.25	18.251	142.38	120.53	68.074	60.636	95.997	74.452	76.888	60.803	47.789
157.7	180.89	22.999	115.08	174.24	13.9	180.7	163.41	20.153	140.41	118.52	69.426	58.683	93.908	75.316	75.028	58.994	48.736
157.83	181.13	22.888	113.34	172.55	15.337	178.91	161.41	21.61	138.37	116.52	70.823	56.643	91.878	76.304	73.154	57.139	49.662
158.06	181.34	22.899	111.49	170.81	16.951	177.06	159.55	23.407	136.2	114.47	72.162	54.471	89.782	77.244	71.161	55.248	50.459
158.35	181.55	22.715	109.38	168.93	18.322	174.93	157.12	24.158	134.08	112.7	74.063	52.185	87.659	78.135	69.143	53.329	51.341
158.82	181.77	22.686	107.32	167.15	19.923	172.99	155.05	25.902	131.69	110.57	75.363	49.795	85.597	79.173	66.982	51.356	52.245
159.35	181.95	22.437	105	165.23	21.352	170.97	152.78	27.504	129.21	108.44	76.682	47.255	83.449	80.058	64.71	49.348	53.128
160.37	182.51	23.147	102.64	163.33	22.887	169.12	150.89	30.02	126.6	106.24	77.975	44.605	81.259	81.009	62.325	47.285	53.963
161.06	182.62	23.076	100.15	161.35	24.396	166.96	148.62	31.886	123.92	103.98	79.298	41.887	78.997	81.918	59.873	45.191	54.831
161.71	182.48	23.151	97.529	159.36	25.803	164.85	146.06	33.546	121.12	101.65	80.536	39.045	76.722	82.838	57.221	43.013	55.776
162.18	182.32	23.208	94.794	157.29	27.375	162.68	143.64	35.61	118.05	99.006	81.311	36.319	74.622	84.237	54.525	40.863	56.661
162.47	182.2	23.269	91.919	155.25	28.825	160.29	140.85	37.076	115	96.623	82.558	33.082	71.926	84.581	51.737	38.662	57.42
162.65	182.12	23.336	88.93	153.19	30.262	158	138.3	38.967	111.77	94.24	83.905	29.954	69.476	85.44	48.803	36.404	58.321
162.7	182.07	23.359	85.827	151.09	31.666	155.32	135.81	41.003	108.4	91.844	85.207	26.712	67.05	86.246	45.816	34.152	59.078
162.64	182.06	23.366	82.624	148.97	32.947	152.56	133.2	42.78	104.93	89.515	86.549	23.374	64.619	87.036	42.696	31.873	59.988
162.45	182.13	23.319	79.303	146.82	34.205	149.76	130.83	44.806	101.29	87.185	87.783	19.876	62.182	87.683	39.572	29.579	60.611
162.23	182.37	23.288	75.973	144.71	35.404	146.68	128.64	46.678	97.646	84.9	89.001	16.342	59.763	88.387	36.295	27.263	61.45
162.1	182.75	23.242	72.495	142.61	36.629	143.4	126.41	48.46	93.864	82.636	90.17	12.644	57.348	88.979	33.053	24.924	61.996
161.97	183.2	23.113	68.873	140.47	37.65	139.98	124.47	50.211	90.087	80.515	91.367	9.1483	55.295	90.134	29.723	22.611	62.805
161.84	183.72	23.094	65.12	138.37	38.817	136.53	122.63	52.111	86.174	78.363	92.435	5.202	52.657	90.255	26.328	20.259	63.508
161.74	184.07	23.137	61.289	136.31	39.98	132.85	120.64	53.573	82.219	76.32	93.497	1.4151	50.298	90.809	22.875	17.931	64.119
161.7	184.31	23.136	57.148	134.21	40.897	128.92	118.8	55.109	78.146	74.257	94.477	-2.4316	47.86	91.378	19.345	15.578	64.811
161.66	184.45	23.14	52.914	132.13	41.93	124.98	117.13	56.721	74.004	72.292	95.413	-6.1108	45.677	92.457	15.753	13.183	65.417
161.67	184.49	23.118	48.507	130.05	42.917	120.81	115.43	58.177	69.766	70.339	96.395	-10.06	43.145	92.992	12.034	10.789	66.097
161.71	184.43	23.089	44.044	128.01	43.808	116.44	113.84	59.548	65.374	68.405	97.249	-14.301	40.252	92.988	8.1939	8.4014	66.737
161.73	184.33	23.072	39.539	125.96	44.749	111.83	112.35	60.9	60.903	66.435	98.132	-18.216	37.923	93.955	4.2772	6.0241	67.18
161.73	184.37	23.062	34.908	123.86	45.575	107.15	110.78	62.053	56.344	64.451	99.035	-22.623	35.045	93.944	0.2131	3.6574	67.724
161.71	184.38	23.061	30.242	121.74	46.27	102.22	109.23	63.103	51.658	62.467	99.847	-26.958	32.416	94.21	-3.9117	1.3496	68.277
161.7	184.38	23.057	25.56	119.6	47.024	97.196	107.68	64.061	46.918	60.438	100.67	-31.39	29.913	94.594	-8.1117	-0.98317	68.631
161.71	184.35	23.055	20.923	117.5	47.602	92.231	106.08	64.893	42.122	58.346	101.32	-35.914	27.451	94.887	-12.454	-3.2891	69.078
161.71	184.35	23.055	16.289	115.37	48.157	87.057	104.51	65.699	37.284	56.29	102.06	-40.557	25.088	95.091	-16.851	-5.6139	69.289
161.7	184.35	23.054	11.786	113.23	48.875	81.731	102.76	66.053	32.447	54.188	102.62	-45.096	23.096	95.786	-21.33	-7.8458	69.701
161.7	184.34	23.055	7.2418	111.08	49.466	76.577	100.97	66.428	27.58	52.076	103.19	-49.877	20.886	95.989	-25.848	-10.125	69.858
161.7	184.33	23.055	2.651	108.99	49.872	71.197	99.143	66.543	22.636	49.972	103.68	-54.932	18.403	95.529	-30.437	-12.39	70.028
161.7	184.33	23.055	-1.9458	106.88	50.27	65.844	97.43	66.848	17.753	47.883	104.1	-59.631	16.573	96.1	-35.058	-14.578	70.164
161.7	184.34	23.061	-6.538	104.73	50.544	60.665	95.513	66.734	12.801	45.803	104.38	-64.743	14.085	95.513	-39.755	-16.776	70.275
161.7	184.33	23.057	-11.127	102.66	50.771	55.251	93.64	66.567	7.8588	43.749	104.56	-69.463	12.322	96.025	-44.439	-18.939	70.287
161.69	184.33	23.062	-15.722	100.62	50.845	49.94	91.918	66.535	2.8836	41.761	104.68	-74.364	10.197	95.829	-49.138	-21.096	70.246
161.71	184.33	23.071	-20.351	98.507	50.921	44.479	90.097	66.066	-2.0721	39.803	104.75	-79.238	8.1163	95.597	-53.89	-23.253	70.119
161.71	184.33	23.069	-24.946	96.503	50.863	39.075	88.393	65.675	-7.0498	37.898	104.69	-84.09	6.0785	95.356	-58.628	-25.371	69.985
161.71	184.33	23.059	-29.642	94.492	50.783	33.61	86.619	64.996	-11.996	36.012	104.57	-88.931	4.0252	95.004	-63.359	-27.473	69.73
161.71	184.33	23.064	-34.371	92.51	50.34	28.018	84.933	64.288	-16.954	34.204	104.31	-93.726	2.0147	94.578	-68.1	-29.566	69.481
161.72	184.33	23.067	-38.953	90.579	50.177	22.502	83.3	63.532	-21.911	32.427	103.99	-98.516	0.0098147	94.148	-72.859	-31.622	69.184
161.72	184.33	23.066	-43.535	88.646	49.938	16.949	81.636	62.478	-26.825	30.694	103.65	-103.28	-1.9636	93.649	-77.62	-33.644	68.758
161.72	184.33	23.068	-48.162	86.722	49.4	11.402	80.159	61.639	-31.703	29.03	103.24	-108.29	-4.2397	92.519	-82.391	-35.643	68.331
161.72	184.33	23.06	-52.793	84.836	48.805	5.869	78.384	60.353	-36.596	27.292	102.7	-112.84	-5.7556	92.509	-87.126	-37.586	67.796
161.72	184.33	23.068	-57.329	82.963	48.291	0.41512	76.845	59.335	-41.407	25.61	102.18	-117.84	-7.9398	91.278	-91.938	-39.504	67.185
161.72	184.33	23.068	-61.678	81.181	47.755	-5.2208	75.2	58.055	-46.223	23.909	101.64	-122.6	-9.7152	90.549	-96.702	-41.353	66.582
161.71	184.33	23.065	-65.985	79.317	47.15	-10.743	73.467	56.609	-50.955	22.193	101.03	-127.11	-11.06	90.366	-101.48	-43.146	65.896
161.72	184.33	23.068	-70.096	77.6	46.405	-16.419	71.681	55.096	-55.588	20.453	100.33	-131.82	-12.678	89.52	-106.23	-44.905	65.16
161.71	184.32	23.066	-74.186	75.721	45.635	-22.104	69.977	53.555	-60.169	18.662	99.603	-136.72	-14.593	88.011	-110.91	-46.586	64.228
161.71	184.33	23.064	-77.965	73.939	45.011	-27.716	68.173	51.952	-64.657	16.834	98.728	-141.09	-15.705	87.62	-115.62	-48.25	63.281
161.71	184.32	23.068	-81.643	72.132	44.074	-33.466	66.256	50.117	-69.093	14.994	97.807	-145.63	-17.104	86.574	-120.23	-49.843	62.179
161.7	184.32	23.064	-85.223	70.242	43.332	-39.247	64.366	48.194	-73.407	13.171	96.971	-150.1	-18.465	85.498	-124.83	-51.381	60.997
161.7	184.32	23.073	-88.678	68.402	42.467	-44.639	62.579	46.583	-77.694	11.321	95.882	-154.51	-19.776	84.357	-129.44	-52.86	59.777
161.69	184.31	23.065	-92.003	66.6	41.682	-50.152	60.656	44.749	-81.916	9.5012	94.847	-158.85	-21.043	83.125	-133.92	-54.266	58.522
161.69	184.32	23.067	-95.234	64.85	40.669	-55.529	58.859	43.001	-86.062	7.7405	93.728	-163.12	-22.278	81.925	-138.42	-55.62	57.152
161.69	184.31	23.067	-98.502	63.143	39.735	-60.847	57.008	40.988	-90.15	5.9871	92.408	-167.33	-23.461	80.647	-142.89	-56.944	55.83
161.69	184.31	23.064	-101.79	61.425	38.415	-65.857	55.268	39.143	-94.14	4.3425	91.005	-171.46	-24.61	79.399	-147.23	-58.229	54.459
161.69	184.32	23.068	-105.06	59.789	37.075	-70.643	53.611	37.337	-98.066	2.8093	89.691	-175.53	-25.724	78.094	-151.49	-59.473	53.034
161.69	184.31	23.068	-108.37	58.218	35.551	-75.394	51.894	35.481	-101.95	1.3772	88.163	-179.53	-26.754	76.783	-155.7	-60.681	51.676
161.68	184.31	23.071	-111.76	56.674	33.781	-80.317	49.849	32.78	-105.75	0.06029	86.627	-183.42	-27.726	75.494	-159.74	-61.868	50.34
161.69	184.32	23.068	-115.12	55.16	32.014	-84.574	48.485	30.828	-109.39	-1.1298	85.122	-187.19	-28.658	74.225	-163.75	-63.011	49.029
161.75	184.3	22.974	-118.44	53.795	30.128	-88.587	47.042	28.718	-113.04	-2.2512	83.508	-190.87	-29.558	72.956	-167.66	-64.098	47.732
161.77	184.3	22.936	-121.69	52.413	28.206	-92.469	45.573	26.688	-116.46	-3.2892	82.027	-194.42	-30.423	71.703	-171.45	-65.146	46.485
161.78	184.3	22.931	-124.83	51.069	26.293	-96.091	44.263	24.816	-119.8	-4.2721	80.556	-197.86	-31.261	70.46	-175.15	-66.196	45.227
161.78	184.29	22.922	-127.75	49.891	24.521	-99.632	42.917	22.846	-123.03	-5.245	78.965	-201.19	-32.063	69.202	-178.76	-67.152	43.984
161.79	184.29	22.916	-130.57	48.577	22.776	-102.96	41.612	20.857	-126.16	-6.2269	77.489	-204.42	-32.822	67.93	-182.29	-68.036	42.768
161.8	184.29	22.908	-133.25	47.371	21.191	-106.02	40.375	19.278	-129.19	-7.199	76.012	-207.52	-33.53	66.704	-185.67	-68.9	41.625
161.8	184.29	22.908	-135.68	46.193	19.612	-109.12	39.048	17.486	-132.03	-8.1213	74.681	-210.49	-34.136	65.46	-188.95	-69.661	40.424
161.8	184.29	22.919	-137.95	45.026	18.31	-111.86	37.827	15.911	-134.85	-9.1147	73.371	-213.38	-34.679	64.254	-192.09	-70.418	39.306
161.8	184.3	22.917	-140.07	43.891	16.875	-114.56	36.639	14.507	-137.49	-10.075	72.078	-215.92	-35.223	63.154	-195.14	-71.053	38.159
161.8	184.29	22.923	-142.01	42.758	15.708	-117.19	35.378	13.085	-140.05	-11.015	70.957	-218.22	-35.776	62.177	-198.06	-71.662	36.864
161.8	184.29	22.914	-143.81	41.73	14.515	-119.47	34.336	11.973	-142.51	-11.94	69.846	-220.57	-36.437	61.205	-200.85	-72.187	35.674
161.81	184.28	22.911	-145.44	40.747	13.594	-121.69	33.291	10.766	-144.89	-12.859	68.668	-222.98	-37.033	60.15	-203.55	-72.682	34.473
161.8	184.28	22.909	-146.97	39.82	12.573	-123.72	32.3	9.8095	-147.17	-13.734	67.625	-225.96	-37.501	58.076	-206.11	-73.095	33.247
161.8	184.28	22.913	-148.48	38.959	11.795	-125.89	31.349	8.7544	-149.28	-14.475	66.622	-227.58	-36.212	57.202	-208.06	-73.075	32.17
161.81	184.28	22.909	-149.93	38.241	10.799	-127.7	30.487	7.7079	-151.4	-15.22	65.567	-229.62	-36.361	56.051	-210.4	-73.327	30.953
161.81	184.27	22.916	-151.32	37.691	9.8336	-129.31	29.775	6.8896	-153.35	-15.862	64.59	-231.53	-36.496	54.927	-212.58	-73.513	29.799
161.8	184.27	22.915	-152.72	37.244	8.9175	-130.78	29.214	6.0348	-155.22	-16.394	63.654	-233.98	-37.112	53.062	-214.68	-73.663	28.644
161.8	184.27	22.915	-154.06	36.734	7.9793	-132.17	28.664	5.3044	-157.03	-16.821	62.655	-235.66	-37.167	52.008	-216.68	-73.659	27.47
161.8	184.27	22.908	-155.25	36.545	7.4115	-133.62	28.171	4.4324	-158.71	-17.151	61.705	-237.24	-37.191	50.978	-218.59	-73.611	26.436
161.81	184.27	22.904	-156.56	36.275	6.2823	-134.79	27.983	3.816	-160.29	-17.377	60.804	-238.71	-37.099	49.92	-220.37	-73.506	25.4
161.8	184.27	22.913	-157.71	36.251	5.5761	-136.16	27.69	2.8509	-161.88	-17.552	59.862	-240.16	-36.937	48.893	-222.04	-73.367	24.412
161.8	184.28	22.908	-158.84	36.155	4.7502	-137.29	27.662	2.1214	-163.32	-17.605	58.967	-241.51	-36.628	47.879	-223.63	-73.119	23.324
161.8	184.27	22.915	-159.89	36.256	3.9727	-138.21	27.663	1.328	-164.69	-17.586	58.022	-242.77	-36.225	46.939	-225.09	-72.808	22.293
161.81	184.27	22.913	-160.85	36.428	3.0496	-139.29	27.617	0.40114	-166.01	-17.457	57.177	-244.02	-35.77	45.881	-226.51	-72.417	21.196
161.8	184.28	22.907	-161.72	36.531	2.3369	-140.17	27.758	-0.27658	-167.26	-17.279	56.216	-245.26	-35.217	44.76	-227.84	-71.955	20.217
161.8	184.28	22.908	-162.58	36.737	1.3585	-140.95	27.842	-1.2536	-168.39	-16.958	55.382	-246.35	-34.517	43.766	-229.05	-71.488	19.3
161.81	184.28	22.913	-163.29	37.134	0.75297	-141.69	28.028	-2.0888	-169.6	-16.648	54.33	-247.48	-33.831	42.628	-230.23	-70.957	18.26
161.81	184.28	22.908	-164.02	37.33	-0.39489	-142.45	28.216	-3.0497	-170.65	-16.179	53.358	-248.45	-33.092	41.566	-231.3	-70.314	17.236
161.8	184.28	22.907	-164.68	37.801	-1.3212	-142.99	28.591	-3.9817	-171.71	-15.644	52.397	-249.38	-32.356	40.37	-232.31	-69.689	16.153
161.81	184.28	22.914	-165.39	38.315	-2.3893	-143.86	28.904	-5.1192	-172.73	-15.041	51.326	-250.22	-31.62	39.126	-233.24	-69.04	15.069
161.8	184.27	22.909	-166.08	38.786	-3.5552	-144.49	29.425	-6.1057	-173.69	-14.355	50.24	-250.94	-30.873	37.968	-234.07	-68.348	14.008
161.8	184.28	22.914	-166.72	39.307	-4.6812	-145.22	29.899	-7.301	-174.6	-13.619	49.081	-251.61	-30.158	36.694	-234.88	-67.656	12.884
161.8	184.27	22.916	-167.34	39.933	-6.1033	-145.93	30.407	-8.5063	-175.46	-12.862	47.998	-252.27	-29.479	35.327	-235.56	-66.889	11.829
161.8	184.27	22.911	-167.89	40.617	-7.1955	-146.51	31.025	-9.5831	-176.28	-11.964	46.864	-252.87	-28.757	33.918	-236.22	-66.135	10.606
161.8	184.27	22.91	-168.4	41.214	-8.6588	-147.29	31.566	-11.11	-177.19	-10.984	45.742	-253.41	-27.99	32.517	-236.74	-65.412	9.4306
161.79	184.27	22.915	-168.9	41.731	-10.038	-147.95	32.037	-12.344	-178.04	-9.8863	44.75	-254	-27.057	31.115	-237.22	-64.739	8.2035
161.79	184.27	22.903	-169.37	42.296	-11.64	-148.53	32.396	-13.71	-178.93	-8.6634	43.908	-254.64	-26.025	29.696	-237.63	-64.148	7.1187
161.79	184.27	22.907	-169.79	42.694	-13.1	-148.89	32.643	-15.2	-179.87	-7.1266	43.242	-255.25	-24.837	28.597	-237.96	-63.609	6.534
161.79	184.28	22.902	-170.11	43.191	-14.399	-149.28	33.021	-16.216	-180.82	-5.1707	42.766	-256.01	-23.693	27.696	-238.24	-62.989	6.4075
161.79	184.28	22.899	-170.19	43.646	-14.555	-149.67	33.544	-16.445	-181.78	-3.1812	42.423	-256.74	-22.649	27.075	-238.49	-62.407	6.8179
161.78	184.28	22.911	-170.33	43.864	-14.704	-149.21	33.987	-15.964	-182.41	-1.178	42.97	-257.39	-21.697	26.603	-238.73	-61.836	7.3587
161.79	184.28	22.909	-170.35	44.021	-14.972	-149.25	34.553	-15.759	-183.27	-0.054772	43.233	-257.79	-20.986	26.242	-238.95	-61.32	7.9197
161.79	184.29	22.907	-170.38	44.297	-14.903	-149.35	35.369	-15.362	-184	0.60771	43.473	-258.07	-20.54	25.95	-239.15	-61.001	8.4003
161.79	184.29	22.908	-170.64	44.637	-14.988	-149.8	35.942	-15.226	-184.41	1.1042	43.812	-258.24	-20.269	25.832	-239.24	-60.704	8.6997
161.8	184.29	22.903	-170.93	45.065	-15.009	-150.18	36.438	-15.119	-184.63	1.4719	44.069	-258.29	-20.089	25.833	-239.26	-60.478	8.8674
161.8	184.3	22.906	-171.06	45.58	-14.869	-150.24	36.986	-14.839	-184.73	1.7603	44.206	-258.18	-20.023	25.831	-239.18	-60.33	8.9275
161.81	184.3	22.896	-171.32	45.785	-15.023	-150.37	37.291	-14.848	-184.68	1.8901	44.241	-257.99	-20.062	25.848	-239.03	-60.266	8.9039
161.82	184.31	22.911	-171.35	45.936	-15.065	-150.37	37.497	-15.027	-184.44	1.8359	44.132	-257.74	-20.145	25.924	-238.78	-60.182	8.7101
161.82	184.32	22.909	-171.25	45.991	-15.157	-150.26	37.484	-15.171	-184.09	1.6698	43.935	-257.49	-20.286	26.02	-238.48	-60.26	8.5215
161.84	184.31	22.908	-171.09	45.989	-15.02	-150.12	37.294	-15.544	-183.56	1.3905	43.716	-257.12	-20.536	26.116	-238.25	-60.39	8.3366
161.84	184.32	22.906	-170.8	45.962	-14.784	-149.94	37.199	-15.793	-182.96	1.0717	43.492	-256.73	-20.798	26.225	-238	-60.592	8.0832
161.84	184.32	22.907	-170.68	45.796	-14.951	-149.62	36.868	-15.755	-182.64	0.2878	42.733	-256.39	-21.162	26.283	-237.74	-60.76	7.8356
161.84	184.32	22.906	-170.33	45.633	-14.875	-149.42	36.476	-16.058	-182.04	-0.25261	42.646	-256.06	-21.454	26.371	-237.49	-61.019	7.7067
161.86	184.32	22.906	-170.04	45.405	-14.65	-148.9	36.118	-16.009	-181.48	-0.88626	42.535	-255.71	-21.779	26.465	-237.26	-61.296	7.6075
161.85	184.32	22.906	-169.67	45.085	-14.695	-148.59	35.633	-16.046	-180.98	-1.5503	42.417	-255.39	-22.051	26.578	-237.06	-61.577	7.5517
161.86	184.32	22.904	-169.3	44.588	-14.747	-148.45	35.021	-16.218	-180.45	-2.1373	42.346	-255.04	-22.332	26.681	-236.84	-61.86	7.5044
161.85	184.32	22.9	-168.82	44.265	-14.595	-147.99	34.673	-16.211	-179.97	-2.6872	42.242	-254.75	-22.54	26.75	-236.62	-62.077	7.5037
161.86	184.32	22.904	-168.43	43.862	-14.63	-147.83	34.225	-16.414	-179.47	-3.1263	42.221	-254.46	-22.788	26.816	-236.42	-62.329	7.4812
