159.04	32.852	21.844	-159	38.062	-15.762	-139.57	29.65	-17.098	-171.94	-4.308	40.905	-249.63	-28.488	22.434	-232.39	-69.435	8.3455
159.04	32.854	21.853	-158.93	38.094	-15.698	-139.57	29.65	-17.098	-171.94	-4.2986	40.904	-249.63	-28.476	22.434	-232.4	-69.435	8.3349
159.03	32.856	21.846	-159	38.076	-15.764	-139.62	29.749	-17.228	-171.93	-4.2963	40.912	-249.65	-28.487	22.436	-232.47	-69.451	8.3148
159.04	32.854	21.847	-159	38.076	-15.764	-139.63	29.737	-17.241	-171.94	-4.2953	40.913	-249.65	-28.472	22.433	-232.4	-69.427	8.3444
159.04	32.861	21.845	-159.01	38.073	-15.775	-139.59	29.651	-17.111	-171.94	-4.2896	40.917	-249.64	-28.468	22.429	-232.41	-69.418	8.3308
159.04	32.866	21.848	-159	38.082	-15.772	-139.64	29.745	-17.214	-171.95	-4.2879	40.914	-249.66	-28.47	22.424	-232.41	-69.415	8.3378
159.04	32.859	21.85	-159	38.075	-15.782	-139.59	29.653	-17.113	-171.95	-4.2827	40.917	-249.68	-28.48	22.426	-232.41	-69.41	8.3273
159.03	32.861	21.843	-159	38.082	-15.772	-139.68	29.748	-17.277	-171.96	-4.282	40.912	-249.68	-28.475	22.416	-232.42	-69.411	8.3361
159.04	32.866	21.845	-159	38.082	-15.772	-139.59	29.661	-17.12	-171.96	-4.2824	40.912	-249.68	-28.47	22.417	-232.41	-69.404	8.3309
159.04	32.867	21.851	-158.93	38.111	-15.692	-139.59	29.67	-17.127	-171.95	-4.2764	40.91	-249.67	-28.461	22.411	-232.43	-69.405	8.3279
159.04	32.869	21.846	-158.93	38.101	-15.714	-139.59	29.666	-17.141	-171.95	-4.2772	40.909	-249.71	-28.412	22.374	-232.43	-69.401	8.3326
159.04	32.869	21.846	-159	38.077	-15.769	-139.59	29.67	-17.128	-171.96	-4.2826	40.9	-249.68	-28.452	22.412	-232.43	-69.399	8.3374
159.03	32.866	21.84	-159	38.084	-15.76	-139.69	29.75	-17.284	-171.96	-4.2817	40.907	-249.69	-28.467	22.415	-232.43	-69.4	8.3261
159.04	32.867	21.843	-159.01	38.079	-15.783	-139.6	29.667	-17.114	-171.96	-4.2792	40.91	-249.71	-28.41	22.374	-232.43	-69.401	8.3267
159.03	32.861	21.844	-159	38.077	-15.769	-139.67	29.753	-17.257	-171.96	-4.2882	40.909	-249.69	-28.47	22.415	-232.43	-69.4	8.3238
159.04	32.864	21.848	-158.94	38.091	-15.714	-139.59	29.661	-17.12	-171.95	-4.2953	40.914	-249.69	-28.468	22.422	-232.43	-69.405	8.3283
159.04	32.867	21.847	-158.93	38.103	-15.701	-139.58	29.671	-17.128	-171.95	-4.3057	40.901	-249.7	-28.479	22.422	-232.43	-69.414	8.3177
159.04	32.87	21.852	-159	38.077	-15.769	-139.55	29.647	-17.124	-171.94	-4.3151	40.902	-249.69	-28.479	22.418	-232.43	-69.415	8.3242
159.04	32.861	21.847	-159	38.064	-15.749	-139.59	29.653	-17.112	-171.95	-4.3213	40.897	-249.72	-28.44	22.379	-232.43	-69.422	8.3176
159.04	32.862	21.849	-158.99	38.065	-15.756	-139.57	29.653	-17.118	-171.94	-4.3292	40.897	-249.69	-28.503	22.426	-232.42	-69.418	8.3266
159.03	32.857	21.86	-159	38.064	-15.749	-139.66	29.736	-17.254	-171.94	-4.3252	40.907	-249.7	-28.507	22.419	-232.43	-69.422	8.3153
159.04	32.855	21.859	-159	38.064	-15.749	-139.56	29.649	-17.091	-171.94	-4.3244	40.898	-249.73	-28.453	22.391	-232.43	-69.421	8.3337
159.04	32.861	21.846	-159	38.064	-15.749	-139.56	29.649	-17.09	-171.94	-4.3256	40.911	-249.72	-28.436	22.375	-232.43	-69.418	8.3225
159.04	32.853	21.858	-158.99	38.064	-15.751	-139.55	29.641	-17.095	-171.94	-4.3261	40.902	-249.75	-28.439	22.367	-232.43	-69.419	8.329
159.04	32.855	21.855	-159	38.062	-15.762	-139.58	29.636	-17.11	-171.95	-4.3168	40.9	-249.71	-28.493	22.42	-232.49	-69.43	8.315
159.04	32.856	21.849	-158.99	38.066	-15.738	-139.54	29.64	-17.088	-171.95	-4.3155	40.911	-249.72	-28.49	22.418	-232.43	-69.411	8.3362
159.04	32.859	21.854	-159	38.064	-15.749	-139.63	29.724	-17.224	-171.96	-4.3086	40.902	-249.71	-28.473	22.414	-232.44	-69.407	8.3372
159.03	32.854	21.856	-159	38.062	-15.762	-139.63	29.733	-17.232	-171.95	-4.3071	40.899	-249.75	-28.417	22.371	-232.44	-69.403	8.3338
159.04	32.859	21.852	-158.99	38.064	-15.751	-139.62	29.74	-17.22	-171.96	-4.3109	40.908	-249.75	-28.418	22.373	-232.44	-69.408	8.3397
159.04	32.856	21.848	-159	38.062	-15.762	-139.63	29.713	-17.231	-171.95	-4.311	40.916	-249.75	-28.412	22.385	-232.44	-69.408	8.3361
159.04	32.862	21.849	-159	38.062	-15.762	-139.65	29.737	-17.228	-171.95	-4.3195	40.903	-249.75	-28.414	22.382	-232.44	-69.406	8.3303
159.04	32.864	21.852	-159	38.064	-15.749	-139.57	29.644	-17.11	-171.95	-4.3247	40.9	-249.75	-28.417	22.374	-232.43	-69.41	8.3313
159.03	32.857	21.847	-159	38.056	-15.758	-139.55	29.641	-17.095	-171.95	-4.325	40.902	-249.75	-28.415	22.362	-232.43	-69.41	8.3313
159.04	32.86	21.853	-159	38.064	-15.749	-139.58	29.645	-17.117	-171.95	-4.3343	40.894	-249.73	-28.448	22.383	-232.43	-69.42	8.3323
159.03	32.868	21.853	-159	38.064	-15.749	-139.56	29.647	-17.09	-171.94	-4.3351	40.892	-249.71	-28.506	22.42	-232.43	-69.423	8.3241
159.04	32.861	21.847	-159	38.064	-15.749	-139.58	29.661	-17.113	-171.94	-4.3391	40.883	-249.75	-28.458	22.364	-232.5	-69.434	8.294
159.03	32.865	21.849	-159	38.056	-15.758	-139.59	29.647	-17.125	-171.93	-4.3445	40.888	-249.71	-28.527	22.422	-232.43	-69.426	8.317
159.04	32.859	21.852	-159	38.064	-15.749	-139.58	29.645	-17.117	-171.93	-4.3417	40.889	-249.71	-28.523	22.423	-232.43	-69.419	8.3082
159.04	32.857	21.852	-159	38.056	-15.758	-139.58	29.645	-17.117	-171.94	-4.3445	40.887	-249.74	-28.471	22.367	-232.42	-69.434	8.3169
159.04	32.866	21.84	-159	38.056	-15.758	-139.56	29.654	-17.118	-171.94	-4.3409	40.887	-249.72	-28.475	22.379	-232.43	-69.432	8.3127
159.04	32.861	21.845	-159	38.056	-15.758	-139.64	29.735	-17.24	-171.93	-4.3416	40.895	-249.85	-28.487	22.339	-232.42	-69.426	8.3229
159.04	32.856	21.85	-159	38.056	-15.758	-139.59	29.655	-17.133	-171.94	-4.339	40.896	-249.74	-28.46	22.374	-232.42	-69.426	8.3193
159.04	32.859	21.851	-159	38.056	-15.758	-139.65	29.737	-17.247	-171.93	-4.3428	40.887	-249.74	-28.454	22.374	-232.42	-69.428	8.3276
159.04	32.855	21.852	-159	38.047	-15.761	-139.65	29.74	-17.234	-171.93	-4.3404	40.887	-249.86	-28.473	22.336	-232.42	-69.423	8.3288
159.04	32.857	21.844	-159	38.056	-15.758	-139.62	29.728	-17.245	-171.94	-4.3418	40.89	-249.84	-28.473	22.345	-232.43	-69.427	8.3253
159.04	32.859	21.846	-159	38.056	-15.758	-139.57	29.639	-17.123	-171.93	-4.3403	40.9	-249.86	-28.478	22.342	-232.43	-69.424	8.3277
159.04	32.854	21.847	-159	38.047	-15.761	-139.55	29.641	-17.095	-171.92	-4.3412	40.901	-249.85	-28.48	22.345	-232.42	-69.426	8.3242
159.04	32.86	21.853	-159	38.056	-15.758	-139.57	29.639	-17.123	-171.93	-4.3501	40.899	-249.86	-28.484	22.341	-232.43	-69.421	8.3246
159.04	32.856	21.846	-159	38.053	-15.764	-139.63	29.721	-17.238	-171.93	-4.349	40.886	-249.84	-28.475	22.342	-232.49	-69.444	8.2976
159.04	32.856	21.849	-159	38.041	-15.752	-139.63	29.73	-17.234	-171.93	-4.3505	40.895	-249.87	-28.497	22.353	-232.43	-69.432	8.3276
159.03	32.863	21.852	-158.99	38.057	-15.74	-139.62	29.729	-17.205	-171.91	-4.3542	40.894	-249.87	-28.509	22.341	-232.44	-69.428	8.3092
159.04	32.861	21.847	-158.99	38.05	-15.75	-139.55	29.636	-17.108	-171.92	-4.3532	40.888	-249.88	-28.507	22.334	-232.43	-69.424	8.3277
159.03	32.863	21.846	-158.99	38.057	-15.74	-139.62	29.73	-17.246	-171.92	-4.361	40.889	-249.83	-28.581	22.411	-232.43	-69.425	8.3188
159.04	32.866	21.849	-159	38.048	-15.743	-139.55	29.637	-17.109	-171.92	-4.3588	40.889	-249.88	-28.497	22.344	-232.43	-69.422	8.323
159.04	32.859	21.851	-159	38.047	-15.761	-139.54	29.632	-17.081	-171.92	-4.365	40.886	-249.88	-28.496	22.339	-232.44	-69.426	8.3081
159.04	32.868	21.843	-159	38.041	-15.752	-139.62	29.735	-17.233	-171.92	-4.3708	40.896	-249.88	-28.497	22.347	-232.44	-69.428	8.3092
159.04	32.861	21.846	-159.01	38.046	-15.754	-139.61	29.734	-17.226	-171.92	-4.3675	40.895	-249.89	-28.487	22.337	-232.44	-69.423	8.3069
159.04	32.866	21.849	-158.99	38.057	-15.74	-139.63	29.721	-17.238	-171.92	-4.3659	40.878	-249.88	-28.495	22.338	-232.44	-69.423	8.3127
159.04	32.861	21.846	-159	38.047	-15.761	-139.64	29.741	-17.227	-171.92	-4.3656	40.886	-249.89	-28.499	22.337	-232.45	-69.411	8.3035
159.04	32.861	21.847	-158.99	38.05	-15.75	-139.56	29.638	-17.116	-171.92	-4.3593	40.88	-249.89	-28.506	22.333	-232.45	-69.414	8.3069
159.04	32.861	21.846	-159	38.064	-15.749	-139.63	29.725	-17.225	-171.93	-4.3653	40.882	-249.9	-28.499	22.33	-232.45	-69.411	8.307
159.04	32.86	21.854	-159	38.062	-15.762	-139.65	29.728	-17.24	-171.93	-4.3555	40.886	-249.91	-28.492	22.331	-232.46	-69.411	8.3022
159.04	32.861	21.847	-159	38.047	-15.761	-139.56	29.651	-17.11	-171.94	-4.3584	40.883	-249.9	-28.485	22.334	-232.46	-69.4	8.3137
159.03	32.861	21.843	-159	38.056	-15.758	-139.56	29.638	-17.116	-171.93	-4.3545	40.889	-249.92	-28.438	22.299	-232.46	-69.398	8.3095
159.03	32.855	21.847	-159	38.047	-15.761	-139.61	29.731	-17.225	-171.94	-4.3578	40.885	-249.92	-28.428	22.305	-232.47	-69.402	8.3081
159.04	32.86	21.844	-159	38.056	-15.758	-139.66	29.725	-17.26	-171.95	-4.3556	40.88	-249.92	-28.426	22.304	-232.47	-69.399	8.3141
159.03	32.861	21.842	-159	38.047	-15.761	-139.66	29.733	-17.268	-171.93	-4.367	40.885	-249.92	-28.427	22.31	-232.47	-69.395	8.3148
159.04	32.86	21.85	-159	38.047	-15.761	-139.63	29.724	-17.224	-171.93	-4.368	40.888	-249.92	-28.427	22.318	-232.47	-69.398	8.3082
159.04	32.861	21.845	-159	38.047	-15.761	-139.63	29.721	-17.238	-171.91	-4.3674	40.889	-249.92	-28.43	22.317	-232.53	-69.423	8.2981
159.04	32.857	21.838	-159	38.055	-15.751	-139.55	29.646	-17.082	-171.91	-4.3805	40.879	-249.9	-28.469	22.352	-232.46	-69.412	8.3146
159.03	32.857	21.851	-159	38.055	-15.751	-139.6	29.728	-17.232	-171.9	-4.3875	40.886	-249.9	-28.478	22.359	-232.46	-69.417	8.3169
159.04	32.859	21.845	-158.99	38.05	-15.75	-139.54	29.634	-17.101	-171.88	-4.392	40.883	-249.91	-28.462	22.351	-232.51	-69.44	8.3005
159.04	32.859	21.846	-159	38.048	-15.743	-139.55	29.636	-17.108	-171.85	-4.4103	40.893	-249.88	-28.506	22.401	-232.43	-69.443	8.3156
159.04	32.856	21.847	-158.98	38.044	-15.741	-139.53	29.644	-17.109	-171.82	-4.4377	40.876	-249.86	-28.53	22.433	-232.41	-69.459	8.3292
159.04	32.862	21.85	-158.98	38.044	-15.741	-139.52	29.643	-17.102	-171.76	-4.4632	40.89	-249.86	-28.515	22.444	-232.37	-69.488	8.3324
159.04	32.862	21.848	-158.98	38.021	-15.743	-139.53	29.638	-17.121	-171.7	-4.5186	40.887	-249.77	-28.606	22.56	-232.27	-69.514	8.3556
159.04	32.86	21.853	-158.98	38.017	-15.702	-139.53	29.644	-17.109	-171.61	-4.5908	40.898	-249.72	-28.686	22.665	-232.17	-69.567	8.3614
159.04	32.864	21.852	-158.97	37.997	-15.691	-139.52	29.634	-17.147	-171.49	-4.7096	40.912	-249.74	-28.678	22.695	-232.13	-69.671	8.3467
159.04	32.859	21.846	-158.9	38.002	-15.593	-139.53	29.632	-17.134	-171.64	-5.1471	40.341	-249.69	-28.802	22.822	-231.98	-69.793	8.3646
159.04	32.865	21.855	-158.92	37.954	-15.587	-139.5	29.608	-17.13	-171.45	-5.3299	40.375	-249.61	-28.951	22.974	-231.76	-69.956	8.4009
159.04	32.869	21.859	-158.96	37.897	-15.549	-139.55	29.701	-17.253	-171.17	-5.5908	40.461	-249.49	-29.16	23.182	-231.5	-70.163	8.4381
159.04	32.861	21.847	-158.99	37.842	-15.469	-139.56	29.678	-17.235	-170.89	-5.9344	40.563	-249.36	-29.468	23.439	-231.08	-70.389	8.5518
159.04	32.864	21.851	-159.05	37.86	-15.225	-139.52	29.673	-17.153	-170.48	-6.3513	40.679	-249.17	-29.833	23.771	-230.54	-70.635	8.6344
159.04	32.869	21.85	-159.17	37.973	-15.023	-139.72	29.849	-17.143	-170.02	-6.8621	40.887	-248.89	-30.32	24.205	-230.06	-70.927	8.6838
159.04	32.864	21.853	-159.4	38.156	-14.621	-139.9	30.138	-17.024	-169.4	-7.4349	41.074	-248.53	-30.938	24.742	-229.54	-71.299	8.6836
159.04	32.862	21.858	-159.59	38.28	-14.04	-139.97	30.371	-16.911	-168.68	-8.1285	41.358	-248.16	-31.615	25.34	-228.98	-71.808	8.7149
159.04	32.862	21.857	-159.65	38.396	-13.239	-139.88	30.619	-16.44	-167.84	-8.8877	41.745	-247.64	-32.465	26.05	-228.4	-72.441	8.7183
159.04	32.858	21.855	-159.41	38.459	-12.097	-139.57	30.731	-15.565	-166.85	-9.7976	42.251	-247.11	-33.479	26.796	-227.77	-73.152	8.7192
159.05	32.858	21.861	-159.08	38.381	-10.894	-139.01	30.789	-14.319	-165.83	-10.895	42.922	-246.29	-34.612	27.694	-226.92	-73.85	8.8276
159.05	32.851	21.858	-158.33	38.303	-9.2296	-138.41	30.612	-13.013	-164.64	-12.089	43.832	-245.26	-35.846	28.708	-225.98	-74.567	8.9906
159.05	32.851	21.857	-157.36	37.971	-7.31	-137.07	30.351	-11.123	-163.35	-13.392	44.872	-244.11	-37.077	29.774	-224.87	-75.299	9.3299
159.05	32.849	21.857	-156.19	37.608	-5.1313	-135.8	30.118	-9.3219	-161.92	-14.746	46.052	-242.83	-38.223	30.941	-223.53	-76.01	9.8561
159.06	32.844	21.858	-154.86	37.206	-3.089	-134.2	29.737	-7.0126	-160.28	-16.167	47.393	-241.4	-39.303	32.275	-221.99	-76.671	10.678
159.06	32.846	21.851	-153.47	36.841	-0.81981	-132.29	29.371	-4.6189	-158.41	-17.51	48.839	-239.78	-40.287	33.772	-220.28	-77.353	11.666
159.06	32.845	21.851	-152.05	36.526	1.394	-129.87	29.054	-2.1474	-156.31	-18.906	50.219	-237.94	-41.23	35.528	-218.41	-78.118	12.873
159.05	32.843	21.858	-150.59	36.293	3.5341	-127.03	28.599	0.36	-153.98	-20.24	51.714	-235.88	-42.178	37.422	-216.46	-79.014	14.188
159.05	32.845	21.865	-148.88	36.17	6.0752	-123.91	28.071	2.7005	-151.42	-21.555	53.262	-233.61	-43.21	39.396	-214.29	-79.965	15.62
159.04	32.85	21.86	-147.13	36.002	8.6779	-120.51	27.391	5.1792	-148.49	-22.82	54.81	-231.04	-44.331	41.536	-212	-80.873	17.022
159.05	32.848	21.869	-145.16	35.858	11.397	-116.32	27.177	9.1881	-145.44	-24.102	56.418	-228.24	-45.634	43.742	-209.19	-81.642	18.623
159.04	32.848	21.866	-142.96	35.585	14.041	-112.08	26.566	12.187	-142.16	-25.306	58.177	-225.13	-47.082	45.976	-206.28	-82.35	20.192
159.04	32.851	21.858	-140.41	35.502	16.915	-107.57	25.767	15.241	-138.79	-26.499	60.092	-221.82	-48.578	48.163	-203	-83.019	21.871
159.04	32.843	21.86	-137.66	35.278	19.915	-102.89	24.903	18.486	-135.33	-27.658	62.189	-218.33	-50.079	50.339	-199.7	-83.672	23.551
159.03	32.852	21.859	-134.58	35.022	22.87	-97.797	23.785	21.663	-131.8	-28.789	64.365	-214.66	-51.462	52.452	-196.15	-84.275	25.438
159.03	32.856	21.86	-131.17	34.766	25.832	-92.307	22.485	23.991	-128.01	-29.872	66.68	-210.79	-52.643	54.609	-192.41	-84.821	27.426
159.03	32.86	21.868	-127.36	34.52	28.958	-86.926	21.476	27.675	-124.12	-30.888	69.222	-206.79	-53.518	56.795	-188.63	-85.268	29.459
159.03	32.864	21.863	-123.3	34.265	31.937	-81.471	20.602	31.239	-119.99	-31.869	71.65	-202.55	-54.118	59.09	-184.51	-85.654	31.581
159.03	32.86	21.869	-118.94	34.02	34.897	-75.799	19.681	34.842	-115.64	-32.768	74.121	-198.33	-54.514	61.199	-180.14	-85.961	33.666
159.03	32.85	21.853	-114.31	33.791	37.758	-69.827	18.686	38.31	-111.06	-33.611	76.413	-193.87	-54.676	63.386	-175.45	-86.201	35.629
159.03	32.855	21.86	-109.47	33.535	40.395	-63.614	17.795	41.62	-106.17	-34.4	78.723	-189.11	-54.682	65.591	-170.48	-86.398	37.505
159.02	32.859	21.856	-104.32	33.391	42.939	-57.046	16.905	45.031	-101.05	-35.066	80.928	-184.1	-54.564	67.805	-165.2	-86.536	39.348
159.03	32.853	21.863	-98.983	33.393	45.447	-50.254	15.938	48.282	-95.641	-35.631	83.041	-178.81	-54.512	69.815	-159.68	-86.638	41.161
159.04	32.852	21.858	-93.527	33.307	47.488	-43.043	14.867	51.163	-90	-36.066	85.03	-173.01	-54.452	71.854	-153.96	-86.709	42.991
159.04	32.851	21.854	-87.873	33.408	49.485	-35.608	13.841	54.032	-84.101	-36.391	86.894	-166.9	-54.492	73.754	-147.97	-86.733	44.867
159.04	32.853	21.854	-82.1	33.501	51.03	-27.748	12.641	56.634	-77.984	-36.61	88.528	-160.59	-54.682	75.504	-141.82	-86.741	46.724
159.04	32.85	21.854	-76.156	33.643	52.355	-19.722	11.54	59.064	-71.573	-36.671	90.056	-153.96	-54.91	77.206	-135.51	-86.721	48.56
159.04	32.841	21.854	-70.171	33.85	53.49	-11.34	10.325	61.437	-65.008	-36.644	91.389	-147.12	-55.038	78.86	-128.95	-86.653	50.393
159.05	32.852	21.855	-63.933	34.209	54.567	-2.6522	8.8433	63.546	-58.183	-36.541	92.594	-140.18	-55.104	80.364	-122.29	-86.566	52.085
159.05	32.848	21.854	-57.63	34.463	55.32	6.2664	7.3306	65.683	-51.207	-36.367	93.529	-133.09	-55.092	81.714	-115.44	-86.423	53.728
159.05	32.84	21.852	-51.148	34.806	55.742	15.219	5.6973	67.275	-44.02	-36.226	94.893	-125.85	-54.821	83.128	-108.57	-86.262	55.257
159.05	32.839	21.853	-44.489	35.121	56.176	24.501	4.2145	68.97	-36.767	-35.865	94.855	-117.82	-53.211	86.442	-101.51	-86.022	56.736
159.06	32.849	21.856	-37.74	35.415	56.334	33.55	2.5504	70.5	-29.368	-35.574	95.257	-110.43	-52.568	87.613	-94.367	-85.748	58.1
159.05	32.85	21.853	-30.891	35.656	56.337	42.407	0.85782	71.659	-21.849	-35.262	95.594	-102.84	-51.623	89.01	-87.142	-85.419	59.364
159.05	32.848	21.859	-24.074	35.882	55.962	51.155	-0.61238	72.627	-14.241	-34.829	95.713	-95.297	-50.722	89.974	-79.935	-85.067	60.531
159.05	32.849	21.854	-17.172	36.171	55.449	59.885	-1.9709	73.399	-6.586	-34.385	95.606	-87.674	-49.767	90.801	-72.638	-84.647	61.6
159.04	32.852	21.87	-10.321	36.452	54.7	68.305	-3.1628	73.695	0.98366	-33.881	95.332	-80.013	-48.817	91.549	-65.407	-84.188	62.54
159.04	32.849	21.863	-3.4607	36.731	53.869	76.648	-4.2689	73.841	8.5925	-33.324	94.92	-72.311	-47.888	92.153	-58.131	-83.654	63.362
159.03	32.849	21.864	3.2817	36.986	52.932	84.917	-5.1142	73.637	16.296	-32.828	94.4	-64.77	-47.215	92.335	-50.901	-83.028	64.144
159.03	32.856	21.867	9.898	37.323	52.081	92.902	-5.9171	73.135	23.921	-32.417	94.217	-56.895	-46.166	93.134	-43.816	-82.381	64.72
159.03	32.857	21.86	16.518	37.742	51.312	100.43	-6.9389	72.2	31.446	-31.977	93.346	-49.397	-45.597	93.141	-36.739	-81.648	65.169
159.03	32.853	21.864	22.831	38.261	50.534	108.11	-7.6944	71.261	38.917	-31.471	92.076	-41.884	-44.878	93.415	-29.838	-80.926	65.477
159.03	32.858	21.867	29.018	38.943	50.077	115.58	-8.4236	70.158	46.133	-31.097	90.973	-34.442	-44.18	93.615	-23.04	-80.174	65.583
159.03	32.858	21.867	34.877	39.701	49.736	122.95	-9.1295	68.767	53.208	-30.72	89.776	-27.16	-43.524	93.786	-16.422	-79.451	65.553
159.03	32.853	21.865	40.719	40.765	49.588	129.96	-9.6289	67.372	60.146	-30.295	88.589	-19.9	-42.728	94.246	-9.9387	-78.723	65.346
159.03	32.856	21.87	46.408	41.906	49.914	136.62	-10.018	65.937	66.999	-29.537	87.84	-13.112	-42.342	93.981	-3.6089	-78.026	65.014
159.03	32.848	21.866	51.747	42.77	49.403	143.09	-10.24	64.191	73.439	-28.967	86.53	-6.4306	-41.851	93.814	2.568	-77.301	64.707
159.03	32.854	21.866	57.035	43.657	48.798	149.16	-10.189	62.537	79.615	-28.44	85.328	0.034901	-41.291	93.683	8.4531	-76.57	64.347
159.04	32.848	21.859	62.204	44.515	48.094	155.07	-9.8891	60.744	85.515	-27.522	83.933	6.212	-40.716	93.376	14.147	-75.784	64.069
159.01	32.767	21.69	66.999	45.335	46.815	160.51	-9.3483	58.746	91.14	-26.45	82.65	12.122	-39.973	93.06	19.545	-74.958	63.858
158.97	32.677	21.512	71.696	46.187	45.532	165.81	-8.5246	57.327	96.529	-25.077	81.179	17.673	-39.126	92.637	24.73	-74.102	63.698
158.93	32.67	21.487	75.984	46.888	43.866	170.65	-7.292	55.346	101.63	-23.74	79.875	22.893	-38.041	92.235	29.63	-73.184	63.628
158.94	32.671	21.492	80.225	47.762	42.29	175.31	-5.8366	53.513	106.48	-22.293	78.704	27.766	-36.717	91.747	34.312	-72.215	63.484
158.96	32.674	21.509	84.048	48.268	39.803	179.57	-4.1779	51.767	110.88	-21.21	76.803	32.368	-35.282	91.245	38.767	-71.203	63.348
158.98	32.683	21.52	87.851	48.968	37.922	183.49	-2.1816	49.666	115.39	-19.695	75.767	36.738	-33.676	90.772	42.992	-70.143	63.207
158.95	32.671	21.503	91.697	49.684	36.135	187.16	-0.085166	47.508	119.55	-18.297	74.572	40.91	-32.019	90.215	46.949	-69.1	62.933
158.94	32.67	21.482	95.39	50.412	34.303	190.4	2.297	44.75	123.61	-16.946	73.465	44.836	-30.385	89.627	50.714	-68.028	62.607
158.92	32.639	21.429	99.049	51.106	32.497	193.18	4.8361	41.562	127.37	-15.708	72.215	48.554	-28.845	88.981	54.256	-66.948	62.241
158.91	32.582	21.314	102.7	51.784	30.734	195.37	7.528	38.373	131.14	-14.435	71.202	52.294	-27.244	88.669	57.539	-65.881	61.774
158.93	32.532	21.221	106.24	52.408	28.975	196.98	10.287	34.448	134.71	-13.253	70.222	55.417	-26.165	87.615	60.65	-64.816	61.272
158.94	32.541	21.233	109.8	53.059	27.306	198.21	13.184	30.327	138.05	-12.077	69.084	58.584	-25.063	86.9	63.522	-63.784	60.698
158.94	32.54	21.23	113.28	53.686	25.627	198.61	16.249	26.274	141.25	-10.939	67.97	61.7	-23.852	86.54	66.234	-62.75	60.1
158.93	32.539	21.225	116.41	54.199	23.927	198.71	19.232	21.974	144.25	-9.815	66.89	64.44	-22.924	85.822	68.659	-61.722	59.522
158.93	32.545	21.231	119.55	54.735	22.16	198.27	22.162	17.74	147.06	-8.6628	65.722	66.833	-22.117	84.853	71.037	-60.659	58.995
158.93	32.539	21.23	122.37	55.213	20.317	197.18	25.496	13.616	149.66	-7.4589	64.488	69.168	-21.175	84.136	73.155	-59.642	58.475
158.92	32.54	21.228	125.15	55.511	18.314	195.58	28.706	9.7729	152.18	-6.1405	63.417	71.338	-20.104	83.525	75.093	-58.59	57.969
158.97	32.618	21.226	127.72	55.812	16.195	193.39	31.923	6.1488	154.47	-4.742	62.286	73.465	-18.837	83.192	76.905	-57.558	57.461
159.19	33.214	21.259	130.13	55.919	14.044	190.78	35.056	2.8314	156.49	-3.2537	61.089	75.076	-17.789	82.372	78.606	-56.511	57.028
159.3	34.167	21.356	132.3	55.892	11.745	187.92	38.074	-0.24685	158.34	-1.7083	59.904	76.688	-16.522	81.763	80.143	-55.431	56.549
159.63	35.546	21.51	134.44	55.909	9.6412	184.43	40.94	-2.8259	160.14	-0.061489	58.94	78.139	-15.236	81.217	81.538	-54.338	56.072
159.95	37.332	21.678	136.48	55.886	7.5187	180.6	43.323	-5.5427	161.62	1.5898	57.868	79.459	-13.922	80.644	82.847	-53.207	55.616
160.23	39.344	21.684	138.6	56.07	5.6189	176.81	45.881	-7.0192	162.95	3.3199	57.08	80.799	-12.472	80.371	84.031	-52.056	55.145
159.61	41.517	21.708	140.41	56.67	4.3389	174.14	48.064	-8.2277	164.11	5.0829	56.39	81.699	-11.364	79.463	85.116	-50.832	54.695
158.4	43.594	21.709	141.46	57.866	3.3742	172	49.93	-8.7951	164.99	6.7592	55.775	82.626	-10.08	78.905	86.044	-49.56	54.195
159.02	45.49	21.578	141.61	59.324	2.6369	171.52	51.406	-9.2786	165.74	8.4435	55.447	83.409	-8.8118	78.448	86.896	-48.244	53.829
160.56	47.445	21.625	142.57	60.765	2.515	171.74	52.93	-9.1781	166.27	10.125	55.483	84.063	-7.478	78.19	87.596	-46.858	53.441
162.42	48.889	21.512	143.79	62.246	2.8911	172.35	54.477	-9.1323	166.65	11.815	55.695	84.482	-6.1107	77.999	88.282	-45.38	53.236
164.05	50.057	21.611	144.97	63.889	3.4139	173.01	56.049	-8.8451	167.02	13.484	56.092	84.708	-4.678	77.885	88.83	-43.817	53.145
164.79	51.643	22.264	145.76	65.702	4.0634	173.53	57.806	-7.8259	167.36	15.236	56.596	84.816	-3.0843	77.912	89.299	-42.152	53.163
165.16	53.588	23.033	146.4	67.641	4.7971	174.02	59.819	-7.0079	167.59	17.153	57.311	84.829	-1.3508	78.074	89.684	-40.371	53.344
165.5	55.68	23.95	146.83	69.688	5.6389	174.71	61.927	-6.6707	167.7	19.208	58.276	84.797	0.55198	78.354	90.026	-38.51	53.612
165.75	57.97	25.04	147.15	71.982	6.6811	174.99	64.477	-5.3527	167.74	21.4	59.301	84.714	2.5268	78.585	90.361	-36.621	53.937
165.9	60.372	26.27	147.37	74.455	7.8626	175.4	66.926	-4.3337	167.73	23.752	60.456	84.689	4.6507	79.021	90.686	-34.626	54.23
165.93	62.976	27.548	147.4	77.013	9.1522	175.6	69.698	-2.9841	167.63	26.207	61.568	84.58	6.8062	79.441	91.004	-32.505	54.587
165.92	65.78	28.908	147.39	79.827	10.503	175.66	72.804	-1.2732	167.52	28.766	62.775	84.475	8.9559	79.865	91.266	-30.287	54.983
165.71	68.683	30.3	147.2	82.695	11.962	175.87	75.868	-0.032506	167.39	31.537	64.088	84.325	11.198	80.446	91.535	-27.926	55.403
165.49	71.772	31.783	146.91	85.782	13.596	175.81	79.212	1.448	167.09	34.404	65.327	84.131	13.463	81.019	91.712	-25.423	55.897
165.16	75.023	33.194	146.58	88.998	15.221	175.79	82.806	2.9883	166.85	37.509	66.733	83.915	15.78	81.552	91.934	-22.754	56.432
164.74	78.452	34.679	146.11	92.393	16.822	175.67	86.598	4.8254	166.48	40.748	68.021	83.682	18.234	82.091	92.073	-19.968	56.991
164.25	82.053	36.188	145.59	95.921	18.601	175.56	90.267	6.1849	166.04	44.126	69.313	83.538	21.051	82.977	92.217	-17.04	57.501
163.66	85.799	37.652	144.98	99.59	20.185	175.28	94.401	7.9429	165.56	47.679	70.647	83.09	23.716	83.166	92.323	-14.004	58.001
163	89.682	39.117	144.22	103.27	21.603	175.19	98.407	9.4258	165.04	51.398	71.993	82.724	26.745	83.608	92.455	-10.846	58.467
162.33	93.671	40.538	143.5	107.09	23.028	174.87	102.74	11.027	164.47	55.197	73.263	82.478	30.146	84.445	92.574	-7.5824	58.881
161.55	97.733	41.851	142.75	111.02	24.482	174.53	106.97	12.458	163.83	59.047	74.464	81.892	33.342	84.461	92.705	-4.2249	59.277
160.75	101.89	43.091	141.9	115.01	25.73	174.05	111.34	13.748	163.17	62.983	75.563	81.429	36.769	84.713	92.825	-0.84436	59.576
159.95	106.09	44.142	140.98	118.97	26.667	173.64	115.6	14.988	162.62	66.989	76.583	80.974	40.283	84.976	92.974	2.5884	59.754
159.09	110.27	45.072	140.08	123	27.534	173.06	119.98	16.107	162.02	70.991	77.406	80.7	44.03	85.629	93.146	6.0695	59.898
158.3	114.47	45.835	139.19	127.01	28.308	172.52	124.28	16.888	161.49	74.983	78.085	80.193	47.344	85.352	93.335	9.5612	60.017
157.55	118.61	46.412	138.4	131.03	28.923	171.99	128.53	17.756	161.03	78.964	78.639	80.043	51	85.745	93.522	13.004	60.07
156.83	122.66	46.87	137.68	134.96	29.291	171.42	132.71	18.189	160.6	82.847	78.971	79.697	54.146	85.223	93.777	16.43	59.909
156.23	126.64	47.077	136.95	138.83	29.534	170.87	136.76	18.502	160.32	86.717	79.238	79.798	57.711	85.612	94.052	19.821	59.817
155.62	130.5	47.137	136.28	142.59	29.604	170.4	140.65	18.724	160.06	90.497	79.297	79.628	60.684	84.924	94.388	23.155	59.611
155.18	134.25	47.097	135.71	146.23	29.471	169.85	144.49	18.56	159.88	94.177	79.192	79.91	64.039	85.166	94.753	26.394	59.398
154.78	137.88	46.855	135.21	149.77	29.112	169.53	148.08	18.47	159.75	97.779	78.996	80.146	67.093	84.839	95.139	29.526	59.125
154.51	141.38	46.438	134.86	153.1	28.726	169.16	151.51	17.897	159.73	101.28	78.723	80.235	69.854	84.003	95.535	32.596	58.919
154.23	144.69	45.847	134.49	156.26	28.021	168.91	154.77	17.26	159.76	104.67	78.253	80.503	72.736	83.551	95.979	35.518	58.587
154.01	147.8	45.093	134.28	159.21	27.214	168.66	157.84	16.514	159.84	107.94	77.701	80.988	75.826	83.602	96.46	38.343	58.26
153.85	150.71	44.194	134.12	161.99	26.349	168.66	160.74	15.842	160	111.06	77.074	81.322	78.584	83.113	96.945	41.067	57.964
153.82	153.49	43.271	134	164.58	25.275	168.5	163.48	14.691	160.2	113.97	76.278	81.63	81.243	82.577	97.512	43.636	57.539
153.87	156.04	42.249	133.98	166.99	24.261	168.58	165.98	13.734	160.54	116.73	75.566	82.04	83.834	81.982	98.061	46.063	57.115
154.01	158.44	41.272	134.03	169.25	23.238	168.82	168.36	12.832	160.89	119.31	74.671	82.232	85.982	80.754	98.658	48.333	56.546
154.21	160.61	40.247	134.22	171.34	22.206	168.92	170.54	11.636	161.31	121.66	73.792	82.704	88.241	80.061	99.231	50.454	55.947
154.49	162.61	39.231	134.49	173.3	21.161	169.32	172.63	10.563	161.75	123.86	72.893	83.459	90.595	79.903	99.818	52.452	55.316
154.86	164.43	38.216	134.91	175.11	20.111	169.89	174.55	9.7009	162.24	125.83	71.992	83.845	92.224	78.524	100.44	54.275	54.556
155.3	166.04	37.22	135.36	176.73	18.968	170.34	176.1	8.6772	162.7	127.62	71.097	84.508	93.987	77.707	101.03	56.003	53.835
155.88	167.52	36.262	135.98	178.19	17.892	170.99	177.57	7.7335	163.19	129.25	70.265	85.182	95.548	76.858	101.64	57.582	53.053
156.49	168.85	35.281	136.69	179.51	16.764	171.76	178.86	6.8112	163.68	130.73	69.412	85.865	96.998	76.004	102.17	59.067	52.301
157.13	169.99	34.284	137.43	180.64	15.664	172.66	179.97	5.8787	164.16	132.09	68.645	86.483	98.352	75.084	102.69	60.438	51.624
157.79	171.03	33.278	138.18	181.63	14.463	173.48	180.88	5.0224	164.62	133.31	67.901	87.036	99.652	74.215	103.2	61.707	50.924
158.49	171.99	32.366	139	182.55	13.284	174.26	181.67	4.113	165.07	134.36	67.086	87.518	100.9	73.288	103.66	62.885	50.337
159.19	172.82	31.426	139.74	183.3	12.253	175.11	182.37	3.1152	165.54	135.35	66.326	87.92	102.13	72.48	104.08	63.94	49.757
159.82	173.53	30.466	140.46	183.99	11.214	175.88	182.94	2.2265	166.01	136.19	65.543	88.211	103.27	71.62	104.54	64.873	49.106
160.44	174.16	29.581	141.1	184.57	10.264	176.53	183.48	1.3082	166.49	136.92	64.811	88.496	104.32	70.83	104.95	65.681	48.476
161.04	174.73	28.789	141.68	185.13	9.386	177.14	183.97	0.58319	166.96	137.52	63.961	88.802	105.25	70.118	105.36	66.359	47.806
161.6	175.24	28.009	142.18	185.63	8.584	177.67	184.45	-0.24097	167.49	138.03	63.142	89.119	106.04	69.457	105.8	66.93	47.095
162.1	175.68	27.239	142.6	186.12	7.9203	178.15	184.92	-1.0425	168	138.46	62.338	89.109	106.11	67.618	106.19	67.415	46.418
162.55	176.07	26.456	142.99	186.58	7.2051	178.55	185.38	-1.7921	168.52	138.82	61.53	89.96	107.04	68.257	106.57	67.822	45.713
162.97	176.45	25.739	143.33	187.01	6.6414	178.93	185.78	-2.626	169.03	139.16	60.733	90.457	107.24	67.669	106.97	68.175	45.027
163.37	176.73	25.072	143.59	187.39	6.0643	179.2	186.18	-3.4004	169.46	139.47	59.939	91.09	107.35	67.183	107.31	68.485	44.407
163.69	177.02	24.405	143.77	187.71	5.4674	179.37	186.51	-4.42	169.86	139.77	59.093	91.716	107.32	66.648	107.64	68.731	43.839
163.93	177.34	23.695	143.92	188.08	4.9236	179.67	186.84	-5.0094	170.19	140.1	58.341	92.308	107.33	66.15	107.99	68.968	43.227
164.19	177.62	23.153	143.99	188.33	4.3119	179.83	187.21	-5.6665	170.5	140.46	57.634	92.888	107.32	65.652	108.3	69.199	42.697
164.55	177.78	23.056	144.08	188.7	3.915	179.99	187.54	-6.2471	170.75	140.83	57.015	93.328	107.36	65.185	108.62	69.393	42.198
164.66	177.9	22.92	144.12	189.1	3.7625	180.19	187.98	-6.7107	170.94	141.15	56.477	93.671	107.47	64.731	108.92	69.597	41.771
164.69	178.01	22.81	144.19	189.45	3.6399	180.3	188.5	-7.0192	171.13	141.42	56.043	93.934	107.65	64.375	109.18	69.803	41.433
164.73	178.22	22.773	144.11	189.74	3.4697	180.11	188.96	-7.3353	171.27	141.65	55.719	94.086	107.86	64.114	109.43	69.948	41.098
164.71	178.57	22.82	144.08	190.11	3.4115	180.23	189.38	-7.3682	171.4	141.95	55.504	94.187	108.13	63.92	109.66	70.061	40.753
164.68	178.9	22.767	143.99	190.36	3.1907	180.18	189.73	-7.5367	171.46	142.23	55.303	94.21	108.38	63.792	109.89	70.145	40.441
164.67	179.21	22.786	143.98	190.57	3.0164	180.22	190.02	-7.7622	171.52	142.58	55.192	94.21	108.65	63.672	110.03	70.308	40.294
164.66	179.43	22.781	143.97	190.78	2.752	180.2	190.27	-7.8911	171.56	142.94	55.171	94.24	108.9	63.602	110.1	70.495	40.333
164.68	179.64	22.804	144	190.96	2.6317	180.23	190.46	-8.1481	171.53	143.34	55.13	94.283	109.1	63.584	110.18	70.758	40.494
164.75	179.9	22.833	144.01	191.13	2.4909	180.28	190.64	-8.122	171.53	143.72	55.216	94.32	109.31	63.572	110.27	71.028	40.682
164.78	180.16	22.807	144.06	191.35	2.3643	180.25	190.82	-8.1577	171.51	144.06	55.281	94.336	109.53	63.542	110.35	71.269	40.846
164.83	180.42	22.812	144.12	191.56	2.4054	180.23	191.06	-8.1973	171.49	144.37	55.424	94.338	109.77	63.561	110.41	71.532	41.05
164.85	180.64	22.859	144.17	191.76	2.3953	180.35	191.27	-7.9633	171.48	144.64	55.558	94.356	110	63.621	110.52	71.752	41.171
164.85	180.9	22.877	144.15	191.92	2.4001	180.38	191.46	-7.9041	171.48	144.95	55.661	94.367	110.28	63.762	110.61	71.928	41.232
164.82	181.18	22.887	144.17	192.17	2.3729	180.48	191.69	-7.8523	171.49	145.29	55.805	94.332	110.56	63.869	110.68	72.099	41.303
164.76	181.42	22.936	144.14	192.37	2.4139	180.41	191.88	-7.8471	171.46	145.59	55.887	94.333	110.76	63.959	110.71	72.295	41.535
164.69	181.71	22.999	144.03	192.56	2.371	180.28	192.08	-7.8438	171.44	145.92	56.036	94.315	111	64.051	110.73	72.568	41.73
164.58	182	22.992	143.92	192.77	2.3865	180.18	192.31	-7.8191	171.43	146.26	56.147	94.298	111.26	64.183	110.77	72.8	41.858
164.46	182.26	22.986	143.79	193	2.3876	180.09	192.56	-7.8511	171.36	146.57	56.222	94.288	111.46	64.324	110.78	73.002	42.059
164.37	182.56	22.996	143.66	193.29	2.4226	179.94	192.77	-7.8615	171.33	146.87	56.283	94.288	111.66	64.424	110.76	73.236	42.26
164.31	182.84	22.993	143.5	193.52	2.4284	179.76	192.99	-7.964	171.29	147.19	56.275	94.239	111.86	64.463	110.76	73.474	42.316
164.23	183.11	22.948	143.38	193.76	2.4538	179.55	193.21	-8.1134	171.26	147.49	56.31	94.207	112.05	64.514	110.76	73.667	42.349
164.15	183.35	22.926	143.21	194.05	2.3991	179.59	193.5	-8.0637	171.21	147.78	56.28	94.171	112.25	64.579	110.73	73.87	42.474
164.05	183.63	22.943	143.1	194.32	2.4577	179.49	193.75	-8.0541	171.17	148.05	56.304	94.138	112.5	64.572	110.71	74.102	42.478
163.95	183.89	22.919	143	194.6	2.4399	179.38	193.99	-8.0561	171.13	148.27	56.274	94.094	112.75	64.591	110.7	74.335	42.495
163.9	184.11	22.909	142.85	194.81	2.4568	179.34	194.29	-8.0871	171.11	148.49	56.248	94.074	112.98	64.588	110.7	74.546	42.468
163.89	184.37	22.904	142.8	195.07	2.5035	179.36	194.54	-7.9678	171.12	148.75	56.249	94.063	113.25	64.601	110.68	74.752	42.484
163.86	184.58	22.93	142.68	195.3	2.489	179.19	194.69	-8.3194	171.1	148.97	56.261	94.04	113.51	64.586	110.65	74.986	42.493
163.83	184.73	22.901	142.63	195.48	2.4804	179.17	194.8	-8.3469	171.07	149.16	56.241	94.231	113.98	65.156	110.62	75.196	42.483
163.79	184.83	22.892	142.59	195.59	2.4391	179.21	194.86	-8.3776	171.05	149.32	56.283	93.998	114.02	64.623	110.55	75.373	42.615
163.78	184.86	22.887	142.56	195.6	2.277	179.28	194.78	-8.4134	171.02	149.45	56.375	93.927	114.3	64.726	110.43	75.604	42.79
163.81	184.75	22.874	142.59	195.55	2.1119	179.48	194.67	-8.4871	170.99	149.54	56.473	93.824	114.58	64.873	110.31	75.799	43.054
163.81	184.49	22.873	142.61	195.42	1.9063	179.76	194.37	-8.4392	170.93	149.6	56.592	93.637	114.86	65.015	110.08	75.962	43.47
163.75	184.07	22.825	142.58	195.21	1.6948	180.06	193.99	-8.6262	170.79	149.65	56.717	93.406	115.12	65.209	109.83	76.106	43.908
163.73	183.64	22.797	142.43	194.87	1.5356	180.33	193.44	-8.8778	170.63	149.67	56.908	93.092	115.4	65.47	109.56	76.211	44.37
163.7	183.21	22.785	142.25	194.58	1.387	180.76	192.89	-8.8388	170.47	149.62	57.046	92.9	115.89	66.28	109.31	76.264	44.884
163.69	182.93	22.8	142	194.24	1.4023	181.26	192.34	-8.8275	170.3	149.49	57.266	92.214	115.85	65.992	109	76.23	45.376
163.84	182.7	22.695	141.58	193.93	1.6103	182.26	191.86	-8.4065	169.92	149.11	57.472	91.745	115.96	66.341	108.62	76.1	45.917
163.83	182.48	22.667	140.94	193.66	1.9967	183.65	191.51	-7.6722	169.72	148.7	57.771	91.25	115.94	66.633	108.26	75.883	46.405
163.84	182.3	22.692	140.08	193.51	2.7337	185.64	191.23	-6.398	169.45	148.1	58.145	90.704	115.82	67.077	107.87	75.548	46.861
163.85	182.17	22.736	138.88	193.42	3.5948	188.21	190.93	-4.5988	169.13	147.29	58.592	90.298	115.49	67.593	107.45	75.076	47.316
163.83	182.1	22.774	137.46	193.41	4.5258	191.24	190.57	-2.3463	168.73	146.35	59.047	89.473	114.47	67.069	107.03	74.49	47.759
163.81	182.09	22.79	135.9	193.31	5.8706	194.95	190.16	1.0603	168.26	145.24	59.596	89.444	114.17	68.848	106.6	73.763	48.135
163.81	182.15	22.779	134.16	193.17	7.3242	198.64	189.26	4.3999	167.72	144.07	60.215	89.108	113.22	69.628	106.11	72.957	48.682
163.79	182.25	22.752	132.31	192.84	8.7028	202.32	187.99	8.0405	167.12	142.76	60.876	88.721	112.11	70.459	105.55	72.053	49.361
163.79	182.38	22.699	130.49	192.32	10.143	205.89	186.2	11.648	166.49	141.37	61.546	88.351	110.92	71.448	104.98	71.058	50.085
163.8	182.47	22.685	128.64	191.56	11.575	209.18	184.05	15.513	165.74	139.86	62.244	87.937	109.67	72.493	104.33	69.958	51.033
163.8	182.48	22.628	126.87	190.48	13.093	211.88	181.58	19.394	164.94	138.22	63.017	87.424	108.35	73.662	103.64	68.749	52.061
163.8	182.45	22.595	125.19	189.32	14.649	214.12	178.82	23.117	164.17	136.54	63.963	86.773	106.96	74.798	102.91	67.419	53.275
163.79	182.39	22.595	123.55	187.89	16.272	215.8	175.84	26.714	163.3	134.71	64.969	85.988	105.52	75.954	102.14	65.954	54.453
163.79	182.29	22.596	122.01	186.28	17.986	216.89	172.85	30.03	162.36	132.73	66.226	85.064	103.97	77.259	101.28	64.326	55.647
163.8	182.21	22.606	120.61	184.52	19.751	217.51	169.77	33.189	161.35	130.6	67.652	84.044	102.26	78.643	100.3	62.542	56.869
163.81	182.16	22.613	119.34	182.67	21.745	217.85	166.55	36.438	160.27	128.35	69.298	83.104	100.64	80.495	99.229	60.616	58.116
163.8	182.16	22.595	118.14	180.62	23.779	217.75	163.34	39.472	159.05	125.94	71.136	81.835	98.553	81.902	98.014	58.575	59.449
163.8	182.21	22.606	117.02	178.53	26.005	217.34	160.07	42.639	157.7	123.39	73.172	80.446	96.283	83.323	96.618	56.414	60.804
163.78	182.27	22.594	115.81	176.35	28.298	216.71	156.69	46.058	156.14	120.74	75.391	78.713	93.585	84.31	95.069	54.152	62.23
163.79	182.35	22.585	114.65	174.06	30.548	215.73	153.3	49.428	154.57	118.1	77.84	76.973	90.973	85.828	93.325	51.789	63.734
163.79	182.4	22.589	113.26	171.64	33.141	214.51	149.84	53.074	152.57	115.18	80.346	75.064	88.233	87.365	91.408	49.29	65.251
163.79	182.4	22.582	111.68	169.16	35.829	212.9	146.42	56.639	150.22	112.06	82.891	72.911	85.439	89.121	89.267	46.747	66.841
163.79	182.36	22.601	110.13	166.55	38.517	211.07	142.95	60.414	147.9	109.09	85.676	70.385	82.568	90.819	86.911	44.088	68.57
163.79	182.3	22.598	108.3	163.9	41.304	208.79	139.52	64.137	145.2	105.95	88.525	67.616	79.625	92.557	84.318	41.378	70.267
164.02	182.46	23.145	106.32	161.13	44.235	206.22	136.17	67.849	142.32	102.91	91.82	64.729	76.874	94.78	81.486	38.602	72.037
163.98	182.52	23.382	104.02	158.23	47.271	203.31	132.8	71.636	139.01	99.601	94.864	61.145	73.654	96.083	78.408	35.738	73.8
164	182.49	23.334	101.61	155.31	50.269	199.96	129.44	75.034	135.51	96.184	97.811	57.492	70.618	97.922	75.077	32.766	75.536
163.79	182.22	22.608	98.99	152.27	53.341	196.38	126.09	78.525	131.74	92.766	100.79	53.627	67.509	99.749	71.523	29.763	77.282
164	182.5	23.299	96.132	149.2	56.36	192.32	122.8	81.874	127.69	89.269	103.69	49.476	64.312	101.52	67.684	26.718	78.962
164.04	182.52	23.269	93.02	146.1	59.379	187.81	119.63	84.891	123.34	85.754	106.69	45.286	61.216	103.7	63.573	23.631	80.61
163.94	182.54	23.189	89.652	142.93	62.493	182.81	116.54	87.671	118.67	82.157	109.52	40.503	57.553	104.91	59.226	20.5	82.214
163.91	182.59	23.202	86.042	139.83	65.459	177.51	113.62	90.359	113.61	78.295	111.85	35.82	54.286	106.97	54.596	17.353	83.697
163.93	182.61	23.208	82.174	136.59	68.494	171.59	110.81	92.642	108.32	74.692	114.63	30.508	50.504	108.1	49.676	14.217	85.087
163.92	182.6	23.206	78.092	133.47	71.503	165.2	108.21	94.701	102.75	71.071	117.3	25.078	46.896	109.54	44.458	11.073	86.362
163.93	182.56	23.193	73.818	130.29	74.479	158.41	105.73	96.798	97.113	67.602	119.98	19.525	43.476	111.27	38.984	7.9342	87.566
163.93	182.54	23.208	69.294	127.18	77.284	151.15	103.35	98.521	90.957	63.982	122.36	13.322	39.684	112.01	33.249	4.8039	88.609
163.94	182.52	23.205	64.646	124.08	80.029	143.52	101.13	100.24	84.552	60.445	124.66	7.165	36.346	113.49	27.317	1.6832	89.521
163.93	182.51	23.206	59.901	120.98	82.662	135.45	98.986	101.58	77.823	56.964	126.69	0.49022	32.709	113.96	21.064	-1.4159	90.243
163.93	182.52	23.205	54.937	117.82	84.923	127.01	96.978	102.92	70.868	53.641	128.47	-6.316	29.328	114.61	14.611	-4.4591	90.782
163.93	182.54	23.211	49.903	114.67	87.248	118.17	95.087	103.83	63.597	50.443	130.09	-13.339	26.056	114.99	7.9829	-7.4018	91.216
163.93	182.56	23.194	44.661	111.49	89.121	108.69	93.334	104.41	56.095	47.375	131.57	-20.529	22.888	115.22	1.1635	-10.253	91.429
163.93	182.58	23.203	39.325	108.3	90.892	98.793	91.754	104.81	48.432	44.425	132.89	-27.854	19.925	115.26	-5.8415	-13.033	91.464
163.93	182.59	23.191	33.705	105.12	92.294	88.715	90.208	104.95	40.509	41.575	134.11	-35.26	17.226	115.34	-12.999	-15.709	91.385
163.92	182.6	23.2	28.078	102.01	93.681	78.161	88.436	104.42	32.448	38.874	134.94	-42.92	14.496	114.87	-20.25	-18.281	91.099
163.92	182.58	23.203	22.167	98.946	94.701	67.454	86.864	103.72	24.222	36.353	135.23	-50.676	11.904	114.22	-27.658	-20.772	90.566
163.92	182.57	23.205	16.132	95.879	95.408	56.493	85.14	102.87	15.923	33.848	135.79	-58.592	9.44	113.31	-35.162	-23.168	89.861
163.91	182.56	23.213	9.9372	92.93	95.794	45.874	83.366	101.54	7.5315	31.55	135.8	-66.541	7.1391	112.2	-42.756	-25.468	88.981
163.92	182.55	23.209	3.5714	90.155	96.055	34.907	81.286	99.444	-0.88133	29.517	135.23	-74.586	4.9675	110.89	-50.425	-27.679	87.897
163.92	182.56	23.21	-3.0169	87.365	95.766	24.445	79.37	97.434	-9.2279	27.498	134.97	-82.666	3.0032	109.37	-58.153	-29.729	86.714
163.92	182.56	23.212	-9.7174	84.671	95.054	14.159	77.521	95.062	-17.634	25.759	134.01	-90.763	1.1843	107.65	-65.898	-31.668	85.417
163.92	182.56	23.209	-16.603	82.178	93.962	4.2904	75.731	92.518	-25.915	24.271	132.47	-98.887	-0.44648	105.77	-73.696	-33.518	84.005
163.92	182.57	23.206	-24.124	80.422	92.054	-4.2241	73.785	89.876	-34.193	22.891	130.89	-106.93	-1.88	103.73	-81.468	-35.28	82.482
163.93	182.57	23.212	-31.855	78.932	89.431	-11.995	71.979	87.577	-42.455	21.675	129.35	-114.96	-3.1624	101.6	-89.227	-37.02	80.915
163.92	182.58	23.2	-39.499	77.466	86.469	-19.901	70.201	84.824	-50.704	20.713	126.75	-122.91	-4.2717	99.431	-96.892	-38.704	79.27
163.92	182.59	23.199	-47.135	76.057	83.275	-27.591	68.571	81.88	-58.704	19.923	124.8	-130.82	-5.2886	97.034	-104.52	-40.389	77.588
163.93	182.59	23.212	-54.658	74.712	79.915	-35.293	67.137	78.452	-66.606	19.439	122.22	-138.64	-6.2102	94.634	-112.08	-42.029	75.906
163.93	182.59	23.201	-62.039	73.385	75.956	-42.847	65.822	74.599	-74.286	19.12	119.41	-146.27	-7.0892	92.16	-119.54	-43.606	74.283
163.94	182.59	23.212	-69.273	72.113	71.647	-50.054	64.585	70.661	-81.694	18.955	116.56	-153.78	-7.9142	89.64	-126.9	-45.16	72.653
163.94	182.58	23.192	-76.159	70.821	67.155	-57.148	63.139	66.175	-88.832	18.8	113.53	-161.04	-8.74	87.099	-134.13	-46.68	71.022
163.94	182.58	23.202	-82.775	69.397	62.215	-63.661	61.714	61.883	-95.768	18.641	110.42	-168.03	-9.5937	84.474	-141.23	-48.157	69.365
163.95	182.58	23.204	-89.014	67.885	57.621	-69.995	60.19	57.271	-102.46	18.514	107.29	-174.79	-10.519	81.747	-148.09	-49.547	67.681
163.94	182.58	23.189	-94.846	66.277	52.759	-75.877	58.581	52.835	-108.85	18.382	103.77	-181.03	-11.432	79.091	-154.74	-50.827	65.942
163.95	182.59	23.198	-100.2	64.569	47.95	-81.28	56.8	48.639	-114.93	18.249	100.98	-186.39	-12.428	76.658	-161.12	-51.961	64.111
163.95	182.59	23.203	-105.26	62.85	43.296	-86.465	55.014	44.425	-120.7	18.006	97.749	-191.31	-13.121	74.161	-167.25	-52.962	62.174
163.94	182.59	23.2	-109.86	61.209	38.995	-91.238	53.249	40.419	-125.86	17.773	94.642	-198.1	-13.306	70.332	-172.95	-53.795	60.187
163.94	182.59	23.186	-114.18	59.529	34.855	-95.63	51.545	36.733	-130.93	17.313	91.654	-203.23	-13.642	67.303	-178.31	-54.584	58.085
163.93	182.58	23.189	-118.2	57.925	30.699	-99.858	49.899	32.886	-135.5	16.699	88.537	-207.98	-13.784	64.344	-183.27	-55.339	55.827
163.94	182.59	23.205	-122.06	56.34	26.887	-103.76	48.304	29.352	-139.68	16	85.251	-212.41	-13.804	61.396	-187.72	-56.098	53.516
163.93	182.58	23.2	-125.72	54.828	22.995	-107.21	46.956	25.941	-143.5	15.261	82.182	-216.53	-13.893	58.514	-191.77	-56.833	51.179
163.93	182.58	23.2	-129.04	53.458	20.021	-110.68	45.354	22.811	-145.49	15.127	81.142	-217.69	-15.045	56.391	-193.5	-57.116	50.473
163.93	182.59	23.2	-132.19	52.139	15.85	-113.85	44.176	18.878	-149.99	13.679	76.234	-224.37	-15.037	52.15	-198.39	-58.694	47.113
163.93	182.58	23.197	-135.07	50.819	12.415	-116.56	42.967	15.368	-152.64	12.911	73.156	-227.41	-15.621	50.013	-201.46	-59.222	44.887
163.92	182.58	23.202	-137.81	49.432	8.6653	-119.34	41.676	11.779	-155.02	12.262	70.351	-230.69	-16.839	47.303	-204.42	-59.699	42.794
163.92	182.58	23.198	-140.22	48.112	5.3054	-121.71	40.392	8.2565	-157.01	11.652	67.471	-233.12	-17.703	45.63	-207.51	-60.323	40.781
163.92	182.59	23.2	-142.45	46.781	1.5108	-123.77	39.1	4.4089	-158.75	11.076	64.664	-235.24	-18.545	44.08	-210.03	-60.989	39.151
163.92	182.58	23.21	-144.53	45.415	-2.065	-125.7	37.861	0.89021	-160.16	10.587	61.945	-237.07	-19.287	42.515	-212.33	-61.618	37.68
163.92	182.58	23.196	-146.5	44.004	-5.3849	-127.37	36.678	-2.5289	-161.39	10.079	59.274	-238.64	-19.903	40.996	-214.41	-62.235	36.272
163.93	182.59	23.196	-148.12	42.689	-8.65	-128.76	35.613	-5.8434	-162.47	9.5617	56.848	-239.99	-20.414	39.551	-216.26	-62.832	34.902
163.93	182.58	23.196	-149.59	41.326	-11.591	-129.88	34.556	-8.87	-163.41	8.9663	54.563	-241.24	-20.808	38.02	-217.82	-63.455	33.559
163.93	182.58	23.202	-150.85	40.087	-14.073	-131.01	33.387	-11.739	-164.19	8.34	52.53	-242.32	-21.131	36.56	-219.17	-64.066	32.144
163.93	182.58	23.195	-151.91	39.066	-16.175	-131.91	32.401	-14.033	-164.86	7.6782	50.705	-243.27	-21.456	35.157	-220.32	-64.699	30.719
163.94	182.59	23.194	-152.4	38.501	-16.449	-132.41	31.469	-15.852	-165.42	6.9049	49.128	-244.1	-21.827	33.877	-221.29	-65.251	29.288
163.94	182.59	23.201	-152.79	38.129	-16.313	-132.54	31.076	-16.474	-165.9	6.0444	47.952	-244.76	-22.241	32.705	-222.13	-65.764	27.871
163.94	182.59	23.2	-152.98	37.591	-16.305	-132.65	30.306	-16.318	-166.44	4.9288	47.232	-245.39	-22.818	31.614	-222.9	-66.243	26.408
163.94	182.58	23.206	-153.18	36.871	-16.339	-133.06	29.369	-16.195	-167.08	3.518	46.978	-245.94	-23.396	30.593	-223.53	-66.762	24.982
163.94	182.58	23.204	-153.33	36.41	-16.256	-133.42	28.699	-16.256	-167.75	2.1432	46.934	-246.37	-23.95	29.785	-224.05	-67.312	23.572
163.95	182.58	23.203	-153.52	36.113	-16.114	-133.7	28.273	-16.039	-168.38	1.1565	46.822	-246.81	-24.481	29.095	-224.47	-67.829	22.256
163.94	182.58	23.188	-153.61	35.94	-16.011	-133.95	27.994	-15.837	-168.85	0.53756	46.613	-247.19	-24.993	28.416	-224.85	-68.207	21.166
163.94	182.58	23.196	-153.84	35.689	-16.069	-134.24	27.77	-15.899	-169.25	0.050248	46.29	-247.47	-25.499	27.794	-225.24	-68.423	20.311
163.94	182.58	23.197	-154.01	35.612	-16.111	-134.29	27.754	-15.779	-169.68	-0.31544	45.966	-247.7	-25.866	27.152	-225.6	-68.548	19.603
163.94	182.58	23.197	-154.25	35.587	-16.285	-134.56	27.706	-15.933	-170.11	-0.63742	45.575	-247.87	-26.136	26.437	-225.94	-68.653	18.936
163.93	182.58	23.199	-154.4	35.594	-16.388	-134.69	27.773	-15.969	-170.47	-0.77342	45.214	-248.08	-26.291	25.697	-226.24	-68.748	18.193
163.93	182.58	23.192	-154.47	35.617	-16.437	-134.81	27.919	-15.989	-170.79	-0.8519	44.756	-248.18	-26.362	24.942	-226.39	-68.822	17.427
163.93	182.58	23.193	-154.47	35.658	-16.473	-134.97	28.005	-16.052	-171.13	-0.91162	44.324	-248.21	-26.254	24.209	-226.43	-68.802	16.596
163.93	182.58	23.199	-154.47	35.697	-16.458	-135.05	28.087	-16.053	-171.47	-1.0095	43.936	-248.36	-26.125	23.415	-226.41	-68.746	15.741
163.93	182.59	23.195	-154.44	35.73	-16.457	-135.13	28.144	-16.08	-171.78	-1.1134	43.576	-248.35	-25.935	22.703	-226.39	-68.659	14.903
163.92	182.58	23.196	-154.41	35.79	-16.449	-135.22	28.184	-16.104	-172.07	-1.1632	43.257	-248.44	-25.823	21.985	-226.36	-68.569	14.196
163.92	182.58	23.195	-154.36	35.854	-16.411	-135.24	28.224	-16.112	-172.29	-1.1708	42.914	-248.51	-25.573	21.34	-226.38	-68.546	13.548
163.93	182.58	23.187	-154.37	35.873	-16.434	-135.18	28.29	-16.043	-172.49	-1.1576	42.615	-248.66	-25.387	20.823	-226.39	-68.52	13.08
163.93	182.59	23.19	-154.36	35.893	-16.397	-135.18	28.338	-16.054	-172.61	-1.0566	42.441	-248.77	-25.225	20.583	-226.45	-68.548	12.775
163.93	182.59	23.191	-154.4	35.899	-16.411	-135.2	28.361	-16.079	-172.66	-0.94417	42.357	-248.9	-25.124	20.51	-226.51	-68.518	12.716
163.93	182.59	23.197	-154.41	35.92	-16.382	-135.2	28.352	-16.095	-172.61	-0.88243	42.355	-249	-25.157	20.564	-226.64	-68.418	12.819
163.93	182.59	23.198	-154.44	35.914	-16.503	-135.22	28.343	-16.076	-172.51	-0.91914	42.4	-249.06	-25.317	20.653	-226.78	-68.328	13.01
163.93	182.59	23.196	-154.46	35.933	-16.505	-135.22	28.351	-16.073	-172.44	-1.0198	42.446	-249.06	-25.58	20.73	-226.95	-68.287	13.122
163.93	182.59	23.189	-154.46	35.942	-16.502	-135.22	28.349	-16.1	-172.39	-1.1207	42.463	-249	-25.808	20.786	-227.05	-68.31	13.136
163.94	182.59	23.193	-154.45	35.957	-16.504	-135.21	28.369	-16.077	-172.34	-1.1694	42.416	-248.85	-26.066	20.777	-227.04	-68.348	13.04
163.95	182.59	23.189	-154.43	35.977	-16.488	-135.19	28.411	-16.127	-172.28	-1.1814	42.316	-248.73	-26.204	20.709	-226.97	-68.395	12.83
163.95	182.6	23.193	-154.45	35.972	-16.511	-135.2	28.436	-16.138	-172.23	-1.1683	42.173	-248.66	-26.207	20.624	-226.87	-68.4	12.615
163.95	182.59	23.191	-154.45	35.981	-16.509	-135.2	28.475	-16.18	-172.18	-1.1239	42.017	-248.59	-26.146	20.531	-226.78	-68.372	12.415
163.95	182.59	23.189	-154.45	35.981	-16.489	-135.19	28.49	-16.188	-172.15	-1.1037	41.883	-248.56	-26.025	20.425	-226.74	-68.343	12.284
163.95	182.59	23.19	-154.46	35.963	-16.493	-135.2	28.494	-16.203	-172.15	-1.0844	41.739	-248.59	-25.93	20.358	-226.79	-68.334	12.228
163.95	182.59	23.184	-154.5	35.964	-16.504	-135.24	28.499	-16.231	-172.16	-1.0503	41.638	-248.71	-25.846	20.261	-226.89	-68.331	12.191
163.95	182.59	23.184	-154.53	35.953	-16.483	-135.28	28.506	-16.241	-172.2	-1.0137	41.538	-248.86	-25.827	20.188	-226.99	-68.34	12.184
163.95	182.59	23.187	-154.57	35.948	-16.463	-135.32	28.504	-16.259	-172.25	-0.9508	41.444	-249.06	-25.842	20.122	-226.7	-68.417	12.418
163.94	182.57	23.19	-154.66	35.962	-16.309	-135.38	28.541	-16.281	-172.33	-0.87852	41.326	-249.25	-25.855	20.061	-226.68	-68.501	12.482
163.93	182.58	23.195	-154.73	36.004	-16.292	-135.45	28.558	-16.348	-172.39	-0.81025	41.217	-249.36	-25.949	20.025	-226.73	-68.636	12.526
163.94	182.57	23.183	-154.82	36.064	-16.319	-135.59	28.57	-16.546	-172.45	-0.73525	41.137	-249.42	-26.004	19.985	-226.89	-68.752	12.491
163.93	182.58	23.192	-154.87	36.143	-16.17	-135.79	28.672	-16.756	-172.52	-0.67075	41.057	-249.46	-26.035	19.935	-227.27	-68.515	12.115
163.93	182.58	23.191	-154.99	36.229	-16.33	-136.03	28.681	-16.819	-172.58	-0.61372	41.005	-249.42	-26.091	19.919	-227.43	-68.533	12.001
163.92	182.58	23.192	-155.04	36.274	-16.309	-136.08	28.764	-16.706	-172.62	-0.56175	40.982	-249.39	-26.128	19.88	-227.52	-68.568	11.95
163.92	182.58	23.2	-155.08	36.319	-16.24	-135.98	28.879	-16.597	-172.66	-0.49645	40.921	-249.39	-26.159	19.835	-227.67	-68.578	11.872
163.92	182.58	23.191	-155.09	36.342	-16.265	-136	28.915	-16.595	-172.69	-0.43344	40.896	-249.39	-26.179	19.788	-227.72	-68.566	11.823
163.91	182.58	23.194	-155.1	36.352	-16.249	-136	28.94	-16.614	-172.71	-0.37938	40.848	-249.44	-26.176	19.738	-227.88	-68.513	11.71
163.91	182.58	23.197	-155.09	36.359	-16.259	-136.01	28.971	-16.746	-172.72	-0.31146	40.822	-249.52	-26.125	19.681	-227.99	-68.486	11.633
163.91	182.58	23.189	-155.09	36.381	-16.272	-135.99	29.007	-16.752	-172.71	-0.28307	40.787	-249.57	-26.146	19.666	-228.02	-68.44	11.578
163.92	182.59	23.196	-155.07	36.387	-16.297	-135.98	29.03	-16.751	-172.67	-0.26771	40.778	-249.63	-26.099	19.628	-227.93	-68.402	11.584
163.93	182.59	23.189	-155.05	36.422	-16.325	-135.97	29.05	-16.755	-172.62	-0.26357	40.765	-249.65	-26.102	19.617	-227.96	-68.407	11.532
163.93	182.59	23.196	-155.05	36.461	-16.331	-136.06	29.012	-16.866	-172.58	-0.26725	40.725	-249.66	-26.039	19.616	-228.03	-68.399	11.438
163.93	182.59	23.184	-155.06	36.473	-16.525	-136.02	29.058	-16.851	-172.53	-0.26406	40.715	-249.62	-26.064	19.573	-228.03	-68.407	11.377
163.94	182.6	23.191	-155.03	36.511	-16.498	-136	29.098	-16.86	-172.47	-0.25126	40.681	-249.56	-26.078	19.562	-228.03	-68.418	11.328
163.94	182.6	23.183	-155.02	36.552	-16.493	-136.01	29.112	-16.907	-172.39	-0.23943	40.651	-249.49	-26.119	19.536	-228.02	-68.414	11.266
163.95	182.6	23.188	-154.98	36.588	-16.481	-136.04	29.14	-17.001	-172.26	-0.21735	40.642	-249.41	-26.179	19.529	-228.02	-68.415	11.197
163.95	182.6	23.191	-154.93	36.629	-16.465	-136	29.193	-17.009	-172.17	-0.20347	40.635	-249.32	-26.241	19.543	-228.01	-68.38	11.122
163.96	182.6	23.186	-154.86	36.69	-16.426	-135.94	29.264	-17	-172.05	-0.20562	40.625	-249.27	-26.308	19.543	-228.05	-68.396	11.058
163.96	182.6	23.188	-154.8	36.74	-16.381	-135.88	29.334	-17.018	-171.94	-0.20552	40.627	-249.19	-26.387	19.534	-228.04	-68.388	10.999
163.97	182.59	23.181	-154.72	36.821	-16.326	-135.67	29.359	-16.851	-171.82	-0.20719	40.624	-249.13	-26.386	19.539	-228.03	-68.371	10.959
163.97	182.59	23.171	-154.64	36.894	-16.275	-135.62	29.37	-16.997	-171.73	-0.21721	40.589	-249.1	-26.357	19.525	-228.02	-68.357	10.909
163.98	182.59	23.179	-154.55	36.971	-16.218	-135.55	29.412	-16.988	-171.66	-0.23832	40.557	-249.04	-26.299	19.518	-228.03	-68.334	10.858
163.98	182.59	23.18	-154.47	37.03	-16.172	-135.48	29.423	-17.086	-171.59	-0.25513	40.55	-249	-26.24	19.506	-228.03	-68.302	10.816
163.97	182.59	23.172	-154.37	37.105	-16.109	-135.4	29.435	-17.069	-171.5	-0.25769	40.553	-248.98	-26.144	19.484	-228	-68.25	10.794
163.96	182.59	23.182	-154.35	37.133	-16.104	-135.35	29.451	-17.059	-171.42	-0.26786	40.553	-248.96	-26.06	19.451	-228.01	-68.21	10.765
163.97	182.59	23.182	-154.33	37.154	-16.18	-135.38	29.472	-17.139	-171.35	-0.27825	40.559	-248.94	-25.99	19.443	-228.04	-68.176	10.727
163.96	182.59	23.175	-154.31	37.162	-16.192	-135.34	29.482	-17.126	-171.3	-0.29076	40.554	-248.94	-25.949	19.418	-228.08	-68.14	10.696
