165.62	29.706	21.62	-155.76	42.785	-15.011	-139.33	32.788	-18.825	-169.57	1.9964	37.733	-245.77	-19.582	24.293	-230.76	-62.281	7.9175
165.63	29.717	21.623	-155.76	42.801	-15	-139.43	32.742	-18.916	-169.57	2	37.745	-245.78	-19.571	24.281	-230.76	-62.277	7.9218
165.63	29.726	21.632	-155.75	42.803	-15.002	-139.34	32.793	-18.827	-169.58	2.0136	37.736	-245.78	-19.559	24.285	-230.75	-62.261	7.9337
165.62	29.725	21.622	-155.75	42.817	-14.995	-139.35	32.787	-18.843	-169.6	2.0253	37.73	-245.79	-19.54	24.283	-230.76	-62.255	7.927
165.62	29.73	21.617	-155.76	42.813	-15.018	-139.35	32.796	-18.834	-169.6	2.0358	37.725	-245.79	-19.521	24.276	-230.76	-62.255	7.927
165.61	29.729	21.613	-155.76	42.825	-15.024	-139.42	32.765	-18.888	-169.62	2.0468	37.717	-245.8	-19.513	24.266	-230.77	-62.241	7.936
165.61	29.734	21.607	-155.77	42.822	-15.035	-139.34	32.801	-18.836	-169.62	2.0547	37.71	-245.79	-19.503	24.275	-230.78	-62.237	7.9466
165.6	29.738	21.596	-155.82	42.809	-15.078	-139.36	32.802	-18.836	-169.65	2.0639	37.696	-245.8	-19.495	24.275	-230.78	-62.239	7.9467
165.59	29.743	21.592	-155.82	42.817	-15.075	-139.38	32.794	-18.871	-169.66	2.0649	37.684	-245.8	-19.491	24.262	-230.77	-62.239	7.9429
165.59	29.745	21.582	-155.83	42.819	-15.095	-139.38	32.794	-18.871	-169.67	2.0761	37.674	-245.8	-19.488	24.264	-230.77	-62.233	7.9509
165.58	29.745	21.578	-155.85	42.815	-15.105	-139.38	32.8	-18.868	-169.7	2.0803	37.661	-245.81	-19.494	24.261	-230.78	-62.237	7.9504
165.58	29.751	21.587	-155.85	42.815	-15.105	-139.45	32.77	-18.921	-169.7	2.0854	37.659	-245.81	-19.501	24.271	-230.79	-62.247	7.9496
165.58	29.749	21.569	-155.86	42.812	-15.116	-139.44	32.783	-18.915	-169.72	2.0746	37.636	-245.82	-19.496	24.264	-230.79	-62.248	7.9538
165.58	29.737	21.565	-155.87	42.801	-15.122	-139.4	32.783	-18.884	-169.71	2.0791	37.65	-245.83	-19.508	24.265	-230.8	-62.252	7.9491
165.58	29.736	21.572	-155.87	42.81	-15.114	-139.4	32.8	-18.872	-169.72	2.0694	37.638	-245.83	-19.521	24.274	-230.8	-62.252	7.9491
165.58	29.73	21.571	-155.86	42.805	-15.105	-139.47	32.759	-18.948	-169.73	2.0585	37.647	-245.83	-19.521	24.271	-230.8	-62.26	7.9535
165.58	29.732	21.58	-155.87	42.797	-15.108	-139.41	32.779	-18.868	-169.71	2.0538	37.658	-245.84	-19.527	24.281	-230.8	-62.271	7.9488
165.59	29.73	21.581	-155.85	42.8	-15.097	-139.42	32.759	-18.904	-169.7	2.052	37.667	-245.83	-19.533	24.273	-230.8	-62.275	7.9483
165.59	29.727	21.589	-155.85	42.787	-15.098	-139.39	32.781	-18.863	-169.71	2.0411	37.663	-245.84	-19.537	24.266	-230.79	-62.282	7.9464
165.6	29.715	21.598	-155.84	42.792	-15.068	-139.4	32.757	-18.878	-169.69	2.0329	37.669	-245.84	-19.547	24.267	-230.78	-62.289	7.9483
165.6	29.715	21.598	-155.79	42.796	-15.046	-139.36	32.786	-18.848	-169.66	2.027	37.689	-245.82	-19.557	24.278	-230.78	-62.287	7.9512
165.6	29.71	21.603	-155.8	42.796	-15.04	-139.37	32.782	-18.858	-169.65	2.0332	37.703	-245.81	-19.56	24.27	-230.77	-62.294	7.9531
165.61	29.713	21.61	-155.78	42.794	-15.027	-139.36	32.786	-18.848	-169.64	2.0246	37.714	-245.82	-19.565	24.269	-230.77	-62.294	7.9531
165.61	29.708	21.613	-155.78	42.794	-15.027	-139.37	32.769	-18.846	-169.63	2.0229	37.718	-245.8	-19.566	24.275	-230.77	-62.293	7.9359
165.62	29.703	21.622	-155.78	42.794	-15.027	-139.45	32.734	-18.924	-169.62	2.0285	37.73	-245.78	-19.566	24.27	-230.75	-62.293	7.9502
165.62	29.705	21.613	-155.78	42.785	-15.043	-139.36	32.774	-18.836	-169.61	2.0211	37.733	-245.79	-19.568	24.266	-230.73	-62.283	7.9449
165.62	29.703	21.624	-155.77	42.798	-15.01	-139.46	32.727	-18.927	-169.61	2.0376	37.742	-245.77	-19.564	24.266	-230.73	-62.287	7.9517
165.62	29.71	21.615	-155.76	42.796	-15.03	-139.35	32.789	-18.838	-169.61	2.0369	37.743	-245.77	-19.559	24.257	-230.72	-62.293	7.9565
165.62	29.71	21.612	-155.76	42.806	-15.008	-139.34	32.794	-18.813	-169.62	2.0461	37.735	-245.76	-19.553	24.261	-230.72	-62.293	7.9584
165.62	29.712	21.62	-155.77	42.805	-15.021	-139.33	32.814	-18.817	-169.61	2.0592	37.735	-245.75	-19.556	24.261	-230.72	-62.288	7.9478
165.62	29.721	21.618	-155.76	42.813	-15.018	-139.36	32.776	-18.857	-169.62	2.0627	37.718	-245.75	-19.552	24.264	-230.7	-62.283	7.9554
165.62	29.725	21.61	-155.76	42.813	-15.018	-139.35	32.796	-18.834	-169.64	2.0655	37.709	-245.77	-19.545	24.248	-230.7	-62.274	7.951
165.62	29.725	21.612	-155.76	42.824	-15.037	-139.35	32.806	-18.839	-169.63	2.0751	37.716	-245.76	-19.55	24.259	-230.7	-62.279	7.9597
165.62	29.731	21.596	-155.81	42.813	-15.061	-139.35	32.799	-18.842	-169.65	2.0733	37.694	-245.77	-19.54	24.254	-230.69	-62.281	7.951
165.62	29.737	21.6	-155.83	42.809	-15.072	-139.38	32.791	-18.863	-169.66	2.0779	37.7	-245.77	-19.55	24.257	-230.7	-62.283	7.9554
165.61	29.741	21.592	-155.83	42.814	-15.08	-139.36	32.802	-18.849	-169.66	2.0808	37.679	-245.78	-19.541	24.252	-230.7	-62.29	7.9592
165.61	29.752	21.589	-155.83	42.806	-15.089	-139.38	32.794	-18.871	-169.67	2.0792	37.671	-245.77	-19.547	24.26	-230.7	-62.289	7.9531
165.61	29.745	21.587	-155.83	42.814	-15.086	-139.38	32.794	-18.871	-169.67	2.0825	37.679	-245.78	-19.556	24.262	-230.7	-62.294	7.9526
165.6	29.748	21.588	-155.83	42.814	-15.086	-139.36	32.809	-18.846	-169.68	2.0739	37.665	-245.77	-19.554	24.264	-230.7	-62.305	7.9521
165.6	29.746	21.583	-155.83	42.819	-15.094	-139.37	32.788	-18.868	-169.67	2.0813	37.674	-245.76	-19.57	24.267	-230.68	-62.31	7.955
165.6	29.744	21.59	-155.84	42.812	-15.084	-139.37	32.788	-18.868	-169.67	2.069	37.669	-245.75	-19.578	24.277	-230.68	-62.31	7.955
165.6	29.744	21.588	-155.83	42.815	-15.073	-139.37	32.795	-18.865	-169.66	2.0649	37.676	-245.75	-19.592	24.269	-230.67	-62.312	7.9555
165.6	29.741	21.584	-155.84	42.804	-15.086	-139.37	32.788	-18.868	-169.65	2.0604	37.679	-245.74	-19.593	24.277	-230.68	-62.32	7.9484
165.6	29.737	21.588	-155.83	42.799	-15.084	-139.38	32.781	-18.872	-169.66	2.0511	37.675	-245.73	-19.603	24.264	-230.66	-62.326	7.9531
165.61	29.739	21.593	-155.82	42.802	-15.074	-139.37	32.789	-18.855	-169.66	2.0515	37.675	-245.72	-19.624	24.272	-230.66	-62.326	7.9513
165.61	29.734	21.6	-155.81	42.805	-15.057	-139.36	32.792	-18.858	-169.64	2.0522	37.693	-245.72	-19.62	24.262	-230.66	-62.33	7.96
165.62	29.731	21.598	-155.77	42.815	-15.031	-139.34	32.794	-18.826	-169.64	2.059	37.698	-245.72	-19.621	24.259	-230.66	-62.326	7.9531
165.62	29.732	21.605	-155.78	42.807	-15.033	-139.34	32.801	-18.823	-169.63	2.0553	37.699	-245.71	-19.616	24.265	-230.67	-62.325	7.9661
165.63	29.723	21.607	-155.77	42.81	-15.022	-139.35	32.79	-18.837	-169.63	2.0552	37.707	-245.73	-19.602	24.259	-230.68	-62.325	7.9571
165.62	29.722	21.607	-155.77	42.794	-15.034	-139.36	32.783	-18.853	-169.64	2.0601	37.703	-245.75	-19.598	24.256	-230.68	-62.322	7.9656
165.62	29.722	21.606	-155.77	42.802	-15.025	-139.33	32.791	-18.819	-169.66	2.0583	37.715	-245.76	-19.581	24.258	-230.69	-62.321	7.9696
165.62	29.723	21.613	-155.77	42.802	-15.025	-139.35	32.797	-18.821	-169.66	2.068	37.724	-245.77	-19.57	24.257	-230.7	-62.31	7.9608
165.63	29.718	21.606	-155.78	42.803	-15.019	-139.35	32.78	-18.832	-169.67	2.069	37.72	-245.79	-19.553	24.254	-230.71	-62.316	7.9666
165.63	29.717	21.606	-155.77	42.796	-15.014	-139.35	32.79	-18.824	-169.68	2.0649	37.719	-245.8	-19.555	24.251	-230.72	-62.311	7.9637
165.63	29.721	21.619	-155.78	42.794	-15.027	-139.36	32.786	-18.835	-169.69	2.0782	37.72	-245.81	-19.541	24.248	-230.72	-62.307	7.9722
165.62	29.725	21.615	-155.79	42.791	-15.038	-139.35	32.797	-18.821	-169.69	2.0757	37.716	-245.81	-19.537	24.252	-230.72	-62.3	7.9666
165.62	29.728	21.611	-155.79	42.791	-15.038	-139.36	32.786	-18.835	-169.69	2.0827	37.712	-245.82	-19.542	24.245	-230.72	-62.3	7.9666
165.62	29.729	21.598	-155.8	42.789	-15.036	-139.35	32.78	-18.832	-169.7	2.0766	37.706	-245.8	-19.548	24.25	-230.73	-62.296	7.9727
165.62	29.732	21.604	-155.78	42.799	-15.036	-139.35	32.79	-18.837	-169.7	2.0602	37.692	-245.8	-19.546	24.25	-230.73	-62.3	7.9661
165.62	29.739	21.599	-155.78	42.799	-15.036	-139.36	32.786	-18.835	-169.7	2.0807	37.701	-245.79	-19.541	24.243	-230.73	-62.292	7.9659
165.62	29.737	21.596	-155.79	42.796	-15.046	-139.36	32.795	-18.839	-169.71	2.0696	37.683	-245.79	-19.558	24.252	-230.73	-62.289	7.969
165.62	29.736	21.597	-155.83	42.786	-15.079	-139.36	32.795	-18.839	-169.71	2.0772	37.691	-245.79	-19.549	24.244	-230.72	-62.291	7.964
165.62	29.743	21.593	-155.83	42.787	-15.066	-139.38	32.791	-18.85	-169.71	2.074	37.688	-245.79	-19.558	24.252	-230.74	-62.277	7.9602
165.61	29.741	21.591	-155.84	42.799	-15.078	-139.36	32.795	-18.839	-169.73	2.0825	37.684	-245.79	-19.541	24.244	-230.75	-62.279	7.9573
165.62	29.748	21.592	-155.84	42.799	-15.078	-139.38	32.791	-18.85	-169.74	2.0917	37.681	-245.8	-19.529	24.247	-230.74	-62.276	7.977
165.62	29.746	21.591	-155.84	42.799	-15.078	-139.38	32.801	-18.854	-169.74	2.0978	37.678	-245.82	-19.518	24.255	-230.76	-62.264	7.9721
165.61	29.748	21.587	-155.85	42.796	-15.089	-139.38	32.791	-18.85	-169.76	2.1047	37.68	-245.82	-19.502	24.25	-230.76	-62.254	7.988
165.62	29.751	21.588	-155.84	42.799	-15.078	-139.39	32.78	-18.864	-169.76	2.1091	37.664	-245.83	-19.487	24.246	-230.78	-62.253	7.9846
165.62	29.749	21.595	-155.85	42.796	-15.089	-139.38	32.785	-18.84	-169.77	2.1245	37.676	-245.86	-19.48	24.242	-230.8	-62.243	7.9822
165.62	29.741	21.596	-155.84	42.791	-15.081	-139.37	32.792	-18.836	-169.78	2.1243	37.672	-245.85	-19.466	24.249	-230.81	-62.238	7.9886
165.62	29.747	21.598	-155.84	42.799	-15.078	-139.38	32.794	-18.831	-169.79	2.1219	37.666	-245.87	-19.447	24.251	-230.8	-62.241	8.0082
165.62	29.741	21.596	-155.84	42.799	-15.072	-139.39	32.787	-18.834	-169.79	2.1289	37.684	-245.89	-19.441	24.246	-230.82	-62.231	8.0077
165.63	29.742	21.601	-155.86	42.788	-15.085	-139.37	32.799	-18.807	-169.79	2.1267	37.677	-245.88	-19.429	24.245	-230.82	-62.231	8.0095
165.62	29.737	21.602	-155.81	42.794	-15.038	-139.38	32.801	-18.828	-169.8	2.1152	37.681	-245.89	-19.443	24.245	-230.81	-62.247	8.0178
165.62	29.729	21.606	-155.8	42.797	-15.027	-139.38	32.786	-18.813	-169.81	2.1066	37.671	-245.89	-19.441	24.247	-230.81	-62.264	8.0372
165.62	29.734	21.612	-155.81	42.786	-15.04	-139.38	32.786	-18.813	-169.81	2.087	37.68	-245.89	-19.456	24.258	-230.79	-62.29	8.0478
165.62	29.725	21.616	-155.81	42.782	-15.019	-139.39	32.782	-18.81	-169.78	2.0583	37.705	-245.88	-19.472	24.28	-230.78	-62.326	8.0537
165.62	29.729	21.616	-155.81	42.761	-15.007	-139.39	32.775	-18.813	-169.77	2.0078	37.698	-245.87	-19.5	24.3	-230.74	-62.375	8.0644
165.62	29.725	21.612	-155.82	42.762	-14.988	-139.38	32.779	-18.802	-169.71	1.9582	37.734	-245.86	-19.538	24.337	-230.69	-62.434	8.0887
165.61	29.73	21.614	-155.81	42.757	-14.986	-139.38	32.764	-18.787	-169.65	1.8855	37.739	-245.84	-19.592	24.401	-230.62	-62.509	8.1321
165.62	29.732	21.609	-155.81	42.751	-14.975	-139.39	32.751	-18.793	-169.59	1.7972	37.768	-245.79	-19.633	24.518	-230.51	-62.592	8.1972
165.62	29.725	21.612	-155.8	42.74	-14.95	-139.46	32.706	-18.888	-169.5	1.7124	37.819	-245.74	-19.661	24.627	-230.38	-62.682	8.3064
165.62	29.73	21.608	-155.79	42.742	-14.952	-139.4	32.715	-18.808	-169.45	1.5907	37.927	-245.65	-19.685	24.765	-230.19	-62.793	8.5037
165.62	29.734	21.603	-155.78	42.747	-14.928	-139.46	32.663	-18.871	-169.37	1.4513	38.143	-245.57	-19.696	24.939	-229.89	-62.92	8.8001
165.62	29.734	21.603	-155.65	42.815	-14.696	-138.85	32.894	-18.37	-169.22	1.2788	38.379	-245.48	-19.686	25.108	-229.51	-63	9.1876
165.62	29.744	21.599	-155.46	42.798	-14.482	-138.61	32.947	-18.298	-168.98	1.0709	38.635	-245.36	-19.704	25.388	-229.07	-63.025	9.5522
165.62	29.746	21.598	-155.19	42.822	-14.284	-138.08	32.919	-17.936	-168.73	0.79187	39.067	-245.12	-19.674	25.779	-228.58	-62.978	9.947
165.62	29.746	21.595	-154.82	42.886	-13.899	-137.73	32.895	-17.879	-168.31	0.48148	39.481	-244.87	-19.693	26.117	-228.13	-62.939	10.33
165.63	29.755	21.6	-154.36	42.897	-13.465	-137.03	33.171	-16.955	-167.71	0.15213	40.052	-244.47	-19.667	26.635	-227.69	-63.045	10.695
165.63	29.757	21.602	-153.74	42.909	-12.593	-136.13	33.32	-16.173	-167.03	-0.30858	40.656	-243.98	-19.729	27.184	-227.22	-63.282	11.122
165.63	29.764	21.599	-152.92	42.898	-11.505	-134.82	33.412	-14.601	-166.16	-0.87551	41.546	-243.29	-19.796	27.879	-226.58	-63.598	11.523
165.63	29.765	21.591	-152.02	42.971	-10.21	-133.58	33.337	-13.447	-165.21	-1.5782	42.554	-242.5	-20.025	28.669	-225.76	-63.951	11.991
165.64	29.767	21.597	-151	43.154	-8.6211	-131.95	33.081	-11.803	-164.1	-2.3431	43.668	-241.48	-20.314	29.574	-224.73	-64.322	12.552
165.63	29.769	21.596	-149.88	43.455	-6.8852	-129.86	32.884	-9.5864	-162.8	-3.1694	44.869	-240.29	-20.72	30.706	-223.44	-64.65	13.346
165.64	29.765	21.595	-148.74	43.799	-5.1765	-127.45	32.568	-7.6272	-161.24	-3.9698	46.212	-238.97	-21.263	31.964	-221.98	-64.997	14.293
165.63	29.76	21.595	-147.5	44.249	-3.1623	-124.69	32.162	-5.5442	-159.22	-4.5572	48.122	-237.46	-21.825	33.409	-220.25	-65.35	15.401
165.64	29.762	21.595	-146.18	44.686	-1.2182	-120.96	32.452	-2.5154	-157.39	-5.6375	49.215	-235.69	-22.479	35.013	-218.38	-65.723	16.685
165.63	29.754	21.594	-144.76	45.18	0.8098	-117.64	32.083	-0.18223	-155.12	-6.5156	50.732	-233.72	-23.155	36.811	-216.31	-66.166	18.089
165.64	29.753	21.604	-143.18	45.684	2.932	-114.15	31.663	2.0503	-152.59	-7.3817	52.503	-231.49	-23.859	38.707	-214.05	-66.352	19.441
165.64	29.755	21.606	-141.35	46.155	5.2755	-110.31	31.166	4.4204	-149.8	-8.2485	54.195	-229.04	-24.615	40.635	-211.73	-67.319	21.217
165.64	29.75	21.607	-139.36	46.709	7.7784	-106.27	30.541	6.9737	-146.86	-9.1746	55.969	-226.3	-25.36	42.67	-209.23	-67.9	22.75
165.64	29.744	21.619	-137.08	47.077	10.169	-101.89	29.844	9.7633	-143.62	-10.082	57.948	-223.35	-26.203	44.754	-206.32	-68.419	24.305
165.64	29.741	21.616	-134.55	47.374	12.715	-97.278	29.065	12.65	-140.23	-11.061	60.138	-220.09	-26.986	46.906	-203.05	-68.897	25.982
165.65	29.731	21.609	-131.65	47.626	15.469	-92.373	28.158	15.52	-136.66	-11.989	62.095	-216.7	-27.825	49.007	-199.5	-69.372	27.759
165.65	29.734	21.614	-128.4	47.669	18.125	-87.284	27.251	18.545	-132.86	-12.937	64.284	-212.99	-28.565	51.201	-195.79	-69.843	29.624
165.64	29.729	21.616	-124.82	47.611	20.772	-82.264	26.325	21.724	-128.88	-13.872	66.516	-209.15	-29.307	53.244	-191.86	-70.318	31.509
165.64	29.727	21.617	-120.8	47.401	23.341	-76.834	25.453	24.912	-124.54	-14.802	69.122	-204.98	-29.981	55.281	-187.21	-70.626	33.546
165.65	29.729	21.615	-116.44	47.208	26.02	-71.523	24.626	27.919	-119.96	-15.802	71.075	-200.42	-31.574	57.778	-183.24	-71.317	35.127
165.65	29.729	21.615	-111.66	46.768	28.361	-65.828	23.913	31.04	-115.04	-16.833	73.399	-195.34	-31.783	59.475	-178.36	-71.808	36.747
165.65	29.732	21.617	-106.31	46.431	30.996	-60.138	23.311	34.099	-109.9	-17.987	75.427	-190.93	-32.197	60.702	-173.08	-72.321	38.073
165.65	29.733	21.614	-100.65	45.811	33.326	-54.25	22.745	36.854	-104.31	-19.158	77.479	-185.51	-32.856	62.167	-167.44	-72.806	39.182
165.65	29.739	21.611	-94.509	45.262	35.622	-48.198	22.201	39.414	-98.435	-20.402	79.268	-179.52	-33.6	63.717	-161.37	-73.278	40.128
165.65	29.739	21.601	-88.012	44.702	37.728	-41.858	21.624	41.617	-92.02	-21.649	81.457	-173.11	-34.396	65.177	-154.89	-73.714	40.971
165.66	29.739	21.606	-81.211	44.057	39.481	-35.15	20.988	43.589	-85.405	-22.843	82.233	-166.3	-35.198	66.616	-148.23	-74.117	41.735
165.66	29.746	21.606	-74.165	43.316	40.923	-27.953	20.354	45.371	-78.349	-23.952	83.425	-159.12	-35.958	67.968	-141.25	-74.473	42.56
165.65	29.747	21.603	-66.926	42.648	42.123	-20.553	19.594	46.483	-70.927	-24.977	84.281	-151.65	-36.691	69.301	-134.08	-74.803	43.397
165.65	29.748	21.598	-59.545	42.053	42.829	-12.464	18.698	47.335	-63.211	-25.895	84.912	-143.9	-37.361	70.585	-126.73	-75.12	44.261
165.65	29.75	21.594	-52.1	41.425	43.276	-4.0449	17.699	47.927	-55.265	-26.678	85.326	-135.98	-37.98	71.744	-119.28	-75.429	45.1
165.65	29.746	21.594	-44.592	40.867	43.375	4.7116	16.583	48.31	-47.082	-27.409	85.529	-127.84	-38.491	72.931	-111.65	-75.702	45.957
165.66	29.756	21.6	-36.995	40.314	43.344	13.483	15.024	48.002	-38.727	-28.137	85.433	-119.58	-38.921	73.998	-104.04	-75.961	46.799
165.65	29.748	21.592	-29.455	39.766	43.034	23.131	13.73	48.296	-30.245	-28.821	85.227	-111.2	-39.295	75.004	-96.292	-76.142	47.526
165.65	29.748	21.593	-21.876	39.202	42.619	32.667	12.21	48.231	-21.632	-29.584	84.854	-102.75	-39.615	75.969	-88.58	-76.29	48.201
165.65	29.751	21.597	-14.249	38.651	42.274	42.228	10.516	47.772	-13.041	-30.439	84.145	-94.428	-40.141	76.485	-80.791	-76.386	48.763
165.65	29.744	21.596	-6.6686	38.125	41.804	51.674	8.7745	47.145	-4.3895	-31.378	83.804	-85.912	-40.416	77.341	-72.988	-76.424	49.186
165.65	29.744	21.604	0.9276	37.64	41.454	60.927	6.9932	46.223	4.3034	-32.305	82.425	-77.18	-40.5	78.574	-65.291	-76.455	49.423
165.64	29.742	21.6	8.4228	37.221	41.137	69.959	5.3435	45.167	12.864	-33.396	81.229	-68.696	-40.879	79.35	-57.652	-76.479	49.528
165.64	29.741	21.605	15.889	36.723	40.848	78.659	3.6424	43.676	21.507	-34.491	79.974	-60.38	-41.576	79.581	-50.088	-76.487	49.551
165.64	29.739	21.605	23.556	36.737	41.263	86.994	2.1276	41.711	30.141	-35.258	79.142	-51.927	-42.094	80.117	-42.662	-76.528	49.409
165.63	29.739	21.606	30.993	36.461	40.826	94.966	0.56297	39.622	38.395	-36.282	77.595	-43.583	-42.71	80.417	-35.342	-76.533	49.225
165.62	29.731	21.61	38.068	35.695	39.414	102.85	-1.0857	37.291	46.2	-37.445	75.4	-35.395	-43.277	80.577	-28.222	-76.544	49.006
165.62	29.725	21.616	45.281	35.764	38.959	110.47	-2.4387	34.938	54.048	-37.563	74.515	-27.466	-43.749	80.451	-21.285	-76.492	48.768
165.62	29.725	21.615	51.968	35.499	37.356	117.72	-3.7158	32.981	61.394	-37.756	73.148	-19.857	-44.028	80.16	-14.545	-76.341	48.58
165.62	29.728	21.624	58.324	35.26	35.352	124.75	-4.8775	30.9	68.273	-37.573	71.849	-12.695	-43.978	79.748	-8.075	-76.074	48.512
165.61	29.722	21.619	64.063	34.912	32.303	131.47	-6.096	29.006	74.62	-37.379	70.053	-6.0627	-43.388	79.443	-1.9081	-75.69	48.499
165.61	29.729	21.616	69.395	34.895	29.711	137.96	-6.7731	27.356	80.625	-36.477	68.879	0.020223	-42.234	79.075	4.0157	-75.166	48.61
165.61	29.735	21.624	74.293	34.934	27.132	144.17	-7.4061	25.797	86.365	-35.392	67.991	5.6462	-40.635	78.72	9.6535	-74.513	48.847
165.6	29.734	21.619	78.882	35.243	24.463	150.01	-7.6878	24.518	91.763	-34.053	67.068	11.012	-38.804	78.317	14.972	-73.699	49.079
165.6	29.739	21.613	83.224	35.822	22.289	155.37	-7.4333	23.31	96.826	-32.638	66.154	16.146	-36.888	77.844	19.969	-72.773	49.24
165.59	29.739	21.624	87.137	36.238	19.978	160.32	-6.9761	22.434	101.56	-31.215	65.344	21.033	-35.016	77.321	24.662	-71.767	49.375
165.59	29.743	21.612	91.076	36.99	18.246	164.82	-6.007	21.452	105.98	-29.842	64.535	25.633	-33.227	76.795	29.109	-70.721	49.373
165.6	29.746	21.62	94.832	37.657	16.832	169.22	-5.2777	20.495	110.21	-28.539	63.863	29.887	-31.642	76.27	33.256	-69.662	49.267
165.6	29.75	21.606	98.424	38.506	15.554	172.96	-3.6466	19.825	114.21	-27.272	63.313	33.855	-30.263	75.878	37.064	-68.65	48.993
165.59	29.756	21.604	101.9	39.398	14.665	176.63	-2.6705	18.804	117.86	-26.106	62.667	37.676	-28.97	75.873	40.591	-67.638	48.667
165.6	29.754	21.606	105.11	40.198	13.625	179.64	-1.0812	17.926	121.44	-24.943	62.224	40.892	-28.213	75.264	43.848	-66.612	48.313
165.6	29.764	21.606	108.42	41.128	12.988	182.49	0.40115	16.827	124.77	-23.799	61.753	44.071	-27.393	74.971	46.817	-65.55	48.004
165.63	29.79	21.65	111.33	41.861	12.104	185.28	1.4298	15.7	127.97	-22.692	61.299	47.245	-26.399	74.986	49.578	-64.38	47.811
165.67	29.852	21.771	114.46	42.914	11.363	187.48	3.1259	14.431	130.97	-21.591	60.856	49.942	-25.677	74.369	52.126	-63.19	47.693
165.71	29.893	21.846	117.3	43.531	10.473	189.49	4.7654	12.854	133.85	-20.556	60.35	52.645	-24.632	73.999	54.503	-61.951	47.516
165.72	29.889	21.84	120.02	43.992	9.2561	191.11	6.3276	11.155	136.53	-19.568	59.689	55.164	-23.446	73.616	56.745	-60.723	47.327
165.62	30.013	22.159	122.86	44.486	8.1958	192.63	7.6746	9.3018	139.23	-18.554	59.159	57.522	-22.047	73.236	58.884	-59.529	47.033
165.74	29.884	21.838	125.7	45.052	7.1388	193.42	9.7944	7.0698	141.76	-17.585	58.531	59.878	-20.384	73.026	60.878	-58.361	46.672
165.62	29.991	22.123	128.29	45.196	5.5046	194.21	11.333	5.0031	144.2	-16.659	57.785	61.985	-18.738	72.571	62.757	-57.201	46.239
165.61	29.956	22.062	130.82	45.318	4.0897	194.33	13.452	2.3974	146.54	-15.779	56.941	63.815	-17.216	71.786	64.505	-56.042	45.771
165.62	29.938	22.046	133.22	45.402	2.3602	194.31	15.521	0.073393	148.76	-14.894	55.92	65.743	-15.579	71.212	66.193	-54.856	45.346
165.61	29.941	22.05	135.59	45.556	0.93708	193.98	17.171	-2.6113	150.85	-14.065	54.968	67.561	-14.033	70.561	67.759	-53.666	44.807
165.62	29.932	22.039	137.81	45.663	-0.71834	192.97	19.63	-5.1201	152.77	-13.36	53.775	69.351	-12.64	69.9	69.261	-52.481	44.224
165.62	29.918	22.024	139.98	45.786	-2.1469	191.84	21.787	-7.3912	154.75	-12.646	52.716	71.056	-11.441	69.249	70.639	-51.307	43.548
165.6	29.847	21.904	142	45.968	-3.4897	189.99	24.755	-9.2309	156.55	-11.982	51.667	72.694	-10.448	68.547	71.917	-50.174	42.77
165.31	29.318	20.956	143.92	46.36	-4.6141	188.4	27.248	-10.835	158.2	-11.267	50.718	74.393	-9.4852	68.184	73.052	-49.082	41.894
165.31	29.311	20.96	145.66	47.039	-5.6141	186.53	29.973	-12.047	159.62	-10.459	49.826	75.86	-8.809	67.454	74.143	-47.972	40.966
165.32	29.31	20.949	147.26	47.702	-6.3545	184.49	32.354	-13.926	160.83	-9.5018	49.13	77.135	-8.2023	66.639	75.123	-46.815	40.089
165.37	29.948	21.001	148.92	48.248	-7.3603	183.19	34.637	-14.398	161.86	-8.4359	48.55	78.289	-7.5328	65.9	75.97	-45.649	39.197
165.19	31.69	21.011	149.87	49.197	-8.0792	182.98	36.391	-14.386	162.78	-7.2736	48.228	79.087	-6.8318	64.962	76.694	-44.373	38.518
165.48	33.311	21.108	150.54	50.669	-8.383	183.25	37.74	-14.698	163.5	-6.1051	48.049	79.775	-5.8166	64.388	77.432	-43.009	37.928
166.43	34.507	21.196	151.55	52.087	-8.3299	183.9	39.017	-14.399	164.04	-4.9069	48.062	80.277	-4.4388	64.064	78.026	-41.565	37.532
167.23	35.518	21.2	152.44	53.285	-8.2584	184.6	40.291	-14.08	164.48	-3.6452	48.225	80.593	-2.7837	63.903	78.543	-40.06	37.172
167.91	36.781	21.23	153.18	54.652	-8.2016	185.22	41.569	-13.921	164.86	-2.4164	48.371	80.833	-0.97854	63.791	78.98	-38.479	36.953
168.58	38.235	21.338	153.8	56.181	-7.8837	185.6	43.156	-13.573	165.32	-1.0269	48.753	81.186	1.0257	64.067	79.285	-36.872	36.819
169.11	39.778	21.498	154.23	57.898	-7.6511	185.97	44.892	-12.943	165.61	0.5127	49.155	81.276	2.8023	63.92	79.576	-35.267	36.686
169.37	41.559	21.95	154.55	59.761	-7.1462	186.25	46.781	-12.373	165.84	2.2171	49.577	81.592	4.8016	64.332	79.823	-33.595	36.708
169.45	43.551	22.527	154.67	61.809	-6.4976	186.33	48.971	-11.688	166.05	4.0211	50.022	81.595	6.4402	64.225	80.104	-31.859	36.784
169.36	45.809	23.24	154.64	63.978	-5.8477	186.42	51.297	-10.964	166.14	5.9405	50.453	81.716	8.1032	64.447	80.374	-30.054	36.847
169.17	48.117	23.868	154.48	66.396	-4.9843	186.5	53.833	-9.9651	166.22	8.0267	50.997	81.806	9.6806	64.814	80.608	-28.203	36.992
168.94	50.575	24.62	154.26	68.995	-3.9424	186.22	56.702	-9.1779	166.32	10.344	51.642	81.82	11.206	65.193	80.845	-26.276	37.233
168.76	53.259	25.515	153.79	71.729	-2.8936	185.93	59.713	-8.296	166.27	12.762	52.23	81.76	12.72	65.596	81.061	-24.297	37.433
168.4	56.113	26.436	153.31	74.714	-1.7776	185.55	62.932	-7.2644	166.25	15.366	52.893	81.697	14.291	66.025	81.196	-22.264	37.662
167.93	59.103	27.371	152.7	77.774	-0.68115	185.07	66.284	-6.2733	166.2	18.147	53.637	81.595	16.009	66.491	81.381	-20.145	38.03
167.4	62.217	28.309	151.97	80.879	0.52934	184.56	69.8	-5.1322	166.04	21.048	54.309	81.433	17.855	66.99	81.551	-17.987	38.35
166.82	65.497	29.267	151.19	84.034	1.5146	184.02	73.44	-4.1965	165.82	24.092	54.983	81.257	19.896	67.494	81.665	-15.742	38.677
166.14	68.787	30.094	150.31	87.289	2.4727	183.29	77.089	-3.2046	165.63	27.282	55.772	81.149	22.235	68.18	81.829	-13.396	39.03
165.44	72.139	30.937	149.46	90.57	3.5088	182.68	80.82	-2.3731	165.42	30.548	56.465	80.784	24.508	68.456	81.97	-11.006	39.456
164.74	75.556	31.721	148.6	93.85	4.3818	182.03	84.49	-1.4151	165.11	33.88	57.124	80.485	27.081	68.938	82.022	-8.5489	39.783
163.98	79.005	32.371	147.69	97.082	5.0094	181.26	88.227	-0.75999	164.8	37.286	57.778	80.16	29.708	69.355	82.14	-5.9896	40.171
163.28	82.458	32.991	146.82	100.39	5.5729	180.65	91.812	-0.030399	164.44	40.709	58.348	79.803	32.433	69.735	82.19	-3.4002	40.514
162.53	85.878	33.457	145.97	103.6	6.2146	179.98	95.401	0.5001	164.09	44.182	58.932	79.487	35.209	70.13	82.269	-0.7314	40.932
161.85	89.321	33.919	145.05	106.69	6.4145	179.29	98.978	0.9148	163.6	47.64	59.343	79.093	38.038	70.424	82.3	1.9646	41.279
161.17	92.766	34.348	144.27	109.93	6.8542	178.52	102.54	1.2332	163.24	51.165	59.874	78.76	40.863	70.743	82.316	4.6985	41.67
160.44	96.164	34.595	143.52	113.14	7.1979	177.86	106.13	1.5508	162.87	54.704	60.341	78.422	43.704	70.97	82.419	7.4494	42.046
159.82	99.644	35.025	142.68	116.3	7.4274	177.22	109.59	1.9525	162.49	58.2	60.783	78.093	46.555	71.183	82.456	10.209	42.361
159.05	103.02	35.221	141.83	119.46	7.5961	176.45	113.14	2.1806	162.05	61.699	61.115	77.976	49.534	71.735	82.523	12.936	42.671
158.36	106.44	35.49	141.11	122.66	7.8849	175.88	116.65	2.5372	161.66	65.187	61.453	77.705	52.385	71.976	82.65	15.641	42.913
157.7	109.8	35.746	140.33	125.8	8.1272	175.11	120.18	2.716	161.34	68.673	61.828	77.468	55.165	72.158	82.747	18.336	43.185
156.97	113.16	35.902	139.46	128.87	8.1894	174.38	123.68	2.9132	161	72.109	62.117	77.221	57.92	72.369	82.891	21.013	43.502
156.3	116.5	36.118	138.64	131.97	8.3247	173.77	127.13	3.1888	160.66	75.486	62.326	77.016	60.6	72.558	83.046	23.634	43.717
155.66	119.77	36.286	137.92	135.07	8.5797	173.1	130.52	3.3828	160.37	78.873	62.582	76.676	63.015	72.307	83.233	26.24	43.947
154.99	123.02	36.466	137.16	138.06	8.7332	172.37	133.91	3.4982	160.04	82.185	62.771	76.523	65.599	72.546	83.416	28.806	44.174
154.4	126.25	36.677	136.37	141	8.8088	171.68	137.23	3.6817	159.81	85.462	63.018	76.404	68.062	72.615	83.629	31.288	44.449
153.74	129.34	36.788	135.74	143.94	9.0601	170.98	140.51	3.7389	159.56	88.672	63.227	76.331	70.525	72.824	83.875	33.748	44.578
153.28	132.45	37.068	135.02	146.76	9.1035	170.46	143.67	3.859	159.35	91.812	63.417	76.275	72.883	72.91	84.106	36.183	44.817
152.69	135.4	37.091	134.45	149.5	9.2726	169.79	146.91	4.1943	159.14	94.902	63.611	76.266	75.256	73.102	84.341	38.564	45.017
152.24	138.29	37.214	133.83	152.17	9.2236	169.4	149.77	4.1822	158.97	97.888	63.804	76.28	77.575	73.236	84.585	40.933	45.23
151.85	141.09	37.3	133.38	154.77	9.3178	168.92	152.51	4.6693	158.83	100.81	63.992	76.295	79.86	73.313	84.815	43.229	45.383
151.53	143.8	37.357	133.01	157.23	9.3568	168.6	155.22	4.7314	158.7	103.64	64.182	76.499	82.327	73.825	85.053	45.536	45.665
151.28	146.4	37.422	132.76	159.66	9.4165	168.35	157.79	4.7232	158.62	106.36	64.35	76.315	84.429	73.52	85.3	47.777	45.854
151.11	148.92	37.479	132.54	162.02	9.408	168.27	160.28	4.8851	158.55	108.96	64.536	76.513	86.841	73.989	85.568	49.973	46.028
150.95	151.34	37.533	132.33	164.24	9.3972	168.13	162.71	4.8892	158.5	111.46	64.696	76.347	88.883	73.606	85.815	52.101	46.186
150.85	153.65	37.632	132.26	166.49	9.4245	167.99	164.97	4.7964	158.49	113.82	64.814	76.363	91.054	73.6	86.114	54.158	46.281
150.79	155.88	37.703	132.22	168.55	9.4396	168.02	167.18	5.0756	158.49	116.1	64.951	76.592	93.386	74.085	86.427	56.1	46.308
150.76	158.03	37.691	132.15	170.57	9.3414	168.03	169.27	5.088	158.54	118.29	65.057	76.508	95.215	73.621	86.754	57.994	46.336
150.76	160.05	37.615	132.23	172.51	9.3283	167.91	171.43	4.9862	158.63	120.37	65.054	76.636	97.132	73.569	87.076	59.823	46.354
150.81	162.01	37.577	132.24	174.33	9.1512	168	173.28	4.8183	158.79	122.35	65.015	76.8	98.914	73.479	87.386	61.58	46.344
150.87	163.82	37.424	132.33	176.09	9.0627	168.13	175.08	4.6415	158.98	124.23	64.931	77.052	100.61	73.388	87.748	63.245	46.261
151	165.57	37.266	132.35	177.78	8.8352	168.25	176.8	4.6833	159.22	125.97	64.811	77.374	102.12	73.264	88.113	64.842	46.173
151.19	167.22	37.039	132.51	179.39	8.678	168.39	178.51	4.4873	159.52	127.58	64.563	77.742	103.59	73.072	88.496	66.341	46.024
151.36	168.75	36.707	132.64	180.91	8.3902	168.44	180.03	3.9938	159.84	129.11	64.297	78.14	104.93	72.796	88.855	67.78	45.821
151.55	170.19	36.433	132.82	182.37	8.1383	168.76	181.49	3.7138	160.18	130.53	63.953	78.584	106.23	72.621	89.226	69.142	45.568
151.83	171.59	36.129	133.07	183.76	7.7482	168.95	182.75	3.3764	160.53	131.89	63.596	79.063	107.47	72.288	89.595	70.422	45.255
152.02	172.84	35.6	133.33	185.02	7.29	169.23	184.13	2.9234	160.86	133.2	63.242	79.484	108.63	71.95	89.946	71.655	44.946
152.23	174.06	35.037	133.49	186.07	6.6757	169.42	185.19	2.3066	161.14	134.44	62.842	79.907	109.81	71.541	90.285	72.83	44.598
152.47	175.2	34.394	133.79	187.13	5.9921	169.78	186.22	1.6611	161.39	135.64	62.346	80.275	110.97	71.091	90.594	73.985	44.266
152.72	176.28	33.715	134.13	188	5.1917	170.22	187.04	1.1073	161.65	136.85	61.874	80.587	112.11	70.573	90.906	75.084	43.94
152.95	177.28	32.909	134.47	188.84	4.2466	170.57	187.8	0.3393	161.88	137.98	61.428	81.014	113.47	70.471	91.147	76.145	43.599
153.16	178.23	32.082	134.86	189.61	3.299	170.85	188.54	-0.60852	162.08	139.08	60.863	81.002	114.47	69.375	91.43	77.175	43.293
153.4	179.11	31.238	135.18	190.24	2.2892	171.33	189.24	-1.3524	162.3	140.14	60.239	81.154	115.68	68.758	91.716	78.131	42.831
153.59	179.92	30.264	135.53	190.83	1.201	171.73	189.88	-2.3421	162.5	141.11	59.58	81.283	116.87	68.121	91.955	79.049	42.423
153.81	180.71	29.284	135.81	191.4	0.025654	172.12	190.35	-3.3842	162.72	142.03	58.966	81.407	118.02	67.469	92.223	79.898	42.014
154.03	181.45	28.251	136.09	191.94	-1.1029	172.46	190.84	-4.25	162.96	142.9	58.182	81.556	119.11	66.744	92.507	80.68	41.433
154.21	182.14	27.163	136.35	192.41	-2.2162	172.77	191.29	-5.4135	163.15	143.7	57.324	81.914	120.32	66.461	92.735	81.397	40.916
154.38	182.76	25.994	136.56	192.86	-3.4067	173.02	191.7	-6.5813	163.41	144.49	56.478	81.906	121	65.22	93.002	82.083	40.284
154.52	183.31	24.778	136.73	193.26	-4.6826	173.23	192.12	-7.8623	163.62	145.2	55.529	82.166	121.7	64.367	93.184	82.713	39.814
154.66	183.85	23.648	136.81	193.64	-5.7696	173.43	192.4	-9.0259	163.83	145.87	54.603	82.475	122.38	63.645	93.421	83.293	39.2
155.39	184.17	23.323	137.06	194.15	-6.5944	173.69	192.71	-10.068	164.03	146.48	53.563	82.763	122.97	62.907	93.619	83.805	38.64
156.48	184.83	23.134	137.31	194.77	-6.8804	174.27	192.92	-11.287	164.26	146.94	52.638	83.035	123.4	62.064	93.829	84.229	37.98
157.29	185.61	23.029	137.39	195.13	-7.5569	174.57	192.98	-12.354	164.53	147.19	51.776	83.304	123.82	61.46	93.969	84.58	37.432
157.87	186.18	22.933	137.37	195.44	-8.3032	174.78	193.21	-13.114	164.79	147.31	50.988	83.488	124.15	60.849	94.05	84.826	36.849
158.25	186.45	22.841	137.27	195.55	-9.087	174.97	193.19	-14.083	164.9	147.49	50.205	83.626	124.4	60.319	94.099	85.004	36.341
158.26	186.25	22.789	137.21	195.62	-9.5453	175.26	193.07	-14.916	164.9	147.66	49.489	83.701	124.62	59.93	94.094	85.139	35.943
158.25	185.72	22.669	137.06	195.65	-10.284	175.51	192.92	-15.657	164.94	147.85	48.949	83.701	124.75	59.605	94.063	85.211	35.672
158.03	185.15	22.607	136.88	195.59	-10.684	175.65	192.73	-16.223	164.93	147.92	48.433	83.624	124.79	59.219	93.972	85.233	35.506
157.85	184.78	22.669	136.57	195.42	-11.207	175.83	192.46	-16.609	164.8	147.86	48.033	83.469	124.77	58.928	93.847	85.178	35.387
157.78	184.85	22.644	136.31	195.22	-11.576	176.12	192.14	-17.074	164.62	147.74	47.724	83.238	124.74	58.775	93.689	85.021	35.28
157.85	184.93	22.606	136.02	195.02	-11.753	176.16	192.08	-17.042	164.45	147.51	47.532	82.964	124.61	58.733	93.501	84.767	35.163
157.82	184.95	22.611	135.55	194.78	-11.744	176.32	191.87	-16.818	164.25	147.13	47.453	82.658	124.37	58.728	93.235	84.361	35.122
157.93	184.94	22.494	135.04	194.58	-11.586	176.94	191.43	-16.575	163.78	146.52	47.369	82.325	123.98	58.787	92.982	83.901	35.012
157.87	184.82	22.468	134.3	194.43	-11.294	177.99	190.89	-16.051	163.45	145.92	47.389	81.967	123.48	58.907	92.645	83.335	35.03
157.78	184.66	22.439	133.42	194.22	-10.912	179.61	190.18	-15.366	163.12	145.19	47.497	81.625	122.8	59.104	92.269	82.725	35.162
157.63	184.5	22.434	132.46	193.91	-10.367	181.74	189.28	-14.343	162.8	144.28	47.635	81.284	121.99	59.392	91.869	82.056	35.342
157.81	184.71	23.238	131.45	193.52	-9.8013	184.09	188.12	-12.938	162.58	143.57	48.613	80.94	121.15	59.877	91.372	81.296	35.709
157.83	184.72	23.237	130.55	192.96	-8.9954	186.46	186.68	-11.456	162.11	142.28	48.916	80.529	120.19	60.352	90.853	80.426	36.156
157.91	184.81	23.28	129.59	192.14	-8.3579	189.04	185.23	-9.1024	161.59	140.93	49.502	80.062	119.14	60.859	90.276	79.452	36.707
157.93	184.95	23.254	128.81	191.21	-7.5879	190.92	183.29	-7.5225	161.09	139.44	50.163	79.483	118.08	61.477	89.704	78.342	37.259
157.76	184.7	22.423	128.05	190.03	-6.6904	192.69	181.18	-5.754	160.39	137.46	50.214	78.816	116.89	62.057	89.043	77.111	37.975
157.88	184.98	23.068	127.43	188.73	-5.7805	194.1	178.92	-3.9064	159.96	135.98	51.623	78.073	115.6	62.662	88.388	75.749	38.59
157.76	184.69	22.428	126.89	187.24	-4.774	195.26	176.48	-2.1163	159.2	133.79	52.012	77.281	114.26	63.441	87.669	74.281	39.248
157.74	184.61	22.433	126.42	185.63	-3.6736	196.13	173.92	-0.34933	158.48	131.78	53.064	76.405	112.76	64.231	86.883	72.718	39.98
157.74	184.52	22.439	126.01	183.92	-2.4705	196.73	171.32	1.59	157.68	129.65	54.257	75.523	111.11	65.079	86.018	71.035	40.78
157.73	184.48	22.438	125.51	182.06	-1.3777	197.06	168.42	3.1712	156.75	127.44	55.514	74.771	109.53	66.489	85.101	69.274	41.586
157.74	184.52	22.438	125.03	180.1	-0.1629	197.25	165.65	5.0959	155.71	125.2	56.841	73.435	107.35	66.773	83.991	67.453	42.525
157.77	184.6	22.441	124.42	178.04	1.1886	197.09	162.75	6.9285	154.54	122.92	58.276	72.321	105.36	67.76	82.817	65.561	43.55
157.77	184.66	22.45	123.7	175.96	2.548	196.7	159.83	8.8939	153.2	120.57	59.776	70.966	103.23	68.64	81.492	63.584	44.51
157.79	184.66	22.443	122.82	173.78	3.9604	196.08	157.01	10.796	151.65	118.2	61.297	69.672	101.29	70.097	80.034	61.561	45.486
157.77	184.62	22.435	121.8	171.59	5.4484	195.21	154.21	12.793	149.96	115.83	62.932	67.763	98.927	70.652	78.473	59.468	46.519
158.01	184.77	22.974	120.64	169.43	6.9888	194.1	151.52	15.067	148.24	113.72	65.204	65.83	96.717	71.627	76.743	57.347	47.572
157.94	184.78	23.059	119.18	167.16	8.5905	192.62	148.85	17.126	146.18	111.29	66.906	63.705	94.517	72.748	74.902	55.142	48.651
157.93	184.81	23.044	117.55	164.9	10.263	190.84	146.39	19.22	143.9	108.86	68.689	61.354	92.269	73.891	72.873	52.944	49.749
157.93	184.85	23.057	115.69	162.68	11.926	188.84	143.82	21.327	141.42	106.43	70.424	58.845	89.928	74.94	70.698	50.638	50.739
157.94	184.88	23.055	113.54	160.47	13.58	186.52	141.44	23.556	138.72	104.06	72.223	56.173	87.561	76.144	68.33	48.329	51.824
157.94	184.87	23.046	111.16	158.23	15.222	183.77	139.19	25.673	135.78	101.7	74.002	53.283	85.06	77.151	65.753	45.983	52.972
157.94	184.84	23.056	108.5	155.99	16.963	180.82	136.96	27.797	132.63	99.425	75.811	50.253	82.577	78.378	63.016	43.666	54.171
157.94	184.82	23.052	105.57	153.83	18.668	177.49	134.86	29.854	129.17	97.172	77.572	47.181	80.181	79.892	60.07	41.287	55.32
157.95	184.81	23.067	102.36	151.7	20.365	173.8	132.92	31.777	125.52	94.96	79.295	43.693	77.568	81.005	56.962	38.924	56.505
157.97	184.81	23.06	98.841	149.52	22.029	169.76	131.2	33.854	121.64	92.892	81.125	39.756	74.756	81.697	53.658	36.509	57.642
157.95	184.82	23.038	95.028	147.43	23.717	165.36	129.65	35.755	117.55	90.85	82.906	35.981	72.316	83.171	50.136	34.06	58.821
157.93	184.81	23.01	91.011	145.36	25.496	160.54	128.28	37.586	113.2	88.808	84.549	31.578	69.46	83.812	46.482	31.571	59.883
157.93	184.81	23.001	86.709	143.38	27.197	155.46	127.09	39.448	108.72	86.824	86.214	27.22	66.812	84.917	42.685	29.095	60.936
157.93	184.81	23.007	82.097	141.37	28.821	150.08	126.09	41.398	103.98	84.837	87.769	22.85	64.349	86.336	38.71	26.573	61.925
157.94	184.79	23.013	77.431	139.38	30.57	144.37	125	42.922	99.104	82.885	89.307	18.153	61.595	87.309	34.55	24.064	62.778
157.93	184.77	23.015	72.493	137.44	32.201	138.37	124.06	44.524	94.016	80.945	90.773	13.109	58.593	87.765	30.176	21.551	63.706
157.94	184.78	23.002	67.364	135.49	33.759	132.11	123.05	45.939	88.679	78.723	91.663	8.3654	55.999	89.109	25.657	19.05	64.419
157.95	184.78	23.013	62.031	133.52	35.184	125.6	121.92	47.206	83.224	76.754	92.878	3.028	52.941	89.451	20.902	16.552	65.169
157.95	184.78	23.011	56.765	131.59	36.771	118.95	120.82	48.401	77.621	74.785	94.075	-2.0707	50.278	90.512	15.997	14.08	65.782
157.96	184.77	23.01	51.202	129.6	38.025	112.09	119.58	49.343	71.891	72.791	95.202	-7.533	47.428	91.073	10.88	11.605	66.407
157.96	184.77	23.016	45.619	127.62	39.226	104.92	118.11	49.768	65.959	70.768	96.203	-13.161	44.632	91.529	5.5946	9.1505	66.891
157.97	184.77	23.011	39.962	125.63	40.315	97.723	116.79	50.537	59.98	68.734	97.019	-19.089	41.731	91.507	0.17655	6.7065	67.315
157.97	184.77	23.014	34.321	123.64	41.304	90.033	115.23	50.56	53.851	66.697	97.771	-25.041	39.061	91.742	-5.3527	4.2403	67.551
157.97	184.77	23.014	28.681	121.62	42.278	82.264	113.59	50.514	47.625	64.635	98.362	-31.088	36.513	91.958	-11.003	1.8199	67.75
157.96	184.77	23.015	23.034	119.54	43.077	74.506	111.99	50.529	41.316	62.566	98.819	-37.105	34.221	92.429	-16.73	-0.63665	67.821
157.96	184.77	23.014	17.394	117.46	43.701	66.676	110.22	50.362	35.116	60.639	99.222	-43.547	31.543	91.915	-22.555	-3.0738	67.872
157.97	184.78	23.02	11.625	115.32	44.116	58.509	108.23	49.48	28.689	58.616	99.424	-49.694	29.362	92.198	-28.493	-5.4894	67.871
157.97	184.77	23.021	5.9062	113.11	44.405	50.607	106.29	48.979	22.228	56.597	99.442	-56.022	26.982	91.945	-34.461	-7.9087	67.683
157.97	184.77	23.015	0.30412	110.9	44.574	42.874	104.25	48.299	15.707	54.61	99.359	-62.377	24.594	91.558	-40.477	-10.314	67.54
157.98	184.78	23.012	-5.3271	108.67	44.575	35.188	102.24	47.508	9.2157	52.658	99.132	-68.801	22.237	91.088	-46.576	-12.73	67.317
157.97	184.77	23.007	-11.162	106.31	44.168	27.394	99.883	46.396	2.6968	50.716	98.75	-75.156	19.877	90.526	-52.666	-15.133	66.985
157.98	184.78	23.019	-16.761	103.97	43.842	19.789	97.645	45.327	-3.8045	48.763	98.334	-81.485	17.519	89.828	-58.759	-17.52	66.502
157.97	184.77	23.01	-22.438	101.54	43.279	12.739	95.497	44.562	-10.27	46.79	97.789	-87.78	15.161	89.03	-64.87	-19.896	65.96
157.97	184.78	23.019	-28.039	99.057	42.37	5.451	93.165	43.254	-16.621	44.799	97.093	-94.039	12.844	88.168	-70.956	-22.257	65.243
157.97	184.78	23.008	-33.372	96.638	41.591	-1.5393	90.799	42.099	-22.965	42.698	96.302	-100.21	10.518	87.164	-77.033	-24.618	64.413
157.96	184.77	23.005	-38.628	94.078	40.773	-8.3473	88.293	40.902	-29.14	40.511	95.466	-106.32	8.265	86.155	-83.088	-26.974	63.499
157.96	184.77	23.008	-43.705	91.454	39.795	-14.804	85.747	39.781	-35.172	38.228	94.465	-112.39	6.0209	84.976	-89.104	-29.292	62.479
157.96	184.77	23.009	-48.631	88.818	38.78	-21.48	83.125	38.025	-41.073	35.862	93.323	-118.37	3.866	83.779	-95.071	-31.625	61.388
157.96	184.77	23.008	-53.402	86.11	37.572	-27.686	80.461	36.503	-46.838	33.431	92.086	-124.22	1.7379	82.564	-101.03	-33.952	60.208
157.96	184.77	23.003	-57.99	83.382	36.476	-33.805	77.674	34.701	-52.397	30.979	90.737	-130.01	-0.34676	81.284	-106.93	-36.225	59.029
157.96	184.76	22.999	-62.529	80.695	35.242	-39.627	74.919	32.897	-57.772	28.567	89.28	-135.69	-2.3671	79.9	-112.71	-38.479	57.799
157.95	184.76	23.007	-67.049	78.035	33.778	-45.302	72.129	31.055	-63.058	26.21	87.788	-141.23	-4.3278	78.517	-118.42	-40.691	56.464
157.95	184.76	23.007	-71.683	75.597	32.19	-50.34	69.437	29.44	-68.22	23.875	86.27	-146.62	-6.2386	77.109	-124	-42.83	55.072
157.95	184.77	23.004	-76.212	73.082	30.405	-55.267	66.686	27.578	-73.328	21.567	84.639	-151.91	-8.1382	75.602	-129.51	-44.925	53.646
157.95	184.76	23.008	-80.595	70.714	28.761	-59.978	63.894	25.829	-78.323	19.291	83.058	-157.05	-9.9837	74.028	-134.85	-46.941	52.15
157.95	184.76	23.01	-84.786	68.27	26.935	-64.616	61.303	23.989	-83.232	17.11	81.347	-162.07	-11.733	72.457	-140.1	-48.871	50.647
157.95	184.76	23.01	-88.883	66.041	25.457	-68.894	58.694	22.311	-88.035	15.024	79.626	-166.91	-13.362	70.831	-145.23	-50.706	49.129
157.95	184.76	23.009	-92.896	63.72	23.57	-72.94	56.308	20.882	-92.768	13.048	77.941	-171.68	-14.916	69.171	-150.26	-52.447	47.649
157.96	184.76	23.015	-96.825	61.529	21.724	-77.358	53.821	18.566	-97.311	11.131	76.278	-176.34	-16.338	67.495	-155.12	-54.089	46.211
157.96	184.76	23.01	-100.64	59.481	20.075	-81.112	51.521	17.084	-101.8	9.2962	74.549	-180.9	-17.634	65.872	-159.9	-55.672	44.77
157.95	184.75	23.013	-104.45	57.376	18.33	-85.246	49.338	15.275	-106.14	7.5376	72.727	-185.32	-18.789	64.245	-164.52	-57.168	43.314
157.96	184.75	23.018	-108.16	55.436	16.284	-89.189	47.168	13.295	-110.31	5.8662	71.009	-189.63	-19.875	62.646	-169.05	-58.662	41.839
157.96	184.75	23.017	-111.71	53.575	14.765	-92.899	45.14	11.524	-114.3	4.2466	69.242	-193.8	-20.854	61.088	-173.41	-60.054	40.427
157.96	184.75	23.016	-115.23	51.697	12.692	-96.412	43.159	9.7429	-118.12	2.7235	67.53	-197.84	-21.811	59.558	-177.68	-61.403	39.032
157.96	184.75	23.016	-118.6	50.02	10.943	-100.18	41.256	7.5845	-121.83	1.2056	65.794	-201.7	-22.725	58.096	-181.75	-62.645	37.662
157.96	184.75	23.014	-121.77	48.305	9.1595	-103.2	39.434	5.8663	-125.39	-0.27498	64.119	-205.43	-23.648	56.635	-185.74	-63.888	36.336
157.96	184.74	23.011	-124.88	46.607	7.4687	-106.67	37.587	4.0995	-128.77	-1.7121	62.526	-208.56	-24.668	55.459	-189.62	-65.021	35.04
157.97	184.74	23.013	-127.73	45.04	5.8996	-109.6	35.92	2.5061	-132.01	-3.1186	60.993	-211.35	-25.776	54.478	-193.33	-66.086	33.752
157.97	184.74	23.009	-130.39	43.505	4.4734	-112.36	34.177	1.0272	-135.06	-4.4932	59.532	-214.47	-26.844	53.272	-196.87	-67.055	32.437
157.97	184.74	23.012	-132.89	42.024	3.156	-114.85	32.574	-0.18412	-138.08	-5.8648	58.032	-217.94	-27.848	51.846	-200.27	-67.951	31.144
157.96	184.74	23.006	-135.23	40.621	1.9023	-117.46	30.932	-1.6349	-140.9	-7.1906	56.729	-220.77	-27.762	50.067	-203.14	-68.59	29.935
157.97	184.74	23.007	-137.47	39.243	0.79584	-119.63	29.506	-2.7108	-143.61	-8.4568	55.479	-223.55	-28.448	48.8	-206.69	-69.555	28.576
157.97	184.74	23.011	-139.48	38.005	-0.13373	-121.64	28.127	-3.6748	-146.22	-9.6572	54.224	-226.19	-29.035	47.522	-209.63	-70.238	27.327
157.96	184.74	23.004	-141.39	36.83	-0.96569	-123.72	26.813	-4.8351	-148.7	-10.78	53.066	-228.73	-29.507	46.31	-212.49	-70.866	26.078
157.95	184.74	23.005	-143.22	35.699	-1.7264	-125.86	25.549	-6.0204	-151.07	-11.845	51.952	-231.16	-29.872	45.073	-215.17	-71.431	24.8
157.95	184.74	22.999	-144.88	34.741	-2.3687	-127.4	24.463	-6.7715	-153.33	-12.816	50.848	-233.44	-30.118	43.885	-217.66	-71.912	23.651
157.95	184.74	23.018	-146.41	33.907	-3.0197	-129.32	23.373	-7.9542	-155.43	-13.695	49.809	-235.65	-30.338	42.693	-220.01	-72.312	22.483
157.95	184.74	22.998	-147.99	32.961	-4.007	-130.92	22.469	-8.8046	-157.42	-14.562	48.857	-237.72	-30.533	41.478	-222.24	-72.666	21.319
157.95	184.74	23.003	-149.41	32.238	-4.6763	-132.26	21.553	-9.6037	-159.28	-15.324	47.976	-239.61	-30.676	40.338	-224.25	-73.001	20.15
157.95	184.74	23.003	-150.69	31.502	-5.5967	-133.83	20.638	-10.283	-161.12	-15.949	47.183	-241.34	-30.794	39.176	-226.03	-73.279	19.023
157.94	184.74	23.002	-151.86	30.934	-6.3172	-134.91	20.007	-10.815	-162.88	-16.433	46.539	-242.95	-30.967	38.09	-227.63	-73.531	18.006
157.94	184.74	23.015	-153.01	30.32	-6.8794	-136.14	19.437	-11.245	-164.58	-16.757	46.133	-244.44	-31.082	36.973	-229.07	-73.704	17.052
157.94	184.74	23.01	-153.99	29.917	-7.3664	-137.07	19.05	-11.369	-166.29	-17.007	45.63	-245.82	-31.177	35.813	-230.48	-73.811	16.156
157.93	184.74	23.004	-154.88	29.641	-7.6215	-138.05	18.608	-11.643	-167.86	-17.134	45.39	-247.03	-31.228	34.761	-231.52	-74.279	15.73
157.93	184.74	23.002	-155.66	29.408	-7.8723	-138.75	18.444	-11.436	-169.32	-17.222	45.049	-248.18	-31.18	33.709	-232.7	-74.251	14.941
157.93	184.73	23.01	-156.37	29.217	-8.1191	-139.51	18.256	-11.662	-170.7	-17.275	44.822	-249.17	-31.055	32.75	-233.82	-74.129	14.159
157.93	184.73	23.013	-157	29.155	-8.3892	-139.93	18.16	-11.268	-171.91	-17.3	44.5	-250.07	-30.906	31.787	-234.7	-73.886	13.336
157.93	184.73	23.024	-157.55	29.09	-8.6066	-140.66	18.058	-11.572	-172.99	-17.309	44.165	-250.91	-30.688	30.82	-235.8	-73.627	12.311
157.93	184.73	23.024	-157.97	29.105	-8.8363	-141.08	18.074	-11.713	-173.93	-17.26	43.847	-251.64	-30.444	29.895	-236.44	-73.546	11.597
157.93	184.73	23.016	-158.42	29.132	-9.1818	-141.29	18.056	-11.767	-174.7	-17.113	43.623	-252.14	-30.144	29.176	-236.92	-73.513	10.927
157.93	184.73	23.004	-158.76	29.138	-9.4434	-141.73	18.165	-12.004	-175.39	-16.819	43.338	-252.58	-29.835	28.558	-237.25	-73.453	10.372
157.93	184.73	23.015	-159.13	29.21	-10.082	-141.81	18.304	-12.121	-175.7	-16.015	43.7	-252.91	-29.576	28.03	-237.49	-73.375	10.004
157.94	184.73	23.006	-159.36	29.337	-10.603	-141.88	18.512	-12.246	-176.05	-15.333	43.55	-253.08	-29.296	27.735	-237.66	-73.216	9.9094
157.94	184.73	23.004	-159.64	29.596	-11.189	-142.21	18.751	-12.937	-176.25	-14.6	43.383	-253.14	-29.101	27.579	-237.81	-72.921	10.036
157.94	184.73	23.004	-159.89	29.8	-11.642	-142.04	19.336	-13.02	-176.4	-13.981	43.2	-253.14	-28.979	27.441	-237.93	-72.593	10.249
157.94	184.74	22.997	-160.08	30.228	-12.147	-142.13	19.669	-13.39	-176.46	-13.395	43.027	-253.05	-28.903	27.329	-238.05	-72.277	10.438
157.94	184.73	23.002	-160.22	30.508	-12.41	-142.33	20.125	-13.956	-176.42	-12.981	42.82	-252.93	-28.803	27.211	-238.09	-71.982	10.524
157.94	184.73	22.998	-160.26	30.957	-12.744	-142.11	20.678	-13.957	-176.31	-12.512	42.632	-252.79	-28.693	27.111	-238.09	-71.752	10.475
157.94	184.73	23.003	-160.33	31.326	-12.992	-142.14	20.975	-14.662	-176.17	-12.072	42.434	-252.61	-28.505	26.967	-238.01	-71.525	10.358
157.94	184.74	22.991	-160.28	31.703	-13.259	-142.06	21.264	-15.188	-175.96	-11.596	42.176	-252.45	-28.233	26.8	-237.91	-71.26	10.151
157.94	184.74	23	-160.26	32.103	-13.504	-141.71	21.78	-15.56	-175.7	-11.043	41.883	-252.25	-27.891	26.699	-237.79	-70.978	10.013
157.95	184.74	22.996	-160.26	32.483	-13.973	-141.71	22.062	-16.293	-175.46	-10.493	41.601	-252.05	-27.507	26.506	-237.68	-70.665	9.9214
157.95	184.75	23.005	-160.19	32.828	-14.417	-141.59	22.32	-16.811	-175.2	-9.9109	41.315	-251.87	-27.115	26.314	-237.6	-70.363	9.8301
157.95	184.75	22.994	-160.04	33.096	-14.601	-141.63	22.769	-17.157	-174.93	-9.2842	41.062	-251.66	-26.688	26.123	-237.53	-70.069	9.8036
157.96	184.75	22.997	-159.9	33.439	-14.914	-141.46	22.857	-17.439	-174.73	-8.6876	40.76	-251.45	-26.279	25.92	-237.47	-69.796	9.7961
157.95	184.76	23.008	-159.69	33.682	-14.977	-141.16	23.236	-17.371	-174.69	-8.2118	40.52	-251.26	-25.847	25.743	-237.35	-69.563	9.7904
157.96	184.76	23.006	-159.38	33.969	-14.927	-141.15	23.376	-17.459	-174.61	-7.7587	40.442	-251.1	-25.511	25.606	-237.19	-69.291	9.7794
157.96	184.77	23.007	-159.29	34.175	-15.177	-141.05	23.669	-17.499	-174.54	-7.3926	40.445	-250.94	-25.21	25.458	-237.02	-69.06	9.7673
157.96	184.77	23.013	-159.17	34.372	-15.336	-140.74	24.085	-17.486	-174.41	-6.9704	40.396	-250.82	-24.971	25.314	-236.86	-68.833	9.7735
157.97	184.77	23.014	-159	34.642	-15.251	-140.82	24.248	-17.584	-174.31	-6.5656	40.356	-250.69	-24.755	25.208	-236.7	-68.646	9.8226
157.97	184.77	23.009	-158.94	34.836	-15.316	-140.62	24.534	-17.412	-174.21	-6.252	40.301	-250.58	-24.609	25.13	-236.55	-68.493	9.8715
157.97	184.77	23.014	-158.91	34.971	-15.485	-140.49	24.829	-17.291	-174.16	-5.9724	40.188	-250.45	-24.471	25.045	-236.42	-68.357	9.8946
157.97	184.78	23.01	-158.81	35.136	-15.476	-140.6	24.92	-17.608	-174.08	-5.746	40.131	-250.31	-24.394	25.014	-236.31	-68.281	9.9067
157.97	184.78	23.012	-158.74	35.29	-15.534	-140.63	25.119	-17.72	-174	-5.5415	40.068	-250.18	-24.347	24.965	-236.19	-68.223	9.8956
157.97	184.78	23.011	-158.71	35.359	-15.614	-140.58	25.292	-17.697	-173.92	-5.4053	39.996	-250.05	-24.339	24.94	-236.09	-68.175	9.868
157.97	184.78	23.009	-158.72	35.424	-15.618	-140.55	25.447	-17.678	-173.84	-5.3134	39.904	-249.93	-24.351	24.921	-235.99	-68.153	9.823
157.97	184.78	23.016	-158.75	35.481	-15.698	-140.54	25.53	-17.668	-173.79	-5.2813	39.835	-249.85	-24.385	24.911	-235.92	-68.153	9.7772
157.97	184.78	23.017	-158.77	35.496	-15.725	-140.56	25.574	-17.676	-173.76	-5.2797	39.779	-249.79	-24.437	24.902	-235.88	-68.179	9.7216
157.97	184.78	23.007	-158.78	35.501	-15.733	-140.57	25.58	-17.665	-173.72	-5.302	39.736	-249.78	-24.506	24.879	-235.9	-68.24	9.6648
157.96	184.77	23.008	-158.78	35.495	-15.723	-140.6	25.564	-17.69	-173.72	-5.3503	39.693	-249.79	-24.591	24.87	-235.91	-68.293	9.6299
157.97	184.78	23.006	-158.79	35.456	-15.677	-140.63	25.551	-17.709	-173.72	-5.3952	39.676	-249.85	-24.715	24.797	-235.94	-68.356	9.5962
157.97	184.78	23.004	-158.8	35.465	-15.647	-140.57	25.571	-17.621	-173.73	-5.4439	39.668	-249.91	-24.795	24.774	-236	-68.424	9.5631
157.96	184.78	23	-158.81	35.45	-15.646	-140.57	25.558	-17.614	-173.74	-5.4787	39.664	-249.98	-24.874	24.764	-236.05	-68.474	9.5227
157.96	184.77	22.998	-158.84	35.437	-15.65	-140.61	25.535	-17.642	-173.76	-5.5068	39.646	-250.04	-24.918	24.755	-236.07	-68.517	9.5064
157.96	184.77	22.99	-158.86	35.452	-15.624	-140.62	25.534	-17.647	-173.78	-5.5312	39.64	-250.11	-24.947	24.742	-236.1	-68.541	9.4933
157.96	184.76	22.992	-158.95	35.438	-15.69	-140.66	25.521	-17.679	-173.8	-5.5641	39.621	-250.14	-24.956	24.723	-236.15	-68.565	9.4663
157.95	184.77	22.993	-158.96	35.448	-15.695	-140.7	25.504	-17.709	-173.8	-5.5715	39.622	-250.16	-24.945	24.703	-236.18	-68.56	9.4645
157.95	184.77	22.991	-158.96	35.449	-15.695	-140.73	25.505	-17.736	-173.78	-5.5822	39.625	-250.17	-24.916	24.703	-236.23	-68.556	9.4678
157.96	184.76	22.998	-158.96	35.449	-15.695	-140.73	25.505	-17.749	-173.75	-5.6014	39.609	-250.16	-24.88	24.696	-236.26	-68.548	9.4726
157.96	184.77	22.998	-158.97	35.454	-15.704	-140.72	25.492	-17.763	-173.72	-5.6181	39.597	-250.15	-24.837	24.692	-236.28	-68.523	9.468
157.96	184.76	22.997	-158.96	35.457	-15.693	-140.72	25.499	-17.773	-173.69	-5.6344	39.573	-250.15	-24.788	24.687	-236.32	-68.492	9.4435
157.96	184.76	22.997	-158.95	35.465	-15.69	-140.7	25.494	-17.771	-173.67	-5.6384	39.556	-250.14	-24.749	24.699	-236.33	-68.466	9.4417
157.96	184.77	23.001	-158.88	35.492	-15.623	-140.7	25.494	-17.771	-173.64	-5.6488	39.543	-250.13	-24.711	24.682	-236.35	-68.429	9.4357
157.96	184.77	23.005	-158.88	35.497	-15.646	-140.81	25.446	-17.888	-173.6	-5.6561	39.528	-250.12	-24.675	24.685	-236.37	-68.395	9.4268
157.96	184.77	23.004	-158.85	35.495	-15.633	-140.79	25.447	-17.896	-173.56	-5.6657	39.519	-250.11	-24.642	24.692	-236.38	-68.361	9.4231
157.97	184.77	23.007	-158.84	35.504	-15.731	-140.77	25.445	-17.897	-173.5	-5.6658	39.506	-250.09	-24.612	24.696	-236.4	-68.327	9.4121
157.97	184.77	23.005	-158.82	35.496	-15.776	-140.73	25.458	-17.878	-173.47	-5.6725	39.487	-250.04	-24.553	24.762	-236.41	-68.284	9.4224
157.98	184.77	23.012	-158.79	35.504	-15.804	-140.62	25.487	-17.798	-173.42	-5.6705	39.47	-250.03	-24.503	24.759	-236.41	-68.253	9.4212
157.99	184.78	23.007	-158.75	35.509	-15.823	-140.57	25.5	-17.774	-173.33	-5.6713	39.465	-249.98	-24.459	24.775	-236.42	-68.21	9.4092
157.99	184.78	23.007	-158.71	35.503	-15.878	-140.5	25.486	-17.764	-173.28	-5.679	39.443	-249.95	-24.42	24.779	-236.42	-68.173	9.4262
157.99	184.78	23.011	-158.65	35.52	-15.884	-140.44	25.447	-17.774	-173.23	-5.6844	39.427	-249.91	-24.362	24.78	-236.42	-68.13	9.4251
157.99	184.79	23.018	-158.59	35.534	-15.869	-140.4	25.421	-17.789	-173.17	-5.6821	39.409	-249.88	-24.322	24.789	-236.41	-68.084	9.438
158	184.78	23.016	-158.51	35.557	-15.839	-140.58	25.319	-18.001	-173.13	-5.6838	39.387	-249.83	-24.276	24.801	-236.39	-68.046	9.4418
157.99	184.79	23.018	-158.43	35.582	-15.81	-140.54	25.311	-18.135	-173.05	-5.6787	39.368	-249.78	-24.223	24.8	-236.37	-68.001	9.4417
158	184.79	23.006	-158.37	35.596	-15.795	-140.52	25.294	-18.147	-172.97	-5.6658	39.354	-249.73	-24.186	24.807	-236.37	-67.965	9.4499
158	184.79	23.002	-158.32	35.607	-15.782	-140.52	25.275	-18.177	-172.88	-5.6693	39.34	-249.67	-24.135	24.807	-236.34	-67.932	9.4486
158	184.78	22.996	-158.25	35.643	-15.76	-140.5	25.266	-18.207	-172.82	-5.6731	39.33	-249.63	-24.12	24.81	-236.32	-67.909	9.4433
158	184.79	23.004	-158.21	35.645	-15.743	-140.49	25.261	-18.204	-172.75	-5.6731	39.335	-249.57	-24.089	24.809	-236.3	-67.892	9.432
