164.32	29.901	21.666	-156.63	37.543	-15.711	-138.73	28.339	-17.875	-173.28	0.070227	38.995	-247.07	-23.18	21.268	-231.19	-68.027	11.932
164.32	29.902	21.657	-156.63	37.545	-15.698	-138.74	28.335	-17.885	-173.28	0.063836	38.997	-247.06	-23.178	21.271	-231.19	-68.027	11.932
164.33	29.904	21.675	-156.63	37.543	-15.711	-138.72	28.343	-17.864	-173.28	0.072687	38.994	-247.06	-23.169	21.265	-231.18	-68.022	11.934
164.32	29.9	21.663	-156.63	37.535	-15.72	-138.73	28.329	-17.883	-173.28	0.07661	38.998	-247.07	-23.157	21.261	-231.18	-68.027	11.943
164.32	29.902	21.656	-156.63	37.539	-15.694	-138.73	28.339	-17.875	-173.28	0.075398	38.997	-247.08	-23.155	21.258	-231.19	-68.023	11.936
164.32	29.902	21.658	-156.63	37.535	-15.72	-138.72	28.327	-17.876	-173.29	0.081933	38.993	-247.08	-23.153	21.252	-231.18	-68.022	11.934
164.33	29.903	21.663	-156.63	37.535	-15.72	-138.73	28.339	-17.875	-173.29	0.071947	39.004	-247.08	-23.15	21.251	-231.18	-68.022	11.934
164.32	29.905	21.664	-156.63	37.545	-15.698	-138.73	28.339	-17.861	-173.27	0.077019	38.995	-247.08	-23.159	21.258	-231.18	-68.022	11.933
164.32	29.907	21.66	-156.63	37.545	-15.698	-138.73	28.323	-17.886	-173.29	0.058316	38.966	-247.08	-23.157	21.26	-231.19	-68.026	11.928
164.32	29.912	21.658	-156.63	37.547	-15.685	-138.73	28.339	-17.875	-173.29	0.072658	38.997	-247.08	-23.171	21.268	-231.18	-68.018	11.926
164.32	29.915	21.664	-156.63	37.553	-15.689	-138.74	28.328	-17.889	-173.3	0.081745	38.982	-247.08	-23.171	21.268	-231.19	-68.011	11.926
164.31	29.918	21.655	-156.63	37.556	-15.663	-138.74	28.338	-17.88	-173.32	0.076627	38.963	-247.09	-23.164	21.256	-231.21	-68.011	11.925
164.31	29.921	21.656	-156.63	37.556	-15.663	-138.73	28.349	-17.853	-173.33	0.096572	38.985	-247.1	-23.158	21.263	-231.21	-67.997	11.934
164.31	29.924	21.659	-156.63	37.564	-15.654	-138.74	28.344	-17.877	-173.33	0.11622	38.997	-247.11	-23.148	21.252	-231.22	-67.999	11.933
164.31	29.928	21.661	-156.64	37.553	-15.674	-138.74	28.344	-17.877	-173.35	0.099355	38.955	-247.12	-23.138	21.248	-231.23	-67.992	11.933
164.3	29.923	21.663	-156.64	37.559	-15.678	-138.74	28.344	-17.877	-173.36	0.1125	38.975	-247.15	-23.118	21.232	-231.24	-67.982	11.93
164.31	29.93	21.659	-156.64	37.552	-15.687	-138.74	28.338	-17.88	-173.36	0.13232	38.981	-247.16	-23.114	21.226	-231.24	-67.977	11.922
164.31	29.936	21.663	-156.63	37.556	-15.663	-138.74	28.354	-17.869	-173.37	0.13267	38.983	-247.17	-23.087	21.225	-231.26	-67.977	11.928
164.3	29.928	21.658	-156.64	37.563	-15.652	-138.74	28.338	-17.88	-173.37	0.13148	38.976	-247.18	-23.071	21.214	-231.26	-67.972	11.917
164.3	29.935	21.657	-156.64	37.561	-15.665	-138.74	28.338	-17.867	-173.37	0.11108	38.959	-247.17	-23.086	21.225	-231.26	-67.97	11.924
164.31	29.937	21.656	-156.64	37.563	-15.652	-138.73	28.352	-17.862	-173.36	0.10375	38.952	-247.17	-23.088	21.234	-231.28	-67.974	11.903
164.3	29.937	21.655	-156.63	37.556	-15.663	-138.74	28.338	-17.88	-173.37	0.087097	38.954	-247.16	-23.101	21.235	-231.26	-67.979	11.906
164.31	29.928	21.66	-156.64	37.563	-15.652	-138.73	28.352	-17.862	-173.37	0.10254	38.986	-247.16	-23.121	21.236	-231.28	-67.989	11.907
164.32	29.933	21.662	-156.64	37.553	-15.674	-138.74	28.338	-17.88	-173.36	0.10326	38.995	-247.15	-23.122	21.23	-231.26	-67.979	11.908
164.32	29.933	21.665	-156.63	37.556	-15.663	-138.75	28.34	-17.874	-173.37	0.10607	38.982	-247.14	-23.125	21.241	-231.28	-67.974	11.903
164.31	29.926	21.654	-156.63	37.556	-15.663	-138.74	28.328	-17.889	-173.37	0.11734	38.969	-247.14	-23.126	21.24	-231.27	-67.968	11.908
164.32	29.933	21.662	-156.63	37.555	-15.676	-138.73	28.349	-17.866	-173.37	0.10896	38.942	-247.16	-23.112	21.229	-231.28	-67.959	11.91
164.31	29.927	21.658	-156.63	37.56	-15.685	-138.74	28.335	-17.885	-173.38	0.12823	38.95	-247.16	-23.099	21.22	-231.3	-67.954	11.909
164.32	29.929	21.662	-156.63	37.553	-15.689	-138.72	28.353	-17.856	-173.37	0.12849	38.939	-247.16	-23.081	21.217	-231.29	-67.937	11.904
164.32	29.926	21.659	-156.62	37.562	-15.687	-138.74	28.335	-17.885	-173.38	0.13131	38.95	-247.16	-23.067	21.202	-231.28	-67.945	11.919
164.32	29.921	21.661	-156.63	37.543	-15.711	-138.74	28.325	-17.893	-173.38	0.1379	38.942	-247.18	-23.038	21.199	-231.29	-67.938	11.919
164.32	29.924	21.665	-156.62	37.554	-15.696	-138.73	28.329	-17.883	-173.37	0.13384	38.955	-247.18	-23.034	21.19	-231.29	-67.941	11.913
164.32	29.915	21.664	-156.63	37.543	-15.711	-138.73	28.323	-17.873	-173.37	0.12365	38.943	-247.18	-23.039	21.199	-231.3	-67.939	11.916
164.33	29.922	21.662	-156.62	37.554	-15.696	-138.73	28.329	-17.883	-173.37	0.11729	38.943	-247.19	-23.048	21.202	-231.29	-67.95	11.912
164.32	29.922	21.658	-156.63	37.547	-15.685	-138.72	28.312	-17.875	-173.36	0.12251	38.973	-247.17	-23.054	21.208	-231.3	-67.95	11.914
164.32	29.922	21.662	-156.63	37.553	-15.689	-138.72	28.327	-17.876	-173.36	0.096909	38.935	-247.17	-23.071	21.215	-231.3	-67.947	11.907
164.32	29.922	21.665	-156.63	37.556	-15.663	-138.71	28.331	-17.865	-173.36	0.10613	38.975	-247.17	-23.097	21.224	-231.3	-67.952	11.892
164.33	29.922	21.662	-156.64	37.553	-15.674	-138.73	28.323	-17.886	-173.36	0.10693	38.974	-247.16	-23.106	21.243	-231.29	-67.948	11.894
164.31	29.923	21.658	-156.64	37.545	-15.683	-138.71	28.316	-17.851	-173.36	0.10332	38.982	-247.15	-23.113	21.246	-231.29	-67.969	11.9
164.31	29.921	21.656	-156.64	37.537	-15.686	-138.72	28.334	-17.872	-173.36	0.10124	38.979	-247.16	-23.121	21.236	-231.29	-67.964	11.903
164.31	29.919	21.662	-156.63	37.538	-15.688	-138.72	28.334	-17.872	-173.37	0.082249	38.948	-247.16	-23.117	21.238	-231.31	-67.966	11.889
164.31	29.916	21.656	-156.64	37.547	-15.67	-138.72	28.31	-17.868	-173.37	0.096368	38.974	-247.16	-23.109	21.237	-231.3	-67.973	11.889
164.31	29.919	21.661	-156.63	37.549	-15.653	-138.72	28.31	-17.854	-173.36	0.09093	38.976	-247.18	-23.105	21.231	-231.29	-67.969	11.9
164.31	29.919	21.661	-156.63	37.548	-15.666	-138.73	28.323	-17.886	-173.36	0.089849	38.977	-247.18	-23.105	21.23	-231.3	-67.972	11.894
164.31	29.919	21.664	-156.63	37.548	-15.666	-138.72	28.312	-17.875	-173.37	0.094469	38.98	-247.18	-23.106	21.229	-231.31	-67.969	11.882
164.31	29.913	21.658	-156.64	37.545	-15.677	-138.71	28.316	-17.851	-173.37	0.093237	38.982	-247.18	-23.101	21.232	-231.31	-67.978	11.9
164.31	29.914	21.662	-156.64	37.546	-15.664	-138.73	28.305	-17.865	-173.38	0.092168	38.977	-247.19	-23.108	21.227	-231.31	-67.973	11.891
164.31	29.919	21.661	-156.64	37.545	-15.677	-138.73	28.299	-17.882	-173.38	0.10019	38.975	-247.19	-23.113	21.236	-231.31	-67.973	11.891
164.31	29.923	21.664	-156.64	37.555	-15.661	-138.72	28.327	-17.876	-173.38	0.10338	38.977	-247.18	-23.117	21.23	-231.31	-67.973	11.891
164.31	29.919	21.662	-156.64	37.546	-15.664	-138.73	28.331	-17.857	-173.38	0.095295	38.971	-247.18	-23.117	21.23	-231.31	-67.966	11.889
164.3	29.921	21.65	-156.64	37.545	-15.677	-138.72	28.327	-17.862	-173.38	0.092947	38.975	-247.18	-23.113	21.232	-231.31	-67.973	11.891
164.31	29.916	21.655	-156.64	37.561	-15.665	-138.74	28.311	-17.881	-173.38	0.10148	38.971	-247.18	-23.112	21.233	-231.3	-67.971	11.883
164.31	29.919	21.662	-156.64	37.553	-15.668	-138.72	28.312	-17.862	-173.38	0.10016	38.987	-247.18	-23.122	21.238	-231.31	-67.973	11.88
164.31	29.916	21.655	-156.64	37.554	-15.655	-138.73	28.306	-17.865	-173.38	0.092356	38.977	-247.18	-23.116	21.229	-231.31	-67.978	11.889
164.31	29.918	21.649	-156.64	37.555	-15.661	-138.72	28.322	-17.853	-173.38	0.094419	38.977	-247.19	-23.106	21.23	-231.3	-67.967	11.885
164.31	29.919	21.664	-156.64	37.546	-15.664	-138.73	28.299	-17.882	-173.38	0.095539	38.976	-247.19	-23.1	21.235	-231.31	-67.978	11.889
164.31	29.92	21.657	-156.64	37.546	-15.664	-138.73	28.299	-17.882	-173.36	0.088493	38.983	-247.19	-23.104	21.234	-231.31	-67.973	11.891
164.3	29.919	21.656	-156.64	37.561	-15.665	-138.73	28.308	-17.872	-173.37	0.087606	38.969	-247.19	-23.105	21.231	-231.31	-67.973	11.88
164.3	29.919	21.657	-156.64	37.546	-15.664	-138.71	28.316	-17.865	-173.36	0.089392	38.984	-247.19	-23.106	21.23	-231.3	-67.982	11.878
164.3	29.916	21.657	-156.64	37.554	-15.655	-138.74	28.301	-17.889	-173.38	0.079725	38.979	-247.19	-23.12	21.23	-231.3	-67.98	11.88
164.3	29.923	21.657	-156.65	37.543	-15.675	-138.73	28.305	-17.878	-173.37	0.088247	38.97	-247.18	-23.123	21.232	-231.29	-67.974	11.887
164.3	29.915	21.652	-156.65	37.543	-15.675	-138.73	28.299	-17.868	-173.39	0.080562	38.964	-247.18	-23.117	21.24	-231.31	-67.973	11.88
164.3	29.923	21.659	-156.65	37.543	-15.675	-138.74	28.301	-17.889	-173.38	0.089291	38.968	-247.18	-23.122	21.237	-231.31	-67.972	11.876
164.3	29.923	21.659	-156.65	37.545	-15.662	-138.75	28.29	-17.889	-173.38	0.085002	38.978	-247.18	-23.121	21.239	-231.31	-67.978	11.889
164.29	29.912	21.664	-156.65	37.551	-15.666	-138.75	28.297	-17.9	-173.38	0.085312	38.97	-247.18	-23.119	21.242	-231.31	-67.981	11.882
164.3	29.923	21.657	-156.64	37.556	-15.642	-138.74	28.292	-17.885	-173.38	0.079063	38.976	-247.2	-23.115	21.236	-231.31	-67.978	11.889
164.3	29.923	21.658	-156.64	37.556	-15.642	-138.73	28.305	-17.878	-173.38	0.069765	38.976	-247.2	-23.11	21.241	-231.31	-67.989	11.888
164.3	29.923	21.659	-156.65	37.545	-15.662	-138.74	28.294	-17.892	-173.37	0.065522	38.97	-247.19	-23.12	21.251	-231.3	-67.984	11.889
164.3	29.923	21.66	-156.65	37.553	-15.653	-138.72	28.293	-17.879	-173.35	0.053837	38.984	-247.2	-23.115	21.251	-231.29	-67.994	11.889
164.3	29.923	21.659	-156.65	37.555	-15.64	-138.74	28.283	-17.88	-173.34	0.033245	38.977	-247.19	-23.117	21.264	-231.3	-67.993	11.878
164.3	29.925	21.661	-156.65	37.555	-15.64	-138.72	28.3	-17.863	-173.32	0.025059	38.983	-247.18	-23.128	21.277	-231.28	-67.998	11.88
164.31	29.928	21.66	-156.64	37.558	-15.629	-138.73	28.287	-17.883	-173.31	0.0060667	38.996	-247.17	-23.141	21.306	-231.26	-68.02	11.892
164.31	29.932	21.657	-156.64	37.554	-15.655	-138.7	28.304	-17.866	-173.27	-0.0081429	38.999	-247.16	-23.151	21.333	-231.23	-68.034	11.893
164.31	29.927	21.669	-156.64	37.563	-15.652	-138.73	28.286	-17.895	-173.23	-0.036517	39.005	-247.14	-23.159	21.372	-231.18	-68.077	11.909
164.32	29.929	21.662	-156.63	37.556	-15.663	-138.71	28.28	-17.893	-173.15	-0.071124	39.026	-247.11	-23.189	21.432	-231.1	-68.123	11.927
164.32	29.938	21.662	-156.62	37.563	-15.674	-138.68	28.292	-17.873	-173.09	-0.1325	39.047	-247.05	-23.23	21.534	-230.98	-68.189	11.934
164.32	29.938	21.658	-156.6	37.57	-15.706	-138.69	28.252	-17.88	-173.01	-0.20251	39.119	-246.99	-23.316	21.667	-230.83	-68.274	11.976
164.32	29.934	21.661	-156.58	37.576	-15.704	-138.68	28.23	-17.889	-172.87	-0.32208	39.175	-246.83	-23.351	21.942	-230.6	-68.393	12.06
164.32	29.94	21.665	-156.53	37.585	-15.693	-138.64	28.229	-17.87	-172.68	-0.4687	39.323	-246.64	-23.461	22.161	-230.32	-68.529	12.203
164.33	29.939	21.665	-156.45	37.618	-15.64	-138.61	28.196	-17.874	-172.45	-0.66246	39.486	-246.37	-23.574	22.459	-229.94	-68.638	12.376
164.34	29.944	21.667	-156.33	37.689	-15.531	-138.53	28.079	-18.213	-172.1	-0.8968	39.745	-246.16	-23.764	22.735	-229.46	-68.792	12.609
164.34	29.943	21.659	-156.01	37.722	-15.267	-138.05	28.22	-17.798	-171.72	-1.2569	39.981	-245.84	-24.046	23.135	-228.91	-68.878	12.84
164.34	29.943	21.663	-155.65	37.596	-15.104	-137.65	28.13	-17.57	-171.2	-1.6661	40.396	-245.46	-24.254	23.659	-228.35	-68.961	13.071
164.34	29.939	21.668	-155.14	37.602	-14.767	-137.01	28.092	-17.6	-170.52	-2.128	40.785	-244.9	-24.562	24.258	-227.85	-69.08	13.289
164.33	29.929	21.667	-154.59	37.674	-14.322	-136.22	28.143	-17.111	-169.56	-2.6298	41.265	-244.39	-24.843	24.812	-227.29	-69.26	13.501
164.33	29.929	21.666	-153.98	37.805	-13.563	-135.48	28.269	-16.613	-168.41	-3.2498	41.83	-243.66	-25.15	25.512	-226.56	-69.461	13.672
164.32	29.922	21.668	-153.24	38.063	-12.646	-134.77	28.342	-16.086	-167.06	-3.9551	42.428	-242.79	-25.381	26.226	-225.59	-69.701	13.803
164.32	29.915	21.664	-152.33	38.446	-11.192	-133.47	28.557	-14.883	-165.89	-4.9239	42.723	-241.73	-25.622	27.102	-224.33	-69.954	13.947
164.31	29.919	21.67	-151.29	38.871	-9.4937	-132.09	28.654	-13.831	-164.38	-5.6399	43.544	-240.5	-25.907	28.03	-222.86	-70.208	14.187
164.3	29.905	21.671	-150.2	39.293	-7.7974	-130.28	28.813	-12.199	-162.74	-6.3981	44.553	-239.01	-26.27	29.154	-221.24	-70.462	14.564
164.29	29.9	21.674	-149.02	39.7	-6.2538	-128.24	28.857	-10.735	-160.85	-7.182	45.598	-237.34	-26.691	30.4	-219.04	-71.105	15.663
164.29	29.9	21.676	-147.82	40.075	-4.6532	-125.74	28.898	-8.7918	-158.55	-7.6946	47.165	-235.54	-27.17	31.821	-217.38	-71.758	16.661
164.29	29.896	21.668	-146.47	40.449	-3.0064	-122.39	29.352	-6.4138	-156.53	-8.6584	47.9	-233.54	-27.781	33.404	-215.76	-71.922	17.405
164.28	29.892	21.669	-145.04	40.917	-1.5099	-119.3	29.36	-4.5673	-154.03	-9.3049	49.139	-231.33	-28.512	35.183	-213.76	-72.232	18.523
164.28	29.893	21.668	-143.39	41.344	0.12964	-115.97	29.193	-2.629	-151.34	-9.9521	50.365	-228.95	-29.245	37.112	-211.66	-72.663	19.821
164.28	29.9	21.669	-141.71	41.703	1.6549	-112.28	29.011	-0.67204	-148.39	-10.591	51.729	-226.45	-30.104	39.096	-209.11	-73.042	21.296
164.28	29.896	21.677	-139.88	41.97	3.3799	-108.11	28.882	1.2661	-145.2	-11.288	53.137	-223.7	-30.975	41.221	-206.37	-73.459	22.819
164.29	29.902	21.669	-137.79	42.306	5.066	-103.7	28.44	3.4093	-141.81	-12.048	54.488	-220.71	-31.817	43.343	-203.33	-73.884	24.441
164.29	29.902	21.667	-135.47	42.526	6.9497	-99.026	27.846	5.6817	-138.24	-12.84	55.924	-217.52	-32.646	45.503	-200.16	-74.339	26.053
164.3	29.91	21.67	-132.82	42.748	9.0026	-93.825	27.028	7.9313	-134.55	-13.688	57.451	-214.11	-33.399	47.712	-196.81	-74.789	27.713
164.3	29.912	21.668	-129.9	42.782	11.248	-88.682	26.13	10.314	-130.61	-14.523	59.134	-210.54	-34.133	49.825	-193.35	-75.201	29.426
164.3	29.912	21.668	-126.72	42.677	13.22	-83.3	25.17	12.914	-126.58	-15.451	60.807	-206.78	-34.807	51.92	-189.67	-75.613	31.181
164.3	29.919	21.665	-123.19	42.602	15.467	-77.77	24.108	15.472	-122.43	-16.477	62.416	-202.06	-36.027	54.706	-185.88	-76.04	32.856
164.32	29.919	21.666	-119.27	42.493	17.829	-72.37	23.193	17.982	-117.99	-17.472	64.027	-198.58	-36.467	56.18	-181.87	-76.49	34.403
164.32	29.929	21.662	-115.08	42.246	20.02	-66.86	22.286	20.577	-113.34	-18.551	65.771	-194.73	-36.93	57.669	-177.56	-76.945	35.788
164.32	29.928	21.661	-110.6	41.823	22.143	-61.512	21.487	22.791	-108.49	-19.713	67.342	-190.33	-37.545	59.258	-173	-77.454	36.928
164.32	29.929	21.663	-105.65	41.472	24.367	-55.863	20.75	25.061	-103.38	-20.896	68.943	-185.45	-38.269	60.877	-168.08	-78.004	37.89
164.32	29.927	21.667	-100.52	40.898	26.329	-50.378	20.058	27.123	-98.087	-22.146	70.372	-180.24	-39.094	62.418	-162.85	-78.548	38.716
164.32	29.927	21.668	-95.034	40.395	28.263	-44.433	19.317	28.931	-92.45	-23.408	71.944	-174.71	-39.987	63.856	-157.41	-79.089	39.375
164.31	29.921	21.663	-89.243	39.748	29.88	-38.415	18.553	30.603	-86.652	-24.639	72.856	-168.82	-40.935	65.189	-151.82	-79.637	40.009
164.31	29.919	21.661	-83.295	39.056	31.369	-32.202	17.565	32.002	-80.592	-25.86	73.753	-162.69	-41.926	66.433	-146.09	-80.135	40.694
164.3	29.917	21.669	-77.12	38.265	32.403	-25.608	16.564	33.361	-74.426	-27.035	74.592	-156.37	-42.881	67.601	-140.2	-80.626	41.445
164.3	29.91	21.67	-70.795	37.445	33.267	-18.605	15.265	34.178	-67.984	-28.129	75.244	-149.9	-43.758	68.657	-134.17	-81.081	42.215
164.29	29.905	21.671	-64.42	36.637	33.807	-11.409	13.853	35.045	-61.489	-29.151	75.785	-143.48	-44.751	69.23	-128.09	-81.554	43.002
164.29	29.904	21.665	-57.855	35.868	34.111	-3.9518	12.485	35.903	-54.804	-30.072	76.121	-136.81	-45.378	70.176	-121.9	-82.006	43.809
164.28	29.896	21.677	-51.277	34.987	34.145	3.808	10.84	36.398	-48	-30.95	76.384	-130.12	-45.88	71.069	-115.59	-82.447	44.6
164.29	29.901	21.676	-44.622	34.174	34.027	11.7	9.071	36.731	-41.096	-31.8	76.519	-123.34	-46.239	71.949	-109.19	-82.828	45.371
164.28	29.895	21.674	-37.911	33.335	33.773	19.848	7.25	37.114	-34.133	-32.614	76.541	-116.51	-46.45	72.726	-102.69	-83.184	46.06
164.27	29.894	21.677	-31.178	32.513	33.436	28.168	5.3098	37.508	-27.03	-33.437	76.445	-109.62	-46.57	73.477	-96.139	-83.478	46.735
164.28	29.893	21.676	-24.412	31.781	33.122	36.466	3.3029	37.778	-19.889	-34.266	76.286	-102.46	-46.434	74.605	-89.503	-83.726	47.321
164.27	29.888	21.678	-17.748	31.051	32.774	44.74	1.2739	38.039	-12.699	-35.139	76.026	-95.364	-46.532	75.289	-82.898	-83.944	47.774
164.28	29.895	21.67	-11.099	30.422	32.425	53.012	-0.76517	38.177	-5.4894	-36.057	75.628	-88.182	-46.66	75.908	-76.26	-84.126	48.139
164.28	29.895	21.671	-4.4346	29.93	32.203	60.983	-2.647	38.084	1.7799	-37.007	75.175	-80.961	-46.871	76.484	-69.577	-84.282	48.421
164.28	29.895	21.671	2.2152	29.468	31.989	68.819	-4.4679	37.658	9.0648	-37.923	74.67	-73.86	-47.434	76.53	-62.95	-84.439	48.581
164.27	29.902	21.669	8.842	29.175	31.719	76.402	-6.236	36.953	16.336	-38.827	74.012	-66.515	-47.864	76.902	-56.284	-84.55	48.612
164.28	29.905	21.672	15.462	28.774	31.329	83.799	-7.7924	36.14	23.52	-39.614	73.379	-59.196	-48.302	77.228	-49.701	-84.64	48.664
164.27	29.904	21.666	21.999	28.484	30.647	90.819	-9.2561	35.165	30.549	-40.259	72.623	-51.947	-48.701	77.387	-43.148	-84.659	48.649
164.27	29.904	21.667	28.384	28.082	29.815	97.831	-10.62	33.947	37.377	-40.701	71.868	-44.79	-49.003	77.495	-36.759	-84.619	48.738
164.28	29.904	21.666	34.598	27.82	28.467	104.68	-11.848	32.915	44.13	-40.929	71.203	-37.784	-49.123	77.49	-30.436	-84.501	48.853
164.27	29.911	21.675	40.598	27.496	27.002	111.36	-12.878	31.874	50.729	-40.977	70.731	-31.012	-48.988	77.318	-24.185	-84.293	49.015
164.28	29.912	21.679	46.447	27.236	25.329	118.09	-13.772	30.925	57.019	-40.784	69.907	-24.455	-48.553	77.183	-18.161	-83.987	49.153
164.27	29.9	21.665	51.988	27.156	23.576	124.5	-14.481	29.929	63.192	-40.426	69.084	-18.203	-47.852	77.017	-12.237	-83.608	49.289
164.28	29.909	21.667	57.242	27.094	21.779	130.73	-14.994	28.844	69.204	-39.922	68.118	-12.211	-46.908	76.775	-6.4582	-83.138	49.39
164.28	29.909	21.669	62.388	27.277	20.098	136.74	-15.383	27.447	74.933	-39.377	67.118	-6.3758	-45.806	76.619	-0.86334	-82.577	49.386
164.28	29.902	21.663	66.999	27.438	18.286	142.37	-15.487	26.228	80.548	-38.716	66.064	-0.74561	-44.62	76.52	4.5723	-81.94	49.428
164.29	29.908	21.676	71.591	27.845	16.925	147.73	-15.341	24.938	86.036	-38.024	65.035	4.7064	-43.452	76.327	9.7753	-81.219	49.385
164.29	29.9	21.673	75.965	28.562	15.849	152.78	-14.984	23.273	91.359	-37.263	64.027	10.016	-42.342	76.118	14.72	-80.45	49.332
164.29	29.9	21.672	80.18	29.38	14.848	157.61	-14.414	21.495	96.4	-36.509	62.907	15.182	-41.313	75.945	19.486	-79.608	49.191
164.3	29.902	21.67	84.101	30.364	14.035	162	-13.646	19.614	101.28	-35.644	61.766	20.157	-40.423	75.765	24.022	-78.732	49.071
164.31	29.901	21.679	87.876	31.402	13.353	166.1	-12.684	17.89	105.95	-34.71	60.718	25.069	-39.427	75.969	28.331	-77.802	48.9
164.31	29.906	21.678	91.443	32.606	12.73	170.1	-11.459	16.126	110.45	-33.644	59.75	29.432	-38.891	75.465	32.49	-76.819	48.697
164.31	29.903	21.668	94.84	33.787	12.115	173.55	-10.239	14.592	114.6	-32.421	58.744	33.737	-38.143	75.286	36.431	-75.744	48.509
164.31	29.908	21.672	98.098	35.081	11.554	177.03	-8.6421	13.049	118.63	-31.064	57.881	37.773	-37.307	75.095	40.163	-74.62	48.324
164.32	29.901	21.668	101.18	36.36	10.672	180.24	-6.7824	11.405	122.37	-29.604	57.103	41.55	-36.344	74.864	43.701	-73.429	48.165
164.33	29.906	21.677	104.14	37.599	9.8014	183.19	-4.8153	10.028	125.95	-27.978	56.431	45.107	-35.181	74.635	47.067	-72.155	48.036
164.32	29.901	21.671	107.06	38.715	8.776	185.61	-2.7665	8.7218	129.31	-26.303	55.772	48.464	-33.755	74.374	50.254	-70.776	47.955
164.33	29.906	21.676	110.01	39.863	7.5284	187.92	-0.34163	7.2331	132.65	-24.529	55.374	51.616	-32.098	74.098	53.265	-69.322	47.826
164.33	29.901	21.67	112.84	40.952	6.2554	190.13	1.931	5.699	135.68	-22.827	54.823	54.546	-30.248	73.752	56.088	-67.82	47.67
164.34	29.911	21.68	115.81	41.966	4.9596	191.44	4.9178	3.9452	138.71	-21.095	54.343	57.357	-28.246	73.349	58.847	-66.277	47.512
164.33	29.906	21.675	118.84	42.828	3.63	192.75	7.5526	1.9543	141.65	-19.381	53.964	60.007	-26.187	72.924	61.451	-64.716	47.28
164.32	29.903	21.668	121.84	43.635	2.1582	193.29	10.869	-0.28647	144.45	-17.737	53.506	62.558	-24.118	72.488	63.948	-63.125	46.992
164.22	29.955	21.903	124.78	44.349	0.5907	193.75	13.682	-2.3651	147.11	-16.141	52.967	65.169	-21.88	72.331	66.289	-61.539	46.65
164.28	30.034	22.022	127.72	45.032	-0.81402	193.71	16.806	-4.5431	149.81	-14.563	52.372	67.327	-20.148	71.454	68.518	-59.941	46.335
164.33	30.103	22.16	130.75	45.8	-2.0305	193.48	19.694	-6.456	152.35	-13.033	51.779	69.783	-18.16	71.284	70.667	-58.326	45.998
164.33	30.073	22.106	133.62	46.531	-3.4074	192.97	22.614	-8.7295	154.77	-11.548	51.075	71.837	-16.634	70.397	72.755	-56.726	45.649
163.97	29.462	20.999	136.35	47.192	-4.5866	192.13	25.415	-10.638	157.13	-10.062	50.336	74.025	-15.056	69.857	74.745	-55.126	45.273
163.96	29.457	20.976	139.16	47.864	-5.806	191.1	28.309	-12.27	159.39	-8.5853	49.659	76.182	-13.52	69.326	76.582	-53.541	44.818
163.95	29.461	20.982	141.87	48.356	-7.0144	189.63	30.933	-14.235	161.53	-7.1618	48.918	78.424	-11.875	69.147	78.385	-51.937	44.438
164.13	29.729	21.082	144.63	48.87	-8.1079	187.36	33.531	-15.929	163.62	-5.7305	48.318	80.189	-10.621	68.253	80.075	-50.345	43.946
164.59	30.481	21.108	147.27	49.549	-9.2361	185.17	36.26	-17.022	165.48	-4.3164	47.719	82.016	-9.1616	67.673	81.627	-48.711	43.44
165.57	31.886	21.224	149.55	50.63	-9.7947	183.64	38.733	-17.47	167.31	-2.8654	47.3	83.873	-7.5041	67.47	83.103	-47.086	42.987
166.78	34.49	21.29	150.81	52.274	-10.057	183.89	40.495	-17.696	168.86	-1.3683	47.011	85.384	-5.964	66.972	84.453	-45.421	42.489
168.34	36.905	21.573	152.32	54.18	-10.061	184.98	41.987	-17.565	170.12	0.092455	47.031	86.725	-4.3352	66.604	85.709	-43.753	42.094
170.57	38.899	21.69	154.01	55.881	-9.7401	186.39	43.389	-17.195	171.21	1.5518	47.228	87.864	-2.6615	66.39	86.819	-42.054	41.698
173.18	40.228	21.816	155.94	57.533	-9.4181	187.71	45.038	-16.62	172.22	3.06	47.564	88.676	-1.047	65.989	87.883	-40.293	41.41
175.61	41.103	21.82	157.58	59.269	-8.737	188.96	46.823	-16.06	173.26	4.7492	47.977	89.443	0.76544	65.916	88.826	-38.449	41.22
177.18	42.358	22.025	158.98	61.18	-8.2272	189.99	48.529	-15.853	174.23	6.703	48.546	90.141	2.6871	66.014	89.748	-36.467	41.185
177.96	44.395	22.614	160.12	63.314	-7.6219	191.05	50.535	-15.221	174.97	8.7473	49.026	90.82	4.712	66.163	90.565	-34.411	41.271
178.41	46.678	23.243	160.97	65.381	-7.2159	191.96	52.782	-14.186	175.71	10.842	49.701	91.577	6.9617	66.625	91.389	-32.249	41.503
178.95	49.115	24.004	161.73	67.736	-6.6036	192.73	55.272	-13.539	176.3	13.044	50.411	92.032	9.0223	66.546	92.148	-30.065	41.7
179.45	51.615	24.818	162.39	70.358	-5.6248	193.49	58.032	-12.454	176.87	15.547	51.261	92.571	11.265	66.814	92.932	-27.841	41.952
179.89	54.33	25.788	162.84	73.1	-4.6879	193.91	61.02	-11.346	177.28	18.155	52.041	93.074	13.546	67.203	93.627	-25.62	42.131
180.2	57.189	26.834	163.12	76.024	-3.5894	194.31	64.151	-10.262	177.66	20.839	52.88	93.48	15.837	67.617	94.264	-23.334	42.427
180.3	60.183	27.802	163.25	79.123	-2.4917	194.39	67.489	-9.3025	178	23.643	53.778	93.784	18.097	68.124	94.85	-20.982	42.695
180.34	63.403	29.035	163.2	82.375	-1.1335	194.75	71.262	-7.5902	178.22	26.633	54.726	93.992	20.358	68.689	95.446	-18.553	43.044
180.31	66.779	30.393	162.94	85.706	0.20796	194.63	75.08	-6.5024	178.38	29.783	55.738	94.282	22.775	69.619	95.977	-16.056	43.466
180.06	70.257	31.644	162.62	89.283	1.6923	194.56	79.052	-5.0022	178.37	33.044	56.713	94.194	24.854	69.885	96.45	-13.506	43.831
179.75	73.87	32.98	162.17	93.002	3.3222	194.33	83.36	-3.2266	178.37	36.443	57.835	94.259	27.167	70.507	96.93	-10.909	44.269
179.33	77.616	34.454	161.54	96.657	4.7982	193.95	87.611	-1.9181	178.22	39.907	58.904	94.422	29.675	71.368	97.392	-8.2614	44.633
178.77	81.405	35.857	160.87	100.48	6.3453	193.49	91.953	-0.26216	178	43.486	60.018	94.261	31.978	71.65	97.774	-5.5758	45.043
178.15	85.234	37.28	160.18	104.23	7.8665	193.06	96.28	1.2678	177.8	47.143	61.19	94.192	34.502	72.215	98.121	-2.8065	45.374
177.52	89.127	38.674	159.48	108.01	9.2343	192.59	100.48	2.7596	177.45	50.826	62.301	94.09	37.123	72.711	98.414	0.01376	45.711
176.85	92.932	39.829	158.72	111.64	10.404	192.09	104.66	4.1629	177.07	54.527	63.339	93.895	39.871	73.228	98.619	2.9007	46.089
176.16	96.67	40.911	158.13	115.32	11.591	191.71	108.65	5.4715	176.66	58.241	64.387	93.613	42.716	73.661	98.789	5.8908	46.52
175.55	100.43	41.922	157.45	118.83	12.387	191.2	112.51	6.3424	176.23	61.923	65.321	93.313	45.727	74.059	98.898	8.9554	46.935
174.89	104.11	42.694	156.83	122.37	13.131	190.72	116.25	7.3298	175.78	65.612	66.183	92.89	48.85	74.394	99	12.087	47.385
174.29	107.77	43.426	156.25	125.87	13.767	190.28	119.96	8.1521	175.31	69.25	66.913	92.473	52.093	74.695	99.064	15.214	47.789
173.6	111.36	43.904	155.56	129.33	14.204	189.8	123.65	8.622	174.84	72.876	67.531	92.065	55.406	74.909	99.095	18.325	48.18
172.99	115.02	44.432	154.96	132.81	14.628	189.35	127.3	9.2627	174.42	76.509	68.1	91.618	58.742	75.067	99.192	21.443	48.436
172.27	118.63	44.737	154.28	136.24	14.935	188.73	130.96	9.6459	174.01	80.112	68.52	91.23	62.07	75.165	99.233	24.471	48.664
171.66	122.27	45.067	153.44	139.65	15.102	188.11	134.52	9.8956	173.57	83.702	68.802	90.875	65.394	75.298	99.316	27.488	48.74
171.02	125.88	45.19	152.62	143.04	15.273	187.51	138.17	10.042	173.19	87.26	68.973	90.56	68.576	75.346	99.408	30.465	48.919
170.29	129.41	45.181	151.7	146.4	15.308	186.81	141.77	10.161	172.85	90.827	69.059	90.452	71.86	75.834	99.512	33.38	48.973
169.58	132.92	45.061	150.8	149.67	15.314	186.07	145.37	10.038	172.5	94.335	69.043	90.234	74.764	75.821	99.613	36.254	49.007
168.87	136.37	44.916	149.87	152.91	15.198	185.29	148.81	9.902	172.16	97.83	68.915	90.089	77.485	75.773	99.732	39.092	49.039
168.2	139.77	44.577	149	156.01	14.982	184.47	152.29	9.5518	171.89	101.3	68.731	89.617	79.514	74.533	99.883	41.86	49.032
167.53	143.11	44.182	148.05	159.01	14.584	183.59	155.58	8.8739	171.58	104.73	68.454	89.592	82.028	74.411	100	44.556	49.011
166.88	146.36	43.759	147.17	161.93	14.06	182.83	158.74	8.3564	171.3	108.08	68.126	89.573	84.511	74.238	100.16	47.182	48.967
166.22	149.48	43.144	146.35	164.71	13.555	182.19	161.75	7.7482	171.05	111.37	67.734	89.549	86.969	74.003	100.3	49.713	48.894
165.58	152.49	42.407	145.57	167.35	12.865	181.53	164.65	7.0845	170.8	114.54	67.25	89.542	89.448	73.726	100.42	52.214	48.841
165.1	155.41	41.747	144.99	169.86	12.12	181.01	167.44	6.259	170.6	117.63	66.812	89.513	91.94	73.411	100.6	54.661	48.687
164.64	158.2	41.031	144.45	172.24	11.285	180.46	170.17	5.2738	170.38	120.57	66.326	89.481	94.443	73.024	100.77	57.034	48.484
164.2	160.79	40.194	143.96	174.48	10.339	180.15	172.53	4.6077	170.22	123.4	65.835	89.411	96.91	72.635	100.93	59.354	48.31
163.88	163.29	39.494	143.65	176.67	9.4761	179.81	174.84	3.6923	170.06	126.07	65.328	89.338	99.366	72.204	101.11	61.587	48.107
163.64	165.67	38.695	143.39	178.76	8.6	179.6	177.02	2.8099	169.95	128.6	64.808	89.232	101.75	71.729	101.26	63.733	47.899
163.42	167.92	37.911	143.14	180.66	7.6534	179.48	179.07	2.1067	169.87	131.01	64.247	89.139	104.06	71.28	101.45	65.781	47.593
163.28	170.07	37.19	142.99	182.46	6.7665	179.26	181.03	1.0937	169.8	133.3	63.733	89.064	106.26	70.816	101.62	67.721	47.282
163.17	172.07	36.349	142.9	184.25	5.909	179.21	182.87	0.34643	169.77	135.43	63.118	89.076	108.3	70.322	101.79	69.568	47.013
163.11	173.93	35.622	142.8	185.87	4.9484	179.23	184.56	-0.40332	169.8	137.43	62.518	89.099	110.16	69.794	101.99	71.318	46.666
163.06	175.66	34.786	142.76	187.41	4.0082	179.21	186.19	-1.2341	169.85	139.28	61.876	89.186	111.87	69.272	102.24	72.95	46.239
163.05	177.26	33.918	142.8	188.81	3.2308	179.2	187.67	-2.0711	170.01	141	61.173	89.388	113.39	68.736	102.47	74.471	45.843
163.1	178.75	33.104	142.82	190.1	2.2287	179.27	188.97	-2.9341	170.16	142.54	60.456	89.665	114.79	68.219	102.72	75.874	45.392
163.21	180.1	32.213	142.84	191.2	1.2005	179.31	190.18	-4.0174	170.38	143.99	59.739	89.961	116.04	67.604	102.96	77.194	44.891
163.32	181.3	31.143	143.01	192.27	0.16981	179.5	191.2	-4.9387	170.59	145.3	58.898	90.305	117.22	66.965	103.21	78.383	44.347
163.53	182.4	30.097	143.14	193.06	-1.0126	179.63	192.07	-6.2184	170.82	146.5	57.976	90.791	118.6	66.896	103.41	79.489	43.88
163.69	183.33	28.886	143.37	193.79	-2.2897	179.89	192.68	-7.4371	171.06	147.63	57.074	91.143	119.65	66.16	103.67	80.515	43.333
163.9	184.15	27.516	143.59	194.33	-3.7208	180.06	193.15	-8.8917	171.25	148.66	56.055	91.434	120.69	65.429	103.82	81.483	42.885
164.04	184.83	26.004	143.79	194.69	-5.3506	180.33	193.47	-10.493	171.49	149.62	55.019	91.645	121.75	64.664	103.97	82.37	42.415
164.23	185.44	24.467	143.94	194.85	-7.1052	180.47	193.57	-12.221	171.63	150.53	53.799	91.765	122.79	63.841	104.1	83.187	41.979
164.54	185.78	22.954	144.07	195	-8.8901	180.6	193.58	-13.931	171.68	151.26	52.516	91.83	123.8	63.021	104.24	83.902	41.498
164.74	185.42	22.811	144.01	195.23	-10.294	180.89	193.89	-15.109	171.83	151.96	51.241	92.026	125	62.693	104.32	84.545	41.047
164.77	184.94	22.727	144.01	195.44	-11.488	181.32	194.02	-16.311	172.09	152.4	50.224	91.727	125.66	61.204	104.38	85.1	40.506
164.85	184.22	22.65	144.12	195.73	-12.421	181.85	194.19	-17.267	172.32	152.49	49.212	91.662	126.47	60.449	104.41	85.541	40.018
164.85	183.81	22.528	144.21	196.02	-12.668	181.99	194.65	-17.452	172.57	152.46	48.459	91.578	127.09	59.74	104.4	85.784	39.479
165.04	184.18	22.555	144.39	196.39	-12.749	182.32	194.88	-17.632	172.78	152.21	47.928	91.528	127.47	59.208	104.4	85.898	38.787
165.33	184.64	22.564	144.59	196.6	-12.754	182.54	194.96	-17.7	173.02	151.57	47.541	91.146	127.15	57.86	104.36	85.896	38.167
165.36	184.79	22.746	144.78	196.74	-12.726	182.72	194.96	-17.708	173.43	150.93	47.345	91.719	127.44	58.762	104.32	85.776	37.61
165.41	184.59	22.701	144.9	196.74	-12.653	182.8	194.91	-17.708	173.56	150.39	47.127	91.839	126.98	58.545	104.26	85.569	37.148
165.43	184.36	22.662	144.95	196.65	-12.597	182.88	194.8	-17.703	173.56	150.12	47.049	92.137	126.43	58.6	104.19	85.322	36.87
165.5	184.28	22.689	144.94	196.49	-12.558	182.95	194.73	-17.648	173.48	150.02	47.023	92.357	125.79	58.57	104.08	85.097	36.868
165.57	184.18	22.67	144.97	196.27	-12.558	182.98	194.65	-17.618	173.36	149.99	47.062	92.573	125.21	58.675	104	84.938	36.803
165.67	183.91	22.621	144.96	195.94	-12.598	183.02	194.42	-17.541	173.14	149.94	47.183	92.598	124.65	58.632	103.87	84.766	37.002
165.77	183.59	22.679	144.87	195.59	-12.526	183.3	193.96	-17.622	172.87	149.81	47.31	92.478	124.28	58.755	103.69	84.595	37.25
165.84	183.17	22.727	144.78	195.21	-12.552	183.54	193.52	-17.54	172.56	149.6	47.505	92.202	124.04	58.852	103.49	84.336	37.491
165.87	182.69	22.656	144.56	194.8	-12.531	183.92	193.12	-17.351	172.3	149.37	47.648	91.958	124.14	59.5	103.27	84.025	37.756
165.93	182.27	22.731	144.09	194.34	-12.539	184.64	192.72	-17.068	172.01	149.06	47.845	91.208	123.89	59.159	103.08	83.63	37.931
165.92	181.91	22.733	143.52	194.03	-12.261	186.1	192.21	-16.584	171.67	148.72	48.023	90.638	123.92	59.491	102.9	83.15	38.174
166.09	181.69	22.565	142.66	193.69	-11.919	188.34	191.53	-15.919	171.19	148.21	48.018	90.058	123.85	59.716	102.73	82.598	38.45
166.07	181.54	22.53	141.61	193.37	-11.543	190.85	190.88	-14.949	170.88	147.76	48.158	89.619	123.65	60.176	102.53	81.979	38.817
166.06	181.45	22.526	140.47	193.09	-10.895	193.18	190.23	-13.789	170.57	147.23	48.317	88.782	122.71	59.527	102.31	81.309	39.284
166.04	181.41	22.517	139.27	192.79	-10.122	195.36	189.61	-12.351	170.27	146.61	48.522	88.499	121.86	60.114	102.07	80.535	39.77
166.02	181.43	22.529	138.07	192.45	-9.214	197.37	188.95	-10.6	169.95	145.82	48.92	88.776	121.19	61.881	101.8	79.7	40.284
165.99	181.49	22.514	136.95	192.02	-8.0396	199.32	188.36	-8.1262	169.59	144.82	49.4	88.98	120.09	63.275	101.48	78.757	40.865
165.98	181.55	22.498	135.85	191.46	-6.8687	200.89	187.38	-6.1276	169.26	143.65	50.002	88.703	118.37	63.499	101.12	77.665	41.445
165.98	181.57	22.497	134.91	190.77	-5.5638	202.19	186.15	-4.2357	168.94	142.28	50.678	88.678	116.86	64.421	100.74	76.506	41.999
165.98	181.55	22.479	134.11	189.92	-4.1736	203.22	184.55	-2.4323	168.7	140.81	51.604	88.58	115.35	65.361	100.32	75.268	42.642
165.99	181.5	22.494	133.56	188.97	-2.7991	204.05	182.76	-0.80557	168.43	139.17	52.564	88.353	113.85	66.339	99.82	74.009	43.378
166	181.49	22.512	133.28	187.91	-1.1852	204.65	180.91	0.94695	168.11	137.41	53.754	87.984	112.37	67.296	99.297	72.71	44.2
166	181.51	22.492	132.96	186.67	0.34709	204.89	178.98	2.7182	167.69	135.53	55.06	87.627	111.14	68.822	98.667	71.351	45.135
165.99	181.55	22.493	132.84	185.36	2.0814	205.17	176.94	4.5979	167.3	133.55	56.572	86.723	109.47	69.401	98.038	69.91	46.047
165.99	181.56	22.48	132.8	183.98	3.8796	205.12	174.97	6.5823	166.77	131.48	58.167	85.902	108.06	70.589	97.339	68.386	46.971
165.99	181.56	22.498	132.72	182.48	5.739	205.01	173.05	8.8187	166.23	129.39	59.944	84.972	106.54	71.732	96.562	66.772	47.898
165.99	181.54	22.481	132.65	180.91	7.6739	204.72	171.16	11.016	165.54	127.14	61.64	84.047	104.9	72.888	95.733	65.099	48.821
165.99	181.53	22.476	132.52	179.32	9.568	204.38	169.12	13.397	164.8	124.92	63.545	83.078	103.11	74.088	94.872	63.374	49.781
166	181.53	22.495	132.31	177.69	11.682	203.81	167.17	15.813	163.93	122.65	65.33	82.113	101.22	75.317	93.929	61.63	50.744
166	181.55	22.485	132.01	176.04	13.76	203.25	165.23	18.114	163	120.4	67.251	81.12	99.218	76.61	92.911	59.877	51.743
166	181.56	22.486	131.48	174.34	15.771	202.48	163.22	20.406	161.99	118.12	69.179	80.082	97.1	77.918	91.849	58.09	52.79
166	181.56	22.487	130.88	172.67	17.954	201.54	161.24	22.628	160.83	115.87	71.038	79.018	94.896	79.233	90.691	56.255	53.859
166.01	181.56	22.491	130.03	170.98	19.916	200.44	159.28	24.831	159.51	113.66	72.869	77.845	92.619	80.489	89.461	54.403	54.998
166.01	181.55	22.496	129	169.23	22.063	199.1	157.44	27.065	158.17	111.54	74.804	76.682	90.581	82.202	88.089	52.522	56.141
166.01	181.54	22.492	127.81	167.53	23.999	197.63	155.58	29.218	156.53	109.43	76.528	74.994	88.21	83.181	86.684	50.607	57.296
166.01	181.55	22.485	126.33	165.73	25.931	195.91	153.89	31.44	154.9	107.45	78.437	73.311	86.063	84.501	85.182	48.696	58.502
166.01	181.55	22.488	124.7	163.91	27.77	193.96	152.23	33.389	153.02	105.49	80.188	71.421	83.935	85.837	83.562	46.738	59.796
166.01	181.54	22.488	122.91	162.13	29.472	191.86	150.61	35.282	150.96	103.64	81.905	69.562	82.064	87.585	81.839	44.798	61.031
166.02	181.54	22.497	120.91	160.26	31.223	189.44	149.07	37.163	148.9	101.89	83.773	67.186	79.849	88.529	79.984	42.838	62.288
166.02	181.53	22.491	118.74	158.46	32.913	186.85	147.5	38.855	146.52	100.11	85.487	64.864	77.826	89.818	78.028	40.838	63.588
166.02	181.54	22.493	116.4	156.55	34.61	183.87	145.74	39.954	144.18	98.682	87.862	62.41	75.769	91.138	75.876	38.83	64.911
166.01	181.54	22.5	113.86	154.65	36.271	180.72	144.23	41.632	141.55	96.971	89.567	59.781	73.69	92.461	73.62	36.819	66.242
166.02	181.53	22.492	111.19	152.76	37.829	177.52	142.83	43.367	138.71	95.254	91.385	57.041	71.509	93.733	71.201	34.765	67.512
166.01	181.53	22.5	108.36	150.84	39.459	174.02	141.35	44.974	135.73	93.496	93.104	54.081	69.215	94.905	68.613	32.683	68.784
166.01	181.53	22.483	105.38	148.88	41.045	170.33	139.96	46.657	132.57	91.729	94.826	50.996	66.893	96.113	65.841	30.594	69.981
166.01	181.54	22.504	102.27	146.98	42.5	166.5	138.46	48.254	129.21	89.905	96.495	47.729	64.536	97.337	62.978	28.476	71.165
166.01	181.54	22.495	99.06	144.97	44.069	162.51	136.96	49.811	125.7	88.034	98.116	44.317	62.122	98.356	59.917	26.32	72.3
166.01	181.53	22.492	95.722	143.02	45.525	158.39	135.4	51.287	122.01	86.194	99.768	40.772	59.747	99.47	56.699	24.143	73.391
166.14	181.76	23.06	92.23	140.98	46.889	154.33	134.08	53.54	118.2	84.311	101.37	37.086	57.399	100.52	53.365	21.966	74.443
166.15	181.76	23.061	88.613	138.98	48.147	149.88	132.47	54.95	114.17	82.441	102.88	33.186	54.995	101.31	49.873	19.796	75.473
166.14	181.76	23.063	84.895	136.93	49.367	145.42	130.79	56.224	110.03	80.548	104.31	29.305	52.898	102.6	46.197	17.6	76.418
166.14	181.76	23.056	81.09	134.89	50.504	140.82	129.22	57.702	105.78	78.688	105.68	25.177	50.638	103.38	42.475	15.415	77.301
166.15	181.77	23.068	77.12	132.84	51.567	136.1	127.48	58.757	101.33	76.815	106.91	20.865	48.398	104.12	38.624	13.249	78.174
166.14	181.76	23.062	73.039	130.79	52.547	131.28	125.81	59.946	96.852	74.959	108.12	16.299	45.987	104.35	34.626	11.086	78.93
166.15	181.77	23.056	68.78	128.7	53.288	126.32	124.16	61.093	92.175	73.088	109.15	11.756	43.746	104.88	30.54	8.8897	79.595
166.15	181.77	23.069	64.448	126.58	53.981	121.39	122.46	62.117	87.384	71.241	110.18	7.096	41.519	105.34	26.259	6.7115	80.187
166.15	181.77	23.057	60.096	124.55	54.649	116.1	120.65	62.664	82.475	69.365	111.05	2.3639	39.268	105.72	21.898	4.5639	80.78
166.15	181.78	23.062	55.626	122.46	55.285	110.81	118.83	63.335	77.343	67.23	111.29	-2.3055	37.239	106.43	17.422	2.386	81.216
166.16	181.77	23.053	51.042	120.39	55.694	105.23	117.06	63.721	72.215	65.311	111.88	-7.4198	34.746	106.18	12.793	0.22638	81.577
166.16	181.77	23.062	46.356	118.31	56.042	99.55	115.26	64.131	66.986	63.433	112.48	-12.272	32.692	106.7	8.1083	-1.9211	81.753
166.16	181.77	23.058	41.601	116.29	56.535	93.904	113.54	64.541	61.762	61.565	112.93	-17.344	30.424	106.74	3.3057	-4.0648	81.949
166.16	181.77	23.058	36.536	114.23	56.642	87.838	111.68	64.578	56.325	59.63	113.29	-22.518	28.198	106.62	-1.6008	-6.2343	81.863
166.16	181.77	23.057	31.698	112.35	57.067	81.751	109.89	64.472	50.909	57.69	113.49	-27.758	25.953	106.48	-6.5639	-8.3536	81.753
166.16	181.77	23.064	26.536	110.4	57.147	75.637	108.11	64.406	45.407	55.739	113.59	-33.074	23.706	106.23	-11.673	-10.494	81.625
166.16	181.76	23.062	21.555	108.49	57.376	69.467	106.28	64.375	39.853	53.759	113.63	-38.458	21.458	105.87	-16.842	-12.63	81.291
166.16	181.76	23.066	16.497	106.6	57.539	63.073	104.5	63.935	34.245	51.742	113.5	-43.936	19.241	105.43	-22.095	-14.758	80.821
166.15	181.76	23.058	11.329	104.61	57.44	56.594	102.45	63.429	28.735	49.848	113.32	-49.443	17.048	104.9	-27.422	-16.836	80.397
166.15	181.75	23.063	6.501	102.73	57.62	50.021	100.39	62.742	23.083	47.851	113.05	-55.013	14.917	104.31	-32.753	-18.883	79.774
166.16	181.76	23.062	1.4736	100.81	57.359	43.577	98.378	62.049	17.383	45.86	112.64	-60.6	12.815	103.6	-38.212	-20.887	79.196
166.15	181.75	23.056	-3.4209	98.91	57.323	36.779	96.005	60.733	11.695	43.896	112.17	-66.432	10.58	102.32	-43.705	-22.873	78.531
166.16	181.75	23.06	-8.3618	96.996	56.989	30.385	93.911	59.81	5.959	41.95	111.54	-71.936	8.8313	101.89	-49.234	-24.838	77.749
166.15	181.75	23.055	-13.305	95.091	56.624	23.798	91.672	58.676	0.21522	40.033	110.84	-77.604	6.9926	100.95	-54.775	-26.761	76.956
166.16	181.75	23.061	-18.15	93.207	56.228	17.495	89.549	57.624	-5.5242	38.157	110.07	-83.318	5.1774	99.922	-60.35	-28.679	76.057
166.15	181.75	23.051	-23.102	91.323	55.688	11.209	87.438	56.218	-11.235	36.345	109.24	-89.036	3.4126	98.799	-65.92	-30.529	75.102
166.15	181.75	23.062	-27.893	89.508	55.227	5.1972	85.322	55.233	-16.996	34.572	108.29	-94.741	1.7301	97.661	-71.509	-32.351	74.127
166.15	181.75	23.059	-32.786	87.664	54.554	-0.99452	83.269	53.727	-22.731	32.833	107.27	-100.46	0.062246	96.36	-77.078	-34.132	73.029
166.16	181.75	23.063	-37.772	85.819	53.615	-6.9256	81.272	52.442	-28.444	31.119	106.14	-106.15	-1.5174	95.071	-82.675	-35.886	71.894
166.15	181.74	23.054	-42.615	84.009	52.854	-12.749	79.305	51.063	-34.119	29.422	104.98	-111.81	-3.0771	93.708	-88.179	-37.598	70.717
166.15	181.75	23.06	-47.459	82.246	51.855	-18.349	77.306	49.716	-39.714	27.746	103.77	-117.43	-4.5913	92.343	-93.735	-39.344	69.495
166.15	181.75	23.055	-52.391	80.457	50.75	-23.947	75.399	48.062	-45.269	26.076	102.45	-122.96	-6.0572	91.012	-99.167	-41.031	68.262
166.16	181.75	23.063	-57.196	78.702	49.673	-29.47	73.456	46.435	-50.696	24.421	101.12	-128.44	-7.5351	89.589	-104.62	-42.729	66.977
166.15	181.75	23.057	-61.92	76.933	48.418	-34.615	71.545	45.046	-56.031	22.777	99.754	-133.82	-8.9388	88.209	-109.96	-44.396	65.687
166.15	181.75	23.058	-66.612	75.17	47.068	-39.943	69.516	43.426	-61.197	21.109	98.326	-139.14	-10.407	86.778	-115.26	-46.037	64.405
166.15	181.75	23.063	-71.104	73.423	45.764	-45.067	67.492	41.738	-66.19	19.427	96.923	-144.25	-11.818	85.377	-120.51	-47.676	63.031
166.15	181.75	23.054	-75.395	71.681	44.435	-49.999	65.526	40.039	-71.053	17.714	95.434	-149.27	-13.259	83.885	-125.66	-49.275	61.658
166.15	181.75	23.057	-79.483	69.842	42.965	-54.881	63.457	38.6	-75.804	15.994	93.937	-154.11	-14.661	82.388	-130.7	-50.797	60.21
166.15	181.75	23.055	-83.332	67.915	41.517	-59.615	61.459	36.715	-80.364	14.273	92.481	-158.85	-16.029	80.813	-135.63	-52.271	58.735
166.16	181.75	23.065	-86.956	66.046	40.084	-64.27	59.396	35.168	-84.85	12.54	90.973	-163.38	-17.32	79.261	-140.4	-53.669	57.215
166.16	181.75	23.062	-90.392	64.098	38.659	-68.696	57.421	33.505	-89.168	10.846	89.533	-167.8	-18.532	77.624	-145.09	-55.003	55.656
166.15	181.75	23.063	-93.8	62.304	37.248	-72.711	55.421	31.94	-93.365	9.136	87.916	-172.06	-19.65	75.977	-149.63	-56.281	54.061
166.15	181.74	23.055	-97.125	60.531	35.608	-76.383	53.541	30.464	-97.486	7.4831	86.386	-176.19	-20.638	74.347	-154.08	-57.487	52.418
166.15	181.74	23.069	-100.32	58.837	33.984	-79.865	51.575	28.712	-101.47	5.8771	84.727	-180.28	-21.553	72.608	-158.37	-58.631	50.772
166.14	181.74	23.056	-103.45	57.318	32.494	-83.063	49.801	27.427	-105.28	4.3384	83.113	-184.19	-22.332	70.937	-162.49	-59.694	49.138
166.14	181.74	23.062	-106.48	55.751	30.913	-86.554	48.028	25.505	-108.98	2.9331	81.433	-188.02	-23.039	69.272	-166.54	-60.699	47.531
166.15	181.74	23.066	-109.46	54.278	29.117	-89.754	46.349	23.704	-112.57	1.6272	79.7	-191.67	-23.636	67.626	-170.4	-61.613	46.007
166.14	181.74	23.064	-112.39	52.961	27.396	-92.65	44.896	22.322	-116.02	0.47123	77.976	-195.22	-24.233	66.062	-174.18	-62.483	44.5
166.13	181.73	23.066	-115.25	51.689	25.696	-95.919	43.378	20.21	-119.38	-0.59646	76.263	-198.41	-24.791	64.614	-177.83	-63.302	43.002
166.14	181.73	23.073	-118.09	50.447	23.749	-98.835	42.022	18.197	-122.57	-1.5215	74.557	-201.32	-25.448	63.416	-181.33	-64.067	41.596
166.14	181.73	23.068	-120.84	49.352	21.71	-101.71	40.722	16.516	-125.65	-2.3557	72.802	-204.21	-25.968	62.131	-184.68	-64.791	40.24
166.14	181.72	23.072	-123.52	48.294	20.018	-104.48	39.601	14.45	-128.54	-3.0889	71.179	-207.31	-26.682	60.704	-187.92	-65.442	38.846
166.14	181.72	23.081	-126.1	47.289	18.148	-107.12	38.493	12.721	-131.36	-3.794	69.537	-210.48	-26.102	58.511	-190.62	-65.8	37.668
166.14	181.71	23.083	-128.58	46.349	16.354	-109.73	37.402	10.907	-134.15	-4.4417	67.865	-213.14	-26.512	57.141	-194.05	-66.531	36.238
166.15	181.71	23.086	-130.96	45.486	14.542	-112.1	36.487	9.295	-136.77	-5.0234	66.337	-215.79	-26.899	55.713	-196.93	-66.982	34.941
166.14	181.71	23.07	-133.15	44.667	12.974	-114.43	35.614	7.6204	-139.31	-5.5726	64.859	-218.3	-27.232	54.297	-199.71	-67.39	33.699
166.14	181.71	23.072	-135.29	43.92	11.375	-116.69	34.767	5.9989	-141.79	-6.0913	63.428	-220.76	-27.496	52.909	-202.4	-67.726	32.437
166.14	181.71	23.073	-137.28	43.187	9.9693	-118.46	33.944	4.8469	-144.21	-6.5874	62.059	-223.13	-27.71	51.516	-204.93	-68.007	31.152
166.15	181.71	23.079	-139.18	42.55	8.5332	-120.64	33.173	3.5289	-146.54	-7.0471	60.767	-225.39	-27.808	50.1	-207.48	-68.253	29.844
166.14	181.71	23.074	-140.92	41.974	7.312	-122.5	32.507	2.2383	-148.76	-7.465	59.53	-227.64	-27.799	48.684	-209.7	-68.415	28.676
166.15	181.71	23.079	-142.63	41.362	5.957	-124.29	31.789	0.91037	-150.91	-7.845	58.258	-229.81	-27.748	47.254	-211.91	-68.572	27.437
166.15	181.72	23.079	-144.14	40.89	4.835	-125.96	31.13	-0.38338	-153.03	-8.1859	56.951	-231.85	-27.609	45.777	-214.01	-68.695	26.21
166.15	181.7	23.072	-145.61	40.373	3.6816	-127.53	30.442	-1.5607	-154.99	-8.505	55.695	-233.83	-27.389	44.26	-216.01	-68.766	24.957
166.15	181.71	23.077	-146.94	39.989	2.4703	-128.98	30.038	-2.6394	-156.92	-8.7478	54.414	-235.69	-27.158	42.729	-217.77	-68.87	23.73
166.15	181.72	23.075	-148.31	39.574	1.1268	-130.46	29.418	-3.9743	-158.67	-8.8997	53.103	-237.46	-26.946	41.091	-219.35	-69.041	22.569
166.14	181.72	23.076	-149.48	39.237	-0.16175	-131.72	29.052	-5.0267	-160.39	-9.0438	51.7	-239	-26.686	39.533	-221.09	-68.756	20.989
166.15	181.73	23.075	-150.67	38.904	-1.7485	-133.01	28.652	-6.6941	-161.96	-9.1505	50.163	-240.54	-26.491	37.903	-223.06	-68.572	19.221
166.14	181.72	23.071	-151.73	38.655	-3.0914	-134.01	28.34	-7.7553	-163.41	-9.2387	48.579	-241.85	-26.294	36.199	-224.56	-68.533	17.728
166.14	181.73	23.072	-152.81	38.354	-4.8245	-135.32	27.868	-9.6069	-164.69	-9.3371	47.018	-243.1	-26.135	34.52	-225.95	-68.473	16.15
166.14	181.73	23.075	-153.69	38.087	-6.5724	-136.14	27.517	-11.148	-165.9	-9.4506	45.435	-244.18	-26.009	32.767	-227.18	-68.429	14.522
166.13	181.73	23.066	-154.5	37.858	-8.3627	-137.09	27.194	-12.839	-167.01	-9.436	43.945	-245.15	-25.879	31.093	-228.28	-68.364	12.866
166.13	181.73	23.07	-155.33	37.675	-10.101	-137.93	26.995	-14.393	-168.15	-9.2365	42.692	-246.06	-25.753	29.322	-229.21	-68.309	11.177
166.13	181.73	23.074	-156.08	37.441	-11.703	-138.67	26.655	-15.981	-169.39	-8.7614	41.783	-246.85	-25.562	27.786	-229.96	-68.323	9.7708
166.13	181.73	23.058	-156.63	37.173	-13.239	-139.21	26.142	-16.912	-170.83	-7.849	41.101	-247.63	-25.156	26.561	-230.57	-68.486	8.8002
166.13	181.73	23.048	-157.17	37.027	-14.155	-139.61	26.193	-17.7	-172	-5.9834	41.433	-248.36	-24.534	25.95	-231.24	-68.471	8.4886
166.13	181.73	23.063	-157.6	37.035	-14.441	-139.62	26.166	-17.338	-173.36	-4.2065	41.156	-249.16	-23.913	25.551	-231.93	-68.06	9.0715
166.12	181.72	23.064	-157.96	37.069	-14.469	-139.83	26.607	-16.872	-174.51	-2.8264	41.233	-250	-23.368	25.167	-232.71	-67.319	10.214
166.12	181.72	23.073	-158.38	37.214	-14.684	-140.14	27.023	-16.575	-175.41	-2.046	41.404	-250.82	-22.854	24.834	-233.62	-66.545	11.289
166.12	181.72	23.074	-158.92	37.671	-14.705	-140.54	27.533	-16.361	-176.09	-1.72	41.742	-251.49	-22.333	24.621	-234.46	-65.906	11.975
166.13	181.71	23.079	-159.41	38.263	-14.571	-141.1	28.243	-16.171	-176.53	-1.5592	41.991	-252.09	-21.825	24.447	-235.05	-65.595	12.172
166.13	181.71	23.08	-159.91	38.927	-14.389	-141.46	28.83	-15.895	-176.84	-1.4044	42.241	-252.5	-21.313	24.377	-235.4	-65.471	11.934
166.13	181.7	23.08	-160.29	39.553	-14.136	-141.79	29.481	-15.733	-176.93	-1.2364	42.325	-252.73	-20.808	24.247	-235.46	-65.364	11.51
166.13	181.7	23.074	-160.56	40.175	-13.994	-142.04	30.07	-15.678	-176.92	-1.0307	42.222	-252.7	-20.463	24.246	-235.36	-65.113	11.084
166.13	181.7	23.075	-160.74	40.654	-14.116	-142.15	30.613	-15.767	-176.77	-0.72635	42.155	-252.6	-20.179	24.3	-235.2	-64.724	10.774
166.13	181.7	23.073	-160.69	41.072	-14.307	-142.15	30.882	-16.172	-176.58	-0.33387	41.9	-252.36	-20.035	24.345	-235.12	-64.267	10.638
166.14	181.71	23.066	-160.7	41.257	-14.781	-142.11	31.253	-16.752	-176.37	0.13091	41.584	-252	-19.99	24.337	-235.16	-63.88	10.61
166.14	181.72	23.075	-160.45	41.529	-14.954	-142.07	31.348	-16.939	-176.13	0.67577	41.23	-251.61	-19.972	24.257	-235.26	-63.562	10.64
166.14	181.72	23.074	-160.21	41.697	-15.073	-141.69	31.467	-16.833	-175.97	1.2369	40.917	-251.3	-19.945	24.049	-235.36	-63.29	10.693
166.14	181.71	23.073	-159.89	41.806	-15.245	-141.37	31.64	-17.082	-175.87	1.7707	40.637	-251.07	-19.828	23.724	-235.37	-62.996	10.728
166.15	181.72	23.061	-159.5	42.015	-15.107	-141.16	31.743	-17.148	-175.81	2.1527	40.482	-250.85	-19.489	23.519	-235.31	-62.702	10.734
166.15	181.74	23.059	-159.26	42.078	-15.482	-140.95	31.783	-17.137	-175.68	2.5279	40.272	-250.73	-18.982	23.378	-235.18	-62.405	10.741
166.15	181.74	23.054	-159	42.14	-15.434	-140.5	31.951	-17.095	-175.49	2.8349	40.208	-250.66	-18.43	23.216	-234.99	-62.138	10.778
166.16	181.76	23.055	-158.69	42.281	-15.303	-140.31	32.154	-17.196	-175.24	3.0998	40.162	-250.7	-17.838	23.032	-234.81	-61.936	10.804
166.16	181.75	23.053	-158.43	42.426	-15.416	-140.19	32.261	-17.252	-175	3.2777	40.11	-250.64	-17.221	22.97	-234.64	-61.815	10.827
166.16	181.76	23.058	-158.26	42.518	-15.517	-140.08	32.359	-17.272	-174.73	3.3813	40.094	-250.61	-16.851	22.813	-234.44	-61.772	10.829
166.16	181.77	23.058	-158.07	42.598	-15.492	-139.73	32.471	-17.184	-174.47	3.4585	40.109	-250.51	-16.679	22.714	-234.23	-61.759	10.799
166.15	181.76	23.058	-157.84	42.671	-15.534	-139.59	32.575	-17.379	-174.17	3.4862	40.057	-250.26	-16.688	22.712	-234	-61.764	10.754
166.15	181.77	23.06	-157.62	42.74	-15.47	-139.24	32.717	-17.243	-173.84	3.4961	39.974	-249.97	-16.877	22.824	-233.72	-61.784	10.673
166.16	181.77	23.058	-157.44	42.821	-15.461	-139.21	32.722	-17.4	-173.5	3.4275	39.901	-249.51	-17.211	22.993	-233.43	-61.866	10.592
166.16	181.77	23.057	-157.3	42.876	-15.433	-139.14	32.693	-17.473	-173.13	3.3052	39.859	-249.04	-17.676	23.096	-233.17	-62.01	10.48
166.16	181.77	23.058	-157.12	42.918	-15.407	-138.84	32.683	-17.285	-172.83	3.1492	39.826	-248.56	-18.181	23.124	-232.9	-62.154	10.378
166.16	181.77	23.059	-156.9	42.935	-15.343	-138.61	32.683	-17.365	-172.44	2.9842	39.838	-248.02	-18.612	23.244	-232.66	-62.295	10.301
166.16	181.76	23.062	-156.73	42.861	-15.37	-138.45	32.684	-17.339	-172.21	2.8405	39.82	-247.57	-18.99	23.318	-232.43	-62.451	10.234
166.16	181.75	23.058	-156.6	42.788	-15.393	-138.54	32.573	-17.458	-171.93	2.6811	39.846	-247.29	-19.274	23.312	-232.22	-62.582	10.186
166.17	181.76	23.054	-156.51	42.745	-15.402	-138.41	32.51	-17.734	-171.67	2.5531	39.85	-247.04	-19.512	23.292	-232.03	-62.722	10.128
166.17	181.75	23.05	-156.42	42.72	-15.382	-138.13	32.51	-17.568	-171.5	2.4661	39.855	-246.9	-19.613	23.303	-231.87	-62.853	10.057
166.18	181.75	23.055	-156.34	42.706	-15.372	-138.09	32.492	-17.594	-171.32	2.3824	39.871	-246.82	-19.619	23.33	-231.72	-62.981	9.9951
166.18	181.73	23.057	-156.3	42.708	-15.355	-138.08	32.49	-17.619	-171.19	2.3093	39.853	-246.76	-19.538	23.43	-231.61	-63.088	9.9243
166.18	181.73	23.053	-156.29	42.704	-15.403	-138.05	32.495	-17.616	-171.07	2.2323	39.825	-246.78	-19.456	23.437	-231.53	-63.155	9.876
166.18	181.73	23.051	-156.29	42.703	-15.422	-138.05	32.494	-17.629	-170.99	2.1928	39.826	-246.79	-19.353	23.436	-231.48	-63.21	9.8566
166.18	181.73	23.056	-156.28	42.714	-15.407	-138.05	32.502	-17.626	-170.96	2.1756	39.81	-246.81	-19.292	23.433	-231.46	-63.224	9.8446
166.18	181.72	23.053	-156.27	42.708	-15.398	-138.06	32.506	-17.635	-170.96	2.1881	39.806	-246.84	-19.263	23.422	-231.47	-63.233	9.8308
166.18	181.72	23.05	-156.28	42.712	-15.42	-138.06	32.507	-17.629	-171.01	2.2397	39.782	-246.84	-19.273	23.403	-231.5	-63.222	9.825
166.17	181.72	23.048	-156.29	42.709	-15.431	-138.06	32.523	-17.617	-171.08	2.3141	39.778	-246.86	-19.301	23.378	-231.56	-63.187	9.8111
166.18	181.73	23.046	-156.29	42.717	-15.422	-138.07	32.529	-17.606	-171.2	2.4134	39.761	-246.87	-19.358	23.352	-231.63	-63.144	9.8048
166.18	181.73	23.058	-156.31	42.722	-15.424	-138.08	32.535	-17.595	-171.3	2.527	39.751	-246.92	-19.408	23.318	-231.72	-63.088	9.8104
166.18	181.73	23.057	-156.31	42.737	-15.41	-138.09	32.557	-17.586	-171.42	2.6338	39.715	-246.97	-19.406	23.279	-231.82	-63.012	9.8124
166.18	181.74	23.058	-156.32	42.748	-15.423	-138.1	32.566	-17.572	-171.51	2.7422	39.678	-247.06	-19.354	23.231	-231.93	-62.93	9.8116
166.17	181.74	23.056	-156.35	42.741	-15.457	-138.11	32.582	-17.539	-171.61	2.8514	39.668	-247.16	-19.237	23.183	-232.02	-62.845	9.8296
166.17	181.74	23.056	-156.35	42.755	-15.452	-138.12	32.586	-17.554	-171.77	2.9695	39.624	-247.28	-19.099	23.131	-232.13	-62.736	9.8215
166.17	181.74	23.057	-156.37	42.764	-15.456	-138.13	32.6	-17.548	-171.9	3.086	39.595	-247.4	-18.917	23.07	-232.23	-62.647	9.8332
166.15	181.75	23.049	-156.37	42.764	-15.456	-138.13	32.61	-17.526	-172.01	3.1811	39.587	-247.54	-18.69	23.003	-232.32	-62.561	9.8492
166.16	181.76	23.054	-156.38	42.778	-15.456	-138.15	32.623	-17.519	-172.09	3.2729	39.555	-247.69	-18.492	22.945	-232.42	-62.484	9.8576
166.16	181.76	23.057	-156.38	42.774	-15.481	-138.15	32.633	-17.498	-172.17	3.3468	39.53	-247.83	-18.324	22.865	-232.5	-62.384	9.8677
166.16	181.77	23.066	-156.39	42.781	-15.47	-138.16	32.63	-17.508	-172.23	3.4197	39.522	-247.95	-18.171	22.807	-232.58	-62.318	9.8814
166.16	181.77	23.058	-156.4	42.795	-15.47	-138.16	32.638	-17.5	-172.29	3.4846	39.531	-248.03	-18.071	22.772	-232.65	-62.262	9.8956
