167.17	29.053	21.724	-157.26	44.16	-15.512	-139.26	34.172	-17.619	-172.65	4.2595	39.188	-248.34	-17.983	22.054	-233.03	-61.831	8.7775
167.17	29.051	21.729	-157.27	44.151	-15.515	-139.28	34.161	-17.646	-172.64	4.2497	39.186	-248.31	-17.982	22.065	-233.02	-61.837	8.7822
167.17	29.049	21.736	-157.26	44.16	-15.512	-139.27	34.161	-17.633	-172.65	4.2465	39.182	-248.33	-17.976	22.063	-233.01	-61.836	8.7804
167.17	29.048	21.724	-157.27	44.145	-15.511	-139.26	34.165	-17.636	-172.65	4.2306	39.178	-248.32	-17.988	22.052	-233.02	-61.844	8.7701
167.17	29.048	21.727	-157.26	44.14	-15.509	-139.27	34.168	-17.63	-172.64	4.2299	39.179	-248.34	-18.014	22.004	-233.01	-61.846	8.7645
167.17	29.049	21.738	-157.26	44.148	-15.5	-139.27	34.161	-17.633	-172.65	4.2366	39.179	-248.33	-18.021	22.006	-233.03	-61.846	8.7703
167.17	29.047	21.723	-157.27	44.145	-15.511	-139.27	34.161	-17.633	-172.66	4.2393	39.182	-248.33	-18.032	22.001	-233.03	-61.846	8.7703
167.17	29.056	21.729	-157.26	44.156	-15.491	-139.26	34.181	-17.624	-172.67	4.2535	39.186	-248.34	-18.037	21.995	-233.04	-61.841	8.7876
167.17	29.051	21.729	-157.27	44.147	-15.498	-139.27	34.161	-17.633	-172.67	4.254	39.186	-248.35	-18.039	21.997	-233.04	-61.842	8.7828
167.17	29.053	21.723	-157.27	44.145	-15.511	-139.27	34.161	-17.633	-172.67	4.2623	39.195	-248.36	-18.025	21.991	-233.05	-61.84	8.7896
167.17	29.048	21.724	-157.27	44.145	-15.511	-139.26	34.165	-17.622	-172.69	4.2547	39.181	-248.37	-18.014	21.993	-233.05	-61.836	8.7963
167.18	29.065	21.748	-157.27	44.145	-15.511	-139.27	34.159	-17.626	-172.68	4.2615	39.19	-248.37	-17.997	21.974	-233.04	-61.827	8.7918
167.18	29.049	21.726	-157.27	44.137	-15.52	-139.26	34.172	-17.619	-172.68	4.2617	39.188	-248.36	-17.949	22.023	-233.04	-61.827	8.7899
167.18	29.051	21.727	-157.27	44.145	-15.511	-139.27	34.159	-17.626	-172.68	4.2625	39.191	-248.36	-17.95	22.026	-233.04	-61.827	8.7899
167.18	29.055	21.732	-157.26	44.15	-15.487	-139.26	34.165	-17.622	-172.68	4.2628	39.187	-248.35	-17.941	22.026	-233.03	-61.836	8.7881
167.19	29.065	21.752	-157.27	44.145	-15.511	-139.27	34.161	-17.633	-172.68	4.2618	39.189	-248.36	-17.951	22.02	-233.04	-61.83	8.7904
167.19	29.056	21.729	-157.27	44.137	-15.52	-139.26	34.156	-17.644	-172.68	4.2634	39.193	-248.36	-17.979	21.963	-233.04	-61.832	8.7746
167.18	29.051	21.728	-157.27	44.145	-15.511	-139.26	34.156	-17.631	-172.68	4.2682	39.189	-248.35	-17.994	21.987	-233.04	-61.834	8.7918
167.19	29.054	21.733	-157.26	44.14	-15.509	-139.25	34.16	-17.62	-172.67	4.2699	39.196	-248.34	-18.011	21.993	-233.05	-61.831	8.7833
167.19	29.054	21.734	-157.26	44.14	-15.509	-139.25	34.167	-17.617	-172.67	4.269	39.191	-248.34	-18.01	21.997	-233.04	-61.827	8.7899
167.2	29.063	21.753	-157.26	44.14	-15.509	-139.26	34.163	-17.628	-172.67	4.2711	39.194	-248.36	-18.011	21.984	-233.03	-61.83	8.7997
167.2	29.056	21.734	-157.26	44.138	-15.522	-139.26	34.147	-17.639	-172.67	4.2614	39.196	-248.35	-18.012	21.993	-233.04	-61.822	8.7812
167.19	29.044	21.734	-157.26	44.148	-15.5	-139.25	34.157	-17.625	-172.67	4.2579	39.185	-248.35	-17.995	21.991	-233.03	-61.828	8.786
167.18	29.043	21.728	-157.26	44.132	-15.511	-139.25	34.157	-17.639	-172.67	4.2546	39.189	-248.34	-17.965	22.049	-233.05	-61.826	8.7745
167.19	29.039	21.726	-157.26	44.132	-15.511	-139.25	34.167	-17.617	-172.65	4.254	39.189	-248.33	-17.95	22.042	-233.04	-61.824	8.7774
167.18	29.038	21.727	-157.26	44.124	-15.52	-139.25	34.16	-17.633	-172.67	4.2426	39.186	-248.33	-17.971	22.037	-233.04	-61.837	8.7741
167.18	29.041	21.732	-157.25	44.135	-15.5	-139.26	34.156	-17.631	-172.66	4.245	39.191	-248.35	-18	21.995	-233.05	-61.83	8.7722
167.18	29.044	21.729	-157.26	44.133	-15.498	-139.25	34.16	-17.62	-172.67	4.243	39.177	-248.35	-18.004	21.993	-233.04	-61.837	8.7741
167.18	29.036	21.732	-157.26	44.124	-15.52	-139.27	34.142	-17.65	-172.67	4.2546	39.187	-248.36	-18.017	21.985	-233.05	-61.835	8.7809
167.18	29.042	21.734	-157.26	44.125	-15.507	-139.27	34.152	-17.641	-172.67	4.2554	39.192	-248.35	-18.019	21.996	-233.05	-61.831	8.7833
167.17	29.039	21.735	-157.26	44.133	-15.498	-139.28	34.145	-17.645	-172.67	4.2526	39.194	-248.37	-18.009	21.973	-233.05	-61.82	8.788
167.17	29.041	21.731	-157.27	44.13	-15.509	-139.27	34.161	-17.633	-172.68	4.2568	39.192	-248.37	-18.009	21.985	-233.05	-61.834	8.7995
167.17	29.044	21.731	-157.26	44.132	-15.511	-139.28	34.145	-17.658	-172.68	4.2608	39.19	-248.37	-17.994	21.98	-233.06	-61.827	8.7957
167.17	29.045	21.729	-157.27	44.13	-15.509	-139.26	34.165	-17.622	-172.68	4.2545	39.186	-248.37	-17.986	21.97	-233.06	-61.822	8.787
167.17	29.046	21.735	-157.26	44.141	-15.489	-139.28	34.145	-17.645	-172.68	4.2571	39.192	-248.36	-17.95	22.022	-233.06	-61.83	8.7891
167.17	29.051	21.731	-157.26	44.141	-15.489	-139.26	34.165	-17.622	-172.68	4.2481	39.184	-248.36	-17.952	22.022	-233.06	-61.829	8.7761
167.17	29.049	21.739	-157.26	44.14	-15.502	-139.27	34.152	-17.641	-172.68	4.2536	39.183	-248.36	-17.947	22.013	-233.06	-61.826	8.7846
167.17	29.055	21.725	-157.27	44.138	-15.5	-139.26	34.156	-17.631	-172.68	4.2495	39.185	-248.34	-17.941	22.022	-233.06	-61.815	8.7851
167.17	29.055	21.727	-157.26	44.142	-15.496	-139.27	34.161	-17.633	-172.68	4.2606	39.179	-248.36	-17.953	22.021	-233.06	-61.815	8.7851
167.17	29.053	21.723	-157.26	44.133	-15.498	-139.26	34.156	-17.631	-172.68	4.2634	39.191	-248.37	-17.976	21.973	-233.06	-61.815	8.7851
167.18	29.055	21.73	-157.26	44.132	-15.511	-139.26	34.156	-17.631	-172.67	4.2718	39.184	-248.37	-17.978	21.975	-233.06	-61.81	8.7856
167.18	29.051	21.725	-157.24	44.143	-15.498	-139.26	34.163	-17.628	-172.68	4.2706	39.179	-248.37	-17.978	21.972	-233.06	-61.806	8.7788
167.19	29.051	21.727	-157.24	44.142	-15.511	-139.26	34.162	-17.641	-172.66	4.2654	39.187	-248.36	-17.972	21.979	-233.05	-61.813	8.7861
167.19	29.051	21.73	-157.25	44.14	-15.524	-139.24	34.174	-17.614	-172.66	4.2589	39.18	-248.35	-17.945	22.032	-233.05	-61.809	8.7885
167.18	29.049	21.727	-157.24	44.142	-15.511	-139.26	34.153	-17.636	-172.66	4.2509	39.174	-248.35	-17.939	22.026	-233.05	-61.811	8.7817
167.19	29.049	21.732	-157.24	44.142	-15.511	-139.25	34.157	-17.625	-172.66	4.2503	39.165	-248.33	-17.941	22.036	-233.03	-61.817	8.7865
167.19	29.041	21.728	-157.26	44.138	-15.522	-139.25	34.148	-17.634	-172.65	4.2406	39.18	-248.32	-17.939	22.038	-233.03	-61.821	8.7822
167.19	29.046	21.73	-157.25	44.13	-15.546	-139.26	34.144	-17.644	-172.63	4.2396	39.175	-248.31	-17.951	22.036	-233.02	-61.819	8.7851
167.19	29.036	21.721	-157.25	44.132	-15.533	-139.24	34.155	-17.63	-172.63	4.2375	39.173	-248.29	-17.971	22.05	-233.02	-61.82	8.7721
167.18	29.041	21.733	-157.25	44.132	-15.533	-139.26	34.144	-17.658	-172.63	4.2423	39.177	-248.31	-17.99	22.005	-233.02	-61.83	8.7803
167.18	29.032	21.722	-157.25	44.132	-15.533	-139.25	34.148	-17.634	-172.63	4.235	39.174	-248.29	-17.98	22.048	-233.02	-61.83	8.7803
167.18	29.024	21.728	-157.24	44.135	-15.507	-139.26	34.144	-17.644	-172.63	4.2315	39.168	-248.31	-18.006	22.012	-233.03	-61.83	8.7663
167.17	29.031	21.727	-157.25	44.132	-15.533	-139.26	34.137	-17.647	-172.63	4.2288	39.182	-248.32	-18.015	22.002	-233.02	-61.826	8.7889
167.17	29.029	21.728	-157.25	44.125	-15.522	-139.27	34.13	-17.664	-172.63	4.2274	39.171	-248.3	-17.991	22.049	-233.03	-61.834	8.7798
167.17	29.036	21.729	-157.26	44.122	-15.533	-139.27	34.142	-17.65	-172.64	4.2276	39.177	-248.32	-18.015	22	-233.03	-61.835	8.7751
167.17	29.032	21.733	-157.25	44.14	-15.524	-139.27	34.142	-17.65	-172.65	4.2289	39.171	-248.32	-17.986	22.046	-233.03	-61.835	8.7769
167.17	29.039	21.727	-157.25	44.127	-15.509	-139.26	34.153	-17.636	-172.64	4.2386	39.182	-248.34	-18.007	21.997	-233.03	-61.821	8.7822
167.17	29.046	21.73	-157.26	44.138	-15.522	-139.27	34.152	-17.641	-172.65	4.2438	39.181	-248.31	-17.968	22.055	-233.04	-61.822	8.7812
167.17	29.046	21.731	-157.26	44.132	-15.511	-139.27	34.152	-17.641	-172.66	4.2501	39.177	-248.35	-17.968	22.043	-233.05	-61.82	8.788
167.17	29.045	21.721	-157.24	44.143	-15.498	-139.28	34.154	-17.662	-172.67	4.2587	39.181	-248.34	-17.963	22.055	-233.05	-61.82	8.7899
167.16	29.047	21.718	-157.26	44.15	-15.487	-139.27	34.168	-17.63	-172.66	4.2663	39.186	-248.33	-17.938	22.044	-233.05	-61.82	8.7899
167.17	29.052	21.722	-157.26	44.14	-15.509	-139.27	34.161	-17.633	-172.67	4.2748	39.188	-248.34	-17.937	22.046	-233.05	-61.809	8.7885
167.17	29.058	21.73	-157.26	44.146	-15.513	-139.27	34.161	-17.633	-172.67	4.2813	39.195	-248.32	-17.918	22.064	-233.05	-61.801	8.7864
167.18	29.056	21.73	-157.26	44.14	-15.509	-139.27	34.168	-17.63	-172.66	4.2819	39.18	-248.33	-17.917	22.047	-233.05	-61.805	8.7951
167.18	29.051	21.726	-157.24	44.158	-15.5	-139.27	34.175	-17.64	-172.66	4.2829	39.185	-248.33	-17.923	22.052	-233.04	-61.799	8.7893
167.18	29.058	21.729	-157.24	44.148	-15.521	-139.25	34.17	-17.624	-172.66	4.2813	39.175	-248.32	-17.924	22.047	-233.03	-61.806	8.7912
167.18	29.058	21.732	-157.25	44.153	-15.523	-139.25	34.176	-17.635	-172.65	4.281	39.179	-248.32	-17.926	22.043	-233.04	-61.793	8.7763
167.18	29.052	21.733	-157.25	44.152	-15.536	-139.25	34.176	-17.635	-172.65	4.2817	39.171	-248.31	-17.938	22.044	-233.03	-61.797	8.783
167.17	29.052	21.722	-157.24	44.155	-15.525	-139.25	34.176	-17.635	-172.65	4.2835	39.172	-248.31	-17.933	22.025	-233.02	-61.799	8.7792
167.18	29.055	21.73	-157.24	44.155	-15.525	-139.25	34.167	-17.643	-172.63	4.2873	39.182	-248.29	-17.935	22.038	-233.02	-61.794	8.7705
167.18	29.053	21.729	-157.24	44.147	-15.534	-139.26	34.172	-17.645	-172.63	4.2843	39.174	-248.28	-17.937	22.03	-233.02	-61.801	8.7705
167.18	29.053	21.729	-157.24	44.147	-15.534	-139.25	34.167	-17.643	-172.63	4.279	39.17	-248.29	-17.939	22.036	-233.01	-61.804	8.7821
167.18	29.044	21.728	-157.24	44.153	-15.538	-139.24	34.164	-17.635	-172.63	4.2712	39.175	-248.27	-17.946	22.05	-233.01	-61.804	8.784
167.18	29.046	21.724	-157.24	44.153	-15.538	-139.25	34.167	-17.63	-172.62	4.27	39.172	-248.29	-17.951	22.046	-233.01	-61.8	8.7753
167.18	29.043	21.722	-157.24	44.153	-15.538	-139.25	34.16	-17.633	-172.63	4.2622	39.171	-248.3	-17.953	22.036	-233	-61.806	8.7753
167.18	29.043	21.719	-157.24	44.147	-15.534	-139.25	34.167	-17.643	-172.62	4.259	39.173	-248.3	-17.954	22.042	-233.01	-61.799	8.7734
167.17	29.045	21.722	-157.24	44.145	-15.547	-139.26	34.153	-17.649	-172.63	4.2574	39.169	-248.3	-17.96	22.05	-233	-61.811	8.7729
167.18	29.043	21.722	-157.25	44.138	-15.537	-139.26	34.153	-17.649	-172.62	4.2588	39.174	-248.3	-17.957	22.04	-233.01	-61.804	8.771
167.17	29.047	21.723	-157.24	44.147	-15.534	-139.24	34.164	-17.635	-172.63	4.2618	39.17	-248.29	-17.956	22.036	-233.01	-61.82	8.7811
167.17	29.053	21.724	-157.24	44.147	-15.534	-139.25	34.167	-17.63	-172.63	4.2688	39.179	-248.29	-17.968	22.056	-233.02	-61.816	8.7652
167.17	29.048	21.727	-157.25	44.144	-15.545	-139.23	34.177	-17.617	-172.63	4.2656	39.173	-248.3	-17.959	22.035	-233.01	-61.809	8.7816
167.18	29.053	21.727	-157.25	44.144	-15.545	-139.25	34.169	-17.638	-172.63	4.2644	39.173	-248.3	-17.966	22.057	-233.01	-61.8	8.7753
167.17	29.047	21.722	-157.24	44.156	-15.512	-139.25	34.169	-17.638	-172.64	4.269	39.169	-248.29	-17.955	22.039	-233.02	-61.81	8.7806
167.17	29.055	21.728	-157.24	44.147	-15.534	-139.24	34.171	-17.632	-172.63	4.27	39.172	-248.31	-17.949	22.038	-233.01	-61.8	8.7753
167.18	29.056	21.735	-157.24	44.155	-15.525	-139.25	34.169	-17.638	-172.63	4.2794	39.181	-248.3	-17.944	22.048	-233.02	-61.81	8.7787
167.18	29.056	21.73	-157.24	44.147	-15.534	-139.24	34.18	-17.624	-172.63	4.2814	39.17	-248.3	-17.943	22.047	-233.02	-61.806	8.7792
167.18	29.067	21.749	-157.24	44.155	-15.525	-139.23	34.187	-17.621	-172.62	4.2957	39.18	-248.29	-17.92	22.047	-233.01	-61.804	8.784
167.18	29.065	21.752	-157.24	44.155	-15.525	-139.23	34.187	-17.621	-172.64	4.296	39.179	-248.3	-17.927	22.038	-233	-61.801	8.7887
167.19	29.061	21.733	-157.24	44.153	-15.538	-139.24	34.18	-17.624	-172.63	4.3006	39.174	-248.28	-17.915	22.058	-233	-61.796	8.78
167.19	29.066	21.742	-157.24	44.153	-15.538	-139.23	34.178	-17.629	-172.63	4.2931	39.169	-248.28	-17.919	22.056	-233	-61.792	8.7824
167.19	29.064	21.756	-157.24	44.153	-15.538	-139.23	34.168	-17.637	-172.62	4.2977	39.179	-248.26	-17.916	22.069	-232.99	-61.787	8.7919
167.19	29.063	21.746	-157.24	44.145	-15.547	-139.25	34.167	-17.643	-172.62	4.2847	39.164	-248.26	-17.919	22.061	-232.98	-61.8	8.7858
167.19	29.059	21.738	-157.24	44.145	-15.547	-139.25	34.167	-17.643	-172.61	4.2858	39.173	-248.24	-17.923	22.071	-232.98	-61.8	8.7877
167.19	29.056	21.728	-157.24	44.143	-15.56	-139.25	34.167	-17.643	-172.61	4.2789	39.162	-248.24	-17.93	22.058	-232.97	-61.805	8.7906
167.18	29.051	21.729	-157.23	44.148	-15.536	-139.24	34.171	-17.632	-172.6	4.2738	39.172	-248.24	-17.937	22.05	-232.96	-61.816	8.7859
167.19	29.053	21.727	-157.23	44.165	-15.525	-139.23	34.177	-17.643	-172.6	4.2721	39.171	-248.23	-17.948	22.062	-232.96	-61.812	8.7925
167.19	29.051	21.731	-157.24	44.145	-15.547	-139.24	34.161	-17.641	-172.6	4.2609	39.158	-248.24	-17.971	22.07	-232.96	-61.816	8.7859
167.19	29.06	21.748	-157.23	44.148	-15.536	-139.24	34.161	-17.641	-172.6	4.2646	39.173	-248.23	-17.983	22.079	-232.96	-61.817	8.8012
167.18	29.052	21.733	-157.24	44.147	-15.534	-139.25	34.157	-17.651	-172.59	4.2595	39.164	-248.24	-17.983	22.087	-232.95	-61.824	8.8031
167.18	29.046	21.726	-157.24	44.145	-15.547	-139.24	34.161	-17.641	-172.58	4.2581	39.163	-248.24	-17.978	22.103	-232.95	-61.822	8.7949
167.17	29.051	21.73	-157.23	44.156	-15.527	-139.23	34.168	-17.637	-172.59	4.2566	39.16	-248.24	-17.974	22.1	-232.94	-61.834	8.8055
167.18	29.052	21.733	-157.24	44.147	-15.534	-139.24	34.161	-17.641	-172.59	4.2455	39.148	-248.23	-17.974	22.12	-232.94	-61.83	8.8079
167.18	29.049	21.728	-157.24	44.147	-15.534	-139.24	34.161	-17.641	-172.57	4.2395	39.157	-248.22	-17.969	22.133	-232.93	-61.833	8.8084
167.18	29.051	21.734	-157.25	44.149	-15.502	-139.24	34.171	-17.632	-172.57	4.2355	39.155	-248.2	-17.972	22.16	-232.93	-61.84	8.8215
167.18	29.052	21.733	-157.25	44.148	-15.515	-139.23	34.187	-17.621	-172.56	4.2197	39.181	-248.21	-17.989	22.168	-232.92	-61.855	8.8124
167.17	29.056	21.729	-157.24	44.145	-15.485	-139.24	34.171	-17.632	-172.55	4.1911	39.167	-248.2	-18.007	22.203	-232.9	-61.868	8.8234
167.18	29.056	21.735	-157.24	44.145	-15.485	-139.25	34.167	-17.643	-172.53	4.1576	39.174	-248.19	-18.033	22.249	-232.88	-61.912	8.8423
167.18	29.059	21.741	-157.25	44.111	-15.457	-139.24	34.18	-17.624	-172.5	4.1343	39.182	-248.17	-18.069	22.292	-232.84	-61.938	8.8612
167.18	29.056	21.736	-157.25	44.121	-15.435	-139.24	34.18	-17.624	-172.48	4.091	39.187	-248.14	-18.115	22.348	-232.78	-62.008	8.883
167.18	29.063	21.748	-157.26	44.114	-15.425	-139.23	34.194	-17.605	-172.44	4.0492	39.229	-248.1	-18.183	22.441	-232.67	-62.095	8.9247
167.18	29.072	21.75	-157.26	44.124	-15.396	-139.26	34.172	-17.619	-172.38	3.9802	39.268	-248.01	-18.253	22.562	-232.52	-62.215	8.951
167.19	29.069	21.761	-157.33	44.101	-15.433	-139.26	34.172	-17.619	-172.3	3.8783	39.33	-247.88	-18.327	22.74	-232.32	-62.37	9.0164
167.18	29.074	21.761	-157.34	44.087	-15.412	-139.25	34.151	-17.628	-172.15	3.7192	39.454	-247.78	-18.463	22.941	-232.06	-62.558	9.1319
167.19	29.07	21.759	-157.33	44.087	-15.303	-139.25	34.113	-17.649	-172.02	3.4868	39.536	-247.65	-18.636	23.193	-231.74	-62.755	9.344
167.18	29.058	21.737	-157.25	44.078	-15.15	-139.14	34.087	-17.568	-171.79	3.1854	39.759	-247.45	-18.803	23.563	-231.36	-62.95	9.6394
167.18	29.056	21.736	-157.21	44.075	-15.031	-138.93	34.193	-17.391	-171.49	2.8076	40.008	-247.13	-19.024	23.989	-230.87	-63.13	10.004
167.18	29.059	21.741	-157.16	44.103	-14.883	-138.69	34.301	-17.248	-171.07	2.3504	40.339	-246.77	-19.313	24.458	-230.28	-63.287	10.385
167.19	29.068	21.759	-157.07	44.101	-14.565	-138.43	34.286	-17.04	-170.55	1.8125	40.816	-246.41	-19.679	24.893	-229.65	-63.488	10.714
167.19	29.066	21.76	-156.76	44.022	-14.001	-137.93	34.355	-16.586	-170.08	0.93048	40.864	-245.93	-20.076	25.481	-229.05	-63.731	10.909
167.19	29.066	21.765	-156.29	44.022	-13.223	-137.37	34.227	-15.806	-169.35	0.16702	41.435	-245.29	-20.552	26.09	-228.46	-64.098	11.154
167.18	29.065	21.757	-155.65	43.79	-12.375	-136.64	34.024	-15.087	-168.46	-0.6654	42.153	-244.54	-21.018	26.759	-227.84	-64.589	11.407
167.18	29.054	21.736	-154.8	43.598	-11.112	-135.53	33.869	-13.746	-167.45	-1.6822	42.953	-243.75	-21.596	27.394	-227.12	-65.152	11.643
167.18	29.061	21.759	-153.75	43.369	-9.6842	-134.61	33.512	-12.547	-166.31	-2.8465	43.885	-242.71	-22.142	28.24	-226.22	-65.719	11.927
167.19	29.064	21.768	-152.67	43.123	-8.2443	-133.33	33.137	-11.066	-164.95	-4.1647	44.931	-241.59	-22.762	29.06	-225.07	-66.268	12.256
167.18	29.064	21.76	-151.35	42.892	-6.608	-131.6	32.673	-9.2443	-163.23	-5.2444	46.485	-240.3	-23.463	30.13	-223.64	-66.788	12.661
167.18	29.063	21.766	-150.01	42.695	-4.9977	-129.82	32.137	-7.5896	-161.47	-6.6453	47.595	-238.91	-24.232	31.246	-221.91	-67.311	13.129
167.18	29.061	21.76	-148.52	42.506	-3.3246	-127.67	31.517	-5.8105	-159.55	-7.962	48.798	-237.16	-25.015	32.629	-219.59	-68.318	14.216
167.17	29.067	21.758	-147.09	42.288	-1.8164	-124.39	31.395	-3.0273	-157.59	-9.4987	49.525	-235.29	-25.885	34.089	-217.86	-69.131	15.075
167.17	29.062	21.757	-145.46	42.204	-0.23971	-121.62	30.729	-1.1282	-155.22	-10.77	50.737	-233.21	-26.837	35.664	-216.22	-69.45	15.692
167.17	29.065	21.756	-143.84	42.104	1.4426	-118.41	30.083	0.90886	-152.66	-12.002	52.035	-230.84	-27.877	37.4	-214.26	-70.155	16.857
167.16	29.064	21.758	-142.05	41.975	3.1251	-114.98	29.455	2.8815	-149.88	-13.189	53.375	-228.3	-28.93	39.221	-211.97	-70.956	18.247
167.17	29.067	21.763	-140.19	41.916	4.6665	-111.18	28.7	4.8159	-146.91	-14.304	54.67	-225.51	-30.017	41.131	-209.48	-71.735	19.616
167.17	29.064	21.759	-138.07	41.816	6.5682	-107.23	27.833	6.5717	-143.82	-15.379	56.111	-222.58	-31.141	43.112	-206.24	-72.281	21.23
167.17	29.065	21.762	-135.85	41.645	8.4079	-103.1	26.906	8.6011	-140.49	-16.414	57.573	-219.56	-32.252	45.11	-203.21	-72.997	22.841
167.17	29.067	21.76	-133.3	41.304	10.412	-98.723	25.925	10.779	-137.06	-17.455	59.237	-216.35	-33.28	47.14	-200.06	-73.724	24.479
167.16	29.06	21.757	-130.53	40.881	12.121	-94.122	24.914	13.118	-133.54	-18.544	60.924	-213	-34.275	49.137	-196.76	-74.456	26.264
167.17	29.061	21.762	-127.37	40.486	14.314	-89.566	23.852	15.505	-129.93	-19.634	62.704	-209.53	-35.229	51.146	-193.31	-75.203	28.113
167.17	29.067	21.758	-124.04	39.858	16.27	-84.657	22.83	18.085	-126.12	-20.762	64.52	-206	-37.083	53.633	-190.16	-76.134	29.798
167.17	29.062	21.757	-120.4	39.188	18.324	-79.573	21.707	20.732	-122.25	-21.947	66.431	-201.95	-37.41	55.409	-186.37	-76.835	31.573
167.17	29.058	21.755	-116.44	38.457	20.612	-74.522	20.77	23.465	-118.13	-23.206	68.539	-198.56	-37.948	56.867	-182.32	-77.552	33.261
167.18	29.058	21.759	-112.2	37.801	22.708	-69.464	19.639	26.242	-113.77	-24.452	70.137	-194.43	-38.738	58.681	-178.12	-78.251	34.802
167.18	29.063	21.763	-107.78	37.032	24.77	-64.065	18.656	28.832	-109.24	-25.757	72.052	-190.02	-39.586	60.511	-173.62	-78.978	36.233
167.17	29.046	21.733	-103.12	36.188	26.853	-58.561	17.605	31.4	-104.52	-27.164	73.714	-185.35	-40.526	62.263	-168.96	-79.707	37.507
167.17	29.048	21.734	-98.188	35.405	28.922	-53.071	16.593	33.879	-99.564	-28.546	75.269	-180.42	-41.542	63.983	-164.19	-80.439	38.696
167.17	29.047	21.735	-93.073	34.616	30.943	-47.418	15.569	35.917	-94.387	-29.943	76.704	-175.25	-42.635	65.655	-159.16	-81.108	39.808
167.17	29.048	21.735	-87.849	33.769	32.741	-41.608	14.565	38.013	-89.021	-31.299	77.978	-169.86	-43.778	67.25	-154.06	-81.8	40.834
167.17	29.043	21.735	-82.371	33.019	34.365	-35.606	13.492	39.773	-83.39	-32.611	79.072	-164.25	-44.948	68.772	-148.73	-82.443	41.825
167.17	29.046	21.732	-76.879	32.188	35.562	-29.261	12.506	41.338	-77.636	-33.871	80.04	-158.47	-46.047	70.218	-143.28	-83.058	42.789
167.16	29.048	21.731	-71.222	31.421	36.79	-22.888	11.289	42.633	-71.66	-35.035	80.861	-152.51	-47.108	71.584	-137.65	-83.634	43.747
167.16	29.041	21.728	-65.48	30.67	37.702	-16.208	10.075	43.605	-65.572	-36.096	81.507	-146.44	-48.052	72.854	-132	-84.184	44.646
167.16	29.056	21.757	-59.62	29.993	38.465	-9.2851	8.8941	44.558	-59.362	-37.147	81.944	-140.27	-48.873	74.036	-126.27	-84.692	45.53
167.16	29.04	21.727	-53.677	29.381	39.032	-2.0546	7.6071	45.452	-53.082	-38.081	82.33	-133.98	-49.613	75.145	-120.43	-85.125	46.345
167.16	29.051	21.757	-47.718	28.604	39.409	5.2598	6.2458	46.306	-46.667	-39.008	82.542	-127.57	-50.236	76.169	-114.51	-85.513	47.105
167.16	29.041	21.737	-41.54	28.022	39.762	12.739	4.7719	46.954	-40.135	-39.923	82.7	-121.14	-50.767	77.065	-108.56	-85.855	47.706
167.15	29.044	21.726	-35.303	27.399	40	20.227	3.2917	47.513	-33.648	-40.893	82.688	-114.62	-51.233	77.864	-102.49	-86.124	48.177
167.16	29.053	21.735	-29.037	26.837	40.106	27.715	1.8241	48.008	-27.048	-41.852	82.68	-108.19	-51.886	78.205	-96.34	-86.314	48.574
167.17	29.065	21.756	-22.606	26.186	40.224	35.047	0.34664	48.293	-20.375	-42.869	82.558	-101.53	-52.329	78.846	-90.207	-86.505	48.723
167.16	29.065	21.758	-16.058	25.618	40.255	42.331	-1.0095	48.5	-13.771	-43.956	82.136	-94.753	-52.748	79.468	-84.04	-86.631	48.761
167.17	29.067	21.76	-9.4743	25.002	40.346	49.464	-2.4446	48.201	-6.9398	-44.962	81.882	-87.97	-53.212	79.884	-77.797	-86.721	48.79
167.17	29.062	21.751	-2.8863	24.462	40.308	56.665	-3.69	48.018	-0.26482	-45.981	81.293	-81.118	-53.672	80.251	-71.628	-86.782	48.672
167.17	29.067	21.759	3.7033	23.848	39.94	63.542	-5.161	47.109	6.5353	-46.861	80.792	-74.277	-54.156	80.388	-65.431	-86.802	48.591
167.17	29.067	21.756	10.259	23.372	39.604	70.575	-6.461	46.489	13.24	-47.7	80.182	-67.424	-54.542	80.568	-59.309	-86.769	48.52
167.18	29.067	21.764	16.781	22.978	38.885	77.484	-7.9076	45.379	19.846	-48.352	79.489	-60.682	-54.829	80.619	-53.174	-86.719	48.417
167.17	29.07	21.759	23.033	22.418	37.99	84.216	-9.2906	44.488	26.211	-48.831	78.718	-53.962	-55.016	80.571	-47.17	-86.66	48.337
167.18	29.07	21.757	29.236	22.073	36.875	91.094	-10.495	43.395	32.607	-49.152	78.006	-47.445	-55.032	80.438	-41.211	-86.54	48.272
167.17	29.066	21.765	35.179	21.717	35.427	97.932	-12.09	42.284	38.741	-49.221	77.098	-41.105	-54.858	80.251	-35.364	-86.4	48.219
167.17	29.062	21.749	40.947	21.476	33.755	104.6	-13.388	41.084	44.817	-49.119	76.363	-34.958	-54.463	80.072	-29.678	-86.2	48.225
167.17	29.052	21.743	46.523	21.328	32.144	111.4	-14.717	40.265	50.758	-48.831	75.604	-29.052	-53.864	79.847	-24.058	-85.94	48.212
167.17	29.054	21.743	51.763	21.29	30.24	117.73	-15.986	39.105	56.513	-48.438	74.754	-23.329	-53.063	79.668	-18.613	-85.569	48.269
167.18	29.061	21.759	56.836	21.337	28.624	124.05	-17.108	38.184	62.129	-47.923	73.871	-17.769	-52.207	79.48	-13.318	-85.122	48.347
167.17	29.058	21.751	61.64	21.606	27.029	130.14	-18.202	36.903	67.566	-47.341	72.925	-12.342	-51.232	79.333	-8.1795	-84.642	48.405
167.18	29.063	21.754	66.269	21.994	25.584	136.07	-19.109	35.705	72.856	-46.697	71.804	-7.0643	-50.251	79.195	-3.2096	-84.088	48.452
167.18	29.061	21.762	70.594	22.559	24.332	141.55	-19.865	34.537	77.992	-46.043	70.593	-1.9319	-49.306	79.082	1.5955	-83.499	48.441
167.17	29.049	21.737	74.72	23.324	23.188	146.9	-20.414	33.108	83.035	-45.301	69.434	3.0163	-48.432	78.891	6.3006	-82.878	48.371
167.18	29.058	21.755	78.808	24.302	22.334	151.9	-20.763	31.673	87.786	-44.529	68.12	7.8388	-47.57	78.766	10.798	-82.214	48.323
167.17	29.051	21.731	82.456	25.097	21.324	156.59	-21.073	29.961	92.623	-43.628	67.027	12.488	-46.77	78.622	15.168	-81.522	48.203
167.17	29.049	21.738	86.056	25.988	20.326	160.99	-20.959	28.327	97.137	-42.686	65.797	16.98	-46.026	78.398	19.355	-80.798	48.081
167.17	29.058	21.751	89.667	27.196	19.637	165.21	-20.745	26.603	101.54	-41.715	64.867	21.437	-45.145	78.441	23.483	-80.007	47.964
167.18	29.061	21.759	93.022	28.168	18.649	169.21	-20.201	25.061	105.76	-40.594	63.736	25.624	-44.394	78.133	27.456	-79.166	47.868
167.17	29.051	21.731	96.334	29.138	17.599	172.97	-19.467	23.299	109.78	-39.37	62.525	29.542	-43.652	77.637	31.19	-78.306	47.712
167.17	29.054	21.729	99.431	30.182	16.355	176.56	-18.498	21.733	113.72	-38.148	61.57	33.43	-42.702	77.272	34.887	-77.425	47.602
167.17	29.051	21.731	102.4	31.045	15.107	179.88	-17.391	19.961	117.44	-36.894	60.593	37.174	-41.582	76.972	38.354	-76.501	47.496
167.17	29.044	21.737	105.37	31.911	13.839	183.09	-16.066	18.378	121.17	-35.472	59.784	40.75	-40.393	76.574	41.732	-75.548	47.389
167.16	29.048	21.738	108.19	32.704	12.446	185.9	-14.774	16.55	124.62	-34.124	58.837	44.107	-39.045	76.256	44.944	-74.549	47.268
167.17	29.04	21.729	110.97	33.449	11.039	188.77	-13.349	14.716	127.99	-32.775	57.867	47.357	-37.603	75.924	48.056	-73.501	47.166
167.17	29.041	21.732	113.68	34.136	9.583	191.36	-12.094	13.002	131.25	-31.49	56.935	50.415	-36.106	75.54	50.993	-72.404	47.044
167.16	29.038	21.729	116.42	34.897	8.2638	193.82	-10.858	11.064	134.38	-30.244	56.084	53.331	-34.617	75.136	53.81	-71.23	46.879
167.16	29.037	21.725	119.1	35.528	7.0894	196.1	-9.5975	9.3147	137.4	-29.092	55.261	56.14	-33.118	74.683	56.494	-70.062	46.572
167.16	29.035	21.724	121.73	36.242	5.8438	198.16	-8.422	7.5111	140.29	-28.035	54.4	58.849	-31.657	74.198	59.06	-68.863	46.205
167.16	29.035	21.732	124.42	37.036	4.789	200.06	-7.0217	5.5613	142.96	-27.081	53.542	61.466	-30.266	73.709	61.446	-67.659	45.809
167.16	29.03	21.724	127.07	37.797	3.944	201.63	-5.5995	3.827	145.65	-26.148	52.801	63.974	-28.962	73.205	63.755	-66.464	45.28
167.16	29.028	21.73	129.65	38.507	3.1173	202.96	-3.8934	1.7794	148.15	-25.213	52.173	66.346	-27.778	72.669	65.892	-65.248	44.737
167.16	29.024	21.729	132.19	39.238	2.2732	203.98	-1.8777	0.016319	150.51	-24.308	51.496	68.581	-26.668	72.132	67.873	-64.005	44.24
167.15	29.026	21.723	134.67	40.052	1.5531	204.57	0.5062	-1.7836	152.76	-23.345	50.978	70.721	-25.614	71.62	69.753	-62.771	43.695
167.16	29.027	21.732	137.05	40.812	0.87618	204.74	3.1892	-3.4166	154.89	-22.331	50.491	72.668	-24.574	71.153	71.521	-61.53	43.26
167.18	29.04	21.744	139.37	41.539	0.20156	204.62	6.1145	-5.1007	156.89	-21.24	50.197	74.493	-23.529	70.739	73.201	-60.266	42.795
167.04	28.67	21.025	141.61	42.237	-0.23943	203.72	10.053	-6.899	158.81	-20.056	49.839	76.15	-22.377	70.399	74.749	-58.992	42.451
166.81	28.556	21.005	143.66	42.697	-1.1142	202.28	13.975	-8.4391	160.68	-18.79	49.715	77.679	-21.2	70.158	76.189	-57.728	42.148
166.83	28.569	21.02	145.66	43.282	-1.8692	200.46	17.909	-9.5197	162.34	-17.44	49.551	79.064	-19.951	69.97	77.596	-56.454	41.962
166.83	28.569	21.02	147.64	43.823	-2.3758	197.79	22.57	-10.631	163.87	-16.05	49.444	80.29	-18.631	69.831	78.832	-55.164	41.805
166.9	28.816	21.012	149.45	44.462	-2.8953	194.84	27.127	-10.893	165.39	-14.53	49.532	81.432	-17.283	69.751	79.986	-53.87	41.694
167.03	29.529	21.024	151.19	45.17	-3.1328	191.95	31.153	-10.621	166.75	-12.993	49.681	82.632	-15.811	69.959	80.998	-52.614	41.537
167.64	30.39	21.138	152.56	46.227	-3.171	189.11	34.823	-10.745	167.98	-11.478	49.881	83.403	-14.625	69.692	81.986	-51.315	41.346
168.58	31.395	21.222	153.67	47.7	-2.7231	187.07	38.102	-10.053	169.02	-10.028	50.219	84.279	-13.393	69.682	82.92	-49.997	41.164
169.62	32.943	21.408	154.33	49.594	-2.3515	187.31	39.895	-10.325	169.84	-8.6323	50.546	85.245	-12.07	70.003	83.751	-48.715	40.975
170.45	34.55	22	155.09	51.411	-1.6363	187.82	41.732	-9.692	170.46	-7.1734	50.841	85.813	-11.17	69.843	84.509	-47.404	40.719
171.16	36.069	22.791	156.07	53.211	-0.8115	188.4	43.414	-8.968	171.17	-5.7083	51.257	86.43	-10.13	69.94	85.149	-45.979	40.616
171.8	37.539	23.449	156.95	54.979	-0.21082	189.02	45.184	-8.2133	171.86	-4.3826	51.601	86.928	-9.1008	69.99	85.829	-44.469	40.513
172.44	39.161	24.08	157.74	56.805	0.55326	189.61	47.096	-7.339	172.56	-2.9701	52.097	87.38	-8.0016	70.103	86.42	-42.834	40.54
173.1	40.934	24.815	158.46	58.633	1.2879	190.15	49.019	-6.5138	173.05	-1.3916	52.563	87.825	-6.744	70.23	87.016	-41.186	40.532
173.66	42.724	25.482	159.05	60.655	2.1423	190.64	51.076	-5.6389	173.55	0.34931	53.175	88.253	-5.2666	70.403	87.576	-39.479	40.606
174.24	44.668	26.228	159.53	62.745	2.9502	191.09	53.22	-4.9725	173.94	2.1671	53.727	88.694	-3.5159	70.676	88.118	-37.704	40.664
174.68	46.77	26.986	159.93	64.957	3.7676	191.38	55.532	-4.1743	174.33	4.1643	54.321	89.151	-1.5605	71.056	88.683	-35.892	40.781
175	49.036	27.735	160.21	67.271	4.4756	191.69	57.957	-3.3434	174.63	6.3462	54.947	89.365	0.35305	71.188	89.226	-33.937	40.971
175.16	51.44	28.499	160.36	69.664	5.3168	191.86	60.57	-2.476	174.89	8.7165	55.62	89.559	2.4507	71.549	89.694	-31.95	41.196
175.3	54.037	29.371	160.44	72.237	6.2325	191.97	63.276	-1.4754	175.1	11.223	56.385	89.739	4.6325	71.968	90.167	-29.824	41.507
175.27	56.691	30.169	160.37	74.908	7.1564	192.1	66.162	-0.45071	175.23	13.857	57.17	89.916	6.9223	72.611	90.581	-27.64	41.878
175.24	59.523	31.089	160.18	77.745	8.1144	191.93	69.303	0.39777	175.27	16.617	57.926	89.845	9.001	72.828	91.001	-25.349	42.234
175.12	62.529	32.052	160	80.714	9.1817	191.99	72.485	1.4845	175.31	19.552	58.729	89.944	11.358	73.465	91.397	-22.975	42.676
174.93	65.684	33.072	159.7	83.803	10.203	191.81	75.976	2.6406	175.32	22.634	59.68	89.86	13.548	73.707	91.779	-20.524	43.052
174.69	69.008	34.189	159.32	87.062	11.198	191.57	79.481	3.6175	175.21	25.832	60.503	89.919	16.033	74.329	92.142	-17.973	43.445
174.29	72.413	35.172	158.89	90.38	12.264	191.35	83.157	4.6842	175.09	29.178	61.418	89.798	18.448	74.552	92.48	-15.356	43.84
173.85	75.974	36.175	158.34	93.818	13.327	191.02	86.924	5.9196	174.9	32.688	62.346	89.817	21.155	75.167	92.766	-12.652	44.242
173.28	79.661	37.19	157.66	97.298	14.261	190.58	90.808	7.1871	174.63	36.287	63.238	89.586	23.808	75.392	93.073	-9.8456	44.715
172.63	83.424	38.098	157.02	100.93	15.167	190.07	94.772	7.946	174.35	40.051	64.122	89.424	26.681	75.81	93.41	-6.9927	45.179
171.96	87.282	39.031	156.17	104.44	15.948	189.55	98.781	8.9964	174	43.898	64.983	89.205	29.655	76.228	93.63	-4.0849	45.595
171.12	91.163	39.808	155.38	108.18	16.768	188.87	102.93	9.9326	173.63	47.839	65.877	88.935	32.729	76.693	93.893	-1.1228	46.099
170.29	95.111	40.579	154.43	111.79	17.493	188.27	107	10.621	173.18	51.82	66.651	88.643	35.856	77.101	94.18	1.8773	46.581
169.4	99.122	41.246	153.47	115.5	17.998	187.43	111.17	11.31	172.75	55.864	67.368	88.347	39.053	77.572	94.388	4.9116	47.062
168.44	103.15	41.874	152.49	119.24	18.632	186.6	115.35	12.009	172.34	59.935	68.092	88.053	42.246	77.968	94.638	7.9627	47.544
167.46	107.18	42.432	151.38	122.87	19.086	185.81	119.42	12.719	171.92	64.035	68.719	87.772	45.43	78.342	94.903	11.033	48.057
166.43	111.18	42.869	150.21	126.57	19.57	184.76	123.67	13.124	171.46	68.118	69.271	87.52	48.598	78.781	95.112	14.071	48.499
165.37	115.16	43.225	149.03	130.13	19.796	183.75	127.77	13.344	171.07	72.203	69.789	87.303	51.743	79.221	95.366	17.067	48.959
164.32	119.03	43.5	147.9	133.71	20.169	182.79	131.77	13.622	170.68	76.266	70.198	87.115	54.79	79.654	95.586	20.006	49.429
163.35	122.88	43.732	146.75	137.2	20.351	181.79	135.67	13.822	170.31	80.258	70.489	86.939	57.751	80.01	95.82	22.943	49.927
162.43	126.6	43.763	145.62	140.55	20.407	180.86	139.46	13.786	170.01	84.21	70.735	86.821	60.645	80.348	96.09	25.845	50.409
161.59	130.22	43.739	144.51	143.76	20.257	179.97	143.14	13.704	169.74	88.049	70.897	86.75	63.458	80.668	96.328	28.69	50.828
160.76	133.66	43.582	143.57	146.89	20.075	179.16	146.68	13.462	169.48	91.785	70.963	86.702	66.231	80.887	96.595	31.484	51.263
160.02	136.97	43.262	142.77	149.85	19.851	178.41	149.99	13.127	169.29	95.409	70.979	86.88	69.198	81.493	96.873	34.228	51.649
159.39	140.19	42.937	142.06	152.67	19.487	177.63	153.19	12.747	169.14	98.888	70.956	86.758	71.735	81.184	97.181	36.919	51.968
158.89	143.27	42.637	141.47	155.44	19.079	177.14	156.22	12.095	169.03	102.23	70.835	86.869	74.466	81.347	97.505	39.563	52.277
158.41	146.21	42.138	140.88	158.02	18.474	176.69	159.05	11.676	168.96	105.44	70.673	86.964	77.105	81.29	97.882	42.095	52.427
158.07	149.02	41.687	140.52	160.54	18.036	176.28	161.78	11.173	168.92	108.52	70.459	87.08	79.772	81.34	98.212	44.546	52.604
157.74	151.7	41.149	140.18	162.91	17.442	175.99	164.27	11.067	168.91	111.5	70.218	87.229	82.344	81.251	98.581	46.897	52.706
157.47	154.25	40.553	139.89	165.15	16.765	175.8	166.64	10.421	168.92	114.28	69.953	87.337	84.826	81.138	98.961	49.196	52.829
157.29	156.66	39.956	139.62	167.17	15.995	175.51	168.99	9.6301	169.01	116.96	69.607	87.482	87.17	80.993	99.344	51.381	52.863
157.16	158.93	39.354	139.49	169.22	15.382	175.39	171.19	8.9161	169.14	119.53	69.261	87.658	89.445	80.895	99.754	53.47	52.921
157.03	161.03	38.646	139.33	171.07	14.712	175.33	173.27	8.2655	169.27	121.9	68.838	87.89	91.562	80.711	100.13	55.464	52.937
156.98	163.09	38.033	139.27	172.88	14.075	175.13	175.19	7.549	169.51	124.14	68.384	88.136	93.523	80.504	100.58	57.314	52.798
156.94	164.94	37.369	139.21	174.6	13.44	175.1	177.06	6.7978	169.7	126.23	67.87	88.474	95.38	80.325	101	59.088	52.737
156.98	166.73	36.742	139.12	176.19	12.73	174.96	178.75	5.9107	170.03	128.2	67.381	88.837	97.039	80.059	101.4	60.743	52.594
156.97	168.37	36.036	139.02	177.65	12.051	174.93	180.34	5.2523	170.33	129.98	66.777	89.267	98.587	79.864	101.83	62.283	52.449
157.03	169.93	35.421	139.1	179.05	11.523	175	181.91	4.7218	170.67	131.67	66.19	89.738	99.977	79.608	102.26	63.722	52.162
157.16	171.37	34.78	139.05	180.35	10.804	174.86	183.33	3.8786	171.02	133.2	65.618	90.231	101.28	79.318	102.68	65.077	51.84
157.32	172.74	34.193	139.15	181.67	10.257	174.95	184.63	3.2031	171.37	134.61	65.021	90.746	102.47	78.995	103.05	66.298	51.46
157.45	173.95	33.514	139.22	182.82	9.584	175.15	185.95	2.6057	171.73	135.89	64.414	91.204	103.52	78.602	103.45	67.476	51.09
157.65	175.09	32.953	139.38	183.91	9.0728	175.23	187.16	1.9988	172.1	137.06	63.786	91.708	104.52	78.185	103.81	68.565	50.697
157.88	176.17	32.365	139.57	184.92	8.456	175.28	188.14	1.1191	172.47	138.13	63.16	92.168	105.47	77.784	104.2	69.548	50.153
158.1	177.13	31.642	139.74	185.86	7.7405	175.52	189.04	0.49919	172.8	139.14	62.478	92.591	106.41	77.321	104.53	70.477	49.671
158.36	177.99	30.872	139.97	186.62	7.014	175.83	189.82	-0.1944	173.12	140.06	61.846	92.993	107.26	76.826	104.85	71.368	49.262
158.66	178.81	30.2	140.21	187.32	6.2462	176.11	190.67	-0.97767	173.44	140.97	61.205	93.328	108.16	76.309	105.17	72.213	48.741
158.93	179.51	29.365	140.51	187.92	5.3189	176.3	191.15	-1.9977	173.72	141.79	60.518	93.629	108.99	75.743	105.44	72.987	48.328
159.33	180.15	28.247	140.77	188.4	4.344	176.67	191.6	-2.8278	173.84	142.49	59.772	93.866	109.82	75.161	105.67	73.713	47.93
159.53	180.7	27.233	140.99	188.81	3.2102	176.82	192.05	-4.0549	174.05	143.23	59.015	94.08	110.68	74.59	105.86	74.419	47.547
159.76	181.16	26.229	141.24	189.15	2.1631	177.24	192.18	-5.0137	174.26	143.91	58.221	94.25	111.49	74.001	106.08	75.057	47.078
159.99	181.6	25.182	141.48	189.42	1.0077	177.51	192.37	-6.1771	174.49	144.53	57.372	94.377	112.27	73.422	106.24	75.646	46.741
160.17	181.96	24.033	141.66	189.59	-0.14642	177.66	192.48	-7.454	174.69	145.09	56.57	94.456	113.04	72.829	106.44	76.157	46.273
160.33	182.23	23.039	141.83	189.76	-1.2941	177.73	192.53	-8.742	174.85	145.55	55.627	94.573	113.68	72.195	106.58	76.634	45.88
161.19	182.49	22.716	141.95	190	-2.0791	177.88	192.67	-9.7223	175.05	145.95	54.758	94.682	114.31	71.651	106.7	77.021	45.423
162.09	182.9	22.477	142.16	190.48	-2.4591	178.21	192.77	-10.563	175.32	146.15	53.956	94.791	114.78	71.042	106.79	77.346	44.928
162.27	183.13	22.491	142.38	190.94	-2.6191	178.49	192.98	-11.196	175.63	146.07	53.188	94.919	115.14	70.563	106.9	77.593	44.429
162.37	183.33	22.472	142.43	191.08	-3.1953	178.75	193.09	-11.593	175.85	145.95	52.538	95.091	115.35	70.229	106.96	77.695	43.944
162.38	183.33	22.449	142.43	191.04	-3.8311	178.79	193.2	-12.177	175.96	145.87	51.948	95.259	115.35	69.846	106.96	77.735	43.502
162.39	183.32	22.459	142.42	190.92	-4.4947	178.89	193.16	-12.893	176.05	145.89	51.347	95.421	115.27	69.635	106.95	77.708	43.15
162.39	183.31	22.464	142.37	190.8	-5.0223	179.02	193.04	-13.567	176.13	145.96	50.778	95.6	115.07	69.363	106.94	77.674	42.857
162.34	183.24	22.459	142.18	190.61	-5.6148	179.26	192.72	-14.403	176.11	146.08	50.183	95.757	114.89	69.095	106.93	77.673	42.72
162.28	183.12	22.491	142.04	190.46	-6.1719	179.43	192.53	-15.05	176.08	146.13	49.649	95.872	114.72	68.851	106.92	77.681	42.603
162.17	183	22.48	141.91	190.3	-6.5311	179.65	192.25	-15.685	176.01	146.12	49.17	95.894	114.57	68.564	106.86	77.622	42.538
162.07	182.89	22.471	141.67	190.07	-6.9677	179.91	191.77	-16.39	175.94	146.01	48.785	95.82	114.52	68.45	106.73	77.482	42.477
161.99	182.79	22.5	141.41	189.85	-7.2861	180.43	191.5	-16.751	175.84	145.81	48.396	95.645	114.49	68.394	106.62	77.251	42.339
161.94	182.73	22.498	141.06	189.66	-7.3504	181.18	191.1	-16.971	175.69	145.55	47.976	95.369	114.44	68.318	106.52	76.947	42.127
161.9	182.72	22.501	140.55	189.59	-7.3336	182.37	190.77	-17.094	175.56	145.24	47.69	95.061	114.36	68.266	106.39	76.613	41.983
161.88	182.75	22.488	139.85	189.62	-7.032	184.02	190.53	-16.681	175.4	144.86	47.515	94.774	114.16	68.293	106.26	76.21	41.896
161.88	182.82	22.477	139.01	189.64	-6.5961	186.15	190.34	-15.918	175.18	144.36	47.435	94.545	113.81	68.339	106.16	75.756	41.775
161.84	182.89	22.465	138.1	189.76	-5.9928	188.62	189.96	-14.857	174.9	143.76	47.414	94.397	113.27	68.423	105.98	75.232	41.821
161.84	182.96	22.451	137.1	189.67	-5.2951	191	189.79	-13.45	174.57	143.06	47.56	94.3	112.54	68.657	105.85	74.592	41.781
161.86	182.99	22.448	136.14	189.56	-4.4805	193.19	189.44	-11.982	174.26	142.28	47.809	94.24	111.64	68.9	105.6	73.865	41.992
161.86	182.98	22.447	135.18	189.31	-3.6291	195.36	189.21	-9.6052	173.94	141.43	48.168	94.279	110.62	69.308	105.4	73.09	42.176
161.84	182.93	22.461	134.28	188.93	-2.7279	196.92	188.68	-7.6425	173.67	140.47	48.643	94.195	109.5	69.788	105.16	72.214	42.459
161.86	182.89	22.468	133.56	188.34	-1.6077	198.07	187.83	-6.0133	173.41	139.36	49.27	94.107	108.35	70.307	104.85	71.279	42.898
161.87	182.85	22.471	133	187.7	-0.3829	199.1	186.8	-4.3826	173.18	138.05	50.011	93.91	107.1	70.8	104.49	70.262	43.426
161.89	182.82	22.488	132.58	186.87	0.89184	199.94	185.43	-2.7457	173	136.61	50.941	93.609	105.87	71.423	104.15	69.124	43.93
161.89	182.81	22.475	132.46	185.94	2.2658	200.76	183.83	-1.0932	172.9	135.02	51.995	93.21	104.64	72.196	103.72	67.897	44.448
161.88	182.79	22.465	132.39	184.8	3.7365	201.53	182.03	0.6337	172.72	133.25	53.236	92.724	103.32	72.91	103.28	66.595	45.096
161.88	182.79	22.477	132.41	183.47	5.1851	202.17	180.09	2.6126	172.37	131.21	54.558	92.339	102.14	74.211	102.74	65.185	45.758
161.87	182.8	22.48	132.57	182.08	6.7829	202.72	178.02	4.5779	172.04	129.12	56.018	91.544	100.47	74.591	102.13	63.719	46.485
161.85	182.8	22.469	132.88	180.61	8.5251	203.22	175.77	6.7565	171.76	126.98	57.643	90.86	98.905	75.519	101.44	62.165	47.187
161.84	182.82	22.469	133.06	178.89	10.239	203.69	173.39	8.8013	171.17	124.55	59.309	90.116	97.19	76.459	100.7	60.559	48.05
161.83	182.82	22.473	133.26	177.14	11.912	203.96	170.91	11.152	170.59	122.12	61.091	89.335	95.369	77.437	99.876	58.849	48.932
161.82	182.84	22.469	133.42	175.28	13.714	203.98	168.35	13.31	169.85	119.63	62.879	88.633	93.586	78.837	98.945	57.095	49.837
161.81	182.84	22.47	133.5	173.33	15.618	203.92	165.6	15.425	169.05	117.1	64.771	87.421	91.379	79.396	97.885	55.252	50.751
161.81	182.84	22.466	133.38	171.29	17.5	203.66	162.89	17.718	168.06	114.5	66.662	86.284	89.335	80.503	96.77	53.389	51.747
161.81	182.84	22.47	133.13	169.2	19.285	203.17	160.15	19.852	166.89	111.9	68.587	84.982	87.237	81.587	95.44	51.474	52.793
161.8	182.84	22.452	132.63	167.08	21.056	202.5	157.33	22.073	165.54	109.33	70.568	83.491	85.063	82.635	94.033	49.517	53.9
161.8	182.84	22.473	131.91	164.88	22.815	201.61	154.61	24.413	163.88	106.74	72.47	81.751	82.966	83.806	92.48	47.514	54.999
161.81	182.86	22.469	130.95	162.66	24.593	200.34	151.88	26.696	162.13	104.25	74.521	79.993	80.998	85.326	90.715	45.473	56.204
161.81	182.86	22.454	129.76	160.41	26.347	198.86	149.22	28.799	160.05	101.77	76.533	77.715	78.74	86.184	88.816	43.419	57.323
161.81	182.87	22.46	128.3	158.19	28.122	197.07	146.62	30.972	157.68	99.336	78.437	75.32	76.551	87.298	86.702	41.317	58.549
161.82	182.88	22.465	126.61	155.99	29.88	194.93	144.2	33.182	155.27	97.004	80.611	72.687	74.346	88.446	84.43	39.174	59.719
161.82	182.89	22.45	124.57	153.79	31.657	192.65	141.87	35.589	152.52	94.622	82.558	69.892	72.19	89.681	81.966	37.028	60.922
161.83	182.89	22.46	122.32	151.63	33.51	189.92	139.71	37.974	149.6	92.34	84.537	67.062	70.084	91.212	79.325	34.854	62.099
161.84	182.89	22.453	119.74	149.51	35.342	186.98	137.59	40.191	146.36	90.02	86.452	63.727	67.582	91.928	76.526	32.674	63.159
161.84	182.88	22.454	116.99	147.43	37.165	183.7	135.66	42.603	143.07	87.797	88.415	60.425	65.24	93.15	73.501	30.463	64.303
161.85	182.88	22.453	114.05	145.37	39.106	180.12	133.78	44.886	139.42	85.558	90.3	56.845	62.776	94.094	70.3	28.267	65.38
161.86	182.88	22.464	110.79	143.39	40.932	176.15	131.62	46.436	135.52	83.365	92.175	53.259	60.477	95.471	66.893	26.053	66.379
161.86	182.88	22.47	107.3	141.4	42.71	171.99	129.84	48.462	131.34	81.219	93.933	49.173	57.858	96.134	63.299	23.856	67.363
161.86	182.86	22.467	103.58	139.37	44.397	167.63	128.21	50.698	127.02	79.15	95.756	45.03	55.415	97.026	59.521	21.679	68.335
161.87	182.85	22.477	99.63	137.42	46.008	162.89	126.63	52.754	122.57	77.202	97.5	40.729	53.11	98.158	55.557	19.501	69.236
161.87	182.84	22.477	95.455	135.48	47.678	157.85	125.04	54.424	117.74	75.21	99.047	36.008	50.596	98.696	51.378	17.36	70.197
161.87	182.83	22.468	91.107	133.59	49.197	152.65	123.64	56.362	112.79	73.285	100.53	31.152	48.304	99.401	47.016	15.199	70.938
161.98	183.05	23.045	86.508	131.68	50.685	147.26	122.45	58.595	107.7	71.401	102.05	26.109	46.06	100.12	42.511	13.081	71.704
161.98	183.04	23.051	81.807	129.87	52.171	141.5	121.11	60.048	102.36	69.526	103.41	20.918	43.823	100.68	37.804	10.931	72.303
161.98	183.04	23.048	76.968	128.03	53.573	135.33	119.8	61.332	97.068	67.79	104.73	15.528	41.633	101.17	32.923	8.8426	72.831
161.97	183.05	23.042	72.009	126.25	54.893	128.73	118.48	62.328	91.41	65.946	105.8	10.018	39.4	101.5	27.869	6.7124	73.297
161.97	183.05	23.04	66.948	124.48	56.186	122.01	117.21	63.119	85.566	64.063	106.74	4.4288	37.199	101.8	22.732	4.6181	73.61
161.97	183.06	23.049	61.807	122.73	57.336	114.95	115.99	63.837	79.738	62.267	107.63	-1.2909	34.982	101.96	17.456	2.5082	73.804
161.97	183.06	23.043	56.546	120.96	58.427	107.65	114.67	64.319	73.693	60.47	108.42	-6.9614	32.92	102.33	12.09	0.47446	73.967
161.97	183.07	23.044	51.32	119.2	59.545	100.18	113.25	64.407	67.578	58.728	109.02	-12.83	30.711	102.25	6.6203	-1.5749	74.02
161.97	183.07	23.05	45.902	117.43	60.391	92.654	111.92	64.437	61.381	57.024	109.52	-18.88	28.333	101.7	1.0879	-3.5925	74.012
161.99	183.08	23.044	40.441	115.58	61.132	85.058	110.55	64.546	55.094	55.339	109.9	-24.872	26.178	101.47	-4.6246	-5.6306	73.892
161.98	183.09	23.035	34.981	113.84	61.754	77.305	108.86	63.851	48.66	53.679	110.17	-30.8	24.273	101.44	-10.328	-7.6174	73.791
161.99	183.09	23.037	29.372	111.97	62.219	69.73	107.32	63.449	42.216	52.096	110.31	-36.968	22.22	100.98	-16.182	-9.6128	73.658
162	183.09	23.042	23.722	110.16	62.462	62.264	105.7	63.177	35.745	50.523	110.39	-43.16	20.267	100.52	-22.02	-11.612	73.395
162	183.09	23.041	18.027	108.28	62.619	54.627	103.9	62.5	29.229	48.984	110.28	-49.475	18.358	99.969	-27.955	-13.569	73.11
162	183.09	23.037	12.28	106.38	62.495	47.393	102.2	61.769	22.705	47.45	110.02	-55.786	16.49	99.335	-33.936	-15.528	72.744
162.02	183.09	23.032	6.5553	104.49	62.257	40.272	100.45	61.172	16.215	45.911	109.76	-62.163	14.721	98.625	-39.892	-17.464	72.258
162.02	183.08	23.041	0.84617	102.6	61.865	33.201	98.776	60.406	9.7547	44.347	109.3	-68.515	12.959	97.857	-45.861	-19.376	71.699
162.04	183.08	23.047	-4.8458	100.7	61.229	26.192	96.942	59.467	3.3579	42.781	108.77	-74.811	11.25	96.989	-51.816	-21.263	71.031
162.04	183.07	23.049	-10.501	98.808	60.586	19.414	95.126	58.536	-2.991	41.162	108.05	-81.091	9.5469	95.99	-57.758	-23.141	70.283
162.03	183.06	23.047	-16.068	96.888	59.927	12.719	93.318	57.55	-9.2725	39.522	107.27	-87.261	7.854	94.873	-63.68	-24.985	69.377
162.04	183.06	23.051	-21.611	95.023	59.05	5.9442	91.375	56.111	-15.485	37.917	106.4	-93.324	6.207	93.724	-69.556	-26.811	68.431
162.03	183.05	23.047	-27.009	93.106	58.105	-0.5679	89.454	54.81	-21.609	36.275	105.42	-99.34	4.5111	92.407	-75.387	-28.602	67.366
162.02	183.05	23.048	-32.329	91.203	57.092	-6.8866	87.585	53.341	-27.663	34.684	104.34	-105.18	2.9051	91.134	-81.188	-30.37	66.26
162.02	183.05	23.047	-37.615	89.382	56.003	-12.999	85.692	51.872	-33.587	33.114	103.15	-110.97	1.2817	89.708	-86.939	-32.125	65.12
162.01	183.04	23.047	-42.764	87.57	54.745	-18.887	83.818	50.398	-39.409	31.625	101.88	-116.64	-0.26127	88.342	-92.539	-33.823	63.956
162	183.05	23.064	-47.931	85.691	53.369	-24.843	82.018	48.667	-45.106	30.143	100.48	-122.26	-1.7845	86.845	-98.165	-35.494	62.718
162	183.07	23.085	-52.938	83.922	51.911	-30.466	80.179	46.836	-50.632	28.691	98.991	-127.73	-3.2499	85.403	-103.63	-37.12	61.45
161.88	183.09	23.254	-57.984	82.135	50.317	-35.74	78.377	45.117	-56.017	27.226	97.426	-133.15	-4.6642	83.855	-109.03	-38.718	60.108
161.88	183.09	23.261	-62.898	80.453	48.688	-41.116	76.496	43.107	-61.268	25.771	95.835	-138.37	-6.0074	82.365	-114.32	-40.274	58.728
161.87	183.11	23.251	-67.687	78.786	46.921	-45.969	74.694	41.389	-66.361	24.23	94.06	-143.57	-7.32	80.748	-119.54	-41.801	57.228
161.87	183.11	23.254	-72.241	77.096	45.155	-50.878	72.889	39.337	-71.273	22.723	92.244	-148.55	-8.5843	79.172	-124.65	-43.274	55.683
161.88	183.12	23.254	-76.735	75.354	43.282	-55.494	70.975	37.342	-76.097	21.199	90.474	-153.45	-9.8149	77.435	-129.68	-44.706	54.033
161.89	183.12	23.254	-81.008	73.709	41.4	-60.012	69.101	35.134	-80.752	19.662	88.475	-158.17	-10.951	75.751	-134.6	-46.093	52.401
161.89	183.13	23.254	-85.09	72.065	39.656	-64.39	67.261	32.988	-85.307	18.153	86.533	-162.78	-12.085	73.927	-139.35	-47.425	50.706
161.89	183.14	23.244	-89.089	70.309	37.488	-68.593	65.368	30.889	-89.72	16.649	84.603	-167.23	-13.139	72.157	-144.04	-48.748	49.052
161.9	183.14	23.247	-92.941	68.641	35.379	-72.393	63.552	28.913	-94.015	15.191	82.552	-171.6	-14.153	70.332	-148.65	-50.06	47.347
161.9	183.14	23.247	-96.721	66.954	33.223	-76.473	61.726	26.536	-98.204	13.798	80.53	-175.87	-15.084	68.509	-153.11	-51.334	45.673
161.92	183.15	23.246	-100.32	65.3	30.963	-80.232	59.866	24.208	-102.25	12.471	78.503	-180	-15.977	66.738	-157.44	-52.59	44.076
161.93	183.14	23.249	-103.84	63.701	28.749	-83.807	58.204	22.082	-106.19	11.236	76.527	-184	-16.839	64.951	-161.65	-53.806	42.489
161.93	183.13	23.246	-107.28	62.082	26.25	-87.332	56.382	19.844	-110	10.078	74.568	-187.87	-17.672	63.225	-165.73	-54.993	40.959
161.93	183.13	23.244	-110.56	60.603	24.26	-90.605	54.814	17.653	-113.71	8.9533	72.612	-191.48	-18.517	61.577	-169.68	-56.15	39.478
161.93	183.13	23.25	-113.75	59.061	21.774	-93.868	53.115	15.282	-117.23	7.9054	70.784	-194.84	-19.417	60.062	-173.48	-57.24	38.03
161.94	183.12	23.248	-116.78	57.58	19.718	-96.652	51.532	13.638	-120.71	6.8839	68.901	-198	-20.32	58.571	-177.18	-58.335	36.563
161.95	183.11	23.256	-119.66	56.09	17.577	-99.74	49.994	11.292	-124.08	5.865	67.106	-201.11	-21.29	57.087	-180.71	-59.332	35.16
161.94	183.11	23.251	-122.4	54.652	15.489	-102.41	48.512	9.5799	-127.29	4.895	65.404	-204.48	-22.036	55.335	-184.09	-60.297	33.784
161.95	183.11	23.269	-124.96	53.317	13.734	-104.97	47.043	7.9235	-130.37	3.9129	63.795	-207.83	-21.83	53.064	-187.41	-61.203	32.381
161.94	183.1	23.27	-127.45	51.932	11.889	-107.48	45.485	6.0553	-133.32	2.9677	62.219	-210.76	-22.447	51.408	-190.55	-62.026	31.016
161.93	183.1	23.264	-129.76	50.592	10.269	-109.91	44.07	4.4914	-136.23	1.9803	60.709	-213.55	-23.017	49.785	-193.56	-62.828	29.718
161.91	183.09	23.246	-131.93	49.374	8.7347	-112	42.813	3.2803	-138.96	1.0611	59.258	-216.26	-23.523	48.174	-196.54	-63.564	28.343
161.91	183.09	23.246	-133.99	48.167	7.1345	-114.23	41.411	1.6605	-141.59	0.12856	57.851	-218.83	-23.928	46.6	-199.32	-64.248	27.049
161.91	183.1	23.257	-135.94	47.013	5.843	-116.23	40.106	0.40096	-144.11	-0.77633	56.589	-221.4	-24.352	45.014	-202.05	-64.903	25.693
161.9	183.1	23.259	-137.73	45.936	4.539	-117.94	38.994	-0.47239	-146.5	-1.6723	55.226	-223.81	-24.711	43.457	-204.6	-65.513	24.308
161.9	183.11	23.266	-139.43	44.907	3.1835	-119.89	37.729	-2.0423	-148.79	-2.5408	53.841	-226.07	-25.042	41.912	-207	-66.082	22.924
161.89	183.1	23.253	-141.03	43.932	2.04	-121.6	36.619	-3.1192	-150.97	-3.4132	52.544	-228.19	-25.364	40.354	-209.23	-66.584	21.527
161.89	183.11	23.256	-142.61	42.962	0.65651	-123.09	35.629	-4.1668	-152.99	-4.2216	51.249	-230.23	-25.661	38.828	-211.32	-67.074	20.124
161.89	183.11	23.252	-144.01	42.136	-0.60101	-124.51	34.74	-5.3945	-154.89	-5.0092	49.83	-232.05	-25.936	37.283	-213.39	-67.547	18.636
161.88	183.12	23.255	-145.42	41.342	-1.9469	-126.04	33.824	-6.7825	-156.69	-5.7785	48.388	-233.83	-26.203	35.693	-215.28	-67.87	17.127
161.88	183.12	23.258	-146.76	40.541	-3.4689	-127.43	32.868	-8.2221	-158.35	-6.5306	46.928	-235.42	-26.45	34.179	-216.82	-68.542	15.949
161.88	183.13	23.243	-147.89	39.835	-4.7924	-128.84	31.947	-9.6311	-159.9	-7.1707	45.608	-236.9	-26.662	32.628	-218.49	-68.746	14.271
161.87	183.12	23.244	-149.12	39.194	-6.1619	-129.81	31.326	-10.633	-161.44	-7.6085	44.358	-238.36	-26.882	31.008	-219.96	-68.823	12.629
161.87	183.12	23.249	-150.17	38.798	-7.4168	-131.16	30.684	-12.004	-162.97	-7.9041	43.29	-239.67	-26.994	29.48	-221.77	-68.65	10.662
161.87	183.12	23.245	-151.13	38.266	-8.5569	-132.21	29.998	-13.025	-164.71	-7.9588	42.559	-240.99	-27.019	28.019	-223.01	-68.928	9.2979
161.86	183.11	23.239	-152	37.781	-9.7079	-132.92	29.34	-13.786	-166.51	-7.5218	42.233	-242.15	-26.817	27.053	-224.03	-69.264	8.3769
161.86	183.1	23.246	-152.83	37.322	-11	-133.65	28.831	-14.435	-168.28	-6.3586	42.171	-243.36	-26.371	26.571	-225	-69.365	8.0916
161.84	183.09	23.243	-153.66	37.054	-11.931	-134.22	28.785	-14.67	-169.64	-4.7219	42.519	-244.57	-25.899	26.299	-225.98	-69.074	8.6992
161.85	183.09	23.266	-154.49	37.038	-12.576	-134.76	29.071	-14.644	-170.83	-3.4979	42.547	-245.77	-25.479	25.991	-227.03	-68.492	9.8608
161.83	183.08	23.265	-155.27	37.207	-12.853	-135.4	29.406	-14.442	-171.77	-2.7778	42.582	-246.88	-25.083	25.702	-228.2	-67.857	11.026
161.83	183.07	23.265	-156	37.505	-12.873	-136.02	29.842	-14.191	-172.57	-2.3655	42.744	-247.75	-24.662	25.426	-229.37	-67.368	11.795
161.82	183.06	23.263	-156.63	37.902	-12.614	-136.61	30.285	-13.938	-173.35	-2.2682	42.973	-248.41	-24.263	25.164	-230.31	-67.163	11.998
161.8	183.05	23.264	-157.08	38.351	-12.221	-137.04	30.663	-13.614	-173.95	-2.276	43.005	-248.91	-23.878	24.933	-230.92	-67.223	11.677
161.81	183.05	23.268	-157.49	38.633	-11.991	-137.33	30.891	-13.463	-174.26	-2.2961	43.111	-249.26	-23.436	24.744	-231.2	-67.333	11.126
161.8	183.05	23.263	-157.65	38.862	-11.928	-137.39	31.098	-13.401	-174.37	-2.2207	43.14	-249.38	-23.132	24.663	-231.32	-67.271	10.507
161.8	183.05	23.263	-157.77	39.054	-11.969	-137.41	31.313	-13.672	-174.36	-2.0591	42.913	-249.36	-22.861	24.622	-231.34	-66.989	10.137
161.8	183.05	23.257	-157.7	39.279	-12.221	-137.33	31.35	-13.901	-174.26	-1.7732	42.743	-249.26	-22.729	24.567	-231.4	-66.567	9.9931
161.81	183.07	23.253	-157.55	39.313	-12.665	-137.2	31.413	-14.428	-174.11	-1.3342	42.412	-249.08	-22.693	24.496	-231.55	-66.142	10.063
161.82	183.07	23.259	-157.3	39.427	-13.355	-137	31.371	-15.102	-173.92	-0.85536	42.087	-248.82	-22.625	24.333	-231.76	-65.802	10.209
161.82	183.09	23.249	-157.08	39.376	-14.209	-136.68	31.389	-15.874	-173.65	-0.34706	41.601	-248.59	-22.491	24.064	-231.96	-65.51	10.279
161.84	183.1	23.249	-156.78	39.43	-15.065	-136.56	31.538	-16.146	-173.32	0.17864	41.176	-248.31	-22.232	23.848	-232.07	-65.245	10.27
161.85	183.11	23.237	-156.44	39.619	-15.179	-136.07	31.514	-16.268	-172.98	0.68444	40.673	-248.09	-21.817	23.597	-232.01	-64.928	10.2
161.88	183.13	23.243	-156.02	39.772	-15.257	-135.6	31.595	-16.272	-172.75	1.0778	40.309	-247.82	-21.226	23.45	-231.84	-64.566	10.137
