164.52	32.699	21.727	-155.33	40.853	-15.002	-137.6	30.745	-18.513	-169.56	1.2635	38.057	-243.91	-24.15	23.283	-224.45	-66.529	10.143
164.51	32.699	21.728	-155.32	40.862	-15	-137.6	30.746	-18.5	-169.56	1.2597	38.036	-243.93	-24.152	23.288	-224.46	-66.519	10.139
164.52	32.711	21.724	-155.31	40.889	-14.968	-137.54	30.809	-18.435	-169.55	1.2684	38.04	-243.95	-24.151	23.291	-224.47	-66.511	10.143
164.51	32.699	21.728	-155.33	40.95	-14.961	-137.61	30.852	-18.482	-169.54	1.2629	38.019	-243.95	-24.132	23.292	-224.48	-66.504	10.137
164.52	32.699	21.733	-155.32	40.959	-14.959	-137.59	30.864	-18.468	-169.53	1.2744	38.048	-243.99	-24.145	23.299	-224.48	-66.482	10.134
164.52	32.702	21.739	-155.32	40.967	-14.956	-137.6	30.85	-18.501	-169.54	1.3017	38.044	-244.01	-24.131	23.285	-224.49	-66.482	10.124
164.52	32.701	21.727	-155.3	40.987	-14.934	-137.67	30.836	-18.564	-169.54	1.3147	38.036	-244.03	-24.125	23.261	-224.48	-66.46	10.114
164.52	32.699	21.732	-155.31	40.997	-15.058	-137.62	30.847	-18.513	-169.53	1.3326	38.041	-244.03	-24.153	23.284	-224.49	-66.449	10.118
164.52	32.699	21.724	-155.3	41.019	-15.051	-137.58	30.886	-18.474	-169.31	1.5777	38.461	-244.08	-24.15	23.273	-224.5	-66.44	10.114
164.52	32.707	21.734	-155.31	41.018	-15.069	-137.56	30.913	-18.449	-169.52	1.348	38.035	-244.15	-24.162	23.244	-224.51	-66.434	10.114
164.52	32.706	21.728	-155.3	41.028	-15.049	-137.58	30.902	-18.463	-169.53	1.3644	38.043	-244.2	-24.184	23.224	-224.5	-66.42	10.115
164.51	32.706	21.724	-155.3	41.028	-15.049	-137.57	30.898	-18.481	-169.53	1.3807	38.038	-244.22	-24.182	23.229	-224.51	-66.413	10.108
164.52	32.701	21.721	-155.3	41.028	-15.049	-137.56	30.903	-18.457	-169.52	1.3895	38.043	-244.24	-24.195	23.232	-224.52	-66.425	10.112
164.51	32.705	21.723	-155.3	41.037	-15.047	-137.57	30.908	-18.473	-169.52	1.3852	38.031	-244.26	-24.209	23.234	-224.52	-66.419	10.117
164.52	32.704	21.734	-155.3	41.037	-15.047	-137.57	30.908	-18.473	-169.53	1.3738	38.044	-244.25	-24.229	23.24	-224.52	-66.417	10.11
164.51	32.705	21.723	-155.3	41.028	-15.049	-137.57	30.908	-18.459	-169.54	1.374	38.041	-244.26	-24.237	23.232	-224.52	-66.429	10.118
164.52	32.704	21.734	-155.3	41.028	-15.049	-137.57	30.908	-18.473	-169.54	1.3659	38.047	-244.29	-24.256	23.23	-224.52	-66.435	10.113
164.51	32.704	21.73	-155.3	41.02	-15.051	-137.6	30.884	-18.48	-169.54	1.3629	38.032	-244.33	-24.287	23.229	-224.52	-66.44	10.115
164.52	32.704	21.735	-155.3	41.02	-15.051	-137.6	30.885	-18.48	-169.54	1.3605	38.028	-244.38	-24.307	23.203	-224.52	-66.45	10.111
164.52	32.699	21.727	-155.32	41.01	-15.051	-137.59	30.889	-18.469	-169.55	1.3568	38.053	-244.36	-24.323	23.224	-224.51	-66.456	10.104
164.52	32.699	21.727	-155.32	41.008	-15.064	-137.6	30.883	-18.479	-169.54	1.344	38.053	-244.41	-24.273	23.166	-224.51	-66.477	10.114
164.51	32.692	21.727	-155.32	41.006	-14.931	-137.61	30.873	-18.493	-169.55	1.3297	38.051	-244.44	-24.367	23.194	-224.51	-66.482	10.115
164.51	32.697	21.726	-155.32	40.998	-14.94	-137.6	30.877	-18.483	-169.55	1.3261	38.034	-244.44	-24.396	23.193	-224.49	-66.488	10.107
164.51	32.701	21.725	-155.33	40.992	-14.957	-137.6	30.877	-18.483	-169.54	1.3272	38.051	-244.45	-24.41	23.172	-224.48	-66.495	10.118
164.51	32.698	21.722	-155.33	40.986	-14.953	-137.6	30.877	-18.483	-169.55	1.3258	38.055	-244.45	-24.428	23.187	-224.47	-66.506	10.119
164.51	32.696	21.722	-155.34	40.993	-14.942	-137.6	30.877	-18.483	-169.56	1.3196	38.055	-244.45	-24.434	23.185	-224.46	-66.511	10.119
164.51	32.689	21.72	-155.35	40.984	-14.944	-137.64	30.864	-18.515	-169.56	1.3203	38.057	-244.41	-24.457	23.204	-224.45	-66.525	10.13
164.51	32.689	21.721	-155.35	40.976	-14.953	-137.59	30.881	-18.472	-169.56	1.3275	38.06	-244.49	-24.401	23.12	-224.44	-66.539	10.123
164.51	32.687	21.722	-155.34	40.994	-14.929	-137.6	30.877	-18.483	-169.56	1.3261	38.059	-244.5	-24.417	23.118	-224.42	-66.546	10.122
164.51	32.689	21.721	-155.36	40.988	-14.966	-137.59	30.891	-18.464	-169.55	1.3325	38.049	-244.5	-24.437	23.116	-224.41	-66.556	10.127
164.51	32.689	21.719	-155.35	40.984	-14.944	-137.59	30.899	-18.447	-169.56	1.3274	38.05	-244.49	-24.432	23.115	-224.4	-66.556	10.129
164.52	32.689	21.725	-155.36	40.981	-14.955	-137.6	30.887	-18.475	-169.55	1.3387	38.057	-244.47	-24.456	23.123	-224.38	-66.566	10.134
164.52	32.689	21.726	-155.35	40.992	-14.935	-137.59	30.898	-18.461	-169.55	1.3364	38.053	-244.46	-24.536	23.178	-224.37	-66.574	10.13
164.52	32.692	21.731	-155.35	40.986	-14.931	-137.59	30.891	-18.464	-169.54	1.3382	38.061	-244.45	-24.484	23.13	-224.35	-66.579	10.129
164.52	32.689	21.727	-155.35	40.986	-14.931	-137.6	30.894	-18.472	-169.53	1.3277	38.065	-244.41	-24.56	23.186	-224.35	-66.585	10.127
164.52	32.694	21.726	-155.34	40.989	-14.92	-137.6	30.894	-18.471	-169.53	1.3227	38.045	-244.4	-24.589	23.201	-224.33	-66.6	10.139
164.51	32.696	21.729	-155.35	40.984	-14.944	-137.59	30.898	-18.461	-169.53	1.3221	38.042	-244.41	-24.614	23.196	-224.32	-66.598	10.131
164.52	32.694	21.726	-155.35	40.984	-14.944	-137.59	30.9	-18.468	-169.53	1.3102	38.037	-244.45	-24.567	23.151	-224.31	-66.608	10.138
164.52	32.694	21.734	-155.35	40.971	-14.93	-137.59	30.898	-18.461	-169.52	1.3114	38.045	-244.39	-24.674	23.229	-224.3	-66.625	10.129
164.52	32.7	21.734	-155.36	40.976	-14.932	-137.59	30.898	-18.461	-169.53	1.3098	38.037	-244.44	-24.583	23.155	-224.3	-66.624	10.131
164.52	32.693	21.73	-155.37	40.967	-14.934	-137.62	30.885	-18.492	-169.53	1.3098	38.037	-244.39	-24.636	23.206	-224.29	-66.625	10.134
164.51	32.692	21.725	-155.37	40.967	-14.934	-137.62	30.885	-18.493	-169.54	1.3072	38.046	-244.38	-24.632	23.212	-224.3	-66.626	10.138
164.52	32.694	21.725	-155.37	40.975	-14.925	-137.59	30.898	-18.461	-169.54	1.3013	38.054	-244.39	-24.651	23.204	-224.3	-66.636	10.134
164.52	32.692	21.732	-155.38	40.958	-14.941	-137.58	30.904	-18.457	-169.54	1.3035	38.047	-244.39	-24.683	23.231	-224.3	-66.632	10.127
164.52	32.692	21.732	-155.38	40.963	-14.938	-137.59	30.891	-18.464	-169.54	1.3027	38.05	-244.41	-24.682	23.216	-224.3	-66.638	10.136
164.51	32.696	21.722	-155.39	40.956	-14.928	-137.59	30.891	-18.45	-169.55	1.2934	38.058	-244.4	-24.719	23.241	-224.3	-66.643	10.127
164.51	32.687	21.726	-155.39	40.95	-14.924	-137.57	30.917	-18.45	-169.55	1.2909	38.055	-244.42	-24.707	23.226	-224.31	-66.638	10.136
164.51	32.694	21.72	-155.39	40.95	-14.924	-137.64	30.867	-18.496	-169.56	1.285	38.054	-244.42	-24.709	23.239	-224.32	-66.639	10.137
164.51	32.687	21.729	-155.39	40.96	-14.902	-137.63	30.889	-18.507	-169.55	1.2909	38.065	-244.44	-24.736	23.242	-224.32	-66.642	10.134
164.51	32.687	21.727	-155.4	40.947	-14.935	-137.62	30.893	-18.496	-169.56	1.273	38.047	-244.45	-24.734	23.238	-224.33	-66.639	10.133
164.51	32.689	21.722	-155.39	40.952	-14.911	-137.63	30.886	-18.499	-169.56	1.2822	38.06	-244.47	-24.724	23.221	-224.33	-66.641	10.14
164.51	32.687	21.726	-155.39	40.951	-14.904	-137.64	30.881	-18.51	-169.57	1.2801	38.053	-244.48	-24.724	23.221	-224.34	-66.64	10.142
164.51	32.688	21.719	-155.39	40.943	-14.913	-137.63	30.886	-18.486	-169.56	1.275	38.05	-244.48	-24.727	23.225	-224.35	-66.628	10.139
164.51	32.686	21.725	-155.4	40.948	-14.915	-137.64	30.882	-18.51	-169.56	1.2667	38.051	-244.48	-24.715	23.225	-224.35	-66.632	10.132
164.51	32.687	21.726	-155.41	40.931	-14.926	-137.63	30.886	-18.499	-169.57	1.2675	38.058	-244.49	-24.7	23.213	-224.36	-66.631	10.137
164.51	32.687	21.727	-155.4	40.94	-14.924	-137.59	30.899	-18.467	-169.56	1.2704	38.066	-244.49	-24.698	23.219	-224.37	-66.618	10.135
164.51	32.687	21.727	-155.39	40.937	-14.909	-137.59	30.899	-18.454	-169.57	1.2583	38.054	-244.5	-24.675	23.214	-224.38	-66.611	10.138
164.51	32.684	21.729	-155.39	40.941	-14.926	-137.6	30.893	-18.457	-169.57	1.2589	38.056	-244.5	-24.667	23.223	-224.38	-66.605	10.133
164.51	32.689	21.722	-155.39	40.943	-14.913	-137.63	30.876	-18.507	-169.57	1.2754	38.065	-244.48	-24.654	23.235	-224.4	-66.596	10.132
164.51	32.692	21.716	-155.39	40.941	-14.926	-137.59	30.899	-18.467	-169.57	1.287	38.068	-244.5	-24.649	23.234	-224.41	-66.584	10.143
164.51	32.689	21.722	-155.39	40.951	-14.904	-137.62	30.869	-18.478	-169.57	1.2812	38.078	-244.48	-24.645	23.242	-224.41	-66.578	10.144
164.51	32.689	21.728	-155.37	40.961	-14.904	-137.61	30.863	-18.475	-169.57	1.2819	38.08	-244.47	-24.627	23.258	-224.42	-66.565	10.143
164.51	32.689	21.719	-155.39	40.948	-14.937	-137.59	30.899	-18.454	-169.58	1.2899	38.071	-244.48	-24.572	23.225	-224.44	-66.557	10.144
164.52	32.689	21.724	-155.37	40.953	-14.913	-137.59	30.889	-18.462	-169.58	1.296	38.071	-244.48	-24.592	23.246	-224.45	-66.546	10.151
164.51	32.689	21.72	-155.37	40.96	-14.923	-137.59	30.874	-18.462	-169.58	1.3023	38.076	-244.47	-24.548	23.233	-224.45	-66.536	10.144
164.51	32.691	21.723	-155.38	40.951	-14.926	-137.62	30.865	-18.483	-169.58	1.2996	38.08	-244.48	-24.547	23.234	-224.46	-66.537	10.147
164.51	32.689	21.725	-155.37	40.958	-14.936	-137.59	30.874	-18.462	-169.59	1.3086	38.075	-244.46	-24.525	23.236	-224.47	-66.525	10.149
164.51	32.687	21.72	-155.37	40.958	-14.936	-137.61	30.854	-18.484	-169.58	1.3017	38.066	-244.45	-24.508	23.244	-224.47	-66.523	10.141
164.52	32.685	21.724	-155.37	40.95	-14.945	-137.61	30.854	-18.484	-169.59	1.3092	38.075	-244.46	-24.489	23.238	-224.48	-66.516	10.15
164.52	32.694	21.726	-155.37	40.959	-14.943	-137.61	30.854	-18.484	-169.58	1.3117	38.074	-244.45	-24.49	23.242	-224.48	-66.512	10.146
164.51	32.692	21.727	-155.37	40.959	-14.943	-137.6	30.861	-18.481	-169.6	1.3003	38.056	-244.46	-24.484	23.237	-224.49	-66.512	10.142
164.51	32.694	21.721	-155.37	40.959	-14.943	-137.6	30.86	-18.481	-169.59	1.3163	38.063	-244.45	-24.458	23.236	-224.49	-66.51	10.167
164.51	32.692	21.726	-155.38	40.947	-14.956	-137.59	30.896	-18.459	-169.6	1.3201	38.066	-244.44	-24.458	23.242	-224.48	-66.521	10.174
164.51	32.68	21.723	-155.38	40.964	-14.945	-137.61	30.87	-18.472	-169.6	1.3367	38.068	-244.49	-24.403	23.194	-224.47	-66.518	10.185
164.51	32.691	21.725	-155.38	40.956	-14.954	-137.59	30.874	-18.462	-169.6	1.3334	38.053	-244.43	-24.445	23.249	-224.44	-66.534	10.212
164.51	32.688	21.719	-155.38	40.964	-14.945	-137.61	30.87	-18.486	-169.6	1.3294	38.063	-244.41	-24.439	23.25	-224.41	-66.553	10.248
164.51	32.689	21.721	-155.38	40.947	-14.956	-137.59	30.889	-18.462	-169.59	1.3284	38.054	-244.39	-24.443	23.265	-224.37	-66.583	10.306
164.51	32.689	21.72	-155.38	40.955	-14.947	-137.61	30.87	-18.472	-169.56	1.3216	38.081	-244.43	-24.418	23.229	-224.3	-66.636	10.374
164.51	32.687	21.726	-155.37	40.952	-14.933	-137.61	30.873	-18.48	-169.54	1.2903	38.074	-244.32	-24.505	23.328	-224.18	-66.709	10.488
164.51	32.695	21.732	-155.37	40.958	-14.936	-137.62	30.867	-18.497	-169.5	1.2362	38.066	-244.28	-24.531	23.361	-224.02	-66.805	10.66
164.51	32.692	21.727	-155.34	40.967	-14.908	-137.62	30.866	-18.483	-169.39	1.1723	38.139	-244.27	-24.548	23.383	-223.77	-66.903	10.821
164.51	32.694	21.719	-155.34	40.967	-14.908	-137.61	30.863	-18.502	-169.22	1.0797	38.231	-244.12	-24.693	23.55	-223.49	-67.023	11.021
164.52	32.69	21.738	-155.33	40.98	-14.876	-137.6	30.868	-18.491	-169.02	0.95099	38.359	-243.96	-24.792	23.797	-223.16	-67.117	11.242
164.51	32.687	21.728	-155.31	41.012	-14.806	-137.58	30.907	-18.458	-168.83	0.82239	38.499	-243.82	-24.955	24.045	-222.82	-67.281	11.455
164.51	32.687	21.737	-155.39	41.221	-14.506	-137.4	31.331	-18.278	-168.42	0.61264	38.778	-243.5	-25.157	24.408	-222.44	-67.492	11.65
164.51	32.69	21.739	-155.41	41.324	-14.247	-137.19	31.628	-18.162	-167.94	0.35362	39.191	-243.28	-25.411	24.813	-221.98	-67.808	11.841
164.52	32.692	21.731	-155.32	41.457	-13.961	-136.99	31.781	-17.986	-167.34	0.022113	39.648	-242.87	-25.76	25.409	-221.4	-68.178	12.11
164.52	32.692	21.74	-155.17	41.547	-13.655	-136.41	32.11	-17.357	-166.6	-0.35081	40.194	-242.43	-26.187	26.071	-220.7	-68.588	12.38
164.52	32.693	21.743	-154.86	41.611	-13.23	-135.89	32.359	-16.866	-165.68	-0.80324	40.918	-241.64	-26.717	27.047	-219.83	-69.007	12.725
164.51	32.685	21.734	-154.5	41.6	-12.342	-135.43	32.538	-16.405	-164.59	-1.3599	41.729	-240.79	-27.415	28.059	-218.83	-69.508	13.243
164.51	32.687	21.736	-153.93	41.536	-11.234	-134.42	32.608	-15.129	-163.3	-2.0313	42.703	-239.92	-28.173	29.175	-217.67	-69.994	14.001
164.5	32.685	21.734	-153.06	41.641	-9.6617	-133.34	32.555	-13.903	-161.85	-2.7789	43.89	-238.79	-28.888	30.455	-216.34	-70.467	14.903
164.5	32.683	21.74	-152.12	41.49	-8.0535	-131.93	32.566	-12.356	-160.3	-3.6459	45.158	-237.62	-29.496	31.724	-214.83	-70.95	15.969
164.5	32.687	21.74	-150.98	41.418	-6.3362	-130.37	32.55	-10.619	-158.55	-4.6302	46.623	-236.18	-30.251	33.262	-213.17	-71.555	17.146
164.49	32.688	21.728	-149.85	41.196	-4.6114	-128.4	32.336	-8.4445	-156.5	-5.699	48.18	-234.42	-31.166	35.027	-211.3	-72.194	18.347
164.49	32.689	21.735	-148.54	41.231	-2.394	-126.26	32.247	-6.2668	-154.23	-6.8366	49.788	-232.38	-32.282	36.973	-209.31	-72.92	19.662
164.49	32.689	21.734	-147.1	41.067	-0.42305	-123.86	31.971	-4.1365	-151.78	-8.051	51.451	-230.04	-33.487	38.993	-207.13	-73.762	20.97
164.48	32.691	21.731	-145.45	40.987	1.885	-121.25	31.656	-1.6783	-149.08	-9.3524	53.243	-227.46	-34.814	41.094	-204.77	-74.662	22.298
164.48	32.689	21.73	-143.66	40.898	4.2045	-118.27	31.273	0.63693	-146.12	-10.728	55.055	-224.66	-36.172	43.27	-202.19	-75.518	23.616
164.48	32.691	21.731	-141.58	40.705	6.7615	-115.14	30.733	3.0877	-142.98	-12.177	56.905	-221.67	-37.602	45.475	-199.44	-76.313	25.124
164.47	32.695	21.728	-139.16	40.56	9.5013	-111.66	30.195	5.7555	-139.64	-13.734	58.911	-218.56	-39.01	47.652	-196.57	-77.101	26.692
164.47	32.692	21.727	-136.45	40.22	12.255	-107.96	29.501	8.4535	-136.07	-15.361	60.894	-215.29	-40.418	49.802	-193.52	-77.964	28.181
164.48	32.692	21.726	-133.39	39.713	15.023	-104.07	28.651	11.164	-132.4	-17.121	62.91	-211.79	-41.776	51.945	-190.26	-78.836	29.661
164.48	32.686	21.725	-129.9	39.151	17.896	-99.96	27.726	13.886	-128.46	-18.863	64.988	-208.06	-43.034	53.989	-186.75	-79.742	30.949
164.49	32.696	21.735	-126.12	38.449	20.591	-95.564	26.842	16.747	-124.42	-20.681	67.016	-204.19	-44.146	55.886	-183.04	-80.617	32.148
164.49	32.685	21.734	-122.06	37.634	23.2	-91.105	25.859	19.548	-120.08	-22.486	68.967	-200.08	-45.225	57.748	-179.1	-81.44	33.264
164.5	32.686	21.73	-117.68	36.825	25.771	-86.646	24.856	22.204	-115.57	-24.371	70.803	-195.8	-46.292	59.512	-174.91	-82.219	34.412
164.5	32.682	21.728	-112.93	35.841	28.107	-81.907	23.882	24.795	-110.8	-26.217	72.523	-191.24	-47.39	61.208	-170.59	-83.055	35.464
164.52	32.679	21.742	-108.01	34.873	30.225	-76.92	23.008	27.237	-105.89	-28.055	74.037	-186.47	-48.564	62.789	-166.05	-83.896	36.487
164.52	32.678	21.731	-102.78	33.865	32.099	-71.785	21.968	29.369	-100.67	-29.849	75.387	-181.41	-49.774	64.281	-161.31	-84.766	37.385
164.52	32.676	21.736	-97.253	32.713	33.757	-66.377	20.962	31.19	-95.141	-31.624	76.832	-176.06	-50.991	65.685	-156.24	-85.548	38.218
164.53	32.677	21.741	-91.573	31.636	35.281	-60.599	19.845	32.881	-89.422	-33.29	77.699	-170.32	-52.196	67.051	-150.93	-86.358	38.881
164.53	32.677	21.74	-85.753	30.577	36.395	-54.374	18.738	34.414	-83.417	-34.934	78.463	-164.32	-53.365	68.311	-145.4	-87.134	39.479
164.54	32.677	21.746	-79.779	29.473	37.43	-47.791	17.53	35.666	-77.181	-36.526	79.104	-158.07	-54.464	69.38	-139.67	-87.861	40.036
164.54	32.68	21.747	-73.715	28.541	38.299	-40.84	16.243	36.41	-70.824	-38.023	79.556	-151.58	-55.483	70.422	-133.77	-88.538	40.658
164.54	32.684	21.735	-67.559	27.739	38.957	-33.52	14.931	37.24	-64.261	-39.425	79.76	-145.17	-56.62	70.936	-127.8	-89.147	41.343
164.53	32.674	21.734	-61.289	26.96	39.43	-26.02	13.564	37.491	-57.622	-40.748	80.002	-138.49	-57.456	71.75	-121.72	-89.744	42.046
164.53	32.685	21.745	-55.039	26.144	39.578	-18.323	12.234	38.009	-50.852	-41.986	80.02	-131.58	-57.948	72.887	-115.54	-90.273	42.702
164.52	32.688	21.73	-48.652	25.417	39.552	-9.8829	11.268	38.551	-44.078	-43.08	79.98	-124.98	-58.752	73.074	-109.26	-90.76	43.276
164.52	32.691	21.739	-42.141	24.67	39.263	-1.9674	9.8728	38.529	-37.118	-44.043	79.824	-118.21	-59.232	73.662	-102.92	-91.226	43.761
164.52	32.695	21.744	-35.572	23.916	38.892	6.0959	8.4615	38.306	-30.275	-44.97	79.512	-111.23	-59.429	74.501	-96.505	-91.672	44.094
164.51	32.692	21.735	-28.963	23.214	38.321	14.154	7.1612	38.178	-23.375	-45.842	79.136	-104.59	-59.874	74.523	-90.017	-91.995	44.409
164.51	32.69	21.732	-22.218	22.614	37.691	22.241	5.7688	37.556	-16.329	-46.605	78.812	-97.7	-60.014	74.842	-83.524	-92.239	44.676
164.5	32.69	21.729	-15.438	21.921	37.074	30.283	4.6021	37.126	-9.3666	-47.378	78.099	-90.765	-60.074	75.152	-77.016	-92.37	44.93
164.5	32.694	21.729	-8.7647	21.231	36.31	38.237	3.3829	36.537	-2.3117	-48.146	77.436	-83.822	-60.098	75.356	-70.573	-92.435	45.112
164.5	32.692	21.735	-2.0851	20.705	35.646	46.116	2.0416	35.647	4.8195	-48.882	76.754	-76.803	-60.102	75.564	-64.141	-92.425	45.235
164.49	32.698	21.729	4.542	20.282	35.056	53.899	0.79766	34.679	11.764	-49.668	75.746	-69.779	-60.063	75.683	-57.755	-92.376	45.246
164.49	32.689	21.736	11.004	19.914	34.389	61.614	-0.23158	33.873	18.641	-50.319	74.703	-62.818	-60.083	75.691	-51.514	-92.382	45.21
164.48	32.691	21.732	17.401	19.732	33.785	69.234	-1.3532	32.77	25.635	-50.86	73.893	-55.89	-60.05	75.71	-45.247	-92.282	45.052
164.48	32.688	21.73	23.607	19.525	32.997	76.366	-2.798	31.126	32.151	-51.247	72.723	-49.08	-60.001	75.657	-39.075	-92.086	45.009
164.49	32.689	21.73	29.758	19.637	32.173	83.912	-3.9279	30.094	38.715	-51.447	71.775	-42.472	-59.92	75.459	-33	-91.852	44.968
164.49	32.676	21.727	35.541	19.677	31.071	91.012	-5.115	28.748	44.961	-51.337	70.919	-36.067	-59.658	75.246	-27.007	-91.563	44.966
164.49	32.682	21.729	41.185	19.957	29.859	98.344	-5.9725	27.717	51.084	-50.995	70.218	-29.858	-59.257	74.956	-21.102	-91.221	44.943
164.5	32.677	21.726	46.566	20.218	28.482	105.51	-7.0494	26.758	56.995	-50.391	69.497	-23.875	-58.648	74.657	-15.31	-90.835	44.988
164.5	32.674	21.728	51.557	20.357	26.592	112.43	-7.8733	25.894	62.665	-49.611	68.732	-18.053	-57.803	74.338	-9.617	-90.356	45.028
164.5	32.675	21.737	56.658	20.878	25.116	119.25	-8.449	24.838	68.183	-48.639	68.018	-12.426	-56.771	74.038	-4.0831	-89.795	45.106
164.5	32.668	21.729	61.28	21.125	23.283	125.99	-8.9762	24.361	73.599	-47.606	67.361	-6.9377	-55.617	73.637	1.3006	-89.186	45.128
164.5	32.673	21.731	65.786	21.572	21.609	132.35	-9.4975	23.485	78.863	-46.542	66.556	-1.637	-54.366	73.249	6.4822	-88.549	45.046
164.5	32.673	21.73	70.248	22.159	20.191	138.49	-9.7572	22.796	83.981	-45.512	65.676	3.5385	-53.086	72.927	11.499	-87.87	44.92
164.51	32.675	21.723	74.402	22.784	18.812	144.32	-10.165	21.983	88.909	-44.588	64.672	8.5684	-51.861	72.577	16.266	-87.148	44.779
164.5	32.677	21.73	78.539	23.698	17.954	149.61	-9.7803	21.192	93.781	-43.673	63.685	13.426	-50.724	72.28	20.841	-86.351	44.61
164.5	32.679	21.72	82.324	24.421	17.035	155	-10.031	20.088	98.485	-42.929	62.681	18.1	-49.723	71.986	25.239	-85.516	44.411
164.5	32.672	21.727	86.105	25.331	16.385	159.39	-9.4299	18.992	103.05	-42.184	61.638	22.618	-48.848	71.761	29.444	-84.626	44.189
164.5	32.675	21.727	90.004	26.382	16.086	163.9	-9.3201	17.577	107.53	-41.415	60.526	26.978	-48.148	71.488	33.459	-83.799	43.817
164.49	32.677	21.726	93.649	27.503	15.804	167.61	-8.4554	16.055	111.7	-40.745	59.439	31.21	-47.463	71.272	37.311	-82.972	43.393
164.49	32.681	21.724	97.06	28.496	15.229	171.23	-7.7016	14.615	115.73	-39.937	58.361	35.198	-46.908	70.898	41.02	-82.075	42.929
164.49	32.68	21.714	100.37	29.438	14.705	174.56	-6.9223	12.738	119.55	-39.061	57.393	39.199	-46.121	70.832	44.516	-81.135	42.578
164.48	32.688	21.727	103.43	30.479	14.007	177.75	-5.9893	11.415	123.23	-38.032	56.45	42.825	-45.456	70.387	47.842	-80.157	42.196
164.48	32.692	21.727	106.26	31.432	13.053	180.56	-4.7123	9.7006	126.59	-36.865	55.531	46.242	-44.627	69.935	50.985	-79.153	41.823
164.48	32.685	21.722	108.93	32.486	12.013	183.39	-3.5404	8.3462	129.8	-35.55	54.64	49.306	-43.778	69.261	53.959	-78.14	41.432
164.47	32.69	21.724	111.37	33.447	10.801	185.79	-2.0066	6.7229	132.83	-34.106	53.803	52.26	-42.567	68.832	56.768	-77.075	41.042
164.47	32.692	21.725	113.68	34.536	9.4755	187.82	-0.21805	5.1412	135.65	-32.551	53.015	55.133	-41.059	68.577	59.439	-75.945	40.688
164.46	32.685	21.712	115.92	35.504	8.2155	189.13	2.3392	3.8703	138.35	-30.928	52.284	57.559	-39.638	67.937	61.9	-74.787	40.281
164.47	32.697	21.721	117.98	36.606	6.9166	190.53	4.5314	2.3767	140.92	-29.28	51.501	60.1	-37.863	67.714	64.228	-73.603	39.867
164.47	32.692	21.722	119.91	37.669	5.5305	191.73	6.9006	0.70784	143.32	-27.616	50.733	62.157	-36.334	67.007	66.36	-72.399	39.419
164.47	32.698	21.714	121.86	38.737	4.445	192.55	9.2791	-1.0639	145.59	-25.988	49.997	64.277	-34.677	66.563	68.338	-71.205	38.904
164.47	32.696	21.723	123.69	39.802	3.0782	192.88	11.895	-2.9851	147.69	-24.415	49.115	66.206	-33.128	66.07	70.159	-69.992	38.388
164.47	32.692	21.726	125.59	40.887	2.0681	192.93	14.602	-4.8403	149.8	-22.825	48.463	68.037	-31.663	65.59	71.9	-68.725	37.874
164.48	32.697	21.725	127.43	41.889	0.95387	192.27	17.446	-6.8058	151.81	-21.288	47.72	69.939	-30.11	65.435	73.477	-67.46	37.341
164.48	32.702	21.723	129.27	42.876	-0.1119	191.16	20.373	-8.8717	153.74	-19.783	46.994	71.589	-28.882	64.917	74.943	-66.145	36.831
164.48	32.69	21.719	131.08	43.789	-1.1453	189.63	23.356	-10.798	155.5	-18.329	46.29	73.104	-27.678	64.414	76.303	-64.814	36.339
164.49	32.695	21.723	132.95	44.727	-2.0593	188.01	26.201	-12.445	157.12	-16.935	45.559	74.54	-26.512	63.895	77.564	-63.432	35.914
164.49	32.701	21.736	134.75	45.59	-3.0029	186.28	28.977	-13.524	158.65	-15.546	44.986	75.72	-25.448	63.137	78.751	-62.043	35.387
164.37	32.828	22.012	136.47	46.343	-3.9498	184.29	31.615	-14.892	160.02	-14.235	44.422	77.095	-24.047	62.922	79.806	-60.586	34.991
164.48	33.135	22.046	138.22	47.185	-4.8292	182.97	33.875	-15.897	161.3	-12.921	43.992	78.021	-22.85	62.225	80.736	-59.199	34.538
164.41	34.041	22.306	140	48.039	-5.5685	182.34	35.496	-16.205	162.39	-11.656	43.716	79.058	-21.286	62.045	81.634	-57.718	34.127
164.13	35.078	22.448	141.61	48.716	-6.4928	181.35	36.822	-17.784	163.37	-10.501	43.579	79.698	-19.9	61.431	82.425	-56.241	33.744
163.71	36.266	22.524	143.2	49.371	-7.189	180.36	38.516	-17.77	164.24	-9.384	43.507	80.514	-18.198	61.357	83.194	-54.771	33.355
163.25	37.738	22.494	143.83	50.74	-7.3921	179.9	40.155	-17.707	165.01	-8.2126	43.505	80.949	-16.732	60.828	83.801	-53.291	33.061
162.88	39.133	21.493	144.44	52.252	-7.6797	180.74	41.357	-17.371	165.7	-6.8719	43.585	81.48	-15.116	60.655	84.368	-51.859	32.706
163.36	40.961	21.503	145.13	53.714	-7.8795	181.24	42.789	-17.391	166.15	-5.5303	43.628	82.094	-13.438	60.869	84.82	-50.424	32.42
164.33	42.456	21.503	145.85	55.062	-7.8504	181.69	44.309	-17.296	166.61	-4.1572	43.738	82.452	-11.975	60.773	85.263	-49.008	32.152
165.6	44.37	22.418	146.46	56.621	-7.7979	182.07	45.81	-17.196	167.08	-2.7316	43.808	82.733	-10.565	60.712	85.605	-47.558	31.9
166.66	45.862	22.605	147.07	58.262	-7.5018	182.27	47.433	-16.974	167.56	-1.2803	43.869	82.845	-9.4432	60.342	85.947	-46.036	31.691
167.75	47.324	22.705	147.54	60.143	-7.192	182.47	49.209	-16.706	168	0.1283	43.958	83.141	-8.1783	60.279	86.304	-44.47	31.45
168.84	48.797	22.783	147.94	61.996	-6.7326	182.57	51.071	-16.475	168.38	1.5574	43.954	83.461	-6.8821	60.255	86.626	-42.932	31.302
169.86	50.355	22.802	148.28	63.937	-6.3628	182.53	53.046	-16.286	168.73	3.1019	44.019	83.763	-5.5965	60.199	86.903	-41.384	31.056
170.72	52.056	22.962	148.5	65.965	-6.0632	182.6	54.948	-16.112	169.01	4.7826	44.077	84.079	-4.242	60.165	87.17	-39.777	30.947
171.2	53.851	23.149	148.67	68	-5.6273	182.56	57.03	-16.1	169.25	6.587	44.094	84.33	-2.7816	60.182	87.471	-38.111	30.735
171.45	55.776	23.313	148.8	70.2	-5.3809	182.63	59.133	-15.801	169.47	8.4498	44.192	84.532	-1.2884	60.164	87.69	-36.372	30.582
171.48	57.925	23.675	148.86	72.315	-5.0435	182.58	61.345	-15.643	169.64	10.413	44.286	84.655	0.35068	60.13	87.986	-34.545	30.422
171.36	60.112	23.813	148.75	74.47	-5.0355	182.51	63.615	-15.368	169.71	12.5	44.49	84.713	2.1108	60.129	88.235	-32.625	30.375
171.17	62.405	24.109	148.7	76.683	-4.7206	182.5	65.966	-15.181	169.72	14.74	44.659	84.725	4.0178	60.148	88.421	-30.628	30.238
171.01	64.818	24.299	148.56	79.005	-4.6657	182.44	68.375	-14.842	169.67	17.076	44.911	84.706	6.0723	60.122	88.623	-28.552	30.187
170.78	67.262	24.584	148.41	81.339	-4.4895	182.16	70.989	-14.486	169.58	19.578	45.17	84.616	8.228	60.115	88.794	-26.417	30.155
170.49	69.826	24.744	148.1	83.82	-4.3256	182.06	73.652	-14.254	169.4	22.167	45.461	84.502	10.531	60.084	88.933	-24.215	30.094
170.18	72.573	25.071	147.82	86.437	-4.2067	181.81	76.454	-13.874	169.17	24.89	45.804	84.328	12.9	60.1	89.05	-21.894	30.097
169.77	75.402	25.319	147.5	89.069	-3.9752	181.58	79.339	-13.634	168.93	27.751	46.11	84.074	15.344	60.069	89.063	-19.611	30.084
169.26	78.358	25.595	147.02	91.809	-3.7725	181.26	82.354	-13.24	168.62	30.728	46.519	83.842	17.845	60.036	89.167	-17.194	30.134
168.63	81.417	25.868	146.47	94.639	-3.7221	180.89	85.464	-12.94	168.3	33.833	46.91	83.548	20.38	60.062	89.212	-14.78	30.121
167.97	84.619	26.204	145.88	97.496	-3.5511	180.43	88.693	-12.464	167.9	37.018	47.21	83.23	22.934	60.082	89.336	-12.195	30.299
167.21	87.879	26.476	145.21	100.46	-3.4113	179.85	92.152	-12.137	167.53	40.275	47.556	82.923	25.562	60.079	89.443	-9.5832	30.319
166.39	91.182	26.75	144.53	103.54	-3.1445	179.32	95.545	-11.727	167.17	43.612	47.965	82.637	28.233	60.122	89.578	-6.9474	30.428
165.48	94.216	26.383	143.71	106.57	-3.0971	178.73	99.063	-11.317	166.75	46.97	48.33	82.35	30.89	60.155	89.642	-4.3118	30.55
164.58	97.6	26.719	143.05	109.7	-2.7578	178.16	102.61	-10.839	166.34	50.397	48.691	82.078	33.528	60.111	89.743	-1.647	30.633
163.72	101.03	27.089	142.25	112.83	-2.6045	177.67	106.17	-10.322	165.88	53.816	49.036	81.836	36.263	60.126	89.814	1.0148	30.646
162.84	104.36	27.317	141.53	115.97	-2.4027	176.97	109.76	-9.9983	165.47	57.24	49.409	81.55	38.939	60.023	89.896	3.7149	30.707
162.03	107.76	27.642	140.9	119.06	-2.1492	176.47	113.2	-9.4892	165.02	60.633	49.803	81.34	41.689	60.057	89.963	6.4446	30.736
161.24	111.14	27.997	140.17	122.12	-2.0986	175.91	116.72	-9.1274	164.6	64	50.118	81.255	44.587	60.357	90.028	9.1816	30.728
160.46	114.43	28.253	139.63	125.21	-1.858	175.53	120.06	-8.6225	164.16	67.356	50.467	80.84	47.194	59.97	90.119	11.911	30.672
159.73	117.7	28.446	139	128.21	-1.8749	175.1	123.39	-8.2856	163.75	70.666	50.793	80.778	50.109	60.249	90.235	14.667	30.702
159.04	120.89	28.627	138.56	131.18	-1.7622	174.65	126.68	-8.0448	163.37	73.983	51.102	80.397	52.737	59.858	90.374	17.436	30.748
158.4	124.06	28.719	138.07	134.04	-1.8242	174.25	129.93	-7.8941	162.98	77.206	51.363	80.191	55.483	59.71	90.494	20.162	30.802
157.85	127.17	28.843	137.62	136.86	-1.8757	174.01	132.98	-7.4816	162.64	80.423	51.637	80.005	58.296	59.722	90.674	22.859	30.873
157.27	130.18	28.829	137.23	139.66	-1.8352	173.71	136.1	-7.3659	162.32	83.566	51.865	79.826	61.04	59.586	90.806	25.523	30.94
156.87	133.2	28.953	136.9	142.33	-1.9952	173.44	139.07	-7.2298	162.04	86.678	52.086	79.664	63.777	59.536	91.01	28.14	31.016
156.43	136.08	28.948	136.61	144.99	-2.0532	173.27	142.01	-7.0995	161.81	89.702	52.263	79.568	66.442	59.422	91.229	30.754	31.022
155.99	138.85	28.852	136.38	147.54	-2.091	173.12	144.82	-7.0216	161.64	92.629	52.427	79.472	69.056	59.331	91.453	33.301	31.085
155.65	141.54	28.821	136.24	150.05	-2.2489	173.05	147.56	-6.98	161.5	95.486	52.583	79.427	71.608	59.258	91.646	35.72	31.081
155.43	144.15	28.817	136.15	152.46	-2.3749	172.95	150.25	-6.9327	161.42	98.255	52.733	79.425	74.053	59.099	91.866	38.079	31.096
155.31	146.69	28.873	136.07	154.76	-2.525	173.06	152.74	-6.8673	161.36	100.89	52.84	79.499	76.478	59.068	92.175	40.412	31.05
155.31	149.11	28.915	136.17	157.03	-2.5417	173.14	155.18	-6.6961	161.35	103.44	52.982	79.591	78.786	58.944	92.468	42.669	31.033
155.29	151.38	28.829	136.25	159.24	-2.5298	173.29	157.55	-6.6258	161.34	105.87	53.117	79.718	81.006	58.813	92.781	44.929	31.162
155.35	153.63	28.825	136.41	161.29	-2.6941	173.34	159.68	-6.0204	161.37	108.22	53.206	79.882	83.176	58.71	93.141	47.155	31.325
155.47	155.8	28.849	136.6	163.31	-2.8102	173.62	161.78	-5.942	161.5	110.5	53.345	80.053	85.272	58.566	93.545	49.266	31.384
155.6	157.85	28.776	136.85	165.21	-2.9179	173.89	163.79	-5.934	161.58	112.67	53.429	80.267	87.311	58.441	93.909	51.282	31.394
155.79	159.8	28.696	137.12	166.95	-3.1039	174.23	165.69	-5.9779	161.73	114.78	53.509	80.496	89.289	58.313	94.248	53.184	31.437
156.24	161.99	29.364	137.48	168.65	-3.2374	174.67	167.46	-6.0099	161.89	116.79	53.636	80.721	91.217	58.255	94.621	54.998	31.476
156.52	163.76	29.267	137.87	170.23	-3.4559	175.05	169.1	-6.1919	162.1	118.7	53.723	80.953	93.069	58.169	95.022	56.786	31.469
156.85	165.43	29.157	138.31	171.78	-3.7014	175.49	170.67	-6.2212	162.34	120.51	53.714	81.201	94.86	58.05	95.359	58.494	31.594
157.29	167.02	29.108	138.76	173.24	-3.9224	175.98	172.17	-6.4228	162.6	122.15	53.76	81.43	96.568	57.967	95.72	60.137	31.619
157.74	168.45	28.996	139.23	174.62	-3.9071	176.46	173.55	-6.3571	162.94	123.71	53.766	81.727	98.19	57.881	96.105	61.698	31.655
158.18	169.8	28.894	139.75	176.01	-4.0268	177.01	174.83	-6.4378	163.28	125.13	53.802	82.021	99.738	57.78	96.481	63.216	31.561
158.72	171.13	28.924	140.25	177.28	-4.0554	177.5	176.12	-6.4387	163.62	126.45	53.704	82.362	101.21	57.714	96.77	64.605	31.586
159.28	172.29	28.855	140.76	178.49	-4.0936	178.04	177.23	-6.5309	164.01	127.69	53.701	82.689	102.54	57.632	97.156	65.95	31.464
159.84	173.43	28.782	141.3	179.72	-4.1001	178.54	178.39	-6.6513	164.4	128.83	53.644	83.056	103.81	57.48	97.466	67.211	31.449
160.36	174.48	28.751	141.79	180.78	-4.2667	179.11	179.43	-6.6629	164.77	129.94	53.54	83.424	104.99	57.37	97.802	68.461	31.239
160.86	175.47	28.651	142.36	181.85	-4.2529	179.6	180.39	-6.7797	165.11	130.97	53.481	83.794	106.1	57.194	98.094	69.659	31.18
161.38	176.37	28.413	142.87	182.75	-4.4702	180.17	181.33	-7.0241	165.44	131.97	53.37	84.179	107.2	57.038	98.388	70.784	31.062
161.87	177.32	28.367	143.36	183.63	-4.741	180.74	182.08	-7.1654	165.74	132.94	53.225	84.531	108.27	56.871	98.669	71.861	30.918
162.34	178.13	27.928	143.86	184.42	-5.0428	181.22	182.83	-7.4561	166.05	133.87	53.014	84.839	109.3	56.627	98.926	72.882	30.745
162.78	178.95	27.667	144.37	185.17	-5.3815	181.74	183.46	-7.8286	166.32	134.77	52.808	85.124	110.37	56.435	99.156	73.899	30.606
163.2	179.73	27.288	144.78	185.86	-5.8284	182.18	184.07	-8.2724	166.63	135.65	52.573	85.381	111.42	56.158	99.384	74.886	30.404
163.54	180.44	26.846	145.19	186.5	-6.2813	182.56	184.66	-8.6811	166.92	136.45	52.261	85.601	112.43	55.939	99.628	75.81	30.216
163.9	181.1	26.334	145.54	187.1	-6.7448	182.95	185.1	-9.2953	167.2	137.21	51.873	85.768	113.45	55.761	99.809	76.709	30.085
164.26	181.72	25.784	145.87	187.68	-7.2131	183.32	185.58	-9.8158	167.51	137.9	51.485	85.94	114.36	55.504	99.966	77.518	29.905
164.58	182.31	25.341	146.11	188.21	-7.6431	183.57	186.1	-10.306	167.8	138.52	51.081	86.081	115.19	55.224	100.11	78.271	29.666
164.91	182.85	24.852	146.32	188.74	-8.16	183.8	186.58	-10.84	168.07	139.12	50.638	86.202	115.95	54.953	100.26	79.008	29.417
165.23	183.38	24.313	146.51	189.3	-8.5764	184.03	187.01	-11.34	168.32	139.66	50.165	86.374	116.69	54.782	100.35	79.651	29.275
165.58	183.85	23.863	146.66	189.84	-8.8734	184.17	187.42	-12.07	168.55	140.2	49.68	86.562	117.27	54.501	100.45	80.301	28.992
166.33	184.13	23.609	146.82	190.45	-8.9729	184.37	187.8	-12.59	168.76	140.7	49.205	86.774	117.84	54.263	100.54	80.88	28.707
166.88	184.77	23.549	147.01	190.98	-8.9769	184.63	188.13	-13.053	169.07	141.3	49.248	86.973	118.31	54.009	100.57	81.425	28.471
166.78	185.19	23.526	147.14	191.48	-9.0749	184.72	188.49	-13.253	169.29	141.6	48.934	87.131	118.73	53.801	100.6	81.939	28.143
166.9	185.52	23.477	147.31	191.93	-9.1151	184.95	188.73	-13.459	169.35	141.55	48.291	87.235	119.16	53.655	100.56	82.371	28.07
166.99	185.75	23.444	147.42	192.23	-9.0733	185.08	188.94	-13.553	169.4	141.69	48.162	87.282	119.51	53.537	100.56	82.764	27.802
167.13	185.9	23.422	147.55	192.45	-9.142	185.23	188.93	-13.828	169.41	141.83	48.048	87.232	119.85	53.469	100.49	83.095	27.731
167.27	185.94	23.402	147.71	192.67	-9.1343	185.36	189.01	-13.827	169.51	142.14	48.454	87.141	120.15	53.447	100.41	83.376	27.73
167.42	185.95	23.392	147.82	192.77	-9.1677	185.61	188.93	-14.066	169.49	142.27	48.472	86.974	120.4	53.426	100.29	83.647	27.746
167.54	185.98	23.425	147.89	192.82	-9.1599	185.75	188.83	-14.065	169.43	142.4	48.543	86.774	120.67	53.504	100.15	83.843	27.898
167.55	185.96	23.403	147.9	192.84	-9.185	185.85	188.68	-14.107	169.33	142.47	48.629	86.557	120.91	53.642	100.01	84.04	27.957
167.49	185.9	23.345	147.89	192.82	-9.1702	185.97	188.5	-14.098	169.19	142.46	48.677	86.343	121.09	53.736	99.803	84.172	28.065
167.35	185.56	22.705	147.87	192.78	-9.205	185.96	188.22	-14.205	168.95	142.18	48.304	86.097	121.21	53.854	99.558	84.246	28.321
167.36	185.43	22.718	147.82	192.66	-9.3023	186.13	187.91	-14.165	168.82	142.06	48.369	85.828	121.29	54.016	99.309	84.304	28.45
167.37	185.22	22.784	147.74	192.48	-9.3848	186.31	187.54	-14.109	168.64	141.91	48.406	85.539	121.29	54.154	99.057	84.286	28.674
167.38	185.22	23.343	147.67	192.21	-9.4554	186.39	187.09	-14.345	168.54	141.95	48.938	85.25	121.23	54.4	98.763	84.243	28.887
167.27	185	23.278	147.6	191.86	-9.6368	186.5	186.53	-14.472	168.34	141.71	48.872	84.932	121.17	54.655	98.466	84.159	29.022
167.18	184.87	23.305	147.41	191.45	-9.7657	186.5	185.96	-14.658	168.07	141.42	48.784	84.569	121.02	54.902	98.127	83.986	29.302
166.97	184.45	22.722	147.14	191.14	-9.8216	186.79	185.25	-14.675	167.75	140.96	48.353	84.227	120.8	55.102	97.803	83.77	29.448
166.8	184.29	22.674	146.62	190.73	-9.9494	186.96	184.58	-14.708	167.49	140.57	48.301	83.824	120.53	55.286	97.435	83.46	29.726
166.68	184.16	22.649	146.06	190.4	-9.8361	187.51	183.88	-14.569	167.2	140.14	48.26	83.441	120.19	55.527	97.057	83.093	29.951
166.64	184.28	23.124	145.39	190.06	-9.6416	188.24	182.96	-14.446	166.95	139.79	48.653	83.057	119.79	55.824	96.658	82.611	30.166
166.61	183.98	22.641	144.53	189.78	-9.4454	189.26	181.89	-13.977	166.52	138.94	48.254	82.576	119.25	56.063	96.26	82.065	30.391
166.61	183.94	22.653	143.6	189.45	-9.0969	190.5	180.69	-13.325	166.11	138.2	48.395	82.157	118.61	56.414	95.821	81.427	30.684
166.61	183.95	22.641	142.68	189.14	-8.5812	191.95	179.34	-12.654	165.65	137.32	48.539	81.904	118.03	57.275	95.365	80.734	30.856
166.63	184.01	22.621	141.76	188.72	-7.9696	193.69	177.78	-11.483	165.12	136.32	48.805	81.185	116.93	57.123	94.895	79.947	31.156
166.61	184.06	22.627	140.79	188.16	-7.2471	195.72	176.3	-9.4036	164.56	135.2	49.219	80.689	115.95	57.573	94.308	79.057	31.633
166.6	184.1	22.63	139.85	187.52	-6.6274	197.35	174.63	-7.7316	163.91	133.96	49.72	80.132	114.93	57.973	93.78	78.144	31.898
166.59	184.14	22.631	138.94	186.78	-5.8405	198.92	172.7	-6.0597	163.18	132.6	50.327	79.517	113.83	58.428	93.117	77.094	32.392
166.56	184.16	22.617	138.07	185.85	-4.9184	200.2	170.88	-4.0655	162.4	131.14	51.058	78.874	112.62	58.905	92.472	75.989	32.807
166.76	184.18	22.538	137.24	184.8	-3.9693	201.21	168.93	-2.0702	161.43	129.49	51.838	78.124	111.41	59.466	91.775	74.82	33.326
166.76	184.16	22.536	136.37	183.64	-2.9785	201.86	166.98	-0.086889	160.5	127.83	52.793	77.289	110.08	60.092	90.984	73.566	33.834
166.77	184.13	22.532	135.62	182.43	-1.7594	202.3	165.07	1.8979	159.51	126.1	53.845	76.354	108.64	60.76	90.129	72.243	34.386
166.78	184.09	22.533	134.8	181.15	-0.41531	202.34	163.13	3.9083	158.44	124.3	54.934	75.328	107.16	61.566	89.169	70.821	35.006
166.81	184.05	22.536	133.93	179.8	1.0885	202.2	161.12	5.833	157.28	122.43	56.139	74.204	105.51	62.298	88.173	69.361	35.712
166.81	184.01	22.528	132.79	178.31	2.4039	201.83	159.05	7.8082	156.02	120.54	57.356	73.021	103.79	63.147	87.043	67.799	36.549
166.96	184.26	23.117	131.65	176.85	3.9737	201.14	157.09	9.8623	154.78	118.93	59.253	71.717	102.03	64.119	85.846	66.187	37.3
166.93	184.27	23.107	130.3	175.33	5.6094	200.26	155.09	11.78	153.27	117.01	60.674	70.273	100.11	65.092	84.549	64.504	38.228
166.92	184.28	23.104	128.93	173.76	7.4622	199.16	153.11	13.736	151.55	114.83	61.541	68.704	98.107	66.071	83.123	62.75	39.058
166.91	184.28	23.099	127.29	172.15	9.1939	197.82	151.19	15.719	149.72	112.85	63.031	66.986	96.065	67.154	81.59	60.935	40.08
166.91	184.28	23.098	125.43	170.42	10.993	196.23	149.36	17.779	147.76	110.89	64.588	65.109	93.957	68.292	79.897	59.054	41.149
166.91	184.28	23.102	123.38	168.66	12.77	194.42	147.54	19.938	145.62	108.9	66.17	63.058	91.777	69.415	78.081	57.091	42.153
166.92	184.26	23.097	121.29	166.92	14.674	192.37	145.77	21.939	143.37	106.9	67.822	60.838	89.51	70.54	76.135	55.054	43.32
166.92	184.25	23.107	118.94	165.07	16.444	190.13	144.04	24.142	140.94	104.84	69.523	58.454	87.23	71.785	74.012	52.993	44.472
166.92	184.25	23.115	116.48	163.16	18.485	187.6	142.29	26.228	138.32	102.76	71.196	55.907	84.87	72.987	71.778	50.88	45.552
166.92	184.26	23.113	113.82	161.25	20.298	184.86	140.58	28.229	135.51	100.61	72.901	53.195	82.441	74.144	69.39	48.697	46.718
166.92	184.27	23.107	110.93	159.26	22.14	181.91	138.86	30.333	132.52	98.449	74.606	50.33	79.981	75.41	66.776	46.504	47.83
166.92	184.26	23.104	107.96	157.27	24.082	178.68	137.04	32.333	129.35	96.29	76.305	47.245	77.444	76.509	63.977	44.236	49.085
166.91	184.25	23.1	104.78	155.22	25.887	175.18	135.29	34.181	126	94.091	78.019	44	74.891	77.741	61.093	41.914	50.142
166.92	184.26	23.099	101.43	153.11	27.644	171.38	133.75	36.167	122.46	91.87	79.652	40.589	72.299	78.836	57.969	39.598	51.364
166.93	184.26	23.095	97.913	150.95	29.37	167.56	132.01	38.019	118.74	89.681	81.277	36.976	69.665	79.928	54.737	37.2	52.405
166.94	184.26	23.111	94.226	148.77	31.03	163.33	130.49	39.839	114.87	87.473	82.895	33.181	67.023	80.953	51.318	34.794	53.413
166.94	184.26	23.103	90.39	146.58	32.552	158.84	128.89	41.334	110.77	85.236	84.317	29.291	64.403	81.958	47.784	32.36	54.393
166.95	184.26	23.103	86.442	144.35	34.114	154.13	127.37	42.902	106.57	83	85.821	25.226	61.736	82.902	44.074	29.863	55.411
166.96	184.26	23.107	82.294	142.11	35.497	149.07	125.98	44.269	102.41	80.896	87.263	21.012	59.074	83.764	40.199	27.385	56.249
166.96	184.26	23.104	78.036	139.88	36.866	143.75	124.57	45.544	97.915	78.626	88.569	16.67	56.382	84.549	36.204	24.886	56.995
166.97	184.26	23.109	73.592	137.58	38.033	138.21	123.18	46.754	93.28	76.381	89.732	12.209	53.667	85.318	32.004	22.39	57.836
166.98	184.25	23.106	68.978	135.28	39.136	132.4	121.75	47.504	88.478	74.126	90.775	7.7562	51.114	86.369	27.768	19.84	58.584
166.99	184.25	23.11	64.206	133	40.157	126.55	120.32	48.591	83.536	71.895	91.78	2.8413	48.144	86.535	23.318	17.301	59.183
166.99	184.25	23.11	59.229	130.7	41.055	120.48	118.76	49.046	78.446	69.687	92.63	-1.8816	45.554	87.506	18.727	14.762	59.813
166.99	184.25	23.108	54.071	128.37	41.791	114.36	117.18	49.535	73.228	67.527	93.377	-7.0737	42.595	87.627	13.987	12.207	60.419
166.99	184.25	23.106	48.9	126.08	42.576	108.11	115.62	49.964	67.852	65.406	93.989	-12.242	39.832	87.997	9.1328	9.5832	60.89
166.99	184.25	23.111	43.574	123.73	43.057	101.52	113.91	49.901	62.415	63.304	94.526	-17.34	37.281	88.772	4.1944	6.9709	61.338
166.99	184.24	23.112	38.078	121.42	43.51	94.863	112.33	50.094	56.891	61.231	94.953	-22.853	34.417	88.669	-0.90124	4.3493	61.721
166.99	184.25	23.106	32.62	119.05	43.856	87.902	110.52	49.641	51.315	59.161	95.301	-28.175	31.893	89.223	-6.067	1.7617	62.035
166.99	184.24	23.113	27.241	116.67	44.174	80.768	108.74	49.236	45.654	57.047	95.509	-33.708	29.264	89.373	-11.354	-0.8504	62.185
166.98	184.24	23.105	21.818	114.27	44.33	73.64	106.91	48.845	39.945	54.891	95.603	-39.483	26.448	88.954	-16.687	-3.4326	62.28
166.98	184.24	23.11	16.454	111.84	44.539	66.527	104.91	48.336	34.234	52.703	95.619	-45.144	23.864	88.881	-22.106	-5.9994	62.298
166.98	184.25	23.113	11.141	109.39	44.506	59.573	102.82	47.992	28.47	50.479	95.528	-50.812	21.285	88.712	-27.598	-8.5226	62.214
166.97	184.23	23.109	5.7558	106.89	44.456	52.587	100.57	47.216	22.691	48.201	95.363	-56.498	18.749	88.445	-33.146	-11.001	61.985
166.96	184.24	23.111	0.47522	104.42	44.237	45.686	98.373	46.42	16.865	45.889	95.05	-62.078	16.434	88.438	-38.733	-13.487	61.687
166.96	184.24	23.107	-4.7473	101.99	43.931	38.835	96.115	45.697	11.005	43.582	94.65	-67.803	13.976	87.99	-44.355	-15.916	61.224
166.96	184.24	23.103	-10.019	99.587	43.445	31.768	93.559	44.377	5.1085	41.264	94.137	-73.746	11.333	86.938	-50.029	-18.331	60.753
166.96	184.24	23.105	-15.381	97.131	42.848	25.235	91.212	43.608	-0.79769	39.003	93.53	-79.54	8.9827	86.277	-55.704	-20.754	60.247
166.96	184.24	23.102	-20.789	94.693	42.022	18.628	88.94	42.495	-6.684	36.824	92.964	-85.123	6.9418	86.051	-61.363	-23.156	59.592
166.97	184.24	23.105	-26.213	92.407	41.097	12.065	86.564	41.332	-12.631	34.696	92.163	-90.93	4.7563	85.291	-67.041	-25.521	59
166.97	184.24	23.104	-31.738	90.029	39.963	5.9178	84.279	40.117	-18.496	32.686	91.375	-96.904	2.3865	84.039	-72.693	-27.903	58.372
166.97	184.24	23.111	-37.092	87.802	38.866	-0.52534	81.753	38.599	-24.332	30.775	90.491	-102.47	0.56811	83.764	-78.277	-30.255	57.748
166.98	184.24	23.107	-42.45	85.521	37.704	-6.5051	79.463	37.138	-30.046	28.954	89.573	-108.2	-1.4398	82.947	-83.871	-32.614	57.085
166.98	184.24	23.109	-47.754	83.224	36.291	-12.358	77.167	35.701	-35.619	27.163	88.637	-113.86	-3.4015	82.161	-89.38	-34.874	56.342
166.98	184.24	23.11	-52.889	80.964	35.031	-18.151	74.876	34.219	-41.037	25.308	87.633	-119.41	-5.3522	81.317	-94.854	-37.162	55.651
166.99	184.23	23.105	-57.924	78.557	33.613	-23.848	72.563	32.501	-46.336	23.387	86.647	-124.86	-7.299	80.424	-100.26	-39.368	54.824
166.99	184.23	23.117	-62.668	76.215	32.334	-29.381	70.235	31.29	-51.538	21.384	85.616	-130.18	-9.2107	79.531	-105.62	-41.52	53.98
166.99	184.23	23.116	-67.186	73.862	31.069	-34.906	67.956	29.661	-56.618	19.321	84.584	-135.38	-11.127	78.608	-110.94	-43.615	53.148
166.99	184.23	23.115	-71.444	71.547	30.002	-40.308	65.71	28.47	-61.54	17.226	83.63	-140.42	-12.998	77.639	-116.14	-45.601	52.165
166.99	184.23	23.107	-75.574	69.164	28.893	-45.541	63.355	27.165	-66.333	15.074	82.614	-145.36	-14.85	76.565	-121.26	-47.539	51.071
167	184.23	23.112	-79.513	66.9	27.804	-50.676	61.111	25.891	-71.018	12.895	81.595	-150.15	-16.606	75.522	-126.31	-49.409	49.977
166.99	184.23	23.109	-83.247	64.626	26.843	-55.779	58.962	24.818	-75.59	10.69	80.573	-155.02	-18.564	73.859	-131.27	-51.205	48.671
166.99	184.22	23.115	-86.749	62.521	26.059	-60.687	56.669	23.566	-80.033	8.515	79.564	-159.38	-19.891	73.214	-136.07	-52.891	47.425
166.99	184.23	23.116	-90.203	60.473	25.13	-65.587	54.541	22.344	-84.409	6.3854	78.402	-163.84	-21.387	72.031	-140.79	-54.515	46.105
166.98	184.23	23.116	-93.533	58.397	24.182	-70.08	52.542	21.228	-88.641	4.3913	77.389	-168.19	-22.762	70.868	-145.38	-56.037	44.798
166.99	184.23	23.114	-96.85	56.362	23.069	-74.528	50.442	19.72	-92.789	2.4841	76.181	-172.46	-24.009	69.681	-149.87	-57.489	43.429
166.97	184.23	23.12	-100.3	54.593	21.886	-78.387	48.481	18.678	-96.843	0.74893	75.066	-176.64	-25.177	68.522	-154.26	-58.829	42.222
166.97	184.23	23.124	-103.78	52.79	20.428	-81.965	46.525	17.242	-100.86	-0.82247	73.894	-180.76	-26.213	67.339	-158.53	-60.109	41.047
166.95	184.22	23.11	-107.06	51.194	19.045	-85.411	44.713	15.916	-104.8	-2.2579	72.767	-184.76	-27.154	66.229	-162.69	-61.286	39.98
166.95	184.23	23.122	-110.39	49.512	17.585	-88.844	42.871	14.538	-108.59	-3.4925	71.625	-188.68	-27.984	65.117	-166.73	-62.397	39.038
166.95	184.23	23.123	-113.63	48.009	16.186	-92.272	41.221	13.311	-112.39	-4.6114	70.574	-192.5	-28.732	64.002	-170.71	-63.41	38.165
166.94	184.22	23.115	-116.73	46.686	14.77	-95.206	39.814	12.139	-115.95	-5.6191	69.544	-196.18	-29.385	62.938	-174.54	-64.382	37.293
166.94	184.22	23.112	-119.88	45.313	13.252	-98.453	38.432	11.116	-119.5	-6.5735	68.645	-199.79	-29.946	61.9	-178.25	-65.23	36.445
166.93	184.22	23.115	-122.7	44.078	12.088	-101.71	37.054	9.7111	-122.91	-7.4767	67.712	-203.2	-30.453	60.929	-181.85	-66.041	35.65
166.93	184.22	23.117	-125.52	42.997	11.26	-104.5	35.836	8.8955	-126.16	-8.3595	66.988	-205.89	-30.899	60.269	-185.32	-66.761	34.852
166.93	184.22	23.112	-128.2	41.984	10.244	-107.25	34.647	7.9693	-129.25	-9.1973	66.269	-208.55	-31.382	59.652	-188.66	-67.437	34.022
166.94	184.21	23.116	-130.57	41.053	9.4234	-109.99	33.531	7.3453	-132.32	-10.072	65.508	-212.61	-31.44	58.014	-191.41	-67.751	33.283
166.93	184.22	23.117	-132.93	40.036	8.6277	-112.28	32.592	6.7969	-135.12	-10.903	64.989	-215.57	-31.807	57.083	-194.44	-68.264	32.468
166.93	184.21	23.122	-135.02	39.353	8.1132	-114.54	31.619	6.2597	-137.89	-11.758	64.383	-218.39	-32.112	56.147	-197.35	-68.711	31.644
166.93	184.21	23.113	-137.06	38.581	7.7152	-116.7	30.775	5.9959	-140.5	-12.579	63.83	-221.05	-32.425	55.266	-200.1	-69.098	30.717
166.94	184.22	23.12	-138.92	37.878	7.1667	-118.65	29.941	5.517	-142.97	-13.32	63.304	-223.53	-32.647	54.398	-202.76	-69.443	29.863
166.94	184.21	23.118	-140.69	37.351	6.8001	-120.6	29.131	5.0543	-145.31	-14.033	62.846	-225.86	-32.865	53.534	-205.22	-69.732	28.946
166.95	184.21	23.131	-142.26	36.902	6.5818	-122.08	28.577	5.1206	-147.57	-14.646	62.339	-228.09	-33.001	52.701	-207.6	-69.976	28.128
166.95	184.21	23.126	-143.76	36.367	6.2316	-123.69	27.99	4.9154	-149.59	-15.175	61.892	-230.17	-33.1	51.881	-209.79	-70.122	27.257
166.95	184.21	23.125	-145.25	35.998	6.0357	-125.42	27.421	4.2462	-151.6	-15.616	61.455	-232.13	-33.131	51.074	-211.84	-70.187	26.454
166.96	184.21	23.118	-146.57	35.662	5.4162	-126.85	27.013	4.0131	-153.41	-15.951	60.984	-233.98	-33.062	50.336	-213.8	-70.183	25.689
166.95	184.21	23.117	-147.74	35.474	5.2854	-128.11	26.685	3.7544	-155.13	-16.239	60.491	-235.7	-32.909	49.568	-215.6	-70.137	24.946
166.97	184.21	23.131	-148.88	35.339	4.7957	-129.39	26.353	3.2353	-156.68	-16.399	60.031	-237.28	-32.722	48.814	-217.29	-70.049	24.158
166.97	184.21	23.129	-149.95	35.121	4.1361	-130.42	26.154	2.9788	-158.18	-16.494	59.522	-238.76	-32.468	48.074	-218.8	-69.893	23.439
166.97	184.21	23.115	-150.91	35.171	3.721	-131.31	26.099	2.6922	-159.5	-16.492	59.011	-240.1	-32.14	47.38	-220.23	-69.67	22.758
166.97	184.22	23.119	-151.78	35.123	3.0977	-132.44	25.928	1.9332	-160.67	-16.412	58.465	-241.34	-31.773	46.657	-221.53	-69.404	22.182
166.97	184.22	23.123	-152.56	35.239	2.705	-133.29	25.937	1.3141	-161.76	-16.279	57.889	-242.43	-31.348	45.896	-222.17	-69.64	22.174
166.96	184.22	23.111	-153.25	35.337	2.1482	-134.05	25.997	0.7269	-162.7	-16.114	57.22	-243.43	-30.918	45.16	-223.45	-69.098	21.186
166.97	184.22	23.118	-153.95	35.525	1.3248	-134.71	26.141	0.18376	-163.52	-15.934	56.589	-244.27	-30.478	44.404	-224.63	-68.358	20.102
166.97	184.22	23.123	-154.46	35.841	0.84861	-135.29	26.367	-0.35423	-164.27	-15.693	55.894	-244.94	-29.99	43.66	-225.42	-67.94	19.277
166.96	184.23	23.114	-154.98	36.051	0.065035	-135.88	26.609	-1.1601	-164.88	-15.402	55.196	-245.59	-29.533	42.873	-226.12	-67.49	18.45
166.96	184.22	23.127	-155.4	36.548	-0.60933	-136.31	26.956	-1.9484	-165.46	-15.13	54.322	-246.06	-29.04	42.115	-226.71	-67.06	17.738
166.97	184.22	23.119	-155.84	36.83	-1.2234	-136.83	27.217	-2.8571	-165.92	-14.786	53.49	-246.47	-28.638	41.297	-227.23	-66.61	16.85
166.96	184.22	23.126	-156.25	37.285	-2.0418	-137.28	27.673	-3.5139	-166.32	-14.439	52.563	-246.82	-28.174	40.482	-227.63	-66.123	15.962
166.95	184.22	23.12	-156.58	37.71	-2.9786	-137.54	28.154	-4.4807	-166.63	-14.023	51.684	-247.12	-27.777	39.623	-228.01	-65.631	15.026
166.95	184.22	23.12	-156.82	38.302	-3.7757	-137.85	28.649	-5.2557	-166.92	-13.589	50.704	-247.3	-27.316	38.775	-228.27	-65.083	14.022
166.94	184.22	23.114	-157.17	38.701	-5.0311	-138.23	28.975	-6.59	-167.13	-13.044	49.738	-247.52	-26.855	37.87	-228.53	-64.568	13.036
166.94	184.22	23.124	-157.45	39.16	-6.2318	-138.48	29.432	-7.7374	-167.39	-12.446	48.719	-247.64	-26.365	36.977	-228.71	-64.04	12.185
166.94	184.22	23.124	-157.66	39.593	-7.2264	-138.6	29.814	-8.6385	-167.6	-11.733	47.787	-247.84	-25.814	36.011	-228.87	-63.519	11.352
166.94	184.21	23.118	-157.91	39.895	-8.7465	-139.05	30.029	-10.268	-167.94	-10.906	46.993	-247.95	-25.239	35.108	-228.97	-62.948	10.589
166.93	184.22	23.117	-158.07	40.208	-9.9232	-139.13	30.378	-11.114	-168.28	-9.9845	46.323	-248.19	-24.574	34.114	-229.08	-62.382	9.9322
166.93	184.22	23.113	-158.19	40.636	-10.83	-139.27	30.772	-11.952	-168.73	-9.0154	45.734	-248.4	-23.885	33.125	-229.21	-61.82	9.3659
166.93	184.21	23.115	-158.31	41.061	-11.634	-139.36	31.158	-12.428	-169.29	-7.9818	45.31	-248.66	-23.089	32.172	-229.34	-61.342	9.0045
166.93	184.21	23.115	-158.28	41.468	-12.328	-139.45	31.528	-12.781	-169.92	-6.9864	45.056	-248.99	-22.274	31.164	-229.45	-60.832	8.5549
166.92	184.22	23.12	-158.32	41.832	-13	-139.46	31.989	-12.979	-170.62	-6.0407	44.849	-249.32	-21.408	30.317	-229.58	-60.37	8.1342
166.93	184.23	23.118	-158.41	42.163	-13.528	-139.39	32.318	-13.052	-171.03	-4.8371	45.331	-249.71	-20.577	29.576	-229.7	-59.972	7.958
166.93	184.21	23.107	-158.42	42.493	-13.816	-139.34	32.76	-13.036	-171.62	-3.8938	45.308	-250.11	-19.775	28.997	-229.81	-59.614	7.9757
166.93	184.22	23.119	-158.51	42.765	-14.378	-139.59	33.122	-13.43	-172.07	-2.9437	45.23	-250.5	-19.127	28.623	-229.93	-59.242	8.0551
166.93	184.23	23.112	-158.66	43.165	-14.637	-139.58	33.644	-13.394	-172.42	-2.0393	45.193	-250.84	-18.558	28.329	-230.01	-58.876	8.3051
166.93	184.23	23.121	-158.87	43.454	-15.051	-139.66	34.099	-13.4	-172.64	-1.2558	45.115	-251.01	-18.151	28.148	-230.11	-58.577	8.5202
166.94	184.23	23.119	-158.85	43.84	-14.976	-139.77	34.539	-13.577	-172.79	-0.67406	45.129	-251.06	-17.937	28.039	-230.15	-58.369	8.6414
166.94	184.24	23.118	-158.97	44.122	-15.115	-139.91	34.843	-13.662	-172.84	-0.3913	45.036	-250.95	-17.912	28.004	-230.17	-58.243	8.7001
166.95	184.24	23.121	-158.98	44.292	-15.011	-139.98	35.023	-13.691	-172.74	-0.26991	44.981	-250.78	-17.974	27.972	-230.13	-58.166	8.6722
166.95	184.24	23.115	-158.95	44.397	-15.291	-139.93	35.172	-13.879	-172.58	-0.25703	44.896	-250.58	-18.089	27.971	-230.03	-58.131	8.5625
166.95	184.25	23.108	-158.78	44.503	-15.278	-139.78	35.229	-13.928	-172.34	-0.3503	44.727	-250.33	-18.223	27.99	-229.91	-58.134	8.4454
166.95	184.25	23.12	-158.66	44.491	-15.258	-139.51	35.166	-14.096	-172.05	-0.53627	44.522	-250.11	-18.338	27.989	-229.78	-58.141	8.2512
166.96	184.25	23.11	-158.54	44.379	-15.267	-139.32	34.916	-14.392	-171.68	-0.71287	44.317	-249.9	-18.444	27.983	-229.61	-58.22	8.0693
166.96	184.26	23.115	-158.34	44.231	-15.344	-139.21	34.688	-14.725	-171.29	-0.93012	44.169	-249.66	-18.605	27.984	-229.46	-58.379	7.9405
166.98	184.26	23.122	-158.03	44.114	-15.24	-138.86	34.335	-15.237	-170.94	-1.2368	43.921	-249.4	-18.799	27.991	-229.32	-58.553	7.7498
166.98	184.26	23.117	-157.83	43.968	-15.229	-138.69	34.03	-15.563	-170.56	-1.4667	43.727	-249.23	-19.013	27.91	-229.19	-58.723	7.6208
166.98	184.26	23.106	-157.46	43.759	-15.211	-138.57	33.587	-16.067	-170.21	-1.6401	43.553	-248.98	-19.256	27.868	-229.06	-58.892	7.5144
166.98	184.26	23.107	-157.26	43.612	-15.208	-138.15	33.282	-16.405	-169.9	-1.7807	43.306	-248.8	-19.433	27.747	-228.93	-59.064	7.3955
166.99	184.25	23.111	-156.96	43.435	-15.182	-138.02	33.005	-16.694	-169.65	-1.8825	43.175	-248.6	-19.573	27.651	-228.84	-59.185	7.2258
166.99	184.25	23.109	-156.76	43.309	-15.214	-137.95	32.694	-17.146	-169.42	-1.9464	42.971	-248.43	-19.686	27.562	-228.74	-59.323	7.1583
167	184.24	23.116	-156.62	43.318	-15.148	-137.88	32.653	-17.194	-169.25	-1.9715	42.885	-248.32	-19.768	27.455	-228.65	-59.456	7.1084
167	184.23	23.11	-156.56	43.291	-15.164	-137.81	32.629	-17.238	-169.17	-1.9603	42.793	-248.21	-19.803	27.364	-228.58	-59.558	7.0535
167.01	184.23	23.115	-156.54	43.277	-15.186	-137.78	32.642	-17.259	-169.13	-1.9433	42.746	-248.14	-19.828	27.306	-228.52	-59.654	7.0088
167.01	184.23	23.112	-156.55	43.281	-15.208	-137.81	32.662	-17.281	-169.11	-1.903	42.739	-248.08	-19.862	27.261	-228.48	-59.699	6.951
167.02	184.22	23.115	-156.58	43.31	-15.234	-137.81	32.754	-17.26	-169.12	-1.8305	42.747	-248.06	-19.902	27.222	-228.47	-59.731	6.9205
167.02	184.23	23.108	-156.56	43.34	-15.244	-137.82	32.84	-17.327	-169.18	-1.6948	42.738	-248.03	-19.937	27.186	-228.48	-59.741	6.8861
